3 25 4
12   10   2  16   4  10  10  16  10  16  16   2  16

  91  104 0.65
  25   77 0.61
 124  169 0.21
 139  179 0.93
 185  214 0.81
  17   21 0.25
 146  196 0.41
  75   78 0.15
  58  111 0.78
  56   70 0.02
  67   83 0.08
  97  151 0.09
 184  184 0.19
  99  140 0.98
 119  130 0.74
 165  169 0.94
  30   42 0.29
  88  141 0.52
 176  190 0.98
  87  113 0.79
 149  211 0.29
 101  122 0.23
  55   78 0.83
 148  198 0.10
  35   97 0.33

 127  133 0.08
  68  131 0.10
  79  140 0.53
 197  238 0.66
 182  229 0.80
 192  225 0.65
  78   85 0.07
 122  122 0.00
  12   60 0.21
 102  110 0.60
 139  170 0.74
  76  141 0.67
 170  212 0.64
  69  129 0.23
  92  120 0.61
   2   65 0.61
 147  194 0.64
  86  140 0.16
 115  136 0.96
  60   72 0.92
 167  172 0.86
 131  172 0.01
 195  198 0.13
   9   53 0.53
  13   45 0.64

 129  179 0.00
  46  107 0.72
 170  189 0.06
 162  200 0.85
 129  186 0.33
  83  145 0.99
 175  232 0.45
  59  114 0.17
  45   54 0.77
 150  201 0.51
 172  172 0.81
  11   73 0.05
 166  229 0.53
  98  103 0.09
 157  184 0.40
  50   54 0.51
 175  225 0.12
   3    9 0.01
  33   74 0.41
 143  188 0.28
  62   83 0.05
 158  196 0.75
 143  168 0.23
 193  227 0.37
  27   36 0.83

 152  169 0.91
  77  128 0.83
 110  164 0.62
 161  185 0.59
  73  122 0.51
 145  210 0.72
 178  240 0.01
 127  142 0.28
   0   39 0.47
  81   83 0.15
  59   93 0.15
   5   57 0.64
  42  102 0.97
  11   73 0.76
 144  147 0.96
  26   67 0.50
 185  213 0.89
 134  189 0.70
 182  243 0.08
  98  136 0.94
 132  160 0.18
  11   32 0.82
  89   93 0.45
  59  121 0.93
 168  208 0.05

  94  133 0.68
  21   25 0.59
 152  176 0.94
  86  138 0.03
 152  158 0.41
 194  251 0.33
 169  178 0.69
 172  175 0.90
  80  103 0.89
 150  191 0.65
  22   58 0.82
  92  137 0.57
 134  179 0.39
 139  152 0.06
 183  184 0.60
   6   68 0.40
  99  130 0.57
  51   93 0.85
 173  198 0.22
  27   77 0.96
  27   63 0.74
 191  221 0.26
  60   71 0.34
 170  201 0.15
 173  235 0.46

 158  179 0.32
 129  168 0.17
 129  180 0.10
 191  249 0.09
  89  121 0.95
 198  239 0.43
  51   83 0.60
 191  237 0.15
 169  193 0.85
  30   75 0.76
   1   33 0.15
 128  185 0.70
  32   61 0.99
 194  216 0.93
 123  156 0.97
  11   74 0.68
  57  122 0.81
 116  123 0.55
  57   58 0.01
 166  230 0.68
  61   79 0.55
 107  114 0.37
  38   71 0.26
  75  129 0.31
  77  120 0.10

 124  138 0.65
  23   38 0.44
   4   21 0.12
 150  169 0.55
  52   90 0.33
  74  101 0.53
  13   21 0.88
  16   16 0.70
 130  141 0.62
  81  100 0.21
  37   97 0.25
  87  127 0.62
 101  120 0.01
  46   91 0.81
 154  196 0.82
 167  202 0.83
 182  234 0.45
   9   24 0.41
   1    9 0.27
  63   92 0.16
 107  162 0.04
  58  110 0.88
 104  114 0.90
 145  189 0.43
 181  234 0.74

 149  181 0.81
 192  243 0.86
  57   70 0.26
 173  175 0.58
 180  216 0.91
 150  169 0.42
 153  196 0.27
  74  121 0.27
 188  234 0.81
 151  208 0.09
 188  236 0.94
 176  191 0.75
 174  215 0.67
 136  142 0.80
 175  183 0.66
 167  212 0.13
 162  219 0.39
 182  210 0.23
 136  185 0.01
  70  104 0.00
 193  255 0.52
 176  212 0.77
 139  153 0.45
  92   93 0.10
  59  106 0.95

 192  192 0.74
 128  139 0.28
 175  226 0.14
 146  148 0.83
 161  185 0.91
 141  157 0.02
  82   98 0.10
  66  103 0.15
 130  178 0.45
  51   52 0.56
  46   74 0.21
  31   89 0.90
 164  164 0.64
  46  105 0.51
 170  179 0.89
  66  112 0.71
 111  137 0.09
  17   53 0.20
 131  135 0.51
 197  255 0.97
 190  194 0.46
   3   43 0.42
 103  164 0.97
  58  123 0.16
  22   34 0.42

 101  114 0.38
 139  140 0.00
 116  148 0.69
 143  183 0.77
  89  110 0.78
 102  105 0.22
  18   38 0.91
 160  185 0.65
   9   63 0.78
 198  227 0.59
 137  147 0.07
  74   77 0.41
  54  118 0.55
  10   33 0.17
 147  166 0.17
  54   65 0.14
  47   70 0.52
 192  223 0.52
  33   71 0.55
 122  126 0.43
  63  126 0.47
  21   24 0.42
  41   67 0.02
 147  181 0.41
 158  192 0.12

  80   89 0.46
 180  204 0.87
 185  197 0.07
  12   21 0.09
 195  228 0.56
  32   50 0.57
 183  222 0.14
 125  145 0.94
   3   68 0.89
  11   69 0.32
 172  194 0.61
  30   66 0.06
  87  143 0.47
 192  255 0.24
 183  234 0.40
 103  149 0.10
 105  112 0.07
 159  194 0.26
 103  106 0.86
  99  128 0.53
  89  148 0.21
  49  106 0.86
  74  115 0.16
  62  109 0.88
 137  201 0.01

   8   20 0.26
 119  119 0.59
 193  234 0.98
  32   54 0.56
  79   85 0.50
  28   71 0.88
  16   42 0.43
  48   52 0.09
 142  150 0.26
  93   96 0.26
  60   71 0.85
  99  119 0.72
  61   61 0.92
 186  207 0.56
  30   56 0.23
  85  136 0.82
  58   65 0.53
 144  163 0.10
  59   82 0.35
 182  196 0.59
   5   60 0.85
  43   72 0.89
 152  157 0.33
 148  195 0.18
  51   80 0.45

