3 30 8
6   16   2  16  10   2  10

  30   66 0.19
  30   54 0.12
   4   52 0.62
  22   43 0.65
  15   30 0.57
  18   59 0.01
   1   40 0.70
  15   53 0.35
  26   42 0.85
  21   45 0.93
  31   66 0.09
   6    6 0.60
  26   36 0.47
  26   29 0.22
  30   55 0.67
   5   20 0.71
  25   72 0.20
  24   42 0.98
  30   78 0.09
   2   35 0.41
  15   60 0.94
  10   58 0.25
   4   42 0.47
  33   83 0.60
  12   31 0.24
  27   58 0.93
  10   58 0.97
  26   69 0.51
  23   30 0.77
  23   46 0.28

   5   21 0.10
   1    1 0.27
  28   65 0.98
  28   31 0.72
   9   40 0.97
  22   49 0.57
   3   51 0.99
  24   52 0.97
  18   38 0.52
   3   36 0.25
  21   48 0.26
  31   67 0.91
  21   25 0.89
  12   60 0.59
  31   66 0.98
  12   41 0.75
  20   70 0.59
  15   58 0.16
  19   67 0.58
  19   49 0.71
  30   42 0.26
   0   44 0.32
   2   35 0.95
  13   35 0.36
  22   33 0.30
  19   63 0.54
  32   40 0.43
   2   35 0.27
  31   79 0.86
   6   25 0.60

   7   49 0.58
  21   48 0.38
  29   69 0.91
   6   52 0.91
  14   65 0.77
   8   27 0.29
   1   23 0.66
   6   47 0.73
  14   55 0.17
  12   23 0.44
  28   50 0.11
  12   21 0.25
  18   52 0.93
   8    8 0.87
  28   53 0.14
   1   35 0.39
  33   76 0.16
   2   27 0.88
   5   11 0.76
   8   49 0.26
  33   39 0.37
   8    8 0.72
  30   49 0.77
  26   46 0.62
  21   31 0.84
  21   54 0.29
  29   50 0.35
  30   64 0.70
  28   70 0.09
  16   42 0.26

   2   47 0.00
   0   30 0.89
  22   50 0.50
  20   70 0.76
  28   60 0.88
  34   56 0.99
  25   40 0.34
  16   48 0.08
  10   46 0.98
  21   70 0.75
   7   58 0.71
  23   66 0.25
   8   51 0.31
  33   49 0.15
   6   30 0.32
  33   54 0.24
  10   45 0.75
  20   52 0.52
  10   39 0.32
  33   82 0.85
  16   31 0.03
   2   27 0.19
  31   69 0.45
  29   73 0.40
   7   45 0.59
   6   40 0.75
  27   27 0.09
  34   35 0.08
  32   66 0.86
   4   41 0.76

  17   32 0.94
   4   55 0.67
  34   37 0.79
  29   37 0.19
  24   64 0.24
  19   47 0.62
  11   43 0.09
   1   30 0.75
  33   50 0.35
  12   16 0.95
  22   58 0.52
  11   41 0.24
  21   47 0.29
  26   67 0.93
  30   35 0.46
  11   39 0.15
  30   79 0.45
   3   11 0.38
  23   37 0.97
   8   41 0.10
  16   41 0.22
  27   38 0.91
   4   16 0.39
   5   29 0.60
  22   41 0.63
  28   37 0.35
   1   28 0.00
  16   25 0.46
   6   48 0.59
   2   15 0.10

   6   50 0.90
  24   60 0.51
  12   35 0.66
  15   23 0.41
   8   57 0.30
  27   77 0.62
  30   61 0.56
  27   51 0.57
  22   73 0.45
  15   45 0.55
  20   36 0.10
  27   77 0.57
  30   62 0.25
  19   35 0.08
  32   69 0.00
   3   41 0.02
   7   29 0.69
  31   36 0.60
  12   23 0.62
  10   54 0.50
  10   25 0.67
  34   72 0.88
   8   53 0.34
  17   21 0.65
  12   61 0.65
  30   71 0.88
  28   58 0.61
  18   31 0.02
   6   17 0.27
  12   61 0.45

