5 60 4
3   10   2  16

   7   12 0.11
  19   25 0.97
   0    5 0.42
   0   12 0.79
   6   14 0.81
  11   19 0.91
  11   31 0.60
  17   33 0.53
  18   27 0.84
  20   23 0.49
   8   26 0.61
   9    9 0.13
   1   11 0.07
   9   27 0.61
   2   21 0.47
   1   19 0.67
  10   27 0.29
  16   16 0.01
   3   19 0.00
  20   28 0.57
   0   19 0.97
  14   31 0.27
   6   26 0.46
   9   29 0.70
   5   23 0.49
  17   22 0.55
  10   29 0.84
  12   17 0.05
   8   11 0.20
   1    8 0.57
   0   15 0.76
   1   11 0.27
   9   19 0.81
  16   19 0.59
   6   26 0.23
  11   18 0.77
   0    2 0.90
  13   21 0.11
   8   27 0.88
   2    2 0.66
   3   15 0.29
   5   23 0.42
  20   38 0.17
   5   14 0.96
  14   14 0.75
  17   25 0.13
   2    6 0.74
  15   34 0.44
   1    5 0.99
  16   26 0.03
  12   32 0.99
  11   26 0.47
   1   14 0.72
  17   21 0.06
  17   34 0.53
  20   28 0.51
  15   17 0.89
   8    9 0.50
   4    5 0.73
  16   17 0.87

   5    5 0.95
  12   27 0.19
   5   10 0.69
   9   15 0.91
  20   36 0.49
  15   20 0.43
  17   22 0.70
  14   32 0.18
  16   29 0.92
   4   22 0.08
   8   24 0.72
   9   16 0.57
  13   14 0.71
   5   14 0.22
   7   13 0.44
  10   29 0.59
   1    6 0.81
   4   18 0.52
   6   14 0.79
   3   14 0.94
  16   16 0.27
  11   18 0.11
  17   29 0.36
  16   36 0.17
  12   17 0.24
  18   29 0.51
  17   26 0.69
  17   29 0.38
  11   30 0.89
   7   25 0.69
  10   11 0.49
  20   32 0.42
  19   30 0.62
   9   14 0.45
  19   26 0.76
   0    7 0.71
   2    4 0.35
   3    9 0.93
  13   32 0.30
  11   16 0.26
   6   19 0.12
  20   21 0.73
  14   20 0.77
  12   22 0.78
   0    6 0.48
   9   13 0.81
  19   33 0.87
   0    0 0.20
   5   20 0.91
   4   15 0.89
   6   24 0.03
  10   25 0.03
   8    8 0.49
  13   18 0.04
   7   26 0.19
  20   30 0.18
  14   18 0.69
   4   11 0.99
  12   19 0.25
  20   29 0.91

  10   28 0.94
   2   14 0.27
   5   19 0.93
   5    9 0.35
   4   20 0.93
   1    6 0.76
   5   16 0.91
   1    1 0.03
  14   17 0.27
  17   27 0.96
   8   25 0.69
  15   27 0.86
  15   29 0.25
  10   10 0.64
  19   31 0.63
   8   11 0.25
  14   31 0.38
   0   12 0.60
   4    8 0.61
  15   28 0.21
  10   30 0.24
  12   12 0.01
   3    9 0.86
  19   29 0.28
  18   19 0.06
   7    8 0.51
   2    8 0.63
  18   22 0.93
  20   32 0.79
   1    4 0.25
   3   12 0.47
  20   25 0.06
  20   39 0.79
  19   19 0.89
   4   19 0.96
   9   18 0.84
  15   22 0.19
  16   25 0.27
  19   30 0.32
  19   20 0.36
  19   32 0.82
   1   20 0.28
  15   25 0.25
   2   22 0.68
  20   24 0.27
  15   19 0.34
   6   13 0.54
  16   20 0.66
   6   15 0.20
  19   23 0.83
  15   32 0.00
  20   35 0.28
  13   13 0.52
   3   23 0.64
  10   23 0.60
   1   21 0.69
  10   26 0.05
  12   29 0.31
  14   29 0.34
  11   15 0.12

