3 25 4
12    2   4  16  10  16  10  20   2  10  10  20  20

  72  100 0.29
  63   79 0.17
 188  327 0.43
 196  308 0.73
 201  212 0.18
 142  218 0.28
   4  164 0.38
 175  349 0.16
  74  111 0.74
  87  293 0.89
   5   89 0.10
 128  151 0.86
  58  110 0.69
  10   10 0.84
 172  386 0.58
  29  193 0.51
 205  218 0.05
 189  236 0.67
 178  212 0.36
   8  194 0.15
  81  260 0.48
 161  172 0.47
  85  276 0.80
 125  297 0.06
 150  309 0.66

 147  147 0.99
 127  183 0.94
 199  230 0.33
 191  384 0.12
 168  227 0.63
  32   38 0.32
 128  317 0.20
  12  141 0.15
   9  120 0.31
 112  201 0.26
 164  251 0.04
 171  256 0.96
  49  139 0.57
  16   63 0.25
 214  337 0.51
  41  236 0.70
 179  365 0.77
  99  242 0.45
 112  302 0.06
  55  152 0.81
  26  218 0.12
 104  251 0.18
 167  381 0.95
  15   69 0.98
  65  263 0.63

  64  261 0.76
 154  157 0.60
 140  317 0.99
 149  209 0.37
   4  128 0.79
 195  332 0.15
  19   56 0.81
 109  157 0.82
   7  143 0.86
  98  167 0.42
  48  218 0.99
  25   32 0.22
  48  120 0.06
 145  147 0.45
 214  321 0.93
  58  208 0.34
  80  180 0.14
  23  214 0.01
 185  242 0.74
 110  280 0.14
  20  230 0.48
 209  425 0.84
  15  220 0.34
 156  298 0.39
  26  118 0.31

 148  241 0.07
  55  111 0.47
  98  166 0.17
 144  244 0.51
  74  202 0.59
  90  171 0.56
  72  142 0.00
 146  307 0.53
 138  343 0.15
 172  352 0.98
 194  240 0.98
 213  230 0.01
 183  200 0.05
 197  330 0.59
 156  301 0.73
 199  265 0.72
 207  392 0.76
  51  229 0.41
  15   86 0.87
  94   96 0.61
  62  200 0.61
  20  155 0.13
  98  269 0.98
  26   53 0.46
 103  303 0.61

   4   30 0.72
 196  347 0.26
 139  188 0.79
  12   54 0.29
 114  307 0.05
  42   48 0.83
  47   68 0.00
  58  185 0.95
 108  250 0.35
  19  207 0.68
 190  280 0.79
  50  113 0.41
  89  287 0.88
 100  247 0.28
  19  213 0.71
 103  173 0.45
 199  290 0.02
 109  296 0.87
 139  148 0.91
  68  155 0.40
  64   98 0.53
 195  322 0.09
 108  126 0.61
  62  154 0.29
  42  245 0.94

 129  284 0.02
 157  292 0.07
  83  249 0.32
  62   78 0.10
  25  121 0.54
  11  126 0.20
 159  209 0.50
 182  184 0.87
  60  261 0.38
 206  265 0.66
  44   72 0.64
 121  337 0.11
  12   34 0.78
 203  395 0.11
 128  185 0.88
  63  175 0.21
 126  198 0.16
 100  222 0.96
  35  219 0.03
  76   81 0.20
  33  241 0.34
  76  175 0.22
   5  214 0.52
  14  191 0.05
  29  197 0.36

 106  115 0.36
 123  204 0.04
 191  407 0.66
   3  121 0.97
 188  252 0.97
  31  213 0.39
  12  223 0.48
  26  225 0.90
  31   39 0.62
   6   34 0.78
  54  156 0.73
   8  222 0.03
 104  112 0.62
 110  118 0.09
 199  242 0.77
   2   39 0.09
  14   15 0.00
 118  151 0.83
 169  380 0.68
  83  141 0.64
 153  340 0.85
 139  305 0.41
 204  345 0.82
 206  218 0.62
 121  327 0.80

 153  350 0.59
  83  152 0.71
 125  224 0.32
 115  252 0.66
  96  117 0.49
  77   80 0.41
  47  124 0.96
 177  394 0.70
  71  177 0.41
 178  389 0.90
 216  257 0.39
  30   42 0.79
  45  113 0.81
 105  253 0.97
  59  170 0.96
 121  225 0.28
 212  359 0.11
 128  283 0.77
 154  235 0.76
 118  133 0.93
 109  253 0.91
 191  241 0.81
  57  259 0.80
 184  343 0.91
  98  280 0.44

 130  259 0.09
 138  147 0.76
 140  336 0.06
  38  241 0.49
  31  196 0.93
 153  271 0.22
 164  303 0.17
  71   88 0.19
 124  144 0.06
 115  236 0.71
  61  166 0.86
  59  229 0.57
  64   75 0.10
 155  358 0.31
  75  258 0.35
 132  298 0.19
 178  196 0.01
  88  124 0.35
   5  153 0.05
 148  193 0.06
 113  202 0.40
  99  166 0.75
  55  158 0.42
  25  175 0.35
  30  217 0.82

 204  276 0.74
  92  219 0.97
  36  143 0.46
 160  203 0.96
  13  209 0.42
 193  400 0.85
 124  278 0.26
  73  222 0.89
 187  232 0.15
  80   89 0.50
  86  153 0.18
 200  300 0.74
 117  163 0.95
  78  287 0.72
 175  381 0.78
 167  265 0.83
 169  378 0.98
  50  239 0.32
  40  145 0.35
  85  178 0.46
  73  205 0.95
 201  221 0.88
   2   56 0.94
  29  182 0.32
 115  296 0.22

 110  317 0.33
  80  294 0.04
 116  125 0.78
 138  349 0.68
 210  258 0.63
   3   79 0.74
 182  184 0.36
  26  157 0.56
 123  279 0.50
  71  241 0.44
 178  196 0.96
  51  128 0.68
  61  267 0.11
  19   77 0.96
  36  220 0.81
 177  393 0.48
  47  227 0.89
 187  251 0.27
  79  289 0.42
 205  265 0.61
 194  403 0.56
   9  224 0.92
  95  205 0.73
  21  114 0.93
 212  243 0.10

  48  222 0.50
 106  311 0.27
   7   29 0.45
  30  105 0.29
 146  190 0.83
 188  325 0.99
 195  311 0.68
 114  146 0.48
 197  397 0.74
 142  155 0.13
 110  180 0.62
 198  314 0.22
  15  191 0.81
 130  136 0.76
  92  293 0.55
 152  241 0.59
 203  237 0.52
 197  301 0.92
 170  255 0.46
  37  161 0.09
 103  301 0.84
  93  182 0.12
 192  330 0.44
  94  220 0.90
 193  336 0.92

