3 20 8
12   16  20  10   2  10  20  10  20  16  16  16   2

  36   42 0.65
  48   82 0.74
  18   18 0.26
  27   44 0.06
  56   67 0.28
   9   70 0.43
  39   90 0.25
  53   66 0.84
  56   89 0.92
  30   77 0.15
   0   57 0.57
  26   40 0.81
  56  113 0.41
  16   27 0.30
  22   86 0.12
  53   90 0.77
  46   68 0.20
  16   71 0.78
  15   23 0.75
  43   67 0.99

  12   47 0.54
   2    5 0.78
   3   13 0.68
   0   24 0.63
  46   81 0.71
  28   41 0.26
  62  109 0.11
  18   26 0.85
  44   97 0.11
   2   16 0.37
  22   34 0.12
   2   48 0.38
  33   82 0.43
  61  116 0.35
  31   57 0.41
  38   99 0.92
  26   35 0.00
  28   55 0.69
  34   89 0.24
   3   61 0.90

  39  101 0.40
   2   24 0.94
  55   99 0.87
  19   68 0.33
  34   39 0.45
  46   82 0.88
  11   36 0.66
  13   73 0.29
  43   58 0.75
  62  111 0.54
   1   13 0.73
  34   74 0.72
  49   70 0.68
  54  105 0.34
   4   54 0.27
  36   93 0.40
  44   57 0.98
   9   39 0.86
  48  109 0.50
  62   64 0.23

   5   28 0.28
  29   86 0.48
   0   33 0.01
   1   48 0.11
  13   75 0.01
  62  100 0.32
  14   56 0.67
  28   79 0.22
  15   41 0.58
  43   54 0.89
  61   90 0.56
   4   41 0.12
  61   96 0.81
  38   97 0.46
  63   93 0.65
   8   68 0.23
  26   41 0.54
  10   55 0.37
  15   72 0.44
  31   32 0.06

  26   65 0.53
  19   56 0.68
  61   63 0.05
  64   69 0.61
  49  106 0.28
   5   15 0.12
  24   35 0.87
  39   77 0.28
   2   10 0.39
  41   95 0.99
  18   27 0.82
  50   68 0.03
  13   60 0.78
  38   72 0.57
  21   84 0.13
  33   95 0.57
  46   47 0.58
  61  120 0.62
  57   57 0.15
  59   61 0.76

   6   14 0.78
  28   34 0.55
  64  124 0.11
   0   53 0.12
  42   90 0.59
  14   62 0.30
  53  115 0.88
  13   40 0.38
  19   61 0.47
  62   69 0.33
   3   33 0.41
  61   74 0.16
  59   73 0.90
  50   90 0.85
  63   65 0.60
  37   90 0.66
  34   74 0.67
  55  109 0.07
  16   28 0.25
  60  121 0.55

  52   56 0.25
  60   91 0.08
   9   48 0.67
  19   54 0.49
  34   85 0.76
  35   72 0.47
   5   18 0.86
  58  102 0.65
  52   92 0.94
  58  119 0.56
  35   75 0.55
   5   69 0.06
  28   82 0.41
  24   47 0.38
  56   78 0.87
  21   54 0.16
  23   57 0.31
  31   73 0.06
   9   59 0.12
  48  108 0.04

  34   41 0.76
  21   22 0.77
   9   13 0.98
  39   77 0.27
  49   58 0.03
  40   95 0.69
   1   51 0.90
  39   40 0.27
  19   48 0.48
   5   63 0.28
  39   54 0.65
  20   70 0.37
  11   36 0.76
  24   45 0.22
  54   71 0.24
   1   10 0.24
  11   53 0.74
  46   51 0.72
  18   30 0.98
  53  102 0.09

  61   99 0.69
  40   76 0.75
  52  113 0.85
  47   90 0.08
  32   36 0.62
  58   58 0.86
  10   41 0.97
  57  120 0.34
  41   87 0.80
  50   96 0.32
  54   90 0.89
  41   90 0.20
   8   36 0.97
  29   61 0.85
  47   53 0.67
   0   63 0.95
  10   33 0.67
   7   13 0.15
  57   74 0.43
  10   38 0.93

  19   44 0.71
  32   51 0.03
  51   88 0.07
  60   64 0.82
  45   66 0.69
  41  104 0.49
  11   25 0.38
  31   61 0.98
   9   35 0.96
  39   51 0.12
  17   17 0.06
  13   62 0.59
  10   22 0.00
  25   61 0.18
  18   68 0.66
  19   49 0.83
  10   73 0.93
  59  113 0.00
  26   37 0.96
  43   58 0.72

  21   79 0.70
  11   33 0.33
  63   93 0.99
  29   32 0.62
  61  117 0.67
  53   70 0.93
  26   76 0.12
  58  109 0.32
  12   62 0.75
   9   63 0.16
  48   72 0.22
  10   47 0.50
   9   69 0.40
  39   88 0.03
  18   19 0.63
  19   25 0.22
  12   65 0.95
   6   69 0.28
   7   58 0.85
  18   45 0.50

  12   68 0.67
   9   24 0.89
  38   48 0.45
   2   18 0.74
  36   74 0.58
  36   98 0.75
   2   16 0.86
  51  114 0.37
   0   49 0.27
  15   49 0.32
  47   78 0.54
   6   19 0.21
  42   65 0.90
  47  104 0.64
  17   34 0.49
  43   85 0.10
  41   85 0.13
   9   66 0.47
  14   24 0.41
  10   44 0.42

