4 100 8
3    2  16   4

  38   52 0.62
  21   32 0.70
  44   48 0.25
  38   53 0.85
  16   20 0.83
  17   24 0.97
  19   32 0.07
  25   33 0.80
  45   47 0.01
  48   58 0.67
  49   63 0.85
  40   42 0.92
  34   42 0.12
  34   47 0.07
  18   31 0.02
  40   55 0.01
  11   15 0.92
  48   53 0.47
  25   34 0.86
  14   28 0.24
  39   42 0.96
  10   25 0.32
  20   21 0.66
  27   43 0.56
  31   47 0.37
  12   15 0.60
  49   50 0.62
  11   21 0.20
  10   14 0.40
  23   27 0.29
  18   33 0.03
  44   57 0.50
  38   43 0.56
  46   62 0.43
   9   15 0.51
  36   49 0.40
  22   31 0.96
  45   46 0.53
  32   39 0.73
   6   19 0.85
  18   18 0.24
  46   57 0.36
   9   24 0.72
  24   39 0.18
  38   41 0.78
  40   56 0.61
  26   29 0.70
   7    8 0.94
  32   35 0.52
  42   54 0.97
  21   27 0.57
  12   21 0.64
  25   37 0.95
   3   12 0.86
  23   23 0.89
  37   41 0.31
   7   10 0.18
  10   13 0.04
  11   18 0.25
  19   22 0.55
  36   52 0.27
  16   19 0.59
  31   31 0.87
   2    3 0.25
  39   49 0.45
  15   26 0.99
   8   19 0.69
  48   49 0.43
  24   24 0.48
  33   38 0.18
  29   40 0.42
  33   35 0.74
  42   42 0.17
   2   15 0.21
  31   34 0.85
  26   32 0.04
  32   37 0.01
  23   38 0.14
  10   24 0.17
  30   39 0.14
   5   10 0.48
  29   29 0.04
  38   38 0.20
   9   14 0.60
  10   22 0.33
  19   24 0.15
  20   29 0.28
  29   38 0.39
  28   28 0.28
  32   45 0.30
  38   46 0.30
  27   37 0.69
  22   28 0.71
   5   13 0.76
  27   29 0.41
  29   45 0.31
  29   41 0.50
  17   30 0.91
  43   54 0.12
  49   57 0.87

  35   45 0.81
   4    5 0.18
  25   28 0.76
  15   21 0.74
  10   17 0.43
   8   19 0.36
  39   39 0.97
  33   33 0.68
   5    9 0.68
  43   57 0.40
  29   31 0.73
  39   53 0.03
  28   35 0.94
  42   56 0.16
  43   44 0.92
  48   49 0.06
  33   33 0.88
  44   47 0.86
  32   41 0.98
  49   61 0.79
  10   14 0.07
  24   36 0.97
   4   10 0.46
   2   10 0.93
  47   61 0.83
   3    3 0.39
  40   44 0.09
  29   41 0.98
  37   49 0.81
  30   41 0.97
  19   27 0.15
  47   61 0.96
  44   52 0.44
  12   17 0.56
  28   39 0.81
   9   14 0.23
   8   20 0.57
  42   44 0.15
  39   50 0.07
  42   42 0.27
  27   38 0.42
  11   12 0.53
  11   20 0.54
  12   21 0.14
  33   48 0.00
  30   39 0.69
  10   24 0.89
  31   39 0.21
   6   10 0.13
  45   59 0.64
   3   19 0.31
  15   25 0.62
   7   15 0.91
  50   65 0.82
  49   52 0.09
  47   57 0.29
  41   55 0.78
  23   36 0.12
  43   55 0.46
  29   38 0.03
  29   35 0.07
  24   32 0.76
   5   13 0.39
  13   24 0.50
  37   42 0.62
  11   19 0.65
  41   43 0.45
  22   34 0.03
  35   43 0.73
  24   25 0.45
  20   33 0.88
  33   46 0.25
  39   39 0.29
  44   59 0.69
  30   31 0.61
   2   18 0.15
  45   57 0.61
  34   41 0.84
  47   50 0.22
  21   37 0.16
  20   20 0.69
  15   28 0.54
  21   21 0.44
  19   33 0.45
  10   22 0.05
  12   23 0.83
  37   37 0.22
  22   37 0.63
  32   48 0.82
  33   37 0.31
   9    9 0.25
  29   37 0.98
  34   50 0.56
  10   13 0.77
  48   61 0.52
   3   13 0.61
   6    8 0.30
  38   48 0.87
  36   49 0.45
  30   34 0.43

  49   54 0.94
  43   57 0.67
  29   42 0.71
  50   64 0.66
   7   18 0.40
  37   53 0.06
   4   12 0.42
  33   40 0.46
  50   52 0.32
  37   49 0.68
  15   22 0.08
  16   32 0.00
  39   52 0.23
   6   11 0.97
  17   20 0.33
   0    8 0.92
  25   38 0.95
  33   48 0.15
  44   46 0.49
  26   42 0.84
   1    7 0.94
  29   38 0.65
  27   35 0.02
   2    4 0.18
  19   26 0.76
  42   56 0.66
  49   53 0.45
   7   16 0.68
  17   28 0.51
   2   15 0.61
  30   31 0.00
  33   40 0.83
  25   41 0.12
  26   31 0.76
  42   45 0.57
  19   26 0.85
   1    8 0.27
  38   46 0.86
  46   50 0.56
  50   62 0.62
  19   24 0.27
  10   24 0.50
  10   20 0.22
  50   61 0.45
   2    5 0.14
  19   27 0.37
  45   56 0.45
  45   56 0.19
  18   25 0.02
  23   23 0.83
  50   65 0.92
  16   27 0.40
   8   15 0.86
  37   48 0.21
   7    9 0.47
  18   26 0.05
  43   58 0.12
  38   51 0.65
  47   63 0.14
  25   25 0.05
  35   39 0.07
  24   24 0.99
  34   46 0.15
   4    9 0.06
   0    7 0.46
  45   46 0.16
  21   27 0.45
   4   18 0.11
  17   24 0.50
  24   25 0.36
  10   23 0.19
  21   21 0.33
  45   55 0.49
  46   59 0.76
  10   16 0.77
  38   38 0.79
  30   37 0.28
  38   50 0.20
  49   64 0.41
  37   42 0.45
  48   59 0.55
  37   47 0.10
  44   46 0.12
  35   42 0.38
  34   41 0.70
  37   42 0.43
  29   32 0.83
  21   35 0.49
  47   62 0.90
  35   45 0.50
   9   13 0.88
  18   29 0.34
   1   15 0.81
  24   35 0.86
  30   41 0.42
  40   45 0.10
  28   39 0.38
  35   46 0.87
   6   13 0.64
   2   14 0.32

