3 20 8
12   10  16   4   4   4  20   4  20  10   4   4   4

  17   20 0.69
   2   52 0.88
  14   59 0.25
  10   39 0.96
   4   17 0.91
   5    6 0.46
  10   40 0.84
   8   45 0.71
  18   46 0.15
  10   63 0.45
  20   67 0.19
   6   26 0.26
  12   50 0.05
   7   70 0.79
   2    8 0.86
   6   14 0.51
  13   40 0.61
  12   29 0.36
   1    3 0.67
   3   23 0.31

  15   65 0.50
  10   33 0.18
   5   44 0.83
  12   42 0.55
  16   71 0.21
  16   72 0.20
   6   15 0.56
   2   61 0.49
  13   33 0.00
  17   30 0.94
  14   73 0.53
   7   17 0.33
   0   31 0.40
  20   54 0.73
   1   59 0.18
  15   29 0.62
  10   47 0.18
  17   60 0.05
  19   40 0.09
  12   28 0.33

  20   72 0.14
  11   20 0.19
  16   47 0.12
  16   69 0.80
   3   49 0.34
   7   68 0.52
  19   42 0.60
  14   42 0.93
  20   32 0.60
  12   56 0.50
   8   31 0.54
   8   67 0.38
  15   63 0.11
  12   32 0.50
   6   65 0.11
   5   64 0.97
   3   50 0.02
   1   15 0.34
  18   38 0.22
   7   24 0.81

  15   45 0.10
   0    5 0.08
  13   26 0.45
  19   50 0.60
   0   27 0.05
   7   61 0.34
  17   46 0.48
  14   24 0.73
  20   51 0.22
  14   55 0.08
   8   54 0.46
   0   29 0.31
  10   12 0.35
   7   54 0.15
  14   26 0.12
   3   33 0.83
  18   33 0.86
  11   40 0.80
  10   27 0.76
  12   60 0.19

  16   25 0.40
   4   12 0.08
  17   32 0.25
   0   42 0.16
   7   68 0.80
   3    4 0.21
  20   83 0.23
  12   65 0.45
   0    9 0.22
   4   23 0.18
   5   46 0.86
  12   56 0.88
  14   58 0.29
  20   79 0.87
  16   36 0.71
  20   67 0.58
   2   17 0.75
   9   49 0.76
  15   63 0.51
   8   17 0.90

  15   35 0.27
   0   51 0.18
  15   16 0.99
   8   11 0.51
   7   37 0.56
  16   49 0.37
   8   22 0.83
  18   26 0.09
   9   41 0.00
  18   41 0.92
  20   30 0.85
   7   66 0.95
   1   43 0.42
   0   29 0.31
   1    3 0.49
  16   38 0.95
   6   54 0.49
  14   37 0.20
  19   27 0.95
   9   14 0.26

  18   46 0.66
  11   74 0.77
  16   47 0.93
  12   15 0.36
  19   42 0.12
   1   40 0.39
  16   55 0.70
   1   52 0.59
  11   30 0.22
  13   59 0.98
   4   14 0.26
   7    9 0.13
   9   37 0.91
  18   20 0.11
   3   42 0.52
   2   61 0.63
  15   46 0.37
  20   41 0.90
   9   71 0.52
  13   56 0.76

   4   63 0.80
  17   52 0.47
   6   34 0.21
   5   59 0.83
  18   25 0.29
   1   36 0.35
  14   23 0.22
  12   70 0.12
  10   45 0.47
   2   14 0.79
  15   63 0.83
   3   38 0.60
  13   15 0.69
   8   18 0.50
  12   26 0.19
  10   24 0.24
   5   60 0.48
  16   17 0.57
  11   41 0.00
  15   50 0.83

   7   70 0.34
  12   14 0.00
   7   10 0.99
  12   57 0.51
   8   23 0.12
   6   18 0.81
  17   72 0.96
   5   65 0.69
  10   41 0.92
  15   20 0.14
   6   57 0.72
  12   73 0.70
  14   68 0.71
   4   61 0.07
   1   32 0.90
   9   34 0.29
  12   67 0.49
  10   28 0.35
  15   74 0.00
  12   23 0.48

  14   58 0.05
  12   37 0.17
   2   16 0.50
  17   23 0.91
   0   17 0.23
   0   45 0.06
   8   23 0.63
   4   11 0.63
  18   53 0.35
   2    3 0.85
  20   37 0.87
   5   59 0.78
   4   46 0.52
   7   34 0.84
   4   56 0.60
  12   15 0.54
  16   20 0.89
   6   16 0.34
   9   18 0.73
   5   68 0.55

   4   56 0.55
   3   43 0.76
  18   23 0.95
  20   77 0.57
  10   52 0.84
   1   18 0.88
  14   55 0.81
  12   39 0.11
  11   30 0.70
  11   46 0.47
  18   66 0.02
   1    5 0.21
  15   51 0.91
  10   65 0.98
   1   60 0.78
  19   58 0.52
   7   41 0.40
  14   44 0.80
  14   71 0.23
   2   37 0.71

  10   63 0.36
   3   34 0.78
  14   39 0.12
  11   48 0.76
  15   60 0.39
  11   60 0.44
  13   65 0.22
   6   66 0.44
   8   29 0.91
   0   53 0.62
  16   70 0.61
  20   80 0.35
   0   55 0.81
  13   67 0.45
   5   18 0.97
  19   40 0.40
  14   61 0.03
  13   48 0.59
   4   24 0.58
   7   59 0.56

