4 25 4
12    4  10  10  10  16  10   2  10   4  16   2   4

  15   31 0.96
   9   40 0.58
  26   39 0.99
  20   89 0.42
  22   63 0.69
  34   43 0.12
   3   33 0.51
  20   22 0.81
   9   55 0.24
  18   54 0.73
  18   63 0.06
   5   34 0.13
  28   82 0.76
  31   40 0.51
  20   93 0.40
  30   36 0.75
   4   23 0.31
  34   81 0.69
  17   71 0.13
  23   91 0.84
  33   74 0.84
   4   20 0.56
  25   61 0.22
  34   54 0.02
  12   35 0.74

  23   93 0.21
   7   21 0.63
  28   90 0.85
  12   79 0.47
  26   59 0.29
   9   28 0.19
   7   53 0.36
  28   89 0.62
   1   57 0.17
  15   19 0.03
   8   18 0.37
  16   57 0.66
   6   53 0.67
   7   30 0.47
  37  107 0.22
  20   34 0.24
   3   23 0.64
  17   52 0.29
  34   82 0.36
  15   52 0.11
   3   48 0.00
  33   41 0.60
  34   80 0.08
   2   29 0.54
  11   17 0.43

   8   36 0.61
   8   57 0.68
  31   31 0.80
  22   56 0.46
   4   26 0.15
  30   42 0.10
   7   32 0.75
  15   62 0.06
   2   48 0.89
  14   66 0.88
   0    5 0.67
  27   56 0.03
  28   65 0.42
  10   67 0.08
  27   49 0.05
  25   67 0.20
  30   97 0.08
  17   38 0.26
  26   37 0.36
  11   19 0.29
  15   58 0.26
  34  102 0.88
   2   53 0.11
  32   56 0.66
   9   67 0.19

  28   76 0.56
  15   40 0.75
  16   79 0.30
  28  103 0.77
  14   64 0.04
  16   90 0.34
  30   35 0.94
   7   44 0.93
  14   83 0.89
   2   37 0.77
   2   22 0.91
  34   76 0.36
  32   65 0.84
  26   66 0.42
   4   14 0.90
   3   46 0.85
   3   50 0.43
  34   74 0.06
  11   42 0.63
  18   38 0.99
   5   24 0.79
  34   88 0.73
  34   96 0.84
   3   32 0.70
  15   22 0.90

  11   43 0.06
  32   57 0.83
  10   55 0.54
   8   39 0.55
  13   19 0.41
  22   72 0.14
   6   65 0.48
  25   49 0.16
  28   78 0.98
  19   90 0.82
  14   20 0.20
  14   39 0.07
  24   62 0.48
  20   30 0.89
  17   87 0.94
  37   88 0.96
  28   29 0.38
   7   10 0.68
  35   35 0.88
  36   64 0.11
  37   86 0.45
  10   63 0.08
  25   90 0.00
   9   40 0.09
   2   10 0.43

  34   73 0.61
  16   58 0.47
  16   89 0.88
  35   82 0.02
  32  102 0.25
  25   87 0.40
   2   65 0.11
  28   80 0.48
   9   20 0.61
  14   83 0.73
  15   82 0.91
  36  107 0.26
  24   47 0.44
   1   74 0.75
   9   70 0.31
  26   45 0.43
  22   32 0.79
  35   57 0.01
  35   99 0.53
  22   43 0.55
  32   76 0.25
  27   29 0.84
  36   96 0.46
  13   50 0.00
  15   28 0.33

   2   51 0.88
   2    2 0.34
   2   50 0.03
   2   25 0.65
  15   87 0.78
   2   77 0.96
  24   29 0.62
  28   98 0.92
  25   54 0.47
  31   54 0.01
  36   63 0.81
  32  103 0.54
   4   31 0.32
  32   78 0.19
   4   79 0.63
  21   25 0.78
  10   62 0.08
  37   62 0.52
   9   39 0.31
   8   16 0.25
   8   32 0.62
   3   57 0.63
  17   18 0.47
  32   54 0.30
  10   60 0.72

  18   68 0.03
  24   24 0.72
  14   81 0.66
  30   47 0.71
   7   54 0.01
  23   35 0.01
   7   70 0.25
  35   42 0.64
  13   63 0.27
  36   41 0.57
  31   51 0.92
   3   20 0.58
  31   82 0.11
  10   41 0.48
  18   72 0.72
  23   47 0.78
  23   95 0.73
  33   92 0.49
  28   34 0.52
  36  111 0.56
   7   23 0.81
   4   12 0.94
  12   14 0.99
  23   36 0.59
  13   66 0.22

  12   23 0.71
  33  108 0.89
  10   26 0.59
   5   21 0.07
   7   63 0.76
   2   58 0.54
  14   53 0.01
  15   55 0.39
  34   49 0.29
  11   34 0.07
  31   79 0.62
  33   62 0.67
  22   88 0.20
  28   34 0.32
  19   80 0.24
  17   35 0.49
   9   48 0.66
   7   47 0.58
  26   70 0.74
  30   79 0.42
  24   53 0.56
  17   21 0.98
  25   45 0.63
   6   71 0.48
  27   70 0.03

  15   40 0.98
  16   62 0.13
  30   38 0.36
  16   25 0.49
  31   70 0.67
   0    9 0.70
  17   44 0.74
   5   54 0.51
  12   58 0.03
  10   80 0.15
  24   59 0.03
  26   86 0.09
  30   55 0.24
  18   89 0.63
   4   37 0.02
  36  101 0.52
  37   69 0.08
   0   30 0.91
   9   58 0.23
   8   35 0.30
  14   27 0.59
   6   38 0.16
  32   63 0.52
  34   90 0.10
  25   40 0.58

  15   46 0.20
  20   22 0.45
  11   24 0.78
  29   94 0.82
  11   39 0.65
  26   83 0.30
  34   52 0.53
  18   84 0.69
  31  104 0.34
  12   59 0.34
  13   85 0.09
  25   58 0.47
  20   46 0.64
  11   44 0.34
   2   72 0.26
  19   82 0.64
  20   61 0.05
  32   54 0.63
  27   88 0.83
  27   50 0.60
  23   63 0.47
  22   60 0.57
  19   47 0.81
  31  105 0.66
  18   45 0.52

  20   56 0.85
  30   89 0.17
   4   23 0.26
  33   95 0.03
   6   16 0.08
  14   36 0.57
  14   39 0.93
  35   51 0.53
  37   66 0.24
  17   54 0.75
  23   38 0.51
  14   34 0.97
   9   18 0.79
  27  100 0.70
  35   71 0.76
   5   56 0.13
   6   38 0.98
   2   12 0.57
  36   51 0.14
  33   83 0.11
   2   68 0.60
  21   41 0.72
   1   45 0.03
  31   61 0.35
  37   42 0.75

