4 60 4
3   16  16  16

  45  134 0.51
  47   73 0.29
  16   88 0.34
   3   24 0.40
  25   87 0.63
  20   95 0.47
  81  141 0.72
  47   87 0.73
  80  161 0.02
  68   94 0.01
  26  113 0.23
  77  135 0.04
  42   47 0.58
  23   59 0.99
  74  143 0.83
  73   83 0.98
  25   64 0.35
  60   95 0.78
  21   51 0.15
  62   90 0.53
  80  154 0.70
  33   47 0.19
  64   77 0.55
  64  114 0.56
  86   92 0.40
  57  114 0.62
  50   65 0.30
  83  110 0.35
  84  156 0.31
  30  114 0.55
  42   48 0.26
  35   73 0.30
  12   55 0.61
  50   68 0.37
  20   46 0.30
  57   66 0.24
  84  164 0.49
  51  123 0.25
  20  101 0.64
  37   46 0.68
  69   93 0.08
  35   47 0.61
  70  132 0.43
  70   87 0.34
  70  120 0.97
  27   96 0.03
  17   99 0.82
  24   84 0.15
  87  160 0.59
  13   86 0.32
  28   58 0.94
  57  125 0.55
  30   56 0.41
  58  144 0.57
  72  159 0.17
  11   87 0.39
  37   37 0.66
  70  128 0.63
  18   53 0.92
  76  124 0.03

   4   80 0.87
  78  118 0.06
  84  167 0.63
  84  130 0.60
  44  101 0.22
  84  171 0.07
  39   42 0.90
  51  101 0.26
  17   26 0.61
  88  111 0.50
  60  118 0.02
  24   59 0.37
  30   71 0.22
  83  123 0.67
  32   37 0.84
  75  142 0.65
  76   78 0.20
  37   40 0.74
  39  102 0.10
   5   89 0.18
  64  121 0.86
  21   93 0.37
  54   68 0.45
  59  113 0.44
   4   71 0.59
  69  105 0.13
  51   74 0.70
   8   49 0.55
  50  100 0.14
  56  139 0.02
  18   18 0.36
  18   46 0.83
  26   50 0.75
  76  130 0.80
  29  102 0.36
  43   49 0.79
  73  136 0.97
  81  167 0.81
  65   96 0.66
   0   65 0.63
  38   83 0.34
   1   31 0.84
  77  102 0.80
  56  106 0.70
  23   27 0.37
  65   75 0.09
  54  114 0.76
  33   34 0.48
  63  116 0.94
  70   91 0.86
   3   52 0.31
  69  115 0.93
   9   75 0.48
  33  113 0.09
  82  101 0.76
  30   97 0.47
  55   62 0.65
  39   44 0.75
  38   78 0.98
  84  124 0.25

  24   41 0.58
  65  154 0.65
  82   82 0.89
  79  124 0.31
  12   87 0.21
  85   85 0.90
  87  120 0.59
  86  168 0.84
  21   60 0.15
  85  120 0.53
  86  133 0.86
  27   59 0.82
  63   63 0.20
  61  144 0.40
   1   52 0.40
  58  122 0.17
  63   73 0.44
  32   44 0.71
  58  126 0.50
  17   93 0.39
   9   79 0.72
   1   65 0.89
  32   57 0.69
   2   18 0.79
  76  128 0.04
  32  109 0.96
   4   11 0.67
  80  156 0.68
  47  121 0.54
   3   30 0.79
  76  111 0.41
  33  118 0.87
  22   64 0.06
   4   21 0.70
  62  105 0.57
  45  120 0.36
  72  141 0.36
  75   99 0.60
  29   76 0.98
  89  135 0.57
  63  139 0.72
  22   44 0.20
  77  123 0.86
  16  101 0.03
  84  116 0.53
  37  114 0.41
  68   99 0.88
  35  117 0.42
  83  158 0.68
   7   40 0.35
  72  121 0.46
  25   95 0.27
  70  103 0.53
   2   35 0.16
  73   75 0.04
   7   39 0.36
  13   80 0.82
  39   57 0.37
  56  125 0.74
  59  116 0.43

