5 80 8
3    2  16  10

  12   35 0.69
   1   16 0.74
   8   15 0.29
  10   29 0.79
   2    6 0.18
   5   32 0.67
  13   51 0.41
  13   44 0.33
  12   53 0.38
  11   17 0.10
  10   25 0.77
   2   42 0.35
   9   48 0.29
   8   42 0.93
   1   16 0.50
   3   26 0.86
   1   31 0.76
   2    2 0.36
   4   27 0.25
   9   31 0.44
   2    2 0.76
  11   19 0.47
  12   21 0.82
   2   24 0.88
  12   37 0.20
  13   40 0.26
   0   16 0.89
  12   47 0.06
   2   26 0.99
  13   33 0.67
   7   48 0.23
   8   10 0.73
  12   25 0.12
   2   23 0.55
   8   16 0.12
  10   43 0.93
  10   35 0.99
   6    8 0.76
   6   40 0.54
  10   35 0.53
  13   20 0.88
  12   27 0.93
   2   28 0.11
   7   14 0.52
  13   52 0.01
   9   34 0.15
  12   35 0.43
  12   35 0.02
   2   12 0.73
  13   40 0.03
  12   41 0.97
  10   28 0.38
   3   21 0.62
  12   40 0.84
  11   11 0.86
   6   29 0.22
   3   32 0.87
   2   38 0.23
   8   32 0.78
   5   46 0.83
   7   23 0.71
  10   18 0.24
   3   21 0.22
   2   36 0.82
  13   26 0.68
  10   29 0.51
  11   20 0.10
   2    3 0.74
   2   23 0.32
   8   40 0.19
  12   27 0.65
   7   41 0.79
   5   25 0.77
   4   42 0.34
   2   34 0.94
   8    9 0.54
   6   45 0.71
   7   28 0.37
  12   43 0.12
  13   53 0.02

   5    5 0.98
   2   37 0.26
  12   17 0.43
  10   49 0.63
   8   35 0.04
   9   35 0.92
   0   36 0.69
   6   19 0.50
   8   30 0.44
   2   29 0.45
   8   39 0.44
   6   12 0.21
   3   25 0.65
   1    1 0.74
   5   12 0.14
   9   44 0.55
  11   29 0.86
   7   21 0.58
   5    7 0.51
   7   11 0.29
   4   35 0.74
  11   33 0.69
   0   31 0.13
  13   48 0.90
   6   30 0.01
   9   16 0.92
   4    8 0.65
  11   28 0.53
   0   40 0.83
  10   23 0.84
   1   29 0.12
   0   29 0.22
  11   44 0.13
   7   48 0.76
   5   40 0.24
   4   35 0.39
  12   22 0.43
  12   53 0.25
  11   24 0.44
   3   11 0.39
   7   41 0.21
   9   10 0.81
   7   25 0.10
   6   35 0.95
  10   28 0.97
  12   23 0.08
   4   24 0.12
   0   18 0.99
   0   33 0.32
   0   36 0.21
  13   53 0.94
   1   21 0.96
   2   27 0.19
  11   11 0.64
   3   15 0.22
  13   28 0.44
   6   14 0.16
  13   50 0.79
   5   21 0.96
   7   43 0.85
   1   41 0.89
   8   46 0.19
  11   21 0.83
   6   10 0.10
   7   25 0.97
   1   17 0.73
   4   26 0.00
   5   26 0.18
  11   11 0.93
   9   37 0.09
   6   34 0.46
  11   41 0.38
  10   11 0.69
  12   25 0.02
   7   44 0.97
   8   25 0.42
   0   31 0.23
  11   25 0.58
   2   25 0.19
  10   25 0.68

   6   45 0.71
  12   13 0.03
  11   35 0.64
   7   38 0.37
  11   33 0.36
  12   30 0.19
   7   14 0.65
  11   45 0.75
  11   13 0.70
   6   14 0.64
   4    7 0.93
   8   45 0.86
   1   17 0.49
   7   16 0.75
  13   45 0.82
  12   36 0.57
  12   20 0.94
   2   11 0.94
   7   37 0.94
   8   46 0.76
  13   22 0.11
   6   38 0.75
  11   26 0.16
   3   16 0.36
   5   18 0.28
  10   16 0.68
   2   12 0.61
  11   45 0.26
   3   35 0.39
   1   22 0.25
   3   31 0.09
   5   30 0.92
   2   22 0.87
   9   11 0.92
   7   43 0.21
   1   25 0.77
  10   38 0.38
   0    7 0.43
   2   38 0.62
   3   18 0.96
   2   23 0.00
   8   38 0.30
   5   32 0.25
  10   18 0.15
   5   41 0.28
   2   17 0.51
   2   21 0.45
   9   18 0.68
   4   20 0.63
   8   30 0.66
   4   41 0.67
   8    9 0.52
   9   29 0.30
  10   10 0.20
   3   14 0.57
   2    8 0.34
  10   47 0.66
  13   30 0.92
   2   23 0.53
   4   10 0.71
   8   42 0.13
   7   25 0.44
   0   41 0.83
  12   41 0.48
   6   21 0.25
   7   10 0.25
   2   12 0.20
  12   52 0.04
   5    9 0.39
   4   29 0.90
   3   32 0.52
   4   21 0.99
   0   40 0.00
   6   26 0.17
  10   16 0.63
   0   32 0.97
  10   41 0.32
   7    8 0.55
  11   18 0.28
   8   36 0.23

