3 80 8
3   10  10  10

   3   37 0.61
  43   73 0.54
   9   22 0.40
  35   77 0.96
  49   63 0.65
  12   60 0.04
  12   43 0.61
  31   38 0.91
  35   41 0.50
   0   17 0.48
  11   58 0.38
  38   51 0.07
  45   65 0.72
  39   51 0.48
   4   29 0.53
  44   51 0.35
  12   28 0.77
   5   26 0.15
  15   57 0.94
  44   78 0.23
  17   58 0.66
   8   42 0.44
  25   65 0.10
  15   48 0.85
  11   57 0.09
  24   31 0.78
  40   84 0.90
   3   11 0.85
  12   39 0.25
  44   47 0.67
  29   31 0.35
  39   48 0.84
  33   50 0.91
   7   38 0.85
  16   29 0.31
  13   21 0.82
  42   75 0.80
  17   42 0.69
  30   68 0.95
   1    8 0.55
  39   39 0.23
  30   57 0.62
  30   60 0.47
  17   34 0.35
  15   54 0.69
  24   52 0.79
   9   19 0.30
  42   55 0.93
  11   18 0.42
  26   57 0.93
  41   89 0.67
   1   34 0.68
  10   38 0.82
  10   16 0.83
  30   55 0.34
  36   74 0.64
   4   21 0.56
   2    9 0.77
  18   62 0.04
  35   71 0.32
  43   77 0.21
   4   38 0.27
  17   17 0.85
  39   82 0.24
  19   21 0.21
  12   24 0.83
  25   46 0.99
  43   84 0.25
  35   78 0.30
  25   58 0.49
  33   46 0.52
  44   65 0.38
  38   42 0.02
  10   41 0.58
  44   81 0.94
  47   93 0.43
  15   46 0.70
  40   53 0.70
  41   80 0.47
  39   76 0.00

  15   55 0.03
   9   26 0.41
   9   45 0.31
  45   63 0.55
  37   80 0.56
  37   68 0.94
  11   36 0.29
  46   47 0.70
  11   32 0.49
   9   46 0.39
  26   41 0.19
  29   62 0.90
  40   48 0.19
  20   54 0.48
   5   45 0.47
   8   35 0.85
  13   27 0.87
  21   39 0.12
  31   52 0.54
  48   92 0.57
   4    8 0.92
   3   26 0.12
  25   32 0.95
  32   68 0.58
  16   18 0.87
  28   40 0.59
  15   52 0.23
  32   55 0.97
   1   13 0.74
  20   33 0.86
  43   82 0.21
  26   47 0.46
   6    9 0.96
  40   84 0.22
  44   68 0.71
  43   63 0.63
   9   13 0.43
  24   65 0.74
  43   46 0.07
  35   60 0.41
   8   22 0.72
  25   26 0.62
  45   69 0.31
  35   77 0.54
  47   55 0.38
  24   54 0.41
  29   39 0.66
  25   29 0.29
  31   39 0.58
  11   42 0.57
  41   71 0.85
  45   83 0.39
  33   73 0.61
  23   30 0.25
   3   27 0.81
  16   21 0.38
  27   39 0.43
   7   33 0.38
  40   55 0.54
   0   17 0.26
   5   22 0.26
  12   27 0.90
  41   49 0.95
   5   42 0.93
  26   56 0.94
   9   23 0.38
  38   51 0.83
  14   48 0.60
  16   57 0.16
  44   54 0.26
  36   76 0.40
  16   46 0.20
  31   32 0.10
   1   27 0.58
   0   47 0.18
  27   54 0.50
  30   52 0.54
  34   68 0.86
   4   40 0.86
  11   41 0.55

   6   54 0.09
  34   61 0.14
  14   63 0.92
  18   43 0.81
  14   53 0.57
   8   29 0.56
   4   47 0.98
  44   73 0.78
   4   23 0.08
  23   27 0.82
  28   61 0.19
  25   72 0.46
  31   69 0.28
  40   41 0.79
  26   59 0.75
  35   41 0.15
  42   42 0.40
  26   35 0.45
  46   71 0.03
   0   20 0.73
  17   63 0.01
  22   40 0.84
  49   55 0.59
   5   36 0.95
  23   37 0.86
  20   32 0.93
  22   33 0.03
  28   76 0.53
   0    0 0.95
   9   17 0.65
  31   43 0.75
  20   44 0.38
  17   43 0.84
  27   49 0.62
   3    5 0.55
  21   46 0.92
  43   58 0.48
   5   44 0.71
  40   79 0.94
   7   51 0.82
  15   36 0.56
   5   40 0.32
   8    8 0.61
   8   41 0.98
  41   87 0.67
  29   36 0.81
  38   71 0.95
  44   63 0.55
   6   43 0.79
   5   35 0.80
  25   41 0.19
   7   10 0.88
  48   70 0.45
  20   57 0.44
  20   25 0.30
  15   28 0.22
  29   74 0.24
  41   75 0.76
   1   10 0.17
  38   50 0.35
   5   54 0.74
   6   54 0.52
   7   25 0.65
  46   70 0.96
  16   32 0.96
  27   49 0.30
  49   81 0.61
  26   64 0.69
  10   54 0.59
   8   21 0.99
  27   57 0.77
  43   88 0.98
  23   63 0.31
   0   31 0.72
  21   70 0.05
  48   72 0.80
  42   83 0.51
   2   25 0.87
  16   64 0.52
  46   90 0.33

