5 30 4
6   10  10   2  10  10  10

  15   34 0.79
   9   18 0.53
  13   29 0.20
   4   55 0.58
  11   25 0.01
  13   47 0.71
  13   40 0.68
  13   61 0.66
   8   22 0.78
   3   35 0.96
  17   55 0.47
   8   16 0.90
  18   30 0.65
  11   11 0.63
   5   29 0.64
   5    6 0.97
  14   42 0.47
   9   63 0.98
  16   65 0.47
  15   37 0.19
   3   37 0.52
  11   33 0.29
  16   60 0.32
   1   58 0.00
   1   46 0.49
  14   71 0.47
   1   27 0.04
  17   24 0.96
   5   39 0.34
  13   35 0.49

   7   25 0.13
  11   38 0.26
  11   13 0.43
   8   49 0.88
   8    9 0.77
   5    7 0.62
   1   50 0.91
   1   10 0.62
  16   60 0.93
  17   52 0.96
  18   47 0.87
   1   34 0.57
  11   22 0.59
  15   20 0.42
   9   21 0.37
   2    6 0.88
   0   43 0.94
  13   24 0.52
   4   43 0.14
   9   25 0.58
  15   51 0.25
  13   19 0.78
   1   58 0.08
   8   13 0.19
   7   33 0.50
  11   25 0.46
   8   17 0.28
   9   26 0.88
   4    7 0.79
   1   14 0.11

  15   60 0.78
   1   38 0.79
   6   48 0.90
  12   46 0.81
  14   54 0.50
   0   34 0.71
  16   60 0.02
  10   52 0.42
  18   34 0.03
  14   31 0.06
   7   64 0.13
   2   38 0.52
   1    3 0.57
  10   48 0.44
  11   53 0.48
   7   45 0.69
  12   18 0.67
  11   13 0.58
  16   52 0.20
   4   15 0.56
   0   34 0.62
  15   43 0.43
  14   30 0.23
   6   61 0.05
   3   52 0.86
   2   55 0.37
  10   10 0.50
  17   49 0.47
   9   22 0.78
   6   40 0.20

   6   46 0.68
  11   30 0.11
   2   22 0.01
   1   41 0.47
   9   31 0.40
   5   34 0.76
  17   38 0.54
  12   44 0.19
   4   55 0.38
   8   41 0.10
  18   66 0.51
   9   54 0.64
  15   15 0.48
  10   52 0.76
   1    1 0.27
  12   24 0.86
   7   40 0.67
   2   49 0.61
   4   33 0.57
   8   17 0.41
  15   21 0.43
   4    4 0.85
   8   64 0.20
   1   13 0.04
   0   50 0.76
  12   68 0.15
   0   53 0.12
  14   39 0.90
  17   54 0.53
  11   59 0.90

   9   26 0.61
  12   55 0.18
  14   55 0.31
   7   24 0.45
   2   48 0.67
  17   25 0.39
   3   17 0.42
   1   51 0.84
  11   47 0.88
  13   31 0.11
  15   18 0.42
   1    3 0.85
  15   53 0.41
   7   60 0.90
  18   32 0.49
   2    3 0.98
  15   67 0.76
   5   34 0.10
  10   26 0.47
  12   28 0.91
   7   61 0.62
  11   26 0.21
   1    2 0.95
  17   74 0.70
   8   14 0.57
   0   13 0.21
  13   46 0.65
   3   58 0.38
   2   49 0.71
   0   43 0.71

   9   15 0.47
   6   22 0.53
   4    8 0.40
  10   48 0.66
   7   51 0.07
   3   45 0.73
  17   53 0.28
  14   16 0.06
  14   63 0.81
   2   39 0.05
   2   24 0.29
   8   43 0.68
   2   56 0.90
  16   30 0.36
   7   56 0.68
   1   36 0.87
   8   55 0.69
  18   70 0.10
  10   49 0.26
  18   19 0.84
  11   37 0.05
   8   42 0.39
   7   56 0.61
  14   56 0.03
  17   57 0.71
  14   52 0.12
   8   46 0.52
   8   25 0.19
   5   44 0.57
   1   28 0.76

