5 25 4
12   20   2   2   2   4  10  16   2  16  10  10  16

  21   48 0.70
  10   18 0.41
  30   60 0.69
  25   57 0.47
   3   36 0.81
  24   28 0.31
  17   19 0.87
  17   29 0.43
   4   24 0.74
  15   41 0.74
   6   33 0.31
  15   15 0.01
  14   45 0.25
   0    2 0.29
  33   52 0.95
  18   36 0.08
  33   64 0.28
   8   13 0.34
   5   15 0.46
  26   33 0.32
  17   40 0.96
  28   54 0.87
  30   43 0.99
  33   62 0.91
   7   34 0.02

  20   49 0.82
  29   58 0.91
  15   21 0.11
  11   13 0.29
  11   38 0.76
   9   19 0.87
   3   28 0.46
  31   40 0.33
   8   18 0.56
  21   45 0.44
  25   53 0.49
  33   42 0.88
  29   46 0.57
   1    4 0.58
  21   51 0.01
  11   26 0.33
  14   34 0.98
   0   19 0.14
  31   46 0.68
  26   40 0.94
  19   20 0.53
  13   23 0.62
  32   61 0.15
   8   12 0.07
  22   36 0.67

   8    9 0.22
  23   44 0.16
  23   42 0.72
   4   16 0.49
   8   11 0.57
   6   28 0.62
  30   59 0.94
  14   14 0.98
  23   33 0.98
  10   36 0.91
  12   25 0.38
  14   25 0.60
  18   24 0.88
  32   38 0.22
   2    7 0.05
  20   41 0.72
  18   31 0.39
  31   52 0.17
   3   18 0.72
  24   32 0.19
  14   17 0.25
  19   34 0.16
  12   43 0.90
  16   47 0.61
   4   32 0.39

  29   62 0.95
  17   22 0.98
   6   29 0.67
  28   37 0.56
  21   40 0.29
   0   11 0.35
  15   36 0.96
  10   13 0.39
  17   17 0.02
  26   47 0.77
  27   35 0.72
  30   44 0.15
  21   30 0.03
  18   30 0.86
  15   31 0.97
  21   30 0.76
  29   53 0.35
  15   38 0.86
   2   34 0.42
  27   27 0.76
  13   27 0.36
   2   14 0.75
  26   30 0.45
  12   41 0.99
   2    4 0.99

  29   37 0.96
  29   58 0.67
  24   56 0.60
  16   42 0.25
  17   19 0.95
  23   41 0.26
  27   59 0.12
  33   43 0.74
   1   21 0.44
  11   35 0.95
  33   38 0.63
  23   36 0.74
  21   51 0.60
  31   54 0.57
  32   34 0.32
  10   11 0.42
  28   39 0.42
  23   33 0.93
  26   55 0.89
  33   39 0.93
  31   31 0.34
  29   52 0.07
  24   46 0.73
  31   39 0.92
  26   54 0.32

   2    3 0.49
  27   46 0.93
   2   35 0.78
  17   31 0.46
  21   54 0.30
  24   47 0.93
  21   33 0.83
  31   58 0.56
   3    5 0.32
   6   20 0.18
  29   60 0.90
   5    7 0.79
  31   40 0.50
   5   18 0.27
  24   49 0.46
  30   46 0.44
  23   56 0.76
  17   17 0.21
  22   25 0.95
  11   31 0.15
  24   28 0.92
  10   24 0.71
   7   20 0.92
  17   24 0.64
  15   45 0.02

  18   49 0.70
   4   36 0.75
   4   33 0.80
  13   28 0.51
  11   44 0.69
  22   32 0.52
  33   36 0.36
  27   51 0.66
  21   21 0.00
  21   22 0.87
  12   21 0.78
  16   35 0.47
  26   58 0.15
  17   45 0.65
  15   21 0.21
  23   26 0.60
   8   14 0.28
  14   27 0.28
   0    9 0.26
   6   28 0.92
  33   49 0.77
   4   34 0.17
  24   55 0.10
   3   33 0.98
  26   40 0.08

  23   55 0.30
  15   45 0.19
  29   59 0.02
  17   49 0.83
  14   18 0.89
  11   29 0.78
  10   22 0.71
  14   41 0.95
  26   48 0.79
  16   20 0.86
  28   34 0.53
   3   23 0.67
  22   25 0.12
  17   41 0.66
  25   53 0.84
  20   29 0.97
  14   25 0.95
   5   37 0.84
   3   26 0.49
  15   28 0.94
  19   20 0.18
   4    5 0.26
  19   51 0.15
  11   43 0.02
  31   52 0.84

   6   27 0.09
  22   47 0.09
   2   12 0.82
  15   16 0.41
   1   32 0.59
  14   41 0.67
  25   48 0.16
   3    6 0.40
   5   27 0.76
  13   30 0.26
  28   53 0.23
   3   36 0.71
  32   63 0.56
   3   13 0.88
   4   35 0.12
  27   34 0.92
  15   32 0.68
  20   26 0.71
  17   20 0.04
  12   26 0.45
   5   28 0.55
  25   36 0.20
  31   56 0.32
  27   55 0.26
  29   46 0.31

  25   37 0.24
  17   50 0.81
   2    9 0.80
   0   33 0.11
  31   58 0.07
   7   19 0.60
   3    3 0.56
  32   44 0.19
  29   39 0.57
  26   37 0.89
   0   25 0.40
  18   22 0.46
  30   58 0.64
   5   38 0.15
   4   35 0.78
  26   28 0.46
  24   37 0.62
  26   44 0.76
  24   29 0.19
  13   45 0.06
   7   18 0.52
   3   16 0.81
   8   20 0.94
  13   36 0.24
  24   27 0.26

   3   31 0.08
  32   43 0.94
  23   32 0.43
  21   39 0.98
   1   25 0.28
  13   19 0.28
  10   10 0.03
  11   30 0.19
   2    6 0.26
   7   14 0.08
  26   50 0.52
   7   37 0.29
  21   48 0.66
  18   36 0.02
  27   50 0.68
  15   37 0.91
  11   41 0.76
   2   17 0.16
  13   32 0.60
  12   15 0.96
   3   21 0.51
   4   27 0.50
   8   28 0.10
   2    5 0.78
  24   43 0.22

  16   49 0.22
  24   57 0.41
  22   29 0.83
  21   49 0.42
  11   14 0.53
  27   33 0.44
  14   29 0.41
  30   59 0.35
   3   26 0.78
  12   24 0.36
  16   35 0.93
  33   52 0.59
  33   55 0.37
  23   24 0.04
   9   23 0.55
  13   31 0.39
  33   54 0.91
  18   48 0.98
  32   45 0.92
   0    2 0.32
  18   29 0.04
  27   46 0.85
  16   40 0.63
   5   25 0.13
  19   32 0.39

