5 50 8
6   16   2  10   4   4  10

  13   34 0.68
  25   42 0.07
  19   42 0.24
  24   37 0.67
  22   44 0.37
   2   21 0.82
   8   14 0.41
   6   27 0.41
  14   31 0.58
  25   27 0.41
   7   18 0.52
  19   41 0.15
   1    1 0.86
  15   38 0.56
  10   28 0.08
   9   10 0.30
  26   27 0.05
  18   40 0.77
  24   42 0.71
  13   14 0.31
  24   50 0.49
  24   45 0.01
  14   40 0.96
  16   27 0.25
  16   25 0.54
   7   32 0.19
   5   26 0.50
  16   19 0.36
  11   19 0.55
  18   20 0.49
  17   38 0.92
   4   25 0.81
   9   28 0.62
   4   13 0.81
   5    5 0.63
  25   49 0.11
   9   33 0.97
   3    8 0.18
  23   38 0.89
  15   25 0.01
   7   23 0.21
   2   18 0.57
   1   26 0.63
  24   49 0.29
  22   31 0.48
  18   33 0.22
  21   40 0.42
   7   15 0.89
  14   18 0.38
  22   49 0.41

  13   25 0.69
  27   32 0.00
   9   29 0.68
  22   26 0.66
  14   25 0.90
  18   27 0.47
  20   34 0.80
  26   40 0.93
  14   33 0.95
   1   14 0.26
  21   28 0.60
   7   18 0.47
   0   22 0.91
  13   37 0.89
  11   14 0.77
   5   30 0.50
  16   25 0.54
  27   45 0.99
  18   26 0.54
  17   18 0.82
  18   34 0.48
  23   23 0.64
   7   18 0.97
   5   16 0.15
  23   28 0.92
   6   13 0.85
   3   20 0.93
  10   36 0.17
  22   36 0.40
  18   36 0.60
  15   24 0.01
  26   45 0.62
   7   34 0.11
  23   29 0.85
  23   23 0.81
   3   17 0.27
   7   23 0.20
  11   32 0.25
  20   21 0.19
  19   36 0.14
  11   38 0.21
  16   23 0.41
  18   44 0.23
  16   24 0.18
   1   14 0.55
  20   47 0.86
   2   17 0.54
  17   20 0.44
  12   31 0.00
  26   39 0.50

  15   37 0.28
  14   24 0.09
  22   33 0.21
  24   51 0.02
   8   35 0.85
  21   40 0.40
  12   19 0.98
   8   22 0.66
   6   19 0.09
  18   32 0.97
   1   11 0.71
   3   22 0.04
   7   23 0.35
   1   23 0.67
   3   20 0.88
   3   21 0.77
  26   39 0.50
  18   19 0.66
  15   31 0.19
  12   22 0.13
  15   15 0.25
  24   28 0.56
   7   28 0.97
  14   19 0.22
   6   30 0.94
   5   13 0.42
  13   29 0.67
   1   26 0.63
  15   28 0.38
  25   49 0.58
   1   13 0.50
  21   29 0.66
   9   34 0.95
   1    6 0.91
  18   31 0.45
  27   39 0.50
   4   19 0.64
  26   41 0.59
   9   20 0.90
  20   34 0.41
  20   24 0.08
   2   27 0.71
  23   41 0.66
  25   49 0.09
  24   50 0.22
  27   38 0.56
   4   11 0.09
  15   32 0.50
  21   29 0.97
   2   16 0.17

   0   18 0.25
   4   20 0.60
  27   46 0.96
  18   38 0.33
  22   47 0.07
  26   34 0.57
  12   18 0.12
   2    7 0.88
   2   26 0.43
  15   33 0.74
   2    3 0.15
  27   43 0.28
  12   37 0.04
   8    8 0.21
  20   33 0.23
   6   24 0.72
  26   37 0.23
  18   44 0.06
   5   13 0.84
  20   29 0.04
  17   26 0.23
  27   49 0.18
   5   20 0.26
  10   23 0.66
  10   30 0.58
  25   49 0.59
  11   22 0.52
   4   31 0.65
  19   37 0.98
   8   21 0.18
  14   18 0.69
   9   10 0.35
   5   29 0.74
  12   20 0.78
   2    9 0.35
  18   39 0.61
  12   31 0.14
   5   24 0.78
  14   30 0.08
  11   20 0.42
  10   36 0.96
  10   17 0.97
  15   19 0.79
  13   20 0.27
  24   27 0.77
   9   36 0.08
   8   19 0.36
   0   25 0.17
  22   45 0.57
  25   26 0.92

  21   42 0.36
  19   38 0.75
  12   38 0.38
   8   10 0.85
   1   18 0.56
  11   27 0.31
  13   16 0.74
  18   41 0.30
  27   53 0.55
   8   23 0.67
   6    6 0.94
   2    6 0.78
   7   13 0.33
  10   36 0.25
  23   32 0.65
  20   20 0.71
  25   33 0.22
  19   41 0.90
   6   18 0.66
   2    8 0.29
   2   19 0.40
   8   29 0.82
   5   13 0.74
  20   39 0.73
  10   35 0.28
  21   38 0.58
   1   21 0.98
   5   21 0.91
   9   12 0.83
   9   19 0.41
  11   13 0.44
   3    4 0.97
   1    4 0.84
  27   53 0.09
   2   10 0.58
   3   21 0.05
  19   34 0.48
  27   54 0.00
  17   36 0.79
   1   15 0.62
  26   30 0.69
  19   36 0.37
  23   46 0.17
   8   21 0.70
   9   23 0.87
  21   37 0.50
   5   18 0.31
   3   30 0.38
  23   48 0.73
  24   41 0.78

   3   17 0.60
  14   15 0.97
  17   43 0.51
  17   21 0.00
  21   41 0.20
   6   24 0.74
   6    7 0.08
   9   14 0.33
  20   46 0.82
  27   30 0.18
  26   39 0.02
  20   20 0.17
  16   25 0.54
  17   36 0.33
   0   13 0.68
   9   35 0.13
  20   32 0.52
  22   37 0.60
  25   33 0.75
  27   36 0.28
   4   16 0.69
  18   30 0.54
   6    6 0.73
  22   27 0.20
  22   47 0.08
  18   39 0.09
  20   23 0.78
  10   23 0.54
  27   43 0.72
  10   12 0.44
  22   49 0.16
  27   31 0.17
  11   13 0.08
   9   10 0.48
  22   28 0.77
   3   11 0.79
   0    4 0.47
  15   16 0.96
  25   29 0.30
  20   44 0.00
  20   36 0.90
  21   34 0.08
   8   31 0.58
   1   25 0.32
  25   44 0.15
  23   29 0.12
  12   16 0.00
  11   33 0.32
   1   12 0.76
  18   30 0.68

