4 15 4
12   16   4  10  10  10  20  10  10  16  16  20  10

  94  125 0.68
  95  104 0.74
  67   76 0.38
   1   35 0.92
  10   25 0.18
  59   73 0.82
  70   97 0.91
  69   76 0.98
  31   58 0.92
  14   21 0.49
  30   49 0.07
  94  103 0.18
  62   94 0.05
  91  102 0.04
  74  103 0.50

  71  100 0.47
  83  112 0.98
  78   91 0.15
  47   73 0.73
  98  122 0.65
  69   72 0.27
  43   58 0.41
  89  103 0.35
  18   24 0.18
  57   66 0.42
  84  112 0.51
  52   70 0.08
  93   95 0.15
   1    6 0.53
  53   75 0.41

  33   43 0.08
  67   89 0.57
  82  113 0.21
  36   69 0.63
  28   32 0.23
  32   41 0.17
  94  125 0.91
  14   40 0.13
  16   25 0.55
  96  116 0.35
  91   93 0.50
  42   54 0.17
  50   75 0.74
  27   45 0.34
  76   97 0.65

  36   42 0.83
  75   94 0.96
  35   65 0.51
   6   38 0.55
 100  112 0.81
  97  109 0.31
  31   36 0.20
  17   23 0.17
  87   91 0.76
  34   45 0.02
  99  133 0.76
  17   38 0.63
  32   48 0.27
  19   31 0.43
   5   30 0.85

  93   98 0.70
  59   64 0.04
  47   55 0.57
  79   90 0.48
  53   76 0.28
  61   78 0.20
  54   60 0.40
  98  132 0.92
  66   83 0.24
  96   97 0.31
  33   58 0.70
  62   91 0.72
  80  106 0.08
  51   77 0.75
  44   71 0.51

  75  101 0.86
  46   47 0.20
  24   57 0.55
  72   90 0.69
  78   89 0.05
 103  124 0.90
  47   64 0.52
  32   43 0.26
  53   83 0.21
  38   57 0.11
  20   54 0.03
  26   27 0.24
  18   29 0.18
  19   27 0.52
  18   29 0.62

  83   89 0.53
  50   83 0.06
  79   93 0.25
   7   23 0.32
  27   49 0.07
  17   26 0.11
  63   80 0.76
  81   99 0.82
  33   42 0.75
   3   12 0.53
 100  134 0.65
  61   75 0.16
  38   52 0.42
  61   79 0.22
  16   43 0.81

  34   67 0.68
  65   67 0.83
  46   58 0.27
 104  108 0.93
  71  105 0.77
  91  104 0.87
  49   65 0.38
  89  121 0.85
 103  130 0.15
  83  109 0.41
  37   68 0.45
  92  104 0.57
  53   86 0.61
  80   88 0.79
   2   30 0.34

  18   43 0.31
  50   56 0.95
 105  129 0.33
  32   43 0.19
 105  126 0.30
  33   61 0.22
  55   62 0.31
  27   44 0.37
  19   22 0.09
  83   93 0.89
  47   70 0.06
   5   30 0.48
  90   92 0.63
  93   98 0.33
  39   72 0.81

  82   85 0.21
  64   75 0.69
  77   96 0.35
  97  129 0.14
  82   97 0.15
  17   35 0.17
  42   67 0.21
  66   80 0.79
  42   60 0.74
  38   51 0.78
 103  108 0.55
  77   82 0.90
  23   47 0.74
  25   37 0.76
  95  126 0.71

  13   44 0.17
   3    9 0.39
  68   74 0.14
  94  124 0.03
  30   53 0.41
  53   80 0.73
  10   11 0.69
  62   74 0.21
  78   89 0.49
  12   39 0.74
  50   64 0.56
  69   79 0.76
  53   61 0.77
  31   46 0.97
  18   26 0.73

  41   65 0.26
  21   46 0.16
 104  105 0.30
  67   74 0.29
  55   84 0.17
  63   79 0.48
  86  106 0.52
  87  115 0.59
  30   41 0.06
  92  121 0.21
  15   29 0.22
   3    4 0.89
  54   58 0.27
   7   23 0.75
  99  111 0.97

