5 30 4
6    4  20  10   2   2  10

  37   87 0.35
  35   66 0.39
  21   57 0.73
  17   29 0.08
  13   56 0.37
  18   70 0.82
  12   33 0.95
  19   47 0.44
  26   66 0.69
  21   25 0.72
  37   44 0.76
   9   57 0.94
  38   38 0.56
  37   84 0.97
  23   43 0.18
   8   25 0.83
  12   59 0.22
  16   23 0.16
  16   16 0.54
  42   67 0.19
   5   55 0.82
   4   35 0.35
  36   84 0.99
   5   55 0.11
  41   74 0.24
  36   79 0.19
  19   31 0.31
  33   46 0.03
   4    6 0.48
  22   74 0.26

  23   70 0.96
  52   94 0.68
  49   62 0.54
  41   51 0.11
  31   60 0.93
  17   19 0.35
  29   71 0.46
  50   95 0.02
  31   72 0.05
  30   38 0.05
  23   66 0.01
  11   41 0.90
  36   77 0.43
   2    4 0.02
   3   34 0.59
  34   53 0.31
  11   52 0.15
  53   93 0.28
  39   73 0.55
  16   66 0.00
  47   92 0.04
  26   46 0.95
  24   74 0.40
   9   13 0.92
  30   60 0.75
   6   41 0.61
  13   31 0.21
  53   57 0.47
  44   70 0.91
  41   89 0.82

  52   81 0.76
  18   47 0.04
  48   88 0.98
  47   97 0.17
  37   48 0.39
  45   81 0.97
  33   84 0.47
  13   49 0.24
   7   26 0.79
  33   78 0.31
   8   23 0.61
  25   57 0.51
  33   39 0.80
  31   62 0.83
  51   78 0.03
  27   29 0.30
  10   57 0.82
  42   80 0.92
  45   93 0.28
  11   63 0.60
  35   61 0.73
   4   49 0.34
  47   51 0.37
  29   48 0.27
  26   64 0.87
  14   39 0.26
  31   45 0.77
  46   57 0.96
  19   61 0.82
  11   51 0.03

  21   65 0.61
  40   72 0.53
  37   69 0.83
  18   34 0.05
  37   41 0.84
  22   55 0.20
  16   40 0.89
   7   55 0.53
  12   25 0.41
  42   78 0.07
  35   49 0.29
  18   38 0.81
  38   90 0.71
   2   38 0.04
  22   63 0.76
  40   45 0.15
  21   25 0.04
  43   64 0.02
  39   76 0.18
  27   58 0.19
  47   99 0.13
  30   58 0.81
  51   98 0.17
  41   45 0.61
  40   48 0.54
  33   33 0.13
  31   58 0.26
   9   26 0.17
  39   42 0.53
   3   44 0.75

  36   44 0.62
  33   40 0.55
  24   63 0.00
   9   15 0.51
  29   75 0.64
  50   55 0.85
   1   51 0.30
  34   75 0.34
   2   31 0.88
   0   42 0.14
  43   55 0.66
  27   63 0.70
  51   99 0.16
   2   34 0.27
  33   70 0.15
   3   21 0.94
  21   61 0.67
  44   44 0.96
   8   37 0.82
  12   21 0.96
  29   68 0.30
  27   78 0.18
  35   58 0.31
  44   94 0.01
   4   54 0.10
  48   63 0.75
  16   50 0.41
   2   34 0.28
  45   74 0.97
  33   55 0.01

  44   47 0.19
  27   41 0.58
  29   31 0.69
   7   27 0.82
  19   61 0.55
  31   70 0.33
  50  101 0.75
  19   36 0.92
  36   53 0.53
  44   86 0.18
  36   89 0.34
  12   49 0.93
  27   68 0.10
  53   87 0.87
  16   58 0.63
  20   70 0.38
   1    9 0.49
  32   46 0.85
  39   72 0.85
  18   34 0.77
  16   24 0.66
   7   21 0.47
  47   86 0.39
  39   87 0.51
  16   24 0.52
  25   75 0.95
  42   61 0.25
  26   73 0.74
  11   27 0.47
  46   79 0.09

