5 50 4
6   10  10   4  16  20   4

  34   52 0.21
  28   95 0.38
  20   65 0.57
  15   35 0.73
  27   89 0.17
  39   83 0.32
  19   48 0.40
  15   52 0.11
  32  105 0.42
  12   30 0.84
  27   81 0.14
   4   14 0.91
  35   38 0.98
  21   98 0.06
  34  101 0.44
  30   76 0.70
  27   82 0.92
  34   63 0.68
  16   19 0.32
  21   22 0.39
  24   35 0.27
  21   55 0.00
  14   47 0.14
  13   91 0.62
  33   88 0.98
  16   90 0.52
   5   70 0.81
  26  104 0.89
  11   81 0.47
  22   49 0.43
  33   65 0.69
  14   16 0.85
  21   96 0.44
  31   97 0.44
  36   48 0.04
   8   52 0.47
  17   23 0.55
  32   74 0.44
  30   95 0.80
  24   55 0.74
  28  100 0.05
   2   81 0.96
  20   74 0.23
  24   32 0.46
   9   28 0.21
  18   39 0.13
  24   95 0.90
  38   66 0.25
  18   72 0.06
  26   94 0.79

  34   55 0.66
  16   82 0.02
  23   46 0.19
  31   85 0.95
  12   72 0.21
  39   42 0.59
  36   70 0.38
  18   69 0.71
   3    7 0.92
   7    8 0.52
  13   62 0.12
  11   39 0.11
  28   70 0.89
  30   84 0.01
  21   66 0.86
   3   41 0.98
  21   84 0.75
   3   65 0.67
  23   60 0.99
  32   57 0.55
  29   30 0.24
   1   23 0.03
  19   63 0.65
  39   64 0.41
   5   14 0.27
  37  107 0.62
  37   45 0.61
  21   57 0.92
  32   54 0.18
  12   72 0.41
  33   90 0.08
   7   83 0.34
   8   32 0.73
  25   51 0.15
   3   41 0.70
  11   18 0.16
  26   74 0.04
  38   72 0.75
  29   59 0.20
  39   91 0.33
  36   90 0.94
  33   65 0.48
  34   80 0.89
  17   65 0.68
   6   81 0.27
  25   81 0.98
  10   25 0.73
  23   80 0.04
  14   46 0.32
   9   26 0.39

  38   41 0.10
  32   98 0.53
  24   79 0.16
  36   54 0.87
  21   68 0.39
  34   41 0.89
  28   53 0.21
  25   84 0.56
  39   98 0.42
  37   87 0.52
   1   56 0.44
  10   33 0.81
  10   82 0.44
   1   48 0.09
   3   56 0.90
   0   15 0.24
   2   35 0.71
   4   81 0.01
  24   45 0.91
   2   35 0.49
  38   91 0.00
  38  108 0.92
  24   72 0.75
  30   81 0.57
   0   52 0.50
  25   56 0.53
  37   47 0.35
  15   65 0.35
   4   45 0.74
  19   85 0.42
   0   55 0.90
  32   47 0.51
  36   92 0.80
   7   18 0.54
  30   87 0.05
  31   42 0.85
   3   75 0.90
  20   86 0.50
  19   63 0.59
  30   47 0.03
  24   90 0.83
  19   75 0.62
  20   23 0.88
  22   42 0.73
  28  103 0.81
  31   36 0.55
   2    6 0.79
  14   25 0.96
   6   36 0.15
  32   48 0.12

  29   63 0.51
  35  108 0.93
  38   84 0.49
  16   47 0.18
  15   25 0.52
  32   49 0.12
  33   92 0.01
  27   76 0.00
   2   18 0.05
  32   90 0.81
  36  103 0.47
  25   35 0.71
   3   78 0.88
   9   23 0.77
  20   80 0.36
  14   76 0.70
  25   40 0.13
  12   84 0.93
   4   51 0.99
   4   21 0.17
  24   98 0.80
  35   81 0.27
  39   77 0.08
  31   44 0.84
  26   27 0.82
   2   15 0.86
  32   42 0.65
  17   38 0.05
   7   51 0.93
  17   53 0.15
  31   38 0.93
  24   97 0.74
  35   66 0.62
  17   19 0.19
  30   47 0.55
   5   14 0.57
  32   43 0.91
  14   81 0.00
  36   47 0.11
  22   37 0.36
  21   74 0.38
  12   69 0.35
  17   86 0.64
  31   39 0.60
  23   28 0.92
   5   60 0.79
  35   58 0.66
   4    7 0.72
  39   41 0.37
  34   85 0.07

  32  107 0.61
  35   47 0.90
  35   47 0.84
  32   75 0.77
  20   36 0.34
  24   66 0.79
  32   74 0.27
  29   53 0.55
  20   49 0.24
  16   23 0.35
   0    6 0.41
  19   53 0.86
   3   69 0.30
  11   58 0.07
  24   46 0.10
  12   32 0.80
  21   43 0.92
   4   16 0.33
  20   80 0.21
   0   17 0.25
  10   70 0.83
  27   75 0.84
  38   70 0.72
  19   41 0.37
  12   51 0.77
   5   57 0.25
  20   48 0.89
  26   60 0.41
  11   60 0.64
   2    2 0.29
  25   66 0.18
   8   42 0.00
   8   62 0.89
   8   20 0.85
  38   95 0.95
   4   20 0.16
  32   39 0.49
  30   84 0.98
  33   71 0.01
  23   85 0.56
   2   62 0.72
  12   79 0.65
   6   47 0.21
  19   82 0.68
  28   37 0.82
  17   75 0.26
  21   65 0.49
   5   28 0.95
   3   24 0.41
   6   68 0.84

  19   23 0.63
  21   56 0.79
  25   47 0.51
   9   86 0.29
  37   63 0.88
  14   41 0.27
  12   14 0.21
  12   82 0.58
  25   82 0.23
   2   56 0.93
  35   69 0.47
  24  103 0.37
  39  117 0.99
   8   22 0.08
  10   65 0.43
  36   59 0.25
   0   11 0.93
  17   22 0.96
  10   60 0.36
   3   12 0.27
  28   40 0.89
  15   54 0.29
  26  105 0.66
   4   70 0.27
  33   46 0.59
  24   26 0.37
  34   53 0.68
  20   87 0.09
  17   77 0.81
  10   12 0.53
  33  103 0.73
  18   27 0.88
  37   49 0.23
  31   48 0.43
   3   69 0.83
  33   93 0.15
   9   19 0.43
  19   65 0.86
   1   45 0.16
  20   75 0.99
   0   36 0.66
  20   49 0.61
  11   61 0.06
  21   77 0.52
   8   46 0.31
  33   80 0.37
   1   23 0.98
  30   70 0.16
   8   47 0.14
  38  104 0.57

