3 50 4
6    4  16   4  10  10  16

  19   37 0.44
  58   68 0.74
  37   39 0.55
  32   82 0.87
  58   69 0.67
  55   73 0.72
  19   57 0.67
  50  111 0.11
  43   58 0.93
  23   54 0.15
  24   54 0.25
  56   88 0.10
  10   46 0.70
  30   68 0.24
  45   61 0.52
  15   23 0.69
  60  104 0.30
  24   43 0.41
  43   77 0.36
  27   27 0.67
  56   59 0.99
  40   54 0.88
  37   70 0.95
   1   25 0.90
  52   96 0.82
  42   80 0.38
  10   37 0.45
   2   10 0.75
  58   97 0.36
  13   53 0.13
  53   90 0.59
  59  118 0.92
  42   77 0.28
  38   43 0.27
  11   63 0.08
  56   56 0.31
  32   68 0.95
  33   81 0.42
  37   97 0.96
  21   64 0.22
   2   33 0.83
  60   75 0.09
  51   72 0.17
  16   66 0.98
  42   67 0.36
   1    3 0.73
  25   53 0.46
   9    9 0.45
  23   63 0.37
  45  106 0.33

  28   68 0.38
  37   93 0.47
  33   56 0.42
  17   65 0.65
  28   61 0.81
  22   72 0.35
  48   96 0.06
  34   58 0.73
  55  103 0.54
  61   85 0.69
  15   65 0.47
  14   74 0.24
  52   52 0.61
  51  110 0.84
  48   48 0.20
  38   61 0.87
   5   65 0.86
  36   87 0.54
  51   71 0.51
  55   78 0.89
  58  111 0.41
  45  102 0.55
  40   71 0.35
  43   49 0.20
  19   72 0.56
  31   56 0.45
  22   26 0.99
  38   52 0.57
  51   62 0.46
  35   86 0.19
  60   89 0.08
  46   71 0.79
   5   43 0.10
  55   73 0.22
  27   70 0.24
   1   13 0.56
  13   18 0.80
  10   24 0.29
  29   84 0.48
   3   14 0.69
  27   39 0.02
  61   82 0.08
  51   96 0.52
  52  112 0.27
  31   45 0.82
  56   72 0.10
  42   77 0.36
  22   81 0.98
  32   37 0.73
  21   67 0.74

  18   23 0.65
  57   58 0.21
  25   76 0.27
  49   83 0.40
   0   44 0.68
  42   70 0.95
  24   70 0.62
  58   73 0.49
  10   49 0.99
  53  104 0.73
   8   36 0.85
  19   55 0.16
  26   52 0.79
  10   53 0.71
  50   81 0.11
  34   88 0.70
  26   75 0.73
  28   31 0.60
  26   59 0.35
  40   78 0.99
  13   69 0.96
  23   42 0.09
  40   68 0.33
   4   59 0.58
  52   69 0.37
  61   99 0.33
  11   29 0.85
   5   13 0.12
  45   58 0.60
  23   70 0.39
  50   87 0.06
  52   92 0.28
  11   29 0.58
  24   52 0.99
  29   90 0.50
   1   38 0.98
  18   43 0.76
  40   46 0.86
  15   42 0.72
  48   51 0.80
  28   79 0.36
  39   76 0.07
  44   91 0.91
  51  103 0.52
  12   19 0.54
  13   43 0.78
   1    8 0.54
  12   20 0.80
  51   60 0.05
  28   68 0.97

  25   37 0.87
   2   63 0.99
  35   75 0.45
  44   50 0.13
  61   70 0.08
  37   77 0.32
  56   58 0.80
  56   58 0.39
  27   73 0.99
  22   52 0.52
  26   71 0.88
  42   79 0.26
  52   98 0.37
  10   19 0.92
  18   46 0.79
  14   46 0.70
  23   78 0.97
  60   99 0.17
  26   79 0.94
  18   70 0.81
   6   46 0.70
   6   62 0.27
  36   71 0.66
   0    2 0.02
  55   64 0.59
  11   29 0.75
  26   58 0.49
  41   94 0.31
  10   44 0.62
  52  109 0.51
  23   43 0.96
  39  100 0.08
  23   48 0.44
  17   77 0.11
  46   60 0.37
  46   94 0.69
  27   34 0.66
  25   61 0.90
   5   14 0.47
   7   45 0.91
  45   84 0.51
  22   35 0.23
   1   50 0.88
  47   97 0.11
   5   33 0.65
  17   66 0.89
  55  100 0.63
  47   99 0.66
  43   53 0.97
  25   73 0.40

  28   36 0.26
  50  106 0.37
  43   62 0.88
  27   37 0.18
  20   40 0.01
  25   49 0.79
  49   59 0.18
  35   42 0.24
  56   60 0.20
  50  104 0.03
  11   19 0.44
  55  111 0.65
  20   24 0.78
  25   41 0.52
  20   54 0.13
  55  101 0.80
  14   59 0.47
  13   15 0.06
  36   95 0.37
   9   10 0.32
  52   82 0.68
  25   78 0.95
  22   83 0.38
  24   78 0.49
  26   59 0.68
  44   82 0.19
   5   66 0.39
   0   55 0.57
   8   37 0.05
  59   70 0.76
  21   80 0.70
  43   59 0.44
  11   26 0.56
  28   87 0.17
  60   72 0.08
  11   16 0.29
  25   42 0.50
  60   93 0.88
  50   75 0.95
  54   63 0.69
  42   75 0.27
  28   87 0.01
  14   15 0.24
   8   12 0.44
  50   68 0.07
  24   77 0.09
   2    4 0.66
   9   14 0.09
  39   43 0.59
  53   57 0.83

  38   71 0.22
  27   63 0.06
  12   45 0.22
  18   55 0.39
  54  110 0.84
  23   24 0.10
  48  105 0.45
   1   48 0.41
  61  113 0.90
   6   12 0.70
  11   47 0.55
  40   75 0.71
  36   58 0.71
  23   49 0.98
  38   43 0.72
  28   36 0.49
  22   71 0.29
  35   48 0.11
   2   16 0.35
  10   47 0.92
  46   72 0.15
   4   50 0.40
  29   33 0.43
  55   60 0.01
  26   30 0.41
  16   29 0.90
  29   59 0.96
   4   27 0.80
  45   58 0.77
  21   40 0.00
  50   88 0.33
  58   86 0.69
  48   79 0.79
  15   31 0.03
   3   58 0.16
   5   19 0.97
  16   76 0.48
  22   44 0.54
  57  106 0.73
  20   74 0.05
  60   77 0.99
  42   97 0.89
  38   48 0.56
  23   35 0.11
  61   65 0.20
  39   46 0.64
  60  117 0.70
  36   69 0.02
  56  110 0.97
  47  104 0.97

