4 40 4
6    2  16   2  16  20  16

  37   43 0.13
  26   63 0.86
   7   12 0.12
  23   36 0.73
   8   50 0.00
  33   38 0.32
  30   69 0.42
  26   64 0.23
  31   55 0.85
  39   40 0.90
  17   27 0.66
   5   40 0.01
   5   24 0.02
  22   60 0.72
  21   42 0.27
   6    7 0.50
   6   30 0.64
  44   85 0.02
   7   31 0.16
  18   30 0.97
   2    6 0.71
   3    5 0.94
  10   49 0.47
  29   39 0.83
  23   41 0.77
   9   37 0.45
  41   74 0.01
  42   57 0.01
   5   21 0.02
   2   29 0.86
   4   42 0.34
  31   49 0.44
  15   59 0.97
  15   19 0.24
   5    6 0.60
  38   77 0.94
  39   73 0.97
  35   62 0.46
   8   23 0.65
  15   55 0.15

  16   35 0.42
  35   78 0.44
   7   25 0.33
   9   30 0.77
   6   14 0.54
  16   38 0.84
  43   74 0.00
  10   11 0.40
  36   69 0.43
   0   36 0.63
  20   23 0.28
  11   48 0.49
  34   68 0.74
  17   31 0.01
  30   44 0.10
   9   44 0.92
  19   41 0.21
  40   72 0.90
  35   69 0.51
  23   58 0.79
  32   61 0.36
  16   27 0.34
  42   56 0.01
  19   50 0.01
  42   43 0.21
  19   47 0.94
  42   79 0.55
  17   51 0.16
   5   17 0.93
  10   25 0.04
  12   18 0.69
  22   57 0.19
   5   25 0.91
  41   52 0.74
  17   61 0.95
  15   54 0.07
  26   58 0.08
  35   63 0.90
  33   50 0.84
  21   50 0.35

   3    4 0.18
  30   63 0.41
  41   82 0.83
   1   33 0.42
  24   62 0.73
  25   33 0.88
   2   33 0.70
  27   51 0.64
  44   84 0.15
  18   42 0.94
  39   79 0.21
  38   73 0.96
  42   72 0.76
  26   39 0.56
  36   67 0.76
  22   43 0.89
  20   62 0.49
  39   42 0.57
  24   42 0.47
  32   61 0.26
  39   45 0.37
  18   56 0.90
  41   76 0.86
  31   65 0.70
  37   73 0.77
  13   22 0.46
   7   45 0.70
  40   68 0.76
  35   56 0.35
  30   47 0.02
   5   34 0.48
  33   47 0.56
  35   62 0.70
  24   46 0.59
  28   39 0.67
  18   29 0.99
  20   56 0.76
  44   56 0.79
  19   43 0.39
  17   38 0.12

  35   54 0.12
  11   30 0.72
  18   49 0.11
  14   42 0.55
  11   48 0.69
   3   18 0.55
  19   49 0.90
  40   83 0.49
   6   12 0.11
  21   52 0.33
  26   41 0.94
  11   48 0.52
  21   56 0.92
   3   11 0.68
  40   69 0.05
  24   38 0.21
  40   60 0.18
   6    7 0.25
  34   68 0.77
  19   52 0.75
  23   43 0.24
  35   42 0.15
  18   42 0.14
  32   44 0.38
  11   14 0.79
  36   62 0.66
  23   64 0.42
  37   66 0.85
  34   39 0.02
  19   45 0.09
  10   17 0.84
   4   40 0.31
   8   14 0.59
  19   35 0.74
  42   47 0.33
  28   61 0.32
   9   12 0.11
   2    4 0.48
  12   43 0.27
   0   33 0.15

  34   60 0.65
  37   56 0.34
  38   81 0.63
  30   60 0.59
  21   30 0.71
  38   58 0.10
  20   58 0.72
  37   80 0.43
  40   50 0.30
   3   31 0.70
  17   24 0.48
  26   54 0.65
  29   51 0.78
  36   58 0.02
   2    8 0.31
  35   73 0.06
  30   73 0.84
   6   28 0.11
   6   29 0.11
  32   42 0.94
  21   47 0.87
  31   65 0.56
  34   57 0.63
  27   33 0.70
  15   31 0.37
  18   20 0.02
  25   31 0.35
  20   53 0.72
  23   34 0.80
  19   44 0.32
  24   63 0.99
  16   53 0.02
  44   88 0.39
  42   77 0.03
  31   72 0.57
  22   53 0.46
  28   52 0.66
  17   35 0.99
  44   68 0.57
   9   21 0.64

   5   22 0.92
  17   42 0.71
  39   57 0.51
  11   47 0.40
  22   40 0.14
  41   66 0.47
   9   48 0.72
   4   47 0.70
   5   14 0.97
  23   29 0.31
  33   56 0.50
  17   38 0.64
  36   43 0.17
  23   46 0.10
  22   32 0.59
  28   34 0.00
   6    6 0.26
  43   51 0.25
  41   55 0.41
  17   44 0.90
  28   50 0.34
  38   79 0.08
  14   33 0.38
  28   55 0.14
  33   35 0.58
   3   39 0.14
  33   55 0.90
  33   74 0.49
  35   45 0.19
  42   49 0.00
  11   51 0.22
  28   72 0.64
   8   31 0.17
  14   26 0.06
  34   52 0.67
   0    6 0.03
  23   32 0.36
  18   18 0.10
  42   82 0.64
  32   67 0.60

