5 100 8
3   16   4   4

  15   31 0.10
  28   33 0.66
  24   53 0.76
  31   52 0.25
  12   13 0.35
  11   16 0.57
  33   46 0.28
  32   45 0.06
   1   17 0.71
   8   11 0.65
   1    5 0.37
  30   42 0.90
   0   11 0.27
   5   24 0.59
   4   26 0.45
  25   29 0.29
  32   43 0.12
  27   38 0.34
  16   36 0.97
  37   50 0.66
  31   43 0.93
  25   41 0.61
  10   20 0.59
  44   46 0.06
  41   70 0.51
  38   61 0.24
  31   34 0.20
  13   21 0.71
   4   13 0.99
  15   31 0.79
  16   26 0.70
  40   63 0.23
  33   60 0.85
  38   41 0.53
   7   29 0.33
  41   46 0.85
   5   31 0.23
  14   42 0.52
   6   32 0.07
  16   18 0.15
  26   28 0.44
  33   53 0.73
  42   54 0.66
  37   41 0.93
  15   25 0.85
  25   53 0.42
  24   29 0.62
  25   28 0.25
  25   33 0.39
  17   41 0.15
  43   48 0.75
   9   21 0.62
  40   64 0.31
  10   16 0.77
  41   41 0.67
  34   47 0.78
  44   52 0.47
  17   39 0.72
  41   57 0.43
  10   21 0.88
  36   36 0.90
  43   47 0.66
   3   10 0.95
   2    8 0.54
  42   64 0.42
  12   39 0.45
  43   72 0.69
  32   52 0.71
  15   20 0.16
   0   26 0.42
  21   39 0.55
   9   38 0.60
  21   39 0.45
  20   29 0.79
  39   65 0.83
   9   23 0.71
  20   23 0.75
  39   51 0.31
  23   42 0.46
  31   46 0.96
  34   45 0.41
  39   66 0.71
  41   60 0.34
  16   37 0.56
  15   19 0.34
   6   13 0.19
  14   40 0.89
  16   20 0.46
  25   54 0.27
   5    8 0.30
  22   28 0.67
  39   61 0.09
  19   44 0.13
   3   16 0.51
  10   33 0.68
  19   34 0.43
  37   65 0.51
  26   33 0.68
  24   32 0.90
   1   22 0.03

  43   71 0.40
  32   60 0.15
   2   27 0.16
  11   14 0.13
  10   19 0.78
  32   60 0.67
   2   31 0.52
  19   35 0.65
   1   19 0.44
  10   14 0.41
   4   24 0.21
  21   27 0.33
   9   33 0.70
  43   54 0.19
  36   54 0.68
  37   58 0.75
  15   44 0.16
  30   40 0.41
  32   53 0.64
   0   13 0.35
  15   27 0.97
   4   19 0.18
   3    3 0.88
  10   17 0.29
  28   33 0.23
  36   43 0.60
  14   40 0.88
  14   34 0.51
  13   28 0.74
  40   42 0.27
  27   35 0.75
  44   60 0.20
  26   34 0.25
  18   26 0.52
  30   40 0.27
  14   32 0.47
  28   30 0.13
  35   61 0.61
  36   58 0.05
  24   30 0.30
  14   24 0.18
  35   46 0.79
  40   45 0.96
   1   13 0.98
  33   56 0.01
  44   58 0.16
  42   61 0.05
  39   57 0.36
  43   53 0.67
  25   33 0.50
  32   37 0.20
   7   25 0.97
  30   59 0.51
  40   57 0.00
  14   17 0.04
   5   27 0.29
  26   50 0.18
   6   15 0.82
   9   10 0.39
  40   59 0.33
  37   51 0.72
  23   37 0.67
  41   60 0.69
  36   56 0.79
  30   44 0.56
  41   60 0.23
  28   54 0.03
  42   42 0.66
  26   45 0.08
  30   43 0.97
  31   43 0.43
   4   14 0.03
  27   50 0.67
  10   12 0.75
  27   55 0.66
  18   31 0.44
  30   40 0.44
  38   59 0.24
  35   51 0.43
  17   34 0.67
  39   50 0.88
  20   32 0.46
   8   14 0.34
  13   26 0.19
  25   37 0.17
  32   50 0.80
  10   32 0.21
  33   52 0.05
  15   29 0.40
  19   36 0.58
   0    6 0.62
  39   65 0.82
  31   51 0.97
   0   22 0.02
  39   50 0.90
  10   39 0.15
   9   23 0.21
  31   49 0.89
  34   56 0.20
  15   22 0.70

  22   22 0.57
   5    5 0.79
  33   49 0.05
  17   35 0.39
  25   49 0.72
  36   48 0.52
   9   10 0.79
  21   22 0.65
  12   31 0.29
  17   39 0.16
  17   40 0.16
  10   32 0.11
  42   42 0.62
  32   38 0.53
  26   37 0.73
  23   37 0.54
   6   24 0.81
   5    8 0.34
   5   29 0.46
  12   14 0.00
  15   34 0.74
  44   70 0.86
  42   57 0.80
  43   62 0.86
   8   27 0.64
   8   25 0.94
  34   52 0.25
   2    8 0.49
  19   32 0.23
  40   42 0.03
   2    8 0.35
  36   61 0.30
  32   33 0.06
  12   22 0.24
   1   28 0.68
  12   16 0.07
   4   32 0.93
  37   52 0.54
  41   63 0.36
  20   22 0.81
  13   31 0.53
  34   58 0.37
  43   68 0.31
  37   46 0.64
   4   24 0.79
  36   45 0.83
  40   44 0.89
   3   10 0.85
  35   38 0.26
  17   24 0.47
  22   31 0.20
  38   52 0.43
  18   39 0.55
   8   25 0.28
  37   62 0.37
  26   31 0.00
  44   48 0.83
  39   46 0.05
  12   35 0.62
  24   29 0.48
  35   45 0.12
  34   48 0.40
  44   65 0.26
  41   56 0.42
   8   14 0.04
   1   29 0.18
  31   57 0.06
  35   45 0.58
   2   13 0.01
  10   11 0.85
  44   52 0.23
  43   51 0.80
  33   56 0.40
  20   33 0.74
  19   40 0.97
  18   32 0.03
  33   59 0.09
  11   37 0.40
   5   19 0.54
  14   16 0.28
   3    8 0.59
  25   47 0.77
  31   32 0.58
  31   44 0.41
  34   42 0.93
  27   54 0.26
  15   32 0.66
   2   21 0.12
  28   42 0.92
  39   53 0.77
  17   46 0.62
  30   36 0.29
  26   31 0.10
  41   61 0.99
  32   55 0.60
  15   44 0.11
  33   57 0.90
  29   42 0.91
  31   53 0.69
   8   35 0.25

