3 15 8
12    4  10  16   4  16   2  20   4  10  20  20  10

  28   59 0.05
  32   76 0.61
   1    1 0.34
   7   11 0.33
  13   58 0.56
  29   66 0.26
  27   56 0.24
  36   90 0.55
  16   26 0.70
  13   52 0.29
  10   60 0.97
  10   45 0.53
  11   62 0.43
   7   48 0.86
  37   76 0.02

  15   72 0.44
  28   81 0.13
   3   39 0.68
  28   33 0.75
  10   70 0.93
   2   20 0.28
   3   12 0.97
  39   40 0.91
   5   46 0.82
  40   68 0.71
  30   69 0.69
  16   56 0.45
  32   86 0.43
   9   61 0.57
  31   42 0.87

   7   26 0.60
  21   57 0.58
   8   64 0.77
  34   68 0.48
  21   51 0.48
  28   37 0.74
  28   84 0.23
  21   33 0.24
  38   75 0.83
  27   45 0.82
  13   57 0.47
  32   35 0.09
  38   67 0.34
  23   47 0.03
  22   73 0.19

  12   51 0.91
  16   77 0.53
   0   30 0.56
  16   23 0.97
  29   78 0.01
  11   61 0.72
  16   16 0.89
   0   45 0.33
  36   41 0.64
  38   98 0.66
  33   57 0.32
   6   58 0.89
  35   50 0.02
   8   30 0.19
  19   60 0.19

   7   69 0.30
   0   56 0.05
  21   31 0.94
   3   49 0.28
  37   76 0.04
  29   75 0.06
  26   30 0.89
  38   73 0.30
  22   58 0.69
   2   24 0.27
  13   15 0.64
  28   56 0.19
   3   45 0.94
  10   72 0.94
   2   24 0.43

   1   48 0.91
  25   51 0.48
  32   58 0.92
  38   48 0.83
  35   36 0.09
  11   71 0.25
  35   65 0.21
   5   59 0.51
  19   30 0.44
   1   40 0.09
  28   76 0.30
   6    6 0.16
   6   27 0.76
   3   28 0.67
  12   67 0.69

   4   38 0.45
   4   54 0.09
  26   84 0.43
  36   91 0.22
   5   59 0.27
  10   10 0.43
  11   53 0.63
  30   51 0.26
  29   69 0.69
  23   49 0.26
   6   23 0.57
  25   59 0.16
  26   61 0.91
   1   52 0.44
  14   62 0.67

   9   53 0.08
   4   55 0.57
  36   83 0.82
  14   49 0.28
  21   25 0.68
  25   33 0.25
  18   61 0.24
   3    3 0.85
  23   55 0.87
  22   31 0.73
  29   57 0.04
  25   65 0.00
   0    0 0.48
  39   81 0.51
  17   72 0.87

  39   39 0.27
  21   68 0.39
  33   79 0.17
   1   45 0.49
  40   55 0.65
  15   15 0.43
   6    6 0.60
  40   85 0.99
   2   41 0.13
  20   46 0.00
  25   71 0.27
   5   54 0.27
  10   27 0.20
   4   56 0.86
  26   55 0.32

   4   47 0.56
  41   59 0.80
  13   22 0.02
  11   40 0.00
  10   25 0.78
   3   49 0.97
  38   56 0.79
   4   51 0.19
   5   40 0.07
  16   31 0.11
  22   32 0.56
  10   32 0.90
  34   41 0.51
  33   42 0.57
  10   65 0.88

   2   45 0.31
  31   74 0.94
  15   31 0.41
  38   45 0.51
  10   33 0.93
   4   19 0.75
  24   71 0.99
  19   49 0.23
   7   55 0.77
   9   14 0.84
  22   83 0.70
   3   21 0.18
  29   71 0.96
  41   93 0.67
   9   43 0.57

  23   44 0.50
  40   50 0.67
  33   45 0.43
  16   52 0.31
  22   75 0.29
  17   77 0.59
  15   24 0.88
  27   48 0.30
  20   51 0.74
  34   57 0.21
  15   17 0.95
   4   54 0.97
  25   27 0.52
  32   74 0.17
  23   53 0.11

