5 50 8
6    4  10   2   2   2  10

   7   23 0.22
   5   25 0.72
   7   29 0.51
   6   19 0.34
   8   34 0.36
   3    6 0.77
   7   11 0.77
   1   23 0.22
   4    9 0.93
   5   11 0.81
   4    8 0.02
   0    3 0.77
   4    8 0.86
   2   21 0.53
   0    3 0.91
   5   22 0.82
   6   29 0.31
   5   10 0.06
   5   21 0.95
   7   12 0.56
   1   12 0.68
   6   24 0.27
   6   13 0.43
   5   25 0.19
   6    8 0.86
   1    8 0.58
   5   22 0.51
   2   16 0.71
   2   21 0.34
   6   29 0.61
   5    8 0.43
   3   23 0.05
   7   33 0.48
   7    9 0.97
   2   17 0.22
   8   22 0.62
   7   33 0.39
   4    7 0.43
   3   16 0.73
   4   26 0.69
   1   17 0.03
   5    8 0.22
   5   22 0.64
   6    6 0.97
   8   18 0.51
   3   27 0.36
   0   13 0.91
   4   18 0.08
   2   26 0.36
   1   15 0.65

   5   25 0.62
   8   24 0.02
   5    6 0.06
   1   25 0.60
   4   23 0.20
   3    4 0.33
   4   17 0.87
   7   26 0.04
   0   11 0.68
   1   17 0.68
   7   15 0.33
   4   10 0.63
   4   21 0.49
   5   12 0.09
   5   13 0.43
   3   13 0.16
   5   12 0.57
   2   17 0.04
   6   30 0.42
   3   26 0.90
   1   12 0.24
   6   19 0.61
   2    8 0.88
   6   18 0.83
   1   17 0.43
   3   21 0.77
   0   26 0.38
   7   14 0.59
   2   12 0.62
   8    9 0.28
   2   18 0.84
   8   20 0.34
   5   26 0.05
   6   19 0.22
   8   20 0.65
   7   32 0.43
   6   14 0.67
   7   26 0.76
   1    7 0.39
   1   23 0.74
   6   26 0.58
   2   11 0.32
   5   15 0.51
   6   13 0.71
   0   16 0.07
   0   13 0.36
   3   21 0.32
   4   10 0.61
   7   14 0.34
   8   17 0.67

   3   21 0.38
   2    3 0.46
   8   11 0.57
   2   28 0.05
   8   19 0.89
   1   17 0.84
   7   28 0.46
   0   25 0.32
   2   26 0.92
   0    2 0.91
   3   18 0.33
   2    8 0.15
   8   19 0.04
   4    4 0.28
   3   20 0.66
   0   12 0.50
   5   18 0.85
   8   33 0.66
   5   27 0.84
   8   14 0.23
   3   22 0.43
   3    9 0.59
   7   32 0.41
   6   21 0.28
   4   18 0.59
   4   14 0.74
   1    3 0.30
   3   23 0.41
   3   17 0.87
   1    4 0.03
   3   25 0.94
   4   28 0.47
   1   16 0.15
   0    1 0.31
   8    8 0.08
   7   16 0.81
   6   19 0.30
   2   13 0.52
   5    8 0.43
   3   16 0.02
   1   16 0.57
   1    8 0.99
   4    5 0.00
   7   23 0.76
   3   17 0.47
   7    9 0.12
   3   12 0.15
   8   33 0.44
   8   12 0.05
   3   26 0.15

   0   24 0.43
   7   21 0.22
   8   14 0.78
   3   13 0.29
   3   11 0.62
   4   21 0.03
   3    3 0.38
   2    9 0.85
   7    7 0.68
   5   10 0.52
   3    4 0.31
   3   27 0.95
   6   14 0.69
   6    6 0.97
   0   10 0.60
   2   15 0.29
   7   15 0.17
   6   20 0.05
   3    8 0.82
   3    9 0.32
   4   26 0.21
   1   16 0.48
   0   16 0.40
   6   24 0.78
   5   22 0.40
   8    8 0.59
   5   19 0.75
   7   15 0.26
   6   12 0.43
   1    5 0.79
   1   15 0.61
   7   26 0.72
   2   22 0.56
   1   17 0.90
   2   21 0.09
   5   27 0.98
   7   10 0.91
   0   15 0.93
   5   23 0.91
   1   19 0.78
   1    4 0.50
   8   26 0.33
   4   11 0.69
   2    2 0.33
   4   16 0.44
   4    9 0.15
   7   13 0.94
   0   11 0.19
   5   10 0.37
   8   28 0.62

   4    7 0.02
   7   30 0.45
   5    5 0.96
   1    1 0.45
   5    6 0.82
   1   23 0.83
   8   18 0.31
   2   22 0.45
   4   23 0.00
   2   23 0.22
   8   19 0.66
   1   17 0.20
   1   10 0.58
   3    6 0.77
   6    7 0.75
   0    4 0.14
   0    8 0.48
   7   13 0.59
   4   14 0.85
   7   27 0.19
   1   15 0.63
   2   26 0.89
   4    7 0.45
   1   18 0.17
   6   29 0.20
   0   26 0.93
   3   18 0.97
   4   13 0.28
   4   18 0.36
   6    7 0.38
   0   13 0.22
   3   22 0.07
   3   27 0.90
   1   14 0.53
   4   20 0.04
   8   30 0.25
   8   18 0.90
   7   21 0.99
   7   11 0.95
   5   26 0.85
   8   24 0.51
   0   12 0.64
   5   16 0.24
   0    4 0.14
   2   10 0.32
   4    4 0.68
   0   25 0.96
   1    7 0.18
   5   10 0.22
   4   17 0.16

   4    6 0.29
   0   18 0.24
   1    1 0.58
   1   15 0.52
   3   28 0.91
   5    8 0.07
   5   15 0.89
   7   18 0.59
   5   25 0.66
   1   21 0.09
   5   28 0.71
   5    6 0.58
   3   15 0.69
   6   14 0.65
   3   17 0.00
   5   11 0.69
   2   17 0.09
   0   18 0.09
   2   15 0.69
   0   24 0.38
   7   33 0.94
   4   18 0.67
   3    5 0.40
   2   21 0.60
   5   19 0.81
   1   22 0.29
   0   25 0.14
   2   28 0.12
   6   13 0.88
   4   22 0.26
   2   27 0.76
   4   27 0.17
   0    7 0.29
   5   11 0.00
   1   11 0.79
   1   16 0.25
   3   22 0.74
   7   23 0.11
   6   16 0.59
   8   30 0.62
   0   17 0.05
   4   14 0.20
   6    9 0.83
   2   25 0.71
   7   22 0.87
   3   23 0.30
   0    6 0.35
   8   26 0.76
   1   27 0.95
   1   24 0.64

