5 50 8
6   16  20   4  10  10  10

   2   31 0.28
   9   49 0.70
  15   22 0.29
  20   51 0.70
   8   45 0.61
   4    6 0.32
  18   47 0.78
   9   45 0.00
  10   49 0.79
   4   33 0.06
  19   38 0.47
   4   24 0.18
   5   22 0.98
  16   26 0.32
  14   30 0.86
  14   39 0.39
  19   51 0.80
  18   50 0.01
   0   27 0.40
  12   20 0.38
  16   50 0.23
   4   19 0.47
   2   21 0.13
   7   35 0.37
   3   31 0.85
  17   46 0.34
  18   34 0.33
   0    1 0.96
  11   11 0.83
  15   19 0.84
  18   26 0.73
  11   50 0.26
  11   29 0.58
  19   37 0.64
  19   28 0.85
  13   16 0.01
  18   41 0.68
  11   35 0.09
   2   43 0.07
   8   14 0.12
  11   12 0.94
   0   21 0.04
  13   34 0.07
  11   21 0.63
  18   51 0.94
  10   18 0.21
   7   34 0.85
   5   29 0.13
   0   22 0.35
   3   17 0.06

  13   40 0.89
   6   35 0.73
  17   57 0.63
  18   32 0.48
  20   23 0.10
  10   36 0.06
   3   18 0.97
   6   42 0.55
   4    7 0.93
  16   48 0.24
   6   33 0.99
   5   10 0.16
  17   40 0.30
  14   17 0.49
   0    0 0.69
  15   32 0.45
   7   15 0.79
  13   25 0.02
   7   11 0.07
  20   36 0.88
  13   30 0.73
  17   26 0.94
  12   38 0.40
   3   40 0.40
  19   61 0.96
   2   38 0.07
   5   36 0.32
   1   33 0.41
  17   55 0.27
   5   25 0.35
  17   19 0.84
   9   13 0.98
  16   30 0.52
  15   40 0.07
   3   31 0.39
  15   31 0.92
  17   50 0.51
  20   37 0.38
  15   21 0.39
  11   25 0.24
   3   44 0.09
   5   11 0.76
  10   31 0.37
  19   43 0.56
  11   26 0.55
   0   14 0.19
  18   33 0.66
   1    9 0.26
  11   32 0.41
  17   50 0.79

   8   41 0.75
   6   36 0.82
   7   25 0.36
  16   17 0.01
  19   37 0.73
  11   47 0.94
   3   43 0.18
  20   50 0.25
   7    9 0.64
   7   36 0.91
   8   14 0.17
  16   23 0.49
   7   22 0.74
   0   14 0.65
   1   39 0.57
  10   51 0.56
  12   43 0.04
   2    7 0.02
   5   21 0.03
   0    0 0.11
   2   36 0.97
  16   19 0.15
  16   58 0.02
  18   30 0.57
   2    4 0.17
   9   27 0.36
   2   40 0.79
   7   30 0.90
  15   40 0.75
   1   39 0.06
  11   20 0.28
  18   24 0.58
  17   55 0.06
   2   24 0.98
  18   35 0.69
  20   55 0.70
   3   20 0.74
  17   20 0.28
   5   10 0.44
  19   36 0.48
  15   42 0.83
  20   28 0.00
   6   14 0.78
  15   37 0.82
   4   38 0.12
   5   37 0.84
   0   20 0.97
   0   38 0.63
  10   21 0.12
   9   38 0.74

  17   44 0.43
  16   43 0.18
  15   41 0.14
  20   37 0.87
   2   39 0.28
  12   18 0.96
  13   51 0.71
   7   16 0.57
   8   26 0.83
  20   47 0.92
  17   32 0.81
   1   42 0.69
   9   26 0.99
  12   12 0.68
  19   33 0.45
  12   18 0.17
   3   23 0.92
   3   35 0.81
  12   13 0.13
   2   30 0.64
  13   22 0.79
  10   36 0.39
  17   51 0.87
  14   20 0.38
  13   37 0.47
  19   39 0.03
   6   11 0.96
  20   47 0.50
   6   41 0.28
  13   34 0.38
   2   31 0.61
   0   31 0.09
   8   11 0.38
  20   40 0.27
  12   14 0.54
  18   32 0.21
  16   26 0.38
  19   19 0.50
   9   10 0.00
   3    4 0.54
   7   45 0.63
  11   36 0.34
  18   32 0.29
   5   26 0.88
   8   41 0.76
   9   10 0.28
   8   50 0.45
  12   36 0.21
  18   39 0.08
   0    0 0.90

  14   49 0.84
  13   31 0.41
  12   44 0.90
   9   13 0.88
  20   33 0.17
  18   55 0.44
  19   46 0.11
  13   15 0.28
  18   29 0.13
  15   53 0.43
  15   44 0.05
   3    4 0.43
   8   35 0.89
  10   35 0.06
  15   15 0.30
   6   44 0.86
  16   52 0.09
  13   26 0.48
  19   36 0.16
  17   21 0.10
   9   39 0.82
  12   34 0.35
   3    5 0.94
  10   29 0.72
   3   36 0.17
   8   19 0.54
   6   45 0.83
  15   57 0.52
   3   18 0.60
   5   21 0.00
  16   27 0.38
   9   51 0.01
  12   48 0.05
   5   30 0.20
   3   45 0.82
  19   39 0.77
   7   49 0.53
  10   24 0.58
  14   45 0.39
  11   27 0.85
  20   42 0.43
   8    9 0.32
  16   38 0.53
   2   33 0.11
   3   11 0.74
  12   15 0.37
   6   33 0.79
   5   12 0.18
   1   11 0.23
  16   39 0.52

  20   44 0.83
   9   36 0.22
  16   41 0.34
  14   53 0.09
   1   25 0.73
   9   25 0.70
  10   15 0.71
   7   22 0.43
  10   18 0.41
   8   37 0.50
   6    9 0.92
   2   33 0.10
   3   18 0.17
  20   21 0.61
   8   22 0.54
   1    4 0.76
   9   11 0.19
  17   45 0.86
   9   16 0.52
   2    2 0.93
   5   35 0.51
   8   32 0.42
  15   36 0.54
  17   56 0.04
   0   28 0.59
  19   19 0.30
   7   36 0.02
  10   30 0.10
  17   56 0.31
  19   49 0.61
   9   37 0.36
  14   37 0.74
   0   34 0.55
  10   10 0.96
  18   41 0.17
   0    0 0.22
  11   47 0.39
  11   32 0.39
   3    6 0.69
   6   34 0.24
   7   43 0.06
   2    2 0.60
   8   13 0.80
   5   12 0.74
   8   12 0.94
  18   42 0.63
   9   49 0.61
  12   24 0.41
  19   51 0.68
  10   31 0.57

