3 50 8
6   10   2  16   4  10  20

  13   26 0.45
  28   29 0.11
  51   66 0.88
  27   34 0.87
  37   58 0.50
  62   73 0.34
  14   29 0.33
  23   47 0.23
   8   18 0.68
  56   68 0.61
  44   56 0.02
  53   78 0.32
  31   32 0.39
  21   46 0.85
  35   54 0.94
  34   56 0.93
  25   53 0.69
  24   41 0.28
  47   78 0.57
  28   34 0.79
  57   58 0.85
   1   12 0.82
  30   55 0.92
  15   34 0.43
  34   59 0.27
   1    1 0.68
  57   75 0.80
  50   60 0.79
  32   44 0.57
  58   85 0.86
  52   83 0.94
  34   37 0.77
  58   84 0.57
  59   59 0.21
  25   46 0.84
  61   78 0.64
  55   84 0.13
  58   84 0.17
  50   56 0.27
   2   15 0.81
  46   76 0.78
  19   27 0.43
  53   80 0.04
  40   40 0.70
  18   40 0.36
   1   10 0.91
  52   70 0.43
  60   75 0.49
  60   67 0.77
  26   33 0.92

   4   30 0.85
  63   74 0.71
  59   84 0.68
  16   18 0.45
  45   58 0.44
   0   25 0.58
  25   50 0.76
  38   68 0.11
  19   33 0.81
  54   84 0.04
  46   61 0.66
  47   62 0.26
  36   39 0.45
  32   46 0.28
  42   42 0.59
  14   16 0.73
   2   23 0.33
  33   56 0.54
  31   35 0.62
  41   56 0.80
  50   55 0.12
  22   31 0.55
  13   21 0.85
  48   78 0.93
   6   23 0.93
  58   66 0.35
  49   56 0.82
  13   35 0.67
   7   15 0.89
  61   81 0.58
  15   20 0.44
  44   57 0.69
  39   50 0.97
  32   55 0.45
  62   74 0.58
  46   58 0.99
  37   42 0.28
  21   37 0.76
  53   64 0.35
  40   42 0.73
   1   14 0.40
  21   21 0.27
  20   32 0.07
  34   45 0.25
  34   59 0.42
   1   19 0.34
  53   74 0.77
  13   14 0.94
   5   10 0.15
  62   77 0.49

  52   53 0.02
   4    7 0.88
  40   45 0.24
  11   13 0.65
  60   60 0.09
   6   11 0.14
  55   62 0.41
  36   45 0.35
  19   32 0.79
  51   75 0.38
  55   67 0.93
  28   57 0.10
  40   54 0.90
   6   32 0.12
  48   57 0.94
  55   57 0.59
  27   45 0.65
  19   20 0.74
  31   57 0.03
   7   25 0.91
  13   19 0.66
   1    4 0.39
  28   34 0.98
   8   14 0.69
  42   67 0.35
   9   17 0.89
   8   33 0.19
  61   68 0.69
  51   68 0.93
  48   68 0.68
  58   88 0.81
  12   31 0.77
  15   28 0.11
   1   16 0.04
  44   72 0.80
  24   43 0.10
  20   49 0.58
  15   37 0.30
  33   52 0.82
  30   57 0.37
  18   49 0.37
  42   49 0.31
  25   48 0.63
  18   20 0.67
  32   60 0.27
  32   40 0.64
  56   68 0.39
  59   64 0.02
  43   45 0.70
  55   79 0.37

  50   52 0.46
  13   35 0.41
  59   62 0.59
  40   66 0.39
  58   77 0.90
   6   17 0.46
   7   21 0.16
  30   60 0.32
  45   72 0.95
  11   14 0.22
  59   72 0.17
  47   65 0.27
  58   82 0.11
   4   31 0.53
   8   39 0.74
  26   35 0.28
  20   23 0.80
  53   70 0.67
  45   69 0.36
   2   11 0.86
  27   41 0.55
  31   54 0.07
   4   26 0.07
  42   68 0.10
   7   38 0.90
  23   51 0.38
  15   19 0.91
  50   63 0.53
  21   32 0.65
  37   60 0.22
   3   24 0.98
  18   29 0.89
  54   77 0.12
  32   53 0.43
  21   46 0.25
  21   52 0.32
  54   65 0.17
   8   12 0.02
   4    8 0.53
  23   28 0.38
  41   65 0.32
  36   36 0.57
  39   40 0.44
   2   22 0.64
  28   40 0.22
  30   59 0.27
  55   71 0.88
   5   14 0.33
  58   77 0.03
  28   50 0.60

  31   39 0.31
  23   45 0.44
  61   78 0.58
  32   53 0.99
   2   11 0.45
  43   53 0.43
  24   53 0.47
  34   36 0.47
  13   14 0.74
  52   54 0.27
  34   34 0.03
  45   61 0.99
  62   64 0.44
  28   44 0.36
   4   19 0.74
  56   62 0.25
  52   53 0.35
   0   10 0.19
  37   43 0.46
   6   17 0.09
  57   76 0.58
  46   67 0.57
  21   27 0.79
   0   21 0.86
  13   17 0.62
  33   51 0.82
  57   73 0.58
  17   36 0.05
  52   76 0.84
  60   69 0.90
  54   56 0.82
   3   28 0.21
   1    7 0.28
   6   27 0.91
  32   50 0.28
  24   35 0.02
  36   53 0.51
  37   52 0.35
  36   45 0.21
  44   57 0.89
  49   58 0.29
  31   62 0.87
  52   54 0.14
  10   19 0.68
  51   53 0.47
  13   13 0.89
  51   55 0.88
  12   13 0.59
  48   67 0.83
  33   51 0.30

  33   61 0.78
  55   78 0.34
  62   80 0.47
  25   30 0.79
   8   38 0.31
  22   49 0.28
   6   20 0.51
   4    8 0.46
  39   69 0.66
  22   43 0.24
  22   36 0.69
  54   85 0.79
  30   40 0.96
  34   52 0.30
  45   54 0.29
   7   36 0.28
  27   38 0.28
   0   19 0.64
   2    7 0.97
  17   18 0.25
   4   32 0.53
  44   63 0.78
  21   41 0.94
  41   69 0.88
  37   46 0.26
  52   77 0.34
  57   69 0.85
  29   48 0.89
  27   39 0.57
  20   51 0.29
  33   39 0.52
  48   64 0.12
   1    6 0.76
  19   20 0.06
  42   68 0.15
  18   32 0.96
  27   52 0.68
  30   39 0.17
  41   66 0.14
  36   37 0.66
   0   12 0.55
  36   61 0.15
  55   66 0.61
  43   48 0.77
  12   14 0.06
  50   76 0.42
  57   67 0.00
  18   25 0.45
   6   24 0.91
  16   20 0.25

