4 100 8
3   10  16   4

  59   93 0.45
  16   34 0.20
  57   74 0.93
  14   57 0.91
   3   36 0.83
  22   64 0.19
  31   44 0.47
  22   38 0.13
  49   75 0.54
   2   42 0.85
  67   95 0.65
  33   45 0.78
  11   23 0.31
  68  100 0.00
  10   24 0.67
  27   27 0.31
  40   42 0.12
   8   13 0.24
  14   17 0.35
  66   82 0.73
  41   83 0.97
  24   67 0.13
  42   58 0.28
  24   26 0.05
  49   93 0.79
  42   54 0.69
  57   58 0.96
  60   92 0.21
  20   62 0.10
  14   56 0.41
  65  108 0.62
  47   47 0.32
  44   58 0.96
  53   76 0.61
  46   76 0.28
  21   29 0.28
   7   48 0.03
  47   76 0.83
  43   63 0.33
  31   76 0.66
  45   45 0.00
  59   87 0.73
  60   95 0.06
  31   31 0.51
  22   33 0.89
  36   58 0.37
   4    8 0.69
  25   48 0.05
  15   33 0.49
  39   80 0.40
  56   71 0.26
  29   68 0.39
  66  107 0.97
  16   45 0.84
  12   27 0.38
  62  102 0.84
  65   82 0.93
  27   57 0.15
  49   67 0.44
  31   42 0.89
  49   70 0.36
  26   50 0.69
  38   68 0.91
  35   76 0.23
  54   95 0.13
   7   50 0.50
  55   56 0.89
  20   50 0.85
  64   91 0.86
  44   84 0.32
  55  100 0.65
  31   59 0.82
  33   69 0.97
  29   66 0.42
  14   25 0.55
  39   78 0.56
  44   58 0.29
   2   39 0.26
   1    9 0.55
  52   70 0.58
  13   43 0.07
  12   30 0.15
  42   64 0.51
   7   17 0.32
   7   46 0.89
  33   49 0.30
  68   93 0.09
  57   94 0.42
  23   61 0.55
  52   53 0.82
  39   44 0.45
  41   51 0.15
  35   48 0.60
  15   41 0.26
  34   45 0.19
  11   46 0.01
  52   75 0.22
  13   41 0.86
  22   28 0.01
  61   72 0.56

  16   54 0.73
  51   89 0.13
  39   39 0.50
  43   81 0.95
  35   37 0.58
  65   91 0.61
  12   48 0.85
  63   65 0.63
  44   86 0.43
  54   80 0.31
  60  104 0.12
   1   37 0.84
  54   57 0.93
  10   21 0.90
  19   27 0.04
  66   81 0.27
  49   89 0.30
  27   66 0.11
  12   26 0.86
  59   75 0.69
  27   61 0.04
  28   61 0.62
  18   22 0.87
  19   22 0.25
  56   75 0.78
  55   68 0.46
  46   82 0.95
   0   34 0.64
  52   75 0.08
  47   70 0.53
  55   86 0.87
  11   31 0.34
  55   91 0.73
  47   58 0.35
  34   62 0.09
  26   42 0.18
  29   54 0.85
  57   91 0.45
  31   49 0.32
  16   19 0.98
  56   85 0.63
   7   25 0.57
  37   49 0.45
  36   61 0.17
  45   49 0.05
  16   52 0.92
  53   54 0.38
  33   63 0.66
  29   54 0.82
  53   61 0.93
  13   28 0.01
  52   87 0.34
   0   30 0.40
  34   40 0.00
  34   37 0.21
   3    9 0.79
  25   41 0.26
  13   53 0.99
   3   10 0.79
  41   63 0.54
  66   77 0.48
  19   33 0.92
  67  105 0.40
  65   81 0.39
  67  103 0.36
  62   95 0.52
  56   93 0.45
  63   65 0.43
  42   80 0.07
  49   61 0.02
  52   81 0.00
  66   72 0.51
  38   64 0.65
  51   67 0.39
  14   58 0.05
  59   77 0.74
   2   32 0.30
  30   49 0.37
   5   16 0.79
  59   72 0.15
  47   91 0.18
  31   70 0.46
  41   59 0.29
  41   79 0.84
  50   52 0.87
  35   52 0.31
  54   76 0.36
   7   23 0.99
  16   21 0.16
  22   40 0.60
   1   45 0.50
  31   50 0.56
  45   49 0.08
  22   43 0.58
  62   69 0.16
  52   71 0.86
  22   25 0.88
  33   37 0.47
  49   75 0.79
  67   94 0.05

  36   68 0.45
  61   97 0.25
  26   43 0.88
   5   22 0.72
  15   15 0.62
  49   90 0.22
  17   35 0.65
  58   94 0.47
  42   69 0.80
   7   33 0.26
  44   56 0.83
  57   71 0.03
  67   71 0.83
  11   26 0.73
  16   49 0.66
  27   33 0.77
  34   67 0.89
  17   61 0.71
  25   52 0.79
  14   15 0.32
  21   32 0.65
  65  102 0.06
   5   17 0.01
  25   26 0.05
  68  103 0.14
   7   10 0.99
  49   50 0.02
  38   70 0.53
  30   59 0.27
  42   43 0.80
  42   57 0.78
   1    5 0.86
  41   41 0.38
  58   87 0.56
  16   35 0.64
  62   84 0.42
  17   19 0.08
  43   77 0.80
  32   32 0.08
  10   11 0.39
  42   47 0.91
  53   55 0.13
  67   89 0.38
  40   77 0.54
   0    3 0.96
  29   40 0.83
  11   41 0.21
  28   44 0.83
  45   55 0.54
  48   66 0.92
  61   93 0.02
  41   44 0.89
  22   44 0.31
  48   77 0.80
   2   25 0.75
   5    9 0.11
  68   83 0.12
  49   80 0.76
   0   35 0.50
  68   78 0.42
  50   50 0.27
  18   41 0.76
  13   27 0.27
  63   86 0.44
  16   28 0.21
  18   45 0.98
   1    4 0.29
  48   76 0.00
   4   35 0.33
  67  107 0.63
  38   83 0.67
  40   80 0.36
  46   53 0.91
  42   62 0.09
   3   28 0.27
   7   25 0.19
  61   69 0.16
  35   74 0.19
  51   94 0.86
  50   65 0.51
  67   69 0.42
  37   52 0.55
   9   37 0.55
  18   19 0.39
  16   31 0.79
  63   88 0.34
  46   58 0.97
  42   60 0.28
  65   88 0.08
   4   43 0.76
   6   39 0.49
  10   25 0.86
  46   91 0.99
   3   19 0.30
  21   26 0.57
  16   57 0.84
  42   57 0.16
  29   33 0.00
  23   23 0.79
  15   33 0.16

