3 80 8
3   10  16  16

  10   67 0.30
  41   97 0.81
  35   87 0.33
 101  180 0.11
  56   61 0.79
  19  115 0.21
  66  159 0.72
  92  108 0.50
  59   72 0.63
  49  109 0.32
  16  108 0.02
  68  108 0.78
  94  154 0.61
  61   78 0.75
  96  171 0.49
  15   77 0.08
  48  115 0.36
  65  169 0.55
 104  104 0.36
  99  200 0.41
  86  101 0.54
  22   80 0.28
  16   93 0.34
  49  142 0.46
   6   32 0.22
  53  156 0.46
 102  130 0.05
   0   74 0.23
  67  158 0.01
  65  150 0.08
  52   96 0.88
  70  174 0.18
  33   91 0.06
  56   56 0.81
  29   91 0.38
  74  139 0.51
  60  130 0.61
 102  203 0.04
  21   85 0.20
  23  113 0.65
  43  135 0.73
  11  112 0.89
   0   26 0.01
  40   98 0.79
  84  119 0.33
  44   65 0.29
  33  131 0.02
  60  100 0.72
  69   86 0.88
  51   65 0.89
 103  111 0.49
  75  102 0.65
  12   90 0.95
  51   76 0.14
  27   70 0.78
  36  115 0.90
  43  140 0.80
  95   96 0.31
  75   91 0.54
  36  123 0.07
  37   69 0.96
   3   22 0.08
  84  170 0.66
  97  135 0.78
  26  102 0.77
  53   63 0.18
  16   57 0.57
  72  127 0.20
  45   62 0.44
  40  124 0.48
  31   80 0.33
  41   75 0.84
  53   71 0.89
  40   46 0.36
  16  102 0.15
  78   85 0.67
  20   65 0.29
 100  107 0.53
  62  110 0.16
  90  116 0.51

  46  140 0.91
  82  131 0.40
  24   70 0.23
   7  109 0.85
  60  106 0.99
  92  111 0.32
  80  131 0.57
  99  180 0.13
  98  170 0.07
  85  152 0.71
  25   85 0.39
   6   39 0.49
  19   49 0.39
  48  130 0.58
  43   55 0.18
  99  138 0.69
  59  163 0.11
  88  153 0.41
 100  146 0.31
  35   71 0.49
  39  125 0.46
  85  110 0.99
  83  135 0.05
 104  177 0.98
  38   55 0.37
  34   73 0.67
  86  143 0.44
  12   27 0.18
   8   11 0.65
  15   27 0.91
   1   93 0.43
  62  130 0.63
   4   72 0.78
  73   77 0.48
  38   89 0.85
  11   39 0.34
  88  125 0.17
  67  148 0.95
  96  198 0.23
  70  142 0.09
  32   83 0.47
  94  148 0.67
  29   64 0.90
  34  104 0.74
  55  142 0.62
  61  104 0.87
   0   67 0.71
  97  192 0.33
  61   77 0.04
  69  170 0.81
  74   82 0.75
  91  162 0.64
  43  109 0.54
  44  134 0.75
  51  111 0.48
  35  137 0.76
 101  149 0.07
  39  125 0.89
   7   32 0.15
  62  120 0.68
   6   25 0.93
  63  132 0.24
  32   64 0.88
 101  181 0.09
   5   24 0.03
  43  114 0.74
  61  116 0.60
   0   40 0.68
  19   52 0.76
  79  150 0.54
 104  154 0.14
  71  161 0.20
   9  102 0.64
  61   95 0.37
  28   37 0.04
   8   14 0.30
  31  113 0.73
  95  151 0.58
  86  144 0.34
  21   75 0.95

  50  138 0.04
 100  134 0.62
  99  141 0.95
   4   13 0.51
  30   77 0.64
   4   90 0.95
  84   99 0.55
  51   55 0.31
  18   79 0.09
   6   52 0.99
  84  131 0.93
  84  184 0.84
  73  126 0.73
  59  117 0.67
  38  134 0.99
   6   51 0.33
  11  101 0.12
  74   75 0.33
 102  143 0.07
  32  128 0.71
  76  180 0.78
   7   89 0.65
  73  120 0.11
   0   41 0.63
  47   80 0.82
  23   38 0.55
  32   61 0.76
   2   64 0.01
  48  122 0.88
  64  134 0.75
  90  163 0.66
  62  118 0.87
  21   55 0.87
  42  113 0.21
  14   44 0.31
  46  118 0.95
  53  119 0.80
  37   63 0.84
   5   67 0.33
  41   71 0.85
  62  142 0.45
  50  134 0.79
  49   91 0.06
  46  123 0.91
  99  162 0.09
  26   88 0.72
  45   79 0.11
  63  115 0.95
  38  124 0.75
  12   34 0.89
  26  126 0.83
  70  127 0.23
  39  124 0.94
   7   33 0.85
  78   92 0.17
  29   54 0.02
  31  116 0.81
  84   89 0.81
  54   60 0.34
  48  141 0.90
  49  145 0.27
  74  154 0.74
   0   77 0.76
  70  170 0.56
  34   97 0.53
  45  102 0.53
  42   77 0.92
  46   89 0.04
  32   93 0.14
  89  182 0.33
  17   21 0.76
  51   55 0.42
  62   63 0.74
  47   70 0.99
  51   74 0.81
  80  175 0.45
 104  154 0.74
  39   66 0.32
  71   77 0.41
  15   48 0.58

