5 60 4
3    4  20  16

  17   25 0.44
  53   78 0.70
  30   39 0.28
  20   39 0.26
  27   56 0.47
  26   35 0.09
  29   41 0.79
  25   44 0.06
  15   24 0.43
  15   43 0.84
  32   56 0.98
  28   31 0.75
  35   57 0.58
  12   27 0.55
  13   16 0.38
  51   65 0.65
  54   61 0.50
  56   85 0.77
  45   72 0.95
  17   22 0.18
  29   44 0.33
  47   76 0.27
  32   53 0.13
  25   35 0.55
  15   22 0.66
  32   41 0.94
   1    4 0.90
   7    7 0.44
  40   42 0.68
   8   16 0.07
  51   80 0.32
  15   44 0.19
  48   74 0.60
   3   30 0.25
  41   59 0.57
  21   40 0.87
  31   53 0.64
  43   65 0.18
  17   20 0.58
  42   51 0.81
  20   42 0.99
  16   31 0.94
  19   35 0.43
   9   10 0.67
  15   15 0.11
  11   38 0.85
   5   27 0.59
  24   33 0.72
   0   26 0.59
  46   52 0.78
  46   53 0.87
   1   18 0.79
  29   32 0.37
   2   22 0.08
  48   51 0.96
  39   55 0.39
  22   29 0.70
  42   57 0.28
  38   46 0.94
  21   26 0.59

  59   76 0.88
  16   40 0.68
  14   23 0.83
   1   28 0.06
  58   67 0.27
  22   51 0.46
  30   52 0.03
   5   19 0.93
  30   32 0.23
   3    8 0.28
  24   30 0.33
   7   34 0.04
  39   49 0.97
  26   33 0.99
  51   57 0.55
  30   55 0.14
  35   59 0.32
  38   42 0.06
  40   60 0.74
  20   20 0.88
  16   34 0.11
  27   37 0.49
  10   27 0.49
  34   51 0.68
  48   75 0.25
  37   45 0.57
  30   41 0.26
   5   15 0.31
  14   39 0.99
  22   40 0.62
   2   19 0.40
  47   76 0.96
  18   27 0.24
  53   55 0.46
  24   29 0.39
  25   34 0.90
  31   35 0.85
  36   36 0.28
  37   54 0.90
  34   56 0.00
  10   19 0.60
  18   24 0.18
  11   40 0.28
   5   28 0.71
  38   65 0.68
  30   41 0.71
  55   57 0.78
  58   82 0.84
  19   26 0.54
  23   47 0.57
  11   23 0.66
  19   27 0.10
  24   30 0.05
  25   36 0.45
  55   56 0.55
  49   69 0.03
  16   28 0.30
  42   49 0.90
  49   72 0.51
   8   36 0.98

  43   72 0.65
  37   49 0.43
   3   17 0.73
  44   59 0.36
   4    7 0.96
  19   28 0.04
   1    7 0.89
  20   24 0.24
  58   85 0.98
   3   25 0.56
  15   26 0.37
  21   34 0.23
  28   44 0.51
   0   11 0.37
  24   28 0.14
  39   55 0.57
  58   59 0.03
  37   43 0.35
  19   32 0.87
  54   60 0.36
   2   15 0.15
   8   13 0.50
  53   75 0.32
  32   32 0.79
  38   58 0.71
  19   46 0.10
  27   36 0.05
  49   73 0.34
  38   49 0.01
  43   45 0.56
  18   41 0.68
   8   27 0.90
  44   50 0.05
  13   21 0.07
  45   58 0.01
  24   43 0.87
  39   50 0.33
  42   51 0.03
  58   62 0.05
  26   29 0.04
  41   70 0.51
  38   47 0.65
  51   75 0.65
  33   33 0.76
  56   85 0.13
  17   38 0.35
  22   35 0.80
  10   26 0.83
  43   69 0.16
  37   55 0.70
  15   16 0.90
  57   78 0.28
  57   57 0.33
  51   59 0.38
  46   73 0.83
   0   14 0.44
  39   50 0.88
  56   61 0.40
  10   25 0.72
  31   42 0.65

