4 60 8
3   20   4   4

  18   25 0.09
   7   30 0.43
  20   37 0.23
   5    8 0.21
   6   24 0.83
  24   29 0.69
  17   23 0.85
  20   41 0.90
  11   31 0.14
   0    3 0.85
   8   20 0.80
   8   14 0.75
   1   11 0.33
  18   42 0.29
   2   13 0.94
  19   27 0.69
   2    9 0.71
  15   23 0.72
  17   41 0.22
  25   35 0.50
   0    9 0.38
   1   15 0.90
  16   27 0.63
  25   38 0.28
   0   23 0.60
   4   18 0.81
   3   10 0.29
  15   34 0.10
  18   37 0.83
  17   39 0.77
  14   18 0.40
   8   14 0.34
  11   25 0.67
   8   14 0.84
  15   16 0.85
   2   17 0.31
  17   18 0.47
   4   14 0.75
  16   20 0.99
   5   18 0.88
   7   28 0.73
   8   33 0.80
  17   17 0.79
  10   21 0.17
  13   35 0.36
  12   23 0.64
   5    6 0.51
  15   40 0.04
  17   31 0.87
   0   15 0.11
  12   26 0.27
  12   14 0.60
   9   32 0.51
  12   20 0.62
  20   42 0.36
  20   37 0.97
   0    1 0.32
  25   48 0.84
   8   31 0.57
   0   13 0.03

   4   12 0.44
   8   20 0.45
   5   13 0.60
  25   47 0.80
  12   29 0.96
   4   13 0.79
   3   28 0.03
  24   47 0.31
  23   45 0.19
   8   21 0.89
  11   18 0.75
  15   18 0.83
  15   20 0.80
  16   22 0.57
   2   15 0.39
  25   50 0.59
  25   25 0.75
  14   38 0.77
  17   27 0.04
  10   14 0.76
  18   32 0.79
  10   31 0.71
  10   18 0.99
  21   24 0.76
  22   33 0.31
   5    6 0.01
   0   14 0.56
   5   14 0.08
  16   30 0.13
   9   13 0.26
  24   25 0.07
  24   29 0.97
  22   43 0.67
   4    7 0.26
  24   27 0.37
   4   12 0.94
  20   36 0.69
  25   42 0.42
  14   35 0.84
  16   25 0.61
   1   26 0.66
  18   39 0.84
  16   27 0.17
  16   27 0.44
  16   20 0.94
  14   20 0.18
  11   12 0.36
  11   25 0.18
  16   40 0.51
   9   13 0.33
  25   48 0.81
   7   22 0.35
  20   39 0.59
   2    3 0.48
   9   16 0.27
   0   16 0.71
   6   15 0.90
  20   32 0.37
   7   30 0.79
  15   20 0.73

   3   14 0.13
   9   17 0.03
  10   27 0.82
   9   31 0.91
  25   34 0.78
   8   22 0.21
   2    5 0.61
  11   35 0.88
  22   30 0.33
  11   21 0.82
  11   25 0.88
   8   14 0.94
  22   42 0.11
  18   22 0.43
  22   27 0.33
   8   19 0.90
   5   19 0.41
  14   31 0.89
  20   40 0.99
   8   16 0.46
  15   15 0.28
   3   21 0.02
  15   39 0.43
   5   18 0.49
  11   26 0.15
  12   12 0.26
   2    7 0.78
  15   32 0.16
  10   24 0.00
   0   15 0.72
  23   26 0.95
  22   29 0.15
  15   19 0.50
  16   29 0.03
  18   42 0.35
   8   23 0.85
  20   37 0.07
   5   20 0.07
   9   11 0.98
   5   12 0.85
  15   29 0.18
  10   18 0.32
  25   32 0.32
  23   29 0.34
  25   28 0.43
   0    1 0.21
  14   26 0.64
   6   15 0.54
  10   17 0.67
   2   11 0.20
   1   20 0.75
   6    8 0.90
  18   35 0.62
   6   29 0.29
  21   46 0.53
   2   20 0.71
   2   23 0.10
  22   23 0.17
  13   31 0.44
   3   16 0.48

