4 30 8
6   16   2  10   4  16  10

  10   12 0.36
   9   15 0.66
  12   20 0.88
  12   14 0.19
   4    4 0.08
   2    8 0.84
   8   10 0.15
   1    1 0.19
   1    5 0.21
   8   13 0.19
   0    0 0.85
   1    2 0.98
   5   17 0.65
   6   15 0.80
   4    6 0.93
   6    7 0.48
  11   17 0.19
   8   18 0.48
   2    5 0.94
   5    7 0.40
   7   12 0.37
   7   13 0.59
  10   15 0.31
  12   22 0.47
   7   17 0.11
   9   13 0.31
   5    8 0.21
   9   14 0.69
   0    7 0.00
  10   10 0.18

  11   13 0.66
   2    2 0.26
   2   14 0.52
   5   13 0.16
   0    9 0.02
  10   18 0.36
   3   13 0.78
  10   15 0.63
   9   18 0.29
   0   10 0.76
   0    7 0.02
   0    2 0.40
   3   12 0.54
   6    8 0.93
   3   10 0.90
   5   16 0.92
   3    6 0.22
   3   12 0.51
   8    9 0.25
   7   16 0.23
   1    9 0.87
   4   14 0.29
   3   13 0.61
  11   14 0.00
  12   19 0.71
   7   17 0.42
   9   19 0.02
   6   12 0.36
   0   10 0.13
   7   14 0.61

   6    8 0.83
   1    3 0.19
  12   18 0.26
   5   14 0.78
   0    1 0.19
   7   13 0.85
   7   11 0.84
   6    6 0.67
   5   17 0.86
   6   10 0.16
  11   20 0.94
   4    4 0.27
   5   16 0.18
   9   21 0.51
   2    5 0.59
   1   12 0.34
   0    3 0.72
   4    5 0.23
   9   21 0.82
   4    7 0.18
   9   14 0.32
   3   14 0.25
   2   10 0.28
   0    3 0.49
  12   19 0.28
   5   12 0.28
  10   11 0.76
  11   16 0.07
  11   14 0.31
   3   11 0.31

   9   16 0.83
   4   10 0.70
   8    8 0.86
   6   10 0.24
   6    9 0.76
   2    4 0.87
   2   14 0.54
   5    9 0.98
   4    5 0.59
  12   23 0.42
  12   24 0.70
   8    8 0.01
   3    7 0.72
   4   13 0.41
   7   16 0.71
  10   13 0.40
   8   16 0.90
   4    4 0.37
   1    7 0.07
  12   18 0.52
   5   17 0.03
   2   10 0.90
   0    8 0.42
  10   15 0.47
   3    3 0.23
   2    6 0.41
   5   15 0.74
  12   22 0.14
   3   13 0.57
  10   17 0.95

   2    5 0.78
   9   10 0.27
   5   11 0.21
   7   18 0.04
   9   19 0.90
  11   13 0.42
   1    1 0.83
   5   14 0.56
   5   17 0.85
   5   16 0.55
   8   14 0.43
   7    8 0.80
   0   12 0.91
   3    8 0.72
   1    2 0.58
  11   18 0.88
   7   11 0.49
   3    5 0.39
   5    9 0.68
  11   17 0.65
   9   14 0.90
   3    4 0.18
   9   13 0.55
   1    6 0.74
  10   12 0.11
   9   14 0.65
  11   22 0.95
  12   24 0.31
   8   11 0.29
  11   12 0.28

   7   19 0.98
   7   13 0.93
   8   13 0.38
   2    6 0.46
   6   15 0.38
  10   16 0.23
   3   12 0.06
  10   13 0.77
   5   13 0.89
   9   21 0.97
   8   20 0.59
   3    9 0.67
   7    8 0.41
  10   20 0.18
  10   19 0.19
   5    7 0.41
   6    7 0.92
   0    9 0.75
   1   12 0.93
   3    8 0.59
   8   11 0.98
   8    8 0.10
   0    8 0.49
   3   15 0.52
   1    9 0.84
   7   14 0.83
   2    2 0.12
   1    6 0.26
   7    8 0.32
  10   20 0.02

