3 20 4
12    2   4  16   4   4  10   2  16   4   2  16  16

  72   93 0.16
  43   46 0.84
  83  150 0.08
  75   93 0.41
  64  177 0.90
  95  124 0.67
  49  144 0.37
   0   11 0.07
  76   95 0.56
  79  189 0.67
  54  118 0.53
  94  120 0.46
  65  169 0.18
  20   44 0.32
  18  101 0.92
  52  112 0.91
   4   36 0.37
  65  117 0.07
  41   57 0.79
  39   99 0.57

  93  120 0.48
   6  101 0.57
  76  141 0.68
 114  115 0.52
  85  130 0.89
  62  142 0.97
  55  116 0.47
  91  179 0.34
 114  209 0.27
  44  131 0.61
  59   97 0.50
  49  168 0.55
 104  135 0.43
  12   68 0.71
  20   35 0.51
  37   39 0.43
   3  102 0.94
   9   33 0.17
  38  103 0.44
  46  135 0.61

  99  100 0.70
  26   41 0.00
  75   90 0.88
   8  113 0.61
  47  136 0.79
  66  185 0.96
  65  145 0.96
  54   97 0.70
  77  116 0.35
  15   75 0.43
  74   78 0.27
  31  113 0.92
   1  100 0.84
  26   63 0.31
  28   94 0.66
  23   96 0.60
 116  134 0.70
   8  122 0.30
  19  107 0.50
  62  179 0.54

  24   34 0.33
  15   23 0.81
  91  199 0.36
  62   68 0.14
  41   74 0.12
  84  149 0.39
  67  101 0.38
 112  172 0.95
 102  133 0.17
 116  235 0.94
 118  180 0.07
  88   96 0.32
 112  132 0.67
  90  172 0.38
  60  176 0.69
   2   51 0.04
  58  142 0.67
  88  136 0.58
  17   78 0.37
  59  100 0.32

  19  133 0.51
  71   84 0.88
  13   73 0.68
   4   83 0.14
 104  113 0.57
  11   22 0.53
  60   61 0.28
 116  154 0.61
  14   40 0.02
  66  174 0.45
  47  124 0.92
  77  163 0.74
  14   40 0.36
  46  140 0.71
  10  104 0.19
 105  163 0.25
  90  157 0.09
  51  170 0.11
  55   68 0.75
   6   80 0.13

  71  189 0.53
   1   27 0.79
 116  209 0.02
   7   56 0.24
  92  162 0.28
 117  125 0.08
  57  127 0.34
  11   53 0.36
  58  129 0.89
   4   54 0.06
  29   63 0.05
  99  130 0.01
  60  100 0.64
   2   41 0.50
  97  136 0.42
  96  131 0.07
  82  145 0.62
  50  123 0.99
   5   91 0.33
  74  187 0.06

  57   60 0.73
 101  106 0.98
  50  157 0.93
  40  116 0.75
  62   93 0.26
 119  178 0.26
  40   53 0.45
  76   76 0.39
 106  166 0.08
  96  123 0.76
  25   39 0.32
 117  206 0.85
  56  103 0.34
  39   64 0.04
  14  101 0.81
 114  230 0.98
  45   66 0.84
 101  143 0.67
  81  110 0.45
  69  128 0.27

  64  139 0.21
  33   64 0.79
  35   67 0.34
  22   75 0.57
  34  141 0.71
  39  129 0.96
  63   69 0.12
  41  110 0.97
  39   50 0.00
  77  116 0.20
 102  176 0.75
  97  210 0.69
  71  181 0.24
 112  117 0.18
  45   63 0.61
 110  188 0.47
 111  183 0.35
 100  194 0.63
  76   92 0.04
  29  128 0.28

  83  121 0.68
  59  174 0.53
   1   97 0.38
  22  106 0.75
   8   28 0.26
  63  131 0.48
  61  159 0.75
  43  115 0.72
  77  175 0.19
  50   80 0.10
  12  102 0.27
  70   75 0.86
  34  106 0.11
   4  122 0.33
   3   97 0.73
  91  125 0.05
  68  165 0.27
 102  164 0.67
  78  157 0.76
  64  157 0.17

  32   70 0.37
  95  188 0.25
  24  108 0.56
  89  176 0.81
 102  137 0.18
 100  144 0.61
   7   81 0.03
  64   77 0.88
  24   47 0.25
  12   51 0.41
  55  102 0.33
  60   85 0.28
 116  131 0.70
  20  101 0.32
  86  198 0.21
 105  154 0.84
  86  129 0.67
  16  115 0.39
  56  152 0.61
  64   77 0.23

  74  103 0.74
 106  200 0.91
  60  128 0.36
  47  102 0.98
   9   63 0.76
  55  150 0.38
  62  123 0.10
  19  114 0.35
  18   29 0.04
  95  114 0.62
  79   91 0.56
  13   81 0.07
  59  170 0.47
  77  144 0.97
  59   95 0.57
 114  164 0.62
 104  138 0.03
 112  218 0.50
  17   21 0.20
  30  103 0.68

 115  149 0.34
   0   94 0.41
  40  106 0.11
  99  101 0.94
  69   69 0.09
 107  134 0.94
   8   48 0.00
  30   38 0.90
   4   65 0.97
  18   80 0.59
  79  120 0.91
  42  159 0.52
  38   52 0.04
  63  144 0.66
  54   57 0.83
 104  138 0.89
  69  162 0.35
  57  163 0.79
  20   39 0.17
  38  129 0.05

