4 80 4
3   10  10  16

  74   89 0.28
  33  116 0.08
  10   43 0.19
  13   97 0.96
   0   59 0.15
   3   47 0.29
  85  147 0.51
  73  113 0.10
  64  111 0.93
  25   67 0.47
   4   11 0.86
  20   51 0.26
   5   73 0.57
  25   38 0.67
  63  144 0.82
  25   94 0.74
  46  129 0.97
  74   83 0.65
  50   64 0.51
  69  124 0.17
  19   87 0.78
  31   43 0.18
  64  123 0.67
  17   56 0.55
   4   70 0.83
  38  111 0.30
  30   52 0.46
   4   84 0.40
  52   55 0.38
  89  124 0.53
  49  134 0.60
   8   36 0.56
  35  107 0.88
   4   53 0.14
  32   75 0.54
  54  119 0.43
  72  134 0.82
   5   91 0.04
  20   75 0.02
  45   86 0.45
  63  116 0.28
  58  123 0.89
  41   78 0.38
  20   43 0.51
  32   55 0.70
  77  123 0.92
  59   64 0.44
   8   24 0.54
  21   78 0.72
  54  109 0.86
  84  149 0.27
  73  128 0.68
  19   20 0.14
  56  101 0.83
  55   75 0.72
  10   23 0.77
  80  100 0.52
  65  115 0.54
  68  131 0.62
  59   93 0.96
  76   89 0.11
  33   74 0.79
  51  132 0.68
  64  109 0.86
  28   59 0.96
   4   15 0.04
  73  118 0.05
  41  115 0.27
  17   20 0.97
  45  112 0.30
  48   84 0.80
  29  113 0.91
  71   97 0.93
  73  121 0.33
  73  112 0.45
  20  106 0.55
  65  151 0.36
   2   44 0.77
   3   87 0.82
  26   84 0.52

  82   84 0.64
  79   93 0.55
  48   55 0.35
  28   63 0.59
  24   99 0.10
  53   70 0.31
  39   52 0.69
  48   97 0.50
  65  123 0.31
  34   43 0.52
  52  136 0.57
  19   41 0.46
   0   59 0.88
   5   11 0.41
  43   96 0.03
  35   67 0.07
  43  103 0.29
  63   88 0.61
  73  161 0.44
  16   79 0.52
  29   52 0.79
  62  109 0.94
  41   78 0.09
   0   40 0.02
  24   69 0.33
  87  136 0.22
  20  107 0.73
  56   71 0.74
  14   31 0.63
  89   90 0.39
  39   96 0.06
   4   33 0.25
  24   94 0.16
  32   59 0.83
   5   43 0.83
  66  132 0.72
  14   91 0.96
  81  110 0.82
  11   14 0.92
  19   54 0.52
  40  100 0.81
  67  123 0.10
   5   22 0.21
   9   41 0.56
  64  120 0.36
  88   88 0.40
  22   42 0.08
  27   31 0.13
  33   73 0.70
  29   59 0.54
  11   76 0.86
  21   64 0.10
  75   78 0.04
  37   67 0.85
  82  120 0.09
  26  105 0.05
   5   88 0.23
  85  159 0.80
  79  156 0.39
  81  162 0.36
  81  164 0.08
   9   47 0.61
  10   94 0.22
  47  111 0.39
  21   62 0.80
  70  155 0.27
  49  127 0.26
  20   81 0.77
  12   75 0.90
  76  147 0.23
  66  110 0.42
  69  126 0.94
  51  128 0.29
  35  124 0.27
  62  137 0.59
  63  142 0.17
  88   92 0.04
  54   84 0.72
  16   40 0.50
  43   65 0.10

  75  102 0.35
  11   93 0.99
   6   11 0.29
  73  103 0.85
  39  108 0.33
  68  107 0.87
  34   95 0.23
  73  106 0.63
  21   24 0.11
  71  148 0.49
  70  142 0.67
  11   64 0.29
  64   69 0.50
  38   73 0.24
  43   76 0.95
  85  130 0.68
  43  109 0.08
  55   81 0.26
  27   42 0.65
   7   80 0.72
  64  121 0.95
  87  137 0.39
  75  158 0.47
  77  155 0.96
  84  149 0.75
  54   82 0.85
  56  143 0.19
   3   38 0.08
  12   91 0.66
  49   77 0.00
  76  134 0.24
   3    5 0.04
   7   64 0.45
   8   83 0.91
   3   29 0.07
  85  171 0.85
  38   99 0.45
  27   89 0.51
  36  103 0.96
   4   64 0.54
  33   60 0.81
  19   45 0.18
   3   32 0.97
  36   40 0.93
  61   96 0.86
  83   94 0.75
  22   84 0.52
   2    4 0.90
  78  160 0.21
  52   59 0.73
   7   20 0.44
  26  114 0.76
  66  149 0.04
  21   27 0.45
  34   81 0.63
  69  129 0.54
  74  139 0.56
  51  137 0.48
  89  146 0.29
  18  105 0.03
   2   62 0.45
  23  100 0.57
  24   61 0.59
  64  122 0.17
  57  121 0.91
   2   45 0.15
  13   78 0.41
  67  109 0.43
  26   33 0.08
  75   86 0.61
  23   72 0.97
  17   71 0.93
  32   33 0.54
  63   96 0.94
  87  176 0.77
  55   84 0.65
  21   70 0.35
  39  125 0.59
  54   69 0.51
  68  142 0.63

