5 100 8
3   10   4   4

  31   49 0.77
  26   46 0.75
  21   26 0.62
   7   18 0.26
   3   14 0.64
  19   26 0.75
  29   29 0.14
  28   36 0.98
  17   17 0.65
   0    8 0.91
  29   49 0.23
  23   31 0.89
  24   24 0.26
  32   39 0.01
   0    7 0.49
   4   22 0.56
  23   31 0.54
  31   47 0.59
   2   11 0.66
   3    9 0.97
   1   19 0.78
  20   21 0.45
   9   24 0.25
  16   16 0.89
  11   13 0.15
   8   28 0.27
  14   25 0.23
  19   21 0.13
  27   44 0.83
  17   38 0.92
   7   24 0.02
  22   39 0.91
   1    3 0.74
  18   24 0.74
  15   30 0.44
  25   37 0.11
   0    5 0.62
  13   19 0.60
  30   33 0.99
   2    3 0.59
   5    5 0.89
  26   44 0.77
   0    1 0.01
  17   17 0.99
   9   17 0.30
  15   16 0.81
  17   21 0.54
  24   27 0.41
  22   31 0.65
   7    7 0.69
   4   15 0.80
  14   33 0.49
  21   28 0.83
  27   30 0.98
  11   19 0.34
  31   51 0.91
   9   26 0.66
  18   18 0.39
   8   21 0.88
   6    7 0.54
  21   42 0.29
  17   18 0.64
   9   30 0.78
  13   24 0.75
  16   20 0.39
  14   34 0.10
   9   29 0.60
   1    8 0.49
  30   32 0.60
   8   22 0.96
  15   29 0.97
   8   29 0.92
   6    8 0.28
   1   18 0.61
  10   30 0.59
  16   18 0.24
  30   45 0.79
  25   35 0.79
  30   31 0.14
   1    5 0.32
  26   45 0.25
  15   26 0.36
  16   16 0.44
   0   19 0.06
  19   33 0.00
  22   43 0.00
   7   16 0.52
  18   36 0.21
   2    5 0.67
  22   29 0.54
  11   14 0.93
   5   16 0.56
   6   12 0.56
   0    9 0.42
  19   40 0.33
  27   47 0.09
  20   26 0.48
   7   17 0.11
  29   44 0.66
   9   18 0.87

  17   35 0.01
  12   16 0.20
  22   23 0.97
  31   34 0.72
  30   43 0.13
  12   14 0.49
  30   33 0.17
  31   33 0.78
  24   37 0.10
   1   15 0.60
   5   15 0.50
  25   33 0.87
   5   18 0.94
   4    4 0.48
  21   33 0.81
   3   16 0.19
   2    9 0.96
  30   39 0.57
  19   28 0.43
  23   29 0.97
   8   20 0.50
  18   19 0.88
   7   27 0.10
  12   12 0.21
  20   20 0.09
   0    2 0.18
   2   14 0.51
  22   39 0.13
   6   15 0.78
   0   13 0.96
  13   34 0.26
  26   40 0.13
  17   23 0.46
  29   33 0.13
  20   35 0.41
   9   10 0.28
   8   16 0.41
  28   43 0.39
  16   19 0.72
  13   19 0.11
  32   40 0.07
   3    4 0.69
   5    7 0.08
  31   37 0.88
  14   33 0.27
  30   46 0.25
  15   33 0.93
  30   40 0.44
  14   17 0.24
  32   45 0.54
  29   44 0.31
   7   17 0.94
   6   16 0.76
   9   11 0.21
  21   29 0.24
  23   23 0.16
  10   21 0.79
  12   16 0.56
  18   33 0.40
  13   21 0.25
  27   43 0.37
   5   15 0.82
  12   19 0.07
  28   46 0.16
  32   36 0.71
  21   40 0.28
   7   17 0.99
  30   41 0.10
  25   36 0.39
  27   48 0.24
   4   12 0.22
   7   14 0.75
   0    5 0.69
  23   42 0.29
  23   33 0.58
   9   21 0.35
   1    5 0.17
  28   37 0.46
   4   12 0.55
  27   41 0.38
  11   29 0.15
   4   14 0.87
  18   18 0.96
  20   32 0.69
  23   43 0.09
  12   25 0.28
  27   27 0.53
   6   14 0.78
  21   27 0.43
  20   35 0.04
  27   27 0.33
  30   45 0.75
  24   33 0.96
   8   12 0.13
  24   28 0.91
  26   26 0.54
   0    2 0.31
  10   10 0.04
  10   25 0.30
   3   17 0.88

  25   46 0.68
  25   42 0.60
   6   27 0.44
  30   45 0.24
  12   19 0.45
   9   23 0.42
  15   26 0.95
  31   50 0.46
   1    1 0.19
   6   25 0.85
  13   21 0.47
   6   21 0.28
  13   30 0.18
  14   35 0.00
  28   45 0.42
  26   35 0.36
  14   22 0.72
  16   35 0.11
  16   18 0.94
  24   42 0.14
   9   19 0.89
   5   10 0.49
  18   22 0.16
  24   42 0.07
  26   31 0.95
   9   14 0.93
  31   31 0.61
  32   47 0.26
  30   48 0.35
   8   13 0.56
  24   36 0.14
  15   26 0.50
   3   21 0.88
  22   41 0.95
  17   34 0.86
  30   36 0.88
  27   31 0.34
   3   19 0.54
   2    4 0.03
  22   27 0.63
   2   10 0.90
  17   32 0.12
   8    9 0.57
  13   34 0.10
  18   32 0.32
  22   35 0.44
   2   14 0.98
   6   16 0.26
  19   29 0.26
  23   24 0.00
  21   34 0.51
  14   32 0.68
   0   19 0.24
   2   17 0.96
   9   16 0.06
  26   44 0.55
  16   36 0.39
  13   22 0.21
  22   30 0.10
  27   42 0.61
   5   15 0.70
  24   31 0.39
   1    5 0.26
   8    8 0.70
  11   25 0.22
  18   24 0.08
  13   31 0.41
  28   46 0.27
   5   18 0.17
   5   22 0.87
   2    2 0.89
  24   24 0.78
  16   20 0.50
  22   28 0.24
   7    7 0.49
  27   33 0.21
  26   37 0.38
  15   31 0.16
   7   27 0.82
  30   37 0.23
   0    6 0.31
   9   18 0.20
  24   25 0.33
   9   28 0.20
  26   44 0.00
   9   12 0.57
  15   36 0.71
  20   22 0.05
  32   50 0.32
   4   17 0.63
   5    7 0.36
  25   29 0.29
   9   19 0.41
  23   42 0.26
  29   43 0.64
  10   17 0.78
  23   36 0.31
  32   34 0.05
  15   20 0.03
   6   14 0.71

