5 25 8
12    2   2  20  10  10  10  16  16  16  16  10  20

  51   51 0.47
   7   26 0.04
  10   27 0.75
  17   21 0.90
  54   60 0.75
  26   36 0.93
  67   73 0.13
  18   33 0.09
  35   51 0.66
   8   10 0.27
  26   28 0.33
  68   90 0.54
  39   46 0.20
  37   59 0.70
  15   32 0.14
  23   35 0.79
  49   60 0.23
  11   19 0.06
  66   82 0.56
  55   69 0.21
   2   14 0.99
   0    8 0.05
  42   51 0.69
  17   20 0.39
  23   23 0.15

  13   19 0.23
  61   66 0.41
  57   59 0.51
  24   43 0.05
  16   29 0.46
  65   65 0.26
  33   54 0.80
  33   47 0.33
  61   83 0.52
  33   47 0.77
   8   15 0.01
  38   41 0.53
  23   36 0.44
  49   56 0.23
  57   79 0.08
  62   73 0.40
  33   36 0.13
  62   68 0.92
  22   40 0.11
  42   54 0.45
  53   69 0.24
  67   70 0.65
  26   29 0.43
  24   42 0.53
  65   82 0.92

  64   75 0.43
   9   20 0.95
  18   38 0.15
   2   15 0.21
  21   23 0.30
   9   10 0.00
  21   36 0.19
   0   10 0.93
  21   34 0.64
   9   25 0.29
   2   24 0.22
  30   52 0.76
  10   14 0.87
  61   76 0.41
  64   79 0.89
  47   56 0.18
  49   56 0.84
  17   32 0.98
  61   61 0.45
  52   63 0.63
   9   18 0.14
  54   74 0.21
   0    8 0.09
  63   63 0.33
   9   10 0.29

  46   49 0.04
  23   36 0.08
  20   42 0.76
  39   51 0.11
  23   42 0.99
  60   72 0.65
  25   46 0.10
  60   64 0.56
  44   51 0.42
  13   13 0.00
  37   44 0.49
  40   52 0.84
   6   28 0.74
  19   20 0.91
  18   34 0.30
  50   60 0.97
  61   78 0.03
  58   72 0.85
   5   23 0.31
   6   21 0.06
  63   74 0.81
  28   47 0.42
  20   21 0.68
  60   74 0.48
  68   85 0.02

  50   66 0.88
  34   38 0.41
  38   49 0.32
  20   40 0.27
  57   77 0.29
   4    6 0.24
  42   52 0.20
  60   65 0.05
  65   70 0.93
  47   52 0.93
  18   31 0.81
  20   27 0.78
  13   31 0.77
  66   82 0.77
  48   59 0.77
   1   19 0.24
  27   42 0.24
  25   25 0.36
  16   27 0.81
  27   37 0.17
  36   39 0.26
  61   79 0.33
  49   58 0.65
   9    9 0.33
  34   34 0.63

  31   50 0.52
  42   48 0.71
  52   70 0.92
  43   56 0.41
  12   33 0.62
  36   48 0.77
  34   44 0.43
  31   44 0.52
  26   38 0.51
  40   59 0.74
  30   49 0.61
  57   59 0.41
  22   22 0.53
  62   75 0.75
  61   79 0.25
  17   31 0.21
  48   50 0.87
  36   36 0.22
  59   69 0.68
  49   57 0.67
   8   15 0.73
  59   66 0.79
  15   27 0.08
  38   39 0.29
  32   36 0.46

  41   55 0.58
  34   39 0.14
  35   45 0.08
  42   62 0.03
  32   46 0.20
  51   67 0.46
  23   45 0.58
   0   13 0.94
  55   75 0.50
  15   29 0.27
  34   50 0.53
  38   44 0.33
  57   77 0.10
  10   29 0.59
  47   64 0.48
  34   54 0.49
  68   80 0.44
  15   37 0.85
  41   43 0.35
  35   55 0.21
  47   54 0.25
  27   28 0.50
   7   17 0.43
  21   37 0.24
   1   18 0.21

   7   20 0.12
   9   11 0.95
   0   22 0.41
  12   24 0.34
  54   59 0.33
  65   78 0.59
   8   17 0.61
  42   61 0.58
  21   21 0.35
  13   13 0.42
  54   68 0.07
  54   75 0.10
  28   48 0.20
  39   53 0.12
  22   28 0.26
  50   63 0.50
  44   63 0.24
  40   52 0.98
  35   39 0.41
  41   61 0.49
   6   11 0.97
  54   70 0.20
  14   22 0.70
  33   54 0.29
  28   38 0.82

  16   20 0.94
  46   68 0.91
  64   72 0.97
  28   41 0.39
  17   18 0.55
  68   87 0.81
  30   32 0.77
  19   33 0.84
  30   31 0.76
  27   34 0.26
  33   48 0.38
  40   60 0.17
  61   65 0.92
  46   58 0.75
   4   26 0.07
  31   44 0.09
  56   77 0.82
  40   55 0.41
  62   62 0.79
   3    9 0.30
  27   40 0.69
  25   46 0.04
  49   65 0.28
  46   66 0.48
  26   35 0.84

  45   58 0.13
  20   21 0.56
  30   31 0.73
  52   69 0.85
   3   14 0.34
  66   68 0.23
  23   35 0.96
  17   23 0.83
   7   17 0.96
  24   43 0.84
  38   42 0.92
   1    7 0.81
   9   14 0.53
  28   38 0.35
  41   55 0.75
   1   22 0.74
  58   79 0.40
  55   57 0.50
   2    2 0.15
  26   44 0.14
  61   72 0.64
  53   66 0.71
  56   67 0.93
   1   19 0.74
  62   77 0.71

  58   62 0.95
  30   37 0.32
  34   55 0.40
  11   32 0.95
  66   71 0.52
  29   29 0.24
   5    9 0.40
  26   40 0.41
  53   68 0.20
  33   39 0.14
  52   58 0.58
  56   75 0.11
  28   50 0.00
  38   56 0.91
  20   31 0.24
   3    3 0.64
  13   34 0.34
  49   68 0.82
  62   78 0.90
  21   35 0.81
   4    4 0.83
  13   33 0.69
  42   57 0.45
  38   41 0.22
  59   72 0.60

  67   87 0.23
  29   29 0.76
  45   66 0.89
  55   57 0.63
  45   55 0.62
  43   46 0.46
  10   23 0.59
  13   30 0.57
  16   24 0.55
  55   64 0.09
   1   18 0.83
  63   72 0.98
  41   63 0.63
   0   10 0.77
  62   75 0.51
  57   76 0.93
   8   11 0.54
  30   41 0.96
  32   49 0.50
  57   59 0.13
  16   29 0.23
  31   40 0.20
  30   41 0.26
  25   31 0.63
  40   57 0.91

