5 100 8
3   10   2  10

   3   23 0.48
   1   41 0.52
   4   25 0.87
   6   34 0.50
   5   42 0.88
   4   24 0.95
   1   24 0.49
  11   29 0.32
   7   16 0.86
   9   23 0.03
   7   20 0.47
   3   21 0.95
   4   33 0.71
   4   43 0.08
   5   33 0.91
   1    1 0.58
   9   22 0.03
  10   13 0.15
   9   15 0.12
  10   37 0.47
   8   20 0.53
   5   36 0.13
   4   20 0.49
   3   35 0.94
  12   29 0.74
   9   41 0.35
   7   12 0.71
   8   22 0.05
   3    9 0.71
   9   47 0.37
   6   45 0.77
   0    2 0.71
   4   35 0.54
   4   14 0.63
   9   49 0.31
   6   20 0.98
  12   47 0.97
   3   36 0.78
   2    6 0.16
   4   42 0.13
   4   34 0.92
   6   41 0.34
   0   15 0.69
   0   18 0.90
   0   14 0.88
   0   23 0.98
   0    6 0.41
   7   37 0.28
   9   15 0.85
   0   23 0.05
   4    4 0.03
   2   16 0.52
  12   52 0.35
   7   24 0.44
   0    1 0.97
  11   37 0.70
   1   10 0.91
   2   17 0.89
   3   26 0.43
   1   13 0.61
   4   42 0.95
   4   19 0.87
  10   45 0.44
   9   14 0.22
   5   36 0.90
   1   33 0.54
  12   33 0.07
   2   39 0.18
   4   10 0.08
  10   44 0.68
  12   44 0.77
   1   27 0.89
  10   46 0.98
   6   38 0.32
   8   26 0.69
   8   30 0.16
   6   29 0.89
  12   25 0.34
   0   31 0.00
   0    4 0.94
   2    4 0.61
  10   40 0.03
   7   31 0.38
   0    7 0.81
   1   36 0.93
   7   35 0.47
  12   34 0.09
   7   27 0.00
  10   21 0.48
   6   28 0.61
   0   11 0.61
  12   18 0.26
   1   24 0.06
  12   41 0.66
   4   25 0.48
   2    3 0.70
   8   38 0.08
   4    7 0.57
  12   16 0.55
   4   35 0.25

   9   46 0.36
   9    9 0.21
   5   42 0.24
   3   42 0.12
   2   35 0.89
   5   33 0.56
  12   13 0.10
   8   27 0.87
   4   34 0.89
  10   19 0.55
   0   14 0.55
   6   10 0.61
   0   11 0.52
   3   41 0.41
   2   33 0.13
   3   18 0.21
   0    3 0.56
   4    8 0.17
  11   40 0.38
   2   26 0.49
   6   46 0.50
   6   21 0.31
   5   12 0.28
  12   19 0.73
  12   34 0.20
  12   48 0.07
   6   40 0.92
  10   46 0.79
  12   38 0.00
   4   10 0.36
  10   49 0.98
   2   41 0.44
   4   33 0.21
   1   38 0.46
   8   30 0.82
   2    6 0.58
   0   13 0.19
   8   10 0.66
  11   39 0.41
   6   20 0.60
   5   32 0.64
   4   23 0.85
  11   49 0.62
   2   18 0.25
   6   36 0.52
   4   44 0.52
  11   42 0.39
   1    8 0.70
   8   18 0.44
   9   12 0.42
   0   18 0.47
   2   31 0.41
  12   24 0.39
  10   13 0.79
   0   26 0.69
   5   13 0.78
  12   24 0.38
   6   39 0.60
   7   45 0.13
   2    4 0.12
  12   37 0.66
  11   36 0.60
  10   33 0.05
   4   26 0.80
   8   12 0.94
   3   39 0.70
  11   23 0.11
   5   18 0.34
  10   18 0.53
   6   38 0.62
   7   17 0.90
   5    9 0.03
   0   23 0.14
   8   15 0.04
  10   13 0.06
   7   36 0.46
   2    3 0.34
   9   41 0.07
   2   20 0.48
   3    8 0.02
   0   35 0.98
   7   41 0.27
   0   38 0.90
  11   28 0.32
   4   29 0.69
   2    8 0.22
  11   47 0.51
   7   25 0.01
  12   39 0.90
   0   23 0.36
  12   22 0.82
   3   12 0.90
   6   25 0.14
   5   23 0.36
   7   43 0.99
  11   18 0.47
   5   39 0.77
   0   14 0.77
  11   19 0.30
   4   39 0.73

   9   23 0.64
   6   26 0.45
   9   19 0.68
   9   13 0.96
  11   30 0.62
   5   32 0.13
   3   43 0.39
   1   24 0.44
  12   15 0.74
   3   24 0.78
   7   23 0.49
   5   24 0.06
   0    1 0.52
  11   49 0.63
   1   35 0.23
  12   41 0.33
  12   36 0.94
   8   36 0.47
  12   51 0.63
  10   23 0.78
  12   20 0.94
   1   32 0.88
   4   31 0.00
  12   17 0.33
   1   35 0.57
   8   34 0.36
   0    0 0.81
   5   15 0.70
   5    9 0.81
   3   18 0.00
   6   26 0.32
   7   12 0.39
  12   49 0.94
   4   24 0.23
  10   43 0.35
  11   46 0.66
   7   29 0.54
   0    9 0.95
   9   47 0.80
  12   50 0.66
   9   24 0.88
  10   12 0.42
   1   41 0.38
   4   25 0.13
   5   21 0.64
   6   21 0.26
   6   15 0.03
   0   28 0.58
   1   41 0.16
   7   22 0.43
   0   29 0.04
   0   32 0.56
   9   30 0.24
   1   36 0.66
   1   40 0.66
  10   24 0.53
  12   48 0.49
   0   30 0.73
   5   13 0.35
   7   47 0.88
   8   17 0.10
   2   22 0.94
   9   27 0.68
   2   11 0.20
   8   29 0.65
   8   29 0.66
   6   18 0.36
   9   21 0.15
  11   26 0.30
   1    6 0.23
   3    6 0.78
  11   21 0.57
  11   19 0.05
  10   38 0.46
   3    3 0.90
   5    6 0.69
   6   32 0.48
   4   14 0.17
  11   11 0.82
  10   15 0.41
   2   35 0.73
   2   37 0.68
   5   43 0.27
   2   42 0.61
  12   33 0.82
   2    5 0.65
  10   49 0.13
  10   48 0.90
   6   30 0.87
   2   10 0.62
   4   32 0.96
   0   38 0.83
   8   26 0.57
   5   20 0.99
   3   22 0.27
  11   44 0.04
   6   33 0.68
   0   33 0.88
   5   19 0.95
   7   10 0.57

