3 25 4
12    4  16   4  10  10  10   2  10   2  16  16  10

  37  125 0.71
  19   80 0.91
  12  177 0.88
  49   98 0.98
   0   93 0.83
  19  187 0.68
  37   49 0.92
  15  161 0.59
   5  134 0.20
  37  142 0.82
  46  101 0.40
  33  141 0.33
  48  206 0.48
  23  103 0.13
  12   47 0.44
  32  133 0.26
  46  135 0.84
  20  138 0.94
  48  171 0.55
  25  183 0.38
   9   54 0.64
  19   27 0.14
  37  157 0.92
  39   90 0.43
  37  196 0.20

  18   31 0.92
  15  162 0.21
  56   92 0.46
  53  193 0.87
   8   99 0.35
  52  199 0.74
  43  179 0.38
  22   53 0.96
  45   57 0.92
  53  118 0.64
  46   54 0.22
  12  156 0.34
  33  138 0.47
  52   52 0.15
  25  150 0.36
  24   88 0.77
  23   75 0.24
   5   24 0.81
  27   70 0.63
  28   62 0.90
  47  196 0.04
  40  163 0.93
  43   99 0.89
  17  144 0.18
  40  134 0.70

  28  121 0.35
  37  112 0.30
  55  149 0.90
  49  187 0.16
  46  153 0.16
  15  182 0.40
  38   62 0.13
  20  116 0.81
  53  116 0.41
  21  154 0.12
  44   95 0.28
  36  206 0.24
  50  136 0.47
  16  172 0.79
  28   79 0.74
  46  215 0.28
  47   63 0.94
  20  144 0.72
   9   99 0.86
  31  145 0.02
  20  163 0.66
  31  112 0.70
  38  185 0.05
  27   73 0.61
  15   38 0.50

  46  139 0.82
  35   73 0.07
  32  166 0.89
  18  186 0.60
  50  100 0.95
  33  123 0.14
  36  115 0.42
  42  138 0.68
  29   59 0.88
   8   76 0.49
  13  140 0.09
  24  193 0.72
  39   55 0.37
   6   92 0.70
  20   24 0.96
   2  109 0.87
  22  141 0.65
  54   63 0.18
  17   56 0.30
   6  164 0.18
  39  172 0.20
   6   57 0.77
  52   86 0.06
  56   57 0.00
  33  111 0.21

  23  131 0.10
  43   82 0.52
   1  171 0.29
  11   40 0.13
  43  208 0.20
  44   52 0.16
  47  111 0.45
  14   92 0.92
  11  112 0.66
  44  113 0.46
  50   70 0.24
  54  193 0.32
  11  146 0.70
  24  109 0.31
  42   78 0.41
  36  163 0.21
   2    8 0.80
  55  123 0.38
  52  152 0.80
  36  195 0.36
  27  146 0.50
  17  157 0.61
  12  178 0.77
   2  162 0.35
  12   89 0.11

  49   63 0.10
  43  204 0.22
  42  126 0.47
  24  103 0.29
  20   89 0.24
  15   93 0.35
  49  169 0.15
  42   81 0.15
  15   87 0.66
  20  174 0.96
   9   60 0.13
  12  126 0.91
  35  170 0.46
  52  185 0.63
   6   74 0.43
  47  142 0.39
  37   99 0.70
   0   65 0.79
  11  138 0.16
  34  128 0.05
  47  152 0.52
  54   94 0.04
  23   59 0.47
  47  217 0.60
  48  154 0.63

  46  191 0.72
   1    9 0.59
   0   41 0.97
  26  180 0.65
  14  132 0.85
  47  104 0.84
  16   80 0.99
  44   62 0.27
  12   96 0.09
   3    7 0.70
  37   87 0.79
   9   59 0.50
  14  118 0.75
  37  101 0.43
  42  113 0.11
  16  112 0.28
   8   46 0.39
  28  154 0.70
  45  179 0.37
  19   21 0.02
  15  180 0.28
  20  166 0.49
  18   87 0.34
   6  150 0.35
  44   48 0.59

   7   41 0.83
   8   80 0.92
  50  155 0.90
  51  213 0.31
  52  219 0.91
  40  204 0.68
   9   41 0.27
  45   79 0.92
  49   94 0.56
  29   74 0.76
  49  213 0.96
   9   52 0.85
  13  125 0.54
   9   97 0.04
  23   85 0.70
  29   75 0.01
  41  191 0.19
   9  139 0.90
  21  178 0.17
  10  169 0.96
  29   47 0.70
   8   66 0.48
  49  200 0.73
   2  157 0.05
   2   47 0.80

   8  114 0.34
   9   46 0.41
  30   96 0.23
  38   83 0.08
  32   66 0.64
  50   84 0.34
  43  139 0.13
  52  191 0.29
  26  109 0.21
  51  122 0.92
  47  109 0.27
  45  197 0.54
  37  190 0.52
  39  152 0.55
   1   56 0.59
   9  104 0.97
   0   63 0.70
  23  184 0.37
  43  140 0.71
  47  134 0.24
  15   49 0.92
  55  139 0.34
   9   91 0.71
  31   66 0.56
  34  111 0.47

  46  209 0.57
   5  169 0.33
  55  158 0.94
  26   99 0.42
  27  143 0.49
  25  174 0.24
   5  141 0.91
  50   62 0.75
  17  107 0.47
  51  144 0.98
   5  117 0.83
   3   56 0.08
  31   69 0.42
  16  101 0.01
   8  157 0.06
  26  143 0.71
  37  176 0.75
  13   21 0.60
   2  153 0.74
  50  126 0.00
   8   81 0.86
  28  162 0.10
   7   98 0.12
   6  131 0.51
  29  117 0.09

  50  220 0.08
  23  103 0.13
  30  124 0.95
  14  151 0.04
  39  158 0.67
  28  100 0.92
  36  104 0.21
   8   15 0.01
  28   81 0.83
  54  101 0.61
  13  165 0.47
  49  181 0.89
  24  121 0.66
  39   84 0.47
  26   69 0.74
  14   20 0.71
  30  182 0.59
  21  129 0.18
  35   55 0.51
  34   74 0.80
  11  159 0.27
  26   55 0.91
  54  148 0.07
  15  135 0.18
  53  141 0.90

  34   75 0.33
  19  128 0.33
  48  180 0.45
  45   91 0.89
  49  170 0.88
  45   94 0.76
  13   71 0.95
  47  104 0.83
  45   97 0.51
  24   65 0.79
  28  182 0.44
   5   69 0.49
  53  174 0.98
  41  127 0.04
  47  147 0.78
  52  120 0.70
   2   65 0.21
  51  109 0.21
  34   45 0.41
  34  129 0.84
  12  141 0.77
  43  172 0.66
   1   39 0.97
   6   18 0.75
  52  161 0.25

