5 25 8
12    4  10   4   4  10   2   4   2   2   2   4   4

  17   19 0.07
   7   14 0.09
  16   19 0.99
  23   36 0.71
   0    8 0.00
  19   26 0.99
  15   28 0.09
   2    7 0.03
   5   11 0.54
   7   14 0.31
   6   13 0.26
   8   20 0.96
  15   23 0.19
   8   11 0.94
  15   28 0.89
   0    8 0.24
  22   30 0.90
  21   23 0.41
   4   11 0.30
   7   12 0.55
   7   12 0.40
   2   12 0.26
  16   31 0.99
  15   16 0.02
   8   11 0.78

  13   23 0.11
   5    9 0.08
   9   17 0.86
   9   12 0.00
  16   19 0.73
  13   13 0.87
   9   10 0.94
  21   24 0.37
  23   30 0.83
   5   11 0.85
   8   16 0.96
  15   23 0.26
  13   17 0.96
   6   21 0.55
  15   29 0.81
   0   11 0.51
   1    4 0.63
  15   20 0.44
   9   24 0.90
   8    9 0.91
  21   33 0.78
   0    1 0.96
   1    3 0.70
   3   17 0.60
  10   23 0.33

   8   10 0.37
   5   11 0.62
  22   34 0.00
  13   24 0.88
  18   33 0.48
  11   22 0.77
  19   27 0.94
  14   22 0.70
   4   18 0.82
   3    3 0.77
   9   22 0.04
   2    8 0.80
   0    5 0.24
  20   32 0.44
   0    4 0.80
  22   33 0.30
  14   14 0.88
  10   24 0.55
  20   31 0.45
  15   21 0.88
  18   21 0.85
  16   24 0.19
   8   13 0.39
  15   16 0.44
  11   12 0.57

  10   20 0.48
   6    8 0.34
   2   10 0.15
  12   25 0.73
   5   17 0.99
  11   11 0.59
   1   10 0.33
   6    7 0.57
  18   32 0.79
   8   10 0.12
  21   33 0.41
  22   35 0.97
  16   20 0.65
  23   37 0.77
   8   13 0.32
   2    4 0.51
   9   21 0.12
  11   23 0.55
   8   16 0.53
   2   16 0.30
  23   25 0.18
  12   25 0.72
  12   24 0.21
  22   31 0.35
   7   13 0.80

   1   10 0.00
   3    7 0.40
  11   12 0.90
  22   34 0.38
  14   28 0.15
  18   28 0.53
  18   20 0.48
   2    7 0.51
  17   22 0.03
  14   28 0.09
  10   20 0.91
  12   25 0.15
   0    6 0.83
  10   23 0.98
  21   32 0.42
  12   17 0.78
   5   19 0.20
  19   24 0.09
   1    2 0.09
   5    6 0.33
  13   27 0.32
   9   18 0.37
  17   23 0.83
  18   23 0.91
  14   22 0.64

  16   16 0.39
  19   22 0.70
  16   28 0.83
  23   28 0.70
   7   10 0.29
  19   29 0.43
  21   30 0.43
  20   30 0.39
   8   14 0.00
   0    1 0.76
   0    2 0.50
  19   31 0.94
   1    8 0.63
  21   22 0.66
   3   12 0.49
  17   17 0.94
   1    6 0.85
   3   17 0.03
  14   27 0.51
  17   24 0.81
  14   17 0.83
   6   15 0.75
  12   14 0.31
  21   30 0.08
  22   36 0.66

  22   26 0.94
  11   24 0.71
   6    7 0.49
   4   16 0.28
  14   18 0.37
  23   25 0.55
  17   25 0.75
  12   18 0.71
  18   31 0.52
   8    9 0.99
  11   17 0.18
  17   23 0.26
   5   15 0.28
  13   27 0.56
  15   20 0.79
  23   27 0.31
   1   13 0.21
   0    1 0.24
  13   21 0.44
   4   18 0.17
   4    8 0.19
  11   25 0.03
  22   34 0.35
  20   27 0.47
  15   18 0.05

  10   16 0.25
  21   33 0.24
  20   22 0.73
   0    1 0.70
  18   31 0.91
   9   20 0.61
  22   37 0.29
  18   31 0.70
  18   31 0.26
   0   12 0.10
  14   20 0.45
   4    8 0.71
   1   13 0.50
  22   28 0.37
  11   12 0.24
  16   20 0.92
   7   17 0.81
  15   21 0.42
   2   17 0.47
   5    7 0.98
  15   29 0.07
  17   21 0.07
  22   28 0.77
   0    9 0.86
   4    5 0.18

  14   24 0.22
   4   13 0.89
   6   11 0.11
  19   30 0.50
   8    9 0.95
  14   25 0.82
  21   22 0.73
   9   22 0.15
   6   19 0.32
   5    8 0.55
  20   34 0.97
  22   22 0.12
  15   27 0.34
  19   20 0.05
   8   12 0.38
  18   30 0.70
  21   31 0.47
  17   32 0.62
  17   29 0.35
  22   33 0.98
   4   12 0.69
  14   25 0.63
  12   26 0.90
  20   35 0.03
   3   17 0.60

  16   20 0.92
  11   19 0.57
   3    4 0.88
   2   15 0.79
   0    5 0.67
  18   18 0.07
   5   17 0.17
  12   21 0.67
  16   30 0.83
  12   24 0.06
  19   28 0.96
   7   13 0.77
  15   24 0.59
   6   20 0.59
   3   16 0.91
   3    5 0.50
   8   20 0.14
  17   22 0.93
  16   16 0.27
  16   19 0.51
   6   16 0.12
   6    7 0.74
   2    2 0.99
   4    6 0.06
   4   19 0.85

   5   11 0.74
   6   12 0.93
   3   10 0.91
  20   31 0.32
  23   28 0.86
   9   16 0.28
   7   13 0.39
  13   28 0.67
  22   28 0.36
   8   22 0.36
   1   10 0.55
   2    9 0.13
   2   12 0.68
   3   10 0.94
   9   24 0.75
   0    7 0.40
  21   36 0.31
  19   19 0.23
  12   17 0.53
  23   32 0.97
   9   13 0.26
   0   12 0.11
   4    7 0.36
  21   27 0.33
   8    8 0.86

   7   15 0.72
  21   30 0.09
   6    9 0.18
   4   17 0.29
   3    4 0.97
   4   15 0.97
  15   29 0.82
  17   27 0.96
  11   16 0.73
  18   29 0.63
   5   14 0.22
   9    9 0.67
  20   30 0.44
  19   24 0.04
  17   24 0.33
   7   11 0.28
  16   29 0.89
   8    8 0.32
  14   19 0.06
  21   35 0.61
  22   35 0.48
   4    6 0.27
   5   16 0.96
   2   10 0.39
   2    8 0.22

