5 80 8
3   16  10  10

   8   14 0.19
   4   19 0.38
   9   20 0.98
   8   20 0.72
  17   27 0.73
   5   13 0.96
  12   27 0.78
   9   21 0.99
  10   22 0.56
  12   12 0.33
   9   22 0.88
  16   16 0.61
   7   22 0.81
  11   14 0.12
  10   26 0.36
   2    5 0.91
  13   29 0.20
   4    6 0.20
  15   24 0.22
  15   20 0.94
  16   30 0.60
   1    4 0.44
   2    8 0.80
  13   16 0.33
  17   19 0.89
   7   11 0.05
   0    6 0.99
   6    9 0.08
   7   20 0.42
   6   16 0.83
  12   23 0.12
   7   13 0.45
  13   16 0.40
   2    4 0.93
   5   18 0.77
   0   13 0.05
   8    8 0.85
  14   22 0.03
   5   19 0.07
  13   23 0.77
   5   14 0.01
   4    4 0.65
  10   24 0.17
   3   13 0.33
   0    3 0.49
   2   11 0.42
  11   21 0.96
   7   16 0.37
  15   26 0.01
  15   26 0.54
  13   28 0.32
   4   10 0.79
   5   17 0.16
   3   10 0.28
   4    4 0.68
   7   17 0.17
   4   14 0.81
   3   18 0.55
   0   13 0.54
  14   31 0.08
   3    7 0.93
  16   25 0.81
  11   11 0.42
  12   12 0.40
   9   21 0.30
   0    5 0.24
   1    6 0.75
  10   12 0.81
   4   10 0.50
   2    8 0.69
   2   11 0.70
   3    3 0.21
  16   19 0.25
   3   19 0.55
  11   17 0.99
   1    4 0.55
  16   17 0.92
   3    9 0.99
   2    5 0.93
  10   20 0.64

   5   20 0.27
   5    5 0.52
   0    0 0.82
   2   18 0.89
  16   25 0.48
  14   19 0.95
   0   15 0.33
  14   31 0.88
  10   17 0.73
  15   23 0.79
  11   15 0.42
   3    6 0.34
   7   20 0.02
   6   20 0.53
   4   16 0.16
   6   20 0.12
  17   33 0.03
   8   24 0.20
  14   26 0.90
   2    2 0.41
   1    6 0.77
  14   14 0.75
   7   15 0.84
  15   32 0.73
   3   12 0.74
   7   24 0.20
  17   32 0.91
   7   15 0.99
  11   14 0.18
   5   13 0.48
  17   34 0.42
  11   17 0.68
   1   12 0.48
   6   10 0.07
   7    7 0.63
   5   13 0.34
   2   16 0.42
  14   17 0.38
  14   15 0.30
   2   15 0.02
   6   21 0.29
   9   20 0.14
   4    5 0.96
   4    7 0.14
  12   23 0.43
   9   26 0.90
   5   19 0.99
   8   25 0.18
   4    5 0.73
  10   15 0.04
   8   24 0.67
   5    7 0.01
   7   11 0.96
   0   12 0.89
   5   16 0.33
  15   29 0.67
   2   14 0.59
   0   13 0.15
   1    3 0.96
   6   10 0.13
  10   11 0.28
   8   18 0.75
  12   12 0.20
   9   21 0.36
   1   17 0.83
  14   31 0.74
   9   18 0.11
  14   16 0.70
  13   18 0.41
   6    7 0.99
  13   27 0.41
   7   13 0.74
   9   16 0.49
   8   25 0.31
  12   15 0.91
  11   18 0.83
  14   19 0.43
   3    5 0.05
   5    9 0.82
  10   17 0.43

   4   16 0.34
   5    5 0.68
   8   13 0.73
  10   22 0.21
   9    9 0.32
  14   23 0.61
   5    9 0.64
   3    8 0.36
   3   13 0.72
  12   24 0.64
   3    7 0.71
   7    8 0.24
   9    9 0.80
   7   12 0.15
  12   16 0.07
   4   19 0.22
   6   11 0.59
   4   17 0.50
   8   11 0.15
  16   25 0.67
  11   26 0.81
   8   14 0.09
  10   18 0.78
  14   27 0.86
  13   19 0.09
  15   16 0.06
   3    9 0.27
   8   16 0.95
   7   19 0.90
  17   33 0.24
   7   17 0.30
   1    8 0.38
   3   20 0.85
  14   25 0.45
   1    1 0.50
   1    8 0.44
  12   20 0.62
  10   24 0.01
  15   26 0.94
   0   11 0.39
  15   21 0.73
  14   22 0.91
  11   20 0.51
   3   16 0.05
   0    2 0.88
  10   27 0.92
   6   15 0.78
  17   28 0.68
   3   16 0.14
   2   10 0.33
   7    8 0.11
  12   21 0.67
   4   18 0.18
   5    8 0.49
  14   15 0.26
  13   15 0.08
  16   19 0.25
  10   24 0.51
   2    7 0.14
   2   15 0.40
   7   20 0.92
  10   15 0.69
   7    8 0.34
   2    5 0.10
   2    3 0.62
  17   31 0.66
   3   13 0.26
  14   26 0.20
   6   23 0.92
   0   17 0.00
   9   23 0.70
   8   21 0.62
   8   24 0.34
  14   24 0.97
  11   15 0.89
  13   17 0.40
  16   28 0.58
   0   14 0.19
   9   20 0.78
   2   17 0.15

