4 60 4
3   10  10  20

  82  151 0.87
  70   95 0.05
  89  144 0.17
  39   44 0.08
  17   64 0.30
  64   94 0.45
 105  139 0.65
 103  116 0.94
  24   71 0.80
   2   18 0.52
  78   82 0.92
   3   46 0.65
  43  114 0.23
  35   58 0.87
  50   73 0.97
  55  106 0.42
  14   56 0.00
  47  114 0.94
  10   83 0.31
  14   45 0.35
  27   68 0.78
  29   99 0.12
  84  128 0.10
  76  140 0.43
  84  104 0.85
  68   70 0.87
  96  116 0.55
  33   64 0.54
 107  140 0.53
  88  111 0.33
  44   80 0.69
  16   38 0.10
  80  152 0.01
  57   99 0.50
  99  154 0.92
  29   29 0.94
 107  109 0.38
  78  148 0.28
  72   91 0.23
  38   44 0.70
  25   51 0.16
  30   31 0.27
  62   88 0.77
  84  105 0.84
 107  176 0.35
  31   60 0.81
  76  100 0.68
  18   40 0.38
  44  117 0.72
   3   62 0.49
  95  105 0.09
  29   94 0.76
  35   77 0.17
  96  107 0.75
  47  121 0.42
  76  121 0.67
  10   12 0.66
 111  139 0.16
  22   69 0.74
  18   82 0.54

  61  125 0.14
 103  139 0.26
  45   87 0.45
  19   62 0.92
 102  174 0.34
 107  109 0.18
 105  105 0.00
 100  170 0.27
  87  119 0.29
  18   49 0.64
  37   83 0.52
  70  110 0.36
   9   81 0.28
  86  112 0.43
  49  106 0.72
  51   95 0.59
 100  150 0.70
  96   99 0.22
  42   57 0.28
  42   87 0.69
  15   35 0.23
  82  150 0.91
  27   50 0.71
   9   74 0.95
  42  109 0.05
  69  137 0.51
  21   29 0.06
  89  116 0.49
  42   46 0.91
  35   53 0.05
  58  102 0.87
  94  135 0.75
 100  138 0.46
   8   31 0.94
  15   63 0.55
  31   96 0.70
 108  126 0.61
  69  123 0.68
  98  156 0.47
  51  107 0.86
 111  185 0.64
  38   91 0.26
  25   44 0.12
  30   50 0.32
  63   91 0.52
  21   87 0.80
  93  154 0.21
  10   32 0.43
  79  145 0.61
  94  152 0.60
  54   67 0.14
   9   79 0.03
  15   84 0.60
  20   54 0.64
  40  109 0.78
  26   81 0.20
  57  119 0.46
  84  158 0.69
  45   86 0.88
  10   76 0.88

  76   83 0.81
  90  155 0.32
  20   38 0.42
  62   62 0.99
 104  149 0.38
   1   41 0.22
  26   50 0.78
  62   81 0.23
  58   88 0.91
 111  166 0.94
  71  127 0.47
  20   57 0.20
  42   86 0.90
 111  142 0.34
  60   92 0.50
  85  105 0.52
   3   18 0.93
  65  100 0.14
  59   84 0.12
  80   84 0.55
  34   47 0.52
  48  100 0.53
  86  106 0.48
 101  110 0.29
  82   84 0.56
  67  124 0.36
  44  112 0.64
   8   70 0.56
 103  119 0.62
  86  146 0.73
  32   89 0.33
   7   54 0.76
 104  140 0.87
  10   10 0.03
  60   81 0.99
 104  114 0.84
  17   64 0.25
  10   65 0.78
  54   66 0.86
  54   84 0.47
   9   82 0.95
  96  153 0.10
  64   73 0.86
  62  125 0.80
  65  122 0.33
  56  127 0.52
  37   94 0.08
  53   74 0.82
  62  111 0.19
   2   27 0.13
  82  144 0.74
  29   87 0.51
  55   89 0.38
  47  110 0.38
  35   72 0.51
   8   51 0.54
  82  110 0.19
  20   57 0.39
  80  128 0.39
  11   51 0.70

