5 40 4
6    4  10  10  10   2  10

  66   71 0.16
  30   38 0.50
  47   57 0.19
  43   61 0.01
  40   42 0.32
   9   14 0.42
  58   73 0.93
  14   19 0.72
  52   62 0.97
  41   46 0.71
   3   12 0.11
  43   52 0.68
  44   57 0.02
  54   74 0.72
  14   21 0.09
  66   83 0.59
  12   28 0.77
  50   69 0.43
  62   84 0.24
  41   55 0.38
  18   39 0.96
  19   29 0.89
  38   38 0.65
  58   80 0.01
  46   47 0.06
  64   74 0.62
  59   72 0.60
  61   65 0.40
   6   22 0.65
  41   60 0.03
  18   38 0.77
  37   47 0.10
  49   52 0.05
  23   43 0.47
  36   46 0.27
  13   34 0.44
  59   64 0.93
  53   69 0.75
  35   52 0.34
   7   14 0.42

  39   46 0.33
  62   78 0.62
  42   43 0.96
  31   43 0.26
  25   28 0.72
  18   25 0.48
  25   30 0.78
  25   34 0.58
  37   54 0.54
   8   23 0.09
   8   10 0.09
  39   61 0.75
  68   72 0.53
  44   60 0.09
   1   15 0.26
  52   53 0.86
  65   70 0.56
  30   31 0.14
  27   46 0.69
  39   54 0.94
  52   72 0.85
  16   23 0.82
  68   81 0.37
  35   53 0.74
  49   61 0.48
  65   80 0.69
  11   20 0.07
   9   22 0.33
  16   30 0.87
   3   17 0.45
  28   38 0.29
  49   71 0.84
  35   40 0.72
  49   59 0.85
  12   15 0.58
   4   13 0.75
  40   47 0.08
  12   19 0.55
  11   23 0.12
  17   37 0.66

  31   46 0.49
  44   54 0.86
  52   59 0.56
  46   48 0.30
  12   29 0.95
   8    9 0.15
  23   34 0.45
  42   50 0.11
  11   17 0.62
  20   20 0.22
  34   46 0.06
  29   34 0.12
  20   29 0.47
  67   82 0.91
  58   67 0.73
  22   35 0.77
  47   52 0.20
  53   61 0.22
  61   79 0.29
  50   72 0.31
  44   66 0.02
   4   16 0.08
  41   62 0.14
  56   74 0.78
  32   33 0.02
  39   61 0.67
   7   23 0.28
   1    8 0.87
  34   55 0.86
  19   39 0.93
  48   65 0.73
  39   51 0.61
  29   33 0.77
  43   45 0.68
  32   38 0.67
   1   23 0.22
  40   52 0.28
  26   48 0.61
  63   71 0.94
  20   22 0.24

  30   42 0.35
  21   22 0.89
  24   31 0.48
  11   14 0.41
  24   45 0.60
  61   74 0.11
  65   76 0.42
  61   80 0.14
  53   62 0.11
  39   40 0.92
  39   60 0.90
  30   38 0.19
  36   44 0.93
  21   33 0.80
   6   12 0.29
  14   33 0.04
  55   76 0.33
  38   48 0.22
   8   10 0.00
   5   11 0.55
   9    9 0.84
  63   66 0.89
  24   32 0.34
  53   61 0.54
  16   27 0.35
  21   21 0.64
  15   18 0.33
  46   57 0.63
  40   59 0.55
  10   28 0.60
  16   19 0.53
  39   58 0.41
   8   20 0.40
  41   53 0.64
  28   43 0.99
  44   66 0.49
   3   14 0.32
  48   48 0.86
  32   41 0.66
  36   36 0.81

  15   25 0.22
  20   26 0.76
  16   27 0.46
  25   46 0.68
  28   31 0.81
   8   16 0.72
  56   64 0.27
  39   60 0.15
  64   74 0.14
  35   42 0.32
  43   51 0.85
  30   51 0.58
   0   17 0.71
  13   19 0.01
  59   79 0.80
  28   35 0.94
  40   47 0.71
  66   68 0.26
  38   46 0.38
  26   31 0.81
  36   44 0.14
  13   35 0.88
  54   60 0.42
  62   74 0.83
  57   72 0.57
   5   11 0.40
  51   72 0.52
  18   35 0.25
  39   57 0.69
  54   67 0.52
  20   34 0.50
  64   72 0.79
  48   66 0.43
  55   57 0.14
  57   65 0.74
  52   53 0.66
  25   36 0.17
  25   47 0.25
  50   60 0.62
  28   42 0.34

  42   44 0.20
  43   64 0.30
  14   26 0.55
  45   61 0.24
  37   42 0.25
  48   54 0.43
  37   58 0.61
  47   59 0.32
  47   68 0.44
  17   22 0.18
  25   28 0.86
   2    2 0.93
  22   39 0.74
  25   34 0.80
   6    7 0.21
  52   69 0.42
  21   39 0.13
  55   74 0.87
  37   55 0.21
  47   63 0.44
  43   57 0.46
   1    3 0.73
  51   67 0.67
  64   75 0.11
  59   70 0.10
   5   14 0.57
  31   37 0.40
  18   18 0.90
   2    5 0.54
  33   33 0.39
  56   58 0.99
   5   11 0.85
  38   50 0.01
   1    8 0.60
   8   25 0.74
  36   41 0.42
  58   66 0.82
  50   62 0.96
  22   29 0.07
  64   76 0.24

