4 100 8
3   10  10   2

  31   74 0.75
  29   67 0.26
  17   63 0.46
  25   56 0.26
  12   31 0.47
  13   53 0.56
  28   50 0.83
  13   20 0.05
  31   50 0.68
  27   36 0.74
  29   73 0.69
  22   46 0.96
  18   60 0.73
  16   20 0.44
  13   25 0.72
   3   35 0.39
  16   37 0.15
  25   74 0.24
  18   18 0.38
   1   11 0.47
  22   68 0.21
   3   34 0.85
   4   54 0.38
  13   58 0.83
   8   17 0.52
   2   46 0.76
  32   32 0.41
  20   34 0.16
  11   35 0.05
   7   15 0.34
  29   75 0.82
  10   26 0.77
  20   43 0.15
  21   29 0.41
   1   32 0.68
  26   38 0.31
  14   60 0.82
  33   81 0.74
   9   11 0.79
  14   57 0.69
  24   26 0.00
  14   37 0.07
  17   54 0.60
  23   40 0.20
  15   58 0.58
   0   30 0.88
   8   17 0.01
   7    7 0.54
  26   40 0.71
   7   14 0.44
   7   49 0.65
   1   24 0.32
   2   33 0.84
  20   52 0.41
   3   37 0.94
  27   70 0.45
   6   34 0.80
  19   20 0.64
  16   22 0.92
  20   64 0.43
  32   69 0.16
  16   40 0.67
   5   29 0.98
  18   33 0.40
  17   18 0.30
   6   46 0.79
   0    4 0.43
   0   12 0.06
  21   42 0.02
  28   63 0.50
  15   28 0.82
  16   48 0.23
  16   25 0.58
  28   40 0.52
  24   66 0.29
  33   34 0.04
  28   37 0.34
   0   29 0.05
  12   57 0.55
   7   53 0.47
   6   18 0.54
  21   21 0.86
  13   52 0.00
  21   24 0.67
  16   44 0.63
  11   56 0.36
  21   60 0.90
  25   35 0.04
  10   54 0.68
  32   71 0.61
  18   40 0.49
  17   28 0.87
  27   38 0.71
   2   16 0.92
  31   50 0.99
  31   33 0.23
  18   24 0.95
  22   33 0.52
  24   73 0.97
   0   47 0.79

  32   51 0.15
  29   56 0.16
  21   64 0.49
   5   47 0.34
  20   62 0.59
   5   20 0.91
  32   56 0.60
  24   54 0.01
  26   26 0.94
   5   34 0.77
  11   12 0.50
  18   64 0.64
  16   24 0.68
  24   64 0.04
   0    7 0.24
  20   33 0.69
  33   53 0.05
  17   66 0.55
  32   39 0.77
  18   18 0.88
  26   34 0.21
   0   42 0.07
  22   34 0.33
  12   12 0.99
   9   35 0.82
  16   63 0.01
   9   15 0.46
  27   56 0.80
  28   73 0.51
   0   23 0.28
  12   53 0.00
  12   57 0.19
  30   36 0.75
   0    1 0.44
  26   42 0.54
  22   37 0.26
  17   47 0.94
  22   36 0.26
  27   47 0.09
  30   75 0.66
   0   14 0.37
  19   33 0.05
  23   70 0.90
  19   19 0.05
  21   21 0.56
  29   41 0.84
  21   33 0.55
  21   45 0.89
  18   50 0.72
  15   39 0.29
  31   76 0.91
  22   42 0.14
   7   12 0.39
  13   53 0.06
  14   26 0.70
  15   26 0.71
  12   12 0.44
   5   27 0.98
  12   31 0.17
  22   44 0.21
   6   10 0.70
  24   44 0.71
  20   54 0.58
  29   52 0.29
   9   51 0.83
  26   48 0.22
  24   41 0.67
   9   55 0.76
   0    8 0.45
  20   33 0.62
  21   62 0.09
  32   57 0.24
   0   41 0.84
  15   42 0.65
   1   10 0.03
  23   39 0.16
  18   32 0.55
  32   53 0.71
   2   20 0.91
  20   69 0.47
  22   26 0.40
  16   29 0.65
  30   72 0.32
  14   64 0.49
  31   52 0.25
  19   54 0.57
  21   27 0.29
  27   58 0.27
  30   76 0.34
  14   38 0.99
  30   60 0.58
  21   58 0.37
   4   54 0.23
  20   37 0.08
  12   12 0.53
  21   35 0.81
  12   36 0.58
  15   46 0.13
   7   24 0.14
  24   52 0.43

   5   47 0.28
  29   63 0.91
   0   44 0.94
   2   44 0.01
  32   71 0.03
   1   17 0.76
  16   43 0.09
  12   56 0.07
  30   59 0.68
  14   29 0.05
   4   14 0.66
  14   51 0.67
  31   77 0.02
   9   47 0.18
  25   73 0.88
  24   70 0.50
  25   71 0.76
  33   77 0.86
  33   35 0.87
  20   54 0.32
  18   58 0.43
  12   54 0.64
  25   68 0.31
  28   53 0.13
  31   31 0.47
   6   27 0.28
  21   34 0.75
  23   33 0.52
   3   22 0.34
  33   38 0.58
  13   34 0.45
  25   55 0.11
  24   69 0.96
  33   51 0.72
   4   13 0.82
  22   46 0.31
  18   21 0.45
  24   62 0.08
  17   65 0.52
  23   38 0.66
   7   10 0.36
  26   39 0.53
  33   78 0.58
   5   31 0.14
   1   31 0.02
  17   20 0.85
  11   59 0.35
  22   65 0.92
  12   59 0.27
  16   48 0.15
  18   46 0.22
  30   38 0.85
   9   34 0.80
  22   69 0.96
   6   30 0.58
  22   40 0.48
   0    3 0.13
  33   46 0.79
  23   66 0.22
  29   49 0.21
  22   32 0.59
  31   33 0.14
  17   35 0.66
  28   53 0.80
   6   46 0.61
  19   45 0.59
  11   52 0.19
   6   24 0.82
   0    0 0.06
  18   48 0.35
  30   60 0.64
   1   35 0.71
  21   21 0.91
  19   23 0.49
  23   27 0.50
   7   26 0.83
  11   33 0.27
   0   45 0.10
  22   59 0.77
   2   25 0.35
   0   50 0.07
   3   36 0.93
   9   20 0.60
  29   36 0.23
   7   20 0.36
  33   77 0.80
  15   41 0.86
  17   64 0.62
  27   40 0.22
  21   59 0.05
  16   19 0.97
  31   70 0.04
  25   45 0.34
  12   25 0.10
  27   35 0.43
  15   22 0.07
  16   18 0.70
  25   66 0.62
   1   15 0.71
  26   32 0.88

