3 60 8
3    2   4  10

  15   18 0.76
  26   45 0.96
  16   24 0.45
   8   27 0.29
   5   15 0.25
  16   22 0.63
  11   12 0.27
  27   34 0.95
  25   27 0.69
   9   12 0.02
  10   15 0.65
  27   31 0.59
  27   44 0.54
  26   38 0.87
   2   18 0.81
   7   20 0.28
  10   16 0.07
  18   22 0.60
   2   13 0.55
   0    7 0.80
  28   32 0.88
  10   27 0.26
   6    6 0.10
  28   31 0.08
   1    6 0.53
   3   11 0.47
  11   24 0.98
  29   47 0.50
  15   22 0.07
   3   15 0.02
  29   44 0.08
   1    3 0.45
  22   24 0.18
  11   26 0.74
  25   38 0.43
  10   20 0.65
   3    8 0.43
   5   22 0.54
   1    6 0.48
  24   41 0.84
   8   10 0.24
  15   34 0.24
   1    7 0.28
   5   24 0.76
   9   28 0.06
  21   28 0.83
  15   34 0.57
  22   39 0.57
   2   18 0.35
   4    9 0.70
   8    8 0.38
   8   27 0.90
  26   35 0.09
   3    5 0.22
   4   19 0.12
   8   19 0.60
   2   18 0.65
  21   28 0.16
  29   45 0.53
   2   19 0.39

  18   28 0.52
   0    5 0.27
  24   32 0.11
  16   27 0.88
  17   22 0.10
  17   27 0.38
   9   20 0.89
  20   25 0.66
   0   14 0.72
  26   41 0.18
  18   34 0.56
  26   31 0.40
  12   16 0.48
  11   27 0.81
  10   24 0.41
   9   17 0.99
  18   32 0.50
  17   21 0.51
  12   25 0.85
  16   34 0.21
   5   18 0.86
  15   17 0.26
   8   21 0.58
   5   16 0.53
  15   28 0.88
  21   23 0.59
   2   11 0.16
   9   27 0.55
   5   13 0.35
  27   35 0.39
  23   34 0.63
   1    2 0.95
   0   10 0.73
   5    7 0.46
   4   20 0.99
  18   31 0.26
   8   19 0.38
   6   12 0.80
  13   31 0.28
   7   11 0.81
  16   18 0.83
  12   19 0.49
  12   16 0.88
  24   28 0.45
  22   38 0.29
  15   30 0.25
  20   21 0.89
   6   16 0.33
   6    7 0.70
  21   26 0.00
  11   23 0.80
   0   11 0.78
   4   22 0.72
   5   19 0.43
  14   30 0.74
  24   38 0.08
  10   13 0.96
   1    2 0.36
  29   45 0.53
  15   26 0.47

   5   14 0.65
  19   31 0.78
  21   29 0.07
   1   15 0.05
   1    4 0.06
  29   46 0.88
  21   22 0.29
  14   22 0.77
   4    8 0.04
   3   20 0.06
   4    6 0.68
   8   21 0.12
  29   42 0.15
   5   12 0.21
   6   18 0.95
   5   18 0.53
  12   13 0.19
  29   33 0.25
   5    8 0.84
  17   30 0.46
  17   22 0.90
   1   16 0.48
   1   15 0.99
  11   28 0.01
  13   15 0.25
  22   28 0.93
   5    9 0.79
  29   45 0.65
  25   29 0.15
  15   22 0.57
  18   21 0.97
  21   31 0.30
  22   22 0.49
  11   27 0.77
   0    1 0.34
  12   17 0.19
  29   29 0.27
  11   27 0.52
  12   25 0.65
  25   43 0.33
   6    8 0.06
   3   15 0.50
   6   13 0.84
  18   32 0.63
  11   29 0.22
   6   15 0.34
  20   24 0.46
   2    7 0.01
   2   14 0.90
  12   23 0.04
  19   32 0.69
  13   26 0.02
   0   10 0.42
   2    7 0.10
  16   17 0.21
  20   31 0.42
   8   18 0.37
  14   24 0.33
  18   34 0.97
   3   17 0.18

