4 80 4
3   16   4   2

  19   26 0.54
  49   96 0.65
  25   27 0.94
  43   53 0.82
  20   28 0.58
  46   90 0.31
  27   75 0.74
  26   38 0.40
  15   31 0.91
  31   51 0.39
   5   15 0.09
   1   19 0.05
  20   34 0.63
  32   44 0.43
  50   93 0.32
  37   78 0.20
  24   54 0.49
  48   67 0.70
   1   41 0.98
  43   48 0.66
   8   11 0.12
  49   93 0.32
  42   93 0.55
  22   51 0.97
  12   54 0.86
  51   55 0.79
  14   58 0.66
  47   95 0.01
  11   45 0.88
  36   70 0.77
  37   90 0.73
   3    4 0.99
  19   48 0.43
  26   53 0.18
  36   47 0.51
   9   27 0.81
  48   51 0.93
  49   50 0.99
   7   14 0.49
  46   62 0.69
  25   42 0.36
  21   21 0.71
  38   64 0.60
  45   89 0.42
  22   68 0.19
  25   26 0.02
   0   45 0.79
   0   42 0.72
  24   73 0.43
  53   95 0.20
  18   25 0.99
   7   49 0.42
  13   47 0.83
  39   47 0.83
  23   56 0.90
  26   66 0.09
  24   47 0.20
  48   71 0.07
  36   42 0.64
  24   48 0.83
  16   26 0.87
  52   83 0.92
  41   94 0.95
  36   82 0.30
  29   63 0.40
  30   58 0.22
  35   88 0.66
  34   43 0.50
  22   56 0.11
  14   46 0.37
  20   59 0.49
  11   57 0.00
   8   50 0.72
  21   23 0.60
  45   58 0.83
  47   85 0.59
   4   50 0.99
  18   70 0.36
  34   87 0.56
  42   48 0.63

  36   79 0.13
   8   48 0.31
  11   22 0.01
  10   24 0.65
  53   69 0.82
  22   69 0.06
   6   17 0.97
  27   62 0.79
  19   70 0.83
  25   39 0.75
  18   56 0.61
  43   71 0.29
   6    7 0.46
  35   54 0.51
   1   21 0.18
  21   56 0.07
  44   74 0.97
  43   72 0.32
  24   77 0.70
  53   57 0.76
   2   37 0.24
  26   40 0.73
  42   89 0.85
  28   63 0.98
  51   77 0.05
  38   47 0.50
  40   80 0.89
  29   56 0.68
  23   29 0.08
  16   56 0.45
   0   44 0.64
  25   76 0.73
  30   73 0.95
   9   49 0.09
  33   36 0.41
  40   87 0.77
  25   48 0.15
  15   59 0.56
  42   55 0.04
  22   31 0.05
   6   26 0.89
  44   46 0.95
  10   46 0.30
  32   39 0.55
  17   59 0.19
  40   87 0.33
   7   21 0.09
  24   26 0.91
  17   50 0.06
  26   64 0.72
  32   39 0.08
  25   34 0.28
   3   33 0.00
   3   36 0.54
   3   41 0.02
   2   26 0.98
  44   78 0.53
  54   80 0.19
  16   52 0.07
  33   52 0.92
  53   90 0.11
  21   48 0.22
  49   50 0.67
  52   87 0.77
   0   14 0.37
  36   46 0.34
  53   55 0.38
  39   39 0.04
   7   44 0.48
  42   82 0.06
   9   32 0.72
  14   41 0.48
  29   58 0.57
  49   52 0.16
  15   22 0.91
  41   57 0.92
  50   97 0.13
   4   39 0.39
  32   63 0.30
  31   65 0.74

  40   75 0.35
  20   71 0.38
   1   28 0.39
  36   81 0.51
  38   90 0.34
  53  103 0.12
  10   60 0.75
  17   22 0.91
   0   32 0.03
  46   56 0.53
  39   76 0.49
  34   65 0.01
  54   64 0.26
  32   76 0.42
  47   90 0.28
  26   57 0.81
  41   45 0.59
  35   39 0.49
  50   54 0.29
  24   74 0.08
  21   50 0.03
  26   69 0.18
  54   79 0.61
  50   73 0.68
  28   65 0.11
  22   59 0.89
  21   40 0.43
  18   62 0.13
  46   95 0.92
  50   57 0.20
  22   49 0.78
   6   42 0.72
   2   43 0.88
  54   90 0.95
  49   62 0.76
  41   46 0.30
  50   60 0.77
  40   44 0.03
   4   22 0.49
  41   89 0.64
   1   41 0.51
  23   35 0.03
  15   58 0.06
  24   26 0.37
  28   38 0.99
  52   58 0.02
   4   30 0.44
  38   43 0.83
  52   93 0.21
  11   19 0.38
  42   95 0.66
   2   15 0.38
  40   54 0.26
   1   12 0.71
   3   43 0.94
  14   45 0.81
  31   59 0.18
  42   87 0.02
   6   17 0.71
  20   46 0.70
  23   56 0.48
  54   74 0.84
   5   17 0.16
  52  101 0.33
  53   57 0.49
   3   51 0.10
  19   54 0.10
  11   22 0.36
  24   78 0.70
  45   67 0.32
  48   58 0.96
  53   95 0.34
  33   49 0.69
   6   35 0.26
  21   45 0.54
  10   23 0.29
  38   70 0.64
  15   53 0.17
  48   60 0.43
  51  102 0.76

