3 50 8
6    2   2   2   2   4  10

   0   13 0.77
   5   19 0.45
   8   11 0.06
   5    8 0.19
   6   21 0.10
   4   16 0.53
   8   10 0.42
   5    5 0.42
   9   27 0.28
  10   10 0.10
   0   16 0.11
   8   10 0.62
   9   23 0.77
   2   13 0.80
   9   11 0.60
   6   23 0.12
   1   14 0.13
   4   20 0.77
   2    7 0.68
   3   18 0.66
  10   12 0.20
   7   11 0.73
   2   22 0.50
   8   13 0.76
   1   21 0.21
  10   12 0.12
   9   13 0.43
   9   14 0.00
   1    4 0.01
   0   10 0.59
   0   21 0.69
   6   25 0.83
   5   12 0.25
   1    5 0.98
   2    3 0.98
   5    6 0.30
   7   15 0.77
   5   22 0.28
  10   31 0.80
   7    9 0.46
   2    7 0.14
  10   10 0.31
   8   27 0.94
   9   21 0.36
   1    4 0.61
   6   14 0.78
   3   16 0.43
   6   10 0.64
   2   18 0.16
   0    8 0.80

   6   24 0.98
   1   13 0.97
   8   25 0.21
   8   18 0.32
   6   26 0.66
   7   22 0.77
   2   17 0.29
   3   10 0.66
   1   20 0.23
   8   28 0.25
   0    8 0.27
   4    9 0.80
   4   12 0.93
   3   11 0.11
   6    9 0.66
   0   18 0.53
   4   14 0.15
   3   16 0.14
   6   17 0.71
   4   16 0.48
   0   12 0.39
   7   22 0.02
   5   16 0.38
   8   21 0.13
  10   22 0.89
   4   25 0.70
   4   18 0.11
   0   16 0.99
   0    5 0.77
   7   20 0.22
   7   10 0.36
   7   17 0.46
   3   16 0.77
   6   23 0.77
  10   19 0.50
   0    4 0.04
   1    1 0.63
  10   13 0.30
   4   10 0.32
   7   11 0.09
  10   29 0.51
   1   22 0.18
   2   11 0.02
   4   13 0.84
   0    2 0.07
   5   13 0.58
   0   14 0.14
   0   14 0.50
   7   23 0.67
   6   19 0.77

  10   12 0.64
   3   20 0.18
   0   17 0.03
   4    7 0.88
   4   12 0.25
   3   14 0.66
   5    5 0.07
   9   11 0.75
   9   17 0.73
   3    6 0.44
   6   23 0.50
   2    5 0.60
   5   20 0.12
   0   18 0.34
  10   12 0.22
   8   26 0.31
   7   21 0.37
   3    4 0.85
   2   16 0.04
   4   14 0.45
   7   21 0.92
   9   15 0.52
   0    7 0.62
   4   24 0.62
  10   21 0.18
   6    8 0.79
   2   13 0.32
   7    9 0.75
   4   21 0.67
   3    9 0.34
   0   13 0.43
  10   23 0.65
   8   20 0.84
   0   19 0.96
   9   28 0.20
   5   26 0.06
   1   14 0.73
   0   15 0.77
  10   15 0.05
   6   25 0.05
   4    6 0.21
   3   16 0.28
   4    7 0.13
   3   11 0.76
   1   19 0.55
   6    9 0.08
   6   11 0.65
   0    2 0.32
   0    5 0.76
   2   23 0.95

   2   23 0.89
   8   24 0.57
  10   22 0.79
   6    9 0.47
   7   23 0.72
   3   12 0.18
   7   13 0.60
   3   23 0.93
   8    8 0.88
   2   18 0.44
   1    2 0.56
   9    9 0.52
   9   21 0.53
   6   16 0.03
   0   16 0.83
   8   21 0.29
   2   16 0.04
   8   26 0.57
   5    9 0.24
   9   12 0.27
   0   10 0.90
   6   21 0.94
   8   16 0.82
   6   15 0.23
   0    4 0.87
   8    9 0.63
   2    3 0.23
   2   13 0.32
   0   16 0.21
   3   15 0.57
   8   10 0.78
   7   13 0.71
   6    6 0.16
   7   27 0.61
  10   16 0.35
   8    9 0.83
   4   18 0.78
   7   20 0.91
   5   14 0.02
   6   19 0.39
   9   30 0.90
   7   20 0.03
   2   17 0.56
   1    5 0.89
   1   12 0.53
   1    4 0.31
   2   19 0.38
   4   17 0.46
   0    0 0.70
   4   20 0.36

   6   15 0.88
   8    9 0.10
   3   13 0.19
   9   14 0.19
   5   22 0.75
   3   11 0.85
  10   30 0.87
   4   17 0.76
   8   24 0.75
   6   24 0.43
   3   14 0.22
   9   19 0.05
   3   19 0.50
   6   19 0.72
   5   26 0.14
   2   23 0.18
   9   17 0.78
   1    6 0.83
   2   17 0.96
   1   22 0.98
   1   19 0.41
   8   23 0.52
   1   11 0.90
   1   19 0.57
   2   14 0.49
   2   20 0.32
   0    0 0.15
   1   22 0.64
   8   28 0.15
   6   13 0.65
   0   19 0.96
  10   18 0.65
   4   15 0.23
   5   19 0.81
   4   13 0.64
   0    9 0.72
   4    9 0.14
   4   14 0.59
   5   24 0.98
   9   13 0.01
   9   28 0.79
   6   25 0.79
  10   29 0.13
   0    6 0.79
   8   19 0.86
   2   13 0.43
   3    5 0.78
   9   14 0.12
   7    8 0.66
  10   27 0.07

   9   20 0.53
   2   15 0.34
   0   21 0.02
   0    0 0.17
   8   17 0.06
   7   10 0.70
   9   24 0.90
  10   19 0.37
   4    6 0.26
  10   26 0.96
   5   22 0.39
   3   18 0.25
   0    5 0.94
   3   18 0.26
   5   20 0.55
   3   21 0.04
   7   10 0.44
   0   21 0.16
   4   19 0.98
   1    4 0.40
   0   11 0.68
   7   25 0.48
   8    9 0.79
   3   20 0.83
   0   20 0.58
   6   25 0.26
  10   27 0.41
   4   12 0.46
   2    3 0.01
   4   22 0.59
   2   17 0.33
   3    4 0.52
   2   20 0.30
   1   13 0.74
   4    6 0.63
  10   16 0.09
   2    2 0.47
   2    7 0.34
   1    8 0.43
   4   10 0.32
   5   14 0.22
   1    9 0.65
   4   11 0.59
   4    8 0.82
   9   11 0.74
   6   25 0.00
   4   15 0.54
   4   14 0.76
  10   13 0.63
   1   17 0.69

