3 80 4
3    4   4  16

   9   92 0.38
  20  105 0.74
  32  110 0.96
  20  115 0.56
  14   55 0.97
  15  121 0.14
  10   87 0.85
  15   23 0.13
   4  108 0.41
  27   63 0.37
   8   24 0.06
  36   88 0.45
   4   96 0.47
  16   70 0.49
  20   34 0.70
   9   71 0.35
  11   34 0.30
  16  123 0.84
  33  105 0.64
  39  147 0.48
  21   33 0.65
  16   70 0.25
  29   90 0.05
  16  108 0.23
  33   38 0.58
  20  135 0.71
  10   35 0.40
  29   60 0.57
  25   43 0.78
  34   40 0.20
   9   73 0.04
   6  112 0.26
  38  152 0.38
  33   60 0.39
  33   48 0.13
  34   50 0.23
  18   72 0.02
   2   64 0.13
   7   65 0.70
  16   76 0.21
  30   65 0.52
  39  100 0.41
  14  122 0.98
  39  149 0.99
  37  149 0.59
  19   86 0.31
  16  124 0.01
   3   79 0.08
   8   40 0.65
  33  127 0.67
  38  131 0.36
   8   67 0.68
  20  133 0.66
  24  132 0.77
  37   85 0.55
  35  137 0.75
  25   54 0.26
  15  120 0.79
  34  110 0.26
  29   44 0.02
  12  108 0.70
   5   57 0.29
  24  118 0.42
  35  127 0.85
   0   99 0.10
  19   22 0.13
   0   77 0.58
   4   16 0.25
   9   57 0.65
  13  105 0.08
  24  129 0.50
  26   44 0.08
  26   65 0.72
   6  116 0.64
  23   27 0.79
  19  109 0.65
  24  127 0.28
  35   66 0.54
   8   24 0.64
   9   90 0.28

  38   77 0.51
  10   66 0.10
  21  104 0.55
   9   59 0.34
  25   64 0.14
  36  130 0.61
  30  102 0.79
  32   79 0.37
  23   33 0.53
  32  130 0.30
  10   73 0.81
  36  144 0.39
  29   43 0.54
  25   29 0.77
  23  110 0.81
   9   92 0.28
  23  102 0.05
  18   86 0.48
  29   86 0.78
   2   77 0.61
   4   60 0.16
   0   81 0.91
  15  103 0.85
  34   37 0.15
   0   50 0.67
  16   62 0.42
  36   92 0.34
  34   72 0.88
  12  125 0.18
   1  107 0.36
  11   63 0.03
  29   36 0.24
  35   80 0.10
  37  132 0.46
   6   33 0.42
  34   57 0.79
  23  125 0.53
  28   81 0.25
  33   54 0.54
   9  110 0.97
  28   31 0.25
  32   88 0.89
  19  108 0.13
  25   39 0.98
  11   63 0.95
  39  142 0.47
  28  110 0.67
   9  126 0.43
   2  119 0.85
  29   52 0.20
   8   36 0.42
   4   25 0.97
   2   63 0.77
   2   98 0.30
   3   27 0.33
  34  151 0.41
   1  112 0.47
  36   90 0.67
   6  117 0.26
  28  104 0.43
  18   81 0.89
   6    9 0.64
   9  103 0.39
  14   27 0.72
  10   67 0.44
  24   83 0.60
  33   62 0.08
  28   48 0.34
   4   90 0.54
   7   56 0.21
  28   98 0.58
  30  112 0.54
   7   79 0.75
  39   71 0.42
  35  135 0.51
   5   18 0.00
  23  111 0.81
  15   36 0.31
   8   41 0.86
  34  142 0.29

  10   79 0.24
  22  129 0.93
   1    5 0.33
   3   70 0.26
   4   27 0.65
  20  107 0.97
  36   37 0.96
  17   27 0.91
   5   72 0.69
  36   89 0.59
  27   29 0.43
  15   17 0.75
   9   50 0.60
  23  106 0.70
  25   80 0.56
   5   24 0.99
  33   36 0.66
  27  144 0.62
  22   87 0.82
   5    5 0.28
   9  113 0.15
   6   87 0.77
   0   68 0.09
  13   49 0.60
  17   83 0.83
  21   89 0.39
  12   82 0.74
  22   88 0.76
  32  124 0.32
  17   78 0.96
  28  102 0.94
  28  147 0.39
   6   37 0.07
  11   68 0.91
  24   49 0.23
  14   65 0.46
   1   87 0.59
  22   92 0.08
  18   29 0.05
  15   47 0.60
   3   11 0.32
   6   66 0.90
  20   53 0.94
  29  103 0.56
  18  135 0.48
  15   16 0.22
  21   67 0.08
  33  113 0.81
  17   69 0.32
  32   77 0.90
  14  101 0.79
   8  115 0.20
  29  128 0.62
  17   46 0.29
  22   78 0.27
   8   53 0.17
   2   90 0.04
   9   37 0.79
  36   84 0.14
  22  105 0.11
  15  118 0.60
  29  124 0.52
   6   28 0.81
  39  101 0.72
  23   35 0.98
  29   93 0.94
  21  130 0.08
  13   91 0.85
  18   21 0.37
   8   86 0.84
   5  122 0.01
   4   85 0.90
  28   81 0.18
  11   86 0.28
   2   38 0.02
  37  136 0.25
   5   82 0.65
  29   91 0.32
  12   81 0.25
  10  128 0.75

