4 40 4
6    2  16  10  10  10  10

  24   25 0.60
  24   55 0.90
  10   11 0.28
  29   56 0.78
  15   34 0.51
  29   62 0.30
   8   22 0.11
   5   33 0.26
  31   47 0.75
  19   54 0.70
  11   29 0.50
  15   17 0.78
   3    7 0.89
  20   24 0.63
  10   42 0.12
  10   23 0.85
  23   40 0.48
   3   26 0.94
  11   39 0.19
  24   43 0.18
  22   45 0.41
  28   58 0.22
  31   66 0.74
  27   52 0.82
   2   11 0.05
   2   10 0.27
  13   20 0.32
  28   28 0.84
   7   11 0.29
  20   21 0.35
  35   66 0.14
   1   13 0.03
  13   40 0.82
  31   56 0.81
  17   38 0.84
   2   37 0.40
   9   32 0.10
   3   38 0.87
  27   60 0.12
  19   52 0.42

  21   56 0.10
  28   34 0.25
   9   11 0.94
  24   47 0.18
   7   14 0.09
   0   15 0.35
  30   64 0.10
  17   35 0.03
  12   37 0.35
  18   46 0.30
  29   52 0.84
  32   62 0.97
  21   25 0.25
  25   58 0.59
  30   58 0.43
  20   31 0.16
   6   35 0.77
  18   24 0.39
  25   41 0.92
  35   54 0.20
  34   53 0.25
  10   27 0.03
  26   28 0.35
  30   54 0.30
  31   37 0.66
  12   12 0.30
  13   22 0.11
   7   23 0.30
  23   38 0.17
  22   27 0.23
   4   26 0.18
  24   42 0.83
  10   16 0.56
  18   27 0.57
   2   32 0.64
  11   22 0.15
  24   56 0.50
  23   45 0.12
  35   51 0.80
   9   38 0.89

   5   19 0.96
   0   24 0.94
   7    8 0.95
   3    5 0.31
   0   25 0.94
  24   41 0.43
  32   46 0.88
  15   24 0.35
  30   54 0.28
   3    7 0.73
   3   10 0.04
  35   40 0.36
  12   44 0.59
   4   24 0.87
   3   28 0.88
  15   46 0.61
  30   53 0.82
  12   34 0.87
  16   35 0.36
  20   42 0.18
  32   43 0.01
   6   15 0.77
   9   25 0.49
   3    3 0.07
  26   38 0.06
   7   10 0.10
   4    4 0.65
  35   45 0.41
   0   11 0.03
   9   28 0.57
  21   51 0.30
   2    4 0.58
   4    9 0.14
   3    4 0.74
  30   60 0.12
  27   27 0.67
   7   10 0.98
  11   13 0.01
  26   29 0.08
  28   48 0.21

   0   31 0.09
  23   56 0.36
  16   30 0.25
  25   32 0.37
   7   15 0.15
  33   39 0.15
  13   45 0.73
  13   18 0.47
  14   24 0.91
   1   14 0.47
  32   60 0.84
  24   37 0.65
  34   66 0.96
  23   44 0.93
   1   10 0.82
   1   18 0.48
  12   26 0.02
  17   51 0.53
  29   64 0.35
   5    9 0.64
  17   30 0.21
  10   29 0.35
  13   41 0.83
  31   53 0.36
   7    8 0.61
  29   33 0.76
   6   24 0.28
  10   45 0.55
  29   55 0.26
  20   44 0.61
  23   29 0.49
   4   23 0.28
  21   27 0.62
   8   23 0.52
  35   66 0.11
  12   40 0.51
   8   30 0.93
  24   26 0.92
  29   36 0.01
  32   33 0.90

  10   24 0.81
  13   47 0.98
   5    6 0.14
   7   21 0.99
  23   37 0.79
  25   35 0.19
  21   25 0.37
   2   33 0.87
  10   45 0.85
   7   35 0.37
   0   19 0.78
   8   26 0.75
  24   58 0.73
  22   44 0.48
  34   64 0.08
  21   37 0.25
  27   62 0.00
  28   45 0.98
   5   18 0.67
   8   24 0.29
  11   12 0.11
  10   24 0.87
  19   38 0.07
  23   57 0.61
  13   33 0.22
  21   33 0.70
   0   16 0.77
  13   42 0.06
   7   10 0.62
   7   16 0.16
   5   35 0.00
   3   34 0.28
  35   66 0.25
  34   35 0.77
  29   53 0.15
  26   54 0.72
   0   20 0.71
  33   61 0.04
   8   33 0.49
  33   39 0.48

  26   33 0.16
  21   35 0.34
  18   26 0.30
  25   60 0.67
  16   29 0.99
  13   21 0.03
  17   21 0.92
  28   60 0.42
  19   29 0.89
  18   26 0.56
  17   52 0.84
  18   31 0.27
   5   13 0.55
   9   38 0.84
  34   40 0.27
   5   27 0.31
  12   41 0.09
  22   39 0.52
   0    3 0.79
   8    8 0.54
  12   14 0.64
   5   37 0.66
  31   52 0.19
   7   22 0.18
  14   16 0.25
   2   32 0.43
  10   41 0.10
  13   36 0.32
  17   32 0.94
   1    7 0.03
  18   46 0.07
   6   22 0.66
  33   45 0.77
  23   47 0.04
   5   32 0.25
  35   67 0.56
  27   49 0.79
  20   52 0.05
  16   35 0.40
  31   61 0.11

