4 40 8
6    2  16   4   4  10  16

  12   14 0.27
   7   11 0.59
  12   25 0.78
  11   26 0.63
   9   10 0.76
   9   24 0.74
   2   17 0.94
   8   16 0.29
   8    9 0.56
  12   13 0.81
  14   26 0.83
  14   18 0.64
   1   10 0.77
   2    2 0.84
   6    9 0.17
   0   15 0.83
   8   17 0.88
  10   14 0.44
   9   13 0.23
  14   20 0.76
  14   18 0.24
   7    9 0.69
   1    7 0.29
   6    7 0.00
   5    5 0.59
  15   21 0.95
   7   16 0.61
  14   28 0.68
   2   15 0.47
   7   10 0.88
   6   20 0.37
  15   15 0.96
   9   12 0.08
  14   29 0.30
   4    7 0.24
   4   11 0.69
   5   20 0.32
   8   18 0.78
  13   17 0.86
   3    4 0.03

   6   21 0.55
  12   26 0.40
   2   17 0.31
  11   11 0.31
   0   13 0.77
   0   13 0.28
   1    7 0.68
  15   27 0.65
   1    9 0.93
   3   10 0.00
   6   17 0.01
   3   15 0.34
   2   11 0.00
  12   22 0.23
   2    9 0.54
   5    6 0.28
   1    6 0.85
   2   16 0.78
  10   22 0.49
  13   16 0.06
  13   27 0.54
  11   11 0.45
   3   16 0.15
   8   23 0.18
   3   18 0.91
   9   24 0.41
  11   21 0.13
   2    3 0.25
   8   16 0.66
   1    6 0.99
  11   11 0.93
   3   16 0.26
   7   14 0.47
  14   22 0.28
  11   11 0.45
  11   14 0.22
  13   22 0.97
   7    7 0.83
   6   21 0.48
   1    5 0.82

   2   17 0.25
  13   23 0.87
  15   30 0.99
   8   23 0.46
  10   14 0.49
   7   21 0.62
   2   14 0.38
   4    4 0.29
  12   26 0.00
   1   15 0.93
   0   10 0.03
  12   23 0.96
   1    4 0.16
   3    3 0.38
   5   18 0.10
   0    5 0.80
   1   16 0.33
  15   27 0.86
  11   20 0.82
  13   16 0.07
  10   13 0.49
  13   22 0.79
   4   15 0.63
  14   20 0.99
   2    2 0.03
  10   14 0.44
   2   10 0.21
   7   12 0.69
  14   19 0.60
  14   16 0.11
  11   16 0.61
  12   25 0.43
   3    8 0.75
  13   20 0.80
  11   18 0.73
   7   14 0.76
  12   25 0.52
   2    9 0.79
   9   22 0.93
  10   18 0.27

  13   18 0.55
   7   20 0.41
  15   25 0.55
   2   15 0.07
   7   11 0.47
   8   18 0.98
   3   10 0.06
  13   21 0.02
  11   20 0.61
   8   23 0.94
  10   19 0.76
  13   19 0.31
   4   12 0.02
   4   17 0.92
  15   30 0.01
  14   16 0.41
  15   17 0.28
   7   19 0.18
  15   30 0.24
   5   19 0.41
  14   23 0.71
  14   24 0.78
   9   10 0.75
  10   10 0.75
  12   14 0.99
  14   20 0.21
   3   15 0.88
   7   18 0.20
   3   14 0.04
   2   14 0.10
  15   16 0.83
   1   16 0.03
  12   12 0.71
  10   13 0.78
  15   20 0.73
   6    9 0.74
   6   15 0.08
   1    7 0.34
   6    9 0.48
   9   10 0.54

  10   17 0.96
  13   28 0.48
   1    2 0.77
  11   12 0.46
  13   28 0.64
  13   22 0.30
   5    6 0.97
  10   20 0.24
   7   12 0.89
  14   21 0.72
  10   22 0.92
  14   20 0.77
   2   15 0.49
  14   14 0.69
   7   18 0.73
   1    6 0.26
   6   20 0.91
   6   19 0.08
  15   21 0.14
   0    4 0.83
   4   12 0.18
   2    8 0.99
  12   12 0.32
   0   14 0.56
   2   11 0.68
   2   11 0.59
  10   12 0.70
   2    5 0.37
   6   16 0.77
   6   18 0.34
   6   14 0.66
  11   18 0.94
   5    5 0.30
   6   10 0.66
   8   18 0.79
  13   27 0.71
  13   13 0.51
   0    6 0.99
  14   26 0.41
  10   16 0.41

   0    2 0.55
   6   19 0.91
  11   19 0.42
  10   15 0.17
   4   13 0.63
   7   19 0.76
  15   25 0.73
  11   14 0.65
   8   10 0.36
  13   19 0.06
   7   19 0.97
   9   19 0.01
   9   20 0.54
   8   20 0.74
   7   10 0.20
  15   28 0.70
   6   13 0.61
   9   15 0.34
   7   17 0.60
  13   19 0.41
  15   15 0.14
   1    6 0.30
  11   26 0.86
  10   14 0.70
   4   15 0.50
  10   17 0.22
   7   18 0.44
  12   15 0.98
  12   15 0.69
   7   18 0.77
   2    8 0.39
   6   19 0.03
   4   19 0.62
   8   15 0.87
   9   19 0.95
   2    4 0.42
  11   16 0.33
   1    8 0.02
   7   13 0.75
  15   19 0.47

