3 30 8
6    2  10  20   2   2  16

   1   10 0.11
  30   52 0.71
  29   57 0.04
  12   26 0.23
   2    9 0.18
  30   41 0.63
   9   16 0.02
   4    4 0.93
  21   47 0.21
   4   18 0.54
   1   22 0.72
  24   44 0.20
   6   20 0.59
  28   42 0.03
  18   31 0.80
  26   34 0.49
  18   18 0.81
  20   35 0.60
  23   34 0.31
  22   29 0.21
  15   45 0.72
  28   46 0.36
   6    9 0.72
  13   43 0.47
  25   55 0.47
  31   36 0.56
  24   46 0.10
  20   51 0.36
   4   33 0.00
   0   13 0.00

  24   42 0.93
  13   32 0.81
  30   56 0.72
  24   42 0.68
  15   31 0.31
   4    9 0.13
   3   20 0.16
  15   27 0.12
  15   23 0.41
  13   24 0.40
   6   34 0.27
  25   37 0.83
  30   54 0.64
  28   52 0.96
  29   36 0.50
  19   32 0.18
   5   26 0.05
   5   36 0.86
  14   33 0.68
  31   58 0.04
  24   41 0.03
  21   31 0.31
  25   39 0.71
  28   32 0.16
   8   22 0.59
  17   44 0.27
   5   22 0.69
  10   40 0.35
   7    9 0.89
  14   15 0.86

  14   41 0.31
  29   53 0.59
  27   39 0.90
  17   48 0.55
  15   27 0.50
   0    5 0.45
   6   28 0.41
   8   33 0.26
  12   16 0.86
  13   18 0.66
  19   31 0.14
   9    9 0.32
   2   31 0.40
   9   31 0.62
   5   33 0.96
  10   40 0.44
  18   25 0.27
   5   31 0.54
  29   43 0.70
   0    5 0.34
  10   13 0.92
  19   29 0.67
  10   16 0.09
  28   49 0.64
  22   24 0.54
   6   33 0.15
  21   45 0.60
   3   15 0.58
   7   38 0.39
  14   29 0.52

  12   23 0.12
  13   32 0.42
   3   30 0.36
  18   48 0.90
  14   32 0.62
   1    6 0.16
  12   36 0.01
  14   19 0.28
  24   31 0.09
  16   18 0.45
  20   44 0.41
  16   32 0.83
  15   25 0.29
  15   35 0.47
   1   23 0.33
  14   17 0.19
  15   40 0.92
  25   26 0.84
  28   33 0.26
  10   25 0.58
  18   33 0.67
   4   21 0.91
   0    9 0.52
   9   27 0.89
   4    6 0.57
   2    4 0.88
   0   19 0.89
  17   32 0.40
   6   30 0.58
  28   38 0.66

  25   26 0.92
   1   16 0.26
   0   10 0.84
  10   21 0.54
  25   47 0.19
  21   44 0.09
  12   40 0.89
  22   51 0.02
  15   36 0.01
  27   39 0.67
  31   59 0.12
  19   43 0.87
  21   25 0.31
  16   19 0.58
  27   52 0.73
  24   25 0.99
  26   57 0.00
  31   44 0.36
  18   24 0.06
   1   23 0.70
  20   46 0.87
  26   28 0.11
  29   45 0.99
   8   36 0.31
   6   34 0.42
  26   38 0.95
  30   59 0.56
   0    8 0.30
  13   38 0.17
  20   43 0.03

  17   23 0.82
  19   31 0.60
  17   32 0.52
  29   52 0.69
  26   47 0.76
  29   32 0.71
   9   12 0.60
   0   26 0.33
  10   12 0.04
   8    8 0.91
  15   43 0.55
  29   45 0.66
  19   30 0.25
   9   29 0.24
   5    6 0.53
   5   28 0.87
  13   32 0.86
  27   57 0.21
   7   22 0.30
  19   29 0.51
   9   39 0.91
  28   51 0.76
  18   48 0.27
  14   26 0.99
  21   30 0.55
   5   34 0.76
  21   42 0.05
  28   44 0.96
  16   31 0.14
  13   44 0.80

