5 40 8
6    4  10  16  10   4  10

   8   33 0.63
   9   26 0.24
  23   35 0.15
  24   48 0.94
  20   24 0.71
  13   20 0.26
  22   41 0.98
  13   36 0.44
  13   24 0.17
   4   28 0.21
  16   42 0.29
   7   18 0.24
  23   26 0.48
  15   22 0.20
   5   14 0.20
  26   39 0.41
   0    5 0.77
  12   30 0.78
  23   39 0.94
  22   29 0.33
   6    6 0.92
  24   42 0.02
   0    6 0.41
  17   20 0.99
   2   14 0.58
  10   11 0.49
  23   45 0.73
  22   22 0.78
  16   35 0.44
  21   35 0.33
  18   29 0.79
  21   35 0.08
  10   17 0.09
  13   19 0.82
  15   24 0.45
   6   14 0.55
  16   33 0.68
   7   27 0.20
   7   23 0.60
  18   43 0.06

   3    4 0.13
  19   34 0.41
   0    4 0.37
  14   26 0.48
   5    8 0.57
  13   17 0.67
   5   17 0.93
  14   14 0.09
  13   27 0.18
   9   34 0.76
  21   30 0.24
  17   29 0.10
  26   43 0.16
  19   38 0.92
  14   32 0.91
  21   42 0.78
  23   46 0.25
  16   37 0.03
  11   13 0.53
   5   13 0.93
  12   22 0.27
  16   16 0.20
  17   36 0.34
   6    7 0.20
  25   33 0.40
  24   26 0.74
   0    2 0.41
  21   22 0.01
  13   25 0.57
   7   17 0.09
   1   26 0.24
  17   20 0.44
   8   20 0.28
   9   16 0.75
   4   10 0.50
  10   29 0.39
  26   41 0.87
  21   27 0.72
   8   22 0.29
  20   38 0.83

  11   23 0.20
  23   49 0.23
   9   15 0.76
   8   10 0.15
   9   17 0.99
  11   25 0.66
  10   28 0.39
  18   41 0.09
  13   29 0.57
  19   37 0.24
  20   35 0.56
  21   46 0.97
  16   27 0.71
  16   24 0.97
  22   25 0.96
  14   19 0.53
  17   24 0.91
  15   21 0.22
  17   20 0.43
  20   43 0.35
   0    4 0.61
  13   29 0.78
   3    7 0.77
   9   32 0.06
  14   22 0.17
  19   19 0.92
   0    4 0.06
   5   28 0.28
   8   20 0.83
  21   28 0.19
  12   29 0.52
   3   17 0.93
  11   21 0.03
  21   42 0.74
  23   49 0.30
   1    4 0.92
  15   24 0.54
  25   44 0.08
  21   39 0.15
   0    8 0.83

  14   39 0.13
  15   38 0.91
   4   28 0.08
   7   30 0.81
  21   43 0.65
   9   25 0.00
   4   11 0.14
  17   19 0.63
  17   25 0.31
  10   30 0.11
  17   27 0.00
   4   22 0.97
   4   11 0.13
  24   41 0.51
  11   14 0.31
  20   37 0.58
  20   28 0.69
  10   19 0.52
  15   18 0.51
  20   24 0.23
   9   13 0.05
  11   22 0.63
  24   47 0.74
  24   44 0.30
  23   43 0.82
   4    8 0.11
  11   34 0.35
  26   49 0.50
  18   34 0.73
  12   34 0.18
  11   18 0.13
  13   35 0.08
   7   32 0.47
  15   29 0.82
   9   23 0.39
  16   16 0.62
   3    5 0.40
  20   42 0.76
   0   16 0.30
   3    9 0.31

  15   36 0.27
   0    3 0.53
   9    9 0.66
  16   26 0.00
   2   23 0.01
  22   44 0.99
  18   37 0.90
  18   26 0.22
  22   31 0.71
  21   44 0.15
  16   29 0.36
  14   28 0.96
  18   29 0.96
  11   22 0.09
  16   41 0.67
   2    6 0.27
   6   14 0.10
   7   11 0.08
   3   14 0.17
   9   34 0.00
  20   42 0.67
  25   46 0.07
   4   11 0.79
   8   11 0.52
  19   45 0.80
   7   15 0.35
   0    3 0.91
  25   44 0.38
   7   15 0.17
  19   29 0.86
  12   21 0.46
  21   32 0.20
  13   30 0.12
   0   24 0.55
  19   19 0.70
   9   14 0.91
   6   29 0.88
   5   24 0.40
  18   38 0.46
  11   16 0.73

  15   21 0.44
  15   20 0.97
  21   37 0.20
  19   35 0.28
   2   17 0.48
  10   29 0.06
  23   47 0.59
  14   16 0.46
   6   12 0.66
  19   37 0.06
  22   24 0.41
  10   14 0.94
  14   33 0.25
  16   23 0.97
  22   25 0.19
  20   21 0.64
   9   18 0.31
  24   40 0.15
   3   24 0.75
   5   28 0.68
  15   37 0.28
  22   46 0.98
  20   32 0.85
   1    1 0.19
   9   21 0.18
   2    7 0.87
  20   22 0.81
  15   22 0.22
  24   48 0.58
   4   19 0.00
  17   18 0.84
  14   21 0.04
  21   24 0.07
  10   31 0.45
  20   30 0.73
  11   13 0.30
  21   43 0.35
  10   19 0.12
  24   46 0.02
  19   19 0.62

