4 40 4
6    2  16  10  16  16  10

   1    2 0.51
   9   89 0.12
  36   37 0.48
   0   32 0.41
  13  131 0.67
  35   92 0.43
  32   45 0.95
  25  102 0.95
  37   70 0.53
  35  103 0.29
  42  128 0.06
  37  148 0.01
  20   77 0.73
  38   84 0.34
  36  146 0.23
  40  126 0.93
  10   49 0.04
  27   58 0.12
  25  148 0.50
   8   31 0.02
  41  160 0.02
  28  125 0.49
  29   92 0.20
  14  104 0.02
   9   75 0.79
  16  113 0.31
   8   38 0.33
  36   59 0.47
  30  118 0.62
  36   65 0.64
  22  147 0.57
  24  136 0.89
  10   29 0.34
  32   89 0.71
  42  117 0.91
  30   43 0.52
  42   59 0.62
  39   56 0.48
  22   59 0.69
   9   64 0.50

  40   98 0.38
  39   58 0.03
  15   54 0.14
  20  150 0.52
  23  111 0.51
  36  105 0.16
  40  127 0.84
  41   60 0.08
  38   96 0.56
   3  109 0.02
  27  150 0.17
  13   39 0.34
  16  119 0.26
  31   44 0.14
  26  125 0.29
  25   72 0.71
   3   81 0.37
  27   40 0.06
  16   63 0.61
  40  127 0.01
  16   99 0.91
  39   40 0.94
  16   51 0.82
   4   82 0.05
  11   87 0.85
   7  132 0.97
   8   19 0.47
  34  145 0.26
  33   79 0.21
  17   88 0.87
  15   64 0.64
   9   72 0.67
  33   92 0.83
   3  108 0.22
  41  108 0.40
  28   60 0.75
   5   92 0.46
  17   53 0.75
  34  145 0.53
  35   87 0.31

  26  137 0.41
   8   92 0.55
  42  148 0.78
  18  111 0.24
  18  134 0.45
   5   43 0.22
  34   86 0.76
   8   98 0.38
  19  123 0.54
  33   58 0.50
  23   48 0.85
   7   40 0.36
  15   82 0.91
  40  126 0.99
  34  144 0.34
  31  146 0.89
   9   35 0.46
  34   65 0.30
  34   86 0.19
   4   21 0.35
   3  120 0.23
  27  126 0.13
  22   28 0.24
  33  130 0.90
   1   96 0.75
   6   10 0.26
  36   61 0.61
  24   52 0.79
  36   61 0.92
   6  131 0.54
   9   97 0.26
  38  112 0.26
  40   75 0.39
  31  111 0.23
  36   84 0.65
  26   32 0.57
  18   24 0.25
   6   75 0.11
   4  109 0.16
   2  125 0.02

  10  134 0.47
   0   56 0.68
  34   66 0.70
  31   33 0.23
  10   96 0.33
  14   90 0.26
   0   97 0.37
  22  130 0.81
   1  126 0.08
  32  140 0.99
   6   30 0.37
  31  120 0.10
   2   13 0.54
  35   55 0.49
  10   46 0.83
  26  124 0.06
  40   69 0.26
  29   62 0.75
   5   49 0.24
  30  127 0.32
  40   44 0.96
  19   80 0.93
  40  120 0.50
  36  127 0.41
  42   59 0.91
   9   36 0.42
  28   28 0.11
   0   44 0.49
   8   40 0.05
  37   38 0.56
  12   24 0.18
  18  103 0.09
   1   15 0.22
  17  111 0.11
  10   86 0.44
  18   73 0.64
  36  128 0.92
  20   24 0.48
  16   69 0.96
  33  102 0.96

   5   78 0.55
  42   65 0.47
  28  114 0.01
   8   50 0.84
  15   87 0.73
  41  160 0.51
  41  123 0.50
  25  127 0.49
  10   40 0.07
   9   60 0.86
  41   50 0.70
  31  129 0.66
   8   77 0.73
  24   78 0.09
  37   77 0.54
  30  156 0.95
  18   23 0.59
   1   37 0.69
  34   55 0.16
  13   23 0.08
   8  104 0.29
  10  112 0.98
  10   49 0.38
  39  168 0.13
  35  159 0.13
  30  158 0.19
   5   69 0.66
   0   94 0.21
  39  112 0.58
  20  128 0.83
  10   45 0.95
   8   25 0.32
  15   67 0.63
  14   22 0.11
  32   66 0.76
   7  112 0.77
   7   31 0.48
  36  137 0.84
   2   41 0.20
  38   73 0.29

  14   67 0.76
  37  126 0.58
  25  101 0.14
  36  164 0.40
  40   81 0.81
  21  108 0.17
  41  154 0.14
  32   73 0.93
  20  146 0.29
  18  108 0.47
  36  132 0.08
  16   91 0.05
  16   59 0.53
  39  153 0.51
  41   67 0.43
  14  101 0.47
  12   23 0.74
  26   69 0.57
  30   99 0.29
  34   86 0.83
  20   57 0.22
   8   29 0.82
   6  110 0.37
  28  147 0.27
  13  129 0.96
  14   95 0.42
   0   92 0.58
  34   51 0.41
  13   72 0.83
   6  123 0.10
  41  108 0.70
   6  111 0.35
   1   80 0.21
  32   68 0.43
  13   38 0.26
  13   63 0.76
   4   25 0.15
   3   28 0.69
   8  118 0.57
  27   77 0.48

