5 20 4
12   20  16   4  10  10   4  16  20  16  10  10  16

  25   42 0.44
  51   61 0.03
  63  116 0.26
  62  128 0.69
  76  179 0.11
  30   95 0.76
   8   11 0.20
  18  120 0.01
  76  178 0.56
  11   66 0.73
  68   97 0.29
  46  123 0.95
  87  123 0.38
   2  104 0.93
  89  162 0.66
  32   84 0.10
  84  171 0.74
  35   89 0.89
  45   91 0.59
  74  177 0.36

  28   88 0.47
  19   86 0.39
 105  106 0.99
  34  100 0.65
  24   46 0.48
   0   52 0.79
  46   89 0.57
  69   78 0.95
   4   65 0.18
  43  118 0.55
  91  170 0.79
  29   99 0.99
  80  111 0.22
   4   13 0.26
  49  130 0.97
  93  123 0.32
  51  104 0.07
  29  131 0.40
  35  124 0.09
  49   49 0.73

  69  114 0.35
  17  124 0.49
   9   16 0.44
  89   94 0.36
  42  154 0.71
  25  125 0.43
  68  136 0.88
  95  207 0.84
  26   37 0.61
  82  170 0.80
  26   67 0.16
 113  184 0.91
  15   28 0.86
  74  132 0.54
   8   66 0.51
  77  121 0.25
  54  137 0.95
  75  170 0.77
  67  147 0.93
  59  126 0.36

 113  183 0.35
  55  117 0.75
 111  182 0.23
  98  198 0.80
  25  103 0.14
  19   73 0.99
  66   87 0.46
 106  195 0.61
 113  195 0.21
   6  100 0.61
  67   94 0.06
 108  189 0.79
  67  138 0.63
 106  175 0.67
  29  114 0.28
  33   50 0.26
  94  145 0.71
  68  133 0.71
  34  114 0.24
  63   84 0.91

  86  111 0.69
  68  165 0.32
  80   90 0.95
   2   67 0.81
  56  127 0.49
  51  135 0.18
  59   72 0.80
  94  173 0.27
  89  125 0.86
  12   82 0.35
  24  106 0.34
   2   16 0.69
  63   98 0.80
  18   33 0.42
  98  211 0.18
  13  105 0.94
  66  108 0.69
  86   90 0.57
 101  148 0.65
  18  110 0.49

  21  105 0.57
 111  210 0.38
  42   90 0.68
  29   39 0.28
  66   91 0.43
  72  178 0.14
  24   95 0.27
  91  147 0.53
  89  128 0.22
  78  167 0.03
   8   60 0.43
  31   86 0.33
  21   81 0.00
  16  124 0.58
  30   48 0.44
  79  106 0.62
 111  137 0.02
  87  131 0.83
  68   71 0.70
  63  109 0.48

  21   51 0.29
  48   83 0.96
  41   62 0.98
   9   30 0.64
  68  154 0.44
  95  147 0.76
  75  174 0.75
  72  181 0.31
  32   94 0.42
   4   11 0.89
  70   84 0.90
 107  153 0.49
  99  156 0.05
  11   34 0.08
  10   29 0.79
  61  163 0.98
  33   65 0.83
  42   74 0.60
  17   26 0.69
  79  128 0.61

  43  103 0.92
  72   92 0.92
  56  149 0.73
  17   64 0.24
  57  109 0.25
  86  101 0.17
  36   36 0.54
  29  137 0.82
 106  172 0.32
  46   48 0.64
  32  124 0.04
  63   77 0.38
  95  150 0.69
  83  139 0.20
  44  133 0.17
   1   13 0.43
  98  182 0.39
  30   88 0.32
  23   84 0.08
  27  125 0.93

  78  114 0.53
  98  194 0.94
  55  130 0.00
   9   29 0.71
  53  128 0.15
  63  161 0.71
  68  104 0.87
   2    2 0.78
  72  117 0.96
  17   89 0.89
  46   76 0.92
  43   75 0.54
  13   95 0.34
  13   23 0.61
 111  186 0.06
  76  100 0.14
 112  169 0.21
   5   25 0.55
  96  160 0.95
  85  171 0.45

 111  174 0.76
 111  192 0.14
  82  138 0.91
  50  151 0.22
  23   66 0.49
  72  146 0.85
  69  131 0.37
  39   95 0.88
  58  153 0.62
  96  126 0.98
  71  174 0.51
  59   95 0.51
  76  140 0.99
  46  104 0.57
  83  161 0.56
  64  100 0.13
  75  158 0.82
  28  126 0.26
  51   62 0.96
  62   95 0.65

 110  199 0.29
  54  128 0.34
 100  107 0.11
  52   60 0.92
  22   86 0.24
  25  106 0.28
  26   51 0.25
  76  151 0.97
  66   75 0.63
  90  203 0.25
   9   57 0.49
  46   75 0.79
  34   57 0.93
  11   57 0.80
 101  105 0.71
 100  110 0.01
 110  155 0.21
  44  129 0.81
   4   68 0.76
  72  114 0.69

  26   31 0.32
  65   95 0.96
  36  111 0.05
 111  138 0.16
  13   54 0.39
  77  190 0.46
  51   95 0.62
  97  108 0.34
 109  173 0.59
  14  102 0.37
  70   92 0.09
  36  136 0.93
 108  124 0.66
  83  192 0.47
  81  118 0.53
  52  143 0.23
  62  150 0.88
   3   29 0.81
   4   26 0.44
  83  160 0.08

