5 60 8
3   16   4  16

  24   36 0.55
  12   30 0.72
  15   33 0.70
   4   23 0.71
   0    3 0.69
  11   25 0.19
  22   43 0.83
   0    5 0.78
  10   13 0.10
   2    9 0.15
   1   21 0.11
  16   38 0.24
  10   20 0.32
  17   23 0.71
  14   24 0.47
  18   42 0.46
  26   36 0.88
   8    8 0.71
  16   42 0.47
  21   32 0.25
  15   34 0.09
   1    1 0.65
   5   18 0.94
  12   38 0.62
   7    7 0.42
  19   33 0.11
  15   19 0.43
  19   25 0.56
  19   38 0.45
   0    9 0.37
  20   41 0.18
  25   43 0.86
   5   10 0.06
  19   22 0.75
   1   11 0.93
  16   26 0.12
  18   42 0.19
   9   15 0.13
   7   20 0.62
  18   36 0.96
   6   23 0.86
   0    5 0.18
   8   31 0.92
  13   36 0.53
  11   35 0.80
   6   30 0.26
  18   18 0.64
  19   39 0.83
   7   15 0.99
   8    8 0.43
   4   20 0.07
  20   33 0.04
  15   18 0.66
  20   40 0.26
  10   13 0.49
  26   32 0.51
  17   29 0.92
  18   25 0.79
  23   39 0.69
  21   28 0.58

  18   37 0.43
  20   27 0.58
  17   29 0.90
   3    8 0.41
  25   50 0.02
   2    4 0.71
  14   29 0.96
  20   39 0.38
  20   25 0.10
  21   46 0.27
   8   30 0.99
   1    9 0.42
   5   14 0.04
   2   10 0.09
  22   34 0.19
  21   47 0.22
  23   32 0.54
  11   18 0.72
  20   24 0.46
  15   30 0.50
  26   49 0.95
   2   17 0.82
   2    8 0.66
   7   14 0.64
   7    8 0.68
  26   38 0.20
  21   41 0.03
  15   27 0.72
   2   20 0.29
   2   25 0.35
  18   27 0.67
  25   41 0.15
  17   35 0.12
   7   27 0.19
  12   19 0.62
  14   23 0.38
  20   26 0.36
   8   29 0.77
  18   24 0.05
  16   22 0.65
  16   21 0.61
  23   24 0.11
   7   17 0.70
   5    8 0.65
  18   44 0.74
  26   36 0.63
  16   19 0.15
   3   27 0.89
  12   21 0.99
   9   21 0.05
   1    8 0.63
  18   29 0.59
  22   32 0.73
  20   35 0.94
   2   11 0.48
   4   16 0.49
  24   39 0.15
  22   34 0.95
  23   49 0.02
  20   44 0.42

  11   13 0.50
  11   15 0.58
  24   43 0.10
  21   30 0.95
  11   15 0.91
   6   30 0.26
   8   17 0.95
   7   10 0.10
   9   12 0.44
   8   16 0.89
  12   15 0.45
   4   16 0.30
   5    5 0.29
  16   26 0.43
  25   41 0.92
   3    9 0.83
   7   10 0.48
  25   37 0.01
   9   15 0.60
   3   10 0.68
  20   45 0.23
   3   12 0.44
   9   29 0.33
  18   37 0.58
   2   23 0.81
  20   33 0.32
   2   26 0.05
   6   23 0.88
  11   16 0.46
  10   21 0.59
   9   35 0.99
   2   19 0.80
  13   22 0.03
  16   29 0.09
   6   15 0.23
  10   16 0.87
  24   48 0.57
  15   22 0.83
  15   29 0.87
   4   20 0.24
  16   33 0.13
  16   20 0.51
  21   28 0.25
   5   10 0.89
   3   11 0.97
  22   33 0.29
  18   19 0.19
   3   22 0.86
  20   40 0.66
   5   19 0.87
  14   32 0.58
  15   40 0.91
   4   20 0.29
  14   34 0.10
  21   24 0.74
  10   18 0.00
   2   28 0.78
  16   23 0.27
  23   40 0.73
  17   28 0.32

