4 60 8
3    2   2  10

   5   23 0.08
   9   25 0.68
   4   20 0.97
   9   11 0.63
   7   22 0.00
   7   18 0.67
   1   17 0.26
   2   17 0.59
  12   30 0.88
   1   12 0.45
   9   26 0.89
   0   16 0.35
   2    9 0.24
   7   18 0.20
   9   12 0.03
   6   10 0.77
   4   21 0.59
  10   14 0.84
   7   12 0.14
   4   22 0.35
   7   18 0.57
   8   12 0.11
   6    6 0.25
   2    2 0.08
   7   20 0.60
   1    4 0.87
  10   28 0.26
   4   22 0.18
   9   25 0.03
  10   12 0.23
   5   15 0.24
  10   10 0.19
  12   16 0.20
  12   14 0.10
  11   27 0.05
   1   10 0.94
  12   19 0.94
   3   19 0.44
  10   15 0.53
   8   10 0.95
  12   18 0.91
   2   17 0.33
  12   19 0.48
   6   21 0.69
   0   12 0.39
   3    6 0.72
  11   21 0.25
   7   25 0.84
   8   13 0.56
   4   12 0.95
   8   13 0.68
   9   14 0.42
  12   20 0.43
   6    6 0.36
   5    7 0.82
   2   14 0.11
  10   23 0.64
   2   10 0.27
  10   11 0.95
  10   17 0.12

   7   18 0.90
   9   21 0.61
  12   19 0.67
   3   20 0.11
   0   18 0.17
   2    5 0.89
   4   22 0.12
   5   17 0.32
  11   13 0.20
   1   11 0.73
   9   11 0.82
  12   29 0.98
   6   12 0.37
   5   21 0.12
   5   19 0.44
  10   14 0.02
   7   20 0.59
   8   14 0.94
   1    4 0.15
   3    8 0.31
   2    7 0.78
   4   21 0.35
   0   10 0.21
   4   15 0.22
  10   26 0.02
  11   19 0.72
   9   18 0.28
   1   11 0.37
   3    7 0.14
  11   27 0.47
   7    9 0.55
  12   17 0.41
   0    7 0.25
  11   20 0.65
  10   28 0.05
   9   23 0.60
  10   23 0.79
   9   21 0.97
   4   16 0.96
   5   12 0.99
  12   19 0.96
  11   14 0.34
   0    9 0.00
   1   11 0.93
   8   25 0.77
   6   16 0.70
  10   11 0.72
   8   13 0.04
   9   26 0.16
  12   23 0.81
   1    9 0.80
  12   24 0.77
   4    7 0.89
   6   18 0.65
   1   14 0.92
   7   18 0.98
  10   16 0.79
   9   19 0.35
  12   20 0.60
  10   12 0.18

  10   12 0.62
   4   21 0.13
   1    5 0.88
  12   28 0.24
   2    3 0.47
   9   15 0.18
   2   15 0.02
   8   12 0.19
  11   19 0.85
   2   12 0.89
  12   26 0.15
   0   12 0.54
   4   15 0.97
  10   17 0.15
   3   15 0.83
  12   23 0.23
   1   16 0.28
   6    7 0.58
   4    6 0.64
   1   11 0.13
   7   19 0.56
  12   25 0.39
   1   17 0.48
   4   12 0.31
   1   11 0.48
   8   23 0.67
   2    6 0.36
  12   23 0.62
   1    2 0.73
   3    7 0.23
   3    8 0.00
   8   15 0.74
   1    5 0.93
   8   12 0.58
   9   10 0.49
   4    9 0.85
  12   26 0.10
   9   27 0.14
  11   28 0.51
   3    5 0.91
   5   15 0.79
  12   29 0.19
  12   29 0.59
  10   18 0.25
   3   19 0.09
  11   29 0.51
   1    3 0.99
   3    5 0.16
   7   16 0.05
   4   15 0.22
   1   17 0.32
   6   11 0.05
   6   19 0.08
   4    5 0.14
  11   28 0.39
   1    9 0.59
  11   26 0.20
   4   12 0.57
   9   11 0.87
   8   18 0.79

