3 20 8
12   16  10  16  16  16  10  10   4  10  10  10   2

  61   69 0.08
  68   75 0.09
  44   68 0.48
  65   72 0.34
  41   56 0.43
  14   35 0.66
  11   35 0.08
  36   36 0.66
  68   77 0.66
  33   43 0.89
  20   23 0.35
  71   76 0.54
  16   34 0.84
  62   78 0.93
  28   41 0.70
   2    2 0.43
   0   12 0.62
   8   24 0.68
  79   94 0.89
  52   68 0.53

  57   65 0.86
  23   30 0.85
  55   60 0.15
  16   33 0.01
  62   74 0.00
  69   89 0.94
  57   82 0.78
   5   21 0.77
  20   35 0.32
  46   66 0.82
  17   31 0.93
  11   11 0.62
  36   53 0.00
  68   90 0.15
  35   50 0.52
  77   96 0.10
   3   21 0.20
  80   93 0.15
  22   34 0.56
  72   82 0.37

  62   74 0.64
   1   23 0.74
  24   24 0.92
  20   34 0.77
  35   47 0.09
  27   37 0.36
  13   32 0.79
  59   70 0.05
  16   30 0.74
  12   20 0.50
  13   34 0.11
  41   46 0.10
  59   72 0.53
  78   78 0.18
  60   67 0.02
  61   61 0.33
  68   86 0.53
  25   47 0.02
  27   46 0.92
  57   81 0.47

  30   37 0.06
   7   31 0.43
  56   74 0.40
  27   46 0.51
  27   28 0.59
  70   78 0.46
  69   87 0.14
  73   96 0.25
   8   15 0.82
   2   19 0.52
  64   79 0.52
  44   63 0.59
  74   84 0.66
  80  102 0.80
  22   30 0.88
  10   20 0.92
  36   55 0.17
   0   18 0.02
  28   51 0.43
  60   76 0.27

  37   63 0.17
  39   44 0.57
  10   35 0.67
  17   19 0.69
  61   65 0.20
  11   31 0.02
  80   99 0.54
  14   40 0.67
   1   13 0.98
  40   56 0.02
  56   81 0.13
  24   42 0.86
  74   77 0.62
  65   70 0.95
  26   46 0.94
  60   74 0.12
  13   28 0.48
  79   99 0.47
  74   95 0.58
  20   25 0.31

  49   52 0.82
  50   66 0.86
  21   44 0.86
   2   17 0.27
   2   20 0.24
  80   85 0.01
  70   96 0.36
  24   38 0.81
  31   37 0.04
  52   57 0.53
  29   47 0.61
  40   46 0.05
  30   53 0.74
  79  103 0.05
   0   24 0.05
  51   66 0.12
  67   85 0.69
   4   24 0.96
  26   27 0.55
  27   45 0.03

  59   84 0.23
  19   35 0.10
  30   34 0.26
  52   52 0.15
   9   29 0.06
   8   13 0.01
  20   33 0.31
  65   66 0.97
  33   52 0.35
  67   91 0.10
  24   49 0.84
  49   62 0.00
  20   40 0.94
  15   20 0.93
   4   29 0.40
  24   50 0.13
  49   51 0.94
   1   20 0.09
  28   40 0.28
   7    8 0.10

  77  100 0.19
   7    9 0.20
  55   66 0.26
  28   47 0.07
  61   84 0.66
   5   23 0.63
  41   45 0.13
  14   29 0.73
  64   69 0.00
  56   71 0.89
  43   58 0.52
  22   25 0.81
  73   98 0.85
  46   72 0.25
  26   27 0.95
   9   26 0.48
  33   37 0.66
  59   62 0.89
  48   53 0.94
  25   43 0.90

  16   21 0.57
  24   41 0.74
  61   85 0.71
  57   64 0.00
  48   64 0.44
   8   32 0.12
  64   82 0.23
  46   70 0.93
  11   12 0.37
  12   33 0.65
   2   27 0.32
  71   92 0.37
  45   51 0.65
   2   19 0.93
  27   48 0.94
  43   63 0.73
  42   54 0.11
  46   64 0.47
  69   93 0.58
  69   74 0.14

   5   30 0.63
  15   31 0.40
   7   29 0.87
  40   51 0.49
  63   63 0.79
  17   36 0.64
   6    6 0.27
  18   19 0.22
  31   54 0.85
  37   50 0.53
  80   99 0.84
  25   43 0.91
  17   17 0.56
  80   96 0.99
  79  105 0.77
  71   89 0.19
  13   30 0.80
  48   71 0.48
  74   81 0.07
  42   50 0.87

  31   50 0.80
  58   64 0.09
  53   75 0.64
  64   84 0.81
  59   65 0.31
  55   60 0.68
  22   37 0.81
  80   84 0.56
  59   61 0.71
  74   98 0.20
  62   84 0.54
  19   27 0.54
  18   32 0.00
   1   26 0.03
  21   39 0.94
  14   38 0.31
  43   61 0.69
  49   64 0.23
  53   71 0.44
  75   84 0.33

  25   32 0.63
  74   74 0.19
  44   69 0.34
  59   70 0.01
  76   86 0.43
  15   26 0.22
  15   29 0.00
  79   86 0.37
  28   47 0.32
  36   37 0.72
  39   63 0.59
  47   63 0.87
  55   70 0.56
  62   81 0.60
   1    8 0.79
  65   71 0.46
  53   77 0.23
  66   90 0.02
  13   32 0.30
  47   62 0.10

