5 50 8
6    2   4   4   4   2   2

  11   15 0.25
  13   27 0.36
   6   15 0.73
   4    6 0.82
  13   22 0.55
  13   27 0.78
   0    5 0.25
   1    2 0.08
   8   10 0.35
   5   16 0.73
   7    9 0.14
   4   10 0.02
   1   12 0.82
   5   19 0.14
  10   24 0.49
  14   28 0.08
   0    1 0.66
   4   10 0.61
   9   20 0.55
   9   19 0.91
   5    5 0.78
   8    8 0.00
  12   17 0.68
   7   15 0.32
  11   23 0.43
   4    8 0.22
  14   17 0.50
  11   25 0.75
  11   14 0.80
   2    4 0.48
  14   25 0.59
   6   15 0.73
   3    4 0.26
   1   15 0.42
   8   20 0.26
   3    7 0.43
   9   12 0.34
   0    9 0.81
   1    7 0.34
   5   16 0.44
  10   11 0.39
  12   14 0.85
   1   14 0.04
  15   17 0.78
   7   13 0.10
   7   19 0.22
   5   20 0.81
   4    5 0.80
   1    3 0.94
  10   10 0.88

   5    7 0.97
   1    3 0.42
   4    6 0.12
  13   19 0.22
   2    4 0.75
   8   22 0.92
   1   15 0.93
   4   19 0.21
   4   13 0.61
  15   18 0.76
   0    4 0.91
  12   18 0.69
   3    3 0.68
   8   18 0.11
   5    8 0.41
   6   14 0.92
   3    8 0.77
   2   10 0.99
   0   11 0.00
   4    5 0.19
   4   17 0.69
   0    2 0.94
  11   14 0.65
   3   11 0.18
  10   23 0.58
   9   15 0.02
  15   26 0.77
   8   21 0.26
   9   13 0.53
   0    6 0.55
   8   12 0.96
  14   14 0.89
   5   17 0.66
   5   13 0.80
  10   22 0.18
  14   19 0.94
   9   10 0.95
  11   22 0.02
   3   18 0.73
   0    7 0.78
   5    5 0.77
  12   24 0.73
   2   13 0.87
   2   11 0.66
  12   16 0.17
  11   20 0.90
   7   10 0.52
   6   10 0.12
  14   27 0.10
   8   13 0.97

  12   18 0.55
   1   14 0.39
   3    6 0.69
  10   23 0.50
   3    4 0.02
   2    8 0.80
   9   19 0.25
   7   16 0.11
   1    4 0.53
   0    8 0.79
  15   21 0.68
   8   14 0.70
  11   26 0.35
   7   21 0.71
   1    2 0.50
  11   13 0.97
   0    7 0.79
   5   10 0.48
   6   16 0.45
   9   18 0.78
   7   14 0.33
   0    2 0.95
   8    9 0.29
  10   25 0.64
  10   11 0.14
  10   13 0.59
   3    3 0.37
   6   21 0.16
   1    9 0.36
   8   18 0.84
   1   14 0.78
  14   17 0.46
   3   18 0.38
  15   21 0.94
   5   19 0.59
  10   14 0.16
  10   12 0.90
   1    5 0.71
   6   18 0.85
   4    7 0.96
   5   10 0.56
   7   13 0.67
  13   24 0.19
   4   12 0.33
   4   16 0.94
  15   17 0.55
   2   11 0.97
  14   24 0.17
  14   25 0.61
   8   21 0.20

   3    8 0.57
  10   25 0.12
   6    6 0.08
  12   21 0.30
   5    7 0.82
   3    9 0.07
  15   28 0.86
  14   26 0.73
   0   13 0.77
   2    5 0.38
  13   24 0.57
   4    6 0.07
   5   16 0.97
  11   21 0.14
  14   26 0.33
   6   11 0.35
   2    9 0.42
   8   23 0.08
   7   22 0.65
   8   18 0.44
   9   20 0.17
   6   19 0.15
   3   13 0.37
   5   20 0.53
  13   26 0.10
  13   17 0.36
   8   11 0.87
  13   17 0.87
  14   26 0.57
   4   11 0.23
  12   27 0.63
   1    8 0.83
   7   18 0.74
   5   11 0.07
   8   23 0.30
  12   15 0.95
   5   18 0.95
  12   21 0.87
  11   20 0.97
   4   15 0.68
   9   11 0.96
   6   19 0.19
   1    4 0.72
   2    5 0.02
   1    2 0.50
   8   11 0.33
   4    9 0.60
  15   30 0.86
   3   10 0.07
  14   21 0.53

   4    4 0.52
   0    0 0.66
  11   26 0.65
   5   19 0.18
   2   11 0.91
   2   13 0.62
   7    9 0.60
  11   13 0.78
   2   13 0.81
   9   20 0.62
   0    2 0.13
   6    8 0.60
   2   14 0.29
   7   16 0.13
  10   12 0.61
   2    7 0.17
   5   20 0.15
   9   19 0.21
  15   23 0.29
   0   14 0.88
   4   14 0.78
   6   15 0.06
   8   14 0.75
  11   17 0.65
   6   15 0.91
  10   16 0.76
  13   18 0.86
  12   17 0.63
  15   18 0.83
   0   15 0.75
  15   19 0.89
   1    4 0.56
   7   19 0.97
  15   28 0.29
   3    3 0.74
  10   24 0.50
  11   22 0.56
   7    9 0.28
   1    5 0.73
   5   16 0.73
   9   21 0.68
  12   12 0.97
  13   16 0.79
  11   13 0.68
   7   16 0.75
   1   13 0.84
   5    8 0.93
  10   14 0.00
   4    9 0.43
   9   13 0.24

  11   24 0.79
   4   19 0.17
   3   13 0.69
  11   25 0.89
   4    7 0.10
   9   14 0.62
   5    9 0.88
   4    7 0.21
   2    3 0.16
   0    9 0.56
   5   19 0.06
   2   14 0.99
  14   21 0.10
  12   23 0.01
   9   20 0.06
  14   24 0.78
  10   16 0.20
  13   18 0.51
   6   13 0.07
  10   21 0.18
   5   15 0.35
   4   10 0.43
   4    4 0.28
  12   23 0.94
  15   22 0.67
  12   27 0.47
   4   19 0.57
   9   17 0.82
  15   22 0.99
   5   16 0.29
  15   27 0.14
   6   17 0.40
   2    5 0.70
   3    6 0.79
   0    1 0.82
  11   13 0.52
   6    6 0.40
   7    9 0.71
   3   16 0.53
   9   11 0.49
   7   19 0.21
  12   18 0.95
  15   28 0.05
  14   27 0.89
   9   18 0.35
   5   13 0.84
   1    7 0.09
   6    6 0.76
   6   15 0.10
   5   17 0.89

