5 30 4
6   16  16   4   4  10  10

  17   17 0.81
  11   29 0.34
   1   19 0.22
   2    7 0.75
  17   24 0.41
   5   13 0.91
   2   16 0.82
   2    4 0.41
   6   11 0.88
   6   20 0.76
   9   16 0.75
   0    4 0.50
   7   17 0.70
   7   27 0.27
  18   39 0.88
  18   18 0.91
   8   28 0.57
  19   26 0.52
   2    6 0.79
  12   15 0.74
   6   24 0.20
  13   18 0.55
   6   13 0.46
   1   17 0.03
   5   25 0.55
  12   29 0.10
  11   13 0.86
   0   20 0.73
  12   20 0.26
   9   19 0.65

   1   15 0.89
   0   12 0.04
  15   27 0.85
   0   15 0.44
   1    6 0.07
   0   11 0.75
  16   35 0.99
  16   16 0.80
   3    7 0.08
  17   22 0.13
  16   36 0.74
  21   32 0.64
  10   28 0.93
   5   10 0.33
   8   19 0.58
  19   36 0.09
   7   12 0.76
  18   27 0.14
   4    5 0.44
  20   33 0.21
   8   25 0.67
   1    6 0.75
   4    7 0.26
   4   13 0.72
  12   17 0.43
   1   11 0.66
  15   33 0.76
  12   21 0.33
   9   22 0.81
  17   19 0.91

  13   23 0.89
   5   26 0.07
  20   40 0.86
   0    0 0.05
  19   37 0.55
   4    9 0.02
   0    9 0.05
  20   37 0.36
   1    3 0.51
   9   19 0.12
  21   40 0.66
   0    5 0.45
  17   19 0.36
   2   16 0.95
  16   26 0.92
   8   26 0.05
  11   20 0.14
  19   38 0.21
  10   20 0.24
  18   23 0.38
   6   12 0.18
  21   32 0.94
  20   23 0.03
   3   20 0.36
   4    7 0.65
   2   19 0.01
   5   25 0.07
  11   16 0.72
   0    1 0.85
  13   13 0.66

  14   25 0.70
   9   27 0.43
   6   18 0.07
  16   29 0.82
  18   26 0.56
   7    8 0.46
   1    2 0.54
  21   29 0.60
  15   22 0.74
  11   26 0.00
  18   28 0.39
   2   10 0.19
  21   21 0.81
   7   20 0.99
  10   12 0.70
  18   26 0.84
  14   21 0.24
   8   20 0.43
  14   34 0.52
   2   21 0.10
   6   17 0.22
  19   28 0.15
   0    8 0.42
   6   17 0.59
   9   13 0.71
  13   31 0.09
  21   38 0.93
  11   22 0.45
  16   34 0.65
  13   29 0.65

  16   16 0.99
  13   13 0.73
  16   18 0.45
   3   20 0.97
   8   29 0.88
   0    2 0.31
  12   18 0.03
   0   18 0.76
   3    5 0.52
   5   23 0.42
   1    4 0.22
  11   25 0.96
  11   29 0.33
   3   23 0.82
  11   16 0.20
  13   25 0.72
   7   26 0.77
  20   28 0.51
  17   22 0.90
   5   23 0.38
  11   32 0.42
  10   17 0.72
  18   24 0.27
  20   21 0.25
  16   35 0.24
  21   36 0.05
  14   25 0.71
   6   23 0.58
   3   11 0.58
  14   31 0.33

  20   40 0.46
  11   16 0.52
  18   34 0.72
  10   26 0.62
   8   27 0.13
   6   26 0.65
   1    8 0.32
   9   29 0.13
  10   27 0.70
  11   32 0.39
  21   24 0.28
  12   26 0.41
   6   15 0.43
  21   26 0.23
  19   28 0.60
  21   28 0.36
  21   42 0.41
  17   20 0.16
   0    2 0.63
  20   31 0.53
  21   41 0.38
  14   20 0.92
   2   13 0.11
   7   20 0.32
  16   32 0.30
   8   29 0.07
  19   25 0.12
   0   12 0.95
  15   15 0.17
  16   20 0.91

