5 80 8
3    4  10  10

   3   10 0.49
  12   23 0.55
  10   15 0.11
  16   16 0.56
  18   22 0.16
   3    6 0.26
   1    2 0.64
   8   14 0.83
  23   28 0.60
  16   19 0.00
  11   17 0.14
   8   19 0.83
   5   11 0.13
   8   12 0.09
  18   19 0.11
   5    7 0.96
  12   14 0.28
   6    6 0.79
   5    5 0.97
   3   11 0.17
   9   19 0.90
   9   20 0.08
  12   17 0.69
  22   29 0.47
   6    7 0.03
  14   19 0.82
   2    4 0.81
  16   17 0.58
  14   24 0.70
  22   30 0.07
  11   20 0.06
  20   21 0.31
   4    6 0.65
  19   25 0.50
  22   22 0.06
  20   29 0.18
  12   16 0.32
  22   29 0.06
  20   20 0.22
  16   17 0.77
  18   21 0.73
  20   27 0.56
  17   23 0.10
   7    7 0.36
  11   19 0.27
  17   28 0.10
  11   20 0.97
   2   11 0.55
   1    4 0.43
  20   29 0.03
  18   28 0.07
  14   18 0.02
  18   24 0.99
   5   14 0.49
  23   24 0.12
  18   26 0.72
  11   19 0.89
   4    5 0.39
  16   21 0.27
  17   20 0.90
  18   24 0.95
  19   23 0.88
  10   16 0.83
  17   18 0.93
   2    6 0.17
   6    9 0.30
   8   13 0.77
  20   22 0.77
  18   20 0.06
   9   13 0.38
  12   19 0.14
   6   17 0.32
  16   25 0.67
  10   20 0.11
   4   14 0.11
   0    6 0.07
   2   10 0.41
   0    9 0.69
  15   16 0.23
  12   16 0.42

  22   25 0.62
   3   10 0.17
   8   19 0.52
   2    9 0.86
  11   18 0.17
   5   16 0.75
   2    4 0.48
   1    5 0.91
   7   10 0.74
   8   18 0.19
  21   25 0.81
  16   23 0.92
   3   13 0.36
  10   12 0.31
  17   19 0.68
   7   12 0.67
   4    8 0.33
  14   19 0.83
   8   15 0.86
   1    2 0.12
  20   21 0.27
   4   14 0.02
   9   17 0.97
  20   23 0.24
  16   24 0.16
  18   28 0.05
  11   17 0.13
   4    5 0.13
  11   20 0.79
  20   30 0.22
  14   25 0.69
  12   15 0.81
   4    6 0.48
  10   17 0.20
   0    5 0.36
   5    6 0.13
  11   21 0.15
  16   22 0.48
   7   11 0.23
  12   22 0.51
  10   13 0.88
  11   20 0.58
   3   14 0.33
   6   17 0.66
  10   18 0.14
  18   21 0.76
  14   14 0.09
  14   15 0.00
   3    6 0.48
  18   22 0.22
   7   18 0.83
  10   10 0.96
  17   19 0.40
   6   10 0.51
  19   20 0.98
   2    7 0.74
   3    9 0.70
  14   22 0.35
  13   18 0.01
  10   15 0.44
  22   30 0.23
  22   31 0.10
  16   24 0.83
   1    3 0.75
  18   28 0.43
  18   26 0.68
  19   24 0.20
   2   11 0.90
  19   25 0.52
   0   10 0.09
   5    7 0.49
   9   19 0.49
   3    9 0.04
  21   30 0.79
   9   14 0.94
   2   11 0.84
   6   12 0.09
  20   26 0.99
  11   13 0.23
  23   32 0.57

   7   18 0.75
  12   17 0.81
  11   12 0.04
  15   20 0.08
  17   24 0.55
  16   23 0.11
   2    5 0.82
   6    6 0.54
   1    6 0.26
  20   30 0.19
   4    4 0.74
  18   28 0.56
   2   13 0.19
  14   20 0.15
  21   25 0.50
  11   16 0.13
  17   18 0.01
  19   30 0.40
  23   34 0.47
  14   16 0.25
  11   15 0.51
  19   29 0.07
  11   13 0.04
  19   27 0.64
   3   14 0.42
   6   14 0.68
  22   25 0.93
   4   11 0.83
  16   20 0.97
  16   16 0.56
   7   17 0.65
  16   25 0.50
  15   25 0.42
  10   14 0.85
  22   23 0.35
   1    3 0.50
  22   28 0.72
  10   16 0.15
   7   17 0.79
   2    4 0.51
   1   10 0.92
  14   18 0.70
  15   22 0.24
   4   12 0.33
   0    5 0.73
   4    7 0.62
  14   21 0.93
  10   10 0.98
   0    6 0.19
   4   15 0.78
   6   13 0.49
  19   20 0.92
  10   20 0.61
   2   12 0.28
  19   21 0.10
   7   18 0.57
   9   16 0.98
  22   24 0.64
   4    5 0.77
  13   20 0.31
  16   17 0.14
  13   22 0.07
  17   18 0.55
  19   24 0.06
   4    8 0.53
  21   21 0.19
  15   22 0.86
   7   16 0.30
  21   24 0.61
   4   10 0.08
   8   13 0.63
  21   23 0.34
  19   27 0.87
   2    7 0.25
  22   28 0.91
  17   28 0.93
  15   21 0.51
   7    8 0.47
   1    9 0.37
  23   30 0.83

