5 40 4
6    4  16   2  10   2  16

  10   32 0.51
  46   54 0.82
  49   55 0.50
  72   74 0.48
  24   25 0.95
  61   67 0.24
  66   89 0.87
  58   59 0.67
  11   23 0.90
  52   75 0.20
  55   64 0.34
  34   39 0.37
  29   40 0.13
  24   31 0.92
  53   64 0.82
  34   40 0.01
   9   13 0.81
  11   19 0.95
  14   37 0.37
  29   33 0.52
  36   60 0.22
  70   88 0.59
  19   23 0.11
  23   26 0.11
  27   33 0.27
  63   77 0.16
  23   28 0.30
  53   74 0.64
   8   21 0.44
  49   72 0.44
  65   85 0.30
  31   43 0.14
  11   23 0.17
  45   59 0.68
   5   20 0.95
  54   71 0.22
  23   36 0.63
  12   32 0.20
  71   74 0.27
   4    9 0.53

  17   33 0.09
  34   55 0.06
  34   50 0.84
  27   46 0.34
  26   36 0.97
  56   74 0.31
  69   81 0.66
  18   20 0.54
  37   53 0.47
   8   24 0.24
  17   40 0.84
  59   73 0.95
  74   85 0.90
  49   69 0.15
  19   29 0.70
  36   54 0.99
  54   77 0.00
  17   28 0.69
  28   45 0.42
  27   48 0.26
  33   53 0.39
  12   27 0.43
  64   69 0.47
  40   64 0.89
  36   50 0.10
   5    6 0.70
  71   84 0.70
  65   66 0.56
  50   67 0.80
   9   19 0.63
  53   75 0.30
  15   19 0.53
  43   62 0.52
  24   29 0.75
  56   78 0.39
  55   62 0.86
  48   72 0.49
  16   16 0.48
  29   29 0.02
  47   48 0.37

  16   38 0.04
  25   28 0.45
  45   48 0.51
  20   40 0.74
  18   37 0.03
  73   93 0.15
  38   42 0.87
  21   41 0.33
  67   89 0.74
  18   40 0.08
   7   17 0.71
   5   25 0.81
   1   15 0.25
   8   19 0.99
  16   38 0.36
   9   17 0.65
  63   69 0.20
  49   69 0.80
  29   36 0.06
  10   19 0.09
  58   65 0.71
  56   70 0.42
  31   33 0.47
  40   47 0.00
  61   72 0.07
  70   77 0.18
  63   63 0.24
  70   93 0.87
  15   36 0.55
  26   38 0.10
  28   37 0.34
   8   14 0.00
   7   14 0.15
  58   67 0.18
  28   51 0.57
  52   74 0.89
  22   36 0.28
  62   80 0.54
  72   96 0.46
  68   77 0.63

  52   70 0.56
  31   39 0.09
  16   31 0.50
  11   27 0.11
  39   61 0.54
  37   57 0.13
  40   56 0.94
  15   34 0.90
   1   25 0.13
  21   32 0.99
  32   51 0.80
  53   54 0.59
  13   29 0.46
  16   40 0.28
  62   84 0.91
  11   23 0.85
  58   67 0.70
  50   57 0.59
   7   17 0.39
  72   95 0.43
  57   73 0.33
   2    4 0.10
  55   63 0.71
  61   84 0.20
  16   17 0.47
  46   48 0.44
  71   79 0.39
  36   51 0.51
  17   22 0.59
  33   41 0.49
  21   28 0.60
  46   52 0.59
  18   21 0.98
  64   64 0.48
  64   64 0.54
  65   66 0.10
  66   76 0.38
  63   79 0.00
   6   23 0.13
  32   51 0.39

  53   70 0.28
  56   76 0.89
  54   76 0.87
   0   23 0.88
  23   26 0.43
  47   66 0.13
  44   53 0.09
   7   12 0.30
  74   85 0.45
  49   65 0.99
  22   28 0.03
  63   70 0.36
  17   33 0.21
   1   24 0.90
   8   30 0.25
  66   81 0.73
  35   57 0.78
   8   10 0.58
  71   90 0.80
  23   25 0.17
  62   70 0.43
  11   16 0.03
   4   25 0.09
  21   21 0.22
  27   33 0.24
  38   41 0.42
  28   47 0.76
  37   56 0.19
   3   22 0.77
  44   50 0.96
   4   11 0.52
  23   40 0.18
  37   44 0.77
  35   51 0.57
  73   92 0.37
   2   11 0.25
  62   68 0.56
  47   60 0.13
   8   30 0.82
  38   56 0.17

  28   49 0.08
  27   50 0.01
  21   35 0.84
  32   55 0.95
  47   54 0.49
  37   41 0.16
  16   35 0.03
  43   44 0.59
  74   79 0.91
  66   86 0.28
  25   29 0.85
  41   53 0.91
  32   46 0.89
  43   58 0.04
  49   69 0.40
  62   83 0.15
  27   28 0.63
  66   88 0.75
  17   30 0.59
  14   29 0.86
   1    5 0.63
  39   58 0.94
  26   47 0.67
  40   52 0.57
  40   62 0.16
  25   41 0.72
  23   45 0.22
  19   28 0.46
  17   33 0.71
  47   49 0.25
  43   59 0.21
   3   25 0.55
  47   53 0.47
  31   32 0.02
  30   48 0.00
  67   77 0.59
  69   76 0.03
  61   75 0.04
   3   23 0.78
  55   66 0.74

