5 15 8
12    4   4  16   4  16   2  20  16  16   2   2  10

  20   38 0.54
   1    6 0.47
   2   23 0.87
   7   21 0.80
   4   34 0.48
   1    8 0.54
  12   34 0.73
   9   36 0.24
   2    3 0.35
   5   19 0.37
  10   15 0.69
   3    5 0.95
  12   31 0.34
   6   33 0.29
   0   16 0.81

  10   17 0.49
   0    2 0.49
   8   25 0.49
  13   32 0.80
   0   22 0.34
  10   19 0.54
  14   38 0.83
  20   43 0.65
  12   16 0.44
   9   31 0.47
  18   36 0.71
  10   15 0.00
  11   21 0.20
   7   19 0.28
  16   34 0.75

  20   23 0.24
  13   30 0.76
   4   16 0.18
   2    5 0.43
  18   47 0.52
  13   19 0.03
   5   18 0.76
   1   10 0.38
   7   14 0.93
   0    3 0.37
  18   46 0.34
  15   44 0.77
   1   31 0.08
   8   24 0.35
   4   18 0.75

   7   22 0.55
  18   24 0.54
  13   35 0.30
   9    9 0.83
  18   37 0.37
   6   25 0.80
   5   31 0.29
  13   40 0.93
  15   21 0.11
  12   40 0.58
  12   42 0.48
   9   31 0.06
   0    6 0.74
  13   28 0.14
  19   40 0.94

  10   39 0.75
  17   33 0.51
  15   37 0.76
  19   23 0.16
  17   47 0.64
  10   17 0.37
   4    6 0.42
   1   17 0.80
  18   20 0.65
  17   20 0.31
  11   39 0.38
  10   39 0.63
  10   23 0.19
  15   41 0.32
  15   19 0.99

   7   25 0.42
   8   26 0.50
  19   35 0.63
  11   40 0.68
   9   21 0.53
  18   22 0.71
  18   40 0.89
  16   32 0.01
   2   31 0.42
  19   19 0.49
  12   19 0.30
   3   33 0.31
  20   29 0.53
   8   31 0.92
  10   22 0.15

   7   24 0.91
   0   22 0.09
  19   30 0.05
   7   12 0.17
  19   25 0.54
   0    1 0.18
   2   18 0.91
  10   37 0.82
   1   13 0.68
  16   28 0.63
  18   32 0.97
   0   27 0.18
  16   43 0.26
  12   19 0.46
   8   22 0.68

  12   39 0.10
  18   38 0.60
  18   26 0.61
  13   33 0.40
   9   28 0.64
  12   39 0.76
  18   27 0.68
   5   29 0.75
   9   33 0.78
  16   39 0.83
   8   34 0.57
   9   19 0.05
  20   35 0.52
  16   42 0.40
  16   39 0.56

   8   21 0.62
   2    2 0.35
  17   18 0.67
  11   35 0.31
   4   28 0.48
   2   25 0.92
   0    1 0.66
  14   22 0.27
  15   31 0.91
  11   22 0.97
  17   30 0.71
  19   35 0.40
  13   18 0.98
   7   21 0.38
   5   31 0.22

   2   15 0.26
  11   18 0.49
   9   34 0.82
  18   36 0.13
   2   11 0.85
   3   13 0.64
  10   35 0.55
   6   29 0.09
  11   30 0.46
  18   39 0.45
  19   37 0.40
   1   27 0.97
  20   24 0.03
   6   17 0.21
   8    9 0.38

  14   17 0.25
  12   22 0.35
   6   24 0.55
   2   24 0.42
   4   24 0.05
   2    4 0.02
   8   20 0.46
  15   22 0.81
  15   27 0.96
  19   29 0.80
  15   42 0.04
   4    7 0.68
   0   27 0.19
   0   14 0.43
  16   35 0.24

   8   15 0.09
   3   11 0.38
   6   36 0.31
   2   16 0.76
  12   23 0.21
   1   13 0.68
  17   28 0.04
   2    6 0.42
   2   25 0.44
  20   21 0.09
  15   41 0.19
  10   38 0.16
   3    8 0.06
  12   30 0.09
   8   16 0.14

