4 100 4
3   16   2  16

  96  145 0.66
  94  123 0.20
   9   47 0.88
  27   87 0.80
  82   97 0.23
  79  108 0.31
  43  138 0.22
  29   99 0.72
  93  186 0.46
  49   86 0.96
  94  198 0.26
 105  201 0.62
   6  104 0.05
  31  110 0.69
  91  179 0.59
  45   51 0.90
   5   66 0.96
  66   79 0.45
  31   60 0.21
  31   58 0.20
   5   97 0.63
  15   93 0.89
  32   49 0.24
 103  181 0.30
  57  130 0.18
 101  115 0.15
  98  119 0.28
  53   58 0.44
  72  172 0.14
  39  104 0.26
  84   90 0.32
  73  117 0.36
  53   78 0.15
   0   49 0.70
  30  112 0.88
 101  152 0.91
  65   74 0.55
  88  123 0.29
  93  188 0.46
  48  113 0.47
  92  128 0.40
  66  119 0.14
  11   78 0.79
  87  191 0.14
   9   20 0.44
  33   98 0.54
  23  127 0.50
   7   70 0.13
  62   99 0.32
  95  194 0.99
  89  182 0.68
 102  199 0.44
  18   92 0.87
  43   83 0.02
  41  139 0.87
  48  134 0.90
 102  197 0.65
  98  123 0.77
  96  121 0.28
  21  114 0.76
  18   41 0.77
  51  139 0.42
  52   91 0.95
  12   99 0.75
 100  196 0.35
  26   73 0.67
  33   45 0.02
  64  123 0.70
  88  102 0.37
  96  110 0.61
  78   85 0.09
  24  107 0.21
  35   65 0.66
  55  102 0.33
  53   83 0.48
  54   57 0.35
  12   78 0.24
   3   67 0.93
  89  108 0.76
  87  161 0.74
  77  145 0.67
  38   83 0.12
  46   54 0.03
   8   14 0.60
  98  175 0.58
  68  132 0.58
  69  174 0.91
  86  147 0.68
  72  134 0.86
   9  113 0.71
   8   32 0.14
  28  128 0.42
  85   86 0.84
  99  154 0.72
  59  146 0.07
  56   76 0.95
  27   39 0.58
  34  135 0.42
  69   92 0.55
  14   85 0.17

 100  159 0.97
  34   94 0.90
  55   64 0.53
  68  173 0.90
  73   82 0.26
  52   97 0.33
  39  137 0.95
  50  120 0.51
  16   46 0.28
 101  151 0.65
  31   66 0.07
  46  138 0.59
  36  130 0.09
  48  125 0.79
  37  130 0.29
  83  177 0.88
  43  105 0.55
  96  199 0.59
  73  106 0.37
   5   98 0.22
  70  108 0.39
   9   24 0.58
  48  114 0.07
   4   98 0.02
  77   96 0.87
  68   91 0.22
  79  142 0.74
  46  140 0.28
  58   98 0.73
  71  143 0.23
  79   90 0.99
  87  125 0.04
  93  172 0.00
 103  164 0.57
  30  125 0.35
  98  161 0.70
   4   82 0.76
  37   43 0.85
  84  175 0.38
  28   58 0.21
  93  160 0.08
  57  117 0.96
  56  104 0.53
  56  144 0.46
  69   82 0.86
  50  121 0.97
  34   94 0.09
  76   88 0.88
  68   91 0.94
  60  149 0.22
   3   61 0.37
  19  111 0.62
  75  135 0.74
  31   78 0.93
  35  111 0.94
  35   83 0.24
   3   41 0.06
  10   86 0.08
  20   36 0.13
  89  179 0.66
   3   45 0.51
  34   80 0.75
  24   48 0.14
  67  150 0.16
  65   96 0.45
  99  166 0.21
  37  135 0.55
  16   45 0.37
   0   57 0.86
   5   98 0.33
  87  160 0.94
  23   79 0.85
  67  133 0.20
  33   41 0.26
  92   94 0.75
  78   90 0.69
 105  210 0.51
  76  166 0.62
  80  148 0.40
  23  126 0.97
  31   75 0.63
  43   53 0.14
  91  183 0.79
  54   67 0.94
  87  137 0.91
  73   73 0.37
  52  111 0.54
  87  105 0.80
  45   79 0.34
  88   89 0.29
  54   82 0.56
  17   24 0.21
  15   76 0.84
  62   71 0.58
  45   68 0.71
  15  118 0.71
  56   96 0.73
  49   99 0.91
  53  100 0.24
  33   51 0.55

  13   53 0.18
  14  104 0.50
  74   95 0.39
  85  130 0.19
  30  135 0.93
  86  158 0.80
  28   57 0.72
   0   19 0.22
   2   75 0.71
 103  117 0.00
  94  184 0.74
 100  184 0.21
  62   78 0.83
  27   72 0.84
  66  152 0.30
  87   96 0.76
  14   76 0.40
  55  146 0.77
  12   66 0.94
  50  124 0.86
  21  126 0.30
  70   76 0.34
  80  173 0.11
  60  126 0.66
  84  169 0.85
   9   27 0.31
  50   63 0.75
  38  114 0.66
  84  133 0.23
  10   41 0.59
  23   74 0.36
  71  133 0.48
  23   86 0.52
   0   60 0.76
 100  148 0.81
  68  107 0.75
  66  128 0.86
  17   97 0.34
  85  145 0.62
 104  152 0.20
  27   27 0.02
  91  124 0.38
  93  137 0.95
   0   74 0.77
  53  109 0.13
  40   55 0.63
  42   57 0.71
  77  136 0.30
  25   60 0.63
  40   72 0.02
  78  144 0.83
  78   95 0.98
  27   60 0.26
  93   98 0.55
  32   73 0.97
  54   69 0.59
  37  105 0.21
  37  100 0.87
  74   79 0.91
  82  115 0.37
 103  122 0.71
  72   72 0.60
  97  101 0.21
  39  109 0.61
  17   42 0.86
  59  132 0.46
  46   57 0.84
  12   53 0.13
 103  135 0.00
  67   99 0.07
  20   84 0.99
  69   71 0.03
  89  186 0.85
  97  172 0.34
  90  151 0.82
  53  149 0.90
  62  122 0.81
  37   67 0.64
  38  102 0.95
  20   34 0.27
  31   31 0.20
  89  164 0.67
  46  123 0.21
  65   91 0.76
  35  138 0.23
   2   44 0.71
  99  104 0.12
  20   67 0.21
  99  100 0.41
  80  104 0.86
  13   52 0.41
  45   64 0.29
  73  169 0.33
  53  157 0.50
  71  137 0.28
  63  126 0.00
   6   94 0.74
 100  193 0.33
 103  176 0.43
   0   53 0.33

