5 100 4
3   16  10   2

  12   45 0.34
  46   92 0.17
  32   46 0.61
  24   43 0.32
  63   91 0.42
  57   68 0.45
  21   80 0.99
  88  124 0.89
  11   79 0.65
  42  104 0.39
  76   90 0.07
  74   94 0.89
  46   63 0.58
  51   89 0.59
  17   82 0.15
   4   29 0.35
  23   90 0.58
  99  125 0.50
  85  146 0.86
  52   55 0.49
  62   67 0.40
  13   27 0.26
  99  126 0.68
  42   77 0.94
   3   13 0.06
  60   73 0.60
  19   19 0.38
  10   66 0.62
  56   96 0.73
  26   39 0.66
  13   47 0.67
 102  152 0.91
  60  125 0.05
  67  109 0.37
  31   61 0.51
  92  123 0.56
  69   91 0.43
   7   14 0.53
  35   77 0.25
   5   74 0.68
  64   96 0.56
  86  105 0.39
  39   50 0.50
  49   86 0.11
  36   93 0.59
   5   47 0.67
  30   80 0.08
  54  105 0.41
  32   55 0.16
  42   81 0.50
  76   78 0.99
  67   69 0.13
  33   52 0.70
   7   61 0.33
  61  102 0.63
  57   62 0.99
   1   33 0.07
  83  114 0.63
  55   87 0.51
   6   35 0.34
   8   22 0.14
  99  145 0.40
 104  142 0.20
  16   21 0.10
  90  126 0.82
  79  144 0.92
  86  140 0.05
  69  116 0.33
  18   54 0.64
  83  116 0.02
  46   95 0.42
  30   67 0.17
  91  151 0.61
  97  160 0.92
  94  126 0.19
  47   57 0.87
  17   25 0.90
  33   65 0.61
 101  136 0.59
  79  140 0.72
  49   50 0.28
  50  109 0.08
  73  113 0.60
  31   65 0.84
  19   70 0.76
  43   90 0.90
  84   84 0.69
  65   73 0.55
  38   54 0.86
  83   95 0.91
  75   94 0.34
  21   85 0.44
  31   92 0.73
  53   55 0.06
  30   88 0.71
  30   63 0.30
  28   88 0.47
  79  104 0.24
  23   84 0.31
  34   83 0.29

  44   91 0.29
  97  111 0.68
  15   56 0.55
  55   98 0.93
 103  122 0.41
  61   94 0.08
  74   94 0.54
  73  110 0.45
  12   34 0.10
  19   56 0.56
  34   66 0.19
   4   17 0.47
  61   71 0.41
  48   79 0.77
  77  104 0.14
  46   67 0.58
  45   79 0.58
  78  142 0.15
   5    8 0.98
   2    9 0.53
  92   92 0.89
  66   95 0.75
  30   92 0.79
  74   85 0.23
  15   63 0.61
   3   63 0.70
  98  144 0.99
  87  137 0.86
  61   89 0.81
  48  115 0.58
  30   72 0.78
  47  115 0.64
  66   86 0.10
  23   31 0.23
  87  102 0.15
  78  137 0.15
  70   91 0.88
   8   59 0.41
  21   23 0.64
  84  130 0.92
  38   42 0.89
  10   11 0.89
  16   65 0.61
  49   79 0.83
  56  110 0.62
  50   87 0.15
  56   89 0.04
 101  115 0.45
  94  139 0.92
  18   20 0.62
  72  123 0.15
  10   22 0.78
  30   36 0.50
  10   31 0.18
  36   90 0.11
  68   84 0.92
  66   95 0.40
  53  115 0.02
  60   87 0.68
  29   30 0.11
  52   63 0.23
  27   65 0.23
  80   94 0.57
   7   39 0.39
  47   52 0.90
  30   64 0.59
  66   86 0.30
  35   85 0.04
  45   70 0.53
  70  113 0.50
  56   80 0.91
  12   17 0.89
  62  100 0.41
  46   94 0.89
   2   69 0.44
  75  107 0.95
  73   89 0.32
  41   71 0.88
  73  138 0.82
  45   79 0.35
  46   90 0.97
  72   88 0.98
  67  134 0.35
  63   67 0.85
   8   31 0.70
  84   89 0.06
  98  133 0.93
 100  126 0.82
  50   83 0.12
  45  112 0.88
  74  107 0.30
  74   94 0.37
  25   76 0.43
  57   92 0.53
 100  155 0.52
  31   67 0.02
  53   65 0.63
  53   85 0.92
  38   50 0.97
  84  100 0.79

  79   85 0.50
  29   55 0.66
  56  115 0.18
  96  104 0.75
  30   89 0.91
   6   61 0.40
  30   71 0.44
  33   53 0.64
  34   39 0.83
  95  139 0.34
  52  115 0.64
  34  103 0.68
  47  115 0.10
  13   30 0.54
  68  137 0.30
  42   51 0.91
  39   45 0.77
   1   67 0.22
  70  123 0.57
   0   55 0.42
  90  129 0.58
  31   32 0.46
  58  108 0.90
 102  164 0.59
 103  126 0.71
  11   70 0.26
  11   52 0.52
  88  133 0.84
  23   41 0.67
  88  113 0.67
  84  131 0.58
 104  114 0.25
  56   84 0.53
  60  125 0.35
  82  116 0.26
   7   49 0.39
  77   99 0.47
  95  132 0.86
  92  131 0.93
  56  114 0.37
  41   88 0.42
  29   81 0.03
 101  158 0.11
  71   97 0.01
   7    9 0.75
  76  110 0.84
  23   80 0.25
  90  125 0.79
   6   48 0.58
  80  130 0.94
  18   66 0.40
  10   78 0.36
  12   61 0.73
  24   25 0.47
  94  141 0.39
  86   96 0.10
  68   72 0.32
  94  106 0.92
  11   77 0.48
  18   55 0.34
  64  116 0.87
  30   76 0.78
  13   44 0.52
  99  147 0.26
  60   69 0.99
   3   55 0.36
  56   66 0.73
  23   38 0.88
   5   27 0.20
  50   84 0.96
  78  109 0.76
  38   71 0.27
  76  139 0.67
  80  105 0.13
  92   94 0.10
  27   73 0.05
  43   93 0.80
  92   93 0.31
  61   71 0.62
  15   55 0.34
  90  117 0.99
  92  138 0.93
  60   65 0.13
  38   83 0.11
  12   68 0.95
  13   44 0.19
  65  100 0.22
  68  120 0.81
  75  141 0.46
  27   90 0.77
  59   96 0.32
  49   99 0.47
  51  108 0.50
  41   49 0.50
  64  107 0.96
  18   80 0.29
  48   58 0.52
  77   78 0.25
   3   66 0.46
  87  143 0.43

