4 15 8
12    4  16  16  10  20   2  16   2  20   4   2  16

   7   46 0.66
   5   38 0.03
  20   24 0.30
  21   37 0.45
  21   48 0.81
  18   36 0.32
   2   38 0.57
   9   18 0.76
  28   66 0.46
  16   29 0.44
  14   43 0.25
   9   39 0.61
  29   62 0.10
  25   32 0.01
   0   10 0.53

  27   65 0.03
   7   31 0.02
  29   39 0.34
  21   39 0.59
   9   16 0.28
   3   19 0.04
  11   27 0.95
   5    9 0.45
  10   33 0.61
   1   25 0.20
   9   28 0.43
   0   24 0.38
  28   56 0.25
  20   31 0.75
  14   48 0.24

  23   51 0.73
   4    6 0.16
  16   18 0.31
   0    8 0.76
  15   34 0.79
   2   16 0.20
  28   41 0.87
  26   34 0.46
  23   32 0.96
  14   49 0.92
   3   28 0.04
  16   30 0.77
  13   32 0.08
  13   25 0.75
   1    2 0.00

   2   44 0.95
  13   19 0.54
   0   15 0.42
   3    8 0.87
  20   26 0.29
   7   34 0.09
  27   42 0.56
  29   67 0.64
  21   22 0.65
   5   17 0.58
  17   30 0.86
  27   66 0.85
  26   53 0.60
  25   42 0.46
  14   44 0.73

  15   43 0.29
  19   20 0.17
   6   17 0.20
  10   50 0.16
  18   36 0.61
   9   24 0.31
  19   60 0.29
  19   39 0.97
  11   44 0.65
  23   55 0.34
   0   42 0.34
   9   47 0.13
  19   49 0.13
  26   61 0.96
  13   20 0.06

  12   50 0.05
   2    7 0.25
  22   22 0.50
  26   31 0.89
  25   33 0.88
  22   60 0.24
  17   29 0.93
  19   51 0.89
   6   13 0.27
  28   37 0.19
   4    6 0.50
  22   27 0.79
  19   24 0.25
  26   66 0.33
   9   18 0.16

  24   66 0.88
   2   32 0.28
  11   53 0.45
   5   34 0.44
   8   33 0.48
  24   64 0.34
  27   32 0.08
   0    9 0.06
  27   28 0.07
  13   42 0.32
  18   30 0.56
  26   28 0.51
  22   28 0.84
  24   49 0.35
  27   71 0.86

  17   20 0.14
  17   28 0.43
   7   32 0.91
  28   71 0.39
   0   29 0.55
   6   34 0.53
   9   52 0.57
  18   51 0.95
  14   58 0.13
   9   52 0.89
  17   45 0.00
  18   49 0.79
  10   30 0.27
   1   32 0.95
  25   57 0.17

   2   32 0.84
  27   61 0.22
   5   38 0.37
  29   33 0.87
  15   24 0.96
  16   18 0.69
  14   50 0.43
   0   33 0.52
  25   62 0.41
  17   61 0.09
  24   49 0.75
  16   38 0.57
  29   72 0.03
  11   24 0.59
  14   39 0.05

  19   31 0.46
  15   24 0.81
  19   36 0.42
   1    9 0.70
   3    6 0.46
   5   43 0.68
   4   17 0.18
  24   26 0.24
  18   42 0.22
   3   29 0.28
  22   23 0.13
  10   46 0.33
  11   53 0.43
  13   22 0.55
  25   42 0.84

   5   28 0.04
  13   27 0.97
  24   53 0.42
   7   40 0.54
  17   42 0.61
   5   20 0.46
   0    8 0.89
  27   35 0.07
   5   18 0.31
  20   55 0.69
  20   27 0.83
  15   15 0.77
  25   31 0.15
  10   32 0.44
   2   21 0.86

  15   58 0.06
  23   61 0.67
  26   43 0.90
  10   53 0.84
   0   14 0.21
  14   48 0.36
  16   28 0.20
  21   29 0.03
   6   44 0.94
   7   16 0.48
  15   27 0.45
  16   56 0.37
  21   61 0.83
   2    2 0.39
  13   52 0.32

