4 60 4
3   10  10   2

   9   20 0.51
  17   36 0.38
  10   16 0.37
  33   34 0.70
  36   45 0.75
   0   11 0.18
  26   41 0.36
   8   22 0.66
  38   50 0.43
   7   18 0.88
  32   45 0.77
  15   17 0.78
  13   19 0.80
  40   51 0.11
  27   40 0.90
  11   20 0.45
  32   42 0.99
  23   25 0.57
  28   39 0.90
  35   52 0.86
  26   32 0.20
  25   39 0.05
  40   59 0.57
  34   46 0.81
  21   27 0.12
  31   49 0.17
   2   15 0.30
   2    4 0.65
  32   48 0.80
  40   55 0.22
  24   34 0.59
  16   31 0.31
  39   56 0.87
  27   29 0.69
   2   11 0.21
  13   29 0.51
  27   41 0.38
  32   49 0.83
  17   30 0.44
   9   24 0.30
  20   31 0.22
  33   36 0.05
  24   27 0.27
  19   31 0.69
  16   30 0.55
  28   45 0.00
  29   32 0.91
  32   42 0.32
  36   43 0.27
  17   24 0.07
  29   31 0.53
   7   26 0.53
  24   31 0.29
  21   24 0.39
  26   45 0.54
  17   21 0.02
  16   32 0.26
  11   19 0.59
   4   23 0.63
  39   50 0.28

  11   27 0.12
  16   26 0.65
  29   39 0.85
  32   42 0.26
  38   50 0.05
   7   15 0.99
  29   48 0.74
  26   29 0.58
  33   47 0.54
   1   11 0.93
  21   22 0.32
  16   17 0.26
  33   37 0.42
   3   20 0.06
  15   18 0.05
  36   42 0.82
  37   52 0.17
   4   12 0.70
  12   26 0.27
   5   22 0.92
  29   46 0.73
   8   16 0.32
  32   46 0.57
   0   11 0.84
  33   33 0.34
  26   36 0.36
  14   28 0.80
   0    4 0.22
  11   14 0.16
  33   37 0.74
  32   35 0.20
  18   26 0.01
  40   41 0.86
  39   57 0.39
  38   56 0.13
  30   41 0.46
  28   42 0.65
  29   47 0.84
  22   31 0.12
   2   14 0.04
  11   24 0.23
  36   38 0.94
   1    6 0.21
   9   15 0.62
  11   23 0.69
  11   23 0.21
  14   15 0.83
  38   49 0.02
   9   15 0.62
  33   36 0.08
   9   11 0.66
  16   34 0.10
  10   25 0.21
  23   28 0.43
  37   38 0.07
  28   43 0.81
  16   35 0.37
   1    1 0.06
   1    1 0.53
  21   34 0.75

   3    8 0.22
  19   20 0.06
  30   35 0.12
   5   20 0.69
   4   11 0.79
  23   25 0.54
  30   37 0.60
  20   38 0.16
   5   11 0.71
  13   16 0.32
  27   46 0.63
  24   30 0.72
  39   42 0.05
  21   29 0.28
  29   44 0.65
  19   23 0.25
  40   42 0.48
  25   34 0.01
  27   32 0.15
   9   16 0.12
  22   32 0.45
  29   35 0.42
  18   32 0.06
  17   35 0.82
  24   41 0.95
  21   34 0.50
   4    8 0.62
  17   22 0.69
  26   40 0.60
  37   46 0.35
  24   33 0.99
  14   31 0.06
  39   48 0.60
   8   16 0.52
  33   37 0.43
  19   29 0.16
   1   19 0.95
   9   16 0.89
  15   20 0.13
  16   16 0.07
  33   38 0.71
   4   12 0.44
  24   41 0.12
  11   24 0.04
  38   46 0.56
  18   23 0.53
  17   33 0.58
  15   24 0.55
   2    8 0.67
  24   24 0.58
   2   12 0.47
  18   28 0.29
   3   10 0.16
  21   40 0.39
  18   30 0.57
  15   34 0.87
  11   27 0.66
  22   23 0.12
  32   42 0.31
  23   34 0.47

