4 60 8
3   16  10  10

  25   69 0.24
  16   38 0.70
   0    2 0.97
  26   38 0.67
  13   56 0.30
  19   28 0.45
   7   38 0.40
   1   21 0.66
  13   40 0.81
  29   58 0.56
  12   28 0.62
   8   46 0.64
  30   36 0.10
  28   41 0.49
  11   39 0.19
  22   31 0.91
   2   21 0.34
  17   52 0.75
   1   17 0.29
  28   61 0.33
   9   44 0.61
  10   45 0.11
  10   12 0.62
   0   32 0.49
  24   62 0.13
  22   55 0.05
  27   57 0.85
  26   49 0.67
  25   58 0.41
  23   33 0.46
   5   52 0.99
  18   62 0.91
   6    6 0.32
  14   15 0.88
   6   34 0.38
   0   36 0.03
   3   38 0.36
  13   19 0.39
  20   61 0.58
  28   42 0.45
  17   28 0.19
  10   25 0.57
  14   37 0.67
  19   45 0.87
  19   32 0.09
  27   70 0.41
  26   49 0.47
   0   15 0.23
  22   29 0.82
  26   64 0.08
  14   55 0.88
  18   66 0.46
  13   57 0.02
  26   29 0.04
  24   41 0.88
  32   75 0.19
   9    9 0.02
   8   26 0.45
   4   18 0.99
  17   46 0.78

  20   29 0.05
   6   12 0.29
   4   45 0.13
  13   17 0.02
  17   44 0.27
  21   49 0.22
  19   45 0.97
  28   77 0.15
   4   19 0.84
  20   36 0.58
  11   16 0.82
  32   46 0.05
   7   27 0.85
  21   22 0.42
  21   60 0.88
  11   57 0.43
  28   72 0.11
   9   45 0.92
   7   12 0.57
  28   40 0.75
  32   79 0.41
  24   49 0.50
   9   53 0.93
  23   23 0.53
  22   49 0.75
  25   38 0.98
  10   33 0.35
  32   43 0.96
  15   42 0.67
  19   30 0.68
  17   31 0.13
  23   53 0.49
   5   36 0.47
  14   32 0.18
   2   43 0.62
  26   52 0.54
  24   34 0.55
   6   11 0.42
  28   28 0.34
  24   44 0.97
  19   20 0.14
   4   15 0.05
   7   17 0.30
  32   33 0.55
  28   60 0.15
  19   20 0.30
  25   54 0.41
  32   55 0.88
  31   63 0.96
   3    5 0.25
  12   29 0.55
   7   49 0.20
  17   39 0.10
  16   17 0.50
   5   39 0.92
  21   38 0.12
  15   39 0.14
  31   46 0.13
  16   19 0.55
   9   42 0.54

  25   39 0.80
  32   42 0.87
   2   32 0.51
   9   39 0.18
  13   37 0.25
  18   32 0.05
  24   55 0.62
   1    2 0.33
   1   48 0.06
  10   30 0.68
  17   62 0.49
  29   61 0.34
  31   36 0.16
  12   17 0.49
   8    8 0.55
  27   28 0.07
   0    6 0.53
   4   10 0.58
  11   43 0.86
  31   31 0.66
  26   51 0.69
  26   65 0.61
   6   22 0.99
  18   46 0.01
  30   54 0.29
  14   60 0.00
  15   15 0.76
  21   43 0.70
  18   41 0.06
  20   57 0.00
  32   58 0.95
  19   56 0.78
  23   35 0.85
  32   43 0.62
  27   66 0.77
   0    8 0.71
  31   38 0.87
  13   53 0.43
  12   39 0.88
  26   26 0.77
  17   45 0.36
  14   55 0.67
  26   26 0.25
  18   36 0.03
  15   52 0.72
  17   53 0.89
  25   29 0.05
  30   55 0.18
   6   51 0.44
   9   17 0.46
  24   44 0.27
  15   64 0.81
  23   66 0.81
  18   20 0.55
   1   49 0.81
  27   67 0.05
  28   73 0.06
   0   41 0.43
  11   33 0.15
  26   33 0.31

