5 100 8
3   20  16   2

  33   45 0.58
   1    7 0.07
   4    7 0.89
  44   54 0.68
  27   43 0.42
  47   67 0.44
  42   43 0.59
  49   56 0.11
   9   26 0.06
  31   35 0.84
  49   62 0.39
  17   21 0.05
  17   39 0.32
  66   82 0.26
  31   48 0.50
  13   33 0.54
   7   15 0.61
  25   26 0.54
  15   15 0.16
  28   28 0.64
   8   18 0.88
  50   51 0.70
  31   42 0.02
  29   44 0.57
   8    9 0.89
  44   46 0.15
  27   30 0.79
   2    4 0.65
  33   38 0.42
  53   64 0.41
  63   79 0.45
  66   72 0.19
  32   51 0.00
  16   35 0.90
  64   78 0.91
  12   34 0.22
   9   12 0.37
  33   48 0.50
  59   71 0.60
  55   77 0.02
  28   34 0.09
  16   17 0.51
  47   64 0.19
  18   28 0.95
  30   41 0.11
  56   69 0.74
  39   48 0.89
  37   58 0.58
  51   64 0.63
  30   42 0.98
  66   72 0.07
  20   38 0.10
  39   44 0.84
  29   47 0.63
  12   34 0.45
  13   19 0.05
  55   64 0.90
  22   27 0.74
  23   24 0.90
   4   10 0.03
  38   59 0.88
  38   46 0.95
  67   76 0.37
  46   54 0.10
  45   66 0.26
   5    8 0.72
  58   76 0.36
  64   69 0.07
  53   70 0.95
  38   54 0.01
  50   58 0.15
   0   21 0.65
  65   73 0.22
  61   79 0.04
  59   64 0.20
  33   44 0.79
  70   84 0.67
   0    0 0.45
  43   53 0.49
  18   19 0.23
  57   74 0.51
  18   27 0.64
  31   35 0.45
  62   62 0.16
  64   72 0.98
  27   40 0.42
  57   61 0.30
  45   51 0.64
  56   60 0.16
  22   44 0.62
  58   73 0.90
  11   16 0.39
   4   17 0.75
  23   38 0.97
  54   65 0.46
  42   44 0.95
   1   11 0.24
  35   48 0.45
  65   80 0.16
  40   60 0.32

  45   66 0.64
  48   56 0.85
  53   55 0.36
   5   17 0.02
  66   68 0.64
  42   44 0.12
  18   29 0.65
  59   64 0.25
  29   49 0.99
  18   33 0.76
  27   35 0.32
  25   26 0.45
  34   55 0.55
  30   34 0.45
  67   81 0.37
  70   89 0.47
  25   35 0.31
  53   73 0.98
   6   23 0.93
  41   47 0.34
  16   20 0.16
  16   27 0.66
  60   67 0.71
  36   56 0.09
  67   70 0.02
  23   26 0.43
  12   22 0.46
   9   21 0.16
  19   34 0.28
  54   58 0.96
   3    6 0.51
  65   71 0.50
   9   15 0.59
  21   23 0.08
  33   51 0.83
  36   36 0.42
  22   44 0.75
  67   85 0.14
  58   75 0.83
  57   70 0.38
  39   58 0.47
  56   56 0.86
  51   54 0.19
   3   18 0.80
  34   53 0.23
  29   43 0.28
  31   44 0.16
  62   72 0.05
  30   52 0.50
  16   23 0.80
  24   37 0.14
   7   19 0.39
  22   29 0.85
  42   57 0.03
  47   61 0.85
  22   39 0.57
  35   38 0.13
  59   59 0.44
  39   49 0.58
  55   64 0.07
  51   64 0.32
   2    2 0.81
  59   61 0.88
  51   62 0.51
  33   49 0.68
  66   66 0.87
  31   39 0.92
  67   77 0.70
  45   51 0.48
  27   48 0.08
  10   32 0.54
  57   58 0.64
  50   55 0.19
  70   85 0.80
   6   23 0.38
  16   29 0.72
  18   21 0.89
   6   19 0.38
  52   54 0.78
  17   35 0.72
  39   41 0.27
  47   54 0.80
  65   65 0.84
  38   57 0.91
  66   71 0.11
  19   20 0.60
  62   66 0.15
  52   70 0.68
  36   54 0.48
  55   70 0.25
  24   25 0.81
  28   31 0.58
  66   74 0.48
  61   74 0.25
  53   75 0.05
  13   27 0.69
  24   42 0.47
  16   30 0.25
  22   25 0.74
  24   26 0.96

  47   48 0.26
  48   63 0.94
  17   25 0.26
  18   31 0.28
  42   52 0.28
  21   24 0.42
  63   74 0.24
  43   48 0.25
  28   37 0.43
   6   11 0.94
  67   75 0.15
  23   26 0.98
  11   16 0.39
  70   74 0.41
  17   23 0.09
  64   83 0.62
  48   62 0.99
  67   85 0.17
  18   21 0.71
  64   82 0.64
  12   22 0.56
  15   33 0.65
   0   12 0.93
  36   56 0.51
  37   47 0.06
   4    7 0.48
   3    7 0.72
  37   38 0.75
  59   65 0.57
  31   46 0.72
  54   76 0.91
  26   42 0.18
  21   32 0.77
  35   46 0.09
  25   33 0.39
  38   47 0.23
  25   26 0.53
  24   35 0.71
   9   13 0.63
  44   46 0.99
  11   21 0.56
   1   19 0.17
  66   81 0.43
  23   40 0.09
   3   19 0.92
  56   58 0.88
  14   27 0.67
  36   41 0.48
  57   61 0.39
  18   38 0.60
  39   44 0.23
  70   76 0.15
  38   58 0.84
  17   27 0.53
   4    9 0.80
  63   80 0.24
  27   40 0.56
  28   37 0.33
  54   62 0.54
  68   81 0.48
  69   72 0.57
  30   32 0.60
  34   48 0.45
  65   80 0.95
  10   20 0.49
  61   76 0.81
  36   44 0.28
  39   59 0.87
   5    7 0.46
  21   36 0.51
  61   67 0.81
  62   78 0.10
  35   44 0.25
  20   32 0.27
  64   65 0.09
  31   36 0.08
  65   66 0.05
  47   56 0.28
  24   45 0.19
  27   29 0.01
  53   54 0.77
   8   28 0.35
  47   67 0.71
   8   21 0.91
  46   52 0.21
  46   46 0.96
  41   59 0.12
   5   25 0.07
   4   13 0.69
  34   49 0.01
  52   55 0.47
  11   19 0.46
  16   20 0.83
  10   17 0.06
  53   74 0.53
  43   45 0.06
  30   30 0.51
   9   14 0.09
  42   44 0.91
  46   52 0.62

