5 30 4
6   10  20   4  20   2   4

   7   35 0.15
  38   48 0.49
  59   71 0.54
  32   43 0.29
  19   20 0.24
  13   44 0.83
  45   80 0.14
  32   61 0.45
  47   63 0.49
  34   65 0.12
  57   78 0.83
  12   31 0.26
  48   57 0.37
  26   44 0.04
   5   31 0.72
  16   36 0.06
   9   26 0.34
  15   21 0.61
  43   84 0.99
  11   25 0.41
   6   24 0.05
  48   90 0.06
  43   71 0.93
  33   61 0.22
  56   56 0.63
  44   76 0.57
  10   26 0.52
  12   32 0.10
   3   11 0.08
   5   27 0.62

  65   72 0.89
  62   73 0.21
  31   35 0.08
  46   82 0.78
  23   41 0.63
  38   74 0.50
  58   87 0.24
  28   28 0.48
  40   74 0.27
  12   31 0.75
  33   72 0.15
  16   21 0.24
  53   85 0.65
   7   38 0.43
  61   79 0.82
   3    4 0.74
  50   62 0.31
  14   39 0.39
  28   45 0.08
  44   66 0.20
  54   98 0.80
  16   42 0.79
  52   86 0.01
   5   26 0.50
  65   68 0.34
  53   88 0.20
  56   84 0.52
  34   75 0.53
  46   51 0.32
  15   47 0.61

  59   99 0.16
  23   37 0.70
  42   62 0.38
  35   43 0.11
  34   73 0.13
  55   77 0.37
   3   19 0.46
  38   62 0.17
  66  103 0.38
  44   61 0.70
  28   39 0.64
  45   63 0.12
  18   58 0.37
  26   35 0.98
   4   47 0.81
  33   35 0.91
  65   69 0.62
  12   40 0.38
   9   13 0.32
  20   64 0.26
  63   90 0.49
  32   70 0.40
   1   25 0.61
  12   45 0.45
  31   42 0.95
   1   41 0.31
  39   68 0.06
   1    9 0.70
  24   60 0.14
  57   95 0.80

   7   33 0.62
  65   94 0.79
  56   73 0.91
  51   79 0.44
  26   34 0.28
  50   58 0.30
  60   89 0.64
   0   31 0.45
  29   59 0.36
   2    9 0.89
  37   42 0.63
  15   26 0.84
  23   24 0.93
  57   90 0.93
  38   61 0.81
  30   31 0.68
  25   29 0.55
  13   52 0.09
   8   16 0.42
  21   38 0.92
  21   27 0.70
  51   56 0.39
  61  102 0.57
  17   28 0.34
  66  110 0.27
  11   24 0.68
  24   64 0.92
   6   21 0.20
   2   44 0.37
  41   46 0.84

   9   39 0.94
  22   51 0.43
   5   45 0.35
  44   50 0.20
  63   97 0.51
  44   79 0.69
   4   20 0.65
  63   77 0.02
  21   64 0.22
  31   50 0.74
  53   65 0.40
  53   66 0.89
  11   45 0.73
  63  103 0.62
   2   39 0.02
  44   49 0.34
   0    2 0.02
  61   89 0.78
  27   61 0.13
  48   89 0.98
  16   56 0.27
  27   40 0.73
  38   40 0.22
   9   44 0.54
  33   46 0.20
  24   48 0.69
  37   72 0.98
  58   88 0.99
  30   32 0.34
   0    4 0.21

   3   27 0.05
  12   29 0.14
  48   61 0.90
   4   39 0.65
  14   23 0.39
  58   97 0.63
  64  105 0.54
  39   70 0.64
  49   73 0.30
  38   54 0.33
  39   43 0.76
  59   67 0.16
  21   30 0.56
  29   30 0.70
  64   90 0.49
  52   62 0.80
  35   78 0.26
   9   21 0.27
  21   37 0.12
  52   66 0.30
  54   94 0.40
   7   51 0.54
  49   75 0.96
  44   67 0.53
  47   66 0.52
  47   79 0.66
  17   35 0.54
   2    3 0.61
  22   29 0.25
  46   87 0.88

