4 40 4
6   16   4   2   2  16   2

  12   17 0.83
  19   58 0.65
  18   67 0.04
  37   39 0.10
  75  138 0.64
  40   79 0.62
  50   93 0.91
  15   70 0.85
  47   78 0.87
  15   86 0.18
  62   95 0.67
  25   72 0.82
  38   88 0.93
  29   99 0.28
  21   67 0.65
  62   62 0.95
  61   75 0.79
  52   74 0.85
  24   89 0.81
  52   68 0.90
   5   57 0.60
  61   74 0.75
  64   79 0.22
  77   90 0.57
  33   51 0.05
  58   80 0.09
  11   62 0.60
  54   97 0.78
   1    3 0.14
  70   93 0.19
   7   56 0.22
  76  107 0.83
  50  100 0.50
  70   91 0.99
  60  137 0.53
  70   76 0.57
   7    9 0.72
  33  103 0.96
  13   75 0.65
  25   67 0.67

  16   50 0.03
  11   52 0.13
  24   31 0.28
  39   51 0.84
  58   69 0.14
  46   71 0.09
  55   92 0.12
  68   81 0.73
  66   89 0.81
  47  104 0.93
  32   68 0.04
  51   85 0.84
  44   80 0.10
  28   63 0.17
  33   53 0.97
  39   41 0.93
  50   70 0.24
  35  110 0.76
  62   84 0.89
  26   70 0.83
  39   49 0.72
  15   29 0.30
  53   89 0.89
  33   72 0.53
  58   82 0.78
  19   50 0.20
  70   86 0.12
   4   39 0.22
  65  112 0.07
  13   30 0.95
  42   86 0.64
  63   63 0.09
  11   52 0.10
  15   21 0.95
  42  107 0.76
  60  116 0.22
  12   43 0.92
  58   63 0.53
  30   99 0.09
  54  104 0.01

  43  109 0.19
  23   77 0.83
  64  102 0.21
  49   49 0.81
  76  109 0.56
  10   87 0.40
  58   64 0.33
  33   76 0.45
  64  122 0.09
  57  103 0.92
  29   98 0.38
   6   34 0.72
  47  123 0.08
  75  111 0.77
  40   79 0.59
   6   63 0.10
  38   82 0.89
  72   94 0.66
  32   94 0.13
  36   52 0.24
  69  145 0.80
  23   89 0.32
  11   49 0.92
  28   99 0.01
  33   86 0.39
  61   97 0.42
  20   51 0.12
   1   65 0.84
  73  146 0.83
  54  108 0.21
  28   75 0.02
  76   81 0.69
  24   39 0.42
   6   59 0.12
  10   62 0.08
  72  124 0.87
  21   31 0.04
  25   52 0.76
  56  121 0.18
  42   91 0.37

  19   89 0.64
  52   71 0.32
  32  106 0.27
  53   70 0.72
   1   75 0.89
  43  100 0.68
  30  101 0.08
  76   99 0.54
  11   14 0.16
  43   99 0.15
  64   96 0.72
  28   84 0.61
  31   70 0.93
  42   91 0.93
  13   43 0.87
  67  117 0.97
  35   51 0.95
  25   48 0.70
  73  136 0.47
  28   51 0.41
  70   78 0.32
  29   43 0.96
   1    8 0.33
  53  115 0.19
  60   78 0.32
   8   84 0.75
  49   76 0.52
  21   84 0.51
  48   63 0.51
   8   74 0.06
  44  117 0.75
  70   93 0.55
  63   66 0.97
  12   72 0.81
   3   68 0.31
  38   99 0.29
  53  114 0.03
  46   77 0.93
  42  112 0.11
  72  111 0.12

  69  103 0.00
   3   35 0.47
  18   79 0.51
  47   73 0.03
   7   82 0.69
  50  125 0.25
   5   33 0.24
  18   40 0.10
  53   76 0.24
  23   85 0.93
  32   99 0.46
  68  141 0.74
  40   97 0.05
  75   99 0.46
  23   30 0.74
  49  112 0.96
  14   60 0.18
  59   99 0.01
  22   83 0.25
   8   52 0.73
  35   64 0.86
  64   80 0.01
  38   40 0.89
  33   73 0.73
   9   38 0.24
  41  117 0.90
  15   29 0.03
  37   87 0.61
  32   46 0.98
  58   95 0.30
  57  119 0.09
  76  151 0.73
  32   94 0.87
  17   48 0.40
  19   70 0.97
  65  127 0.71
  25   35 0.60
  54   73 0.53
  23   61 0.69
  50   80 0.16

  65   86 0.79
  53  118 0.65
  26   99 0.89
  62  122 0.44
  60   98 0.63
  52   68 0.60
   2   59 0.02
  18   70 0.36
  66   95 0.69
  36   92 0.56
  44   73 0.49
  22   59 0.93
  20   43 0.83
  11   86 0.49
  54  114 0.79
  26   72 0.33
  24   63 0.70
  65  123 0.47
  20   75 0.46
   4   61 0.33
  47  116 0.13
  63  112 0.79
  45   50 0.41
  40   49 0.90
   1    4 0.67
  15   65 0.16
  26   35 0.04
  62  113 0.28
  23   97 0.38
  52   53 0.63
  48   50 0.91
  33   49 0.18
  39  105 0.20
  10   84 0.77
   1    9 0.03
  30   92 0.85
  31   69 0.91
  64  140 0.13
  36   99 0.20
  45   80 0.70

