3 100 8
3   20  10   4

  14   81 0.84
  20   84 0.83
  13   28 0.53
  31   49 0.74
  17   32 0.58
  13   62 0.86
  10   28 0.57
   7    9 0.40
  22   88 0.14
  12   50 0.36
   0   15 0.26
   3   66 0.54
   1   47 0.54
  12   64 0.60
  27   59 0.53
   2   29 0.85
   5   24 0.03
  25   42 0.84
  31   99 0.98
  29   72 0.10
   5   19 0.30
  16   84 0.10
  22   61 0.57
  17   27 0.90
   5   64 0.50
  23   45 0.82
  30   94 0.29
   1   23 0.68
   9   19 0.91
  29   58 0.30
  17   43 0.88
  10   13 0.61
   0   58 0.70
  28   55 0.88
   0    3 0.96
  11   55 0.35
   9   49 0.66
  28   55 0.20
  13   52 0.80
  18   83 0.55
  23   32 0.80
   8   40 0.66
  28   40 0.86
  24   60 0.88
   2   25 0.98
  24   88 0.62
  10   34 0.23
  21   86 0.31
  15   58 0.73
  16   24 0.54
  30   78 0.32
  25   39 0.49
  11   56 0.59
   4   33 0.39
  11   71 0.61
  29   96 0.54
  13   39 0.94
  27   33 0.51
  13   80 0.95
   2   53 0.92
   5   47 0.98
  21   80 0.70
  15   48 0.58
   9   41 0.00
   7   62 0.81
   0   69 0.80
  24   81 0.59
  16   30 0.71
   4   57 0.58
  20   38 0.86
   2   21 0.58
  30   97 0.16
   0    2 0.27
  26   26 0.04
   2   24 0.99
  12   14 0.95
  19   25 0.99
  12   25 0.62
  29   96 0.35
  17   46 0.22
  21   90 0.75
   0   41 0.74
  20   69 0.46
  20   33 0.08
  14   52 0.55
  31   35 0.45
  28   38 0.15
   7   69 0.34
   0   56 0.12
  34   49 0.68
  32   94 0.71
  24   65 0.89
  34   37 0.12
  12   37 0.81
  25   43 0.21
   2   10 0.12
  25   89 0.57
  24   83 0.15
   6   13 0.06
  14   44 0.59

  30   74 0.46
  24   31 0.70
  11   13 0.79
  13   71 0.83
  32   59 0.38
  22   84 0.34
  10   42 0.95
   7   32 0.73
  30   62 0.39
  30   64 0.78
  30   95 0.96
  10   68 0.81
  19   80 0.46
   8   35 0.32
   8   30 0.72
  21   89 0.18
  18   36 0.72
  14   17 0.56
  18   27 0.53
  18   87 0.19
  31   72 0.33
  18   42 0.05
   1   59 0.33
   7   63 0.33
  30   57 0.31
  17   78 0.12
  29   85 0.42
  21   88 0.36
  11   32 0.62
  24   67 0.79
   0    5 0.01
  27   89 0.86
   4   38 0.89
  24   85 0.11
   5   60 0.52
  22   75 0.49
  28   38 0.24
  26   74 0.45
  29   61 0.34
  26   30 0.36
  16   63 0.40
  30   64 0.53
  23   47 0.30
   4   43 0.60
  31   37 0.82
  24   27 0.60
  33  102 0.11
  20   73 0.28
  24   77 0.08
   9   52 0.25
  21   73 0.59
   7   61 0.04
   6    6 0.17
  22   73 0.39
  11   66 0.29
  26   53 0.09
  26   59 0.04
   1   51 0.29
   3   59 0.08
   8   63 0.41
   1   20 0.59
  25   74 0.77
   7   43 0.81
  34   54 0.57
   3   35 0.24
  19   66 0.73
  28   50 0.40
  21   74 0.38
   4   21 0.92
   9   58 0.35
  25   57 0.14
  34   37 0.44
  21   45 0.71
  33   63 0.51
   4    7 0.86
  18   66 0.80
  22   56 0.43
  27   69 0.27
  24   40 0.66
   9   39 0.98
  14   55 0.04
  13   45 0.58
  27   32 0.71
  31   70 0.43
   2   64 0.84
   8   42 0.84
  19   72 0.76
   7   57 0.91
  13   46 0.87
  30   31 0.61
  20   44 0.59
   0   10 0.30
  20   34 0.37
  12   67 0.45
   2   61 0.85
   7   47 0.59
  20   20 0.67
   8   70 0.44
   1   56 0.23
  27   46 0.73

  28   96 0.07
   0   48 0.42
  21   67 0.05
  16   42 0.10
  16   38 0.79
  13   27 0.64
  31   33 0.27
  19   88 0.61
  28   80 0.49
  24   87 0.75
   0   58 0.09
  18   42 0.07
  14   78 0.48
  27   77 0.25
   8   72 0.83
  27   35 0.60
  31   86 0.13
  34   52 0.70
   2    7 0.93
  20   71 0.31
  31   77 0.83
  34   71 0.97
   4   52 0.52
  30   98 0.72
  21   55 0.81
  24   62 0.67
  32  100 0.85
  23   65 0.29
  22   68 0.10
  24   57 0.36
  29   51 0.38
  15   61 0.43
   9   42 0.01
   4    7 0.44
   7   36 0.10
  34   49 0.30
  13   23 0.90
  17   48 0.04
  13   62 0.73
   9   66 0.86
   3   18 0.47
  17   22 0.57
   8   63 0.85
  33   68 0.80
  34   86 0.72
  28   60 0.48
  23   87 0.03
  17   27 0.44
  25   61 0.82
   9   19 0.91
   7   76 0.36
  26   54 0.97
  29   54 0.74
   5   30 0.07
   1   65 0.65
  22   81 0.98
  24   88 0.68
   2    9 0.64
  26   87 0.62
  14   54 0.82
   9   76 0.25
  22   56 0.17
   8   20 0.04
  19   49 0.35
  21   37 0.62
   2   59 0.27
  25   29 0.06
  17   63 0.43
  33   83 0.06
  26   28 0.43
  32   44 0.28
  28   94 0.72
  32  100 0.83
   6   34 0.98
  15   76 0.73
  27   71 0.96
  10   33 0.88
   8   19 0.77
  19   27 0.97
   6   42 0.47
  18   34 0.29
  16   32 0.89
  21   40 0.66
  28   77 0.71
   0    0 0.18
  22   71 0.29
  32   67 0.01
  13   26 0.77
  15   18 0.09
  19   26 0.30
   6   37 0.63
  16   51 0.87
  11   69 0.27
   4   70 0.83
  27   85 0.61
  10   31 0.70
  20   79 0.10
  28   78 0.50
  12   34 0.68
  11   28 0.77

