3 20 4
12   10  10   2  20  10  16  10   2  16  10   4  20

  25  100 0.70
   4  110 0.27
  16   84 0.85
  37   61 0.09
  14   92 0.36
  41   48 0.03
  15   60 0.14
  28  108 0.95
  30   87 0.24
  38  138 0.82
  40  100 0.77
  33   48 0.57
  44  141 0.14
  50  145 0.11
   1   69 0.99
  47  100 0.09
  37   51 0.77
   2   24 0.92
   3   76 0.26
  51   63 0.84

  28  126 0.92
  14   22 0.72
   1   49 0.36
  19   60 0.95
   8   56 0.44
  52  143 0.13
  35  125 0.97
  49  130 0.11
  32  112 0.83
  47   98 0.22
   9  109 0.97
  51   68 0.82
  22   33 0.59
  44  110 0.84
  25  114 0.20
  24   24 0.95
   0  106 0.50
  50  150 0.25
  51   96 0.06
  20   41 0.59

  17   31 0.93
  20  113 0.37
  49  138 0.33
  35  127 0.08
  50   77 0.19
   3   88 0.73
  38  110 0.44
  28   35 0.03
  11  104 0.16
  38   90 0.20
  41   90 0.63
  26   54 0.33
  37  104 0.90
  26  128 0.12
  12  116 0.85
  34   60 0.11
  27  122 0.06
   8   45 0.17
  19   64 0.03
  26   87 0.17

  22   31 0.06
  33   90 0.33
  42  129 0.54
  23   46 0.87
  39  106 0.06
   2   78 0.45
   0   50 0.11
  35  110 0.70
   8   12 0.97
  38   55 0.82
  47  115 0.65
   8   79 0.72
  10   47 0.90
  40   98 0.90
  18   27 0.15
  17   54 0.80
  49   50 0.07
  32   53 0.83
   3   59 0.30
  36  130 0.89

  23  127 0.73
  26   89 0.64
  16   24 0.66
   7   59 0.93
  47  129 0.87
  36  141 0.08
  32   59 0.93
   7   39 0.15
   2   57 0.40
   9   63 0.41
  37   71 0.80
  47   69 0.92
  49   79 0.56
  23   28 0.22
  39  101 0.93
  31   39 0.71
  49   92 0.54
  12   54 0.54
  11   53 0.67
   8   97 0.72

  14   32 0.20
  53  140 0.39
  30   47 0.56
  31  138 0.83
  33  130 0.98
  49  154 0.73
  32   73 0.08
  53  100 0.36
  45  133 0.80
  31  106 0.32
  23   36 0.91
  36   68 0.49
  43  122 0.14
  19   82 0.89
  25   88 0.42
   0   45 0.34
  30  126 0.26
  15   42 0.52
  32   49 0.00
  19   26 0.37

  41   75 0.73
  35  101 0.15
  28   61 0.59
  46   97 0.87
  14   95 0.88
  18   21 0.20
  11   77 0.01
  50   62 0.82
  18   89 0.28
  15   49 0.25
   0    5 0.92
  50   67 0.39
  40   58 0.59
  46  119 0.75
  49   54 0.58
  36   56 0.62
  18   42 0.90
  18   94 0.20
   8   31 0.28
  49   67 0.16

  11   59 0.48
   1    9 0.90
  45   74 0.37
  22  119 0.24
  52  150 0.97
  25   53 0.91
   8   33 0.22
   8   90 0.38
  31   40 0.84
  13   67 0.11
   2   94 0.60
  38   63 0.28
  32   46 0.17
  31  120 0.39
  36  140 0.69
  53   58 0.94
   1   69 0.58
   0   48 0.40
  46   88 0.79
  49  142 0.88

  33   40 0.10
  36   54 0.36
  52  108 0.50
  48  143 0.21
  15  105 0.63
  43  101 0.19
  21  107 0.29
  22   61 0.06
  15  119 0.53
  49  107 0.60
  16   66 0.83
  36  125 0.32
  19   43 0.87
  22  116 0.09
  42  120 0.90
  14   52 0.15
  34   86 0.94
  14   20 0.93
  14   24 0.35
  50  115 0.20

   6    6 0.43
   3   24 0.73
  32   58 0.99
  47   62 0.96
  35   39 0.40
  40  127 0.10
  31   84 0.35
  47   70 0.81
  25  117 0.98
  16  106 0.41
  53   63 0.71
  26   62 0.49
   5   63 0.34
  49  153 0.27
  20   26 0.32
   4    9 0.41
  29   81 0.47
  21  105 0.14
  14  108 0.03
   3  107 0.04

  40   66 0.63
  31   69 0.92
  43   46 0.44
  52   84 0.72
  48   98 0.76
  32   59 0.26
   9   65 0.84
   7   14 0.40
  30  108 0.31
  30   44 0.92
  51  141 0.73
  34   44 0.08
  40   67 0.90
  14   77 0.08
  49  103 0.59
  38   73 0.73
  22   86 0.27
  40  113 0.92
  38  133 0.06
  37  135 0.20

  12   21 0.37
  37   52 0.68
  31   97 0.33
  25   61 0.17
   4   13 0.20
   6   45 0.43
  18   33 0.28
  22   30 0.95
  32   52 0.67
   5   43 0.21
  45   46 0.25
  53   71 0.30
  31  121 0.84
  45   59 0.45
   5    6 0.44
  21   81 0.96
  31   31 0.31
  48  125 0.25
   1   42 0.96
  11   30 0.49

