5 60 8
3    4   2  16

  22   35 0.96
   7   20 0.15
  21   28 0.08
  12   20 0.28
   4   19 0.37
  18   27 0.14
  14   18 0.80
   3    7 0.97
   9   10 0.51
  10   15 0.93
  17   24 0.17
  10   20 0.74
  13   14 0.09
   9   24 0.55
  12   27 0.73
   7   15 0.04
  17   18 0.49
  16   25 0.72
   2    8 0.34
   1   11 0.77
  10   23 0.00
   1   16 0.87
  10   12 0.14
  16   26 0.96
  23   35 0.23
  14   23 0.08
   9   24 0.25
   1    8 0.10
  12   16 0.16
  18   19 0.29
   9   20 0.52
  18   23 0.72
   7   11 0.49
  15   21 0.02
   3    5 0.60
   3    8 0.50
  18   31 0.39
  15   17 0.65
  11   22 0.76
  23   28 0.83
   9   10 0.33
  23   31 0.07
   2    4 0.14
  17   27 0.52
   7   21 0.26
   0    1 0.93
  17   25 0.03
   2   15 0.81
  19   32 0.81
   9   16 0.78
  11   20 0.24
  10   13 0.93
   7   13 0.96
  18   21 0.78
   3   15 0.36
  21   21 0.06
   4   11 0.07
   2    6 0.63
  15   15 0.20
   0   14 0.74

  23   28 0.82
   4    5 0.86
   5   10 0.95
  21   31 0.20
   8   10 0.24
   6    6 0.80
   5   15 0.31
  11   26 0.14
  20   20 0.74
  10   17 0.34
   6   12 0.86
  18   24 0.50
  16   21 0.20
   0    2 0.74
  20   28 0.45
  22   35 0.91
   9    9 0.38
  12   17 0.15
   2    4 0.25
   2    9 0.17
   1   12 0.94
   5    8 0.11
  12   16 0.46
  16   20 0.12
  12   14 0.77
   6   21 0.71
  23   29 0.41
   5    7 0.45
  19   22 0.31
  16   19 0.27
  20   28 0.93
  18   22 0.54
  23   29 0.39
   0   15 0.11
  10   24 0.51
   9    9 0.67
   2   17 0.02
   4    8 0.53
  11   17 0.46
   5   19 0.93
  18   20 0.75
  12   12 0.08
  17   29 0.52
  22   37 0.98
  14   20 0.19
  16   27 0.49
  17   17 0.42
  19   30 0.98
  13   27 0.10
  13   16 0.80
   0    6 0.96
  16   16 0.09
  12   16 0.35
   4    8 0.90
   4   19 0.13
   3   10 0.93
   8   16 0.83
  12   24 0.73
   6   13 0.01
  18   26 0.41

  20   27 0.88
  15   28 0.92
  22   37 0.80
  23   23 0.98
   5   20 0.43
  11   14 0.31
  23   34 0.19
   7    7 0.54
  11   14 0.23
  11   19 0.89
  12   27 0.73
  16   26 0.62
  18   28 0.57
   5   10 0.48
  10   16 0.45
  17   24 0.20
  17   30 0.35
   5   17 0.21
   7   10 0.77
   6   18 0.89
  18   18 0.90
  18   21 0.90
  18   30 0.92
  13   27 0.36
  11   12 0.77
  23   26 0.28
  13   16 0.75
  19   21 0.60
  19   34 0.71
  13   13 0.01
   0    7 0.13
  19   28 0.47
   0   13 0.29
   8   19 0.05
  22   34 0.89
  15   26 0.22
  16   24 0.04
   8   14 0.92
   5   12 0.25
   8   11 0.03
   6   12 0.30
   0    6 0.47
   1   13 0.85
  11   21 0.33
   6    6 0.17
  12   27 0.30
  18   29 0.53
   5   13 0.24
  11   11 0.72
  15   27 0.34
  15   23 0.30
  17   24 0.49
   9   23 0.41
  19   33 0.27
   2   13 0.18
  23   33 0.34
   6   14 0.31
  14   20 0.69
  21   29 0.93
   8   22 0.45

