3 60 8
3   16  10   4

  20   73 0.01
  38   45 0.47
  20   49 0.04
  17   29 0.98
  18   44 0.76
  38   66 0.94
  45   68 0.47
  40   74 0.60
  52   86 0.87
   4   44 0.37
   0    9 0.94
  52   88 0.47
   4   41 0.85
  55  100 0.57
  34   69 0.42
   5   42 0.12
   5    7 0.57
  36   59 0.88
  32   70 0.72
  28   68 0.78
  24   29 0.30
  42   81 0.77
  49   67 0.84
  38   56 0.94
  32   39 0.13
  22   59 0.89
  46   71 0.18
  22   48 0.98
  43   78 0.96
  16   35 0.30
   1   53 0.06
  33   54 0.88
  12   26 0.36
  13   52 0.02
  44   81 0.61
  36   82 0.77
  30   45 0.93
  55   79 0.90
  11   40 0.44
  24   60 0.58
  27   66 0.97
  10   54 0.71
  35   42 0.41
  10   63 0.33
  53   80 0.19
  40   49 0.89
  51   95 0.00
  52   88 0.75
  51   75 0.93
   8   10 0.75
  27   44 0.04
  32   47 0.49
   8   14 0.36
  19   63 0.71
  52   98 0.95
  55   90 0.73
   0   32 0.87
  48   88 0.02
  16   65 0.58
  29   56 0.71

  44   47 0.34
  48   83 0.38
   3   46 0.53
  31   84 0.92
   7   21 0.96
   4    7 0.55
  50   75 0.49
  32   47 0.62
  41   50 0.27
  37   65 0.71
  50   79 0.87
  48   58 0.24
  27   28 0.94
   5   49 0.54
  10   56 0.13
  38   90 0.19
  51   54 0.71
   5   31 0.92
  53   59 0.38
  32   76 0.25
  41   64 0.59
  31   36 0.00
  26   69 0.47
   9   26 0.86
   3   58 0.63
  37   57 0.45
  53   94 0.88
   3   46 0.76
  30   31 0.29
  50   51 0.36
  43   73 0.20
  21   43 0.64
  53   71 0.11
  23   42 0.58
  26   64 0.20
  14   41 0.90
  54   57 0.50
  49   85 0.70
  54  102 0.65
  43   67 0.48
  26   42 0.85
  10   65 0.37
  19   35 0.24
  46   64 0.30
  52   59 0.11
  12   17 0.88
  38   93 0.82
  48   81 0.92
  53   91 0.23
  22   47 0.94
  38   63 0.53
  17   70 0.45
  15   24 0.26
  16   33 0.11
  19   24 0.57
  13   44 0.47
  24   42 0.03
   9   48 0.00
  12   38 0.15
  26   28 0.44

  24   58 0.99
   4    5 0.97
  55   95 0.86
  47   49 0.43
  30   61 0.70
  39   92 0.64
  11   49 0.23
   7   36 0.18
  40   55 0.45
  52   61 0.82
  42   92 0.96
  23   56 0.51
   1   13 0.08
  19   68 0.19
  37   59 0.79
  20   49 0.17
   6    7 0.31
   0   17 0.85
  15   56 0.80
  16   52 0.97
  51   63 0.48
  42   70 0.54
  30   34 0.83
  31   37 0.24
   3   55 0.23
   4    9 0.71
   7   46 0.51
  30   71 0.42
  47   85 0.43
  55   69 0.96
  25   43 0.72
  52   59 0.84
   9   28 0.36
  39   54 0.37
  43   76 0.02
  51  100 0.94
  24   28 0.56
  53   54 0.97
  17   67 0.22
   0   36 0.17
  21   45 0.50
   6   56 0.81
  20   61 0.85
  50   84 0.76
  46   84 0.35
  19   37 0.07
  10   56 0.52
   8   19 0.96
   2   33 0.55
   1   32 0.07
  13   66 0.27
  55   67 0.60
   6   28 0.29
  33   87 0.58
  47   54 0.41
  26   50 0.85
  31   81 0.54
  18   68 0.54
  14   46 0.67
  34   48 0.34

