3 25 8
12   10   4   4  20  10   2  16  10   2  20   2  16

  13   29 0.19
  22   57 0.27
  21   52 0.29
  11   39 0.38
  18   54 0.09
  16   73 0.72
  15   48 0.04
  20   77 0.16
  27   85 0.08
  15   47 0.74
  29   49 0.98
  15   42 0.06
  24   77 0.64
   1    3 0.29
   8    9 0.09
  17   45 0.19
   6   18 0.83
  27   27 0.78
  29   50 0.56
  28   77 0.32
  27   59 0.95
  24   36 0.27
   1   52 0.95
  25   59 0.13
  13   60 0.95

  14   45 0.87
  25   66 0.62
  20   33 0.47
   1    1 0.56
   5   56 0.29
  15   23 0.46
  22   27 0.37
  26   75 0.90
   3   58 0.71
  29   47 0.40
  11   40 0.78
  23   49 0.17
  16   69 0.41
  11   16 0.09
   3   48 0.02
   0    3 0.18
  25   53 0.39
  17   40 0.89
  16   59 0.71
  24   83 0.79
   8   18 0.56
   3    6 0.35
  29   39 0.78
  29   35 0.82
  16   72 0.68

  18   19 0.20
  13   37 0.54
   3   39 0.56
  17   49 0.21
  23   36 0.64
   0   53 0.57
   2    9 0.79
   2   48 0.40
   2   38 0.22
   7   18 0.81
  14   34 0.35
  20   30 0.68
  10   37 0.22
  11   34 0.29
  26   51 0.78
  28   49 0.64
   8   37 0.52
  17   65 0.20
   8   18 0.11
   7   33 0.73
   2   13 0.66
  16   68 0.97
  21   22 0.75
  20   39 0.43
  27   62 0.39

  26   74 0.28
  29   31 0.32
  15   32 0.09
  21   78 0.71
  19   38 0.20
  17   32 0.01
   6   51 0.18
   0   44 0.58
  10   36 0.90
  16   35 0.99
  19   26 0.02
  16   49 0.64
  28   77 0.17
   2   23 0.43
  10   49 0.92
   9   61 0.88
   2   23 0.55
  23   39 0.68
   3   13 0.05
  10   13 0.40
  29   42 0.63
  29   38 0.63
  24   43 0.97
  28   51 0.85
  19   66 0.00

   5   26 0.08
  13   52 0.85
   5   41 0.95
  29   88 0.61
  14   14 0.87
   1   10 0.49
   4   25 0.28
  28   54 0.93
  27   29 0.91
  22   44 0.11
  21   33 0.16
  27   55 0.21
  26   26 0.50
  22   48 0.04
  27   46 0.52
  16   34 0.12
   8   16 0.45
  19   22 0.42
  18   58 0.52
  23   77 0.27
  21   78 0.65
  26   70 0.06
  13   46 0.89
   9   25 0.37
  26   39 0.43

  28   69 0.75
  17   56 0.91
  26   69 0.77
  15   20 0.45
   6   12 0.27
   2   58 0.82
   7   58 0.90
  24   55 0.66
  25   29 0.76
  28   55 0.92
  11   32 0.38
  24   58 0.46
  19   62 0.18
  29   52 0.95
  26   58 0.18
  20   74 0.92
   1   49 0.07
  26   81 0.52
   8   29 0.78
  26   27 0.52
  18   75 0.99
  27   44 0.47
   8   57 0.64
  15   36 0.88
   2   61 0.70

  16   68 0.32
   6   16 0.46
  26   32 0.20
  10   54 0.75
  19   38 0.13
  16   67 0.03
   5   36 0.81
   8   10 0.91
   4   27 0.41
  13   34 0.98
   8   17 0.77
  14   48 0.45
  27   28 0.89
   6   40 0.06
  15   55 0.48
   8   53 0.63
   7   15 0.97
   8   36 0.01
  11   44 0.97
  10   29 0.09
  22   77 0.78
  29   31 0.68
  12   35 0.12
  16   45 0.85
  29   80 0.01

  10   27 0.81
  29   42 0.55
   0   33 0.11
   7   29 0.47
  15   65 0.98
  11   27 0.55
   5   48 0.90
   9   49 0.15
  19   29 0.90
  28   66 0.25
   7   18 0.59
  20   75 0.76
   3   22 0.02
   2   20 0.41
  26   43 0.20
  24   56 0.04
  29   54 0.10
  26   78 0.65
  15   23 0.72
  29   85 0.72
  29   57 0.36
  12   32 0.82
  16   54 0.78
   9   20 0.97
  23   23 0.08

  29   88 0.07
  20   27 0.15
  14   35 0.71
  11   44 0.45
  27   73 0.26
  13   61 0.16
   5   59 0.33
   8   29 0.43
  13   31 0.91
   7   25 0.07
  11   33 0.51
   8   22 0.38
   2   48 0.47
  15   50 0.57
   2   55 0.31
  20   65 0.98
  29   56 0.26
   8   57 0.17
  11   19 0.21
   1   48 0.24
   7   28 0.19
  19   64 0.75
  24   69 0.37
  10   56 0.20
   3   51 0.04

  20   58 0.96
   2   17 0.28
  19   19 0.44
  17   75 0.04
   1   40 0.32
  20   53 0.26
  20   54 0.48
   0   26 0.60
  27   44 0.95
  27   34 0.03
  10   47 0.26
   3   48 0.83
  24   76 0.57
  20   66 0.58
   4   60 0.68
  13   35 0.49
  10   38 0.60
  12   62 0.57
   7   48 0.52
  14   45 0.98
   2   25 0.44
   6   39 0.46
  26   74 0.36
  19   77 0.14
   8   18 0.74

  19   49 0.58
   5   45 0.35
  11   53 0.48
   5   53 0.52
   1   59 0.08
  22   44 0.98
   4   15 0.71
   5   59 0.36
  13   19 0.85
   5   16 0.98
  12   48 0.51
  20   20 0.21
  11   60 0.22
  15   61 0.30
  10   32 0.29
  23   82 0.38
   1   36 0.57
  27   80 0.96
  16   28 0.65
  23   30 0.11
  13   36 0.68
  24   43 0.17
  21   63 0.65
  20   35 0.05
  13   18 0.51

  18   40 0.81
  18   41 0.14
   2   13 0.70
  25   44 0.77
  26   64 0.59
   8   51 0.41
  22   36 0.17
   5   51 0.17
  15   33 0.01
   3   54 0.95
  15   52 0.94
   4   43 0.65
  23   44 0.63
  21   39 0.32
   1   32 0.76
   8   48 0.94
   6   39 0.42
  24   48 0.95
  28   81 0.58
  19   38 0.42
  21   60 0.52
   3   20 0.37
  20   67 0.36
  27   28 0.51
  10   60 0.45

