4 100 8
3   16  10  16

  21   47 0.69
   6   28 0.32
  27  122 0.04
  26  108 0.01
  30   93 0.29
  31  113 0.49
  18   55 0.28
   1   57 0.11
   1   40 0.32
   8   51 0.16
  30   88 0.32
   5   31 0.89
  21   74 0.89
  18   98 0.64
  28   99 0.16
   8  100 0.79
  23   42 0.25
  24   65 0.37
  11   43 0.85
  12   14 0.01
  18   40 0.31
  25   95 0.90
  21   78 0.80
  13   28 0.31
  12   30 0.84
  21   21 0.53
  31   71 0.32
  28   34 0.05
  20  101 0.50
   7    8 0.18
  19   90 0.47
  30  101 0.69
  10   81 0.40
   3   93 0.43
  13   58 0.48
   4   74 0.48
  15   30 0.28
  16   60 0.75
   5   37 0.61
  12   57 0.01
  14   28 0.68
   7   59 0.09
  28  104 0.82
  25   61 0.84
  11   69 0.22
  13   93 0.10
  10   38 0.66
  15  107 0.03
  10  107 0.26
  13   41 0.81
   6   63 0.25
  17   25 0.43
   2   35 0.20
  26   63 0.34
  22  105 0.90
  31  125 0.53
   3   71 0.62
   4   91 0.50
  25   35 0.74
  10   34 0.02
   4   86 0.23
  25  118 0.62
  19   21 0.52
  26   55 0.64
  17   56 0.66
  31   45 0.95
  24   35 0.91
   3   47 0.58
  21   31 0.29
  15   40 0.72
  28   71 0.45
   3    8 0.06
   4   10 0.81
  20  102 0.00
  25   73 0.93
  31   64 0.25
  11   47 0.01
   4   51 0.14
   2    2 0.65
  31   36 0.55
  27  114 0.74
  30   84 0.22
   7   11 0.40
   7   55 0.24
  19   87 0.42
   5  101 0.22
   8  100 0.79
  24   94 0.55
  13   92 0.08
  28   52 0.21
  31   99 0.37
   7   76 0.09
  11   30 0.31
   3   11 0.79
   9   38 0.54
  28   95 0.16
   2   72 0.05
  18   60 0.22
  21  107 0.89
  14  104 0.48

   7   97 0.11
  20   48 0.96
  15   36 0.80
  29   42 0.34
  25  117 0.06
   5   86 0.73
  14   97 0.66
  16   57 0.44
  14   47 0.24
  15   62 0.62
  28   40 0.92
  16   88 0.48
   2   94 0.27
   1   28 0.94
   5   95 0.11
   5   26 0.69
  29   39 0.58
  18   99 0.81
   3   80 0.50
  16   73 0.59
   3   50 0.14
  21  107 0.99
   8   18 0.30
  10   72 0.13
   1   82 0.98
  29   40 0.18
  13   79 0.49
  27   90 0.68
  21   78 0.55
  20   92 0.98
  26   56 0.15
  29  118 0.78
  30   64 0.78
  23   71 0.19
  23  119 0.34
  18   51 0.25
   6   58 0.23
  20   81 0.13
  17   98 0.49
   3   98 0.49
  13   31 0.14
   6   31 0.96
  16   38 0.60
  27   93 0.59
  23   62 0.87
  16   95 0.39
  24   63 0.38
   4    4 0.10
  23   91 0.14
  25   66 0.99
  29   39 0.67
   1    8 0.18
  29   43 0.44
   8   57 0.54
  13   89 0.72
  11   95 0.48
  29  126 0.77
   0   30 0.77
  23   91 0.00
  16   57 0.26
   2   89 0.50
  29   81 0.30
   1   88 0.92
   9   50 0.56
  18   44 0.89
  16   37 0.70
  10   86 0.37
  27   85 0.10
   3   13 0.16
  24  111 0.75
  28   97 0.69
  17   51 0.63
  30  101 0.15
   1   18 0.12
  23   95 0.48
  24   67 0.21
  17   21 0.28
   2   25 0.69
  25   58 0.32
  27   56 0.27
  26   51 0.15
  18   92 0.08
  16  113 0.31
   1   84 0.12
  18  103 0.38
  11  104 0.60
   4   83 0.04
   4   35 0.56
  25   58 0.06
   2   66 0.83
   0   25 0.67
  19   46 0.24
   0   62 0.04
   5   11 0.98
   2    9 0.57
  10   42 0.66
  27   74 0.62
  23   92 0.28
   3   84 0.92
  16   17 0.22

   7   52 0.45
   8   86 0.51
   7   45 0.39
  18   20 0.19
  25   68 0.63
  25  119 0.89
   8   92 0.33
  30  113 0.01
   9   17 0.32
  15   37 0.62
  31   76 0.54
   3   64 0.75
  31  103 0.94
  21  109 0.69
  20   62 0.06
   8   86 0.52
  28  116 0.08
  23  109 0.61
   7   94 0.09
  11   45 0.27
  11   65 0.87
  28   39 0.37
  31  111 0.79
  27  122 0.91
   8   10 0.04
   5   55 0.51
  19   79 0.62
  23  109 0.03
  17   38 0.40
   4   99 0.26
  23  102 0.61
   8   70 0.81
  12   96 0.42
  30   62 0.69
   9   11 0.54
  29   87 0.94
  24  109 0.85
   4   95 0.27
  27   45 0.26
   6   75 0.58
  23   60 0.22
  14   94 0.68
   2   14 0.16
  20  109 0.92
  28   91 0.69
  26   40 0.89
  31   72 0.23
  15   32 0.08
  17  105 0.74
   4    9 0.04
  14   16 0.92
  24   95 0.27
  12   74 0.38
   7  102 0.37
  13   64 0.28
   0   83 0.15
  18   34 0.74
  19   59 0.40
  14   27 0.10
   9   43 0.40
  11   85 0.87
  15   36 0.83
   0   10 0.41
  28   72 0.39
   8   27 0.83
  17  110 0.62
  26   67 0.91
  11   38 0.77
  17   37 0.00
  27  112 0.14
   8   27 0.68
   8   29 0.79
  19  116 0.94
  25   94 0.74
  26  122 0.77
   5   93 0.20
  10   35 0.18
  25   85 0.33
  11   58 0.79
  14   75 0.10
  10   30 0.32
  11   91 0.37
  15   57 0.37
   4   59 0.01
  19   19 0.41
  25   36 0.94
   1   10 0.37
  28  107 0.84
  22   56 0.13
   8   32 0.85
  10   10 0.18
  23   68 0.29
   2    3 0.27
  16   27 0.39
  21   50 0.27
   3   99 0.76
  20   34 0.80
  25   56 0.97
  18   79 0.41
  19   97 0.71

