3 80 8
3    2  10   4

  38   41 0.49
  37   42 0.38
  17   20 0.99
  13   25 0.89
  26   28 0.26
  20   30 0.07
  25   31 0.65
  16   26 0.10
  17   22 0.82
  26   27 0.94
  12   16 0.58
  16   28 0.23
  32   38 0.58
  37   41 0.12
  31   42 0.53
  26   28 0.63
   6   11 0.57
  20   21 0.53
   8   18 0.14
   1   11 0.60
   7   14 0.03
  10   18 0.24
  20   30 0.40
  34   44 0.53
  16   26 0.44
   6   16 0.16
  35   39 0.04
  17   24 0.98
  13   16 0.01
  28   37 0.06
  18   26 0.33
  20   30 0.07
  22   27 0.66
   3    9 0.21
   0    4 0.56
  20   24 0.75
  36   39 0.86
  10   19 0.27
   4   11 0.53
  37   38 0.60
  14   19 0.15
  26   32 0.26
  35   38 0.94
  30   38 0.78
  27   30 0.02
  28   30 0.72
  20   24 0.22
   2   14 0.40
  25   29 0.17
  29   36 0.20
  15   16 0.80
  32   36 0.15
  21   32 0.37
  12   16 0.01
  17   26 0.46
  10   12 0.79
  13   25 0.15
  20   31 0.02
  36   36 0.44
  25   26 0.82
  12   17 0.34
   0    4 0.26
  32   42 0.34
   6   14 0.10
  25   29 0.59
  17   28 0.17
  15   22 0.14
   7   14 0.21
  22   33 0.76
  28   40 0.28
  38   50 0.33
  29   37 0.51
  18   30 0.46
  25   34 0.90
  36   37 0.68
  15   26 0.80
  37   41 0.29
   8   19 0.91
  12   14 0.08
  14   17 0.19

  32   42 0.64
  18   23 0.87
  33   43 0.59
  10   12 0.06
  24   26 0.49
  24   25 0.47
  35   45 0.38
   0   12 0.36
  11   16 0.31
  14   21 0.16
  18   27 0.31
  24   29 0.48
  17   29 0.14
  25   32 0.29
   8    8 0.48
  30   32 0.43
  24   26 0.59
  19   26 0.70
  16   25 0.28
  13   23 0.51
  29   32 0.00
  13   20 0.77
  12   18 0.01
  15   23 0.93
   0    7 0.17
   4   15 0.88
   0   10 0.69
  19   26 0.85
  36   38 0.89
  38   42 0.19
  32   39 0.85
  24   32 0.24
  33   34 0.95
   8   18 0.93
  36   44 0.18
   7   15 0.55
   1    3 0.44
  24   35 0.33
  30   38 0.39
   1    4 0.41
  38   45 0.80
   3   15 0.05
   4   15 0.84
  35   38 0.33
  38   50 0.83
  26   36 0.18
   1   13 0.56
  36   41 0.17
  31   40 0.54
  29   29 0.81
   4   12 0.14
  21   27 0.87
   5   14 0.35
   5   14 0.82
  31   42 0.32
  20   25 0.07
  36   41 0.61
  24   32 0.82
  26   38 0.52
  26   32 0.04
  25   33 0.40
  29   31 0.42
  24   33 0.70
   8   14 0.22
  19   20 0.24
  22   29 0.95
  11   23 0.26
  34   38 0.80
  34   37 0.04
  13   18 0.99
   9   18 0.83
   9   15 0.86
  13   21 0.74
  28   37 0.70
  23   32 0.28
   4    7 0.97
  36   37 0.15
   7   17 0.97
  24   36 0.50
  25   26 0.94

  25   27 0.60
  23   28 0.01
   8   17 0.94
  20   30 0.12
  35   39 0.31
  23   30 0.88
   2   13 0.22
  13   13 0.57
   8    9 0.03
   8   11 0.48
  26   26 0.42
  22   28 0.51
  26   26 0.16
   7   15 0.52
   5   17 0.66
  20   29 0.99
  29   36 0.97
   0    1 0.07
  15   18 0.19
  15   17 0.94
  19   27 0.50
  28   32 0.26
  19   22 0.86
  13   14 0.74
   0    3 0.49
   8   14 0.34
   3   14 0.82
   5    9 0.32
  24   29 0.00
  36   37 0.06
  28   36 0.41
  36   39 0.72
   9   11 0.81
  31   41 0.03
   3    9 0.45
   6   12 0.65
  32   33 0.81
   3   13 0.37
   4   15 0.81
  35   42 0.54
  17   23 0.58
  15   23 0.16
  13   24 0.91
  23   29 0.92
   3    5 0.87
   8    8 0.39
   4    4 0.23
  22   26 0.41
  33   36 0.12
  14   14 0.92
   3   15 0.60
  25   35 0.04
  32   36 0.11
   7   19 0.93
  11   12 0.85
   4    5 0.91
  36   36 0.33
   1   11 0.69
  17   27 0.35
   8   15 0.22
  11   22 0.29
  38   47 0.26
   1   13 0.86
  22   30 0.04
  29   37 0.45
  34   45 0.10
  27   28 0.22
  32   41 0.87
  15   20 0.18
   8   16 0.16
   6   16 0.30
  32   39 0.19
   1   11 0.97
   1   12 0.72
   0    1 0.50
  31   41 0.64
  21   33 0.03
  20   25 0.01
  28   30 0.05
  14   23 0.57

