3 30 4
6    4   2   4  10  10  20

  55  113 0.02
  53   93 0.26
   2   49 0.85
  10   62 0.76
  27   62 0.83
   2   60 0.01
  54   67 0.07
  26   85 0.79
  61  115 0.42
  26   40 0.09
  16   36 0.34
  61  118 0.42
  56   89 0.42
   0   14 0.62
   7   42 0.26
  55  105 0.55
  52  106 0.94
  48   68 0.57
  41   81 0.70
  28   82 0.96
  50   63 0.83
  17   18 0.85
  38   62 0.67
  55   96 0.55
  26   58 0.71
  11   32 0.81
  61   96 0.10
  27   43 0.04
  24   60 0.79
   3   25 0.11

  40   62 0.31
  31   58 0.99
  14   18 0.15
   9   70 0.17
  32   85 0.43
  41   60 0.96
  16   21 0.69
   9   21 0.90
  61  106 0.63
  27   87 0.96
  37   43 0.56
  41   73 0.76
  36   82 0.61
  61   79 0.04
  27   66 0.23
   8   44 0.60
  15   38 0.82
  51   58 0.80
  51   64 0.33
   5   33 0.05
   1   10 0.45
  51  108 0.69
  59   91 0.73
  17   58 0.49
  16   74 0.12
  50   97 0.71
  32   80 0.09
  53   68 0.96
  39   92 0.54
  38   67 0.98

  36   96 0.56
  56  110 0.31
   3   46 0.48
  43   80 0.54
  51  101 0.49
  36   45 0.36
  61  111 0.02
  45   62 0.37
  37   80 0.23
  56   95 0.43
  51   96 0.15
  25   43 0.08
   4   52 0.93
  27   35 0.13
  54   82 0.71
  43  102 0.45
   2   47 0.09
  13   57 0.95
  38   97 0.38
  48  102 0.43
  60   99 0.28
  18   30 0.58
  44   82 0.55
  16   77 0.99
  39   70 0.76
  27   86 0.60
  53  112 0.46
  55  113 0.82
  25   42 0.19
  19   55 0.34

  50   50 0.85
   4   49 0.59
  49   91 0.66
  30   50 0.92
  42   70 0.44
  41   91 0.58
  50   90 0.72
   8   16 0.76
  13   57 0.71
  28   84 0.26
  30   61 0.68
  18   33 0.52
  36   94 0.65
  54  103 0.63
  32   84 0.57
   8   43 0.09
  37   58 0.90
  17   39 0.72
  60   80 0.01
   9   29 0.80
  52   72 0.40
  13   39 0.23
  20   44 0.60
  40   44 0.39
  54   60 0.78
  19   64 0.13
  44   99 0.06
  26   71 0.16
  22   22 0.14
  33   90 0.12

  27   85 0.03
   3   14 0.30
   5   41 0.13
  43   84 0.78
  52   56 0.49
   8    9 0.27
  10   53 0.27
   3    5 0.88
  10   13 0.84
  59   86 0.26
  10   44 0.67
  56  105 0.31
  41   93 0.13
  43   61 0.88
  57   74 0.31
   3   37 0.94
  27   40 0.51
  22   49 0.12
  31   72 0.13
  53   79 0.97
   9   45 0.14
  44   73 0.99
   0   34 0.30
  56  111 0.57
  47   92 0.13
   8   16 0.34
  19   52 0.00
   6   49 0.15
  43   81 0.96
  20   63 0.59

   6   23 0.82
  56   66 0.06
  47   56 0.97
  46   71 0.82
  15   52 0.21
  27   86 0.87
  42   56 0.67
   2   47 0.12
  35   43 0.37
  45   72 0.03
  10   11 0.79
  17   58 0.99
  29   72 0.12
  43   73 0.20
  22   42 0.81
  22   74 0.68
  60   76 0.95
   0   21 0.57
  10   61 0.76
  52   79 0.66
  28   65 0.43
  39  100 0.04
   1   33 0.49
  34   66 0.20
  10   35 0.71
  26   87 0.31
  31   85 0.66
  50   80 0.21
  31   44 0.15
  13   68 0.42

