3 20 8
12   20  10  10  20   2   4  20  20  10  10   2  10

  50   72 0.50
  20   32 0.07
  55   61 0.98
  10   20 0.62
  32   44 0.94
  47   58 0.07
  26   53 0.21
  24   34 0.62
  56   80 0.36
  19   45 0.47
  27   36 0.60
   2   17 0.93
  44   50 0.73
  43   43 0.82
  38   59 0.73
  49   67 0.22
  38   51 0.93
  25   43 0.55
  48   55 0.78
  52   74 0.09

  36   55 0.76
  19   39 0.73
  43   64 0.20
  24   39 0.43
   9   30 0.73
  22   34 0.54
  33   41 0.92
  41   48 0.58
  47   63 0.46
  20   30 0.39
  10   17 0.64
  35   53 0.17
  34   58 0.12
  48   69 0.25
   1    9 0.38
  36   53 0.77
  56   67 0.36
  37   54 0.71
  35   42 0.69
  50   73 0.46

  13   13 0.47
  52   75 0.43
   0   16 0.15
  14   29 0.97
  52   58 0.91
  51   64 0.42
  25   38 0.06
   0    8 0.21
  37   51 0.94
  24   25 0.92
  31   44 0.94
  29   54 0.55
  30   34 0.95
  47   70 0.75
  21   21 0.31
  22   41 0.77
  33   58 0.58
  23   39 0.31
  10   24 0.11
   1    6 0.48

  53   54 0.59
   5   28 0.83
   1   13 0.15
  54   81 0.82
  30   41 0.95
   0   19 0.43
   5    6 0.25
  40   66 0.57
  19   19 0.94
  49   68 0.65
   8   21 0.49
  52   67 0.21
   5   23 0.16
   6    7 0.08
  33   37 0.12
  24   45 0.87
   9   10 0.78
  17   28 0.74
  54   67 0.08
  15   28 0.51

  51   62 0.16
  34   49 0.56
  50   68 0.82
  36   53 0.63
   5   16 0.29
  38   47 0.96
  29   32 0.01
  13   36 0.00
  50   64 0.93
  48   55 0.34
  42   51 0.56
  53   64 0.53
  23   28 0.98
  46   66 0.16
  10   27 0.34
  22   36 0.22
  40   46 0.69
  53   57 0.72
  53   68 0.16
   6   10 0.91

   9   16 0.63
  30   37 0.94
  22   42 0.51
  31   44 0.49
  34   38 0.44
   5   26 0.51
  28   28 0.07
  45   65 0.92
  15   27 0.50
  33   43 0.10
   4   21 0.55
  51   75 0.07
   2   16 0.62
  55   72 0.24
  53   70 0.34
   1    4 0.68
  45   57 0.19
  27   49 0.71
  38   50 0.38
  27   51 0.23

  26   33 0.63
  12   23 0.11
   5   21 0.39
  51   67 0.28
  29   46 0.02
  44   70 0.18
  37   50 0.98
  48   71 0.36
  18   34 0.44
  30   56 0.81
  36   48 0.79
  31   35 0.29
  51   51 0.95
  17   28 0.22
  34   47 0.28
  50   61 0.61
  54   57 0.34
  30   33 0.59
  14   19 0.64
  24   46 0.96

   7   14 0.76
  37   59 0.79
  37   44 0.19
  56   66 0.60
  28   48 0.08
  11   31 0.48
  46   72 0.58
  39   62 0.30
  39   65 0.23
  44   62 0.33
  35   57 0.41
  16   41 0.30
  22   24 0.23
  32   33 0.25
  25   49 0.11
  50   58 0.19
  53   65 0.35
  37   55 0.68
  56   76 0.11
   0   19 0.63

   5   25 0.95
  34   57 0.45
  30   38 0.58
  53   54 0.76
  22   44 0.59
  45   50 0.16
  42   49 0.96
   9   22 0.61
  13   32 0.94
  56   60 0.37
  33   58 0.26
  31   58 0.40
  31   52 0.75
  44   67 0.09
  11   12 0.35
  48   66 0.56
  40   41 0.66
   9   36 0.99
  48   69 0.37
  14   26 0.00

  25   28 0.92
  25   30 0.82
  33   55 0.71
  30   45 0.49
  33   38 0.65
   2   16 0.21
  49   65 0.10
  31   32 0.29
   4    8 0.42
  19   22 0.75
  29   52 0.69
  15   41 0.21
  15   22 0.71
  41   42 0.61
  53   78 0.76
  11   27 0.29
  43   66 0.77
  11   34 0.41
  25   47 0.95
  27   43 0.29

  34   37 0.32
   9   31 0.04
  22   32 0.50
  38   58 0.54
   0    0 0.55
  35   36 0.95
   0   19 0.64
  30   31 0.46
  17   25 0.17
  26   51 0.98
  41   64 0.01
   1    7 0.20
  48   73 0.55
   1   28 0.13
  36   55 0.21
  18   43 0.12
  19   36 0.18
  25   29 0.58
   8    8 0.42
  55   80 0.18

  31   38 0.26
  14   38 0.19
  23   27 0.31
   8   15 0.65
  43   45 0.19
  35   58 0.40
  38   47 0.03
  34   43 0.06
  44   65 0.95
   7   15 0.60
   7    9 0.28
  29   53 0.53
  10   15 0.29
  10   25 0.97
  38   46 0.36
  19   28 0.96
  32   54 0.45
  56   64 0.93
  47   50 0.30
  32   35 0.57

