3 100 8
3   16  10  16

  18   53 0.78
 109  215 0.58
 108  191 0.60
  23   52 0.81
  79  175 0.72
 126  158 0.33
  59   90 0.76
 128  148 0.48
  78  109 0.12
  13  102 0.57
  34  163 0.84
  97  145 0.52
  30  134 0.08
  73   78 0.71
  95  118 0.26
  73   78 0.51
 120  222 0.84
  35   98 0.88
  47   79 0.08
 119  174 0.36
 112  197 0.15
  92  133 0.55
 115  139 0.10
  71  197 0.90
  12   83 0.09
  71  143 0.67
 103  203 0.59
  30  147 0.60
  47   92 0.81
   4  105 0.03
  18   72 0.57
  60   87 0.87
  73   98 0.35
  81  113 0.59
  48   76 0.73
  24  145 0.27
 122  124 0.11
  91  210 0.62
 112  118 0.65
  83  202 0.11
  76  145 0.46
 123  182 0.09
  79  164 0.16
  50   52 0.52
 124  125 0.25
  28  140 0.37
  51   86 0.17
 129  207 0.00
  39  162 0.93
 123  193 0.64
  77   99 0.92
  70   90 0.72
  59   83 0.18
  35   41 0.00
  49  130 0.54
  78   99 0.58
  45  130 0.55
  77  165 0.73
  62   80 0.45
   8   20 0.00
  69   85 0.25
  12   35 0.77
  80  160 0.37
  54   98 0.73
  19  108 0.29
 114  114 0.65
   8  131 0.97
  77  204 0.61
  81  210 0.31
  66  189 0.18
  80  142 0.98
  23   65 0.32
  33  100 0.17
  13   63 0.35
 105  158 0.78
  92  177 0.70
  79  136 0.70
 109  125 0.73
  12   94 0.76
  43  139 0.02
  75   76 0.67
  41  110 0.53
  10  125 0.51
  68  152 0.99
  44  130 0.86
  47   63 0.89
 106  229 0.68
  32   64 0.38
  28  143 0.29
  27   81 0.06
  57   95 0.00
  87  160 0.73
  51  165 0.59
  28  107 0.44
  80   83 0.25
 107  179 0.52
  20   24 0.46
  27   56 0.99
  36   57 0.48
   4   47 0.67

  18   82 0.65
  60   63 0.33
  80  100 0.56
  61   93 0.80
  61  169 0.40
 109  229 0.24
  43  101 0.10
 123  202 0.89
 105  120 0.09
  71   77 0.97
  13   86 0.16
  40  157 0.12
  86  158 0.96
  16  121 0.46
  95  221 0.25
   0   83 0.05
   0   48 0.63
  64   66 0.01
 127  207 0.05
  92  210 0.45
  20   66 0.31
 125  169 0.05
  62  189 0.69
  75  139 0.85
 101  181 0.81
 118  136 0.16
  78  190 0.51
 115  178 0.12
  58  106 0.09
  30  148 0.89
  97   98 0.24
  39   71 0.73
 129  241 0.31
  13  107 0.95
   6   73 0.89
 125  145 0.55
 109  176 0.71
  45  145 0.31
  78  185 0.98
  60   69 0.03
  55   59 0.99
 104  234 0.48
  66   91 0.81
  74  115 0.48
  32  162 0.75
 105  212 0.71
  69   95 0.67
  54  132 0.28
  44  135 0.13
 102  116 0.64
 119  162 0.12
  53   88 0.58
  69   74 0.05
  90  148 0.10
 100  191 0.16
 114  128 0.50
 117  191 0.10
 110  208 0.90
  81  120 0.73
 108  220 0.33
  50  177 0.17
  26   98 0.32
  75  155 0.99
  77  168 0.86
  95  179 0.79
 112  233 0.45
 111  237 0.13
  42   86 0.49
  39  156 0.74
 104  146 0.85
  14   78 0.13
 121  212 0.18
  59  164 0.25
  30  103 0.47
   1   81 0.14
  13   55 0.20
  81  103 0.04
  78  120 0.29
  74  199 0.81
  96  154 0.42
   7   55 0.32
  13  142 0.62
 129  154 0.38
  20  122 0.18
  20  138 0.67
  79  130 0.34
  17  131 0.52
   7   13 0.65
 108  150 0.22
  61  180 0.17
  78  103 0.51
  92  189 0.91
 121  154 0.76
  62   95 0.27
  87  180 0.37
  15   27 0.92
 106  109 0.11
  23   64 0.74
  31  106 0.75
 115  137 0.13

  77  135 0.17
 117  204 0.80
  77  135 0.73
  35  129 0.15
 115  243 0.89
 122  243 0.08
  79  174 0.59
  34   96 0.37
  56  122 0.26
  75  133 0.51
 112  175 0.18
 108  159 0.77
  39  116 0.00
   9   41 0.64
  18   52 0.95
  62  161 0.57
  65   73 0.41
  41  112 0.24
 103  185 0.02
  66  175 0.34
  20  125 0.85
 105  158 0.65
   4   33 0.46
   4  120 0.89
  87  131 0.33
  88  153 0.10
  40  165 0.47
 122  181 0.85
   7  116 0.57
  16   20 0.95
  42   90 0.52
  78  111 0.32
  97  159 0.12
  55   76 0.18
  58   73 0.47
 112  215 0.58
  85  180 0.89
  21  123 0.58
   4  130 0.58
 100  229 0.66
 122  174 0.27
  60  118 0.78
  66  153 0.47
  12  135 0.63
  78  182 0.57
  43  135 0.61
  64   79 0.94
  79  183 0.07
  44   68 0.59
  50  137 0.00
 115  116 0.10
  73  185 0.41
 118  157 0.91
 121  131 0.95
  57   58 0.13
  91  161 0.96
  87  131 0.40
 123  218 0.21
  56  150 0.21
 107  153 0.74
  35  159 0.31
  84  175 0.74
  46  150 0.60
  44  155 0.82
  75  191 0.43
 113  243 0.35
  54  184 0.50
  43  121 0.18
  16   74 0.43
  66  139 0.49
  76   76 0.48
  84  141 0.37
  36  144 0.30
  30   84 0.16
 110  179 0.15
  49   94 0.49
  60  105 0.67
  18  124 0.93
  75  170 0.16
  48   97 0.23
  48   96 0.25
  25  150 0.14
  81  184 0.30
  21  126 0.49
 101  141 0.88
  82  190 0.46
  64  158 0.46
  85  147 0.36
  82  151 0.93
  69  140 0.37
 100  171 0.98
  31  160 0.10
  14   22 0.79
  57  131 0.65
  94  179 0.38
   6  119 0.67
  66  137 0.71
  47  146 0.01
  47   85 0.83
  97  188 0.49

