5 80 8
3   20   4   2

  11   24 0.94
  13   37 0.27
  35   51 0.40
   1   22 0.18
  34   48 0.15
  30   36 0.46
  24   34 0.53
  38   57 0.09
  29   54 0.84
  34   47 0.65
  33   34 0.11
  22   22 0.61
  38   49 0.26
   3    6 0.74
  25   45 0.29
  37   44 0.15
  35   59 0.47
  33   39 0.25
  28   41 0.40
  25   33 0.67
  26   40 0.46
   3   20 0.08
  38   54 0.97
  30   48 0.13
  28   43 0.87
  18   36 0.26
   8   27 0.13
   4   11 0.09
  38   42 0.17
  33   41 0.03
  19   40 0.16
  29   44 0.06
   1    2 0.08
  35   52 0.45
  24   25 0.72
  32   56 0.35
  24   44 0.15
  28   46 0.00
  27   40 0.13
  38   58 0.39
  37   47 0.29
  24   37 0.17
  12   14 0.13
   7   21 0.38
   0    4 0.18
  26   37 0.71
  15   15 0.97
  36   37 0.83
  16   41 0.05
   1   17 0.44
  27   44 0.53
  28   29 0.39
  25   43 0.64
  12   32 0.79
  33   49 0.94
  14   22 0.70
  35   52 0.36
   4   20 0.54
  13   20 0.83
  28   41 0.05
  16   23 0.90
   5    6 0.43
  18   33 0.57
  37   58 0.56
  27   35 0.81
  10   19 0.02
   1   10 0.08
   2   24 0.78
   1   26 0.61
  27   47 0.61
  24   48 0.45
  23   37 0.29
  33   56 0.83
  38   55 0.19
   7   15 0.80
  19   23 0.82
   5    9 0.70
  25   29 0.33
  16   41 0.71
  33   39 0.01

  11   12 0.50
  30   35 0.02
  38   49 0.00
   5   21 0.17
  33   37 0.16
  33   48 0.45
  23   26 0.01
   2    4 0.84
  34   38 0.38
  25   27 0.24
  20   37 0.76
  34   52 0.20
  14   32 0.35
   9   32 0.80
  28   28 0.88
  20   34 0.25
  37   48 0.84
   7   14 0.87
   1    8 0.13
  24   37 0.53
   4    8 0.00
  12   37 0.61
   3   14 0.11
  31   48 0.52
  24   27 0.90
  16   38 0.51
  18   38 0.71
  24   32 0.86
  27   46 0.82
  30   44 0.19
  38   43 0.85
  27   49 0.34
  32   55 0.70
  23   31 0.76
  29   40 0.06
  37   55 0.17
  31   49 0.37
  14   39 0.33
  23   36 0.68
  28   50 0.74
  33   43 0.00
  31   38 0.52
  24   36 0.86
  35   58 0.39
   1   18 0.23
  30   52 0.18
  26   26 0.91
  27   44 0.08
   5   14 0.91
  15   38 0.28
  30   33 0.65
   8   31 0.51
   8   29 0.22
   0    3 0.88
  25   48 0.55
  37   50 0.48
   0    0 0.22
  22   35 0.29
  23   35 0.50
  32   32 0.58
  31   48 0.70
  33   35 0.47
  15   27 0.31
  37   44 0.38
  23   42 0.17
  24   42 0.82
   5    8 0.30
  23   26 0.70
  19   34 0.08
  18   21 0.61
  34   47 0.37
  17   36 0.65
  32   40 0.91
  32   49 0.26
  10   27 0.13
  21   31 0.58
   9   27 0.80
  15   19 0.17
  16   23 0.29
  27   45 0.30

   2    3 0.28
  34   36 0.62
  26   33 0.07
   4   14 0.10
  34   39 0.29
  33   48 0.59
  29   43 0.11
  32   52 0.20
  20   30 0.47
   8   11 0.81
  26   36 0.13
  38   40 0.85
  28   44 0.57
   6   15 0.88
   1   16 0.15
   8   33 0.40
  20   26 0.67
   0   25 0.77
  32   57 0.32
   3   11 0.89
  11   11 0.18
  27   51 0.04
  14   32 0.00
  16   38 0.09
  21   22 0.11
   6   31 0.11
  32   54 0.87
  34   59 0.24
  15   37 0.64
  36   56 0.98
   4   14 0.22
  20   29 0.82
  26   33 0.56
  25   33 0.99
  32   42 0.52
  36   39 0.87
   6   31 0.66
   5    9 0.40
   7   21 0.65
  28   34 0.05
  28   32 0.56
  14   34 0.71
   2   17 0.97
   3   13 0.04
  23   47 0.48
  15   17 0.74
   5   25 0.67
   3    5 0.97
  38   56 0.91
  36   53 0.91
  34   37 0.13
  37   42 0.38
  23   24 0.37
  26   30 0.30
  36   59 0.03
  18   34 0.61
  19   19 0.16
  29   45 0.41
  34   51 0.14
  38   48 0.33
  34   58 0.88
  21   27 0.35
  14   19 0.43
  22   46 0.89
  19   34 0.27
   1   17 0.56
  27   33 0.50
   5   17 0.49
  31   44 0.93
   0    5 0.28
  38   50 0.56
  14   33 0.74
  24   39 0.42
  17   38 0.07
  14   16 0.41
   0   22 0.70
   5   19 0.91
  10   22 0.93
   7   20 0.35
  12   34 0.32

