3 40 4
6   10  10   4  10  16  20

  64   95 0.72
 123  164 0.04
  71   91 0.51
 115  147 0.00
 138  195 0.66
  26   48 0.30
  80  118 0.15
  45   53 0.95
 134  175 0.16
  10   25 0.45
 156  169 0.20
   2   57 0.57
  18   69 0.65
  99  108 0.44
  39   65 0.51
  57  100 0.57
 160  168 0.13
 122  174 0.13
  37   41 0.43
 110  151 0.76
  82  109 0.96
  48   68 0.27
 170  183 0.09
  84  136 0.94
  52   57 0.31
 151  197 0.87
  45   95 0.60
 163  177 0.89
  29   42 0.46
   5   60 0.24
 130  176 0.49
 159  163 0.63
 111  157 0.00
  36   77 0.49
  95  100 0.88
  43   66 0.51
  74   96 0.99
  98   99 0.10
  80  133 0.22
  79  136 0.58

  79  101 0.92
 125  178 0.26
 159  189 0.77
  58   93 0.30
 143  150 0.81
 121  130 0.51
  10   39 0.21
  95  106 0.71
 121  135 0.91
  33   51 0.26
 159  185 0.64
  97  132 0.73
  79   92 0.95
  19   22 0.26
  95  150 0.05
 143  168 0.74
 124  139 0.04
 148  172 0.07
 172  200 0.85
  33   63 0.60
   8   49 0.87
  42   58 0.56
 145  182 0.63
 147  170 0.57
 112  147 0.10
 155  198 0.97
  43   55 0.52
  52   59 0.53
  42   78 0.17
 125  181 0.49
 156  176 0.69
 137  151 0.80
  79  125 0.67
 147  161 0.92
 122  135 0.23
 134  137 0.81
 141  195 0.36
 130  187 0.83
   9   22 0.40
 156  203 0.67

 128  184 0.99
  41   82 0.68
 148  200 0.41
   1   19 0.46
  53   92 0.23
  55  107 0.12
 143  161 0.48
 159  171 0.48
  91  117 0.44
  64   94 0.06
  56  101 0.59
 122  168 0.37
 128  181 0.55
 156  163 0.06
 113  159 0.01
 118  140 0.48
  85  131 0.38
  58   84 0.90
  79  118 0.03
 151  152 0.83
 165  185 0.93
 139  166 0.84
  35   78 0.78
 100  152 0.13
  36   84 0.62
  51   74 0.29
  21   30 0.60
  19   68 0.34
   9   28 0.27
 170  195 0.48
  82  120 0.07
 155  195 0.31
 125  129 0.42
  94  135 0.10
   9   65 0.94
 132  161 0.11
 155  201 0.03
 132  178 0.33
 148  176 0.61
 127  146 0.17

  39   83 0.89
 149  202 0.83
  60  102 0.95
  23   54 0.32
 152  192 0.70
  75  103 0.73
 104  121 0.47
  70  120 0.88
  74  119 0.96
 114  140 0.99
  48   85 0.23
  25   35 0.61
  97  152 0.29
   2   16 0.74
 128  166 0.73
 130  139 0.73
 110  157 0.34
  75  119 0.88
  27   53 0.41
  51   75 0.93
  36   37 0.68
 110  149 0.71
  42   79 0.27
  61   82 0.48
 143  168 0.02
 115  168 0.29
 167  189 0.25
  13   48 0.60
  71  102 0.81
 120  137 0.25
 113  126 0.33
  91  103 0.09
  32   70 0.85
  54   73 0.10
 102  127 0.53
 117  118 0.72
 142  192 0.80
  54  105 0.77
 126  165 0.54
  53  108 0.92

  42   55 0.69
 151  174 0.01
  31   49 0.01
  75   97 0.87
  24   71 0.47
 116  146 0.63
  79   89 0.07
  99  135 0.35
  35   59 0.82
  92  123 0.25
  33   44 0.01
 123  174 0.05
  48   97 0.73
 126  155 0.62
  82  114 0.32
   7   35 0.98
 136  167 0.00
  66   72 0.99
  22   79 0.53
 116  168 0.97
  71  111 0.92
  12   35 0.09
 137  138 0.51
 150  183 0.48
 106  111 0.18
 109  145 0.64
  55   63 0.76
 166  183 0.27
  36   38 0.25
 127  143 0.22
  50   59 0.38
  56  111 0.69
  99  117 0.15
 151  154 0.75
  76   83 0.84
 154  173 0.36
  68   82 0.97
  68   77 0.16
  45   52 0.04
  43   49 0.04

  34   78 0.45
  17   23 0.69
   9   53 0.58
  96  108 0.96
 104  122 0.04
 110  122 0.24
 162  188 0.21
 125  132 0.21
 136  150 0.65
 123  178 0.70
  30   75 0.44
  10   33 0.05
 134  134 0.97
  45   85 0.25
  22   23 0.36
 162  176 0.54
  39   57 0.47
 155  191 0.20
  96  111 0.89
 127  139 0.11
  15   61 0.97
 162  180 0.33
 143  186 0.46
   5   38 0.27
  35   64 0.32
  76   80 0.05
  10   53 0.61
  73   95 0.66
   7   31 0.49
  43   68 0.84
 103  153 0.47
 106  145 0.12
 132  155 0.37
 146  193 0.47
 172  212 0.76
  87   97 0.68
  96   99 0.87
  24   60 0.70
  47   56 0.26
  18   50 0.84

