5 60 8
3    4  10   4

   1   12 0.76
   1   15 0.06
   3    9 0.70
   4   13 0.63
   2    6 0.77
   1   15 0.24
   4   19 0.27
   5   10 0.36
   3   18 0.67
   1    4 0.10
   4    6 0.45
   3   21 0.67
   3   13 0.27
   0   13 0.55
   1    2 0.18
   3    4 0.10
   0    6 0.78
   3    4 0.46
   2   17 0.02
   2   10 0.27
   1    6 0.01
   4   11 0.45
   3   11 0.52
   3   22 0.51
   5   21 0.16
   2    7 0.14
   0    4 0.51
   3    3 0.04
   5   16 0.12
   2   14 0.30
   0   17 0.57
   1   14 0.11
   5   22 0.37
   0   14 0.27
   4    9 0.51
   2    7 0.12
   5    7 0.19
   0   11 0.49
   2    5 0.54
   1   15 0.29
   0    6 0.23
   4   20 0.41
   1    2 0.49
   0    3 0.81
   2   18 0.48
   3   17 0.60
   1    6 0.87
   3   17 0.70
   5    8 0.07
   0    7 0.78
   4   10 0.70
   4   20 0.73
   5   17 0.56
   0   19 0.11
   0   19 0.68
   3   18 0.21
   2    2 0.74
   0   16 0.82
   2   13 0.53
   5   16 0.97

   5    9 0.98
   0   18 0.13
   0   11 0.38
   5    9 0.90
   3    6 0.75
   4   21 0.03
   3    6 0.25
   3    6 0.61
   3    6 0.21
   0    7 0.59
   2   16 0.94
   0    7 0.69
   3    9 0.82
   2   21 0.72
   5   14 0.68
   3   14 0.01
   0   14 0.29
   4   19 0.38
   5   24 0.78
   3    8 0.87
   2   18 0.05
   2   11 0.80
   0    2 0.16
   4   13 0.28
   5   18 0.56
   3   20 0.71
   1    1 0.41
   4   23 0.90
   3    6 0.97
   4    5 0.19
   0   19 0.43
   0   17 0.22
   4    6 0.03
   3   12 0.11
   3   17 0.38
   0   17 0.64
   1   18 0.28
   0    7 0.06
   4   22 0.97
   0   14 0.95
   1   16 0.60
   5   23 0.15
   2   18 0.58
   1    6 0.34
   2   19 0.26
   0   19 0.85
   5   13 0.31
   1    2 0.15
   0   14 0.36
   4   21 0.96
   5    6 0.20
   5   16 0.78
   0   17 0.65
   1   16 0.54
   0   14 0.35
   5   16 0.59
   4   10 0.09
   5   19 0.54
   5    5 0.50
   3   18 0.27

   1    5 0.32
   5   12 0.17
   3   12 0.33
   2   20 0.29
   3    5 0.10
   3    7 0.54
   5   15 0.68
   1    1 0.54
   2   13 0.78
   1   11 0.96
   3   19 0.26
   2    3 0.61
   4   15 0.08
   1   20 0.14
   3   19 0.30
   5   23 0.78
   3   10 0.41
   1    2 0.86
   5    9 0.25
   2    9 0.09
   3   11 0.70
   0   16 0.45
   4    4 0.40
   2   20 0.11
   2    9 0.91
   4   16 0.23
   0   13 0.48
   3   22 0.30
   3   10 0.82
   1    2 0.94
   1    8 0.79
   0    4 0.80
   2   10 0.74
   1   19 0.60
   5   14 0.45
   0   19 0.02
   3   22 0.69
   4    4 0.73
   0    2 0.76
   0    2 0.39
   4   18 0.82
   3   22 0.61
   2   17 0.88
   3    9 0.76
   5   11 0.97
   5   24 0.30
   3   19 0.62
   1    9 0.45
   3   17 0.60
   0   17 0.37
   4   22 0.50
   5   17 0.32
   0   14 0.27
   3   18 0.75
   1    5 0.38
   3   22 0.33
   3   20 0.31
   3   11 0.34
   4   12 0.25
   0   11 0.06

