4 80 4
3   10  10  10

   7   53 0.19
  64   76 0.13
  40   92 0.74
  48   69 0.16
  49   96 0.30
  66  120 0.51
  33   33 0.84
  18   75 0.22
  67  133 0.18
  51  123 0.47
  54   65 0.17
  51   97 0.15
  26   67 0.78
   2   34 0.76
  17   26 0.64
  64   92 0.85
   9   66 0.30
  10   53 0.02
  73   92 0.90
  10   26 0.53
  40   85 0.65
  55  101 0.67
   6   47 0.17
  19   51 0.65
  56   96 0.65
  59   79 0.55
  19   54 0.73
  55   71 0.14
  11   83 0.08
  16   66 0.13
  43   72 0.50
  69  127 0.69
   5   73 0.14
  31   36 0.49
  61  119 0.02
  28   92 0.05
  39   64 0.07
  19   43 0.67
  64  123 0.71
  71  140 0.47
  66   76 0.43
  54   67 0.92
  10   28 0.91
  21   65 0.77
   0   25 0.35
  73  144 0.28
  32   73 0.34
   6   36 0.24
  28   59 0.65
  73  105 0.80
  25   68 0.64
  32   39 0.56
  49   89 0.63
  25   52 0.06
   5   15 0.64
  71  141 0.56
  40   80 0.41
  65  103 0.46
  10   20 0.37
  36   86 0.34
  10   40 0.49
  70  128 0.62
  67  112 0.91
  68   80 0.57
  43   50 0.32
  28   79 0.47
  46   60 0.68
  39   52 0.85
  14   59 0.13
  62  131 0.34
  70   97 0.92
  58   79 0.03
  14   55 0.20
  19   35 0.10
  33   62 0.06
  68   91 0.81
  62   73 0.19
  44   74 0.68
  59  120 0.28
  15   58 0.63

  65  138 0.68
  63  135 0.69
  65  126 0.61
  19   35 0.03
  55  118 0.52
  23   91 0.34
  74   93 0.77
   9   77 0.23
  28   87 0.86
  32   95 0.69
   9   55 0.81
   0   74 0.81
   6   59 0.44
  74  133 0.18
  55  103 0.16
  53   55 0.70
  26   44 0.89
  12   25 0.65
  65  135 0.73
  66   71 0.62
  59   60 0.18
  68  140 0.94
  25   83 0.27
  25   69 0.82
  39   63 0.87
   6   73 0.53
  39   73 0.81
  29   81 0.72
  60   86 0.41
  72   88 0.39
  42   69 0.66
   7   39 0.35
  36   52 0.62
  15   40 0.93
  18   32 0.96
  53   83 0.51
  61   88 0.83
  25   63 0.72
  14   63 0.56
  19   25 0.16
  43  102 0.93
  33  100 0.25
  43   48 0.22
  10   68 0.69
  24   41 0.34
  47   97 0.18
   8   34 0.21
  52   80 0.87
  35   38 0.54
  16   16 0.57
  17   43 0.13
  49   90 0.78
   1   59 0.61
  64  111 0.75
   5   52 0.35
  38   89 0.32
  35   39 0.59
  52   86 0.72
  23   50 0.66
  30  104 0.68
  63   80 0.42
  35  107 0.38
  17   55 0.12
  36   73 0.65
  33   83 0.91
  23   53 0.39
  34   38 0.47
  21   95 0.99
  33   45 0.12
  50  100 0.55
  24   95 0.16
   6   34 0.45
  24   56 0.05
  64  132 0.49
   3   19 0.08
  12   14 0.51
  19   27 0.97
  19   49 0.82
   0   36 0.10
   0   72 0.47

   6   57 0.46
  52   79 0.11
  46  117 0.12
  40  107 0.23
  33   69 0.83
  30   67 0.86
  34   71 0.17
  59   83 0.21
  69   70 0.09
  10   15 0.16
  48   71 0.35
  52  117 0.26
  25   34 0.68
  57   73 0.04
  40   58 0.77
  16   82 0.31
  71   87 0.20
  22   90 0.96
  71   85 0.48
  72  108 0.86
  68   68 0.00
  46   48 0.00
  36   69 0.82
  16   41 0.08
   1    7 0.22
  20   67 0.06
  38   39 0.78
  67   75 0.60
  35   99 0.48
  62   93 0.73
  19   42 0.30
   8   50 0.39
  47  112 0.73
  44   60 0.80
  40   94 0.90
  73   78 0.88
  73  123 0.27
  48   73 0.87
  34   65 0.26
  63   72 0.13
  66  127 0.27
  47   78 0.68
  23   95 0.29
   8   42 0.15
  31   61 0.70
  69  140 0.98
   1   26 0.83
   6   79 0.43
  38   65 0.00
  66  132 0.15
  37   81 0.00
  23   93 0.26
   9   19 0.10
  57   86 0.39
  30   47 0.26
  41   85 0.31
  19   88 0.28
   4   51 0.96
  31   77 0.02
  37   95 0.94
  33   94 0.03
  30   44 0.43
  40   49 0.10
  18   89 0.48
  45  104 0.96
  50   60 0.83
  41   94 0.22
  43   61 0.72
  42  106 0.41
  64   67 0.17
  19   70 0.16
  41   79 0.61
  34   93 0.96
  64  116 0.09
  61   78 0.80
  48   55 0.37
  65  100 0.33
   2   10 0.91
  18   47 0.96
  71  127 0.60

