3 60 8
3   20  20  20

  22  128 0.56
  27   81 0.57
   4   17 0.86
  36  106 0.55
  35   68 0.00
   7   25 0.11
  34   59 0.86
  25  127 0.96
  12   50 0.63
  19   31 0.23
   4   57 0.26
  11   80 0.96
  12   44 0.81
  16   65 0.75
  36   68 0.35
   9   64 0.19
   8   99 0.10
  32   96 0.98
  35   96 0.30
  11  101 0.48
   8   29 0.81
   1   52 0.42
  12  123 0.87
   2   34 0.24
  28   68 0.60
  23   73 0.06
  35   70 0.48
  34  141 0.39
  33  103 0.60
  31  137 0.01
  33   95 0.24
  14   56 0.98
  21  127 0.42
  31  105 0.89
  26   82 0.22
   4  104 0.77
  14   44 0.01
   9  104 0.96
  18  123 0.45
   0   67 0.42
   2   11 0.80
  26   59 0.72
  11   93 0.07
  21  104 0.14
  16   27 0.39
   9   23 0.85
  15  109 0.62
  16   27 0.07
  29  119 0.58
   2   55 0.11
   2   11 0.69
  12   23 0.50
  17   31 0.06
  27   65 0.89
  25   89 0.62
  11   17 0.50
  14   58 0.67
  32  104 0.87
  33   76 0.02
  25   43 0.57

  17   65 0.85
  36   95 0.39
   5   77 0.14
  28   43 0.33
  13   26 0.02
  20   68 0.39
  12   54 0.54
  28   97 0.74
   5   14 0.04
   4   73 0.30
  25  122 0.15
  17   34 0.10
   6   42 0.28
  33   39 0.48
   4   15 0.89
  36   53 0.85
  10  114 0.22
   2    3 0.45
   9  115 0.17
  14   61 0.43
   3  106 0.38
   5   13 0.38
  16   54 0.87
  24   66 0.87
   3   68 0.46
  33   94 0.71
  14  100 0.00
  15   26 0.54
  32   84 0.17
  25   34 0.44
  22   65 0.90
  20  107 0.07
   7   31 0.08
   0   78 0.23
  35   96 0.24
  19   35 0.60
  36   62 0.11
   5   52 0.77
  11  116 0.60
   5    6 0.37
  12  101 0.47
   0   76 0.39
  15   58 0.35
  35  141 0.88
  29  124 0.61
   5   39 0.39
   7   14 0.56
  14  119 0.85
  13   15 0.34
  11   45 0.39
  22  131 0.64
  11  118 0.99
  36   94 0.97
  35   84 0.26
  16  126 0.72
  17   98 0.83
  31   35 0.81
  11   12 0.73
   5   78 0.60
  12   50 0.63

   3   91 0.84
  30  124 0.64
  25  131 0.83
  13   13 0.78
  25   49 0.99
   8   20 0.41
  14   51 0.54
   0   53 0.74
   4   78 0.24
  33   48 0.96
  27  138 0.74
  17  114 0.95
  18   72 0.92
   9  116 0.96
  10  103 0.81
   5  106 0.47
  14   33 0.85
  17   62 0.93
  21   53 0.05
  20   70 0.81
   9   39 0.74
  19   29 0.27
   5   84 0.99
  12   51 0.98
  20   80 0.61
  16   39 0.15
  21   44 0.33
  20   59 0.65
  35   84 0.90
  15   72 0.19
  30   95 0.02
  25   40 0.94
   3  100 0.97
  31   78 0.51
   0    2 0.41
   3   90 0.89
   9   16 0.87
  27  119 0.89
   8   31 0.37
   9   95 0.57
  24   60 0.04
  33   42 0.52
   9   75 0.48
  11  102 0.71
  33   58 0.32
  22  113 0.78
  11   43 0.69
   4   78 0.12
  10   81 0.10
  31  112 0.47
  23   67 0.23
  25  109 0.78
  12  114 0.40
  28   45 0.42
  10   98 0.27
  32   75 0.45
  21   25 0.32
  36  103 0.37
  35   93 0.33
  32   36 0.21

