4 30 4
6   16  16   2  10  10  10

  13   45 0.83
  14   58 0.68
   3   49 0.08
  23   78 0.00
  19   55 0.63
  12   22 0.67
  13   30 0.22
   1   14 0.82
  16   55 0.35
  29   43 0.41
   9   45 0.06
  11   28 0.00
  27   82 0.05
   7   62 0.14
   2   18 0.46
  28   46 0.62
  13   31 0.98
  11   29 0.73
  12   53 0.18
   8   23 0.05
  17   20 0.47
  15   74 0.74
  12   65 0.00
  12   33 0.86
  21   77 0.22
  21   39 0.11
   1   60 0.44
  14   60 0.90
  14   29 0.82
  19   22 0.33

  23   38 0.09
   6   36 0.20
  24   73 0.79
   5   32 0.33
  25   46 0.79
  28   35 0.03
  28   68 0.05
  10   47 0.91
  10   54 0.31
   0    2 0.65
  24   36 0.71
   2   60 0.34
   1   15 0.29
  25   57 0.55
  27   32 0.27
   3   42 0.32
  14   59 0.92
   2   59 0.59
   3   30 0.53
   2   30 0.83
  22   46 0.48
  24   49 0.22
   0   26 0.13
  26   71 0.76
  19   26 0.99
  22   30 0.70
   2   49 0.37
   3   50 0.60
  19   55 0.40
  20   35 0.82

  15   26 0.26
  28   33 0.65
  15   42 0.96
  17   40 0.96
   5   32 0.96
  25   65 0.06
   1   36 0.29
  25   45 0.20
  22   38 0.28
  28   69 0.13
  21   22 0.74
  28   31 0.50
   1   33 0.62
  29   34 0.24
  14   38 0.88
  13   33 0.15
  26   59 0.16
  15   33 0.87
  11   17 0.18
   8   19 0.79
  15   32 0.62
  22   73 0.84
   7   14 0.24
  12   32 0.06
  19   20 0.06
  27   39 0.01
  18   70 0.47
  21   65 0.79
   7   57 0.70
   7   42 0.09

  27   33 0.33
  25   27 0.40
   4   46 0.32
  12   54 0.73
  22   33 0.75
  19   78 0.03
   3   18 0.98
  24   63 0.50
  12   36 0.18
  28   70 0.25
  26   31 0.94
   0    5 0.34
  25   53 0.10
   5   17 0.05
  21   25 0.76
  25   69 0.91
  16   72 0.04
  26   64 0.40
   5   17 0.74
   0   15 0.78
  28   44 0.20
  22   41 0.67
  22   46 0.35
   9   57 0.81
  19   23 0.03
  21   77 0.13
  16   38 0.43
  18   29 0.32
  13   44 0.82
   8   37 0.05

   3   16 0.50
   2   53 0.33
  26   31 0.90
  10   63 0.18
   9   24 0.08
  15   37 0.25
  21   68 0.33
   7   48 0.58
  29   33 0.41
  14   18 0.13
  16   40 0.33
  18   24 0.84
  18   21 0.41
  11   25 0.21
   9   34 0.20
  19   69 0.10
  26   50 0.01
  14   25 0.00
   5   29 0.61
   2   50 0.50
   1   34 0.78
   0   27 0.49
   4   37 0.09
   7   64 0.75
   0   46 0.74
  11   57 0.33
  18   55 0.08
   4   33 0.22
  13   16 0.17
  28   84 0.57

   1   13 0.21
  23   56 0.18
  20   60 0.98
  26   53 0.89
  14   47 0.48
  20   64 0.69
  12   38 0.02
  28   65 0.97
  28   39 0.39
  10   20 0.85
   9   20 0.69
  21   23 0.96
  24   63 0.99
  13   40 0.94
  28   29 0.47
   9   45 0.46
   6   26 0.96
   8   39 0.57
  13   28 0.85
  17   27 0.70
  13   15 0.42
  20   49 0.92
  10   51 0.48
  24   62 0.08
  20   30 0.10
  12   62 0.71
   3   55 0.65
  18   69 0.16
  22   31 0.61
  22   66 0.11

