5 25 8
12   16  20  10  10  16   2  10   2  16  16   4   2

  56   63 0.97
  12   12 0.74
  24   32 0.61
  56   57 0.00
  28   46 0.67
  39   47 0.81
   7   19 0.91
  44   47 0.52
  32   32 0.93
  48   54 0.31
  10   10 0.19
  51   63 0.69
  26   36 0.33
  50   54 0.37
  49   55 0.39
  12   26 0.52
  25   36 0.01
  56   74 0.34
  35   45 0.67
  11   13 0.13
  30   43 0.85
   3   21 0.00
  52   68 0.53
  46   48 0.34
  53   58 0.01

  46   60 0.99
  17   27 0.28
  48   51 0.57
  19   29 0.27
   8    8 0.52
  48   48 0.20
  24   37 0.42
  13   14 0.54
   0   14 0.53
  53   61 0.78
  53   55 0.01
  41   48 0.00
  20   25 0.08
  53   58 0.56
  22   38 0.99
  49   60 0.71
  41   42 0.18
  17   28 0.39
  55   56 0.75
  54   56 0.07
  18   29 0.17
  53   71 0.67
  25   35 0.23
  54   62 0.19
  19   25 0.80

  46   49 0.16
  26   26 0.87
  47   60 0.13
  30   48 0.86
  56   74 0.67
  26   38 0.81
  52   58 0.88
  27   41 0.44
  28   42 0.51
  21   28 0.26
  26   43 0.31
  12   16 0.35
  42   44 0.52
  15   25 0.92
  39   53 0.24
  43   46 0.57
  53   57 0.08
  39   55 0.45
  28   42 0.08
   8   11 0.15
  17   20 0.25
  40   53 0.31
  28   28 0.82
  53   64 0.51
  18   27 0.94

   8   20 0.93
  15   15 0.10
  28   44 0.24
  17   24 0.82
  33   49 0.33
  12   14 0.87
  36   43 0.99
  12   30 0.01
  29   47 0.10
   9   25 0.01
   0   17 0.47
  53   69 0.33
  27   38 0.17
  10   16 0.47
  35   47 0.40
  47   47 0.16
  31   46 0.91
  20   32 0.41
  12   25 0.63
  15   23 0.83
   4   12 0.81
  29   38 0.36
   8   11 0.97
   6   11 0.55
   6    8 0.74

  38   45 0.34
   6   22 0.45
  21   39 0.74
  50   52 0.57
  24   31 0.63
  23   27 0.32
  15   22 0.32
   2    9 0.95
  27   28 0.17
   1    4 0.92
  19   27 0.26
  46   51 0.91
  24   35 0.92
   7   20 0.19
  18   20 0.24
  35   41 0.96
  52   54 0.26
  13   27 0.20
   5    7 0.02
  48   62 0.94
   8   22 0.21
  14   16 0.18
  45   53 0.53
  14   18 0.80
   3   12 0.85

  56   64 0.17
  56   56 0.11
  37   40 0.13
  38   52 0.00
  53   69 0.50
  38   41 0.83
  23   33 0.70
  21   39 0.59
  40   54 0.63
  32   49 0.94
  41   49 0.35
  44   46 0.72
  13   27 0.90
  47   54 0.97
  28   29 0.93
  36   51 0.69
  31   31 0.77
  17   29 0.89
  25   30 0.27
  52   65 0.07
  30   34 0.31
  20   27 0.79
  50   56 0.64
  35   50 0.70
  46   57 0.25

   8   24 0.04
  32   42 0.20
   0   18 0.47
  30   39 0.11
   9   25 0.52
  40   58 0.57
  33   45 0.56
  36   50 0.56
   6   24 0.13
   1    9 0.48
   5   13 0.86
  38   49 0.60
  38   41 0.51
  22   38 0.56
  22   34 0.33
  31   42 0.44
  40   45 0.87
  14   30 0.91
  18   30 0.16
   0   17 0.56
  16   31 0.92
  18   19 0.75
  47   47 0.48
  18   20 0.80
  10   10 0.69

   0   13 0.63
  53   59 0.26
  48   61 0.63
   8   15 0.23
   7    7 0.06
  42   53 0.51
   7   23 0.29
  53   61 0.13
  45   52 0.95
  56   66 0.07
   8   24 0.47
  52   69 0.98
  50   67 0.98
   8   16 0.52
  52   66 0.25
  32   37 0.81
  56   72 0.70
  46   46 0.82
  39   41 0.70
   4    8 0.49
  29   29 0.60
  42   46 0.75
  52   54 0.49
  36   38 0.31
  47   55 0.31

  13   22 0.59
  27   39 0.60
  43   43 0.15
  38   43 0.01
   2    3 0.69
  24   33 0.85
  13   17 0.47
   7   19 0.13
  33   50 0.31
  10   20 0.41
  23   25 0.76
  19   23 0.22
  35   47 0.25
  23   29 0.85
  29   38 0.14
  42   53 0.75
   5   13 0.43
  14   20 0.89
  18   33 0.02
  12   28 0.83
  27   34 0.76
  20   25 0.15
  15   29 0.47
  43   47 0.87
  32   39 0.26

   8   22 0.84
  22   36 0.91
  51   51 0.22
  16   30 0.74
  49   65 0.54
  24   39 0.19
  39   43 0.25
   6   23 0.18
   1   11 0.94
   5   23 0.60
  13   17 0.39
  19   21 0.84
  49   54 0.27
   4   14 0.42
  23   32 0.79
  46   52 0.86
  19   22 0.19
  29   31 0.81
  30   32 0.19
  28   32 0.46
  47   47 0.92
  48   60 0.03
  37   51 0.72
  42   44 0.15
   2    6 0.98

  34   44 0.74
  56   71 0.00
  48   64 0.29
  19   28 0.67
  23   40 0.23
  40   46 0.99
  25   40 0.12
  24   24 0.47
  33   45 0.86
  55   59 0.50
  48   55 0.25
  33   49 0.82
  28   29 0.18
   1    3 0.00
   8   15 0.28
  49   58 0.23
  48   61 0.48
  34   51 0.33
  33   42 0.18
  34   45 0.87
  24   39 0.60
  34   49 0.24
   8   19 0.13
   9   24 0.89
  35   47 0.47

   7   17 0.47
  44   62 0.12
  16   17 0.99
  42   53 0.56
  53   67 0.26
  47   56 0.34
  20   26 0.01
  36   45 0.80
  35   43 0.13
   0   18 0.89
   9   17 0.41
  15   25 0.00
  52   70 0.95
   6   18 0.88
  54   59 0.95
  46   59 0.73
   9   27 0.64
  12   19 0.20
  50   59 0.74
  24   36 0.10
  23   28 0.71
  49   51 0.10
  53   53 0.70
   7   20 0.62
  37   43 0.64

