3 100 8
3   16  10   4

   2   29 0.78
  21  106 0.09
   9   42 0.29
  17   72 0.90
  51   65 0.94
  40  113 0.49
  29  111 0.24
  10   24 0.30
  61   99 0.63
  37  104 0.53
   0   81 0.45
  30   43 0.42
  14   74 0.99
  52   77 0.48
  53  106 0.10
   9   31 0.91
  57   81 0.66
  41   44 0.46
  36   44 0.98
  46   51 0.60
  61  144 0.32
  41  110 0.89
  22   71 0.34
  58  148 0.39
   2   73 0.14
   8   40 0.87
   7   41 0.87
  53  119 0.78
  46  112 0.80
  11   65 0.42
   5   41 0.17
  42  133 0.25
   4   50 0.69
  61  109 0.84
  27   77 0.13
   5    9 0.45
  24  111 0.39
   8   50 0.80
   3   90 0.58
  46  120 0.87
  54   96 0.61
  28   77 0.73
  14   56 0.57
   7   58 0.17
  51  143 0.15
   8   21 0.82
  30   58 0.16
  50  137 0.57
   1   25 0.53
   1   61 0.42
  54  138 0.11
  27   36 0.84
  53  103 0.30
  37   98 0.01
  41   90 0.95
  32   99 0.61
   0   76 0.31
  26  111 0.06
  17   53 0.91
  61  126 0.86
  12   93 0.51
  10   62 0.64
  19   98 0.70
  14   88 0.87
  23   98 0.61
  51  112 0.99
  21   88 0.81
  14   22 0.65
  57  108 0.85
  43   44 0.27
  31   32 0.99
  17  106 0.20
  10   23 0.74
  55  131 0.31
  61  140 0.39
  20  103 0.69
  36   59 0.68
  22  104 0.34
  23   81 0.21
  14   53 0.25
   7   90 0.09
   5   57 0.70
  38  100 0.77
  25   46 0.30
  19   32 0.57
  48   74 0.65
  31   53 0.71
  24   32 0.08
  44   86 0.23
  55  108 0.05
  52   91 0.78
  23   63 0.99
  33   53 0.72
  42  109 0.23
  41   78 0.48
  10   35 0.60
  36   88 0.95
  45  123 0.39
   5   39 0.10
  10   69 0.75

  17  108 0.11
  42  107 0.65
  36   88 0.29
  43  106 0.79
   6   91 0.35
  51  118 0.79
  58  147 0.00
  22   45 0.04
  26   80 0.84
  37   66 0.86
   9   88 0.83
  18   65 0.65
  27   81 0.66
  41   49 0.63
  22   71 0.36
  34   95 0.95
  41  100 0.60
  20  104 0.16
  47  115 0.48
  15   40 0.76
  49  112 0.62
  38   47 0.34
  34   51 0.36
  52   93 0.76
  55   86 0.20
  19   60 0.44
  16   89 0.68
  53  105 0.72
  35   58 0.61
  58  141 0.51
  32   32 0.72
  40  117 0.44
  16   87 0.33
   0   53 0.87
  55  141 0.66
  58   59 0.67
  44   73 0.59
  29   93 0.07
  28   28 0.04
  13  103 0.04
  46   53 0.26
  59  128 0.09
  21   38 0.07
  22   31 0.68
  33   82 0.08
  24   43 0.21
  17   79 0.23
  24   39 0.81
  17   36 0.87
  60  124 0.34
  17   75 0.84
  45   68 0.13
   9   97 0.76
  61  150 0.77
  22   29 0.08
  29   49 0.84
  58   72 0.78
  46  137 0.02
   4    4 0.54
  39  130 0.07
  30  106 0.38
  59   86 0.84
  11   89 0.99
   4   13 0.74
  46   87 0.03
  11   30 0.01
  59   91 0.44
  21   97 0.79
  47   51 0.50
  55   70 0.96
  61  116 0.79
  61  122 0.88
  28   71 0.58
  10   72 0.81
  54  118 0.73
  42   62 0.45
  41   80 0.08
  13   39 0.07
  13   18 0.03
  44   55 0.66
  31   36 0.31
  61  120 0.53
  47   57 0.20
  26   33 0.96
  59   77 0.82
  44  131 0.23
  50  109 0.72
  32   77 0.65
  52   74 0.95
  44  113 0.86
  58  109 0.46
  46  100 0.09
  16   17 0.91
  10   93 0.85
  12   30 0.19
  36   76 0.47
  37   55 0.46
  18   21 0.94
  10   34 0.09
  45   51 0.37

  51  137 0.33
  29   87 0.33
  41   79 0.81
  35  115 0.84
   2   77 0.53
   1   72 0.67
   3   33 0.41
  33  120 0.70
  56  124 0.57
  56   85 0.50
  39   68 0.01
  61  108 0.64
  45  109 0.11
  47   69 0.86
  48  131 0.40
  54   79 0.87
   7   82 0.44
  54  103 0.20
   6    7 0.62
  27   81 0.34
  51  123 0.90
   4   95 0.67
  39   56 0.92
  25   39 0.47
  35   40 0.70
  17   38 0.99
  52  119 0.55
  30   40 0.86
  43   58 0.85
   0   26 0.38
  49   49 0.13
  56   67 0.16
  11   96 0.18
  58   79 0.00
  48  127 0.57
   0   33 0.28
  55   65 0.46
  23  104 0.14
  36   61 0.50
  37   79 0.06
   2   12 0.32
   6    6 0.45
   9   21 0.34
  57  109 0.37
  54  104 0.55
  15   64 0.96
  53  139 0.72
  36   72 0.11
  21  110 0.48
  52   70 0.83
   0   75 0.11
  24   33 0.11
   5   29 0.23
  12   26 0.34
  50   65 0.51
  20   46 0.07
  52  140 0.46
  19   32 0.06
   3   16 0.89
  49   49 0.82
  61  135 0.17
  33   41 0.54
   3   48 0.62
  34  106 0.20
  57   66 0.68
  53  126 0.45
  41   44 0.57
   6   25 0.96
   0   31 0.81
  42   75 0.50
   3   59 0.18
  32   67 0.37
  40   96 0.63
  44  111 0.53
   0   27 0.53
  52   91 0.16
  49  117 0.28
  28   31 0.61
  52   56 0.87
  31   76 0.81
  37   99 0.04
  50  124 0.29
  35   66 0.42
  46   96 0.96
  53   67 0.18
  36   53 0.22
  30   63 0.96
   5   64 0.43
  49   68 0.43
   7   24 0.13
  26   48 0.35
  46   97 0.41
  21   98 0.04
  14   51 0.14
  61   70 0.98
  23   78 0.05
  56  123 0.00
  35  111 0.49
  26   35 0.83
  17   52 0.04

