5 100 8
3    2   4  16

   2   18 0.81
   4   21 0.46
  16   36 0.12
   3    5 0.17
  15   32 0.68
   5   13 0.13
   3    3 0.54
  10   26 0.35
   0   13 0.79
  23   33 0.03
  19   43 0.56
   9   21 0.72
  24   47 0.98
  24   43 0.95
  24   47 0.06
  21   30 0.10
  13   22 0.71
  15   23 0.95
  11   19 0.96
  18   38 0.80
   9   15 0.14
   2   24 0.27
  16   30 0.50
  12   27 0.96
  11   33 0.43
   6   16 0.68
   5   12 0.46
  22   28 0.90
   0   24 0.42
  11   36 0.80
  13   34 0.12
   2   24 0.39
  22   23 0.46
  24   32 0.67
   2    6 0.52
  24   44 0.27
   8   27 0.70
  22   30 0.63
   1   11 0.10
   6   28 0.32
   2   14 0.16
   5   20 0.60
  15   30 0.11
  19   26 0.99
  20   39 0.32
  22   25 0.52
   4   13 0.19
  14   24 0.72
  15   36 0.83
   2   23 0.85
  15   15 0.71
  19   26 0.36
  18   44 0.47
  10   11 0.71
  16   26 0.43
  16   24 0.08
   2   15 0.83
   0   22 0.92
   9   35 0.71
  21   46 0.38
   4   10 0.30
   9   33 0.93
  19   38 0.22
   0   17 0.51
   2   28 0.57
   4   29 0.64
   1   18 0.43
  23   32 0.60
  13   33 0.24
  11   36 0.07
  24   44 0.56
   3   29 0.10
  26   26 0.89
  15   40 0.43
  24   48 0.99
  25   46 0.22
   4   23 0.03
  15   27 0.08
   0   12 0.35
  25   29 0.65
  18   36 0.69
   1   21 0.39
  14   32 0.32
   2   10 0.87
  23   46 0.92
   0   23 0.26
   7    7 0.31
  15   35 0.27
  13   24 0.50
   1   15 0.86
   4   17 0.60
  21   37 0.58
   6   14 0.64
  13   13 0.03
  17   39 0.35
  21   35 0.68
  20   24 0.64
   7   24 0.44
   3   15 0.80
  24   36 0.55

   0   15 0.86
  25   47 0.26
   0   10 0.59
  24   46 0.06
  19   30 0.84
  13   35 0.10
  26   52 0.80
   5   14 0.66
  19   41 0.05
  21   39 0.49
  24   49 0.92
   5   25 0.30
   4   15 0.92
  19   40 0.43
  16   17 0.43
  12   18 0.81
  10   16 0.57
  22   40 0.19
   0   18 0.19
  24   40 0.74
  11   23 0.60
  18   18 0.38
   7   12 0.54
   7   20 0.04
  19   24 0.07
  19   24 0.30
  23   41 0.12
  18   40 0.00
  22   32 0.49
  15   39 0.40
   8   19 0.96
  24   36 0.42
  24   29 0.48
  11   29 0.35
  10   28 0.71
   6   16 0.28
  18   44 0.51
  26   45 0.43
   0   18 0.45
   2   27 0.83
   4   27 0.05
  16   24 0.31
   1   25 0.39
  12   12 0.51
  21   33 0.77
   5   19 0.04
  15   23 0.34
   8   26 0.66
  16   34 0.23
  17   24 0.54
  11   35 0.02
  20   28 0.84
   2    4 0.21
  20   36 0.18
   8   15 0.29
  22   47 0.58
   6    7 0.29
   7   29 0.28
  20   36 0.61
  23   36 0.40
  17   29 0.42
   6   22 0.30
  19   44 0.83
  23   40 0.83
  12   29 0.79
  11   32 0.54
   5    8 0.26
  24   34 0.35
   9   19 0.88
   7   26 0.10
  13   28 0.19
  20   40 0.16
  24   44 0.75
  14   35 0.76
  16   31 0.43
   5   19 0.92
   8   14 0.02
  26   36 0.15
  25   26 0.98
  10   18 0.49
   0    6 0.44
  12   14 0.35
  17   39 0.54
  17   24 0.36
  18   20 0.33
  12   18 0.88
   0   23 0.88
  19   38 0.65
   9   25 0.41
  23   25 0.59
   5   23 0.73
  20   35 0.56
  16   19 0.73
  23   37 0.52
   0    8 0.36
   9   18 0.99
  23   23 0.53
  15   35 0.72
   1   17 0.37
  16   24 0.61

   3    9 0.61
  17   19 0.61
  13   24 0.90
  22   31 0.11
  19   28 0.31
  24   35 0.46
   6   21 0.54
  26   39 0.61
   7   13 0.40
   9   29 0.54
  22   26 0.62
   2   11 0.99
   6   27 0.49
  25   45 0.35
   9   28 0.31
  18   41 0.53
   5   14 0.84
  23   35 0.96
  11   21 0.39
   3    6 0.61
   9   14 0.95
   4   14 0.82
   4   16 0.20
   2   11 0.63
  21   25 0.89
   8   30 0.30
   9   25 0.47
   8   34 0.06
  23   42 0.55
  22   46 0.80
  22   35 0.39
   7   23 0.84
  26   33 0.85
  23   32 0.06
   5   20 0.80
  13   21 0.34
  13   21 0.29
  19   45 0.05
  11   28 0.68
  26   37 0.09
  14   20 0.83
  10   31 0.52
  19   25 0.83
  25   44 0.13
   7   19 0.42
  18   30 0.33
  16   34 0.74
   4   16 0.04
   5   23 0.54
  11   26 0.72
  25   39 0.56
   0   26 0.49
  10   31 0.84
  21   26 0.33
   4   27 0.60
   9   25 0.87
  12   31 0.30
  20   28 0.02
   6   12 0.77
   0   25 0.47
   8   22 0.74
  19   42 0.10
  16   21 0.10
  22   48 0.29
  14   17 0.68
  15   39 0.01
  24   25 0.44
   1    2 0.50
  13   17 0.65
   4   18 0.87
  11   18 0.66
   9   30 0.38
  21   39 0.20
  21   31 0.29
   6   17 0.24
  20   43 0.16
  24   45 0.68
  22   48 0.42
  18   40 0.03
   5   29 0.01
   5   30 0.16
  15   40 0.38
   2   17 0.36
   6    9 0.55
  23   33 0.06
  15   40 0.45
   0    8 0.62
  26   45 0.62
  12   38 0.28
   0    4 0.34
  12   13 0.14
  12   27 0.32
  21   26 0.40
   1   17 0.91
  16   22 0.78
  14   26 0.32
  11   16 0.46
  16   17 0.60
  20   21 0.68
  19   30 0.51

