3 25 8
12    2   4  20   4   2   2   4   4  16  10  16  16

  50   66 0.03
  40   65 0.29
   0   17 0.07
  57   58 0.79
  75   89 0.70
  67   80 0.41
  65   87 0.58
  38   60 0.32
  47   68 0.56
  49   49 0.42
  37   42 0.55
  20   33 0.05
  36   36 0.20
  50   59 0.86
  66   71 0.47
  30   53 0.44
  75   98 0.11
  10   18 0.86
  20   25 0.42
  66   77 0.49
  19   36 0.85
   4   18 0.71
   6   25 0.54
  34   35 0.89
  21   35 0.52

  75  100 0.24
  30   39 0.73
  37   41 0.32
  16   22 0.98
  36   37 0.71
  53   72 0.25
  49   74 0.86
  66   70 0.44
  18   20 0.97
  50   67 0.00
  34   59 0.98
  21   32 0.03
  68   81 0.74
  64   68 0.74
  62   63 0.59
  60   64 0.39
  19   41 0.28
  67   84 0.51
  51   65 0.64
  50   56 0.97
  15   20 0.08
  27   44 0.46
  13   36 0.21
   4   15 0.05
  74   82 0.34

  44   60 0.44
  13   21 0.19
  15   18 0.95
  41   58 0.21
  57   58 0.77
  13   27 0.73
  69   78 0.46
  57   81 0.50
   1    2 0.48
  51   71 0.00
  66   77 0.07
  70   71 0.00
   5   22 0.22
  31   44 0.72
  34   57 0.68
  10   20 0.61
  14   37 0.46
  31   41 0.47
   4   12 0.17
  74   82 0.42
  53   56 0.98
   8   13 0.62
  57   64 0.49
  21   39 0.25
  53   76 0.92

   6   24 0.11
   4    7 0.84
  44   63 0.95
  26   38 0.75
  48   73 0.30
   5   16 0.68
  10   11 0.95
  31   40 0.35
  14   23 0.95
  27   39 0.94
  41   50 0.58
  56   62 0.40
  13   31 0.94
   4   10 0.63
  75  100 0.67
  22   22 0.98
  47   57 0.84
  13   28 0.03
  49   56 0.15
  51   64 0.17
  61   79 0.90
   6   26 0.20
  16   19 0.53
  23   38 0.24
  18   25 0.55

  72   73 0.82
  32   42 0.86
  30   51 0.90
  17   28 0.11
  58   72 0.26
  74   99 0.00
  65   65 0.21
  33   44 0.90
   5   14 0.70
  67   88 0.63
  29   40 0.77
   4   14 0.58
   0   25 0.76
  24   30 0.17
  50   62 0.60
  56   72 0.76
  47   72 0.53
  22   24 0.47
  18   27 0.11
  49   71 0.01
  31   37 0.55
  12   12 0.07
   8   15 0.43
  15   35 0.84
  17   17 0.20

  35   53 0.67
   6   10 0.46
  66   86 0.54
  41   52 0.38
  13   30 0.70
  12   13 0.08
   0    1 0.93
  33   44 0.77
  23   36 0.62
  10   27 0.58
  35   44 0.33
  65   84 0.63
  46   53 0.54
  28   30 0.68
  12   22 0.85
  76   87 0.06
  76   82 0.09
  11   22 0.06
  55   62 0.17
  35   48 0.89
  11   24 0.75
  33   43 0.16
  41   53 0.04
  11   35 0.16
  29   53 0.99

  26   41 0.34
  22   35 0.32
  34   47 0.22
  13   36 0.37
  52   71 0.31
  29   33 0.71
  52   64 0.37
  25   47 0.65
   2   24 0.16
  59   82 0.73
  69   73 0.41
  29   39 0.72
  59   76 0.28
  69   94 0.72
   9   29 0.11
   7   14 0.05
  15   37 0.50
   2   26 0.80
   8   13 0.75
  58   80 0.83
  28   42 0.63
   6   22 0.91
  27   29 0.52
  49   55 0.77
  24   37 0.96

  17   28 0.11
  69   91 0.56
  50   58 0.82
  56   74 0.06
  59   72 0.62
  26   33 0.32
  39   59 0.11
  26   44 0.01
  37   61 0.52
   5   16 0.25
  28   28 0.54
   0    4 0.38
  26   27 0.27
  65   90 0.27
  40   53 0.92
  37   56 0.52
  57   75 0.80
   5   29 0.69
  40   50 0.86
  27   45 0.49
   5    5 0.10
   9   30 0.02
  18   42 0.36
  66   74 0.29
  46   56 0.92

   3   14 0.27
  61   79 0.86
  17   23 0.96
   1    3 0.07
  57   63 0.36
  58   61 0.62
  73   92 0.92
  73   88 0.00
  64   68 0.76
  33   35 0.82
   3   21 0.21
   5   13 0.69
  38   55 0.16
  48   65 0.26
  60   82 0.11
  10   25 0.46
  21   24 0.03
   0    7 0.57
  53   53 0.99
   5   12 0.04
  56   70 0.72
  66   81 0.85
  23   38 0.86
  22   29 0.61
  20   30 0.51

  36   57 0.36
  34   43 0.27
  65   85 0.70
   9   17 0.65
  39   52 0.90
  54   76 0.04
  30   41 0.69
  16   39 0.38
  49   63 0.27
  25   30 0.84
  15   34 0.06
  72   79 0.59
  19   32 0.41
   0   25 0.82
  75   89 0.00
  15   30 0.69
   9   17 0.82
  55   58 0.80
  75   87 0.27
  18   38 0.20
  33   34 0.37
  15   34 0.45
   2   27 0.92
  76   77 0.89
  56   71 0.07

   3   11 0.16
  17   22 0.28
  54   71 0.87
   8    8 0.28
  51   57 0.62
  66   69 0.30
   0   14 0.66
   4   28 0.52
  24   43 0.46
  65   67 0.48
  31   56 0.56
  24   40 0.52
  32   35 0.60
  31   33 0.67
   4   13 0.48
  74   86 0.99
   2    4 0.74
  35   39 0.37
  66   85 0.53
  44   56 0.05
  55   69 0.66
  59   82 0.87
  63   87 0.12
  38   46 0.90
  18   30 0.68

  33   55 0.35
  12   33 0.68
  11   14 0.88
  27   40 0.59
  26   28 0.60
  25   41 0.29
   4   26 0.99
  45   70 0.79
  59   67 0.68
  12   30 0.24
  29   49 0.88
  49   61 0.72
  13   38 0.58
  43   45 0.14
  26   41 0.20
  58   80 0.54
  44   48 0.88
   9   30 0.32
  69   71 0.53
  47   60 0.58
  17   35 0.66
  21   28 0.17
  60   67 0.66
  13   32 0.40
  29   53 0.88

