5 20 4
12    2  16  20  10  16   2   2  16  16   2  10  16

  94  114 0.62
  47   84 0.57
  88   92 0.93
  76  119 0.28
  70   86 0.43
  19   48 0.49
  59   61 0.70
  13   71 0.15
  50   83 0.01
  37   54 0.27
  19   77 0.57
  94  150 0.88
  52   52 0.72
  73   80 0.60
  76  130 0.42
  50  106 0.46
  11   45 0.61
  54   56 0.61
  23   80 0.38
  66   66 0.67

  30   32 0.20
  41   46 0.60
  31   72 0.81
  53   97 0.81
  23   71 0.58
  71   80 0.36
  78   80 0.64
  79   82 0.97
  66   92 0.99
  49  110 0.05
  32   88 0.14
  24   49 0.61
  38   63 0.10
  47  109 0.86
  37   81 0.61
  45   82 0.17
   2   64 0.65
  86  109 0.39
  61   80 0.93
  76  112 0.46

  76  106 0.11
  91  150 0.97
  48   82 0.49
  91  137 0.90
  39   66 0.88
  91   91 0.32
  77  138 0.98
  25   48 0.98
  36   88 0.56
  43   74 0.60
  36   70 0.92
  41   50 0.37
  27   42 0.59
  93  135 0.55
  37   53 0.18
  59   91 0.37
  73   78 0.03
  51   64 0.82
  58  119 0.12
  29   35 0.16

  44   90 0.82
  41   49 0.01
  34   91 0.95
  34   50 0.25
  93  139 0.27
  93  137 0.40
  16   44 0.42
  48   74 0.72
  78   78 0.11
  65   85 0.48
  68  122 0.51
  15   46 0.50
  36   37 0.69
   4   43 0.46
   9   64 0.56
  48   75 0.44
  23   86 0.30
  29   41 0.50
  79  108 0.59
  92  129 0.89

   8   10 0.16
  25   69 0.87
  10   40 0.22
  62   69 0.78
  67   94 0.78
  38   84 0.53
  43   65 0.95
  50   83 0.95
  85  129 0.52
   0   48 0.59
  93  143 0.16
  79  140 0.59
  47  103 0.00
  91   93 0.06
   3   32 0.38
  82  133 0.81
  28   71 0.77
  50   89 0.94
  48   91 0.68
  77   78 0.08

  32   76 0.54
  15   29 0.45
  72   75 0.13
  47   83 0.31
  51   85 0.62
  90  104 0.85
  53   71 0.74
  53  111 0.78
  60   64 0.82
  39   72 0.21
  44   89 0.09
  81  108 0.11
  81  117 0.66
  26   61 0.34
  34   39 0.94
  25   78 0.41
  14   76 0.85
  61   72 0.10
  41   58 0.52
  18   57 0.37

  52  113 0.99
  70  111 0.10
  48  104 0.86
  93  126 0.11
   4   18 0.57
  33   66 0.05
  91  153 0.51
   2   60 0.48
  92  132 0.76
   5   44 0.89
  30   79 0.38
  92  110 0.19
  50   77 0.68
  53  113 0.13
  63   82 0.59
  69  111 0.53
  15   39 0.02
  85  125 0.90
  45   54 0.94
  66   67 0.00

  78   79 0.32
  47  104 0.70
  60   65 0.78
  49   97 0.81
  21   71 0.81
  37   96 0.58
   4   52 0.66
  17   26 0.22
  84   99 0.57
  26   82 0.35
  57   84 0.41
  18   61 0.09
  60   75 0.02
  91  141 0.48
  11   51 0.59
  95  136 0.30
   1   10 0.55
  51   82 0.30
  33   84 0.17
   8   37 0.01

  20   81 0.97
  78  115 0.97
  81   87 0.42
  20   26 0.68
  90  127 0.63
  13   35 0.17
  68  129 0.81
  70  112 0.04
  81  142 0.50
  75  121 0.43
  41   95 0.02
  79  119 0.55
  37   53 0.05
  15   26 0.73
  23   84 0.04
  20   49 0.69
  46   50 0.25
  51   95 0.15
  71  125 0.62
  32   91 0.89

  13   53 0.37
  83  128 0.20
  80   92 0.93
  76  113 0.74
  70  130 0.97
  57   59 0.81
   5   29 0.35
  12   26 0.81
   0    1 0.40
  71  122 0.29
  13   34 0.34
  94  112 0.78
  91   93 0.58
  70   93 0.56
  34   37 0.66
  78   99 0.96
  50   84 0.55
  14   34 0.72
  45   71 0.14
  77  104 0.29

  50   89 0.21
  86  108 0.82
  64  113 0.76
  83  124 0.29
  89   96 0.28
  30   44 0.49
  84  130 0.08
  49   75 0.04
  83  132 0.15
  91  137 0.60
   3   51 0.32
  60   64 0.18
  81  112 0.42
  66  100 0.68
  41   99 0.18
  54   66 0.24
  75  101 0.42
  23   40 0.84
  87  121 0.41
  94  101 0.73

  24   37 0.24
  55   75 0.64
  88  147 0.40
  90  110 0.02
  43   57 0.06
   4   59 0.05
  41  104 0.91
  34   88 0.45
  80  121 0.26
  81  127 0.07
  51   51 0.07
  81  135 0.62
   8   55 0.83
  46   72 0.83
  10   26 0.61
  39   96 0.15
   2   65 0.98
  85  145 0.70
  43   90 0.86
   2   32 0.11

