5 20 4
12   20  16  10   4   4  10  10  16  16   4   4   2

   4   34 0.22
  13   46 0.09
  27   54 0.10
  22   58 0.04
  19   28 0.12
   0   42 0.64
   7   28 0.29
  20   30 0.21
  18   72 0.55
  10   27 0.96
  11   43 0.90
   0    1 0.42
   5   35 0.39
   0    6 0.15
   3   34 0.71
  18   69 0.66
  11   23 0.47
  27   61 0.92
  22   73 0.13
  24   34 0.61

   1   29 0.33
  12   39 0.93
  11   17 0.95
  19   60 0.84
  10   33 0.09
   2   14 0.17
   1   16 0.62
  27   34 0.70
  19   39 0.36
  18   56 0.05
  25   32 0.11
   4   18 0.12
  24   56 0.06
  14   52 0.03
  21   61 0.52
  24   26 0.92
   2   12 0.30
   2   58 0.62
   7   61 0.91
  18   48 0.89

  16   34 0.34
  13   40 0.68
  12   38 0.47
  15   42 0.10
  23   37 0.78
   8   41 0.56
  28   77 0.85
  21   74 0.52
  25   39 0.90
   0   25 0.55
   4    4 0.79
   5   33 0.95
  18   66 0.82
  11   32 0.86
   4   20 0.83
  19   51 0.80
  12   61 0.17
   2   16 0.81
  13   26 0.22
  24   49 0.13

  26   71 0.90
  26   54 0.57
  21   29 0.93
   4   12 0.54
  25   35 0.01
  15   67 0.39
  25   53 0.09
  12   32 0.45
  19   61 0.66
  13   41 0.92
  25   71 0.70
  18   75 0.43
  25   77 0.37
  11   35 0.13
  16   25 0.57
  13   59 0.11
  16   58 0.34
  21   21 0.61
   2   44 0.39
   2   59 0.31

   7   33 0.83
  22   67 0.91
  24   28 0.48
   1   36 0.92
  18   65 0.71
  19   32 0.48
  18   19 0.16
  12   54 0.31
  24   81 0.54
  12   53 0.17
  23   28 0.72
   6    8 0.78
   8   61 0.69
   7   59 0.81
   3   11 0.72
   5   61 0.00
  27   34 0.67
   4   56 0.26
  25   79 0.40
   5   47 0.09

   6   40 0.92
  15   71 0.09
  18   52 0.96
  15   59 0.45
  13   16 0.94
  28   36 0.15
  11   67 0.52
   0   53 0.14
  10   18 0.34
  19   60 0.65
  25   79 0.88
   4   25 0.91
   8   25 0.32
  17   51 0.43
  11   28 0.60
  15   70 0.86
   9   56 0.53
   4   53 0.08
  21   69 0.52
  26   54 0.25

  19   39 0.08
  22   44 0.94
  15   60 0.06
  20   56 0.74
   8   64 0.03
   0   50 0.00
  22   38 0.07
  11   38 0.16
  26   67 0.21
  25   25 0.32
   1   22 0.66
  24   69 0.42
  18   51 0.21
   7   21 0.11
  16   62 0.79
  16   18 0.41
  21   49 0.56
  18   28 0.21
  10   32 0.20
  12   25 0.36

   2   41 0.42
  22   35 0.17
   9    9 0.98
   4   18 0.08
   5   55 0.28
  18   46 0.77
  24   32 0.18
   0   17 0.56
   8   14 0.94
  25   32 0.06
  27   29 0.85
   9   56 0.75
  11   13 0.24
   6   43 0.07
   6   30 0.77
   3   11 0.47
  15   24 0.59
  14   39 0.59
  10   34 0.69
  12   34 0.57

   5   47 0.94
  11   18 0.92
  12   31 0.03
   9   41 0.75
   2   35 0.96
   2   22 0.82
  23   58 0.04
  21   65 0.73
   6   40 0.56
  13   57 0.47
  23   32 0.12
   4   28 0.91
   4   41 0.94
  19   31 0.85
  14   26 0.15
  17   66 0.82
   9   52 0.48
  17   63 0.29
   7   25 0.52
  22   74 0.50

  16   23 0.89
  19   28 0.65
  21   67 0.92
  22   66 0.47
  22   57 0.61
  19   52 0.57
  26   52 0.69
  10   15 0.91
  26   67 0.06
   8   55 0.46
   6   23 0.75
  13   26 0.02
   6   41 0.74
   4   55 0.11
  28   73 0.95
  11   35 0.75
   7   35 0.33
   4   28 0.87
   1    5 0.39
  12   68 0.40

  25   37 0.80
  28   73 0.43
  26   50 0.46
  17   54 0.77
   4   18 0.26
   1   29 0.16
   4   41 0.92
  24   31 0.05
  14   20 0.23
  19   41 0.36
  14   63 0.52
   8   29 0.59
   6   19 0.39
  28   38 0.26
   9    9 0.29
  16   28 0.70
  24   36 0.68
  10   62 0.07
  20   53 0.26
  12   30 0.32

  27   84 0.82
  19   47 0.67
  12   31 0.21
   3   34 0.53
   1   10 0.70
   6   36 0.20
  12   60 0.82
   2   19 0.24
  27   41 0.53
   0   45 0.74
   4   61 0.92
  21   46 0.29
  28   72 0.75
   9   55 0.18
  15   45 0.92
   2   30 0.24
   3   49 0.47
  19   76 0.75
  25   35 0.97
  13   18 0.57

