3 100 4
3    4  10  10

  38  124 0.94
  28  146 0.96
  40  148 0.39
  23   59 0.60
  14  124 0.67
  43  162 0.34
  22   41 0.81
  48  173 0.42
  39  172 0.56
  42  151 0.96
  27   74 0.06
  15   55 0.30
  31   74 0.83
  44   81 0.05
  10  144 0.88
  15   89 0.35
  40  182 0.58
  40  167 0.98
  15   82 0.26
  18   62 0.37
  49   83 0.15
   0   83 0.79
  23   51 0.04
  14  120 0.31
   7   19 0.76
  17   24 0.83
  47   49 0.72
  23   93 0.34
  25  156 0.42
  24  121 0.05
   8   89 0.97
  42   49 0.94
  20  131 0.72
   3   98 0.40
  30  124 0.38
  37   81 0.53
  48  155 0.89
  31   37 0.31
  11  125 0.06
  42  146 0.17
  21  113 0.10
  49  171 0.90
  14   88 0.98
  15   60 0.13
  44   61 0.09
   1  124 0.59
  41   93 0.86
  16  159 0.02
   8  109 0.14
  35  168 0.69
  46   46 0.89
  13   92 0.90
  19  144 0.32
  30  125 0.37
  12  121 0.83
  26   89 0.86
   0   74 0.46
  23  128 0.59
  46   76 0.01
  29   46 0.77
   5   27 0.99
  46   82 0.04
  26  120 0.44
   1   24 0.09
  22  125 0.26
   6   48 0.59
  20   25 0.40
  33   59 0.49
  15  126 0.95
  21   71 0.69
  19   61 0.42
  29  121 0.26
   5    6 0.30
  28   57 0.36
  44  187 0.20
  27  106 0.74
   0   93 0.22
  13   95 0.29
   9  145 0.49
   3  126 0.14
  40  122 0.06
  47  160 0.58
  34   81 0.49
  22  144 0.11
  33  132 0.81
  22  143 0.25
   2   19 0.50
  31   97 0.60
  11  155 0.55
  33  144 0.02
  21  152 0.39
  27   74 0.82
   7  132 0.41
  34  149 0.57
   6   93 0.45
  24   43 0.05
  25   91 0.82
  34   44 0.16
  48  169 0.91
  25  111 0.49

  18  129 0.77
  22   78 0.36
  35   98 0.54
  37  135 0.83
  11  143 0.06
   1   95 0.15
  35   91 0.33
  41  112 0.21
   1   66 0.92
  36  155 0.49
  18   74 0.73
  35   83 0.91
  11  143 0.86
  46   63 0.65
   1   93 0.85
  47   48 0.24
  22   56 0.93
  36  123 0.06
   0   54 0.09
  43   57 0.97
  33  151 0.99
  22   96 0.45
  40  109 0.96
  47  168 0.93
   1    4 0.34
  44  108 0.66
   5   85 0.54
   4   93 0.84
  18   43 0.58
  30  111 0.84
  34   70 0.39
  30   52 0.32
  37  121 0.02
  13  124 0.77
   6   73 0.89
  48  150 0.26
  38  131 0.16
   1   30 0.13
  15   72 0.28
  46  168 0.09
   2    2 0.72
  39  161 0.84
  27   98 0.43
  37   45 0.56
  13   47 0.08
  46  106 0.02
  25  160 0.46
  32   62 0.00
  37  125 0.78
  42   80 0.72
  25   55 0.18
  13   66 0.04
  41  175 0.73
  30   63 0.61
  42  177 0.52
  43  155 0.40
  26   33 0.16
  42   68 0.90
  37   63 0.50
   4    9 0.53
  47   84 0.67
  30   98 0.41
  32  135 0.66
  47   83 0.63
  41   99 0.55
  25  109 0.94
  16   35 0.83
  46  108 0.63
  34  158 0.69
  21   44 0.23
   0  103 0.70
  39   83 0.10
   5  104 0.26
  18  158 0.91
  35  126 0.94
   7  128 0.62
  38  145 0.14
  40   78 0.49
  26   91 0.83
  38  105 0.96
  24   51 0.54
  23  124 0.35
  47  149 0.91
  26  125 0.90
  43  187 0.02
   5   38 0.64
  36  122 0.53
   0  136 0.38
  34  155 0.08
   2   97 0.45
  39  127 0.26
   6  115 0.14
  45  130 0.53
   0   50 0.08
  10   98 0.26
  15   39 0.54
  39  158 0.61
  39   98 0.44
  11   60 0.57
  35  105 0.03

   1   94 0.01
  19   89 0.82
  49  126 0.25
  31  149 0.10
   9  109 0.94
  15  141 0.76
  34  168 0.82
  47  172 0.60
  39  144 0.78
  31  109 0.31
  12   37 0.20
  47  175 0.11
  31   67 0.54
  24  110 0.34
  16  118 0.92
  36   64 0.26
   7   43 0.03
  10   24 0.44
  44  115 0.53
  43   71 0.81
  41  111 0.05
   0   79 0.03
  39   47 0.00
  47   86 0.04
   8  123 0.19
   0   55 0.77
   3  120 0.42
  26  163 0.32
  13   64 0.22
  48  151 0.48
  23  136 0.86
   5  105 0.85
  16  148 0.11
  11  137 0.60
  10   89 0.31
  40  142 0.46
   2  112 0.64
  49   78 0.44
   7  135 0.48
  28  128 0.71
   9   83 0.02
   5   99 0.78
   2   77 0.45
  26   60 0.02
   3  141 0.86
   3  102 0.99
   0   27 0.03
  37   41 0.53
  12   34 0.86
   1   84 0.91
  27  109 0.39
  47  129 0.45
  11   23 0.85
   1   86 0.28
   4   40 0.39
  30  116 0.22
  36   51 0.63
   2  130 0.84
  25   54 0.75
   6   87 0.42
  43   87 0.54
  22   87 0.76
  10   70 0.98
  34  145 0.47
  10   19 0.93
   7   90 0.11
   4   69 0.28
  36   98 0.69
  13  137 0.31
  34   64 0.88
  42  143 0.54
   5   91 0.11
  48   89 0.78
  21   83 0.63
   0  117 0.23
  14  143 0.69
  20   74 0.74
   6  105 0.14
  29   45 0.66
  25   27 0.74
  22  122 0.59
  27   40 0.47
   3   44 0.04
  44   44 0.92
  13   41 0.98
  34   73 0.76
  12   67 0.00
  31   96 0.69
  36  109 0.79
  21   82 0.06
  28  149 0.20
  20   29 0.75
   5   79 0.19
  41  117 0.62
  21  160 0.74
   2   38 0.26
  28  144 0.33
  33   75 0.54
  30   35 0.23
  10   96 0.13

