5 40 8
6   10  10  10  10  10   4

  24   47 0.22
  15   15 0.80
   8   26 0.36
  17   30 0.66
  12   26 0.05
  11   34 0.07
   8   33 0.73
   6    8 0.97
  12   19 0.98
  17   22 0.47
   4   25 0.61
  10   31 0.19
   9   29 0.28
  10   24 0.10
  18   40 0.31
  11   12 0.99
  14   37 0.63
   2    8 0.86
  13   29 0.66
   2   11 0.34
  24   41 0.86
   4   28 0.59
  13   39 0.34
  11   17 0.26
   4   11 0.80
  20   31 0.15
   4    9 0.36
  22   47 0.62
  26   39 0.19
  16   31 0.96
   5   31 0.26
   7   22 0.75
  18   40 0.85
  22   29 0.85
  17   31 0.46
   2   18 0.11
  19   41 0.99
   7   16 0.43
  18   27 0.90
   5   31 0.75

  22   45 0.55
  25   34 0.74
   3    9 0.53
   3   19 0.82
   3   16 0.24
  20   25 0.98
  23   33 0.92
   3   20 0.25
  12   22 0.73
  21   33 0.28
  15   39 0.23
   8   26 0.61
   7   22 0.83
  20   24 0.26
   0   10 0.77
  11   22 0.84
  14   32 0.19
  26   30 0.81
   4    8 0.21
  15   28 0.71
  12   38 0.08
   6    8 0.41
  25   38 0.51
  20   42 0.15
   0    6 0.56
   5   22 0.65
  15   28 0.56
   1   22 0.14
  19   44 0.93
   1   15 0.94
  16   22 0.69
  26   34 0.51
  25   28 0.46
   9   30 0.09
  25   26 0.89
  12   32 0.98
   3   28 0.46
   0   25 0.11
  20   43 0.28
  25   46 0.70

  22   27 0.00
  20   32 0.77
  23   37 0.51
   1    6 0.99
   2   20 0.96
  15   20 0.07
   4   15 0.26
  12   25 0.88
   6   14 0.81
   0   16 0.29
   5   13 0.99
  26   41 0.72
  18   40 0.00
  11   16 0.76
  15   41 0.44
   0    5 0.19
  17   20 0.49
  25   39 0.17
  16   23 0.63
  21   36 0.44
  10   11 0.83
  17   41 0.43
  26   43 0.94
  16   38 0.05
  11   20 0.53
  14   18 0.34
   2   26 0.31
   3    6 0.19
  26   42 0.26
  23   48 0.05
  22   42 0.60
  10   29 0.87
  24   37 0.64
  12   35 0.73
  11   25 0.09
   0   21 0.92
   8   29 0.69
   1   25 0.02
  24   47 0.40
  15   19 0.70

  23   40 0.39
  18   42 0.97
  24   30 0.42
  24   44 0.46
   7   16 0.34
  15   23 0.58
   4   13 0.45
   6    8 0.47
   3   11 0.30
  24   28 0.87
  19   28 0.62
   9    9 0.25
  11   12 0.69
   0   10 0.42
  12   23 0.96
  16   20 0.25
   2   25 0.10
  20   39 0.17
   4   30 0.00
  20   37 0.57
  11   14 0.72
   8   33 0.71
  13   18 0.51
   8    8 0.40
  10   26 0.50
  17   35 0.76
  24   34 0.94
  18   41 0.16
   8   26 0.95
   8    8 0.83
  10   25 0.92
  20   35 0.41
  15   20 0.59
   7   13 0.79
  20   38 0.57
  26   51 0.05
   3   17 0.86
   4    7 0.45
   6   19 0.45
   2    5 0.67

   9   33 0.25
   0    4 0.81
  12   22 0.47
  21   36 0.13
  17   41 0.28
   8   31 0.48
  14   36 0.60
  16   30 0.78
  12   29 0.79
  14   29 0.08
  13   24 0.87
   6   12 0.19
  19   45 0.32
   4   10 0.00
  15   20 0.18
  15   18 0.36
  22   42 0.24
   0    1 0.99
  15   21 0.33
  21   28 0.38
  16   22 0.32
  17   29 0.59
   7   11 0.06
  19   45 0.95
   2   13 0.30
  20   25 0.55
   1    5 0.85
  10   18 0.53
  17   43 0.08
  13   28 0.00
  20   25 0.85
  19   45 0.27
   7   25 0.17
  16   17 0.55
  26   52 0.42
  15   24 0.92
  20   21 0.42
  19   19 0.52
   2   15 0.49
  21   21 0.46

  20   31 0.11
   2    4 0.49
   7   22 0.46
   3    6 0.10
   7   30 0.62
  15   23 0.95
  11   14 0.92
  26   44 0.97
  20   22 0.83
  24   44 0.05
   0   24 0.83
  23   38 0.23
  16   38 0.17
  24   36 0.05
  17   17 0.89
  20   33 0.30
  24   47 0.64
  15   15 0.91
   5   12 0.29
  19   20 0.58
   3   15 0.92
  14   24 0.88
  23   26 0.52
   5    6 0.50
   5   26 0.14
  17   23 0.80
   4   12 0.77
  24   34 0.06
  18   24 0.00
  23   38 0.50
   8   12 0.12
  15   26 0.51
   4   16 0.82
   1    5 0.00
  14   33 0.65
  10   29 0.58
  10   25 0.90
  26   42 0.17
   1    6 0.86
  11   22 0.17

