4 20 8
12   16  20  10  20  10  16  16  20  16   4  16   2

  21   41 0.58
  20   29 0.95
   5   14 0.39
  14   31 0.48
   4   26 0.76
  17   30 0.85
  15   30 0.28
  23   25 0.11
  11   24 0.49
  15   16 0.43
  23   46 0.43
   2   23 0.01
  24   40 0.15
   3    6 0.53
   6   25 0.10
   2   25 0.56
  10   13 0.40
  22   38 0.39
  13   15 0.07
  11   35 0.83

   1    9 0.28
  16   19 0.72
  22   46 0.14
   0    4 0.92
  19   36 0.12
  11   14 0.69
  15   33 0.45
   1   20 0.25
   8   11 0.63
  10   12 0.69
  22   38 0.88
   5    7 0.74
   8   10 0.70
   2   20 0.82
   1   21 0.45
  15   34 0.90
  11   32 0.28
  23   35 0.64
  21   41 0.72
  15   16 0.47

  22   40 0.10
   1    2 0.28
  16   20 0.70
  11   24 0.72
  12   17 0.80
   3   19 0.52
  22   28 0.43
  22   32 0.98
   0    0 0.36
   0    1 0.90
  21   33 0.48
  17   38 0.47
  13   28 0.19
  22   26 0.55
  15   35 0.43
  14   31 0.09
  11   28 0.77
  24   29 0.21
  12   24 0.62
  24   35 0.21

  22   29 0.77
   2   18 0.31
   6   22 0.81
  10   19 0.03
   4   27 0.26
   9   33 0.96
   8   31 0.67
  13   20 0.77
  19   21 0.36
  10   26 0.85
  12   16 0.78
   2   20 0.60
  24   25 0.86
  24   30 0.03
   2   25 0.75
  17   21 0.54
   2   15 0.34
  24   29 0.00
  21   30 0.77
  18   18 0.49

   3   20 0.69
  13   25 0.29
  16   23 0.93
  21   24 0.79
   4   10 0.21
  24   37 0.77
  12   15 0.94
   9   22 0.03
   7    7 0.33
  17   22 0.40
  19   34 0.00
  13   35 0.71
  19   42 0.85
   1   17 0.90
   1    7 0.63
   7   15 0.83
   0    4 0.02
   9   21 0.25
   9   30 0.45
  19   42 0.36

  24   44 0.91
  12   28 0.13
   5   16 0.16
  18   18 0.01
  24   25 0.64
   3   26 0.63
  13   34 0.81
  24   29 0.91
   5    9 0.41
   8   10 0.08
   4   19 0.80
  23   42 0.83
   8    8 0.15
  20   43 0.31
   9    9 0.90
  14   19 0.84
  12   15 0.07
  18   19 0.69
   4   20 0.47
  20   22 0.81

   0   10 0.19
   5   22 0.96
  11   20 0.05
  11   15 0.84
  19   42 0.42
  18   27 0.06
  14   30 0.01
  17   18 0.25
  11   30 0.10
   5   16 0.06
   0   23 0.31
  21   33 0.85
   1   24 0.41
   1    6 0.15
  14   35 0.12
  19   37 0.98
  21   42 0.68
  24   26 0.57
  11   30 0.22
   7   30 0.87

   3   24 0.46
  11   21 0.53
  18   39 0.84
  17   41 0.83
  14   22 0.20
  15   38 0.61
   2    4 0.95
  17   36 0.95
  10   16 0.96
  20   25 0.95
   3   12 0.80
  21   45 0.87
  21   25 0.48
  24   37 0.73
  15   38 0.31
  24   30 0.25
  15   37 0.20
  19   21 0.06
   3   14 0.92
  18   38 0.12

  16   36 0.99
  14   37 0.95
   3   25 0.52
   9   32 0.99
   1   11 0.86
  15   37 0.88
  10   34 0.23
   8    9 0.51
   5   10 0.94
  16   28 0.44
  12   30 0.40
  19   38 0.34
   5   20 0.52
  23   37 0.79
   3   13 0.16
   6   22 0.73
  12   22 0.70
  12   13 0.31
  17   25 0.07
  10   12 0.94

   8   20 0.32
   8   20 0.21
  17   33 0.64
  22   26 0.09
  13   15 0.62
  21   30 0.44
   6   22 0.11
   3   22 0.48
   4   10 0.80
   1   13 0.83
  19   39 0.60
  24   29 0.06
   1   12 0.52
  14   25 0.23
  13   22 0.49
  15   21 0.78
   9   12 0.79
   9   29 0.96
   0   10 0.33
  17   40 0.64

   9   30 0.75
  22   27 0.01
  17   20 0.92
  15   22 0.52
   3   26 0.11
   7   30 0.61
  21   43 0.62
  11   15 0.12
  20   36 0.48
  19   38 0.96
  16   34 0.75
  19   31 0.63
   2    3 0.47
   8    9 0.41
  15   25 0.94
  23   35 0.07
  19   35 0.48
  17   36 0.25
  14   34 0.25
   2   21 0.35

   1   23 0.37
  24   46 0.28
   9   12 0.21
   7   16 0.74
  22   23 0.93
  11   32 0.43
   0    7 0.75
  16   16 0.10
   4   21 0.91
  10   33 0.34
   1   16 0.90
  15   21 0.21
  19   41 0.10
   6   30 0.19
  22   44 0.45
  12   31 0.13
  16   31 0.64
  24   24 0.07
  24   27 0.72
   9   19 0.06

