4 100 8
3   10   4  10

   4   30 0.83
  38   71 0.77
  34   51 0.71
  38   60 0.32
  12   38 0.72
  24   48 0.45
  16   49 0.63
  18   54 0.15
  26   40 0.48
  19   31 0.39
   3   17 0.66
  21   27 0.38
  43   61 0.51
  23   54 0.22
   5   17 0.59
  53   58 0.46
  19   48 0.46
  40   64 0.09
  18   45 0.65
  27   38 0.50
  14   43 0.85
  53   65 0.19
  46   52 0.19
  50   72 0.05
  31   59 0.81
  49   70 0.11
  31   52 0.73
  49   80 0.95
  46   46 0.65
   5   25 0.94
  12   21 0.32
  53   69 0.66
  39   60 0.20
  22   36 0.17
   5   28 0.59
  18   48 0.97
  24   41 0.11
   3   38 0.52
  52   68 0.63
  52   62 0.60
   2   33 0.29
  18   29 0.24
  12   25 0.44
  49   83 0.53
  27   63 0.55
   3   19 0.20
  48   68 0.88
  18   52 0.27
  42   50 0.54
   5   29 0.86
  46   64 0.68
  34   40 0.64
  11   28 0.69
  17   21 0.89
   5   31 0.86
  22   37 0.53
   5   27 0.88
  28   34 0.80
   4   12 0.86
  38   41 0.97
  34   44 0.90
   9   12 0.14
  21   41 0.91
  35   52 0.41
  15   18 0.81
   6   38 0.68
   1   36 0.44
  17   44 0.82
  36   48 0.24
  45   58 0.91
  44   54 0.23
  39   64 0.39
  37   72 0.96
  15   15 0.78
  51   85 0.78
  29   48 0.94
   9   34 0.36
  45   50 0.71
  13   14 0.20
  30   58 0.77
  25   45 0.38
  23   29 0.02
   7   31 0.45
  23   25 0.74
  13   15 0.85
   0    2 0.65
  44   53 0.61
  54   82 0.10
  11   36 0.09
  49   65 0.94
  12   37 0.10
  15   35 0.41
   1   33 0.91
  46   59 0.54
  35   58 0.01
  35   36 0.56
  20   36 0.26
  39   69 0.98
  45   50 0.42
  18   39 0.39

  25   33 0.79
  32   38 0.12
  32   57 0.74
  19   45 0.21
  35   54 0.36
  43   61 0.39
  10   36 0.86
  34   65 0.64
   5   15 0.93
  28   63 0.14
  20   35 0.90
  25   31 0.67
  26   41 0.21
  29   29 0.65
  53   60 0.55
  50   56 0.43
  19   49 0.95
  43   58 0.17
  43   65 0.95
  20   43 0.34
  24   26 0.75
  25   43 0.43
  47   80 0.25
  12   19 0.23
   9   32 0.50
  45   61 0.83
   0   13 0.33
  55   55 0.23
   7   17 0.70
   8   32 0.21
  51   76 0.90
  29   58 0.70
  22   25 0.42
  10   46 0.31
  16   36 0.22
  24   41 0.81
  13   27 0.54
   5   34 0.13
  39   48 0.73
  22   34 0.15
  32   41 0.18
   8   34 0.18
  12   39 0.77
  51   79 0.46
  53   60 0.40
   0    8 0.25
  16   30 0.14
  51   55 0.47
  29   30 0.31
  10   44 0.71
  10   11 0.50
  23   41 0.49
  20   41 0.98
  36   47 0.89
  53   71 0.35
  30   49 0.54
  20   54 0.73
  45   62 0.32
  10   39 0.70
  46   55 0.54
  47   53 0.42
   2   17 0.24
   1    3 0.18
  18   37 0.97
  43   68 0.42
  35   56 0.58
  35   35 0.46
  15   48 0.96
  26   53 0.70
  54   88 0.26
  35   68 0.08
  50   65 0.23
  49   63 0.40
  26   45 0.44
  14   21 0.67
  21   21 0.24
  40   62 0.47
  47   47 0.44
  32   32 0.98
  42   51 0.22
  27   47 0.94
  52   75 0.84
  16   23 0.89
  15   27 0.81
  24   57 0.40
   1   12 0.13
  29   51 0.64
  51   78 0.34
  42   69 0.40
  31   55 0.63
  34   40 0.34
  31   65 0.02
  20   35 0.18
  13   45 0.10
  48   73 0.48
  17   17 0.99
  49   65 0.14
  52   86 0.28
  51   55 0.02
   6   35 0.44

  42   70 0.87
  21   45 0.40
   6   10 0.77
  47   74 0.13
   1    6 0.19
  34   58 0.82
  34   59 0.87
   5    7 0.91
  29   65 0.45
  51   84 0.64
   4   27 0.07
  39   46 0.21
  54   78 0.44
  50   73 0.08
  38   72 0.57
  44   52 0.64
  43   65 0.43
   1   17 0.03
   1   24 0.32
  12   44 0.19
  25   46 0.92
  42   51 0.26
   8   26 0.24
  52   85 0.51
   7   16 0.25
  48   77 0.24
  16   23 0.22
  27   32 0.36
  47   65 0.15
  53   65 0.08
  22   30 0.15
  30   47 0.43
  46   60 0.22
  35   56 0.04
  32   49 0.94
  35   53 0.68
   6   31 0.78
  31   56 0.48
  16   25 0.69
  28   41 0.67
  11   22 0.19
   3   35 0.03
  13   43 0.29
  11   33 0.83
  37   46 0.12
  35   38 0.23
  52   54 0.64
  21   35 0.65
  29   55 0.31
  11   20 0.27
  39   48 0.79
  42   44 0.50
  27   35 0.36
  15   34 0.74
  44   79 0.40
  52   70 0.55
  38   41 0.03
  43   48 0.58
  40   70 0.78
  14   31 0.93
  37   44 0.12
  53   80 0.23
  37   57 0.87
  40   72 0.13
  45   50 0.74
  24   53 0.37
  25   60 0.93
  48   77 0.52
   2    7 0.42
  18   29 0.60
  32   44 0.21
  51   75 0.74
  11   29 0.32
  24   42 0.90
  43   77 0.12
  52   76 0.01
   0   36 0.91
   0   17 0.68
   2   36 0.67
  12   22 0.89
   7   12 0.49
   8   40 0.29
  24   54 0.05
  43   69 0.50
  39   50 0.82
  38   44 0.47
  30   34 0.62
  47   79 0.12
  12   43 0.13
  47   62 0.48
   2   32 0.71
  43   44 0.37
  19   34 0.95
  37   45 0.97
   7   41 0.27
  34   57 0.40
  15   49 0.59
  11   11 0.45
  16   16 0.40
  12   42 0.54

