3 15 8
12   10  16   2  16   4   2  16  10  16   4   2  16

  47   90 0.69
  18   61 0.32
  18   57 0.26
  49   98 0.56
  43   73 0.58
  52   79 0.56
  31   58 0.66
  24   26 0.80
   6   25 0.64
  44   49 0.48
  42   43 0.16
  36   82 0.01
  34   81 0.06
  28   35 0.75
   6   47 0.74

  24   70 0.27
  35   69 0.53
  25   37 0.79
   3    6 0.38
  20   35 0.14
  16   54 0.51
  38   52 0.47
  28   55 0.08
  17   43 0.65
  37   58 0.62
  41   72 0.68
   3   20 0.62
  33   80 0.40
  49   55 0.84
  32   47 0.36

  45   96 0.43
   2   29 0.64
  28   55 0.90
  38   49 0.79
  20   31 0.41
   8   24 0.04
  13   30 0.91
   3   36 0.74
  50   98 0.31
   5   45 0.22
  47   48 0.67
  14   62 0.64
  42   56 0.10
  47   94 0.71
   2   47 0.31

  50   62 0.39
   7   46 0.58
  15   50 0.87
  44   56 0.99
  39   72 0.11
  34   77 0.39
   1   28 0.41
  23   75 0.42
  15   60 0.58
  16   28 0.29
  41   77 0.18
   0   45 0.89
  42   59 0.37
  38   71 0.29
  31   64 0.12

   0   30 0.15
  51   58 0.13
  19   64 0.98
  45   72 0.05
  15   17 0.35
  10   25 0.64
  29   43 0.19
   3   33 0.88
  27   60 0.18
  17   64 0.65
   6   53 0.58
  30   49 0.55
  43   70 0.83
  43   51 0.73
  46   58 0.40

  51   93 0.66
  11   26 0.33
   1   23 0.51
  43   63 0.58
  39   61 0.36
  41   42 0.45
  49   52 0.71
  10   27 0.80
  33   53 0.20
  49   81 0.72
  52   81 0.39
  44   52 0.84
  49   86 0.50
   3   44 0.09
  20   37 0.62

  11   61 0.98
   3   53 0.57
  40   68 0.98
  46   91 0.14
  18   54 0.73
  50   82 0.75
  33   78 0.87
  37   44 0.19
  12   54 0.12
   0   33 0.04
  19   28 0.44
   5   33 0.17
  10   31 0.78
   0   31 0.96
  36   52 0.13

  18   56 0.02
  22   50 0.12
  22   37 0.28
   1   30 0.55
  44   58 0.99
  20   40 0.10
  38   74 0.34
  19   32 0.17
  50   85 0.21
  36   64 0.28
   0   49 0.67
  12   13 0.59
  29   33 0.53
  38   51 0.96
  43   75 0.40

   0   47 0.50
  12   17 0.25
  17   60 0.70
  32   37 0.85
  44   45 0.77
  47   77 0.50
  21   50 0.80
  12   55 0.47
  47   87 0.15
  22   28 0.46
  13   46 0.36
  40   74 0.28
  46   83 0.08
  27   53 0.35
  38   84 0.37

  30   60 0.51
   0   32 0.44
  11   15 0.47
  48   70 0.24
   6   55 0.32
  21   23 0.42
  40   50 0.22
  45   83 0.65
  45   56 0.01
  37   56 0.30
  38   71 0.61
  11   29 0.10
  20   44 0.42
  17   31 0.66
  31   63 0.13

  41   89 0.31
  27   75 0.58
  12   43 0.29
  42   71 0.32
  38   47 0.12
  51   95 0.43
  35   64 0.65
   0    4 0.86
  35   76 0.74
   5   48 0.15
  48   89 0.09
  25   66 0.06
   2    9 0.31
   0   14 0.36
  23   47 0.87

  45   82 0.06
   5   28 0.89
  52   73 0.53
  13   38 0.17
  22   34 0.01
  50   74 0.41
   8   58 0.97
  45   93 0.08
  45   91 0.37
  51   94 0.89
  45   49 0.09
  30   39 0.49
  20   72 0.24
  17   51 0.83
  46   98 0.45

