5 40 4
6   16  10  16   4   2   2

   8   14 0.22
   4   13 0.38
  32   40 0.89
  35   49 0.67
  49   58 0.59
  36   46 0.19
  17   28 0.98
  14   30 0.75
  15   36 0.64
   0    2 0.11
  28   29 0.87
  45   55 0.90
  14   16 0.92
   6    7 0.47
   0   10 0.02
  30   53 0.86
   2   26 0.67
  36   44 0.33
  36   40 0.95
  43   56 0.40
   6   27 0.88
  23   25 0.73
  14   23 0.22
  17   28 0.68
  24   46 0.25
  22   42 0.89
  49   54 0.59
  36   40 0.65
   9   25 0.88
  24   34 0.18
  10   32 0.13
  14   35 0.40
  44   58 0.47
  21   28 0.17
  14   32 0.40
   9   13 0.45
  47   54 0.35
  48   63 0.46
   1    1 0.09
  28   30 0.84

  37   39 0.80
  32   49 0.27
  24   39 0.18
  17   40 0.33
   4   15 0.60
  31   47 0.91
   8   14 0.02
   6   11 0.11
  31   40 0.62
  35   46 0.75
   3   10 0.03
  42   59 0.37
  34   40 0.01
  41   49 0.64
  37   54 0.02
  26   48 0.29
   3    4 0.25
  46   60 0.43
  44   57 0.95
  35   48 0.77
  27   29 0.08
  41   46 0.14
  37   54 0.13
  29   48 0.44
  32   37 0.89
  10   25 0.28
  14   14 0.19
   0    4 0.43
  44   60 0.21
  13   34 0.47
  31   46 0.76
  31   46 0.35
   3   12 0.82
  41   42 0.88
  37   42 0.81
  21   30 0.61
  32   35 0.77
  17   17 0.20
   1   18 0.52
  31   45 0.23

  17   39 0.60
  39   57 0.89
  24   29 0.51
   1   20 0.17
   7   25 0.00
   3   17 0.90
  12   26 0.78
  19   32 0.05
  13   24 0.15
  20   31 0.34
   9   14 0.62
  17   25 0.87
  21   26 0.04
  18   36 0.18
   1   17 0.07
   2    3 0.80
  35   40 0.26
  37   44 0.47
  11   13 0.31
  49   50 0.35
  38   39 0.79
  35   51 0.24
  30   37 0.63
  43   55 0.05
   2    3 0.26
  44   44 0.88
  43   60 0.62
  42   45 0.18
   8   10 0.47
   7   16 0.73
  19   24 0.04
  29   53 0.53
  13   20 0.01
  16   39 0.90
  42   50 0.25
  43   44 0.05
  20   33 0.45
   4    7 0.31
  49   60 0.66
  27   38 0.87

  21   36 0.94
  45   61 0.80
   2   21 0.43
   4    7 0.66
  18   31 0.97
  21   44 0.36
  26   26 0.87
  33   44 0.76
   1   10 0.58
  19   26 0.93
  28   52 0.40
  19   27 0.91
  10   15 0.99
  31   41 0.39
  46   60 0.07
   8   32 0.37
  40   49 0.83
  14   16 0.57
  24   29 0.10
   8   27 0.73
  25   27 0.09
   9   26 0.52
   6   11 0.50
  26   41 0.98
  29   41 0.75
  47   65 0.04
  45   65 0.96
   0   17 0.07
  23   29 0.93
  17   18 0.67
  19   23 0.23
  37   49 0.71
   8   17 0.75
  41   54 0.67
  19   26 0.16
  27   36 0.06
  29   35 0.43
   1   16 0.62
   1   17 0.13
  28   50 0.69

  48   69 0.98
  22   45 0.64
  37   42 0.63
  28   45 0.63
  42   54 0.05
  33   36 0.53
  39   51 0.82
   8   31 0.12
  12   14 0.09
  36   36 0.44
  43   63 0.29
  20   31 0.76
  32   32 0.00
  32   33 0.15
   7   29 0.22
  26   46 0.96
  10   14 0.19
  47   57 0.65
  17   26 0.96
  48   62 0.53
  34   42 0.04
  33   52 0.69
  39   61 0.11
  31   46 0.54
  12   23 0.53
  12   24 0.00
   4   25 0.44
  39   59 0.55
  38   48 0.61
  24   44 0.24
  40   60 0.89
   3   23 0.62
  47   47 0.42
  25   36 0.02
  48   50 0.10
   2   15 0.85
   7   20 0.90
  38   47 0.50
  48   56 0.74
  36   56 0.44

  49   63 0.42
  43   59 0.41
  11   31 0.48
   1   17 0.02
  30   35 0.87
  13   15 0.88
  42   55 0.29
   4   24 0.82
  36   58 0.88
  30   48 0.90
   2    3 0.13
  31   50 0.58
  44   62 0.65
  43   57 0.06
  37   40 0.36
  44   55 0.07
  23   27 0.09
  39   50 0.58
  49   52 0.87
  36   56 0.10
  30   41 0.67
   2    9 0.08
  19   42 0.60
  13   13 0.59
  41   48 0.01
   9    9 0.28
  38   54 0.46
  43   65 0.19
  44   45 0.73
  47   66 0.81
   9    9 0.73
   6   17 0.23
  49   68 0.99
  39   55 0.15
  30   54 0.49
  17   31 0.40
   4   15 0.75
  43   53 0.53
  28   47 0.49
  28   34 0.00

