3 15 8
12   10  16  10  16   2  10   4   4  16   4  10   4

  34   65 0.96
   4   30 0.57
  32   44 0.20
  22   51 0.61
  14   18 0.28
  23   53 0.07
  41   48 0.87
  32   54 0.66
   7   25 0.85
  24   35 0.90
  47   52 0.45
  13   25 0.92
  36   39 0.16
  14   22 0.99
  26   41 0.90

   8   33 0.66
  33   64 0.12
   7    9 0.47
  12   16 0.97
   5   16 0.69
  12   28 0.89
  19   41 0.79
  38   42 0.39
  15   32 0.44
  41   46 0.94
   3   12 0.23
   8   11 0.84
  48   80 0.57
  13   29 0.65
  34   58 0.79

  32   48 0.90
   1   10 0.55
   8   19 0.82
   3   11 0.74
   2   33 0.66
  17   32 0.41
  22   44 0.11
  34   66 0.30
   4   16 0.53
  25   28 0.05
  25   25 0.59
  26   40 0.32
  21   41 0.43
   5   10 0.25
  31   49 0.24

  22   26 0.41
   4   28 0.06
  38   45 0.42
  43   56 0.66
  18   32 0.01
  14   26 0.80
  25   36 0.23
  20   28 0.25
   0   10 0.59
   9   35 0.01
  15   34 0.49
   4   30 0.38
  42   61 0.01
  29   60 0.51
  35   59 0.75

  13   20 0.62
  34   45 0.40
   1   29 0.43
  32   56 0.84
  16   27 0.18
  10   36 0.43
   9    9 0.90
  41   54 0.30
  30   42 0.06
  35   43 0.73
  27   59 0.88
  24   44 0.34
   6   28 0.07
  31   61 0.44
  32   51 0.92

   7   31 0.22
  17   40 0.67
  35   60 0.00
  31   50 0.39
   5   24 0.22
  17   43 0.13
  20   33 0.92
   8   34 0.29
  17   31 0.10
  19   19 0.93
  26   32 0.35
  48   71 0.42
   0   16 0.43
   3   34 0.30
  18   18 0.45

  30   44 0.32
  24   43 0.17
  15   39 0.37
  46   47 0.12
   2   31 0.10
  45   77 0.00
  28   60 0.99
  27   58 0.29
  27   35 0.05
  16   25 0.86
  42   61 0.14
   1    6 0.60
  39   50 0.38
  37   63 0.64
  15   22 0.88

  27   46 0.27
  20   32 0.36
  16   39 0.87
  18   21 0.97
   1   29 0.41
   3   19 0.86
   2   15 0.65
  44   53 0.78
  30   60 0.31
   8   10 0.22
  42   73 0.24
  15   20 0.98
  38   69 0.22
  13   18 0.83
  44   58 0.50

  37   69 0.65
  20   34 0.24
   6   22 0.21
   6   22 0.70
  14   44 0.90
  34   38 0.32
   7   16 0.79
   1   21 0.99
  14   30 0.37
   5    8 0.64
   0   13 0.94
  18   27 0.39
  44   69 0.42
   4   23 0.62
  39   59 0.68

  11   27 0.66
  35   58 0.71
   8   17 0.16
  39   55 0.46
  46   57 0.95
  37   41 0.64
  17   34 0.12
  13   31 0.90
   6   20 0.62
  36   47 0.32
   4   32 0.98
   8   13 0.36
  33   35 0.31
  36   68 0.15
  31   54 0.85

  21   53 0.92
   9   40 0.87
  33   52 0.95
  33   54 0.38
  31   36 0.68
  10   18 0.04
  36   61 0.58
  13   31 0.59
  45   61 0.82
  26   47 0.30
  19   40 0.37
  19   41 0.75
  11   28 0.92
  24   43 0.27
  30   34 0.30

  17   48 0.35
  24   38 0.82
   9   35 0.34
   0   19 0.86
  37   63 0.12
   9   27 0.24
   2   31 0.68
   0    9 0.58
  16   29 0.08
  30   46 0.09
  44   71 0.91
  38   68 0.72
  26   34 0.07
   8   13 0.75
  47   73 0.09

