5 25 8
12    4   4  10  16   4   4   4  10   2   4  20  16

  27   43 0.39
  40   83 0.63
  28   58 0.21
   0   43 0.30
  21   57 0.27
  44   49 0.13
  35   67 0.13
   4   15 0.90
  44   75 0.19
   2   12 0.78
  12   38 0.12
   3   40 0.75
  42   48 0.12
  30   67 0.51
  11   22 0.57
  18   35 0.72
  30   66 0.11
   3   38 0.19
  40   66 0.80
  44   70 0.00
  10   21 0.77
  26   28 0.90
  34   55 0.52
  29   48 0.26
  29   30 0.79

  32   40 0.49
  12   19 0.33
   2   21 0.98
   0   29 0.73
   4    9 0.28
   4   35 0.82
  27   60 0.19
  20   60 0.83
  40   73 0.93
  31   31 0.94
  21   35 0.94
  22   26 0.30
  41   47 0.46
  20   38 0.61
  43   57 0.43
   1   39 0.75
   9   33 0.13
  23   36 0.22
   5   19 0.45
  42   76 0.69
  28   54 0.24
  13   48 0.63
  32   40 0.79
   5    5 0.48
  11   40 0.65

  19   19 0.89
  23   65 0.68
  16   42 0.87
  38   74 0.78
  20   64 0.97
  31   32 0.34
  34   42 0.95
  40   72 0.19
  33   37 0.90
   6    6 0.35
  21   37 0.60
  33   77 0.06
  32   42 0.32
  42   56 0.29
   5   20 0.79
  40   46 0.56
  31   68 0.40
  33   46 0.32
  14   32 0.44
  28   69 0.87
  13   14 0.65
  42   86 0.16
   9   28 0.49
  35   43 0.40
  36   54 0.51

   1   43 0.11
   2   21 0.76
   0   15 0.42
   6   24 0.67
  25   51 0.36
   9   13 0.43
  16   55 0.02
  24   66 0.83
   0   19 0.02
  11   53 0.69
  33   56 0.93
  18   24 0.10
  34   40 0.28
  17   25 0.86
  36   42 0.16
  37   49 0.78
  41   42 0.89
  26   31 0.33
  11   47 0.90
  26   61 0.39
  40   51 0.65
   5   24 0.57
   8   39 0.91
  44   81 0.39
  43   55 0.56

  26   59 0.31
  36   69 0.95
  31   63 0.29
  25   36 0.03
   3    5 0.47
  25   62 0.85
  21   48 0.87
  18   37 0.18
  40   81 0.90
  24   27 0.54
   8   20 0.72
  19   43 0.73
  28   71 0.14
  28   33 0.25
  43   83 0.69
  26   66 0.50
  43   72 0.82
  37   71 0.84
  17   53 0.66
   1   31 0.78
  31   72 0.61
   1   18 0.31
  26   29 0.32
  28   31 0.90
  42   81 0.33

  25   32 0.04
  32   48 0.61
  15   22 0.20
   2   13 0.29
  33   62 0.71
   2   45 0.27
  16   33 0.50
  23   34 0.86
   3   17 0.75
  27   68 0.65
   0   11 0.55
  18   53 0.57
   9    9 0.76
  13   54 0.14
  42   75 0.44
  18   44 0.02
  26   42 0.59
  25   60 0.92
  28   58 0.73
  13   51 0.67
  44   77 0.88
  28   28 0.48
  42   68 0.68
   2   12 0.93
  35   70 0.14

  37   77 0.87
  34   56 0.13
  32   61 0.55
  41   63 0.93
  32   50 0.81
  27   69 0.39
  40   56 0.71
  27   66 0.19
  40   49 0.32
  26   53 0.06
   8   44 0.93
  27   45 0.35
  39   61 0.04
   8   14 0.38
  20   45 0.74
  14   32 0.50
   0   19 0.00
  11   13 0.44
   2   25 0.54
  38   39 0.39
   4   13 0.08
  16   54 0.50
  16   39 0.08
  10   22 0.70
  31   59 0.49

  33   41 0.44
  10   30 0.30
   0   10 0.43
  24   59 0.20
  37   79 0.52
  13   20 0.99
  18   56 0.32
  41   55 0.67
  18   29 0.85
  32   56 0.84
  29   30 0.25
   3   19 0.53
  43   43 0.81
  41   79 0.60
  30   58 0.55
  18   19 0.65
  13   36 0.28
  10   32 0.71
  13   27 0.84
   0   43 0.33
  20   32 0.57
   6   47 0.97
  10   30 0.57
  28   33 0.35
  44   77 0.33

  14   43 0.66
  24   51 0.27
   1   10 0.76
   2   24 0.65
  10   25 0.41
  32   46 0.82
   3   20 0.12
  34   47 0.85
   2   22 0.45
   7   35 0.11
   8   20 0.09
  28   48 0.70
  31   73 0.06
  42   58 0.66
  34   41 0.19
   4   44 0.71
  11   51 0.21
   2   11 0.84
  33   73 0.32
  29   43 0.66
  31   70 0.50
  35   70 0.86
  18   38 0.52
  42   49 0.44
  43   50 0.66

  39   53 0.57
   1   45 0.35
   3    4 0.77
  17   36 0.61
   4   26 0.51
  23   23 0.22
  28   64 0.44
  25   27 0.73
   6   39 0.34
  38   55 0.19
   6   18 0.59
  26   68 0.00
  25   28 0.08
  17   39 0.28
  39   68 0.22
   3   42 0.82
  36   49 0.44
  15   39 0.03
  16   23 0.35
  11   25 0.86
  32   36 0.59
  40   66 0.27
  24   46 0.69
  12   18 0.25
  32   45 0.26

  37   76 0.01
  31   61 0.88
  10   16 0.95
  10   50 0.29
  35   51 0.60
  36   77 0.76
   1   22 0.39
  34   46 0.87
  20   49 0.62
   9   26 0.47
   4   12 0.42
  29   43 0.33
   8   46 0.85
  22   56 0.24
  27   29 0.79
  39   76 0.48
  43   72 0.65
  28   41 0.46
  21   33 0.93
  23   30 0.08
  41   46 0.23
  10   11 0.66
  20   29 0.92
  34   45 0.93
  28   64 0.81

   1   16 0.97
  37   50 0.49
  23   38 0.08
   2   35 0.59
  14   56 0.37
  30   68 0.04
  10   24 0.06
   1   41 0.70
   3   35 0.09
  22   45 0.19
  20   41 0.87
  15   21 0.07
  36   65 0.98
  12   53 0.01
  17   54 0.41
  41   75 0.26
  17   28 0.55
  37   70 0.15
   3    5 0.54
   5    7 0.28
  14   46 0.41
  15   37 0.05
   8   18 0.57
  26   34 0.38
  17   51 0.77

