4 30 4
6   16  20  10   4   4  10

  40   79 0.53
  75  138 0.29
  56  117 0.32
   4   76 0.76
  62  131 0.98
  36  103 0.22
  47  123 0.28
  72  132 0.69
  49   79 0.57
  74  107 0.38
  40   99 0.80
  27   68 0.06
  19   79 0.84
  29  117 0.75
  87  158 0.55
   0    6 0.76
  36   37 0.23
  27   85 0.62
   7   49 0.90
  10   48 0.48
  45   78 0.64
  50  124 0.88
  37  118 0.92
  48   67 0.68
  63   85 0.16
  10   14 0.95
  28   45 0.77
   5   80 0.16
  20   60 0.14
  17   50 0.46

  12   38 0.18
  52  108 0.42
  80  165 0.11
   4   29 0.00
  37   71 0.83
  23  105 0.45
   4   19 0.91
  58   67 0.74
  65   72 0.34
  75  126 0.21
  56   97 0.66
  62  141 0.01
   4   56 0.76
  11   74 0.34
  17   83 0.97
  15   77 0.20
   0   47 0.11
  83  136 0.30
  65   90 0.22
  58  132 0.18
  11   97 0.03
  50  109 0.33
  65  136 0.69
  34   63 0.81
   6    8 0.84
  86   88 0.65
  82  126 0.50
  48  101 0.80
  76  127 0.46
  16   34 0.39

  69   82 0.88
  30   99 0.15
  35   56 0.70
  70   71 0.24
   7   13 0.02
  20   80 0.78
  49  130 0.77
  43   82 0.52
  37   84 0.92
   4   93 0.24
  48   63 0.18
   4   31 0.69
  22   58 0.78
  38   84 0.75
  44  108 0.62
  54  126 0.62
  59   67 0.85
  39   89 0.23
  18   51 0.82
  50   77 0.14
  49  103 0.47
  60   73 0.95
  62  151 0.43
   3   60 0.83
  18   62 0.44
  21   69 0.84
  36  104 0.98
  22  104 0.47
  16   50 0.27
  36   53 0.66

   1   53 0.09
   2   89 0.14
  76   91 0.76
  67   91 0.30
  33  107 0.18
  51   85 0.44
  68   77 0.71
  70   89 0.17
   6   29 0.22
  28  117 0.25
  60   95 0.21
  77  161 0.02
  83  150 0.77
  58   58 0.50
  65   76 0.10
  18   92 0.94
  77  113 0.56
   0   67 0.06
  47  101 0.03
  33  105 0.09
  65  107 0.45
  50   88 0.76
  83  164 0.18
   1   47 0.10
  71  147 0.83
  65  145 0.19
  83  141 0.22
  39   57 0.91
  11   82 0.66
  22   37 0.17

  31   87 0.52
  86  169 0.51
  67  125 0.93
  47   61 0.00
  87  173 0.02
  82  132 0.65
  23   50 0.59
  24  104 0.67
  25   63 0.50
  61   87 0.86
  64   69 0.18
  35   41 0.06
  49   92 0.99
  52   60 0.00
  52  102 0.45
  20   87 0.31
  16   32 0.22
  43   91 0.64
  74  100 0.67
  13   75 0.04
  66  100 0.76
  54   98 0.98
  68   95 0.53
  77  163 0.65
  61   85 0.38
  76  130 0.19
  13   38 0.13
  25   25 0.45
  33  106 0.78
  65   78 0.60

  71   93 0.28
  43  120 0.11
  79  112 0.44
  74  155 0.52
  68  115 0.54
  81  152 0.81
  45   75 0.92
  56   60 0.86
  13   55 0.63
  47  107 0.27
   4   13 0.82
  12   16 0.32
  23   34 0.53
   4   21 0.97
  57   66 0.78
  17   79 0.40
   0   12 0.35
  78  147 0.88
  62   71 0.93
   5   91 0.42
  12   41 0.96
  79  109 0.82
  12   17 0.92
  25   59 0.05
  27  108 0.96
  77  154 0.36
  68  111 0.60
  39   46 0.57
  38   70 0.55
  39   51 0.87

