4 30 4
6    2   4  10  10   4  20

  12   45 0.26
  23   30 0.57
   6   49 0.56
   0   36 0.21
  31   55 0.70
  36   36 0.47
  38   61 0.03
   4    6 0.82
  38   68 0.50
  17   60 0.15
  29   54 0.45
   5   31 0.89
  13   28 0.84
  43   56 0.35
  26   40 0.97
   4   25 0.99
  37   69 0.43
  24   33 0.46
  29   34 0.09
  39   73 0.43
  18   18 0.46
   0   38 0.14
  31   43 0.61
   7   31 0.29
   5   30 0.46
   0   12 0.91
  30   75 0.60
  32   74 0.31
  33   36 0.34
  44   45 0.09

  45   54 0.90
   7   31 0.78
  34   60 0.31
  24   68 0.57
  12   13 0.94
  20   27 0.79
  14   32 0.12
  23   68 0.04
  18   23 0.17
  10   54 0.03
  22   47 0.20
  21   61 0.51
   9   47 0.35
  41   53 0.76
  33   59 0.57
   7   39 0.70
  35   76 0.04
  17   25 0.09
  41   46 0.28
  12   40 0.79
   6   50 0.42
   4   26 0.00
   9    9 0.31
   8   42 0.21
  24   56 0.41
  13   51 0.54
  25   54 0.70
  43   83 0.50
  29   52 0.79
  28   64 0.75

   8   19 0.85
  36   39 0.06
  14   40 0.49
  27   29 0.03
  43   76 0.37
  45   50 0.61
   0   15 0.19
  39   65 0.53
  32   69 0.37
  25   55 0.79
  10   19 0.76
  43   48 0.54
  33   75 0.56
  33   48 0.88
  13   51 0.60
   9   35 0.88
   0    4 0.93
  28   59 0.26
  33   62 0.58
  42   64 0.19
  17   26 0.25
   5   12 0.67
  23   25 0.64
   0   21 0.52
   4   10 0.43
  30   49 0.55
  29   63 0.38
  16   59 0.77
  15   33 0.05
  16   32 0.83

  23   43 0.34
   5   45 0.65
  19   27 0.27
  16   53 0.46
  10   41 0.88
  17   60 0.44
  21   48 0.00
  37   57 0.00
  41   62 0.98
  34   42 0.65
  36   63 0.71
   6   30 0.40
   5   47 0.21
  14   21 0.23
  21   27 0.51
  33   57 0.07
  11   14 0.87
  40   46 0.37
  40   41 0.86
   8   32 0.42
  11   49 0.64
   7   40 0.89
  23   64 0.40
  22   22 0.50
  38   69 0.14
   3    9 0.03
   7   21 0.96
   4   17 0.66
  44   63 0.00
  17   20 0.06

   5   48 0.38
  10   14 0.29
  32   53 0.38
  28   60 0.39
  38   64 0.22
  21   24 0.03
  39   64 0.07
  32   72 0.69
   5   48 0.04
   2   39 0.90
  11   14 0.31
  26   58 0.68
  10   42 0.13
  36   50 0.56
  25   43 0.07
  13   21 0.41
  41   69 0.89
  21   38 0.10
  25   56 0.10
  37   61 0.94
  21   50 0.10
  14   20 0.26
  32   68 0.45
   3   29 0.27
  31   36 0.32
  29   45 0.21
  32   65 0.90
  22   33 0.52
  26   40 0.41
  24   37 0.12

  21   24 0.60
  25   45 0.64
  26   70 0.47
  25   51 0.85
  18   22 0.02
  37   39 0.70
  10   50 0.16
  24   61 0.56
  42   51 0.50
  28   41 0.22
  15   39 0.86
   5   40 0.35
  10   23 0.19
  40   50 0.78
  32   65 0.99
  29   38 0.02
  29   73 0.39
  32   62 0.54
  35   69 0.11
  32   72 0.19
  24   24 0.57
  10   28 0.97
  11   27 0.08
  16   43 0.90
  22   37 0.70
  36   78 0.17
  41   63 0.85
  24   49 0.27
  36   52 0.88
  19   55 0.97

