5 80 8
3   16  16   4

  16   23 0.52
   6   17 0.71
   3    4 0.97
   6   13 0.08
   2   18 0.16
   3   18 0.13
   5    9 0.36
   8    8 0.15
   4   12 0.02
   2   14 0.06
  12   23 0.08
   6   23 0.24
  10   15 0.61
  17   28 0.83
   4    5 0.82
  10   18 0.36
  14   16 0.14
   2   10 0.66
   8   21 0.38
   7   19 0.24
  16   31 0.08
   4   11 0.98
   4   17 0.30
  15   19 0.31
  10   19 0.31
   0    9 0.13
   2    9 0.15
  17   32 0.19
   3   15 0.19
   0   15 0.66
   8   11 0.01
  15   24 0.81
   7   21 0.59
  15   25 0.99
  13   26 0.01
   5   14 0.01
  13   26 0.39
  15   17 0.72
   0    3 0.89
   3   10 0.18
   5   16 0.76
   6   14 0.89
  15   32 0.63
   8   25 0.78
   5    8 0.70
   2    8 0.29
   4   17 0.30
  10   17 0.69
  11   17 0.63
  11   24 0.88
   7   13 0.43
   8   14 0.46
   3    8 0.62
  13   25 0.75
  11   28 0.14
  12   14 0.86
   8   10 0.77
  11   12 0.89
  15   26 0.95
   2   18 0.41
   4    8 0.94
   0   13 0.72
   8   25 0.18
  15   24 0.09
   7   16 0.08
  13   14 0.93
   1   11 0.05
   4   10 0.50
  10   14 0.74
  16   33 0.44
   9   16 0.50
  15   27 0.23
  12   19 0.04
  17   27 0.44
   9   26 0.21
   5    7 0.50
  14   28 0.06
   1    9 0.58
  17   19 0.68
  10   11 0.38

   9   24 0.01
  17   21 0.16
   6   19 0.00
   5   15 0.36
  17   28 0.39
   8   17 0.20
   9   21 0.81
  17   33 0.88
   3   19 0.85
  16   28 0.98
   0    6 0.65
  15   30 0.60
   7   23 0.12
  16   17 0.90
  15   25 0.65
   4   15 0.86
  15   30 0.65
  12   23 0.09
   5   11 0.05
  12   13 0.51
   6   21 0.08
   8   16 0.90
  15   15 0.50
  13   20 0.23
   2   14 0.87
  13   19 0.76
  12   27 0.25
  11   28 0.43
   0    8 0.67
   6   20 0.83
   1   11 0.62
   7    7 0.17
  13   21 0.59
  12   22 0.74
  11   24 0.09
   3    7 0.49
   1   11 0.69
  13   14 0.43
  16   25 0.08
   0    0 0.92
   2   17 0.37
   2   13 0.62
  17   33 0.89
   2   18 0.89
   6   15 0.95
  17   27 0.95
   8   20 0.01
   7   10 0.64
   1    1 0.63
  11   20 0.75
   1    1 0.70
   4   18 0.19
  17   28 0.07
   0   16 0.28
  10   25 0.73
   3   15 0.09
   3    6 0.81
   8   17 0.27
   8   12 0.24
   4   16 0.45
   1   15 0.02
   0    1 0.06
   7   20 0.66
  12   12 0.39
   4   18 0.67
  17   20 0.31
   1    5 0.03
  16   22 0.58
  11   11 0.86
  15   26 0.07
   4    4 0.54
  17   26 0.22
   4    5 0.35
   4    4 0.78
  14   24 0.64
  10   24 0.23
  12   28 0.12
   5   17 0.51
   9   22 0.71
  10   21 0.30

  16   28 0.94
   8   22 0.95
   8   19 0.35
  15   17 0.46
   0   15 0.77
  11   20 0.35
   4   18 0.28
   8   11 0.06
  13   24 0.74
   1   14 0.83
  11   12 0.32
   5    8 0.61
   8   16 0.03
   2   14 0.56
   6   15 0.83
  10   27 0.43
  17   18 0.15
   9   21 0.57
  16   26 0.89
   2    6 0.14
  13   25 0.07
  13   19 0.32
   3    8 0.35
   9   19 0.72
   0    9 0.16
   2   17 0.51
   5   22 0.93
  14   23 0.07
  12   18 0.42
   5   12 0.82
  11   17 0.42
  12   24 0.69
  14   24 0.78
   4   15 0.46
  11   19 0.08
  17   32 0.13
   2   11 0.43
  15   24 0.12
  11   16 0.02
  15   23 0.70
   7   22 0.14
  10   10 0.66
  12   24 0.72
  15   23 0.11
   5    8 0.69
   1    7 0.86
   0   11 0.10
  12   21 0.95
  13   28 0.20
  14   14 0.01
   2   10 0.07
   2    4 0.22
   6   13 0.56
   7    8 0.98
   9   21 0.20
   3   12 0.27
   8   10 0.40
   6    7 0.59
   5   14 0.80
  17   27 0.37
   0    0 0.47
  15   23 0.68
   6   19 0.98
   4   11 0.32
   4   17 0.62
  11   24 0.46
   0    8 0.66
   8   12 0.80
   6   22 0.00
   6    9 0.49
   9   16 0.75
   8   15 0.88
   0    5 0.44
   9    9 0.78
  17   18 0.65
  11   12 0.63
   4   20 0.18
   9   25 0.70
  10   16 0.54
   0    4 0.95

