4 40 8
6   16  10   4  10  10   2

  18   48 0.88
   1    6 0.09
  10   17 0.57
   1   19 0.26
  11   41 0.91
  25   35 0.10
   0   10 0.15
   6   33 0.35
   2    2 0.38
  15   22 0.90
  25   47 0.76
   3    7 0.42
  26   39 0.82
   7   36 0.49
  12   37 0.09
  30   43 0.52
  25   25 0.41
  15   37 0.90
  18   43 0.25
  26   55 0.24
  20   32 0.02
  22   39 0.77
  16   37 0.39
  19   30 0.06
  29   43 0.27
  15   23 0.38
   5    8 0.39
   0   11 0.34
  10   24 0.22
   7   11 0.04
  20   25 0.91
   4   30 0.16
   7   35 0.44
   3    6 0.98
  19   33 0.05
  22   34 0.38
  30   39 0.26
  30   38 0.57
  21   41 0.37
  19   40 0.14

   5    9 0.49
   1    4 0.63
  20   43 0.50
   0   22 0.65
   8   31 0.44
   4    5 0.47
   2   19 0.06
   4   15 0.51
  24   25 0.35
   5   27 0.09
  17   47 0.82
   5   23 0.35
  19   40 0.02
   7   17 0.55
   0   15 0.13
   3   32 0.30
  21   39 0.43
  13   14 0.67
   9   18 0.20
  18   44 0.55
  31   36 0.45
  23   38 0.27
   8   11 0.91
  28   30 0.66
   6   35 0.21
  28   55 0.84
  14   14 0.90
  23   24 0.94
  31   44 0.38
   9   27 0.88
   6   16 0.10
   3    8 0.52
   8   16 0.23
  25   40 0.46
   6   23 0.37
   7   16 0.70
  25   49 0.56
  21   30 0.89
  26   29 0.71
  12   15 0.02

  13   13 0.26
  15   44 0.95
  13   24 0.91
  25   37 0.90
  11   30 0.07
  26   55 0.47
  25   40 0.82
  17   33 0.40
  25   45 0.18
  12   36 0.83
  16   21 0.31
  11   33 0.30
   3   18 0.82
  23   33 0.56
  10   32 0.39
  18   35 0.77
   7   31 0.17
   4   11 0.06
  17   40 0.46
  28   36 0.22
   4    7 0.30
  18   21 0.77
  11   14 0.33
  14   16 0.89
   3    8 0.06
  14   19 0.60
   8   37 0.86
  16   37 0.36
   6   15 0.72
  19   32 0.18
  12   17 0.85
  13   28 0.46
  15   36 0.16
   3    6 0.26
  30   55 0.48
  14   20 0.57
  20   51 0.34
   7    8 0.72
  17   31 0.82
  24   53 0.57

   1   11 0.86
   4    7 0.21
  18   33 0.63
   3   26 0.91
  13   18 0.86
  31   44 0.22
  19   41 0.68
  29   29 0.20
   1    7 0.02
  19   48 0.72
  22   31 0.97
  30   55 0.62
   6    9 0.64
  17   35 0.18
  29   52 0.39
  13   17 0.88
  14   32 0.17
  23   51 0.24
  17   36 0.92
  20   36 0.17
   5    7 0.71
  20   25 0.59
  17   34 0.59
   0    7 0.87
  24   49 0.47
  27   58 0.45
  29   60 0.00
  28   49 0.48
   5   21 0.53
   6   22 0.63
   2    7 0.76
  14   40 0.29
   5   17 0.86
  14   41 0.57
   8    8 0.53
  17   37 0.13
  23   54 0.29
   8   24 0.49
  26   53 0.38
  21   27 0.97

  14   44 0.22
   2   23 0.94
  21   37 0.80
  21   33 0.98
  29   33 0.91
  30   52 0.58
  19   49 0.28
  24   27 0.82
   0    8 0.48
  14   25 0.30
  26   38 0.35
  10   30 0.11
  14   40 0.89
  17   25 0.62
   0   29 0.70
  28   29 0.89
  30   34 0.33
  14   24 0.65
   1   21 0.76
  26   45 0.51
  23   54 0.29
  15   15 0.14
   4   15 0.65
  11   13 0.31
  28   47 0.62
   0   23 0.99
   9   23 0.89
  14   19 0.89
  23   43 0.44
   8   18 0.09
  23   52 0.76
  19   46 0.70
   4   29 0.96
   7   16 0.21
   4    7 0.83
  24   50 0.57
   0   31 0.19
  17   25 0.62
   6   23 0.63
   6   30 0.91

  19   49 0.31
  10   21 0.43
  25   55 0.09
  12   36 0.31
  27   37 0.54
   3   19 0.26
  17   20 0.29
  26   49 0.43
  26   39 0.65
  20   48 0.69
   2   20 0.20
   0   23 0.01
   2    5 0.47
  26   36 0.32
  13   36 0.76
   8   18 0.01
  31   54 0.70
  19   36 0.28
  13   32 0.02
  18   20 0.84
   6   34 0.85
  24   44 0.63
   2   23 0.06
  15   39 0.60
  28   43 0.16
  27   42 0.72
  29   54 0.05
   0   26 0.17
   9   20 0.12
   2    2 0.16
  13   19 0.40
  16   42 0.35
  29   42 0.42
   3   23 0.58
   8   11 0.23
  15   36 0.33
   2   11 0.82
   0   19 0.39
  29   55 0.45
  17   17 0.39

