5 15 4
12    2  10  10  10   2   4  20  16  10   2   4  20

   8   36 0.80
  24   54 0.81
   4   35 0.01
  55   94 0.29
  19   27 0.16
   7   38 0.88
  18   58 0.32
  25   47 0.45
  59   84 0.92
  12   37 0.97
  36   48 0.02
  52   63 0.66
  26   43 0.21
  30   39 0.28
  23   41 0.24

   2   34 0.54
  10   36 0.40
  47   69 0.66
   3   24 0.33
  41   56 0.14
  34   72 0.93
  11   22 0.63
  17   54 0.93
  13   48 0.36
  29   39 0.89
  25   36 0.55
   6   37 0.40
  14   27 0.52
  15   55 0.76
  33   50 0.93

  51   84 0.75
  27   59 0.84
  54   87 0.92
  17   40 0.28
  38   68 0.16
  14   18 0.99
  51   86 0.90
  32   41 0.58
   3   18 0.61
  17   52 0.74
  60   92 0.13
  13   35 0.38
  50   57 0.40
  12   48 0.66
  24   52 0.12

  35   47 0.17
  40   46 0.00
  37   40 0.89
  24   63 0.39
  20   47 0.15
  27   67 0.18
  36   60 0.63
  26   62 0.46
  32   42 0.19
  56   82 0.57
  19   34 0.47
  11   24 0.06
  10   34 0.61
  34   34 0.55
  51   81 0.11

  29   69 0.61
  54   83 0.39
  46   59 0.82
  14   28 0.52
   9   43 0.22
  10   24 0.18
  53   65 0.90
  56   63 0.66
  35   49 0.52
  40   61 0.06
  20   36 0.24
   9   36 0.82
  27   61 0.27
  44   82 0.31
  45   47 0.18

  52   88 0.69
   7   35 0.08
  36   54 0.98
  32   66 0.88
  46   67 0.64
  57   73 0.71
  55   92 0.75
  35   35 0.91
  26   57 0.17
   1   39 0.66
   9   30 0.60
   7   14 0.48
  54   68 0.86
   8   44 0.00
  58   67 0.27

   3    5 0.95
  59   80 0.43
  16   17 0.93
   9   19 0.96
  38   49 0.25
  57   69 0.61
  46   85 0.60
  17   19 0.74
  53   84 0.11
   0    9 0.48
  10   44 0.07
   5   33 0.75
  19   59 0.88
  48   52 0.73
  58   88 0.39

  32   70 0.29
  53   59 0.45
  11   16 0.29
  57   81 0.88
  24   26 0.78
   1    2 0.95
  43   81 0.29
  36   61 0.65
   6   28 0.30
   2   24 0.54
  17   45 0.15
  51   66 0.75
  41   67 0.03
  33   55 0.88
   5   20 0.51

  16   19 0.35
  48   48 0.90
  10   25 0.68
  26   55 0.14
  58   68 0.54
  30   34 0.97
  42   81 0.51
  13   47 0.39
  15   54 0.45
  28   46 0.81
  21   43 0.30
   5   18 0.71
  24   47 0.69
  32   51 0.89
  12   27 0.02

  33   39 0.43
  56   74 0.07
   3   36 0.79
  21   60 0.93
  39   41 0.16
  27   57 0.00
  45   69 0.18
  28   28 0.47
  44   57 0.55
  55   88 0.71
   6   45 0.67
  56   56 0.08
   6   22 0.04
  16   54 0.07
  21   48 0.48

  14   39 0.82
   8   36 0.36
  52   75 0.63
  13   31 0.46
  26   62 0.41
   8   16 0.58
   5   43 0.96
  19   48 0.26
  21   39 0.57
  21   60 0.34
  41   79 0.06
  12   28 0.59
  10   31 0.65
  41   45 0.38
  29   45 0.85

   4   25 0.58
   9   27 0.94
  16   26 0.77
  41   61 0.46
  38   63 0.62
  14   34 0.30
  22   34 0.68
  12   23 0.64
  42   49 0.57
  40   44 0.06
   4   10 0.69
  29   36 0.28
  22   28 0.71
  38   76 0.13
  56   87 0.38

