4 25 8
12   10  16   2  16   2   4  20   4   2  10  10  16

  10   12 0.43
  20   26 0.31
  24   37 0.04
   3    6 0.01
  24   34 0.05
  13   21 0.60
  34   50 0.68
  23   41 0.71
  33   53 0.09
  32   50 0.16
  19   32 0.46
  27   33 0.66
  42   44 0.13
  23   41 0.22
  35   45 0.16
  35   53 0.74
  32   49 0.16
   1    7 0.81
  32   45 0.88
  38   48 0.87
  13   20 0.23
  31   36 0.34
  23   29 0.84
   1    4 0.45
  10   12 0.02

  11   31 0.63
  42   42 0.49
  32   47 0.08
   2   18 0.86
  27   36 0.87
   7    9 0.98
   5   21 0.70
  13   20 0.97
   5   22 0.06
   7   16 0.76
  41   50 0.14
  36   47 0.67
  10   24 0.77
  31   36 0.40
  27   47 0.32
   0   13 0.21
  38   49 0.69
   5   14 0.56
  42   48 0.74
  23   26 0.31
  13   20 0.75
  19   39 0.82
   4    7 0.10
  40   56 0.50
  12   17 0.33

  42   59 0.53
  24   32 0.46
   7   17 0.62
   2   11 0.40
  10   23 0.10
  20   30 0.23
  40   40 0.72
  42   61 0.65
   7   27 0.35
   6   18 0.13
  21   36 0.44
   6   14 0.92
  42   47 0.50
   5   11 0.26
   6   18 0.45
   2   18 0.14
   2    8 0.80
   0    8 0.17
   5   15 0.46
  28   39 0.97
   4   11 0.15
  12   25 0.41
  42   52 0.44
  34   38 0.94
  24   26 0.21

  40   60 0.15
   0   14 0.15
  35   36 0.74
  27   46 0.21
  40   58 0.84
  36   48 0.10
  37   45 0.86
  18   18 0.11
  12   19 0.07
  36   38 0.65
  10   20 0.53
  11   17 0.68
  33   39 0.82
  24   39 0.26
  19   33 0.06
   6    9 0.00
  28   32 0.51
   5   23 0.88
  21   28 0.78
  30   47 0.07
  15   28 0.57
  36   50 0.54
  39   58 0.22
   1    5 0.82
  34   54 0.11

  38   41 0.64
  24   36 0.01
  16   35 0.09
  27   28 0.76
  32   32 0.70
  23   29 0.97
  15   33 0.68
  38   57 0.72
  19   27 0.74
   0    8 0.03
  17   26 0.99
  35   47 0.58
  40   60 0.91
  26   32 0.24
  37   47 0.94
  16   26 0.43
  29   31 0.97
  33   40 0.09
  28   44 0.46
   7   10 0.74
  27   33 0.35
  34   41 0.54
  27   28 0.16
  14   28 0.88
  42   56 0.11

   8   15 0.38
  42   47 0.55
  20   39 0.51
  15   24 0.49
  26   34 0.31
   5   23 0.08
  25   43 0.38
  17   23 0.87
   2    3 0.80
  14   14 0.84
   8   12 0.67
  13   17 0.48
   7   20 0.47
  17   17 0.50
  25   26 0.00
  35   41 0.82
  41   44 0.96
   6   22 0.90
  28   47 0.14
  28   46 0.73
  16   36 0.94
  23   26 0.58
  38   45 0.96
  31   46 0.85
  13   21 0.93

  36   39 0.75
  25   39 0.75
  20   23 0.55
   8   26 0.79
  28   32 0.50
  33   42 0.38
  39   54 0.40
  35   37 0.16
  39   54 0.92
  32   50 0.52
  18   23 0.01
   3   19 0.40
  30   48 0.11
   7   13 0.47
  27   37 0.14
   4    4 0.75
   3   19 0.10
   6   10 0.04
  14   23 0.44
  38   44 0.47
  36   43 0.51
  20   40 0.65
  38   55 0.53
  33   38 0.36
  21   22 0.15

  40   59 0.26
   6   25 0.24
   4   24 0.80
  42   47 0.54
  18   18 0.23
   1   17 0.33
  14   16 0.37
  24   39 0.00
  17   34 0.21
   7   24 0.99
  30   48 0.52
  23   30 0.68
   7   13 0.16
  27   27 0.71
   0    3 0.99
  35   47 0.95
   0   12 0.96
  29   30 0.74
   7   14 0.46
  16   26 0.43
  31   46 0.95
  22   35 0.82
  41   46 0.77
  42   51 0.04
   8   15 0.30

  15   27 0.49
  42   55 0.34
  10   12 0.15
  20   28 0.34
   8   26 0.03
  25   39 0.89
  20   20 0.06
  37   56 0.25
  14   34 0.69
  32   33 0.95
   3   13 0.64
  40   55 0.81
  13   31 0.10
  27   46 0.88
  39   50 0.77
  25   39 0.68
  29   39 0.61
  30   37 0.07
  42   55 0.60
  13   21 0.46
  23   40 0.40
  18   33 0.96
  13   25 0.16
  26   42 0.11
  19   37 0.80

   0    6 0.80
  10   15 0.48
  13   14 0.13
  32   33 0.93
  32   52 0.59
  32   48 0.62
  22   27 0.16
  28   33 0.32
  25   41 0.71
  15   29 0.46
   5   23 0.55
   7   18 0.82
  31   47 0.68
  14   23 0.39
   1   18 0.67
   5   15 0.79
  17   17 0.19
  37   54 0.62
  10   25 0.73
   8    9 0.91
  40   59 0.79
  10   30 0.06
  30   49 0.33
  32   47 0.96
  19   30 0.77

  41   47 0.79
  17   35 0.92
  42   47 0.84
  38   50 0.62
  12   13 0.90
  20   39 0.46
   0   11 0.24
  24   25 0.71
  23   26 0.97
   9   11 0.68
  32   49 0.94
  36   46 0.09
  17   29 0.88
   3   15 0.24
  21   30 0.23
   6    6 0.95
  15   28 0.79
  23   26 0.12
  42   57 0.48
  17   26 0.36
  28   38 0.37
  29   38 0.28
   1    3 0.51
   4   20 0.31
  39   58 0.85

  18   33 0.70
   2   16 0.52
  42   44 0.53
  10   27 0.67
  38   55 0.86
  41   51 0.37
  12   12 0.61
  31   40 0.73
  18   22 0.62
   0   15 0.42
   9   27 0.66
   2   22 0.59
   7    8 0.75
  11   20 0.25
   3    3 0.47
  34   45 0.23
  24   34 0.10
  36   49 0.26
  20   31 0.30
  14   21 0.02
   8   17 0.37
  31   31 0.01
   1    1 0.37
  28   34 0.75
  13   16 0.28

