3 60 8
3    4  20   2

  10   23 0.27
  22   37 0.14
  15   45 0.97
  17   32 0.49
  16   18 0.19
  13   35 0.23
   2   18 0.55
  25   34 0.31
  31   47 0.46
  27   58 0.50
  31   49 0.00
  31   40 0.64
  16   47 0.87
  12   38 0.48
   4   27 0.95
  14   14 0.52
  11   14 0.48
  23   37 0.59
  16   37 0.46
   3    9 0.43
  23   48 0.96
   0    5 0.00
  13   44 0.78
  13   44 0.76
   4    6 0.39
  14   32 0.13
  27   29 0.93
   6   18 0.90
  22   22 0.79
  14   18 0.98
  29   32 0.88
  16   37 0.93
  20   35 0.77
   8   25 0.46
   9   32 0.16
  19   40 0.42
  17   23 0.67
   0   28 0.61
  11   14 0.04
  22   27 0.25
  26   41 0.95
  16   24 0.52
  27   48 0.70
  29   42 0.66
   1    5 0.65
   4    6 0.21
   0    2 0.50
   2    9 0.27
   9   19 0.69
  22   31 0.56
   3    5 0.57
  23   45 0.33
  18   36 0.99
  12   12 0.28
  25   34 0.66
  28   35 0.33
   6   20 0.62
  15   37 0.06
  10   18 0.49
  28   33 0.44

   4   20 0.38
  14   35 0.88
   7   11 0.57
  13   16 0.21
  12   22 0.22
  18   27 0.46
  11   32 0.08
   7   11 0.59
  11   13 0.50
   3   22 0.62
  16   18 0.89
   4   18 0.55
   9   29 0.14
  27   41 0.55
  21   48 0.06
  26   42 0.79
  17   31 0.03
  10   11 0.30
  13   37 0.22
  22   39 0.90
   0    6 0.13
  10   15 0.16
  11   27 0.01
  25   52 0.02
  17   47 0.80
   4   28 0.16
  12   40 0.70
  23   30 0.96
   7   34 0.59
   3    6 0.78
   5   18 0.44
  14   24 0.36
  28   30 0.46
  23   31 0.34
  14   26 0.24
   4   35 0.42
   9   30 0.39
  13   29 0.85
  14   31 0.90
   5   26 0.07
  22   35 0.48
  13   32 0.85
   8   14 0.38
  28   56 0.10
   3   27 0.39
  21   29 0.01
   6   35 0.25
  15   27 0.92
  23   44 0.10
  21   36 0.56
   4   20 0.49
   0   22 0.74
   9   23 0.16
  10   38 0.53
   0   24 0.02
   1   15 0.99
  12   33 0.88
  31   37 0.70
   0   15 0.06
  24   48 0.74

   0    2 0.73
   1   17 0.91
   3   13 0.54
  21   39 0.81
  22   35 0.63
   2   25 0.14
  11   29 0.61
  15   17 0.54
   3   10 0.23
  17   46 0.17
  10   13 0.96
   5    6 0.78
   8   38 0.44
  23   43 0.52
  13   20 0.91
  20   26 0.88
   0   17 0.57
  21   35 0.72
   6   25 0.00
  21   44 0.19
  11   28 0.30
  29   33 0.39
  29   31 0.06
  25   38 0.46
  27   52 0.31
  15   20 0.25
  25   42 0.76
   8   15 0.94
  28   43 0.71
  22   23 0.91
  11   38 0.66
  22   40 0.18
   8   36 0.33
   2   24 0.82
  27   50 0.47
   7   29 0.51
  11   19 0.44
   6   31 0.30
  22   37 0.16
   5    9 0.28
  18   44 0.51
  21   29 0.68
  23   25 0.88
   0   29 0.84
  27   42 0.15
  25   40 0.09
  21   49 0.56
   5   11 0.56
  25   50 0.00
  20   45 0.28
  13   33 0.58
   2   12 0.87
   6   32 0.70
  27   52 0.79
  16   23 0.77
  26   42 0.46
  14   15 0.26
  16   41 0.65
  15   35 0.63
   4   34 0.10

