4 30 4
6   16  20   2   2  16  16

   9   11 0.50
   2    8 0.35
  30   52 0.62
  25   55 0.71
  32   63 0.59
  14   43 0.84
   5   32 0.96
  11   11 0.00
  23   24 0.40
  27   43 0.63
  28   50 0.59
   7   38 0.84
  26   54 0.12
  25   53 0.25
  22   50 0.89
  27   41 0.48
  14   42 0.22
  23   52 0.72
  14   37 0.95
  23   37 0.45
  10   28 0.30
   4   11 0.74
   6   16 0.77
  22   44 0.46
  20   47 0.53
  10   39 0.93
   7   14 0.58
  11   31 0.33
   0   16 0.09
  15   32 0.98

  15   19 0.95
  18   28 0.91
  14   28 0.21
  32   53 0.08
   1   32 0.26
   2    8 0.11
  15   32 0.93
  19   43 0.22
  13   29 0.19
  32   48 0.49
  16   46 0.21
   6   17 0.68
  28   46 0.55
  16   23 0.91
  26   41 0.98
  20   49 0.70
  26   37 0.93
   5   27 0.53
  17   27 0.04
  25   44 0.58
  16   42 0.37
  19   41 0.32
  29   44 0.86
  11   14 0.92
  28   35 0.09
  21   53 0.53
   1   12 0.43
  27   34 0.43
  28   57 0.10
  22   48 0.71

   4   26 0.34
  31   49 0.86
   6   35 0.31
  16   27 0.60
  10   42 0.12
  28   31 0.90
  27   46 0.52
  13   34 0.01
  31   35 0.29
  23   39 0.58
  24   28 0.98
  14   15 0.75
   5    8 0.67
   1   33 0.69
  27   58 0.74
   2   26 0.70
  20   30 0.42
  22   39 0.07
  22   54 0.71
  30   61 0.76
   6   31 0.97
  23   37 0.07
  28   49 0.44
  26   30 0.18
   7   20 0.77
  26   55 0.63
  25   54 0.70
  22   36 0.08
  31   61 0.24
  25   38 0.09

  10   38 0.01
   0    1 0.29
  25   38 0.63
  32   37 0.77
  26   51 0.98
   2   34 0.64
  15   42 0.39
  15   45 0.03
  13   13 0.76
   2    7 0.24
   4    9 0.68
   9   24 0.43
  22   44 0.78
  26   29 0.66
  14   21 0.68
   2    7 0.94
   2   31 0.20
  26   51 0.45
  18   18 0.19
   8   33 0.75
  14   15 0.44
  24   37 0.35
   2   29 0.03
  26   39 0.90
  24   39 0.29
  16   48 0.42
   0    1 0.62
  10   12 0.67
  13   35 0.55
  17   36 0.68

  24   55 0.50
  28   31 0.15
  16   29 0.97
  20   31 0.03
  23   52 0.85
  19   50 0.27
  23   30 0.11
  28   57 0.35
  25   27 0.90
  21   36 0.06
   0    6 0.52
   4   17 0.74
  24   37 0.03
  12   23 0.81
  19   24 0.39
  15   26 0.37
  15   34 0.86
  31   50 0.71
  32   57 0.14
  11   15 0.84
  32   48 0.97
   2   33 0.06
  28   59 0.60
  11   20 0.72
  13   13 0.65
  11   15 0.15
  15   44 0.88
  21   27 0.51
  30   36 0.63
   5   18 0.69

  28   33 0.25
   6   11 0.12
   7   32 0.23
  26   56 0.93
  12   17 0.40
  16   31 0.64
  23   47 0.81
   9   10 0.41
   2   19 0.87
  29   61 0.97
  16   32 0.97
   8   38 0.55
   1   19 0.51
  11   28 0.21
  11   39 0.80
  16   19 0.96
   9   28 0.56
   2   19 0.37
  27   39 0.55
  13   38 0.65
   6   24 0.60
   3   15 0.30
   1    1 0.68
  16   44 0.48
  12   16 0.30
  29   33 0.28
  19   33 0.99
  24   36 0.62
  17   26 0.64
  31   39 0.06

