5 25 8
12    4  10  16  16  10  16  10  20   4  20  16  20

  43   43 0.33
  17   70 0.13
  41   90 0.04
   2   59 0.26
  39   49 0.96
   8   57 0.01
  13   53 0.14
  29   73 0.69
  13   32 0.50
  47  109 0.68
  23   25 0.34
  36   48 0.75
  48  119 0.70
  45  112 0.06
  32   54 0.58
  45   74 0.10
   1   59 0.47
  22   94 0.01
  29   34 0.18
   5   18 0.56
   9   41 0.85
  17   85 0.90
   2   47 0.53
  33   84 0.15
  27   53 0.21

   9   62 0.47
   1   43 0.87
  11   66 0.62
  17   65 0.95
   3   36 0.86
  44   61 0.69
  15   47 0.90
   0   24 0.67
  39   70 0.79
  19   28 0.49
  25   56 0.73
  21   80 0.79
  38   48 0.74
  35   71 0.43
   4   62 0.24
  47  114 0.84
  26   46 0.55
  25   99 0.99
  16   24 0.79
  18   69 0.67
  45   74 0.49
  29   67 0.68
  33   91 0.73
   1   39 0.97
   1   53 0.52

  17   90 0.16
  42  109 0.41
  45   58 0.61
   3   28 0.31
  38   62 0.61
  23   32 0.19
   3   39 0.30
  25   57 0.02
  42   80 0.76
  41   41 0.39
  29   99 0.52
  20   29 0.53
  13   82 0.17
  23   28 0.51
   6   65 0.39
  39  105 0.77
  39   67 0.34
  43   67 0.54
  14   86 0.94
   5   12 0.94
  22   54 0.55
  25   41 0.11
  17   82 0.57
   9   14 0.29
  13   68 0.58

  18   25 0.15
  12   78 0.46
  34  104 0.90
  11   34 0.43
  18   78 0.40
  26   68 0.13
  31   42 0.24
  10   47 0.07
  23   76 0.39
  19   51 0.73
  49  105 0.36
  19   28 0.97
  33   78 0.76
  15   34 0.61
  23   39 0.80
   4   59 0.24
  18   32 0.96
   2   36 0.48
  16   23 0.86
  35   79 0.58
  18   62 0.26
  27   88 0.09
  47   49 0.52
  22   66 0.40
  26   79 0.37

  13   29 0.10
  27   38 0.29
  30  103 0.32
  26   57 0.88
   1   36 0.53
  28   76 0.37
  24   72 0.88
  33   56 0.67
   1   41 0.88
  39   60 0.40
  33   92 0.44
  43   86 0.22
  44   98 0.78
  26   30 0.13
  21   42 0.34
   9   40 0.24
  42   98 0.22
   0   34 0.32
  47   51 0.76
   7   32 0.59
   9   45 0.12
  36  101 0.60
  32   93 0.50
  36   81 0.37
  21   90 0.45

  25   98 0.00
  30   54 0.45
  24   30 0.21
  40   58 0.51
  25   71 0.48
  42  116 0.71
  19   23 0.33
   6   20 0.58
  39   44 0.68
  31   72 0.96
   2   24 0.38
  31   43 0.77
   2   17 0.59
  49   86 0.89
  48   66 0.91
  49  120 0.72
  19   91 0.92
   6   63 0.79
  49   69 0.19
   7   16 0.96
  48  118 0.74
  31   44 0.35
  47   60 0.75
  10   57 0.43
  47  102 0.28

  27   34 0.63
  38   75 0.58
   7   66 0.95
   3    9 0.59
  40   92 0.72
  40  112 0.74
  28   99 0.10
  20   67 0.64
  24   81 0.38
  29   60 0.66
  16   60 0.31
  40   99 0.04
  19   89 0.63
  32   53 0.24
  36   67 0.10
  13   83 0.43
  43   93 0.48
   8   24 0.34
  47   70 0.48
   2   44 0.08
  39   59 0.89
  11   63 0.51
  30   58 0.82
  40   43 0.53
  17   75 0.96

   5   46 0.24
  49   84 0.56
  35   97 0.99
  17   39 0.08
   6   54 0.80
  15   67 0.77
  10   30 0.52
  25   82 0.66
  13   78 0.95
  17   91 0.73
  28   83 0.85
   3   31 0.64
  18   44 0.23
  24   55 0.12
  42  109 0.29
  40   72 0.76
  31   72 0.47
   9   63 0.65
  47   91 0.29
   2   38 0.80
  14   61 0.37
  24   62 0.75
  43  106 0.06
  14   30 0.04
  29   79 0.70

  30   68 0.11
  36   49 0.96
  31   33 0.47
   0    1 0.88
  20   27 0.74
  21   56 0.52
  23   49 0.58
  19   52 0.83
  34  106 0.37
  40   80 0.81
  25   39 0.46
  41  110 0.31
  19   64 0.99
  40   88 0.07
  45   93 0.37
  32   77 0.77
  10   56 0.34
  24   89 0.17
  18   43 0.67
  16   41 0.12
  16   87 0.57
  17   21 0.59
  14   50 0.45
   5   13 0.42
  39   59 0.55

  16   65 0.62
  48   86 0.45
  33  103 0.00
  12   34 0.96
  39  112 0.51
  33   36 0.20
  45   56 0.03
  34   40 0.60
  35   47 0.30
  26   67 0.49
   1   62 0.44
  23   44 0.05
  48   77 0.25
  11   53 0.07
   1   38 0.37
  30   59 0.99
  22   52 0.72
  44   88 0.73
  23   41 0.64
  12   17 0.21
  42  100 0.54
  18   90 0.71
  19   51 0.03
   8   63 0.82
   2   66 0.95

  24   38 0.44
  13   63 0.74
  19   56 0.87
  46   63 0.04
  35   49 0.07
   6   74 0.53
  41   56 0.59
  44   51 0.40
  39   76 0.43
  29   45 0.21
  48   68 0.89
   0   64 0.97
  48  111 0.31
  45  107 0.77
   7   74 0.13
  10   43 0.55
   7   53 0.41
  29   55 0.08
  49   77 0.70
  14   28 0.31
  34   62 0.25
  19   56 0.82
  49   50 0.95
  24   73 0.63
   3   33 0.04

  33   82 0.23
   4   60 0.27
  25   74 0.96
  45   95 0.14
  47   57 0.31
  27   91 0.78
  10   65 0.32
  32  104 0.25
  13   71 0.79
  36   99 0.49
  44  105 0.94
  22   32 0.03
  16   55 0.03
  48   61 0.53
  40  101 0.03
  39   44 0.58
   7   12 0.44
  41   58 0.35
  29   35 0.06
  38  112 0.23
  49  119 0.61
  15   34 0.70
  13   33 0.10
   8   19 0.32
  31   34 0.73

