3 50 4
6   10   4  16  10  10  16

  46  246 0.73
  21  202 0.19
  46  162 0.59
   6  166 0.89
  24  100 0.29
  53  158 0.00
  11  164 0.15
  42   92 0.85
  11   90 0.71
  54  138 0.21
  35  183 0.73
  12  152 0.20
  18  149 0.13
  55   96 0.71
  16  136 0.13
  22   53 0.31
  20   33 0.42
  56  183 0.51
  47   62 0.56
  22  161 0.08
  38   62 0.90
  65  102 0.93
  17  105 0.94
  36  137 0.85
  25  169 0.17
  55  152 0.14
  18  120 0.39
  61   68 0.26
  61   70 0.91
  14   82 0.54
  12  158 0.26
  56  185 0.10
  21  148 0.08
  65  252 0.03
  12  149 0.86
   6   44 0.56
   0    1 0.79
  34  204 0.79
  17   56 0.77
  29  216 0.82
   8  169 0.36
  33  226 0.86
   1  206 0.14
  13  172 0.61
  29  171 0.85
  34   47 0.18
  64  163 0.74
  48  201 0.07
  28  204 0.32
  46  158 0.59

  14  144 0.49
  51  168 0.10
  41  174 0.96
  11  169 0.46
  25   74 0.30
  24  203 0.42
  46  140 0.97
  31   62 0.27
  36  130 0.25
  61  127 0.61
  14   93 0.13
  30  152 0.07
  54  202 0.16
   9   97 0.57
  57  231 0.84
  46   52 0.09
  54  164 0.84
  54  215 0.10
  60  257 0.78
  12   58 0.00
  49  223 0.61
  11  170 0.24
  55  205 0.48
   0   25 0.48
  53  250 0.67
  35   38 0.08
  45   67 0.43
  37  115 0.58
  17   40 0.70
  58  168 0.74
  45  238 0.32
  17  203 0.70
  37   86 0.45
  59  210 0.30
  36   93 0.89
  46  243 0.86
  25  159 0.59
  62  250 0.68
  46  196 0.39
   3  113 0.89
  28  127 0.31
   3   78 0.85
  36  141 0.62
  58  202 0.27
  45   47 0.93
  63  182 0.51
  57  158 0.01
  10   76 0.95
  20  222 0.40
  57  138 0.43

  23  105 0.09
  66  257 0.71
  42  206 0.06
   0  191 0.49
  45  209 0.43
  47  245 0.48
  19  204 0.17
  23   74 0.67
  16  149 0.80
  23   62 0.70
  48   68 0.11
  33   94 0.42
  63  154 0.89
  23  208 0.81
  53  175 0.64
  47  178 0.37
  50  197 0.79
  39  188 0.71
  11   26 0.34
  43  120 0.93
   9  157 0.45
  59  183 0.64
  66  125 0.26
  18   30 0.05
  60  140 0.32
  20  150 0.32
   5    6 0.58
  21   59 0.46
  50   75 0.87
  24   71 0.69
  63  196 0.39
   4  177 0.06
  43  160 0.99
  50  128 0.69
  29  186 0.40
  63  199 0.71
   3  202 0.85
  30  234 0.77
  48  219 0.11
  16  111 0.79
  52  120 0.58
  32  136 0.70
  24  157 0.19
  61   87 0.65
   1   80 0.74
  55  152 0.10
  29  129 0.89
   6   98 0.32
  13   14 0.77
  12  202 0.67

  61  119 0.87
  58  127 0.19
  50  153 0.02
  51  174 0.04
  19   93 0.06
   3   32 0.23
  54   64 0.61
   6  131 0.06
  51  150 0.59
  51  120 0.64
  36  238 0.26
  11  204 0.21
  10   82 0.37
   2  136 0.13
  42   53 0.50
  67   78 0.77
   0  174 0.05
  20  179 0.51
  66  108 0.58
  41  134 0.11
  31  221 0.66
  31   89 0.08
   2   55 0.87
  40  151 0.79
  46  115 0.02
  48  154 0.13
  33  110 0.85
  45  250 0.96
   9  136 0.09
  25   38 0.08
  55   83 0.71
  23  167 0.06
  59  216 0.33
  12   37 0.58
  10  165 0.25
  15  139 0.82
  66  141 0.02
  10   64 0.01
  62  224 0.91
  22  157 0.67
  46  226 0.95
  15  162 0.14
  27   53 0.26
  41   95 0.01
  61  212 0.81
  59  117 0.70
   5  136 0.69
  21  151 0.44
  14  133 0.54
   4   84 0.25

  33  233 0.06
  20  223 0.18
   4   28 0.25
  43   83 0.82
  38  232 0.45
  27  125 0.15
   4   66 0.49
  37   63 0.60
  53  209 0.05
  53  175 0.60
  54  175 0.39
  24  127 0.88
   5  107 0.56
  26   57 0.54
  52  100 0.36
   0  107 0.76
  42  199 0.20
  31   40 0.53
  47  195 0.79
  22  189 0.32
  52  102 0.40
  22   69 0.77
   3  189 0.79
  38  117 0.12
  66  106 0.51
  53  145 0.08
   9  110 0.23
  17   40 0.82
  36   72 0.36
  41  197 0.57
  39   53 0.62
  59  242 0.76
  19  124 0.30
  67   82 0.47
  35  144 0.05
   5  145 0.24
  43   45 0.54
  45  176 0.08
  40  232 0.67
   6   66 0.62
   6  134 0.13
  27  195 0.48
  50   72 0.96
  34  108 0.54
  54  206 0.34
  51  173 0.85
  48   60 0.09
  59  205 0.08
  19  188 0.50
  60   96 0.98

  39   46 0.96
  28   60 0.36
  27   40 0.98
  13  138 0.60
  36  217 0.74
  63  172 0.86
  67  216 0.26
  39  136 0.31
  33   50 0.81
  22   44 0.45
  35  227 0.75
  37   84 0.08
  40  204 0.15
  48   57 0.98
  59  254 0.52
  63  201 0.37
  13   22 0.82
  49  239 0.83
  15   81 0.76
  15  133 0.86
  41  119 0.41
   8   74 0.57
  20  184 0.11
  43  240 0.55
  40  188 0.96
  55  104 0.20
   0  123 0.80
  37   86 0.43
   7  190 0.48
  33   42 0.69
   4  158 0.67
  44  194 0.12
  13  151 0.82
  23  114 0.61
  52  113 0.99
  30  101 0.78
  63  172 0.93
   8  186 0.43
  56  227 0.93
  23  206 0.08
  49  105 0.32
   2   88 0.86
  13   75 0.14
  10  186 0.21
  32  197 0.49
  20  213 0.29
  50  231 0.21
  46   94 0.44
  37  171 0.99
  62  251 0.40

