5 25 4
12   20  16   4   2   2  16  10  20  20  10  10  16

  66  103 0.18
  25   32 0.87
  65  141 0.10
  45  173 0.88
 108  144 0.20
 130  245 0.60
 111  191 0.98
 108  218 0.93
  67  174 0.59
  11   37 0.20
  77  156 0.54
  89  221 0.26
   4  138 0.79
  11  126 0.13
  64  172 0.48
  45   75 0.79
  63  115 0.69
 116  169 0.19
  99  184 0.78
  88  141 0.36
 101  183 0.56
  18  103 0.56
 108  112 0.99
  93  131 0.21
  67  181 0.07

  23   84 0.19
  70   72 0.42
  55  105 0.67
  14   89 0.84
  13  131 0.81
 104  154 0.01
  11  138 0.23
  63   64 0.20
  61  172 0.49
 107  207 0.06
   7   95 0.41
  73  137 0.19
 103  173 0.65
 106  225 0.39
  50   83 0.59
  17  134 0.97
 130  226 0.76
  85  154 0.28
  85  131 0.85
  94  131 0.17
 134  170 0.54
 119  232 0.07
  42  150 0.48
 113  122 0.78
  31   52 0.41

 121  163 0.11
  28   43 0.82
  55  144 0.36
  60   83 0.86
  22   84 0.23
  70  116 0.25
  93  196 0.00
 112  129 0.88
  73  177 0.64
  72   93 0.68
  83  186 0.02
  80  141 0.71
  12  111 0.98
  38   88 0.72
  61  114 0.03
  78   82 0.63
  35  111 0.70
  82  133 0.95
 125  172 0.02
  69  131 0.26
  73   99 0.44
  61  186 0.86
  45   97 0.91
  85   86 0.35
   1   73 0.64

  89   89 0.97
  92  200 0.42
 128  199 0.93
   0  125 0.29
  90  195 0.64
 104  170 0.32
  29  122 0.21
   9  140 0.01
 101  205 0.75
  59   65 0.68
  92  142 0.31
 113  247 0.46
  81  206 0.97
  65  152 0.25
  98  199 0.95
  92   99 0.33
  37  146 0.17
  89  129 0.44
  71   89 0.82
  16   41 0.30
  17   98 0.17
  90  171 0.71
 102  236 0.37
  41  108 0.88
  80  120 0.80

  48   97 0.97
  36   38 0.30
 108  234 0.45
   5   96 0.06
  23   25 0.04
  60  177 0.09
 105  145 0.75
 117  143 0.37
   8  125 0.98
  89  142 0.26
   3   45 0.28
  53  172 0.47
  10   48 0.00
 125  140 0.84
  74  112 0.64
 117  189 0.10
  67  117 0.17
  97  117 0.68
  35   56 0.42
  76  173 0.87
   7  135 0.21
  93  156 0.88
  39   94 0.05
  29   70 0.42
  16   30 0.03

 121  215 0.86
   9   84 0.35
 114  221 0.72
  31  123 0.80
  28  105 0.53
  12  109 0.38
  63  159 0.31
 107  184 0.37
 109  182 0.14
  85  186 0.21
  65  188 0.79
  87  108 0.53
 127  211 0.81
  84  114 0.69
  32  110 0.21
  73   87 0.59
  58  150 0.96
  49   72 0.33
 114  214 0.41
  48  183 0.61
 111  112 0.93
  69  178 0.76
 122  128 0.58
 126  235 0.14
  19   74 0.25

  15  113 0.61
  80   90 0.29
  71   74 0.80
 111  232 0.81
  73   97 0.35
 129  242 0.47
  65  145 0.77
  54  181 0.68
  90  179 0.98
   2  130 0.43
  69  157 0.43
  65   83 0.16
  93  211 0.93
  80  122 0.56
  92  121 0.57
  79  148 0.61
  41  111 0.97
  99  231 0.21
 125  139 0.73
  79  117 0.95
  19   68 0.46
 123  125 0.73
  55  127 0.75
  42   64 0.64
 122  143 0.16

 115  203 0.78
  59   62 0.56
  60  129 0.70
  98  169 0.72
  29   40 0.37
  44  163 0.63
  51   61 0.13
  43  120 0.00
  21   46 0.85
   1   33 0.82
  42   60 0.52
  58   85 0.73
 105  239 0.76
 114  177 0.97
  47  142 0.64
  97  189 0.79
  96  201 0.92
  90  149 0.55
  11   86 0.37
 107  166 0.20
  35  170 0.07
   5  140 0.93
  98  151 0.75
  59   93 0.41
 121  248 0.36

  26   39 0.56
  35   54 0.32
  85  143 0.70
  78  156 0.58
  50  140 0.97
 113  202 0.06
  85  184 0.29
  78  194 0.18
  17  124 0.71
  51  101 0.75
 127  164 0.21
   5   91 0.30
  13   85 0.36
  23   28 0.88
  16  111 0.35
  26   32 0.73
 102  197 0.60
  61  191 0.81
  99  234 0.61
   5   61 0.49
  77  192 0.67
  83  183 0.89
  62  153 0.86
  30  156 0.09
  24  126 0.32

 124  181 0.21
   7   70 0.85
  79   94 0.39
  52   72 0.54
 126  207 0.38
 121  249 0.01
  92  183 0.56
  92  149 0.74
 116  152 0.36
  43  146 0.97
  17  116 0.14
 106  152 0.82
  48   63 0.13
 115  228 0.32
  84  115 0.77
  36   99 0.52
  76  180 0.97
  79  125 0.47
  68   92 0.01
 121  128 0.10
  34   98 0.27
  13   68 0.82
   1   49 0.03
 116  203 0.33
 113  185 0.77

 116  217 0.04
   5   43 0.22
 120  180 0.60
 122  130 0.76
  42   56 0.02
  50  128 0.01
  29   85 0.47
 100  185 0.43
  96  195 0.78
  94  103 0.55
 107  127 0.51
  92  189 0.48
 115  115 0.33
  12  117 0.01
  76   80 0.60
  64   71 0.50
  13   72 0.46
  20   45 0.86
  55  169 0.16
 110  149 0.57
  19   58 0.00
   5   79 0.59
  90  128 0.62
 127  182 0.92
 120  242 0.42

  80  129 0.50
  24   70 0.64
 105  140 0.18
 131  256 0.41
  56  143 0.06
  92  221 0.73
  13   99 0.84
  28   64 0.02
 121  242 0.64
  37   47 0.83
  69  135 0.40
  13   75 0.56
  62  184 0.03
  35   38 0.55
 105  198 0.41
 135  213 0.85
  70  164 0.88
 128  263 0.64
   3   48 0.53
  98  204 0.08
  73  162 0.15
  19  143 0.93
  49  135 0.51
  74   85 0.98
  46  173 0.62

