5 100 4
3   20  16   4

  97  151 0.33
  52  188 0.32
   7  115 0.17
  71   71 0.78
  32   71 0.22
  11  157 0.45
  88  157 0.70
  88  143 0.81
  16   86 0.20
  80  183 0.84
 148  183 0.65
 118  195 0.80
  69   84 0.31
  58  194 0.86
  64  135 0.36
  89  210 0.58
  49   61 0.68
  22  113 0.22
  80  204 0.53
  87  122 0.20
 100  173 0.77
  16  132 0.55
  92  221 0.18
  19   74 0.91
  52  164 0.01
  40   57 0.90
 121  266 0.40
  44  104 0.64
  95  104 0.25
  81  208 0.55
 107  202 0.30
 138  201 0.77
 141  234 0.12
 110  116 0.25
 118  258 0.39
  26   97 0.59
  41   60 0.91
   4   48 0.18
  99  141 0.77
  11   71 0.09
  72  116 0.56
  94  121 0.08
  72  181 0.03
 137  160 0.12
  97  139 0.20
  15  130 0.73
 115  147 0.83
 133  191 0.35
  39  103 0.59
   5   30 0.19
  51   66 0.25
   9   42 0.50
  68  168 0.87
  87  219 0.67
  86  131 0.29
 142  263 0.66
  63   64 0.36
  96  162 0.33
 114  143 0.47
  85  166 0.48
 110  156 0.03
  25   70 0.36
  56   64 0.96
  98  244 0.93
 121  193 0.20
  56  130 0.07
  76  172 0.50
  71  152 0.96
  34   58 0.01
 119  120 0.76
  35   59 0.68
  80  170 0.18
  48   87 0.80
  59  145 0.68
  91  132 0.20
 100  180 0.78
 122  157 0.44
  97  102 0.71
  52   71 0.70
  52  153 0.37
  16   34 0.03
 109  207 0.88
  65   65 0.30
 149  159 0.91
  18  104 0.63
   2    9 0.65
  35  106 0.88
  78  147 0.87
  95  158 0.39
  39  183 0.00
  41  184 0.33
 118  252 0.32
  71  210 0.24
  50  166 0.69
  84  130 0.33
 113  175 0.90
  71   95 0.39
  49   49 0.94
  14   41 0.07
  78  175 0.60

  97  195 0.57
  53   87 0.67
  99  248 0.29
 115  133 0.29
   0  143 0.28
  88  227 0.64
 145  257 0.61
 145  264 0.40
 137  179 0.48
  21  118 0.52
  29   30 0.91
  86  169 0.79
 146  168 0.67
 103  197 0.91
 102  136 0.77
   8   61 0.16
  60  143 0.00
  78  101 0.43
  96  115 0.75
  83  124 0.43
  98  235 0.15
  74  141 0.51
  74  112 0.83
  99  214 0.94
  58  164 0.08
  24  163 0.19
  50  172 0.85
 148  192 0.07
 139  280 0.53
  38  145 0.19
  59  163 0.74
  61  190 0.14
 106  192 0.09
  73   94 0.38
  27  149 0.38
   8   45 0.35
  58  102 0.05
  40   79 0.43
  27  164 0.14
 108  183 0.59
   8   95 0.95
   9  158 0.47
 114  232 0.40
   4   97 0.21
  51  131 0.16
  74  210 0.32
  23   93 0.22
  49  130 0.47
  40   80 0.79
  98  234 0.65
 116  189 0.72
  23  168 0.97
  64  206 0.66
  55  160 0.57
  37   50 0.89
  58  125 0.05
  91  118 0.96
  85  207 0.57
  96  113 0.91
  75  188 0.20
  89  181 0.12
  85  154 0.30
  40   89 0.27
 115  135 0.16
  81  189 0.03
 147  157 0.34
  84  104 0.04
 117  120 0.71
   9  116 0.50
 135  161 0.70
 110  246 0.47
  69   88 0.83
 141  147 0.37
  52   99 0.24
   4   30 0.35
  68   83 0.59
  63  122 0.88
  35  157 0.35
  23  139 0.96
  80  229 0.69
  31  130 0.67
  51  123 0.28
  17   98 0.50
  28   94 0.88
  41  129 0.70
  78  100 0.38
   5  113 0.59
  92  110 0.25
  48  127 0.46
 143  187 0.81
  47   98 0.85
  14  116 0.48
  99  176 0.38
 113  202 0.90
  52   59 0.89
 126  243 0.77
 146  174 0.31
  66  125 0.02
   3   54 0.99
  93  128 0.08

  78  120 0.39
  42  108 0.24
 102  203 0.72
  18  104 0.85
 104  218 0.75
 111  194 0.17
 118  242 0.57
  38  119 0.32
 120  227 0.90
  44  167 0.35
  13   98 0.77
 119  209 0.59
 111  243 0.52
  60   95 0.60
  21  154 0.08
 104  149 0.26
 120  155 0.07
 107  225 0.35
  84  148 0.09
 103  248 0.38
 115  179 0.08
 145  222 0.23
 124  184 0.93
  46  142 0.85
  86  156 0.58
 141  151 0.76
   3  124 0.26
 112  139 0.65
 120  145 0.40
 137  137 0.19
  31  146 0.51
  98  219 0.00
   3   72 0.89
  34  150 0.66
 138  177 0.45
  26   69 0.59
  33  151 0.67
 148  157 0.55
  68  161 0.81
  99  109 0.54
 148  162 0.98
  19   70 0.20
  34  140 0.19
  47  152 0.11
  83  205 0.74
   3  138 0.88
 103  140 0.43
   4  122 0.98
 145  294 0.56
  70  175 0.32
 111  234 0.02
  42   64 0.52
  50  146 0.82
 121  203 0.80
  52   75 0.08
  13   87 0.30
  37  149 0.65
  63  125 0.83
  36   79 0.80
 101  126 0.76
   5  126 0.98
 122  125 0.28
 115  194 0.56
   6  139 0.66
 107  228 0.15
  37  124 0.07
  58  107 0.01
  23   30 0.27
 126  166 0.55
  84  163 0.05
 117  217 0.13
  32   48 0.81
  34  131 0.93
  46  190 0.91
  61  193 0.23
 108  186 0.83
 126  238 0.62
 126  132 0.04
  17   86 0.43
  56  193 0.96
  87  132 0.69
 109  191 0.64
 107  161 0.80
 105  129 0.67
  69  187 0.51
 142  237 0.52
  34   81 0.46
   1  104 0.24
  52  169 0.58
  22   59 0.88
 124  149 0.44
 130  198 0.26
 100  164 0.57
  56  122 0.06
 102  149 0.65
 120  240 0.02
  74  200 0.01
  80  199 0.08
  49  158 0.85
  17   58 0.67

