5 15 4
12    4  10  10  16  16  10  10  10   2  10   2  10

  17   18 0.07
   5    5 0.94
   9   19 0.58
  12   21 0.92
  17   31 0.88
   8   18 0.71
  11   23 0.45
   1    7 0.67
  19   27 0.52
   6    9 0.99
  12   25 0.37
   6   16 0.27
   8    9 0.55
   7   22 0.19
  10   12 0.63

  16   16 0.73
  16   26 0.39
   0   13 0.45
   4   19 0.29
  16   24 0.38
  14   20 0.75
   8   19 0.19
   0    0 0.57
   7   15 0.43
  18   32 0.54
  15   25 0.28
   2   18 0.81
   2   15 0.00
   6   18 0.63
  13   27 0.06

  12   27 0.82
   9   15 0.18
  12   24 0.48
  18   18 0.24
   8   16 0.90
  19   33 0.91
   3   15 0.48
   5    6 0.85
   3   10 0.09
   0    2 0.10
   0    0 0.90
   7   13 0.13
   7    7 0.26
  18   20 0.51
   0    1 0.55

   9   22 0.11
   4    9 0.61
  14   19 0.73
  15   19 0.67
   5    5 0.95
  10   23 0.13
   0   14 0.62
  11   28 0.87
   9   28 0.45
  18   35 0.92
   8   21 0.30
   6   23 0.69
  14   17 0.62
  11   20 0.14
   6    7 0.07

   4    5 0.37
  11   23 0.81
  19   38 0.45
  19   23 0.17
   9   17 0.40
   4   19 0.49
  18   30 0.28
  10   14 0.34
   2   14 0.62
  17   34 0.41
  13   28 0.27
   2    5 0.56
   1    5 0.56
  14   25 0.96
   7   18 0.08

   0    5 0.04
  19   23 0.82
   9   15 0.15
  14   21 0.96
   4   12 0.61
  16   28 0.06
  19   24 0.84
   4    4 0.43
   7   16 0.90
   2    8 0.17
   7   16 0.52
  19   29 0.20
   1   11 0.73
  18   33 0.86
   7   24 0.60

  17   28 0.07
  16   20 0.77
  18   23 0.44
  11   22 0.63
  18   26 0.57
  11   13 0.17
  16   23 0.83
  19   20 0.00
  17   30 0.65
   0   14 0.89
  10   26 0.59
  17   20 0.98
   7   22 0.12
  11   13 0.33
  11   30 0.20

  15   32 0.55
  13   14 0.74
  13   31 0.44
   0   14 0.54
  15   19 0.74
   0    3 0.02
   7    8 0.95
  19   37 0.64
   4    6 0.43
   5    6 0.89
  19   20 0.06
  17   17 0.78
  15   21 0.77
   3   18 0.06
   8   19 0.26

   7    9 0.67
   6   14 0.14
  12   27 0.85
  16   30 0.69
  14   21 0.35
   4   22 0.54
  10   23 0.24
  11   21 0.50
  17   24 0.30
  14   24 0.73
   6    9 0.85
  18   19 0.64
   7   24 0.70
   0    0 0.01
   2   10 0.18

  18   24 0.57
   8   10 0.70
  11   14 0.35
  17   19 0.13
   6    8 0.02
   9   20 0.58
   9   27 0.81
   3   16 0.24
  11   30 0.81
   5   15 0.73
  18   28 0.01
   9   15 0.17
   6   23 0.07
   9   11 0.53
   3   15 0.04

   9   26 0.62
   9   28 0.71
  11   27 0.58
   4   21 0.18
   6   21 0.63
  14   20 0.83
  17   18 0.98
  10   22 0.03
   2    9 0.99
  17   33 0.72
   0   16 0.52
  17   28 0.97
   8   26 0.00
   0   16 0.72
   4   14 0.95

   2    5 0.09
   0   17 0.77
  12   17 0.36
  14   15 0.76
  13   32 0.08
  18   28 0.42
   6   10 0.46
   5   12 0.51
   1    5 0.80
   3    9 0.22
   8   22 0.25
  12   20 0.14
   0    1 0.21
   1   11 0.52
   1   11 0.59

