4 25 8
12    2   2  16  10   2  10  10  16   2  10  16  20

  21   39 0.06
  19   44 0.94
  38   87 0.54
  35   81 0.61
  18   78 0.91
   1   58 0.29
  39   76 0.19
   5   54 0.90
  32   71 0.58
  27   42 0.81
  33   75 0.26
  20   29 0.07
  39   42 0.44
  22   68 0.53
  36   98 0.54
  10   76 0.93
  16   41 0.25
   2   15 0.52
  16   26 0.83
  13   61 0.46
  28   49 0.40
  13   16 0.49
  43   87 0.05
  29   36 0.97
  11   27 0.13

  34   87 0.85
  35   78 0.57
  18   63 0.08
   8   43 0.28
   0   12 0.91
   4   20 0.23
   8   13 0.45
   0   20 0.24
  25   58 0.05
   6   12 0.19
  14   63 0.49
  13   36 0.28
  22   23 0.70
   5   12 0.59
  25   60 0.25
  26   79 0.37
  42   59 0.23
  17   32 0.53
  27   87 0.58
   1   53 0.21
  36   54 0.46
   6   41 0.65
  13   17 0.39
  13   65 0.18
  33   65 0.04

  29   76 0.33
  39   90 0.04
  35   65 0.66
  29   33 0.70
  15   50 0.48
  27   41 0.13
  22   82 0.34
  31   41 0.35
  35   84 0.48
  30   31 0.64
  21   65 0.89
   5   28 0.64
  23   32 0.36
  18   57 0.68
  26   56 0.55
  41   86 0.85
  30   32 0.05
  42   85 0.22
   7   38 0.86
  15   55 0.58
   9   61 0.51
  32   63 0.69
  26   50 0.23
   8   37 0.64
  39   40 0.79

   4   39 0.05
  27   59 0.64
  16   57 0.33
  17   50 0.66
  34   92 0.31
  15   34 0.13
  33   84 0.41
  16   22 0.41
  19   54 0.91
   0   54 0.53
  26   66 0.60
  14   56 0.43
  41   74 0.66
  15   37 0.27
  37  102 0.96
   8   66 0.66
  30   71 0.43
  16   33 0.93
  25   29 0.51
   8   35 0.43
  31   51 0.69
  37   99 0.47
  24   50 0.29
   6   51 0.92
  30   35 0.46

  37   86 0.67
  17   26 0.34
  40   96 0.87
  29   53 0.26
  38  104 0.57
  25   66 0.35
   1   13 0.75
  43   66 0.23
  27   54 0.26
  21   56 0.98
   2   38 0.33
  41   87 0.27
  39   41 0.49
   1    3 0.07
  17   28 0.81
   4   62 0.09
  17   32 0.40
  43   83 0.44
  27   78 0.54
  21   64 0.05
  23   67 0.07
  21   33 0.68
  41   66 0.32
  20   36 0.79
  25   73 0.74

  26   40 0.40
  29   70 0.07
   6   61 0.33
  14   59 0.33
  36   45 0.02
  29   62 0.51
   3   57 0.23
   3   54 0.49
   8    9 0.53
  16   49 0.75
   6   45 0.87
  29   42 0.66
  11   76 0.05
  22   31 0.43
  22   68 0.34
  26   32 0.30
  31   88 0.68
  26   33 0.21
  18   46 0.70
   8   57 0.23
   5   51 0.81
  36   45 0.90
   4   35 0.65
  42  106 0.03
   3   57 0.05

   5   37 0.29
  35   83 0.68
  24   64 0.11
  34   34 0.50
  42   47 0.23
  42  101 0.11
  21   66 0.10
   8   33 0.33
   9   24 0.42
   5   14 0.37
  30   49 0.36
  15   20 0.96
  22   61 0.15
  19   59 0.67
  37   48 0.12
  20   54 0.21
   9   58 0.30
  39  101 0.06
  36   42 0.62
  18   71 0.06
  31   86 0.77
  10   72 0.97
   2   19 0.32
  14   18 0.56
   5   48 0.64

  43   66 0.96
   9   65 0.13
  15   29 0.08
  26   69 0.99
  32   41 0.74
  15   38 0.23
  16   75 0.04
   0   21 0.55
  24   43 0.85
  21   66 0.30
  16   16 0.07
   6   69 0.86
  30   58 0.51
  38   93 0.77
   7    7 0.53
   0   47 0.34
   7   73 0.75
  21   84 0.29
  10   25 0.06
  27   33 0.17
  42   54 0.29
   1   63 0.35
  44   83 0.19
  25   72 0.18
  41   94 0.90

  41   68 0.45
   8   59 0.33
  21   64 0.66
  40   73 0.76
   4   50 0.28
  22   48 0.89
  21   59 0.04
  22   49 0.01
   4   27 0.21
  33   66 0.32
  26   79 0.02
  44   91 0.26
  34   91 0.51
  30   44 0.52
  24   79 0.02
  39   73 0.10
  31   90 0.40
  37   40 0.02
  32   78 0.56
  25   74 0.87
  13   18 0.86
  25   39 0.34
  18   31 0.84
  23   54 0.73
  38   73 0.06

  21   35 0.25
  23   87 0.74
  24   53 0.69
  31   37 0.70
   1   65 0.53
  39   45 0.09
  26   34 0.39
   6   41 0.36
  15   75 0.18
  31   45 0.30
  30   88 0.15
  39   62 0.51
   2   66 0.44
  25   32 0.98
  11   16 0.33
  40  101 0.35
  10   50 0.92
  16   76 0.85
  28   92 0.84
  23   28 0.39
   5   64 0.75
  16   38 0.16
  28   37 0.53
  11   12 0.37
  24   32 0.32

   0    2 0.64
   2   59 0.79
  40   71 0.21
   5   70 0.93
  24   28 0.04
  44   60 0.73
  27   65 0.13
  40   86 0.76
  24   36 0.09
  38   49 0.19
   4   68 0.73
   4   18 0.39
   5   68 0.24
  35   59 0.41
  34   73 0.74
  41   63 0.22
   7   59 0.13
  42   81 0.59
  29   52 0.00
  14   57 0.80
  23   48 0.82
  42   51 0.68
  13   14 0.25
   3    9 0.96
  38  104 0.65

  44   94 0.84
  14   74 0.43
   6   56 0.81
   7   70 0.54
  32   52 0.48
  10   44 0.70
  10   50 0.93
   5   37 0.71
  33   85 0.96
  11   23 0.34
  18   22 0.65
  13   38 0.50
   4   45 0.49
  22   41 0.18
  30   89 0.52
   8   43 0.01
   0   19 0.55
  32   81 0.33
  22   59 0.44
  29   85 0.27
  35   72 0.44
  21   42 0.83
  31   68 0.41
  36   90 0.90
  43   43 0.98

