5 40 8
6   10  10  16  16  10  20

   3   10 0.62
   4   14 0.07
  10   17 0.91
  17   35 0.92
  10   26 0.38
   9    9 0.55
   4   14 0.46
  15   19 0.60
   7   12 0.52
   9   13 0.46
  10   12 0.54
  19   21 0.50
   9   15 0.00
   9   17 0.96
   0    3 0.50
  13   29 0.37
   1    4 0.29
   0   18 0.34
   2    9 0.38
  17   34 0.30
  14   14 0.05
  14   21 0.61
   9   10 0.48
  19   27 0.71
  16   23 0.54
   0    0 0.85
  10   14 0.83
   6    7 0.20
  19   22 0.23
  16   25 0.26
  18   35 0.52
   7   15 0.41
   7    9 0.27
   8   21 0.66
   2    7 0.82
  14   23 0.92
   1   10 0.25
   5    7 0.55
   9   28 0.29
   6    6 0.59

   5   19 0.76
   4   10 0.55
  14   15 0.50
   9   20 0.72
  18   33 0.53
  15   32 0.49
   4    5 0.73
  15   20 0.28
   2   20 0.89
  17   28 0.54
  19   33 0.03
  19   33 0.97
  12   20 0.75
  15   27 0.52
  17   20 0.81
   2   12 0.87
  10   16 0.80
  13   28 0.05
  10   25 0.24
   3    6 0.00
   2   12 0.13
   7   24 0.92
   0   18 0.19
  19   29 0.55
  15   25 0.66
  18   33 0.68
   6   21 0.39
   7   21 0.99
   0   18 0.28
   1   18 0.38
  18   21 0.58
   3   22 0.01
   1   16 0.90
  12   23 0.53
  12   21 0.26
   8   16 0.36
  14   24 0.27
  13   30 0.67
   1   15 0.19
   4   11 0.14

  16   26 0.99
   2    5 0.89
  12   20 0.94
  17   25 0.50
  17   26 0.89
   9   28 0.49
   5   11 0.80
  15   28 0.72
  18   28 0.53
   9   23 0.27
   8   26 0.86
  19   28 0.57
   0   11 0.22
   4   19 0.43
  15   33 0.78
  16   23 0.24
   4    8 0.25
   2    8 0.22
  18   22 0.75
  16   16 0.73
  10   22 0.07
   2   11 0.32
   2    2 0.69
  15   34 0.24
   8   19 0.11
  15   16 0.32
  16   22 0.27
   5   21 0.84
  11   27 0.60
   1   20 0.80
   4   16 0.61
  18   30 0.77
  15   15 0.82
  16   16 0.91
  10   11 0.60
  14   30 0.30
   7   21 0.31
   8   18 0.29
  11   23 0.56
   3   20 0.19

  14   27 0.81
   1    9 0.98
   4    7 0.29
  12   14 0.31
  11   18 0.21
   5    5 0.10
  19   34 0.89
  14   16 0.66
  10   25 0.10
   4   15 0.87
  15   34 0.05
  16   20 0.33
  13   28 0.66
  12   25 0.00
   5   21 0.49
   5   13 0.13
  10   12 0.12
  10   28 0.37
   6   22 0.97
   8   24 0.25
  14   15 0.27
  12   17 0.90
   4   22 0.82
   9   12 0.71
   6   17 0.54
   0    7 0.29
  11   12 0.81
  15   24 0.05
  12   16 0.25
   3   21 0.07
   1    4 0.70
  10   26 0.36
  12   23 0.00
  18   28 0.91
  10   27 0.76
   6   20 0.61
   4   18 0.90
   1   17 0.29
   9   13 0.27
   4   23 0.11

  13   13 0.11
  13   19 0.44
   3   21 0.42
   7   11 0.28
   3    9 0.17
   8   14 0.74
   0    5 0.98
  10   18 0.60
   3    8 0.87
  10   21 0.63
   7    7 0.75
   4   11 0.59
   3    3 0.44
  15   28 0.69
   9   13 0.82
  13   14 0.33
   2   14 0.55
   2   13 0.58
  18   26 0.00
  11   15 0.71
   1    8 0.03
  12   18 0.67
   3   20 0.65
  19   31 0.07
  18   23 0.34
  18   18 0.28
   3   11 0.19
  18   23 0.12
  10   10 0.17
   8   23 0.09
  19   36 0.84
  18   21 0.32
   1    8 0.50
  19   34 0.55
  13   17 0.29
  18   24 0.03
  13   19 0.44
  16   25 0.90
  18   31 0.33
   5   22 0.41

   7   15 0.90
  17   25 0.94
  10   14 0.38
   2   11 0.49
  13   26 0.35
  12   28 0.91
  15   17 0.47
  16   32 0.75
  11   21 0.82
  14   20 0.23
  16   23 0.97
   7   14 0.19
   6   24 0.02
  10   10 0.97
  15   19 0.30
   7   23 0.92
  18   32 0.99
  15   25 0.19
   7   10 0.15
   4    8 0.80
  19   22 0.62
  14   22 0.56
  12   26 0.37
   2   11 0.17
   5   24 0.34
   7   12 0.42
  18   19 0.11
  17   31 0.28
  11   29 0.39
  14   25 0.89
   3   13 0.86
   8   11 0.39
   9   27 0.00
  13   14 0.67
  11   24 0.21
  17   27 0.20
   6   19 0.32
   1    3 0.66
  11   27 0.75
  13   23 0.56

