5 15 4
12   10   2  10  16   2   4  10   4  10   2   2  16

  11   52 0.12
   5   36 0.10
  12   50 0.20
   6   29 0.67
   9   45 0.39
  15   59 0.99
  15   48 0.14
  10   22 0.03
   1   29 0.65
   3    4 0.64
  10   38 0.57
  14   28 0.80
   4   52 0.53
   0   22 0.54
   2   21 0.00

   8   12 0.98
   0   37 0.66
   9   13 0.65
  12   29 0.23
   4   43 0.07
  11   15 0.74
   4    9 0.49
  13   14 0.16
  12   46 0.88
  14   41 0.81
   3   15 0.52
   3   22 0.45
   5   13 0.19
   4   16 0.33
   2   21 0.22

   3   27 0.54
  13   19 0.33
   3   17 0.24
   2   39 0.78
   5   23 0.65
   4   42 0.52
  11   23 0.00
   5   47 0.92
  14   38 0.89
   8   16 0.78
  13   35 0.66
  10   18 0.46
  12   13 0.00
   5   19 0.79
  13   24 0.65

  11   22 0.70
   7   23 0.00
  12   22 0.79
  12   39 0.73
   4   32 0.96
   7    8 0.76
   1   44 0.04
  15   46 0.15
   5   38 0.41
   1   24 0.95
  11   30 0.07
   4   42 0.06
  11   35 0.68
   6   21 0.45
   7   35 0.97

   7   37 0.79
  12   51 0.28
  13   33 0.18
  14   39 0.96
   0    9 0.22
   1    1 0.22
   0   45 0.15
   8   25 0.11
  15   23 0.58
   8   48 0.36
   5   12 0.63
  15   26 0.10
  11   25 0.94
  10   17 0.18
  14   28 0.89

   8   21 0.65
   7   42 0.59
   9   44 0.72
   4   20 0.14
  14   27 0.15
   7   48 0.32
  13   49 0.91
  15   35 0.86
   1   12 0.35
   2   10 0.60
   0   39 0.48
   9   38 0.42
  15   28 0.67
   8   48 0.43
   8   11 0.38

   4   28 0.45
   1   23 0.87
   6   43 0.92
   4   15 0.92
  10   52 0.44
   9   18 0.11
   8   20 0.29
  11   54 0.71
   4   15 0.62
   9   26 0.91
  15   41 0.68
   0    6 0.79
  13   50 0.89
   6    9 0.31
   3    3 0.81

   9   52 0.29
   8   32 0.93
  15   24 0.56
  11   24 0.24
   2   22 0.99
  14   27 0.58
   8   25 0.39
  10   48 0.97
  13   41 0.99
  13   41 0.08
  11   59 0.87
  12   60 0.33
  12   22 0.74
  14   38 0.17
   0   35 0.43

   2   10 0.67
   1    8 0.43
   7   38 0.92
  11   42 0.57
  11   16 0.79
   5   21 0.61
   1   11 0.35
   7   15 0.73
   4   47 0.58
   6   36 0.20
  10   12 0.94
   1   47 0.54
   2   39 0.26
   6    8 0.51
  13   56 0.26

   7   24 0.30
  13   21 0.47
   1    7 0.30
   0    4 0.76
   1   38 0.39
  15   63 0.15
  15   21 0.72
   0    5 0.91
   0    9 0.09
  13   13 0.03
  10   32 0.28
   9   55 0.60
   6   20 0.58
   6   29 0.30
   1   39 0.08

   8   15 0.52
   6   54 0.73
  10   57 0.42
  14   54 0.67
   4   10 0.65
  13   35 0.51
  13   22 0.80
   4   18 0.28
  10   47 0.77
  15   43 0.02
  12   56 0.71
  12   50 0.98
   9   15 0.91
   6   41 0.31
  15   25 0.93

   1   23 0.30
  14   43 0.16
   8   15 0.53
   1    4 0.33
  10   24 0.69
   1   11 0.98
   8   29 0.78
  12   35 0.60
   7   40 0.27
  15   58 0.54
  15   52 0.38
   9   45 0.42
  15   49 0.57
  10   55 0.84
  11   20 0.47

