3 100 4
3    2   2   2

  34   63 0.04
  27   42 0.20
   6   34 0.35
  13   48 0.68
  34   38 0.21
   7   42 0.69
  15   34 0.86
  29   49 0.20
  31   52 0.14
  32   64 0.36
   4   27 0.36
   7   14 0.07
   7   26 0.48
  29   46 0.60
  19   43 0.41
   2   29 0.01
  16   34 0.68
  12   46 0.80
  36   57 0.62
  20   46 0.29
  14   15 0.85
  13   43 0.86
  34   48 0.91
   6   34 0.62
  11   39 0.14
  17   31 0.14
  22   57 0.56
  36   47 0.05
  11   46 0.14
  25   45 0.18
  15   46 0.65
  24   47 0.93
  10   36 0.77
  22   41 0.71
   8   28 0.05
  19   44 0.78
  19   52 0.14
   4   37 0.33
  22   22 0.96
  35   69 0.73
  29   47 0.74
   4   27 0.63
  20   20 0.20
  32   68 0.86
   4   12 0.27
   2   28 0.29
  21   48 0.06
  22   52 0.72
  31   38 0.57
  12   41 0.62
  28   34 0.94
  35   67 0.74
  17   23 0.35
  31   37 0.32
  32   38 0.73
  15   36 0.38
  36   70 0.17
  24   51 0.34
  10   36 0.08
  17   27 0.71
  36   70 0.40
  16   20 0.01
  13   36 0.03
  13   14 0.98
   6   31 0.64
  14   37 0.78
  15   33 0.56
  29   40 0.84
   7   36 0.46
  30   49 0.51
   1   27 0.74
  24   32 0.26
  26   49 0.13
  31   56 0.87
  36   40 0.95
   8   37 0.85
   0   14 0.55
  31   64 0.35
  26   36 0.12
  32   59 0.77
   9   34 0.58
  33   61 0.75
  16   34 0.38
  28   39 0.48
  32   55 0.04
   5   23 0.09
  15   50 0.33
  17   36 0.51
  33   33 0.78
  25   27 0.00
  28   32 0.62
   0   35 0.32
  18   35 0.68
   4   25 0.72
  36   64 0.19
   8   21 0.05
  16   49 0.42
   5   35 0.80
   0   26 0.94
   0   28 0.48

  33   40 0.10
   9    9 0.36
   3   29 0.43
  28   51 0.19
  30   55 0.10
  19   42 0.05
   1   25 0.67
  28   58 0.95
   6   39 0.40
  11   11 0.50
   7   38 0.71
  17   40 0.64
   4   31 0.23
  14   36 0.52
  16   48 0.73
  17   22 0.52
  24   44 0.96
   0   34 0.24
   0   10 0.48
  25   60 0.27
  33   51 0.29
   6   28 0.20
  35   65 0.14
  13   30 0.09
  10   13 0.33
  32   60 0.20
   3   39 0.24
  25   56 0.66
  27   32 0.65
  36   51 0.98
  17   24 0.40
   3   30 0.13
  34   62 0.17
   8   11 0.92
  34   35 0.94
  14   15 0.33
  17   18 0.14
   0   12 0.96
   3    5 0.57
   8   37 0.64
  20   22 0.78
   7   13 0.09
  30   35 0.27
  10   19 0.53
   3   22 0.73
  26   42 0.37
   4   14 0.60
  24   58 0.12
  32   48 0.00
   1   35 0.54
   0    1 0.21
  18   44 0.00
  27   62 0.03
  14   44 0.13
  10   18 0.72
  27   44 0.12
  11   26 0.55
  11   43 0.64
   9   30 0.89
  19   41 0.37
   0   20 0.88
  15   18 0.03
  14   34 0.59
   5   29 0.87
  35   58 0.99
  16   41 0.94
   8    9 0.12
  23   25 0.22
  36   70 0.76
  25   44 0.21
  21   54 0.60
  16   32 0.32
   6   37 0.18
  32   67 0.48
   1    2 0.84
  17   47 0.04
  16   34 0.32
  30   44 0.57
   2   36 0.03
  22   26 0.77
  20   42 0.55
  12   39 0.03
  21   28 0.18
  17   43 0.44
   8   36 0.71
  11   24 0.80
   1    4 0.88
  31   63 0.43
  25   51 0.47
  13   43 0.21
  21   36 0.83
  31   52 0.82
   5   21 0.35
  36   69 0.80
  12   42 0.92
  35   65 0.62
   9   33 0.73
  16   48 0.79
  12   14 0.41
  19   31 0.16

   0    1 0.16
   7    8 0.92
  30   52 0.18
  16   42 0.99
  23   34 0.63
   2   10 0.69
   4   11 0.05
  17   34 0.18
   6   17 0.90
  20   27 0.57
  27   55 0.82
  10   11 0.24
  17   48 0.89
  22   38 0.74
  32   62 0.29
  25   51 0.77
   9   36 0.06
  12   22 0.08
  33   50 0.25
  25   29 0.96
   5   38 0.00
  18   46 0.10
  20   53 0.02
  12   36 0.74
   5   17 0.03
  34   67 0.65
  25   36 0.98
  34   54 0.26
  18   51 0.46
   3   38 0.86
  24   43 0.57
  32   51 0.50
  17   39 0.95
  24   45 0.68
  26   29 0.85
  11   29 0.49
  34   58 0.02
  22   33 0.37
   3   34 0.83
  16   46 0.37
  17   29 0.13
   0   24 0.28
  34   63 0.60
  23   34 0.48
  23   39 0.18
  28   62 0.07
  13   24 0.80
  35   64 0.85
  11   22 0.82
  30   40 0.98
  27   29 0.29
  25   41 0.53
  28   29 0.98
  14   24 0.80
  12   23 0.69
   1   22 0.55
  10   41 0.87
  34   50 0.41
  36   72 0.71
   5   12 0.55
  36   42 0.06
  12   23 0.52
   4    5 0.92
  18   45 0.31
   6   36 0.04
  17   43 0.90
  16   33 0.26
  36   72 0.62
   3   32 0.10
   0    8 0.51
  14   36 0.42
  27   45 0.43
  26   37 0.32
  23   32 0.79
   1    5 0.07
  15   21 0.72
  21   27 0.43
  22   25 0.04
  13   41 0.81
  33   52 0.02
  19   21 0.81
  24   54 0.98
   0   21 0.82
  30   44 0.88
   9   23 0.09
  34   57 0.79
  24   46 0.38
  30   63 0.15
  19   29 0.23
  35   70 0.72
  28   35 0.93
  23   35 0.17
  16   33 0.98
   5   12 0.13
  24   59 0.77
   6   33 0.81
  28   48 0.43
   4   36 0.81
  16   50 0.49
  17   49 0.74

