5 50 8
6    4   4   2  20   2  10

   2   22 0.99
   9   23 0.17
  25   43 0.21
  17   52 0.49
  19   25 0.87
  20   47 0.29
   3   41 0.99
  33   39 0.30
  32   49 0.75
   5   24 0.00
  34   67 0.39
  21   41 0.51
   5   11 0.04
  37   45 0.21
  27   42 0.47
  28   46 0.78
   2   37 0.56
  13   22 0.38
   1   10 0.09
  17   47 0.04
  14   41 0.34
  33   57 0.21
  25   50 0.36
  31   41 0.25
   3   16 0.72
  37   42 0.88
   2    2 0.25
   7   30 0.01
  11   20 0.65
  22   36 0.55
  18   29 0.53
  12   39 0.35
  17   38 0.25
   7   16 0.13
   7   44 0.26
   2   24 0.86
  37   60 0.26
   5   22 0.66
  35   72 0.66
   5   43 0.02
  24   56 0.41
   0    6 0.68
   4   34 0.66
   4    8 0.68
  27   59 0.16
  28   64 0.00
   0    5 0.32
  34   64 0.57
   1   29 0.81
   9   29 0.04

   6   35 0.54
  28   29 0.23
   0   18 0.00
   2   17 0.05
  28   65 0.23
  15   27 0.56
  37   56 0.88
  36   70 0.01
  29   37 0.03
  12   27 0.59
  26   58 0.36
  24   62 0.95
  30   67 0.61
  24   55 0.12
  11   30 0.88
  28   51 0.34
   8   11 0.65
  33   68 0.85
  28   30 0.29
   6   44 0.92
  21   48 0.35
  33   48 0.06
  33   41 0.94
   6    7 0.00
  20   48 0.87
  17   40 0.65
  33   39 0.71
  21   23 0.52
  20   24 0.52
  27   59 0.74
  23   24 0.36
   5   40 0.35
  36   72 0.18
  25   46 0.07
  32   35 0.34
   4   17 0.75
  36   48 0.28
  11   21 0.47
  18   35 0.21
  13   13 0.10
  37   70 0.99
   9   16 0.84
  10   20 0.29
   2   30 0.74
   8   42 0.85
  22   46 0.00
  28   42 0.17
   3   30 0.33
  27   43 0.96
  34   63 0.76

  28   35 0.21
   1   28 0.55
   9    9 0.33
  17   47 0.07
  32   33 0.47
  38   53 0.03
  32   46 0.80
   1   25 0.13
  24   27 0.53
  13   22 0.08
  36   57 0.73
  12   22 0.89
  15   23 0.25
  35   45 0.72
  31   64 0.50
  37   42 0.48
   2   31 0.81
  26   64 0.41
  16   49 0.54
   7   21 0.31
   8   43 0.72
   1   12 0.58
   1   22 0.04
  24   58 0.61
  27   45 0.93
  26   31 0.00
  31   52 0.77
   7   44 0.41
  30   34 0.91
  11   47 0.35
  17   51 0.94
  10   16 0.09
  35   57 0.97
   5   31 0.99
  15   16 0.38
  24   44 0.72
   5   36 0.91
  33   50 0.26
  10   43 0.15
  36   44 0.40
   6   41 0.41
   8   17 0.87
  12   45 0.31
  11   47 0.35
   7   14 0.63
  22   22 0.63
  28   46 0.52
  17   30 0.91
  29   42 0.17
  23   28 0.44

   9   10 0.47
  10   22 0.75
  23   41 0.95
  35   67 0.38
  17   47 0.66
  19   33 0.89
  36   73 0.40
   0   30 0.41
   8   42 0.25
   5   25 0.53
  35   49 0.35
  16   28 0.13
  21   47 0.59
  22   54 0.24
  15   22 0.50
  20   29 0.59
   5   28 0.61
  30   47 0.37
  19   35 0.07
  12   43 0.02
  25   41 0.54
   5   17 0.90
  12   42 0.80
  36   61 0.04
  26   34 0.36
  10   47 0.07
   6   28 0.54
   8   10 0.72
  10   10 0.58
  38   57 0.63
  33   64 0.81
  29   61 0.83
  38   53 0.86
  10   28 0.52
  37   49 0.90
  24   45 0.51
  38   60 0.25
   1   11 0.60
   7   13 0.81
  10   31 0.93
   5    5 0.97
   8    8 0.19
  11   35 0.92
  19   42 0.18
   1    3 0.15
  20   21 0.07
  26   29 0.36
   7   13 0.68
  28   38 0.22
  36   67 0.06

  17   21 0.83
   6   25 0.37
  33   41 0.15
  31   31 0.32
  25   40 0.50
  29   54 0.68
  17   43 0.73
   2   37 0.77
  34   35 0.16
   3   28 0.03
   7    9 0.19
  19   35 0.16
  16   34 0.50
  10   21 0.92
  14   35 0.99
  35   50 0.00
  20   41 0.72
  11   15 0.10
   6   38 0.46
  23   26 0.50
  24   61 0.29
  31   45 0.80
  25   49 0.29
  15   39 0.60
   0   25 0.87
  24   37 0.45
  17   53 0.47
  12   50 0.04
  24   37 0.46
  24   39 0.54
  35   60 0.17
  30   63 0.92
  24   37 0.62
   0   10 0.15
  21   34 0.73
  34   44 0.17
   2    3 0.94
  34   48 0.87
  13   14 0.34
  25   35 0.86
  35   55 0.10
   9   20 0.75
  38   48 0.78
   6    8 0.55
   0   31 0.63
  38   49 0.25
   8   42 0.14
  33   36 0.65
  12   47 0.42
  23   30 0.06

   3   10 0.15
   9   38 0.20
  36   55 0.27
   1   35 0.53
   8   33 0.02
  36   47 0.35
  37   51 0.60
   1   27 0.01
  20   57 0.25
   8   30 0.11
  35   73 0.01
   7   41 0.05
  32   45 0.78
  10   16 0.06
  14   39 0.33
  25   51 0.70
  26   56 0.27
  38   72 0.49
   5   30 0.88
  38   50 0.25
  12   41 0.19
  22   57 0.05
  21   34 0.23
  14   19 0.86
  25   26 0.37
   8   45 0.99
  29   49 0.57
   7   30 0.72
   5   28 0.39
   5   35 0.63
  23   23 0.48
   1   33 0.78
  19   49 0.09
  24   32 0.53
   3   30 0.84
  28   51 0.93
   4   37 0.66
   6   31 0.68
  37   58 0.34
   9   38 0.71
   0   23 0.46
  21   41 0.10
   7   38 0.24
  38   50 0.05
   6   28 0.17
  38   54 0.97
   4   10 0.35
  11   14 0.08
  15   29 0.03
  14   16 0.89

