5 20 4
12    4  10  10  10  10   4  10   4  10  20  10   2

  12   17 0.18
   8   27 0.41
  24   48 0.39
  24   25 0.22
  24   40 0.12
   5   20 0.27
  20   43 0.30
   8   21 0.09
   2   13 0.34
   1    8 0.22
  22   39 0.35
   6   20 0.84
   7   22 0.43
  22   26 0.06
   9   32 0.84
  25   31 0.57
  14   16 0.04
   0   17 0.40
  12   13 0.24
  22   35 0.73

  24   37 0.33
  16   21 0.32
   3   18 0.07
  11   16 0.70
  19   23 0.38
   3   21 0.24
   2    3 0.21
   1   23 0.13
  10   31 0.31
  11   33 0.76
   2    5 0.12
  24   49 0.01
  22   27 0.19
   7   10 0.08
  17   29 0.98
  24   44 0.23
  20   43 0.90
  16   37 0.92
   7   20 0.66
  18   41 0.58

  10   13 0.68
  23   24 0.95
   3   27 0.22
  17   21 0.29
  22   22 0.44
  17   24 0.86
  21   46 0.04
   4   14 0.22
   6    6 0.41
   4    5 0.82
   8   26 0.28
  25   29 0.46
  19   20 0.08
  10   21 0.67
   5   12 0.74
   4   10 0.86
  13   26 0.50
  16   39 0.83
   6   17 0.40
   5   28 0.25

  22   27 0.08
   5   10 0.07
   3   17 0.06
  18   37 0.36
   2   23 0.17
   3   19 0.47
  18   18 0.72
  12   26 0.80
   8   25 0.75
   8   22 0.48
   6   29 0.09
   9   34 0.75
  12   20 0.53
  16   23 0.38
  15   32 0.22
  10   17 0.64
   2   25 0.26
  23   39 0.96
  16   25 0.74
   0   14 0.33

  22   43 0.42
   2    7 0.12
  24   30 0.39
   5   20 0.27
  25   25 0.26
  21   32 0.70
   1    7 0.83
   6   26 0.19
  20   27 0.41
  18   39 0.87
   4   20 0.92
  22   33 0.75
  15   15 0.58
  18   28 0.01
  10   20 0.53
   7   21 0.81
  12   31 0.55
  15   32 0.46
   4    6 0.63
  17   29 0.27

  23   39 0.03
   6   24 0.07
  22   37 0.95
  21   37 0.24
  18   35 0.64
   5   21 0.98
  22   29 0.97
  11   25 0.59
  13   14 0.46
  10   31 0.70
  19   21 0.76
   9   26 0.62
  24   28 0.87
  15   30 0.45
   5   24 0.31
  12   27 0.93
  19   35 0.71
  22   35 0.82
   6   31 0.83
   9   29 0.19

  17   20 0.06
  15   28 0.25
  21   46 0.31
  12   17 0.28
   2   12 0.98
  20   28 0.80
  19   20 0.37
  19   44 0.12
   6   30 0.17
  16   16 0.76
  24   42 0.41
   2   23 0.19
   9   19 0.71
  12   17 0.08
  22   27 0.83
  22   22 0.14
   6   26 0.13
  13   15 0.40
  21   34 0.21
   1   19 0.41

  25   45 0.80
   6   16 0.48
  15   27 0.59
  15   23 0.89
  24   42 0.61
  20   25 0.10
   5   23 0.50
  15   21 0.80
  20   28 0.11
  10   15 0.14
  22   40 0.46
   3   26 0.15
  24   24 0.42
  21   30 0.37
   3   11 0.19
   0   15 0.72
   0   15 0.63
  24   47 0.32
  21   25 0.69
  23   47 0.13

   3    7 0.56
  10   15 0.94
   1   24 0.96
   0    8 0.40
  12   12 0.86
  14   15 0.59
   8   23 0.63
   7   29 0.91
   7   32 0.16
   0   10 0.07
  11   34 0.47
  24   33 0.22
   3   17 0.54
  13   22 0.67
   9   12 0.31
  12   24 0.66
  20   44 0.83
   7   30 0.87
   1    2 0.21
   6   29 0.49

  12   30 0.67
  15   32 0.04
  13   26 0.12
   5    5 0.08
   4    5 0.48
  23   46 0.74
   7   30 0.96
   7   26 0.84
  11   21 0.09
  13   34 0.41
  11   35 0.22
  21   39 0.72
  15   26 0.23
  11   32 0.67
   0    4 0.58
  12   24 0.58
  12   24 0.16
  21   29 0.70
  22   23 0.85
  16   22 0.09

  16   27 0.90
   4   18 0.64
   5   24 0.38
   7    8 0.78
   5   29 0.22
  17   17 0.27
   3   17 0.63
   6   13 0.90
  11   26 0.77
  21   43 0.03
  22   26 0.16
   5   12 0.14
  17   39 0.14
  13   26 0.56
  20   26 0.77
  25   35 0.72
  25   50 0.28
   4   19 0.41
  21   42 0.84
  17   39 0.98

  12   17 0.13
  13   33 0.25
  20   41 0.64
   8   19 0.90
  20   32 0.15
  20   24 0.84
  20   32 0.72
  13   13 0.37
  17   28 0.78
  16   26 0.74
  25   42 0.30
  19   26 0.30
   1   17 0.59
  16   28 0.19
   8   20 0.36
   8   11 0.73
  17   38 0.15
  18   31 0.31
   0   14 0.21
  24   37 0.91

