4 40 8
6   16   4   2  10   2  16

  38   43 0.59
  28   28 0.97
  42   46 0.66
   5   15 0.58
   9   19 0.36
  34   45 0.04
  32   32 0.45
  28   32 0.85
  36   47 0.08
  33   36 0.89
  28   34 0.03
  19   29 0.68
   9   23 0.93
   5    9 0.76
  10   18 0.28
   6   10 0.33
  11   21 0.71
  28   39 0.56
  35   36 0.71
  20   25 0.19
   9   13 0.57
  15   18 0.09
  32   33 0.85
  22   28 0.02
  41   54 0.00
  29   29 0.17
  43   52 0.81
  20   29 0.93
  43   52 0.05
  36   40 0.04
  16   28 0.21
  43   53 0.70
  15   15 0.99
   5   10 0.24
  16   29 0.36
  17   24 0.33
  22   25 0.36
   9   16 0.86
   2   15 0.68
  37   43 0.04

   8   16 0.15
  27   35 0.47
   7   10 0.51
   0    8 0.21
  20   30 0.30
  31   35 0.83
  10   22 0.80
  19   28 0.93
  33   38 0.01
  22   33 0.28
   6   13 0.56
  39   51 0.61
  18   32 0.35
  32   32 0.88
  28   36 0.46
  14   25 0.58
  41   49 0.52
  14   28 0.46
  43   49 0.10
  32   40 0.17
  45   56 0.83
   0    5 0.39
  32   32 0.54
  42   43 0.39
  14   18 0.01
  39   50 0.73
  10   12 0.85
  23   34 0.93
  29   41 0.34
  33   42 0.65
   1    3 0.30
  15   24 0.03
  11   24 0.18
  34   45 0.58
   2    2 0.15
  37   40 0.86
  36   48 0.15
  26   31 0.60
   1   14 0.89
  24   29 0.92

  22   28 0.57
  16   19 0.33
  29   33 0.35
  34   46 0.00
  34   44 0.26
  18   22 0.53
  17   17 0.02
  12   24 0.14
   3   10 0.43
  42   44 0.08
  28   32 0.20
  29   35 0.25
  39   53 0.72
  43   55 0.08
  14   23 0.04
  40   47 0.86
  26   29 0.24
   4   14 0.24
  29   43 0.17
  29   31 0.98
   9   12 0.59
   9   22 0.57
  16   19 0.85
  34   42 0.51
   5   12 0.76
  19   24 0.04
  31   43 0.09
  24   33 0.83
  42   42 0.81
  10   24 0.15
  16   29 0.26
  11   15 0.46
  40   51 0.38
  19   23 0.71
   2    5 0.74
  13   26 0.57
  40   50 0.41
   5   16 0.14
   2   13 0.79
  14   26 0.11

  27   36 0.91
   6   11 0.21
  42   50 0.04
  20   33 0.11
  19   23 0.07
  20   34 0.68
  34   43 0.94
   4    7 0.47
  29   37 0.41
  27   34 0.61
   8   14 0.57
  32   42 0.64
  24   31 0.42
  22   22 0.38
   3   16 0.31
  28   40 0.86
  11   15 0.26
  18   23 0.82
  10   19 0.68
  13   21 0.86
   9   11 0.31
   5    8 0.58
  31   33 0.35
  14   19 0.05
  26   30 0.60
   0    4 0.88
  22   29 0.60
  20   28 0.07
   9   20 0.97
  13   15 0.80
  16   26 0.43
  10   11 0.20
  41   44 0.89
  37   49 0.54
  31   44 0.76
  37   38 0.62
  16   22 0.52
  30   34 0.40
   0   10 0.24
  32   38 0.59

  43   49 0.39
  29   41 0.84
   3   12 0.23
   0    6 0.60
  34   40 0.13
   5    7 0.16
  13   21 0.38
  33   35 0.87
  18   26 0.91
  44   49 0.96
  36   40 0.20
  30   42 0.57
  11   17 0.63
  36   41 0.52
   6    7 0.68
  32   45 0.27
   7   14 0.84
  32   38 0.03
   9   17 0.05
  27   39 0.42
  27   32 0.37
   9   22 0.23
  37   41 0.37
  36   47 0.85
  15   19 0.20
  31   31 0.18
  42   54 0.09
  40   46 0.11
   5   13 0.76
  20   26 0.37
   4   10 0.66
  23   36 0.29
  13   15 0.91
  15   17 0.04
  16   24 0.20
  44   47 0.37
  39   40 0.64
  30   38 0.22
  40   53 0.20
  35   42 0.95

  26   38 0.09
  27   28 0.97
   3   10 0.48
  29   30 0.39
   3   14 0.09
  19   20 0.28
  45   49 0.85
  28   31 0.03
   9   22 0.90
   9   13 0.15
  33   37 0.45
   9   10 0.79
  20   22 0.06
   0    9 0.07
  41   44 0.08
   1    9 0.55
  29   31 0.77
  11   18 0.71
  12   22 0.68
  37   45 0.84
  44   50 0.43
  13   14 0.02
   3   17 0.32
   9   18 0.65
   2    6 0.49
  16   20 0.42
  44   51 0.17
  20   27 0.40
  12   24 0.25
  14   27 0.85
  14   24 0.60
   5   11 0.60
   8   21 0.65
  10   22 0.83
  10   22 0.62
  14   16 0.69
   8   13 0.34
  23   27 0.07
  19   27 0.86
  28   35 0.94

