4 20 4
12    2  16   4  16  10  10  16  16  10   2   2  16

   7   86 0.65
  40  119 0.62
  69  107 0.12
  41   52 0.47
  43   86 0.98
  55  107 0.40
  17  127 0.39
  46   62 0.15
  13   36 0.15
   6  106 0.50
  73   73 0.49
  49   53 0.49
  64   89 0.40
  41   55 0.35
  61  114 0.39
  66  135 0.18
  37  140 0.21
  30   70 0.18
  48  104 0.48
   0   34 0.59

  63  104 0.25
  28   74 0.49
  53  164 0.28
  55   73 0.03
   4   54 0.30
   4  110 0.24
  57  118 0.65
  51  117 0.84
  16  124 0.98
  46   67 0.27
  42  143 0.48
  39  122 0.94
  44   96 0.80
   4   17 0.89
  19  115 0.26
  44   79 0.26
  72   77 0.54
  36   76 0.99
  62   65 0.92
  45  136 0.42

  12  100 0.06
  70   94 0.09
  20   46 0.52
  70  175 0.16
  14  122 0.43
  71  135 0.07
  67  156 0.25
  20   84 0.36
  47   96 0.06
  44  130 0.24
  49  117 0.49
  57  134 0.46
  56  115 0.84
  61  102 0.94
  63  106 0.01
  22  113 0.48
  25   29 0.41
  38  108 0.60
  35  110 0.97
   4  110 0.49

  14  112 0.26
   8   13 0.84
  57  124 0.01
  23   50 0.02
  30   88 0.24
  29  135 0.31
   5   41 0.99
  54   85 0.61
  52   72 0.53
  34  123 0.04
  50  110 0.10
  25   58 0.71
  23   88 0.43
  66  124 0.25
  56   92 0.59
  28  110 0.61
  61  119 0.46
  32   77 0.19
  26   81 0.51
   9   29 0.15

  24   82 0.41
  15   63 0.68
  46   51 0.92
  54  159 0.88
  42  135 0.33
  22   69 0.76
  22   94 0.11
  38   50 0.61
  41  147 0.74
  42  149 0.73
  73  142 0.90
   6   86 0.08
   7   53 0.46
  47   93 0.69
  50  153 0.13
  49  122 0.03
  26  133 0.02
   5   67 0.96
  63  104 0.63
  39   47 0.21

  40  136 0.06
  31   32 0.34
  58  156 0.91
  63  106 0.40
  17  123 0.13
  69   69 0.05
  16   52 0.91
  59   79 0.24
  46   72 0.61
  62  173 0.51
  46  133 0.84
  48   57 0.31
  44  116 0.08
  72  116 0.27
  69  152 0.90
  49  126 0.06
  56  160 0.32
  19  122 0.52
  34   79 0.79
  23   52 0.72

  57  148 0.75
  33  114 0.18
  45   48 0.95
   7   68 0.33
   6   63 0.74
  13   84 0.53
  54   96 0.94
  15   83 0.84
  44   57 0.40
  62  159 0.91
  18  105 0.14
   7  108 0.44
  49   98 0.57
  37  108 0.22
  33  141 0.09
   3   51 0.04
  34   92 0.28
  35  119 0.17
  24   28 0.28
  49   75 0.49

  59  113 0.73
   7   69 0.66
  20  102 0.73
   4   76 0.57
  52  120 0.43
  25   77 0.76
  23   78 0.87
  10   11 0.61
  32  100 0.77
  42   51 0.94
  40   90 0.33
  70  155 0.66
  29  126 0.18
  12   76 0.48
  40   84 0.58
  39   96 0.44
  54   65 0.31
  60  101 0.25
  68   71 0.30
  53   90 0.31

  26   51 0.17
  63  106 0.93
  59   65 0.71
  13  108 0.43
   2   48 0.55
   6   57 0.79
  24   42 0.49
  19   92 0.47
   3   29 0.85
  10   70 0.66
  61   73 0.46
  64  105 0.24
  25   61 0.69
  45   61 0.76
  50  145 0.11
  28   37 0.15
  58  112 0.00
  28  138 0.88
  14   22 0.51
  70  133 0.51

  21   94 0.05
  16   28 0.21
  61   76 0.81
  24  133 0.24
  58  140 0.54
  42  138 0.14
  51  139 0.81
  73  116 0.97
  28   56 0.36
  10   20 0.88
  53  159 0.18
  73   76 0.11
  68  106 0.97
  29   81 0.73
  61  172 0.55
  70  180 0.75
  25   25 0.19
  67  176 0.66
  43   71 0.74
  35   81 0.09

  69  119 0.62
  67  101 0.88
   2   69 0.17
  64  172 0.09
  72  165 0.05
   0   46 0.10
  33   39 0.68
   8   91 0.91
  23   45 0.21
  21   73 0.03
  59  121 0.82
  45  105 0.54
  63  125 0.83
  33   43 0.70
  20   97 0.43
  47   91 0.12
  41  143 0.64
   6   15 0.05
  13  124 0.69
  45  137 0.88

  10   13 0.50
  70  169 0.27
  65  120 0.70
  41   64 0.56
  67  161 0.96
  12   48 0.72
  53  158 0.78
   2   59 0.34
  62  109 0.69
  59  104 0.95
  54  105 0.94
  59  113 0.86
  32   58 0.98
  66   94 0.82
  40   89 0.36
  46  151 0.73
  71   80 0.74
   9   89 0.12
  25   57 0.92
  32  143 0.23

