5 60 4
3    4   4  16

  27   39 0.02
  13   16 0.58
  32   37 0.30
  14   17 0.66
  34   36 0.12
  34   34 0.44
  15   20 0.77
   2   19 0.31
  20   35 0.55
   9   20 0.98
   0   14 0.80
  18   31 0.18
  16   26 0.79
   1    5 0.55
   7    7 0.81
  23   32 0.62
   1   14 0.65
  28   42 0.42
  23   31 0.98
  34   37 0.89
   5   16 0.71
  18   19 0.89
  30   40 0.21
   4    5 0.53
  26   41 0.68
  33   41 0.09
  35   38 0.33
  26   33 0.58
  28   38 0.57
  15   15 0.12
  24   40 0.66
  30   36 0.30
  22   23 0.37
  32   46 0.86
   7   11 0.32
   0    6 0.53
   6   14 0.39
  21   38 0.52
  16   19 0.44
  25   42 0.99
  26   34 0.43
   9   14 0.40
  20   24 0.78
  10   15 0.11
  22   38 0.31
  21   24 0.01
  31   33 0.43
   3   12 0.22
  26   41 0.42
  21   29 0.82
  13   23 0.93
  10   19 0.35
  28   39 0.77
   6   22 0.85
  26   31 0.67
  26   32 0.92
  33   47 0.24
  14   25 0.95
   9   20 0.44
  12   12 0.93

  19   21 0.20
  35   51 0.49
  10   12 0.66
   5    7 0.44
  28   44 0.39
  22   28 0.25
  27   31 0.64
  24   34 0.97
  13   24 0.07
   2    4 0.22
  12   17 0.15
  14   21 0.83
  33   45 0.23
   5    6 0.08
  17   22 0.24
  23   27 0.27
  23   23 0.26
  26   35 0.95
  17   33 0.39
  23   23 0.83
  18   28 0.17
  26   42 0.14
   0   16 0.74
  17   17 0.66
  24   33 0.96
  23   33 0.43
  20   36 0.78
  15   28 0.83
  13   28 0.97
  12   17 0.94
  24   28 0.74
  26   31 0.51
  13   23 0.97
  34   47 0.31
  33   47 0.72
  19   28 0.71
  23   39 0.42
  35   35 0.24
  31   38 0.24
  35   42 0.01
   4   17 0.84
  34   36 0.50
  11   22 0.22
  20   33 0.38
  24   29 0.86
  22   34 0.41
  13   13 0.24
  16   32 0.89
  20   29 0.08
  30   34 0.30
  23   33 0.65
  14   27 0.94
  32   33 0.83
  29   32 0.77
  27   40 0.33
  34   37 0.34
  25   41 0.60
   6   22 0.96
  34   45 0.20
  16   22 0.37

  30   41 0.17
  26   31 0.23
   6   23 0.75
  32   38 0.55
   6   14 0.49
   9   18 0.64
  26   29 0.65
  25   27 0.64
  30   44 0.59
  18   29 0.17
  22   23 0.98
  28   41 0.02
  25   28 0.97
  27   36 0.00
  17   21 0.66
  19   28 0.37
  32   45 0.69
  12   27 0.35
  10   27 0.76
  30   39 0.90
   0    5 0.16
  31   31 0.00
  35   47 0.18
   8   22 0.51
   1   15 0.06
  14   19 0.39
  13   17 0.48
  21   26 0.58
  32   35 0.93
  15   20 0.10
   3   15 0.99
  11   12 0.50
  23   30 0.57
  30   35 0.92
  29   39 0.20
  15   32 0.98
  12   26 0.28
  13   16 0.69
  27   30 0.27
  34   47 0.26
   3   15 0.82
  28   28 0.33
   2    9 0.93
  16   22 0.35
  28   28 0.35
  21   25 0.12
   6   23 0.54
   7   14 0.99
  21   32 0.88
  11   26 0.78
  18   32 0.60
  12   23 0.53
  28   45 0.83
  35   35 0.43
  28   35 0.69
  25   30 0.65
   8   15 0.34
  27   31 0.88
  20   21 0.53
  11   22 0.90

