5 15 8
12    4  16   4   4  20  20   4   4   2  16  10  20

   9   10 0.06
  18   23 0.91
  11   11 0.66
  10   16 0.40
   5   15 0.18
  19   29 0.22
  16   24 0.94
  15   17 0.16
  22   30 0.82
  18   18 0.02
  15   18 0.62
   8    9 0.69
  21   29 0.44
   7   13 0.89
   0    5 0.17

  21   24 0.40
  21   25 0.89
  10   12 0.33
   7    8 0.65
  14   17 0.58
  18   19 0.72
  11   18 0.40
  22   27 0.45
   6    7 0.20
  15   19 0.36
  17   20 0.18
   1    6 0.41
   2    6 0.27
  10   12 0.24
  18   23 0.33

  14   19 0.97
  22   27 0.42
  10   13 0.97
   3   12 0.98
  16   18 0.67
  10   20 0.82
  16   24 0.27
   2    3 0.47
   9   12 0.04
  15   20 0.34
  20   27 0.52
  14   22 0.41
   6   14 0.02
  22   31 0.32
  17   20 0.05

   7   11 0.07
  22   29 0.32
   0    4 0.42
   5    6 0.86
   7   14 0.87
   1    8 0.73
   8    9 0.00
  22   24 0.20
   6   13 0.11
  22   31 0.60
  14   21 0.54
  15   20 0.98
  11   11 0.79
   8    8 0.11
  17   22 0.73

   1    8 0.44
   4    4 0.90
  18   25 0.03
   5   12 0.27
   5    9 0.26
  16   23 0.50
   0    9 0.97
  14   18 0.67
   4    4 0.24
  13   17 0.84
   3    3 0.55
  19   19 0.05
  14   19 0.72
  16   24 0.71
  19   26 0.48

  13   20 0.07
   7   16 0.98
   6   11 0.63
  12   15 0.16
   2    6 0.11
  20   22 0.28
  15   18 0.58
  20   25 0.62
  15   15 0.77
  19   22 0.97
  17   22 0.03
  10   17 0.11
  16   25 0.80
  13   13 0.87
  11   20 0.27

   3    4 0.92
   5    8 0.99
   3    8 0.26
  15   24 0.84
  18   22 0.07
   9   16 0.47
  20   20 0.63
   7   12 0.10
  17   17 0.51
   9   15 0.37
  19   24 0.34
  15   15 0.32
   8    9 0.49
   9   11 0.06
   8   14 0.92

  10   19 0.07
   5    7 0.10
  16   16 0.65
   2    4 0.04
  10   15 0.49
   6    9 0.09
   1    1 0.56
   9   11 0.47
  12   22 0.29
   3    8 0.59
   1   10 0.36
  18   18 0.26
  17   21 0.34
  21   28 0.10
   8   15 0.84

   7   17 0.27
   0    7 0.45
   9   19 0.08
   8   11 0.01
   5   12 0.43
   5   12 0.43
   0    5 0.33
  15   19 0.06
   4    7 0.67
  11   17 0.43
  14   19 0.54
  13   19 0.78
   6   14 0.12
   4    4 0.72
   0    6 0.39

  17   26 0.99
  19   27 0.79
   5    5 0.33
   4    6 0.22
  16   23 0.24
  20   22 0.45
  17   25 0.01
  17   20 0.93
   5   11 0.43
  15   24 0.60
   5   12 0.45
   6    8 0.22
  17   18 0.28
  17   24 0.99
  20   20 0.44

  14   18 0.45
  16   16 0.45
  15   16 0.63
   9   14 0.50
   2   11 0.06
  19   24 0.79
   5   11 0.30
  16   18 0.16
  13   20 0.20
   6   13 0.99
  14   20 0.47
   8   10 0.76
   9   12 0.94
  19   27 0.13
  16   23 0.18

   4    4 0.31
   6   13 0.84
   5   15 0.41
  13   23 0.18
   5    9 0.66
   0    4 0.16
   4   12 0.39
  18   19 0.12
   3    3 0.42
  19   21 0.26
  19   20 0.29
  14   24 0.06
  17   18 0.18
   1    5 0.33
  17   17 0.19

