3 15 4
12    4  16   4  10  10   2   4  16  20  16  20  10

  40   67 0.66
  28  112 0.21
  29  104 0.70
  20   91 0.75
  14   98 0.18
   8   57 0.32
  37   93 0.50
  20   56 0.34
   0   25 0.05
  25   79 0.52
   2  120 0.03
   4    8 0.92
  38  122 0.11
  20   52 0.89
  35   97 0.46

   0   20 0.98
   7   99 0.79
   2   61 0.59
   6   60 0.85
  11   97 0.89
  36   78 0.37
  24  105 0.03
  26   45 0.48
  27   39 0.66
  19  118 0.61
  32   37 0.22
   5   18 0.36
  18   69 0.88
  17   18 0.45
  37   91 0.92

   1   21 0.90
  13   60 0.14
  28  103 0.40
  10   70 0.59
  29  110 0.02
   6   88 0.08
  34  116 0.19
  27   41 0.65
  28  136 0.24
  23  108 0.15
  15  108 0.15
   6  120 0.97
   5  110 0.64
  11   66 0.07
   0  102 0.91

  12   95 0.66
  26   26 0.54
  14   15 0.73
  14   90 0.15
  19  100 0.21
  27   81 0.92
  17   86 0.74
  35   65 0.53
  34   54 0.47
  36   42 0.35
  27   94 0.51
   7   11 0.20
   3   70 0.76
   7   50 0.43
  28   78 0.25

  21  141 0.63
  10  120 0.79
  38  111 0.70
  40   44 0.95
  23   57 0.07
  12   33 0.14
  25  132 0.43
  13  103 0.26
  24   62 0.84
  13  132 0.82
  18   18 0.11
  22   54 0.61
  17  117 0.56
  20   87 0.15
  30   54 0.99

  32   55 0.78
  19   27 0.76
  14   55 0.93
  40  134 0.40
  16   59 0.23
  14   92 0.24
  14   91 0.91
  29   32 0.64
  22  106 0.32
  30   59 0.69
  12   75 0.55
  29  129 0.59
  39  149 0.92
  34   82 0.42
  15   52 0.01

  14   54 0.85
  22   93 0.67
  31   80 0.03
   5   80 0.71
   5  110 0.64
   9   38 0.92
  10   82 0.52
  30  112 0.18
  29   65 0.92
   1   73 0.31
  40  145 0.29
  26   89 0.31
  40   48 0.69
  18   69 0.88
  35   44 0.24

  21   46 0.93
  29  120 0.26
  20   68 0.36
  16   99 0.85
  10   66 0.13
  35  114 0.28
   6   59 0.00
  11  113 0.86
   9   69 0.50
  10   41 0.65
  37  131 0.01
  16   29 0.06
  29  100 0.66
   0  110 0.50
  17   19 0.23

  27   38 0.99
   7   27 0.49
  30  102 0.86
  39   80 0.69
  27   87 0.97
  39  109 0.21
  24   74 0.20
  23   33 0.84
  39  100 0.46
  28  127 0.34
  31   56 0.50
  22   44 0.65
  21  141 0.11
  39   41 0.43
   9   24 0.03

  38  120 0.72
  31   64 0.32
  17   81 0.13
  29   87 0.15
   5   47 0.59
  11   36 0.31
  18   65 0.47
  19   54 0.90
  17   67 0.49
  28  115 0.65
  11   91 0.45
   8   35 0.91
  23   95 0.63
   1    2 0.51
  40   41 0.73

  21   89 0.21
  38   76 0.59
  33   53 0.47
  13   29 0.71
  13  129 0.37
   8   10 0.23
  10   71 0.82
   2   38 0.89
  36   51 0.97
   6    7 0.10
  39   40 0.81
  32  127 0.59
  18  105 0.06
   6  100 0.82
  28  146 0.17

  36  117 0.67
  13   44 0.65
  30  138 0.78
  23   89 0.47
  24   32 0.96
  19   93 0.71
   4   55 0.26
  23  122 0.36
   2  124 0.34
  34  106 0.73
  24   93 0.68
  36  104 0.14
   6   61 0.21
  33  137 0.97
   5  114 0.72

