4 25 4
12   16  16  10   4  10   2  16   4  16   4   2  20

  25   95 0.92
  82  129 0.59
 129  177 0.23
  58  115 0.53
  47  137 0.51
 127  209 0.28
  36  111 0.72
   2   76 0.60
 137  176 0.84
  56  130 0.54
  29   29 0.65
  29   50 0.08
  13   42 0.59
  80   99 0.26
 110  135 0.43
  30  121 0.79
  49  134 0.94
  38   75 0.75
 127  192 0.51
  49   51 0.97
   7   58 0.89
 127  128 0.71
  79  116 0.45
  16   70 0.29
 131  208 0.73

  26   98 0.70
 102  113 0.31
 116  166 0.58
  13  103 0.67
  11   30 0.20
  51   71 0.58
  90  166 0.52
  23   81 0.63
  15   86 0.49
  99  191 0.18
  67  122 0.43
 116  130 0.29
  95  167 0.21
 101  106 0.94
  41   75 0.99
  31   50 0.58
  60  120 0.98
 112  143 0.33
 127  171 0.16
 118  199 0.59
 117  176 0.15
  46   54 0.02
 139  196 0.00
 114  143 0.90
 117  190 0.97

  38  113 0.21
  86  148 0.63
  34  121 0.14
 119  166 0.55
 130  167 0.48
 124  190 0.27
 103  134 0.44
  63  137 0.76
 129  177 0.29
  97  124 0.73
 131  148 0.17
 123  148 0.07
  20   77 0.33
  16   46 0.19
  33   52 0.43
  38   98 0.12
  86   86 0.69
   2   45 0.67
  44   78 0.42
 112  195 0.86
  87   90 0.27
  73  144 0.98
 106  133 0.84
  95  175 0.65
  26   85 0.55

 101  147 0.81
 132  154 0.61
  97  174 0.89
 105  135 0.87
 123  200 0.60
 135  138 0.20
  54   54 0.67
  67   91 0.32
 125  191 0.20
  29   51 0.22
  19   53 0.46
  13   50 0.14
 129  156 0.15
  24   78 0.43
  47   47 0.89
 104  192 0.66
  58  124 0.61
  11  103 0.94
  18   34 0.51
  71  126 0.62
  20  103 0.34
 107  155 0.36
  92  163 0.84
   7   28 0.33
  38   66 0.97

  35  123 0.29
 107  107 0.78
  50   66 0.20
  61  116 0.79
 108  132 0.78
  55   73 0.10
  60   68 0.01
 127  165 0.05
  95  137 0.66
   0   92 0.57
 119  189 0.09
  54   72 0.47
  44   90 0.14
  34   83 0.37
 102  167 0.36
 122  202 0.10
  27  101 0.88
  69   83 0.21
 121  162 0.64
   8   51 0.91
  76  143 0.29
 136  182 0.28
 135  215 0.58
 107  175 0.80
  47   98 0.17

 132  198 0.41
 120  180 0.48
  43   60 0.79
  41  107 0.02
  59   68 0.31
   1    5 0.62
  69  109 0.49
  74  155 0.31
 102  139 0.66
  25   66 0.33
 127  177 0.53
 107  184 0.74
  63   69 0.90
  41   41 0.97
  97  119 0.02
  58  138 0.78
  27   42 0.83
  46   46 0.62
 135  142 0.77
  93  116 0.27
  60  137 0.61
   6   29 0.48
  36  105 0.86
 100  119 0.85
  37   87 0.40

 117  157 0.30
  22   67 0.13
  65  129 0.46
 126  192 0.19
  57  123 0.12
  60  104 0.64
 120  156 0.10
  17   33 0.76
  32  117 0.09
  33   53 0.00
 115  118 0.86
  41   65 0.24
  61  111 0.00
 129  143 0.12
  47   58 0.26
  24   74 0.02
  12   45 0.69
 101  107 0.24
  61   76 0.26
  23   46 0.25
  46  110 0.67
  55  143 0.22
 135  207 0.71
  37   58 0.06
 101  159 0.48

  59   81 0.54
  14   72 0.96
  64   99 0.52
  16   50 0.13
 128  153 0.73
  84  123 0.63
  42   53 0.46
  82  126 0.23
  10   72 0.95
 121  175 0.58
  35  105 0.43
  79  141 0.69
  48   83 0.52
   7   68 0.98
 122  157 0.09
  87  150 0.99
  69  113 0.95
  89  176 0.87
  82  137 0.93
 138  160 0.91
 136  225 0.12
  28   80 0.97
  38  107 0.17
   8   99 0.14
 128  163 0.85

 137  162 0.10
  64  143 0.01
   3   20 0.65
  48   55 0.27
  45   60 0.59
 111  134 0.86
  46   78 0.84
  54  103 0.38
   7   48 0.15
  46   78 0.97
  87  107 0.67
 119  141 0.69
 138  139 0.69
  12   68 0.64
  43   99 0.32
 119  192 0.11
 139  165 0.50
 109  145 0.58
  97  158 0.25
  53  127 0.55
  86  156 0.44
  10   69 0.72
  92  134 0.91
 133  216 0.22
  43  130 0.22

  21   59 0.03
  29   59 0.98
   8   67 0.87
 115  188 0.24
 122  138 0.95
 105  131 0.26
  56   97 0.86
 107  131 0.16
 117  148 0.41
  71  157 0.69
  13   23 0.16
 128  152 0.53
 128  172 0.33
  46   90 0.26
  92  177 0.49
  40  100 0.59
 107  189 0.06
   4   70 0.78
 118  125 0.48
  49  128 0.24
  87  169 0.01
  25   90 0.22
  68  101 0.88
  63   77 0.26
  91  162 0.48

 130  188 0.44
  81  110 0.63
  83  154 0.81
  18   59 0.12
 132  163 0.33
  47   58 0.28
  97  164 0.98
  46   53 0.53
  58  126 0.91
  98  182 0.79
  66  155 0.00
  19   61 0.01
  86   94 0.78
  45  109 0.00
  62  100 0.30
  50   95 0.91
 115  182 0.21
  22   30 0.65
  68   95 0.06
  40   68 0.32
  96  115 0.14
 137  178 0.32
 113  143 0.61
 118  197 0.27
  70   82 0.38

  12   55 0.56
  62  102 0.15
  68  138 0.46
   0   53 0.39
  14   44 0.14
   9   42 0.08
 122  123 0.28
  34   88 0.46
 137  211 0.71
  44  111 0.43
   1   14 0.61
 123  180 0.53
  72   96 0.16
  15   25 0.71
  25  109 0.71
 112  184 0.24
  61  129 0.74
  67  153 0.44
   5   80 0.51
 136  147 0.54
 107  191 0.95
  20   59 0.15
  88  132 0.04
 130  204 0.91
   3   38 0.53

