4 80 8
3    4   4  16

   2    8 0.30
   4   16 0.37
   5   29 0.20
   9   18 0.92
   9   32 0.36
  11   25 0.18
   7   19 0.96
  12   27 0.16
   7    8 0.51
  14   17 0.53
  10   22 0.30
  12   29 0.53
  11   28 0.14
   3   16 0.63
  11   23 0.75
   9   14 0.91
   0    6 0.93
  13   16 0.13
  13   39 0.65
   4    8 0.34
  13   24 0.75
   0    2 0.06
   5    6 0.01
   8   24 0.65
   6   12 0.33
   0   29 0.17
  11   39 0.68
   2   26 0.08
   6   23 0.47
   0    3 0.15
   1   10 0.32
   9   18 0.16
   7   23 0.88
  12   34 0.80
   4   24 0.49
   3   10 0.53
  13   34 0.53
  11   12 0.51
   2   11 0.80
   7   22 0.35
   4   28 0.05
   3    3 0.12
  14   42 0.07
  13   33 0.65
   2   12 0.95
   2    8 0.52
   6   22 0.05
   7   34 0.15
   2   29 0.75
  12   27 0.64
  11   31 0.79
   8   21 0.69
  12   15 0.59
   8   16 0.02
   1   19 0.72
   3   27 0.49
   9   21 0.18
   3   30 0.07
   1   19 0.17
  10   18 0.85
   9   33 0.86
  12   35 0.46
   2   19 0.40
   2    8 0.77
   5   22 0.58
   4    8 0.68
  13   26 0.06
   7   14 0.60
   2   22 0.72
   7   28 0.89
  10   29 0.39
   7   14 0.91
   8   25 0.24
   4    5 0.26
  10   22 0.89
   9   25 0.34
  13   36 0.02
  11   26 0.60
  14   36 0.52
   8   25 0.62

  14   33 0.30
  12   40 0.47
   9   38 0.49
   1   25 0.91
   6   32 0.61
   0   13 0.39
  12   29 0.88
   0   26 0.63
  11   30 0.93
  11   17 0.08
   3   10 0.91
  13   32 0.19
   1   19 0.38
   2   10 0.16
  11   23 0.84
   7   33 0.45
   9   37 0.71
   2    3 0.77
   2    8 0.47
   2   15 0.54
   1   24 0.27
   1   28 0.07
   3   28 0.32
   8   17 0.97
   4    4 0.41
   3   17 0.11
   2   19 0.85
   1   28 0.59
   2   30 0.53
   8   37 0.69
   4    8 0.83
   2   16 0.09
   5   14 0.28
   9   16 0.88
   3    3 0.10
   5   28 0.71
   6   30 0.66
   7   10 0.48
   9   32 0.31
   7   19 0.23
   4   19 0.78
   6   28 0.23
   6   23 0.23
   1   30 0.26
  10   23 0.58
  14   15 0.43
  11   19 0.00
   8   23 0.89
  13   17 0.41
  13   24 0.07
   9   34 0.46
   4   20 0.34
  11   40 0.17
   2   24 0.88
  13   38 0.59
  12   13 0.40
   2    4 0.00
   3   16 0.99
   2   18 0.22
   2   15 0.73
  10   18 0.01
  11   29 0.37
   1    3 0.67
   6   16 0.43
   0   20 0.55
   9   30 0.62
   8   23 0.14
   5   16 0.42
  14   14 0.18
   7   24 0.64
   0   18 0.49
  10   22 0.92
   1    1 0.05
  12   37 0.22
   6   11 0.99
   0    1 0.85
  12   34 0.91
   9   35 0.89
   9   24 0.25
   8   22 0.88

   5    8 0.54
  13   31 0.51
  12   16 0.05
   3   20 0.69
   4   24 0.97
   4   19 0.58
   7    8 0.52
   9   17 0.29
   1   15 0.53
   2   18 0.18
  14   15 0.49
  10   21 0.04
   7   10 0.53
   6   25 0.58
  12   37 0.42
   9   26 0.05
   4   11 0.69
   8   17 0.09
   5   31 0.38
   2   18 0.39
   6   27 0.20
   9   38 0.01
   9   19 0.92
   5   29 0.86
  11   30 0.82
  10   37 0.56
   2   11 0.66
   2   11 0.77
  11   19 0.45
   7   36 0.20
  12   29 0.34
   9   19 0.74
  13   35 0.10
   8   29 0.87
   0   11 0.39
   5   31 0.27
   7   14 0.88
  14   27 0.80
  10   32 0.16
  11   13 0.51
   4   27 0.99
   9   38 0.85
  12   30 0.01
   2   21 0.83
   1   22 0.51
   3   10 0.06
   3   12 0.19
   2   29 0.51
   7    9 0.78
  10   39 0.52
   7   21 0.72
  12   16 0.63
   4    5 0.42
   5   29 0.42
   1    9 0.18
   2   13 0.03
   2   23 0.32
   0   25 0.05
   3   16 0.13
   5    8 0.45
   8    9 0.60
  10   29 0.78
   5   18 0.03
  10   30 0.29
  13   20 0.23
  10   11 0.24
  11   12 0.85
   1   24 0.39
  11   35 0.70
   9   33 0.62
  10   14 0.26
   9   25 0.11
   8   13 0.52
  14   23 0.74
   9   30 0.30
   6    6 0.02
  11   12 0.61
   8    9 0.92
   3   23 0.07
   1   15 0.84

