3 40 4
6   10  10   2  10   2   2

  82   95 0.73
   0   13 0.34
  59   86 0.09
  74   90 0.30
  30   39 0.61
  86  112 0.78
  36   63 0.48
  82   82 0.09
  17   45 0.67
   7   26 0.13
  18   18 0.19
  66   68 0.65
  78  103 0.57
  78   81 0.00
  25   28 0.44
  29   48 0.53
  13   22 0.02
  52   73 0.39
  66   86 0.44
  48   72 0.59
  50   68 0.72
  51   78 0.74
  14   42 0.57
  43   63 0.62
   6   13 0.80
  62   87 0.58
   0    1 0.99
  89  104 0.83
  48   54 0.33
  76   77 0.55
  29   31 0.34
  27   41 0.50
  52   81 0.06
  46   57 0.84
  70   99 0.79
  25   36 0.67
  29   45 0.85
  77   81 0.05
  32   61 0.20
  38   65 0.50

  58   73 0.01
  64   67 0.91
  82  105 0.26
  22   34 0.72
  12   18 0.46
   8   31 0.34
  46   60 0.58
  58   73 0.39
  36   45 0.68
   6   23 0.83
   2   20 0.98
  75   93 0.25
   7   12 0.53
  65   93 0.25
  61   87 0.85
  50   71 0.96
   9   26 0.71
  56   76 0.66
  28   32 0.56
  28   44 0.73
  26   41 0.54
  60   86 0.08
  32   36 0.91
  58   80 0.53
  87  111 0.12
  33   37 0.45
  13   32 0.68
  66   88 0.15
  69   76 0.42
   4    5 0.98
  43   45 0.11
  77  106 0.72
  88   91 0.10
  66   86 0.95
  24   45 0.09
  70   79 0.56
   2    3 0.33
  20   32 0.00
  11   26 0.73
  15   21 0.62

   2   12 0.36
  79   84 0.83
  72   83 0.04
  88  115 0.49
  69   71 0.70
  87  112 0.42
  25   33 0.11
  41   58 0.12
  57   69 0.17
  16   16 0.55
  10   37 0.43
  15   15 0.16
  38   38 0.85
  70   74 0.65
  37   47 0.80
  66   89 0.64
  68   77 0.59
  75   91 0.17
   6   21 0.16
  35   63 0.18
  81   88 0.54
   1   18 0.89
   3    9 0.90
  81   97 0.08
  80   80 0.78
  17   27 0.60
  52   74 0.57
  70   98 0.92
  12   36 0.35
   1    7 0.19
  65   71 0.38
  24   49 0.08
  65   92 0.85
  89  110 0.50
  65   70 0.35
  40   48 0.21
  66   74 0.04
  52   56 0.38
  56   84 0.47
   1   22 0.26

  32   37 0.34
  35   35 0.21
  82   86 0.94
   7   22 0.88
  60   70 0.78
  84   98 0.15
  73   93 0.81
  20   30 0.44
  79   95 0.08
  66   77 0.93
  32   59 0.61
   1   22 0.44
  85   88 0.26
  67   87 0.43
  67   67 0.11
  69   71 0.98
  13   20 0.18
  54   75 0.06
  82  108 0.85
  88  106 0.89
  14   38 0.42
  83   84 0.78
   9   26 0.28
  47   65 0.10
  31   34 0.19
  76   79 0.16
   8   34 0.97
   5   30 0.91
  11   12 0.05
  28   52 0.00
  83  102 0.20
  51   65 0.70
  15   37 0.30
  19   29 0.81
  47   58 0.78
  80   98 0.24
  52   80 0.61
  87   98 0.46
  46   66 0.21
  71   87 0.59

  82   96 0.73
  83   90 0.44
  74  103 0.14
  55   70 0.93
  85   93 0.99
  54   78 0.99
  43   47 0.78
  77   80 0.29
  49   56 0.32
  75   86 0.78
  33   35 0.14
  54   64 0.47
  54   81 0.83
  48   48 0.01
  65   77 0.93
   5    5 0.76
  46   71 0.66
   9   10 0.98
  13   19 0.30
  87   90 0.04
  80  100 0.07
   2    7 0.48
  46   53 0.74
  52   63 0.51
  46   64 0.33
  39   49 0.70
  36   40 0.30
   3   17 0.26
  55   72 0.03
  41   70 0.52
  56   82 0.09
  80   85 0.61
  38   48 0.64
  85  104 0.98
  20   22 0.77
  52   79 0.88
  61   68 0.20
  29   53 0.94
  87  103 0.43
  84  107 0.31

  44   58 0.78
  24   32 0.03
  78   80 0.28
  89   95 0.62
  63   85 0.99
  89   95 0.53
  81   81 0.01
  22   51 0.94
  55   82 0.14
  75   99 0.03
   6   30 0.38
  75   81 0.36
  72   98 0.76
  22   25 0.75
  44   67 0.70
  25   41 0.91
  75   84 0.99
  83  100 0.09
  61   77 0.83
  14   21 0.84
  88  105 0.10
  82   96 0.95
  72   81 0.72
  82  103 0.44
  82   97 0.11
  56   78 0.72
   7   14 0.87
  57   60 0.54
   1   19 0.12
   0   19 0.06
  55   67 0.36
  26   32 0.46
  30   50 0.06
  39   60 0.97
  17   20 0.42
  15   41 0.26
  80   82 0.68
  54   62 0.29
   7   10 0.37
  81   93 0.31

