3 50 8
6   10  16   4   2  10   4

  18   37 0.60
  45   64 0.99
   5   22 0.25
  13   32 0.01
   8   10 0.73
  46   65 0.39
  40   59 0.55
  35   47 0.21
   6   13 0.66
   2    3 0.20
  14   14 0.16
  46   54 0.63
  46   54 0.44
   6    7 0.52
  15   26 0.07
  17   34 0.73
  20   25 0.35
  40   52 0.71
  27   48 0.94
  11   21 0.11
  41   52 0.17
  13   28 0.89
   1    5 0.26
  13   18 0.78
  17   26 0.23
  42   63 0.56
  32   51 0.55
  36   40 0.52
   1    7 0.24
  32   45 0.47
  21   41 0.30
  44   59 0.84
  21   40 0.16
   4   26 0.92
  36   45 0.14
  36   45 0.35
  31   44 0.63
  23   30 0.46
  36   56 0.84
  31   53 0.97
  17   28 0.46
  39   53 0.90
   9   11 0.11
  27   32 0.92
  21   29 0.89
   5    5 0.99
  39   60 0.44
  25   42 0.70
   5   21 0.79
  42   55 0.96

  44   44 0.27
  27   39 0.78
  22   42 0.86
  41   43 0.45
  13   16 0.97
  27   31 0.01
  11   30 0.19
  19   30 0.41
  40   46 0.80
  16   20 0.29
  29   46 0.12
  44   49 0.50
  15   20 0.36
  18   35 0.46
  25   31 0.18
  27   47 0.29
  30   30 0.39
  18   36 0.56
  11   27 0.38
  36   46 0.29
  45   59 0.52
  27   35 0.45
  27   30 0.47
   9   19 0.54
  43   53 0.76
  26   35 0.75
  31   47 0.10
  39   51 0.35
  19   21 0.02
  19   40 0.20
  14   34 0.21
  26   39 0.76
  30   36 0.35
  36   44 0.80
  34   35 0.20
   3   25 0.08
   3   14 0.92
  28   47 0.99
   2    4 0.30
  35   56 0.59
   9   13 0.74
  11   25 0.00
  41   44 0.23
  17   18 0.62
  31   52 0.07
  43   44 0.06
  16   22 0.98
   1    9 0.11
  32   44 0.04
  34   35 0.05

  20   31 0.26
  28   34 0.83
  26   46 0.51
  44   52 0.03
  12   24 0.31
  10   21 0.13
  29   41 0.42
  14   19 0.80
   6    8 0.74
  27   46 0.73
  18   29 0.00
  23   23 0.83
   6   15 0.65
  36   36 0.17
  22   30 0.82
  32   43 0.26
  23   26 0.32
   1   23 0.19
  41   56 0.65
  20   36 0.92
   1   13 0.45
  44   53 0.32
   7   15 0.79
  19   31 0.57
  38   41 0.18
   4   17 0.23
  36   47 0.10
   6   26 0.50
   9   13 0.33
  29   36 0.77
  19   21 0.61
  20   27 0.26
  26   42 0.14
  12   24 0.88
  25   27 0.36
  24   41 0.40
  40   59 0.72
  17   22 0.02
  28   50 0.86
  41   44 0.55
  46   56 0.69
  30   48 0.12
   8   23 0.90
  28   48 0.79
  34   40 0.55
  18   24 0.58
  21   35 0.14
  45   48 0.36
  20   38 0.84
  19   34 0.69

  32   32 0.08
  12   13 0.28
   3   15 0.53
  14   22 0.43
  31   53 0.76
  22   28 0.36
   6   14 0.15
  44   53 0.26
  14   21 0.14
  31   50 0.31
   2   11 0.33
  26   43 0.68
   1    1 0.12
  19   37 0.83
  21   38 0.52
  14   34 0.80
  15   34 0.64
  44   46 0.84
  42   63 0.12
  14   19 0.57
  39   50 0.36
  12   34 0.23
  31   35 0.43
   3    4 0.36
  39   43 0.89
   4   14 0.55
  22   37 0.44
  32   47 0.08
  39   47 0.56
  30   45 0.78
  30   41 0.38
  27   47 0.66
  10   11 0.74
  10   17 0.50
  18   21 0.21
  29   31 0.16
  39   42 0.36
  24   34 0.84
  25   29 0.24
  27   48 0.13
  37   41 0.55
  42   58 0.61
  25   31 0.87
  35   46 0.62
  15   35 0.44
  33   51 0.44
  14   31 0.39
  28   32 0.80
  17   21 0.22
  43   54 0.91

  27   29 0.73
  43   61 0.87
   7    9 0.67
  33   43 0.90
  17   38 0.68
  14   15 0.85
  40   59 0.17
  23   28 0.88
  20   26 0.54
   5    8 0.14
  23   36 0.51
  43   62 0.27
  32   34 0.04
  28   31 0.11
   8   26 0.51
  38   50 0.95
  15   27 0.20
  22   36 0.80
  30   44 0.09
  16   36 0.63
  45   59 0.43
  20   40 0.87
  35   56 0.96
  31   32 0.48
  41   43 0.60
  37   55 0.73
  37   59 0.23
  30   33 0.60
  27   45 0.36
  19   34 0.64
  44   48 0.63
  12   33 0.49
  22   36 0.46
  21   29 0.71
  36   51 0.72
  24   46 0.02
  17   33 0.04
  26   48 0.52
  45   53 0.53
  25   41 0.18
  38   58 0.87
  33   37 0.92
  37   54 0.56
  11   26 0.73
  24   38 0.24
  43   61 0.87
  44   46 0.58
  43   52 0.31
  32   43 0.32
   7   25 0.94

  34   35 0.95
  10   12 0.39
   2   19 0.98
  34   41 0.97
   2   12 0.69
  31   44 0.27
   7   17 0.18
  46   67 0.21
  43   55 0.98
  29   35 0.24
   8    9 0.93
  40   41 0.22
  19   30 0.07
  42   51 0.01
  31   33 0.66
  24   25 0.89
  46   49 0.90
   5   20 0.52
  46   54 0.71
  22   32 0.12
  15   28 0.46
  37   48 0.09
  44   50 0.13
   5   27 0.94
  11   22 0.14
   7   16 0.14
  35   56 0.93
  40   51 0.98
  12   21 0.48
  13   17 0.50
  35   44 0.44
   1   17 0.58
  34   37 0.07
  43   54 0.28
  26   42 0.36
  13   31 0.81
  11   32 0.07
   6   19 0.27
   4   10 0.07
   3   25 0.24
  40   56 0.00
  33   33 0.09
  11   11 0.51
  36   37 0.72
  41   45 0.37
  17   28 0.57
  36   40 0.07
   6   18 0.57
  43   54 0.78
  11   31 0.12

