5 20 4
12   10   2  10   2   2   4   4   2  16   2   4  16

  18   39 0.03
   6   15 0.62
  31   43 0.88
   8   46 0.61
   3   41 0.38
   5   52 0.03
   9   38 0.35
   0   51 0.41
   4   55 0.34
  26   53 0.54
  18   47 0.25
  12   33 0.71
  20   61 0.34
  31   44 0.00
  11   46 0.67
  31   43 0.49
   2    3 0.86
  10   32 0.79
   3   36 0.39
  14   24 0.49

  36   75 0.42
  17   34 0.53
   0   28 0.66
  19   29 0.38
   7   28 0.57
  18   22 0.32
  24   34 0.32
   5    5 0.96
  28   68 0.93
  21   41 0.23
   6   41 0.35
  13   41 0.41
  33   75 0.85
  32   53 0.01
  35   67 0.24
  15   37 0.61
  33   86 0.65
   4   23 0.77
   6   26 0.05
  25   50 0.34

  33   74 0.65
  10   54 0.30
  18   36 0.46
  11   48 0.16
  33   73 0.49
  31   78 0.20
  32   45 0.16
  23   77 0.71
  26   53 0.59
  24   72 0.23
  28   28 0.83
  35   56 0.58
   0   27 0.49
  33   63 0.34
  12   55 0.83
  32   70 0.92
  13   38 0.69
  30   30 0.63
  26   68 0.24
  13   49 0.17

  17   65 0.11
  24   32 0.98
  23   44 0.33
   9   35 0.70
  34   57 0.62
  29   73 0.19
   0    8 0.30
  35   41 0.92
  17   41 0.10
  31   50 0.08
   5   33 0.74
  35   86 0.55
  31   66 0.81
   3   49 0.79
  18   50 0.52
  18   51 0.06
  17   71 0.71
  36   84 0.99
  24   74 0.80
  22   58 0.10

   8   32 0.55
  20   32 0.17
   6   43 0.09
  10   20 0.63
  25   34 0.87
  21   61 0.93
  32   55 0.89
  28   59 0.77
  29   50 0.35
   9   24 0.27
  23   42 0.41
  32   77 0.83
   1    8 0.25
  25   50 0.04
   0   44 0.82
   1    8 0.13
  25   68 0.67
   1   41 0.36
  28   31 0.79
  19   27 0.64

   3   47 0.66
  26   51 0.81
  22   73 0.96
  35   50 0.03
  36   87 0.78
  28   64 0.00
   8    9 0.15
  29   46 0.38
   2   53 0.18
  12   52 0.71
   0   18 0.09
  15   34 0.90
  29   77 0.46
   1    9 0.82
  28   75 0.71
   4   31 0.87
  21   74 0.66
  16   60 0.54
  12   24 0.69
   0   42 0.26

  35   81 0.50
  10   11 0.35
  24   74 0.23
  20   42 0.95
   1   41 0.15
  15   20 0.34
   4   26 0.35
  18   37 0.08
  22   39 0.83
  22   28 0.35
  33   48 0.03
  10   25 0.56
  30   51 0.96
   9   45 0.96
  30   31 0.12
  19   68 0.01
  16   66 0.08
   9   13 0.89
  19   69 0.38
  12   40 0.81

  31   53 0.06
  28   69 0.17
  10   49 0.29
  33   49 0.31
   9   36 0.29
  34   36 0.70
  34   73 0.11
   2   53 0.32
   6   39 0.37
  17   36 0.56
  35   85 0.47
  28   51 0.53
   1   45 0.22
   5   26 0.04
  20   40 0.02
  35   47 0.94
  21   32 0.69
  33   34 0.27
  17   60 0.97
  10   64 0.85

  28   43 0.82
  21   49 0.37
   9   39 0.62
  30   49 0.55
  28   70 0.00
  20   33 0.32
  14   64 0.34
  28   41 0.67
  36   46 0.12
  10   17 0.47
  24   47 0.19
  32   83 0.78
  23   49 0.21
  22   68 0.35
   2   41 0.13
  32   72 0.05
   3   35 0.82
  17   54 0.64
  11   58 0.75
  17   39 0.41

   0   22 0.13
  17   23 0.92
  24   27 0.27
   6   28 0.03
   8   20 0.51
  30   58 0.14
   3    7 0.38
   9   29 0.59
  30   69 0.08
  18   18 0.40
   2   36 0.74
  26   50 0.31
  10   33 0.21
  27   76 0.25
  32   33 0.12
   8   34 0.23
  19   60 0.11
  26   35 0.89
  27   36 0.58
   4   51 0.68

   3   11 0.77
  33   70 0.34
  12   30 0.80
  30   61 0.12
  21   37 0.89
   3   34 0.41
  19   27 0.45
   4    8 0.13
  10   60 0.40
  32   54 0.48
  30   54 0.97
  17   53 0.26
  34   79 0.84
  29   49 0.98
   8   22 0.93
  21   55 0.44
  16   38 0.54
  27   37 0.44
   7   16 0.87
  25   34 0.09

  22   59 0.59
  15   41 0.45
  10   35 0.90
   2   40 0.54
  36   53 0.43
   3   30 0.84
  14   23 0.68
   3   41 0.95
  18   31 0.04
  20   61 0.80
  14   21 0.19
  36   41 0.36
   5   54 0.52
  33   44 0.81
   9   31 0.78
  11   29 0.45
   5   40 0.37
  33   49 0.30
  29   33 0.53
  13   18 0.09

