5 60 8
3    2  20  20

  16   26 0.50
   0    4 0.01
  11   17 0.62
  18   24 0.20
  11   20 0.99
  30   34 0.82
   5   18 0.03
  23   35 0.75
  14   16 0.97
  14   20 0.31
  18   27 0.33
  23   26 0.70
  30   33 0.99
   6   11 0.42
  14   27 0.75
  24   36 0.64
   5   17 0.01
   4   17 0.65
   9   17 0.80
   0   11 0.89
  14   27 0.58
  11   24 0.64
  17   18 0.93
   2    6 0.30
  15   28 0.93
  13   20 0.55
  12   13 0.17
  30   35 0.54
   5   18 0.29
   2    8 0.63
   4    5 0.47
   9   13 0.63
  21   34 0.21
  30   33 0.27
  25   37 0.63
  26   28 0.77
   2    5 0.79
   7   11 0.42
   9   12 0.44
   2   16 0.25
  27   27 0.99
  26   27 0.20
  14   17 0.69
  29   35 0.17
   6    8 0.42
  28   34 0.89
  13   17 0.49
  19   26 0.42
   0    4 0.20
  21   32 0.61
  27   30 0.40
   5    8 0.42
  18   29 0.11
  19   27 0.49
   1   15 0.83
  27   28 0.48
   6    8 0.89
  10   17 0.65
   9   12 0.67
  28   37 0.25

  27   32 0.40
   6   12 0.58
  30   32 0.13
   4   18 0.24
   8   12 0.37
   7   19 0.95
  22   29 0.68
  22   23 0.32
  21   30 0.58
  19   28 0.71
   4    8 0.16
  20   31 0.45
   2    7 0.67
   6   11 0.21
   2   13 0.38
   8   13 0.17
   7    7 0.03
   2   15 0.10
  12   15 0.92
  14   21 0.72
  17   17 0.30
   2    9 0.06
  17   21 0.59
  12   20 0.26
   6    7 0.90
  28   28 0.26
  11   13 0.50
   3    5 0.23
   3    4 0.39
  26   33 0.66
   7   13 0.69
  15   20 0.48
  15   19 0.40
  30   31 0.44
  12   20 0.19
  25   28 0.28
  26   29 0.24
  12   14 0.99
  16   23 0.31
  17   30 0.26
   6   20 0.40
  27   32 0.35
  27   39 0.18
  19   19 0.54
  17   19 0.77
   2    9 0.44
  24   38 0.32
  26   27 0.21
  26   39 0.52
  21   32 0.30
  12   16 0.91
  17   27 0.21
  25   37 0.00
  15   29 0.72
  15   16 0.33
  12   26 0.12
  16   22 0.12
   7   12 0.52
   6   20 0.84
  30   37 0.16

  14   17 0.71
  14   16 0.94
  26   26 0.05
  20   29 0.28
  13   26 0.69
   3    6 0.79
  18   21 0.57
   9   20 0.69
  25   34 0.19
   3   15 0.88
   2   11 0.62
  11   23 0.99
   0    8 0.88
   6   14 0.76
  24   28 0.18
  10   19 0.57
  13   22 0.80
  26   28 0.58
  19   19 0.92
  16   29 0.82
   1   12 0.90
   5   16 0.79
  19   24 0.39
  12   22 0.10
  19   29 0.38
  29   40 0.19
  12   26 0.83
  14   27 0.09
   1    6 0.25
   0    2 0.85
   9   23 0.36
  27   38 0.39
  13   17 0.60
  18   18 0.17
  11   22 0.10
   0    7 0.64
   8   22 0.90
  20   26 0.32
  19   25 0.51
  15   23 0.88
  12   24 0.69
  26   36 0.39
  30   41 0.21
  23   24 0.86
  21   35 0.63
   5   12 0.08
   2    9 0.92
   6   12 0.37
  23   36 0.10
  30   44 0.24
   1    5 0.12
  22   27 0.84
   4    4 0.81
  10   13 0.94
   2    8 0.62
  19   20 0.06
  16   25 0.32
  12   19 0.35
  16   23 0.12
  19   29 0.20

