5 30 4
6   16  10   2  20  20  10

  47   96 0.63
  41   87 0.12
  46  126 0.93
   8   65 0.65
  21   99 0.63
  26   38 0.08
   3   27 0.25
  10   25 0.27
  26   58 0.16
   2   25 0.69
  19  103 0.64
  44   91 0.79
  27   41 0.22
  37   73 0.73
   2   38 0.02
  28  100 0.33
   9   88 0.42
  53  125 0.92
  54  137 0.43
  42  127 0.91
  11   68 0.87
  22  101 0.00
  31   75 0.35
  28   33 0.10
  21   34 0.89
  40   67 0.25
  46  108 0.73
  47   82 0.66
   3   38 0.50
   7   69 0.48

  10   94 0.41
  37   61 0.88
   8   78 0.82
  54  139 0.97
  41  102 0.94
  43  115 0.86
  18   32 0.93
  16   86 0.25
  34   46 0.84
   7   62 0.03
   6   11 0.26
  27   51 0.23
  56   91 0.57
   8   53 0.68
  19   55 0.59
  21  104 0.07
  36   65 0.71
  28   74 0.86
  11   66 0.11
  40  116 0.73
   1   80 0.39
  47  128 0.65
  17   98 0.54
  43   50 0.35
  38   67 0.82
  56   98 0.69
  57  111 0.39
  52  107 0.59
  52   87 0.52
  15   17 0.72

  43   61 0.47
   1   48 0.25
  29   44 0.93
  22   66 0.32
  43   70 0.94
  32   75 0.64
  41   78 0.15
  47  121 0.16
  23   92 0.82
   4   14 0.15
  40   91 0.64
  39   48 0.64
  49  102 0.19
  11   45 0.62
  29   38 0.21
  39  108 0.29
  53  128 0.17
  39   97 0.79
  28   79 0.19
  10   90 0.10
  11   19 0.79
  42   63 0.96
   4   44 0.01
  13   21 0.54
  11   92 0.24
  42   73 0.92
  50  109 0.25
  13   57 0.90
  52   57 0.36
  35   54 0.60

   6   35 0.86
  15   48 0.45
  14   74 0.48
  15   62 0.03
  26   31 0.39
  44  106 0.90
  52  100 0.29
  28  105 0.69
   2   78 0.27
  35   81 0.05
  37   62 0.39
  44   66 0.27
  44   93 0.64
   9   18 0.86
  43   43 0.81
  37  104 0.29
  34   92 0.76
  31   51 0.33
  51  119 0.64
  24   47 0.75
  26   64 0.65
  13   53 0.61
  46  120 0.32
  41   81 0.38
  52   59 0.40
  47   90 0.96
  51   88 0.01
  55  123 0.73
  55   86 0.49
   4    6 0.47

   2   21 0.70
  31   77 0.10
   8   16 0.53
  10   91 0.99
  38   98 0.71
  50   65 0.43
  38  106 0.64
  24   35 0.35
  28   82 0.29
   8   18 0.05
   9   33 0.80
  37  108 0.43
   7   42 0.99
  30   69 0.24
   1   13 0.85
  51  105 0.77
  28   64 0.10
  41  114 0.72
   9   78 0.55
  19   92 0.30
  52  136 0.28
  42  104 0.38
   3   30 0.30
  11   83 0.91
   6   49 0.28
  53   61 0.74
  34   69 0.13
  52  109 0.04
  26   69 0.46
   8   15 0.72

  27   54 0.33
  12   53 0.45
  42   84 0.07
   0   62 0.24
   4   13 0.06
  50  131 0.52
  13   44 0.54
  56   88 0.99
  32   88 0.23
  53   95 0.99
  57   72 0.73
  40   72 0.67
  47   74 0.38
  57  103 0.35
  51  125 0.49
  36  114 0.59
  27   97 0.27
  52   72 0.40
  14   18 0.72
   8   48 0.43
  23   69 0.42
  56   97 0.46
  36  107 0.93
  46  116 0.29
  36   99 0.33
  40   49 0.11
  47  120 0.05
  16   22 0.20
  29   98 0.27
  12   45 0.06

