3 80 8
3   16   2  16

  26   43 0.48
  18   41 0.14
  21   29 0.52
   5   22 0.84
  26   35 0.28
  19   61 0.57
  14   50 0.01
  19   24 0.70
  13   27 0.62
   2   22 0.83
  27   80 0.71
  10   17 0.38
   1   46 0.02
  26   52 0.96
  24   27 0.27
   4   40 0.31
   6   38 0.50
   9   10 0.03
  12   53 0.45
  25   36 0.64
  27   59 0.08
   5   49 0.99
  10   32 0.22
  27   68 0.07
   5   56 0.46
  13   47 0.22
   4   49 0.09
  27   36 0.25
  21   61 0.86
  12   20 0.70
  10   33 0.36
  11   30 0.59
  14   47 0.92
  26   40 0.18
   5   60 0.29
  13   17 0.44
  10   51 0.44
   2   10 0.15
  21   28 0.73
  24   30 0.08
   9   15 0.37
   8   42 0.88
   4    6 0.93
  12   12 0.23
  19   35 0.42
   5   30 0.07
   9   50 0.68
  11   18 0.80
  24   67 0.79
   0   54 0.54
   0   42 0.64
  21   27 0.51
  18   44 0.80
   7   29 0.57
  18   40 0.79
  19   63 0.33
  26   63 0.60
  17   49 0.73
  16   66 0.31
   4   57 0.12
  21   73 0.01
  13   67 0.73
  15   56 0.01
   5   24 0.56
   4    9 0.55
  23   54 0.30
   7   15 0.87
  23   44 0.76
  14   57 0.75
   9   60 0.84
  24   43 0.77
  14   45 0.51
  13   36 0.28
   5   20 0.15
  13   67 0.38
   6   18 0.09
  24   68 0.59
  10   45 0.64
   4   58 0.67
  17   26 0.65

   8   54 0.59
   0   18 0.69
  13   22 0.11
   3    6 0.50
   9   36 0.71
  20   21 0.83
  18   45 0.92
  25   60 0.57
  27   63 0.08
   4   55 0.86
  22   74 0.13
  22   62 0.16
  24   30 0.14
   3   54 0.40
  22   77 0.88
  25   30 0.88
  19   72 0.38
  12   62 0.54
  17   36 0.66
  19   23 0.71
  10   50 0.68
  19   54 0.24
  27   50 0.09
  20   38 0.54
  21   48 0.50
   8   61 0.80
  16   34 0.66
  13   49 0.17
  11   52 0.41
  20   20 0.65
  16   66 0.12
   6    8 0.27
  21   46 0.82
  13   48 0.20
   6   52 0.04
  19   69 0.91
  24   66 0.24
   9   30 0.51
   2   39 0.77
  11   58 0.48
  10   36 0.73
   5   46 0.33
  16   56 0.06
  15   58 0.21
   5   41 0.95
  23   54 0.37
  22   28 0.21
   9   59 0.29
  24   32 0.60
  18   58 0.02
  24   56 0.31
  18   58 0.37
  14   22 0.31
   1   34 0.26
  22   34 0.10
  24   46 0.66
  23   56 0.25
  18   21 0.79
   2   40 0.94
   8   63 0.58
   4   42 0.79
  15   24 0.71
  11   46 0.31
  10   19 0.73
  27   38 0.57
   6   17 0.27
  13   37 0.18
   6    8 0.96
  11   44 0.16
   2   52 0.66
   6   17 0.94
   7   55 0.12
  22   68 0.24
   5   10 0.33
  12   45 0.89
   1   22 0.96
   8   15 0.52
  12   54 0.22
   1   41 0.32
  15   41 0.90

   6   54 0.50
   8   32 0.66
  24   70 0.00
   6   49 0.71
  11   31 0.78
  11   23 0.12
   1    3 0.58
  14   16 0.49
   1   33 0.93
   6   15 0.51
  27   36 0.24
   2   41 0.96
  20   49 0.29
   8   21 0.70
  27   63 0.92
  17   17 0.83
  11   25 0.40
  12   29 0.22
  12   60 0.84
  22   58 0.69
  15   46 0.59
   6   15 0.64
   6   20 0.75
  23   61 0.59
  20   75 0.72
   8   52 0.47
   8   12 0.64
  19   67 0.32
  14   54 0.90
  19   40 0.12
   1   38 0.25
   1   14 0.51
  13   41 0.91
  15   17 0.49
  13   18 0.86
  24   27 0.88
  20   30 0.82
  12   40 0.60
  19   27 0.06
   8   39 0.94
  10   20 0.43
   9   33 0.49
   2   13 0.89
  25   52 0.80
  18   47 0.45
  27   64 0.45
   1   12 0.03
   7   36 0.73
  23   72 0.02
  18   24 0.12
   4   41 0.64
  20   53 0.68
  11   47 0.92
  10   51 0.36
   1   55 0.61
  21   30 0.00
   6   13 0.82
   9   41 0.83
  18   54 0.22
   4   46 0.69
  10   55 0.12
  23   46 0.23
   3   47 0.48
  14   32 0.64
   9   45 0.12
   7   54 0.33
  22   52 0.25
  17   18 0.89
  13   33 0.86
   5   47 0.11
  26   57 0.47
  11   40 0.33
   7   61 0.15
  23   38 0.69
   5   50 0.42
  16   34 0.44
  18   24 0.80
  27   27 0.42
   9   33 0.80
  20   53 0.28

