5 30 4
6   10   2   4  20   2   4

  43   85 0.45
  39   49 0.31
   5   20 0.85
  33   70 0.28
   2   41 0.29
  21   46 0.30
  15   35 0.89
  21   64 0.25
   5   15 0.40
  26   47 0.90
   1   46 0.85
  35   79 0.61
  35   65 0.48
  40   42 0.99
  45   74 0.23
   8   36 0.71
   0   22 0.10
   5   15 0.29
  10   16 0.78
  45   65 0.29
  15   47 0.66
  45   71 0.49
  38   68 0.87
   2   16 0.85
   9    9 0.76
  26   53 0.21
  39   50 0.12
  43   63 0.12
  45   64 0.42
  35   56 0.71

   1   40 0.58
  22   67 0.09
  42   65 0.60
   7   52 0.71
  36   56 0.13
   6   49 0.76
  14   23 0.65
  22   42 0.46
  24   44 0.61
  46   89 0.64
  16   44 0.03
  27   54 0.40
  27   45 0.03
  31   53 0.79
  28   47 0.61
  17   55 0.13
  12   16 0.88
  15   56 0.80
  24   53 0.04
   8   23 0.94
  17   47 0.14
   5   48 0.74
   2   47 0.73
   2   18 0.47
  30   54 0.37
  14   27 0.75
  28   48 0.65
   2   26 0.23
  21   67 0.60
  21   30 0.74

  42   48 0.85
  13   42 0.31
  41   64 0.29
  41   49 0.86
  37   44 0.83
  26   68 0.39
   1   42 0.14
  18   26 0.40
   4    7 0.08
  36   70 0.57
  16   16 0.60
   9   20 0.79
  26   56 0.20
   3   35 0.00
  19   44 0.28
  30   39 0.98
   5   16 0.87
  23   67 0.17
  15   44 0.48
  41   54 0.24
  27   54 0.62
  16   17 0.27
  25   56 0.82
  37   51 0.39
  16   26 0.42
  25   70 0.29
  46   73 0.84
  42   53 0.75
  11   38 0.39
   4   33 0.50

  16   33 0.92
   8   19 0.81
  35   77 0.40
  41   83 0.24
  21   57 0.94
  27   68 0.68
  20   29 0.13
   3   16 0.22
   3    8 0.40
   6   50 0.23
  42   82 0.94
  39   65 0.71
  16   43 0.56
  45   45 0.23
  13   40 0.50
  20   25 0.21
  18   57 0.16
  16   56 0.42
  19   47 0.90
  21   36 0.69
   0    1 0.45
  14   15 0.33
  30   36 0.75
  10   43 0.20
   2   22 0.16
   4   11 0.70
  15   20 0.10
  10   18 0.13
   9   55 0.47
  38   59 0.62

  15   47 0.35
  12   42 0.79
  31   50 0.55
  34   58 0.13
  35   49 0.88
  18   30 0.74
   1   22 0.34
  44   51 0.86
  21   50 0.67
  10   31 0.22
  18   37 0.99
  42   64 0.17
   0   32 0.94
  23   61 0.20
  45   45 0.92
  24   32 0.94
  30   31 0.70
  39   84 0.36
  35   61 0.79
  18   32 0.52
  27   47 0.01
  23   63 0.94
  25   54 0.28
  11   32 0.74
  13   25 0.20
   2   43 0.76
   5   21 0.35
  41   77 0.37
  44   51 0.80
  43   49 0.84

   6   42 0.57
  44   62 0.79
  10   45 0.33
   1   28 0.99
  10   13 0.56
  44   86 0.06
   9   22 0.13
  14   33 0.00
  39   66 0.31
  43   85 0.08
   7   16 0.13
  38   81 0.81
  31   40 0.27
  25   47 0.66
  35   80 0.08
  21   34 0.03
  28   70 0.83
  23   67 0.19
   1    1 0.03
  14   18 0.89
  38   61 0.85
  18   34 0.23
  38   54 0.89
  29   42 0.72
  39   58 0.54
  14   59 0.84
  19   60 0.53
  35   65 0.48
  43   72 0.18
  19   59 0.91

