4 30 8
6   20   4   2   4  10  20

  18   28 0.64
  20   22 0.73
  19   24 0.24
  23   35 0.41
   0   12 0.46
  34   38 0.49
   5   11 0.11
   9   13 0.61
   4   12 0.93
  21   33 0.22
  13   15 0.53
  34   40 0.48
  19   29 0.43
   0   12 0.24
  16   20 0.69
   7   10 0.25
  21   23 0.87
  17   27 0.10
  29   42 0.70
  21   29 0.36
   2    6 0.71
   3   16 0.29
  10   13 0.90
  22   30 0.29
   5   11 0.33
  19   23 0.95
  37   49 0.01
   6   11 0.50
   1   13 0.95
  24   24 0.01

   5    5 0.10
  10   19 0.51
  32   41 0.35
  15   22 0.53
  19   27 0.85
  40   42 0.55
  25   29 0.33
   1    7 0.67
  21   34 0.86
  12   17 0.14
  11   12 0.60
  14   27 0.95
  40   50 0.90
  19   21 0.58
   2   10 0.81
  33   41 0.95
  41   45 0.39
   3    9 0.85
  31   33 0.22
  31   38 0.97
   6   17 0.41
  41   41 0.04
  18   30 0.10
  36   44 0.71
  40   41 0.54
  17   29 0.29
   2    6 0.86
  21   22 0.81
  11   20 0.45
   7   11 0.21

  33   37 0.23
   7    9 0.11
  37   40 0.95
  37   47 0.77
  39   50 0.83
  35   48 0.96
  28   29 0.62
   7   14 0.71
  19   27 0.46
   0    8 0.90
  30   31 0.12
  20   20 0.71
   5    8 0.66
  23   27 0.96
   1   10 0.11
   0    9 0.15
  35   39 0.37
  26   26 0.89
  39   48 0.45
   3    9 0.83
  39   45 0.50
   9   16 0.45
  19   31 0.66
  30   43 0.69
  15   18 0.69
  12   24 0.73
  37   50 0.12
   3    4 0.53
  32   45 0.99
  12   17 0.18

  40   40 0.90
  40   44 0.87
  39   52 0.38
  28   38 0.31
  18   31 0.88
  40   45 0.06
   4    9 0.85
  20   29 0.68
  40   49 0.58
  16   21 0.67
  18   26 0.59
  26   38 0.86
  40   42 0.40
  12   21 0.13
   9    9 0.04
  27   35 0.16
  13   17 0.13
  27   34 0.44
  38   44 0.08
  36   41 0.49
  29   35 0.63
   5   13 0.96
   2    5 0.55
   8   12 0.43
  27   40 0.78
  34   36 0.72
   8   21 0.77
   0    9 0.32
  11   23 0.20
   6   17 0.14

   6   12 0.56
  31   42 0.04
  21   22 0.44
  32   44 0.13
   4   11 0.71
  40   53 0.54
  32   43 0.53
   0    9 0.64
  21   23 0.36
  41   44 0.82
  19   22 0.65
   4   12 0.81
  38   44 0.16
   2    8 0.79
   0    5 0.90
  28   39 0.23
  31   33 0.85
  34   38 0.24
  18   31 0.49
  36   41 0.20
  26   37 0.25
   7   19 0.13
   4   11 0.17
   0   10 0.38
   0    1 0.10
   6    8 0.92
  16   24 0.66
  39   45 0.07
   6   17 0.94
  10   10 0.04

  41   41 0.01
   1   12 0.99
  31   42 0.92
  15   20 0.77
  34   35 0.71
  27   27 0.85
  28   38 0.18
   8    9 0.64
  15   25 0.98
  33   35 0.17
  22   24 0.13
   6   18 0.90
  30   38 0.03
  35   44 0.65
   1    8 0.62
   2    5 0.56
   0    3 0.94
  37   45 0.53
  41   49 0.70
  33   39 0.33
  10   17 0.29
  33   38 0.40
  36   44 0.17
  21   22 0.11
  31   34 0.32
  21   29 0.59
  10   10 0.63
  10   15 0.33
  32   40 0.44
   5   17 0.88

