5 30 4
6   10  20  20   4   4  10

  31   41 0.12
  42   61 0.28
  45   62 0.15
   5   18 0.44
  11   19 0.98
   5   26 0.04
  36   51 0.88
  37   47 0.80
  32   45 0.80
  17   21 0.79
  22   30 0.85
  19   25 0.99
  13   23 0.41
  17   41 0.91
  18   31 0.87
   6   22 0.87
   6   24 0.57
  39   47 0.30
   1    1 0.17
  15   32 0.24
  23   37 0.03
   6    6 0.64
  31   35 0.97
  34   42 0.90
  39   41 0.45
  34   36 0.94
  47   68 0.58
  45   65 0.97
  48   60 0.54
   1    8 0.91

  18   30 0.51
  12   23 0.31
  42   65 0.34
   7   31 0.88
  13   17 0.20
  15   36 0.57
  36   46 0.99
   0    5 0.33
  14   15 0.51
  22   40 0.97
  12   15 0.94
  35   54 0.66
  10   12 0.12
  18   28 0.74
  24   39 0.64
   8   16 0.32
  16   33 0.40
   4    5 0.57
  24   36 0.55
  48   48 0.10
  25   46 0.51
  27   49 0.67
  29   33 0.81
  29   39 0.62
  50   55 0.05
   7   17 0.99
   1   17 0.95
  47   47 0.83
  19   39 0.90
   8   26 0.61

  40   45 0.92
  31   49 0.71
  27   44 0.73
  11   26 0.52
  18   33 0.71
  11   34 0.25
  39   39 0.53
  49   70 0.40
  24   39 0.35
  45   51 0.90
  21   22 0.38
   6   23 0.11
  18   30 0.38
  19   19 0.56
   6   18 0.19
  18   32 0.62
  27   47 0.32
  10   32 0.38
  49   65 0.56
   0   10 0.59
  24   45 0.73
  42   44 0.53
  44   45 0.86
  10   32 0.57
  29   37 0.41
  39   39 0.55
  31   46 0.92
   1   21 0.46
  22   38 0.10
  13   25 0.67

  20   42 0.45
  34   34 0.11
  30   30 0.60
   2    5 0.96
  31   46 0.68
  35   51 0.33
  43   43 0.00
  35   46 0.77
   4    4 0.36
  36   49 0.63
   9   33 0.41
  34   54 0.57
  22   32 0.44
  28   38 0.36
  29   47 0.95
  27   50 0.67
  48   71 0.13
  45   68 0.63
  47   49 0.61
  28   28 0.60
  29   31 0.53
  35   53 0.25
  25   47 0.75
  15   31 0.72
  12   15 0.86
  27   46 0.38
  36   49 0.83
  37   51 0.06
  27   44 0.08
   5    6 0.59

  50   53 0.48
  37   56 0.19
  39   63 0.24
  17   38 0.10
   6    9 0.51
  12   26 0.50
  44   68 0.30
  12   15 0.42
  44   62 0.08
   7   10 0.93
  32   42 0.16
  47   59 0.77
   4   16 0.86
  26   43 0.78
  36   58 0.75
   1    1 0.88
  43   61 0.30
   6   29 0.64
  29   29 0.89
  12   19 0.34
  13   19 0.98
  20   42 0.12
  48   60 0.93
  29   42 0.28
  39   61 0.08
   8   18 0.23
  48   60 0.76
  32   55 0.43
  14   34 0.44
  36   60 0.72

  45   45 0.12
  12   29 0.42
  32   40 0.82
  18   22 0.62
   6   16 0.53
  18   29 0.71
  44   48 0.00
  14   31 0.08
   4   28 0.53
   4   20 0.88
  17   31 0.72
  32   34 0.01
  33   41 0.61
  20   39 0.91
   6   22 0.69
  14   34 0.27
   4   19 0.74
  24   45 0.17
   3   24 0.91
   9   17 0.58
  13   31 0.05
  29   29 0.82
  42   54 0.56
  12   16 0.36
  18   31 0.74
  31   48 0.74
  48   56 0.37
  10   13 0.38
   3   13 0.06
  20   32 0.19

