5 100 4
3    4  16  10

  99  114 0.10
 111  134 0.47
   4    9 0.53
  55   84 0.36
  27   33 0.33
   6   35 0.99
  18   25 0.65
   5   11 0.79
 106  126 0.22
  49   60 0.89
  38   65 0.79
  72   86 0.33
   9   33 0.00
  15   22 0.43
  90  116 0.91
  56   66 0.56
  67   96 0.94
   0    1 0.77
  58   79 0.25
 107  131 0.04
   8   27 0.93
  43   66 0.42
  39   63 0.80
  19   50 0.78
  67   71 0.51
  35   39 0.78
  41   66 0.90
  51   52 0.72
  45   80 0.93
  60   60 0.17
 100  112 0.09
  82   85 0.99
  18   36 0.00
 103  130 0.83
  78   94 0.29
   3   32 0.33
  51   86 0.69
   5    8 0.09
  32   41 0.46
  19   26 0.80
  75   76 0.94
  43   65 0.03
  60   74 0.08
  84   95 0.56
  70   70 0.23
   1    7 0.82
  78  103 0.36
  24   47 0.69
  46   56 0.05
  97  108 0.60
  39   74 0.57
  49   52 0.71
   9   31 0.96
  30   38 0.87
  22   36 0.39
   8   39 0.34
   0    6 0.83
  98  101 0.90
  88   89 0.87
  75   95 0.60
   2   12 0.37
  12   35 0.42
   1   31 0.96
  76   84 0.65
  24   43 0.94
  40   43 0.20
  75  106 0.56
  56   85 0.29
  42   74 0.45
  16   20 0.62
  79   98 0.66
  68   74 0.08
  83  106 0.96
  36   64 0.24
   2   17 0.51
  30   48 0.35
  48   75 0.46
  37   43 0.32
  18   40 0.18
  18   41 0.93
  79  110 0.64
  87  108 0.33
  81   99 0.77
  90   94 0.13
 101  135 0.78
  56   79 0.19
  66   68 0.89
  92  114 0.47
   0   14 0.01
  91   93 0.78
   2   24 0.01
 110  130 0.20
   0   24 0.14
   9   16 0.85
  41   63 0.67
  76  107 0.18
   0    3 0.92
 106  110 0.62
  98  125 0.34
 108  120 0.99

  25   61 0.39
  63   72 0.48
  87   90 0.44
  81   83 0.57
   9   14 0.91
  51   65 0.60
  80  112 0.86
  30   63 0.38
  80  115 0.75
  19   20 0.15
  93   96 0.92
  93  105 0.21
  27   38 0.07
  27   35 0.42
  34   56 0.24
  96  132 0.02
  53   70 0.70
  66   80 0.80
  99  116 0.65
  23   54 0.21
  27   63 0.25
  71   83 0.76
  49   54 0.09
  99  109 0.73
  79  113 0.92
  77   82 0.75
   5   22 0.14
   8   24 0.47
  16   52 0.34
 100  125 0.73
  26   53 0.80
  58   67 0.80
 104  133 0.68
 106  133 0.93
  15   32 0.36
   1    4 0.03
  70   97 0.21
  50   82 0.07
  46   59 0.88
  13   36 0.35
 109  112 0.41
  18   51 0.68
  23   58 0.83
  97  115 0.33
  93   95 0.86
  35   46 0.97
  17   18 0.26
  91  110 0.41
  96  104 0.34
  19   52 0.84
  98  133 0.75
  97  107 0.10
  88   99 0.82
  94  115 0.10
  76   88 0.06
  34   55 0.34
  88   92 0.99
  14   32 0.50
  27   29 0.30
  43   78 0.19
  64   94 0.44
  16   21 0.69
  45   64 0.65
   7   33 0.43
  78   86 0.36
  73   91 0.35
  97  121 0.98
  76  111 0.40
  17   18 0.40
  87  101 0.21
  84  116 0.06
  19   33 0.55
  47   61 0.35
 108  136 0.00
  88  109 0.22
  23   49 0.84
  26   50 0.56
  55   57 0.28
  69   82 0.32
  33   65 0.02
  63   87 0.56
  37   43 0.89
  85   86 0.96
  35   57 0.12
  96  107 0.18
  56   84 0.31
 107  115 0.72
   3   27 0.20
  66   84 0.59
  86  122 0.24
 100  103 0.82
  42   75 0.51
  10   28 0.85
  68   75 0.30
  66   99 0.81
 109  117 0.93
  19   50 0.46
  99  127 0.85
 100  118 0.27
  26   48 0.41

  19   44 0.45
  11   38 0.14
  74   94 0.18
  38   59 0.33
  64   64 0.46
  87  105 0.93
  24   57 0.41
  86  112 0.19
  45   81 0.95
  17   35 0.25
   8   22 0.09
  60   94 0.55
 105  123 0.85
 110  132 0.26
 102  126 0.39
   4   13 0.43
  58   77 0.51
  92  119 0.10
  70   96 0.43
  47   75 0.79
  38   53 0.91
  59   88 0.15
 105  126 0.34
  95  102 0.43
  67   72 0.71
  25   29 0.88
  16   25 0.05
  19   44 0.98
  64   75 0.28
  33   67 0.22
  16   21 0.18
 100  112 0.01
   4   28 0.12
  70   70 0.86
  72   99 0.19
  96  105 0.67
  85  107 0.26
  60   74 0.37
 111  121 0.44
  54   77 0.94
  12   12 0.81
   7   40 0.99
  17   28 0.77
   3   37 0.01
  87   95 0.65
  39   52 0.62
 107  116 0.52
  77   96 0.36
  63   86 0.81
  52   76 0.13
   5   12 0.76
  93  101 0.26
  44   45 0.09
  38   40 0.17
  64   92 0.27
   1   30 0.74
  53   53 0.56
  71   88 0.36
  65   98 0.00
  49   59 0.25
  45   55 0.40
  75   99 0.08
  29   35 0.08
  97  128 0.21
  75   90 0.97
  64   84 0.65
   6   12 0.58
  56   64 0.85
  57   90 0.82
   3   23 0.94
 101  125 0.68
  80   92 0.48
  95  108 0.11
  66   85 0.86
   8   11 0.76
  47   49 0.07
   1   33 0.36
  56   91 0.11
  62   65 0.24
  36   71 0.39
  70   80 0.18
 102  133 0.63
   1   19 0.42
  37   58 0.06
 107  112 0.55
  46   57 0.28
  67   90 0.00
  72  103 0.45
   8   31 0.73
  53   74 0.52
  76   95 0.50
  16   50 0.74
  50   85 0.35
  89   99 0.74
  52   87 0.32
  41   45 0.60
  17   31 0.32
  48   56 0.36
 108  135 0.65
 103  122 0.52

