5 20 4
12   16  10   2   2  20  16  20  10   4   4   2   2

  13   17 0.16
   9   31 0.64
  15   31 0.02
  26   29 0.23
  19   40 0.24
  23   25 0.13
  11   13 0.98
  15   38 0.44
  13   32 0.19
  16   34 0.68
  19   39 0.34
  15   25 0.59
  19   21 0.13
   4   28 0.92
   6   29 0.85
  21   45 0.00
   3   22 0.00
   4   17 0.28
   1    1 0.78
   4   16 0.62

   4   20 0.92
  23   37 0.91
  10   17 0.31
  17   39 0.74
  13   27 0.83
  25   35 0.05
  20   46 0.84
   6   30 0.88
  17   24 0.65
  14   28 0.85
  21   22 0.06
  16   19 0.19
  26   39 0.77
   0    6 0.24
   5   22 0.99
   1    8 0.50
  12   19 0.89
   6   17 0.42
   6   16 0.82
   1   19 0.16

   6   18 0.69
  14   39 0.20
   1   22 0.07
  16   41 0.19
   8   31 0.05
   3    8 0.18
  18   32 0.97
  13   20 0.69
   7   14 0.55
  21   43 0.71
  19   23 0.16
  13   35 0.80
  22   30 0.72
  15   30 0.73
   4   15 0.06
   9    9 0.96
  20   32 0.86
  25   50 0.01
  15   35 0.28
  14   32 0.17

  13   24 0.24
   7   27 0.51
  15   35 0.59
  21   33 0.13
  18   21 0.84
  11   15 0.14
   7    8 0.19
  12   20 0.71
   3    7 0.23
   9   10 0.68
  18   25 0.88
  12   16 0.46
  17   43 0.54
   3   20 0.15
  26   45 0.04
  21   47 0.40
   0   18 0.53
  21   22 0.39
   3    4 0.45
   7   30 0.46

  14   25 0.61
  26   34 0.03
  25   31 0.00
   0   11 0.68
  18   35 0.46
   7   24 0.29
   9   23 0.69
  24   27 0.96
   4   28 0.25
  21   25 0.81
   4   27 0.51
  19   33 0.04
   0   22 0.18
   6    6 0.72
  26   52 0.91
  20   40 0.72
   0    4 0.62
   4   30 0.50
  23   41 0.29
   9   18 0.80

  26   35 0.15
   7   10 0.10
  17   22 0.58
  25   38 0.50
  14   39 0.68
   4    8 0.38
  11   29 0.33
   1   20 0.95
   1   26 0.31
   7   16 0.14
  19   43 0.63
  16   41 0.64
  25   33 0.89
  14   22 0.48
  12   25 0.85
  19   19 0.83
  18   23 0.29
  25   46 0.96
   6   23 0.60
   2   18 0.58

  20   38 0.28
  12   34 0.53
  20   28 0.71
   0   22 0.32
   7   10 0.72
   3   27 0.72
   9   28 0.17
  15   30 0.46
  24   42 0.34
   3   11 0.63
   4   29 0.40
  15   31 0.28
   3    5 0.36
   5   21 0.61
  18   29 0.62
  17   43 0.84
   1    4 0.74
   9   32 0.53
  21   29 0.45
  16   40 0.10

  16   20 0.41
  18   32 0.68
  14   23 0.16
  26   41 0.89
  19   43 0.19
   8   10 0.79
  13   14 0.76
  24   28 0.05
  14   29 0.18
  17   17 0.48
  17   19 0.81
   5   31 0.42
  20   27 0.95
   1   17 0.36
   8   14 0.10
  12   17 0.04
   6   14 0.24
  23   49 0.10
  25   29 0.51
   5   10 0.56

   6   24 0.64
  10   24 0.66
   5   31 0.45
  11   34 0.91
  25   35 0.78
  21   35 0.73
   9   11 0.62
  23   26 0.08
  17   33 0.09
   9   25 0.39
  22   39 0.09
  11   29 0.38
  17   33 0.35
  26   39 0.60
  10   35 0.96
  25   43 0.67
  10   16 0.31
  22   46 0.52
  15   18 0.17
  19   28 0.39

  14   26 0.32
   7   13 0.21
   8   28 0.90
   1    4 0.48
   2    4 0.95
   6   20 0.71
  20   27 0.05
   4   12 0.54
  23   44 0.72
   6   15 0.11
   0   21 0.31
  13   27 0.03
  22   31 0.84
  21   37 0.23
  13   32 0.44
   7   18 0.32
   4   11 0.90
   2   14 0.65
  26   43 0.50
  24   32 0.94

   5    5 0.40
   6   22 0.24
   4    9 0.98
  11   17 0.56
   3   15 0.15
   9   14 0.47
   3   24 0.23
   1    2 0.80
  10   35 0.74
  21   44 0.34
   7   18 0.68
  11   33 0.11
  23   49 0.79
  23   31 0.19
  26   37 0.13
  12   33 0.49
   3   10 0.31
  19   30 0.42
  13   17 0.41
  12   15 0.69

   9    9 0.32
  26   37 0.30
  26   46 0.90
  19   33 0.21
   8   10 0.95
   2   22 0.77
   3   28 0.85
   1   10 0.45
  25   36 0.35
   2   16 0.89
  22   37 0.16
   2    2 0.19
  10   14 0.75
  14   29 0.22
  23   48 0.65
  12   13 0.94
   9   27 0.75
  16   29 0.53
   3    4 0.13
   0    8 0.22

