4 40 8
6   16   2  20  20   4  16

  37   47 0.22
  33   47 0.56
  33   43 0.56
  19   20 0.23
  43   51 0.67
  37   45 0.01
  36   41 0.28
   1    5 0.04
   8   10 0.01
  32   32 0.75
  23   41 0.75
  10   26 0.27
  40   51 0.31
  27   50 0.81
  22   24 0.45
  41   41 0.84
   8   14 0.65
  20   25 0.90
  14   23 0.23
   5   28 0.73
  42   61 0.49
  38   55 0.46
  14   23 0.50
   4   20 0.42
  26   44 0.33
  40   40 0.27
  29   37 0.62
  18   36 0.73
  47   68 0.68
  36   36 0.72
  43   65 0.29
  19   37 0.82
  38   57 0.51
  25   47 0.26
  43   53 0.87
  37   45 0.71
  10   12 0.65
  36   57 0.06
  16   37 0.78
  42   64 0.10

   8   29 0.65
  10   19 0.83
   7   14 0.86
   4   17 0.91
   2    9 0.34
  25   30 0.73
  37   46 0.75
   2   19 0.04
  33   40 0.23
   0   18 0.17
  34   54 0.24
  27   35 0.66
  47   60 0.77
  28   44 0.54
  22   22 0.50
   9   15 0.07
   5   24 0.10
  21   37 0.39
  34   57 0.42
   8   28 0.09
  18   33 0.43
  40   58 0.94
  32   43 0.23
  31   41 0.12
  44   60 0.40
   7   11 0.85
  15   20 0.16
  46   63 0.63
  12   13 0.07
  30   34 0.35
   9    9 0.65
   8   29 0.83
  20   30 0.19
   8   16 0.94
   7   12 0.96
  35   37 0.77
   3    8 0.47
   2   20 0.83
  23   24 0.55
  47   69 0.34

  28   44 0.58
  29   38 0.45
  28   32 0.19
  20   35 0.71
   2    8 0.36
  26   31 0.98
   6   26 0.67
  32   54 0.62
  40   43 0.25
  33   43 0.62
  34   52 0.01
  15   18 0.35
  24   39 0.12
  19   36 0.14
  37   56 0.88
  27   29 0.71
  33   52 0.91
  34   52 0.96
  36   54 0.44
  37   42 0.59
   6   17 0.05
  46   52 0.04
   7   26 0.66
  37   48 0.87
  36   47 0.36
  33   36 0.35
  31   43 0.87
   0    9 0.57
  35   56 0.53
  45   61 0.42
  36   44 0.15
  24   39 0.32
  33   35 0.21
   4   16 0.38
  35   55 0.12
  25   38 0.81
  26   33 0.26
  24   33 0.61
   7   28 0.21
   0   15 0.81

  27   45 0.50
  37   43 0.00
  39   56 0.77
  14   37 0.43
  25   38 0.70
  45   57 0.19
  16   38 0.76
  47   64 0.80
  45   56 0.01
   3   19 0.88
  36   37 0.45
  36   48 0.24
   2    3 0.82
  41   43 0.05
   2    3 0.08
  40   46 0.67
  17   40 0.52
  14   34 0.59
  38   40 0.50
  33   41 0.08
  43   50 0.21
   2   25 0.91
  36   42 0.01
   5   16 0.85
  24   29 0.94
  13   15 0.83
   0   17 0.84
   0   19 0.63
  16   32 0.32
  32   43 0.81
  33   37 0.88
  19   29 0.87
  23   23 0.54
  25   27 0.88
  39   53 0.81
  15   38 0.62
  29   31 0.58
  13   32 0.74
  26   40 0.36
   3   20 0.82

   6    6 0.05
   1   13 0.49
  37   56 0.36
  18   31 0.21
   7   19 0.15
  26   34 0.09
  33   33 0.82
  25   40 0.58
  34   40 0.34
   6   17 0.18
  38   48 0.80
   0    0 0.09
  34   37 0.98
  11   32 0.18
  30   50 0.55
  14   26 0.58
  26   44 0.58
  15   18 0.02
  43   57 0.49
  19   41 0.50
  42   44 0.54
  39   51 0.64
  44   53 0.36
  16   31 0.25
  35   57 0.40
  20   20 0.92
  44   66 0.28
  25   30 0.23
  13   17 0.99
  27   34 0.55
  11   11 0.66
  47   63 0.05
  38   56 0.65
  21   21 0.27
  16   24 0.74
  23   41 0.87
  29   31 0.27
   7   24 0.33
  46   46 0.66
  32   38 0.48

  47   47 0.55
  18   40 0.20
   5    7 0.15
  19   28 0.76
  33   51 0.53
  46   50 0.23
  12   14 0.08
  11   19 0.73
  46   53 0.27
   2   18 0.41
  12   21 0.05
   8   25 0.12
  18   29 0.39
  23   33 0.35
   0   19 0.90
  15   29 0.58
   8   26 0.09
  31   54 0.34
  28   32 0.44
  21   44 0.59
  16   36 0.34
  32   47 0.50
  11   18 0.27
  43   58 0.61
  20   29 0.45
   6   10 0.02
  28   43 0.22
  44   45 0.29
  45   65 0.91
  40   44 0.73
  15   17 0.31
   4    7 0.10
  32   53 0.78
  10   17 0.05
  28   47 0.34
   4   14 0.62
  46   48 0.98
  35   54 0.14
  36   59 0.47
  20   20 0.37

