5 40 8
6   10   4   4   4   4  20

   9   26 0.79
   1   26 0.34
   7   30 0.03
   9   39 0.40
   4    5 0.90
   6   12 0.14
   5    8 0.69
   9   23 0.30
   9   23 0.81
   7   19 0.20
   0   28 0.95
   9   34 0.05
   9   37 0.04
   9   14 0.60
   4    6 0.58
   8    8 0.48
   1    2 0.71
  10   41 0.34
   4   20 0.40
   1   10 0.51
   7   10 0.28
   9   23 0.46
   5   29 0.85
   8   17 0.36
   9   20 0.80
   9   20 0.03
   2   14 0.79
   5   17 0.24
   3   12 0.04
   8   26 0.54
  10   17 0.41
   2    6 0.13
   6   10 0.14
   3    4 0.33
   6   22 0.75
   2   10 0.70
   2   23 0.50
   4   20 0.29
   4   35 0.02
   9   40 0.79

   4    7 0.87
   6   32 0.55
   6   34 0.58
   9   11 0.66
   2   21 0.78
   9   12 0.31
   0    0 0.60
   2   30 0.25
   8   14 0.77
   0    5 0.67
   1   33 0.65
  10   30 0.57
   9   32 0.94
   8   37 0.81
   0   27 0.39
   6   10 0.03
   7   37 0.51
   7   14 0.64
   3   12 0.07
   8   30 0.80
   1   15 0.50
   1    1 0.67
   0    7 0.07
   2    9 0.55
   7   15 0.22
   8   15 0.39
   9   17 0.65
   5   11 0.86
   4   30 0.25
   1   19 0.54
  10   39 0.95
   6   16 0.13
   9   24 0.54
   3   19 0.19
   0    0 0.17
   1   16 0.23
   9   11 0.72
  10   41 0.76
  10   34 0.00
   3   18 0.93

   1   30 0.48
   3   21 0.07
   7   39 0.93
   1   13 0.89
   2   35 0.28
   7    7 0.13
   8   33 0.21
   1   29 0.38
   3   32 0.77
   6   16 0.49
   2   14 0.26
   3   23 0.04
   9   25 0.18
   6   26 0.35
   6   10 0.27
   4   16 0.11
   7   34 0.89
   6   37 0.70
   6   30 0.36
   7   40 0.52
   3    7 0.23
   3   21 0.36
   4   11 0.53
   9   10 0.72
   6   34 0.43
   7   22 0.32
   8   32 0.31
   5   35 0.80
   0   20 0.36
   8   31 0.37
   3    7 0.50
   3   18 0.16
   7   28 0.26
   7   18 0.25
   3   11 0.57
   6   17 0.98
   0    8 0.96
   8   31 0.51
   4   14 0.84
   3   28 0.42

   1   34 0.20
   5   38 0.18
   0   20 0.21
  10   39 0.72
   2    4 0.03
   9   22 0.43
   6   30 0.06
   5   29 0.62
   5   11 0.13
   2   20 0.49
   3    7 0.96
   6    8 0.43
   1   31 0.40
   0   30 0.43
   5   22 0.07
   4    7 0.19
   5   12 0.22
   7   34 0.88
   8   35 0.12
   6   28 0.53
   9   37 0.44
   8   32 0.74
   0   12 0.15
   9   36 0.85
   8   32 0.61
   0    8 0.93
   6   16 0.44
   7   12 0.82
   6   35 0.24
   9   33 0.90
   1   31 0.44
   5   31 0.11
   0   27 0.85
   6   18 0.00
   7   28 0.60
   3   10 0.04
   6   34 0.25
   9   18 0.62
   2   15 0.15
   5   12 0.80

   3   18 0.29
   0   10 0.33
  10   16 0.74
   2   23 0.13
   9   11 0.32
  10   38 0.31
   5   22 0.57
   5    7 0.48
  10   12 0.00
   5   23 0.85
   7    8 0.54
   7   21 0.01
   0   13 0.62
   8   40 0.69
   3   31 0.99
   8   24 0.57
   2   26 0.39
   5   24 0.88
   9   29 0.88
   9   29 0.51
   4   20 0.62
   3   33 0.46
   6   15 0.52
  10   24 0.69
   7   29 0.85
   9   12 0.58
   1    7 0.94
   3    4 0.67
   0   23 0.92
   7   19 0.48
   5   37 0.23
   7   39 0.00
   4    8 0.12
   8   28 0.48
  10   40 0.78
   8   34 0.92
   1   16 0.75
   3   30 0.77
   6    6 0.73
   3    8 0.13

   2   20 0.91
   2   11 0.86
   2   19 0.95
   1   29 0.30
  10   36 0.44
   2   27 0.88
   0   15 0.05
   7    9 0.48
   0   18 0.62
   0    1 0.89
   7   11 0.37
   5   17 0.90
   1   19 0.52
   3   25 0.19
   9   21 0.20
   9   18 0.35
   3   28 0.38
   8   35 0.60
   3   19 0.55
  10   10 0.39
   4   26 0.73
   0   19 0.45
   4   27 0.33
   0   26 0.20
   3   13 0.80
  10   10 0.61
   1   25 0.63
   8   38 0.89
   3   25 0.73
   9   21 0.40
   5   37 0.81
   0   27 0.99
   5   20 0.53
   4   16 0.96
  10   20 0.27
   1   28 0.22
   8   25 0.36
   3   29 0.54
   2    3 0.02
   0   18 0.34

