4 60 4
3   10  20   2

   4   82 0.58
  28  113 0.42
  25   52 0.57
  14   75 0.77
  26  112 0.57
   8   27 0.05
  22   59 0.71
   3    9 0.73
  25   69 0.29
  16   87 0.85
  23   75 0.81
  11   65 0.50
   3   80 0.81
  15   69 0.25
  26   46 0.00
  15   31 0.25
  13   75 0.25
   2   84 0.39
  16   54 0.96
  28  107 0.64
  15   70 0.24
  19   36 0.26
  18   96 0.89
  18   90 0.55
   3   58 0.78
   4   65 0.25
  29   36 0.48
  17   75 0.28
   8   45 0.75
  14   54 0.12
   1   53 0.37
  24   94 0.59
   7   21 0.47
   4   22 0.12
  29   84 0.72
  28  116 0.13
   9   55 0.91
   6   80 0.94
   6   54 0.81
   9    9 0.07
   9   15 0.21
  26   40 0.57
  25   43 0.07
  12   45 0.78
  25   84 0.16
   7   57 0.89
  11   87 0.14
  20  101 0.41
  20   58 0.31
   2   66 0.43
   2   14 0.61
   2   19 0.13
  20   70 0.27
  12   53 0.78
  23   25 0.13
   8   38 0.63
  26   76 0.38
  23   94 0.77
  12   17 0.55
  25   47 0.27

   3   28 0.86
  21   78 0.66
  20   25 0.11
  28   88 0.69
  17   55 0.05
   7   88 0.23
   9   66 0.46
  19   54 0.30
  10   82 0.82
   7   34 0.59
  27   49 0.57
  12   15 0.44
  15   61 0.48
  26   37 0.15
  15   23 0.26
  19   35 0.96
  10   40 0.37
  24   63 0.23
  25  114 0.06
  25   81 0.66
  28   81 0.90
  12   40 0.99
  28  115 0.49
   8   13 0.42
  27   30 0.38
  28   98 0.50
  14   66 0.14
  15   47 0.67
  15   59 0.81
   6   83 0.24
  10   50 0.71
  10   53 0.54
  27  110 0.02
   2   26 0.02
  25   30 0.16
  20   75 0.08
  18   39 0.35
   0    1 0.38
  28   48 0.77
   7   94 0.86
  23  105 0.03
  20  105 0.48
   1   79 0.69
  15  100 0.12
   5   68 0.13
  29   77 0.25
   5   61 0.20
  17   91 0.44
   2    8 0.95
  29  116 0.90
  14   30 0.70
  25   58 0.33
  12   45 0.54
  24   39 0.72
  11   83 0.26
  26   29 0.80
  17   97 0.24
   5   15 0.61
   9   21 0.80
   2   53 0.70

  24   94 0.42
  18   27 0.38
  27   91 0.30
   2   14 0.98
  20   23 0.84
  15   42 0.43
  18   33 0.40
  26   93 0.69
   7   63 0.02
  11   56 0.86
   9   36 0.10
  10   41 0.11
   9   50 0.17
  14  101 0.88
  18   35 0.87
  29   55 0.28
  12  100 0.20
  10   17 0.69
  18   51 0.47
   9   13 0.31
   8   23 0.91
   3   43 0.35
  26   46 0.21
  26   55 0.53
   9   54 0.06
   5   62 0.49
  26  106 0.41
  13   97 0.90
  14   58 0.39
   0   70 0.45
   5   66 0.20
   6   44 0.28
  10   70 0.94
  17   64 0.22
  19   95 0.78
  29  118 0.89
  22   87 0.72
   9   49 0.18
   8   40 0.27
  20   26 0.23
  29  114 0.05
  29   38 0.55
   7   55 0.94
   4   17 0.04
  16   39 0.61
  18   49 0.85
  13   35 0.30
   8   59 0.55
   6    7 0.75
   9   28 0.32
  27   79 0.34
  15   53 0.04
  21   44 0.77
   3    9 0.42
  12   44 0.66
  24   72 0.63
   9   90 0.58
  13   17 0.20
   5   79 0.47
   4   34 0.40

