5 80 4
3   20  16   4

   5    8 0.23
  12   38 0.09
  34   45 0.18
  19   94 0.82
  37   60 0.13
  11   31 0.36
  26   90 0.94
   5   45 0.09
  20   97 0.52
  35  105 0.68
   5   23 0.20
  22   94 0.85
  24   78 0.42
  29  101 0.42
  34   51 0.14
  36   67 0.84
  37  104 0.83
   5    6 0.65
  19   54 0.38
   7   50 0.40
   4   19 0.35
  28   61 0.85
  36   68 0.92
  31   97 0.08
  25   36 0.88
  31   49 0.91
  29   54 0.25
   1   68 0.19
  35   59 0.63
  28   92 0.98
  35   93 0.68
  30   73 0.33
  39   65 0.37
  15   85 0.71
   4   53 0.36
  21   74 0.70
  30  106 0.96
   0   75 0.34
  33  110 0.66
  24   47 0.67
   8   71 0.47
  15   91 0.42
  24   34 0.76
  13   71 0.83
  31   38 0.94
  11   85 0.34
   2   30 0.14
  38   96 0.13
  24   80 0.05
  23   61 0.75
   9   68 0.52
  36   82 0.78
  38  115 0.91
  15   42 0.44
  13   75 0.83
  23   96 0.58
   1   74 0.23
   2   15 0.84
  32   59 0.76
  17   18 0.58
  23   72 0.43
   8   56 0.99
   0   14 0.98
  20   99 0.73
   1   43 0.63
  30   89 0.00
  28  100 0.12
  10   18 0.52
  17   81 0.63
   8   70 0.73
  11   85 0.43
  20   30 0.22
  17   88 0.31
  31   47 0.68
  32   67 0.63
  13   71 0.33
  38   60 0.67
  27   57 0.53
  33   55 0.21
  24   85 0.57

   7   72 0.00
  11   11 0.56
  18   18 0.91
  30   67 0.46
  24   29 0.35
  26   39 0.41
  21   94 0.51
  29   59 0.20
  27   69 0.11
  36   54 0.73
   4   76 0.14
  38   47 0.89
  32   36 0.39
  10   40 0.23
   1   30 0.99
  39   95 0.28
  19   77 0.37
  27   27 0.35
  13   54 0.57
  33  107 0.67
  15   43 0.45
  36   40 0.02
  22   39 0.20
  10   66 0.94
  25   71 0.30
   2   14 0.74
  38   73 0.47
  37  102 0.94
  39   81 0.86
  37  112 0.19
   9   49 0.50
   8   10 0.48
   1   39 0.87
  31   54 0.63
  31   74 0.08
  16   41 0.03
   8   58 0.57
  13   28 0.79
  34   59 0.76
  25   36 0.12
  38  107 0.18
  30   71 0.18
   1   59 0.60
   8   76 0.48
  30   38 0.89
  26   59 0.30
   6   37 0.51
  28   42 0.41
  29   32 0.67
  21   52 0.52
  36   97 0.04
  10   31 0.01
  39  110 0.94
  20   75 0.79
  28   52 0.26
   9   83 0.31
  14   74 0.43
  15   53 0.57
  33   53 0.38
  14   67 0.08
   8   68 0.29
   9   35 0.37
   2   75 0.49
  17   33 0.10
   0   32 0.62
   4   55 0.56
   7   44 0.75
  39   40 0.22
  15   41 0.06
  17   41 0.50
  31   53 0.33
  18   90 0.12
  11   62 0.11
  22   34 0.20
  16   24 0.50
  30   55 0.78
  16   86 0.16
   8   26 0.72
   7   19 0.01
   5   15 0.21

   6   66 0.37
   4   34 0.28
  35   93 0.60
  14   62 0.76
   3   13 0.18
  33   46 0.26
  28   37 0.84
  26   33 0.09
  17   57 0.41
  16   39 0.83
  17   62 0.96
  32   96 0.25
  18   86 0.66
  15   18 0.02
  10   74 0.68
   9    9 0.98
  34   89 0.97
  18   61 0.00
  18   22 0.75
   6   11 0.55
  37   91 0.55
   4   22 0.31
   9   65 0.99
   0   43 0.25
  26   69 0.66
  37  103 0.46
   0   57 0.35
  25   89 0.72
  24   45 0.68
  28  101 0.18
  13   73 0.29
   2   53 0.36
  15   77 0.71
   0   54 0.45
  25   35 0.86
  29   81 0.69
   9   69 0.21
   9   73 0.47
  23   50 0.23
  36   91 0.31
   2   77 0.38
  28   99 0.23
  31  100 0.98
  10   84 0.10
  21   78 0.91
  15   61 0.91
  19   26 0.17
  32  104 0.93
  32   66 0.36
   2   26 0.94
   9   75 0.45
  11   25 0.94
   2   63 0.98
  39   58 0.85
  34   74 0.81
   5   67 0.54
  27   49 0.66
  36  102 0.32
  33   72 0.84
  24   25 0.30
  12   26 0.53
  23   37 0.91
  23   46 0.17
  19   37 0.14
   0   65 0.33
  32   78 0.90
  14   81 0.93
  22   77 0.95
  26   48 0.59
  14   52 0.28
  20   26 0.67
  24   75 0.98
  17   77 0.21
   3   16 0.82
  18   40 0.03
  20   45 0.35
   9   28 0.58
   9   12 0.39
  20   57 0.08
   0    3 0.07

