4 40 4
6   10  10  20   4   2  10

  62   97 0.21
  35   46 0.21
   5   64 0.04
  92  136 0.68
  29  129 0.45
  99  176 0.96
  61  134 0.46
  16  107 0.75
   2   96 0.18
  76   84 0.99
  91  148 0.27
   7  105 0.80
  30   92 0.32
  27  100 0.71
  85  157 0.52
  52   73 0.53
  53   85 0.55
  17   54 0.78
  29   59 0.48
  49  101 0.07
  42   78 0.71
  55   81 0.40
  59   77 0.99
  19   66 0.52
  49  144 0.76
  90  138 0.24
  40   90 0.52
  86  140 0.83
  22   74 0.76
  32   68 0.26
  76  144 0.22
  36  106 0.15
   9   89 0.77
  16  112 0.63
  45   74 0.04
  15   79 0.51
  17  111 0.42
  39   40 0.57
  29  114 0.95
  57   79 0.18

   1   61 0.61
  44  111 0.56
  66  111 0.93
  99  174 0.90
  60  122 0.81
  91  125 0.60
  52  143 0.59
  81  122 0.63
   9   60 0.01
  85  156 0.28
  65  166 0.70
  12   94 0.13
  97  161 0.69
  41  128 0.14
  74  148 0.42
  21   95 0.53
  83  131 0.75
  10   95 0.00
  44  113 0.31
  13   95 0.32
  89   97 0.30
  23   60 0.31
  24   44 0.17
  33   55 0.56
  36   47 0.38
  33   66 0.03
  33   66 0.67
  91  161 0.68
  42  139 0.11
  20   76 0.43
  31   90 0.78
  51  146 0.06
  69  145 0.35
  79  127 0.05
   6   24 0.43
  93  127 0.16
  19   67 0.97
   0   69 0.60
 103  161 0.21
  84  109 0.46

  78   96 0.00
  65   99 0.16
  23  119 0.08
  15   28 0.42
  52   57 0.07
  68   80 0.93
   3   94 0.79
  52  110 0.98
  91  133 0.03
  77   97 0.72
  63   85 0.63
  69  109 0.76
  65   87 0.30
  46   60 0.08
  84  112 0.29
  93  141 0.24
  42  141 0.65
  35  122 0.41
  99  174 0.69
  38  112 0.02
  56  107 0.53
  42   90 0.89
  18  115 0.23
   5    8 0.94
  37   73 0.01
  25   38 0.18
  83  156 0.95
  67  110 0.33
  84   89 0.83
 101  111 0.70
  63  150 0.80
  42   88 0.09
  24   96 0.89
  99  199 0.61
  42   52 0.28
  94  198 0.03
   6  102 0.02
  42  121 0.13
  64  144 0.06
  39   87 0.43

  52   97 0.42
   9   72 0.52
   2   87 0.44
  95  131 0.36
  49  112 0.85
  91  147 0.31
  20  114 0.20
  46  105 0.38
  27   82 0.02
  62  118 0.16
  91   96 0.38
  77  126 0.53
  93  191 0.71
  23  118 0.97
  42  136 0.67
  38   84 0.11
  20   29 0.03
   7   24 0.43
  25   83 0.91
  61  110 0.01
 101  203 0.12
  69  170 0.16
  39   85 0.86
  12   81 0.89
  69   93 0.87
   8   24 0.61
  55  154 0.24
  18   75 0.58
  19   50 0.74
  57   78 0.70
  19   21 0.64
  69  135 0.17
 103  109 0.28
  28  106 0.60
  38   42 0.26
  47  108 0.83
  40  138 0.62
  37   71 0.44
  90  163 0.28
  51   95 0.59

  67  150 0.76
   2   43 0.50
  76  155 0.62
  84  142 0.45
  38   48 0.30
  21   94 0.57
 104  119 0.80
  25  124 0.84
   0   49 0.00
  13   71 0.71
  80   97 0.93
  15   99 0.37
  75  156 0.88
  66   84 0.52
  13   13 0.93
   4   30 0.96
  26   93 0.27
  80  122 0.58
  24  116 0.78
  76  147 0.54
  27   46 0.02
  77  144 0.88
  31   50 0.95
 103  131 0.19
  74  151 0.78
  12   26 0.27
  40  142 0.53
  24  103 0.05
  78  115 0.02
  53  123 0.81
  92  100 0.92
   7  101 0.46
  82  130 0.60
  33   50 0.05
  90  100 0.21
  18   37 0.19
  87  166 0.29
  92  120 0.58
  88  185 0.16
  24  103 0.45

  35  103 0.33
  13   43 0.12
  20   75 0.91
  22   62 0.39
  11   54 0.46
  50  101 0.95
  53  145 0.00
  18   41 0.77
  60  117 0.93
  64  127 0.05
  40  124 0.64
  91  102 0.28
  47   49 0.70
  25  129 0.50
   9   70 0.21
  88  185 0.81
  62  112 0.24
  22   31 0.67
  43  126 0.58
  27   45 0.83
   9   12 0.36
  57  138 0.04
  29   74 0.31
 102  148 0.63
 103  117 0.13
  16   44 0.26
  16  111 0.15
   2   57 0.70
  74  113 0.01
  60   63 0.84
  64  111 0.29
  55   76 0.66
  75  133 0.94
  63  158 0.12
  22   91 0.99
  57  161 0.30
  84  180 0.23
  30   68 0.21
  70   80 0.10
  25   75 0.12

