3 50 8
6   10   4  16   2   4   2

   3   40 0.11
   9   63 0.12
   5   38 0.65
  12   33 0.54
   4   55 0.07
  14   69 0.30
   4   16 0.87
   1   46 0.60
  15   38 0.30
  18   20 0.38
  17   64 0.91
  10   31 0.31
   1   54 0.04
   6   24 0.13
   7   40 0.19
  18   36 0.87
  13   13 0.17
   5    7 0.58
   2   59 0.06
   3   26 0.95
  11   14 0.74
   0   20 0.12
  13   27 0.54
  16   59 0.51
  12   67 0.63
   9   19 0.68
   9   54 0.12
   3   37 0.81
  16   50 0.26
   6   53 0.25
   9   10 0.99
   4   34 0.09
  15   19 0.11
   6   12 0.40
  17   59 0.77
  17   45 0.99
  10   18 0.94
   1   45 0.24
  16   43 0.51
   7   37 0.81
   3   26 0.79
   9   39 0.53
   9   36 0.80
  17   62 0.48
   0   15 0.44
  13   17 0.75
  14   56 0.34
  11   50 0.96
   0   25 0.97
   8   19 0.18

   2   57 0.30
  10   41 0.58
  10   56 0.23
   5   28 0.95
  13   50 0.57
   9   42 0.84
   3   49 0.53
  10   55 0.82
  14   57 0.76
  10   14 0.04
   0   22 0.92
   6   55 0.90
   2    7 0.18
   5    9 0.85
  10   23 0.64
   4   47 0.65
  14   17 0.15
  15   39 0.64
   6   62 0.32
  18   26 0.46
  16   52 0.75
  14   44 0.93
   7    8 0.02
  14   15 0.95
  15   47 0.24
   3   41 0.28
   9   23 0.38
   4   22 0.14
  11   40 0.49
   8   53 0.57
  15   15 0.57
  17   39 0.66
  11   43 0.60
  10   51 0.54
  18   72 0.84
  16   53 0.06
   0   27 0.45
   1   46 0.21
  10   10 0.71
   0   28 0.98
  11   14 0.19
   5    5 0.94
   7   58 0.63
  14   43 0.30
  18   25 0.91
  17   47 0.83
  11   58 0.10
   3   29 0.27
  15   60 0.31
  18   34 0.45

   7   31 0.62
  15   55 0.39
   9   63 0.09
   2   56 0.20
  11   18 0.91
  15   50 0.15
   3    7 0.72
   0   19 0.30
   4   43 0.86
   4   53 0.76
  12   22 0.47
   4   40 0.12
  14   45 0.22
  18   24 0.39
  12   34 0.84
  12   41 0.10
   4   27 0.52
  16   31 0.96
   9   62 0.82
  17   35 0.29
   4   31 0.06
  13   20 0.49
   3   37 0.10
   0   24 0.62
   0   46 0.12
  12   44 0.43
   5   51 0.31
  18   18 0.33
  15   17 0.88
  17   45 0.26
  18   75 0.85
   7   14 0.74
   9   12 0.71
  13   38 0.33
  15   56 0.92
   0   33 0.03
  16   47 0.75
   1   48 0.27
  11   55 0.17
   3   51 0.82
   7   46 0.66
  18   51 0.51
   0   57 0.71
   7   36 0.89
   8   17 0.44
   3   20 0.33
  12   31 0.30
   6   54 0.95
   7   41 0.76
   1   58 0.99

  16   47 0.17
   0   26 0.93
   0   19 0.85
   2   52 0.27
  13   54 0.62
  16   31 0.57
   3   49 0.95
  18   65 0.78
   1   22 0.79
   8   60 0.93
   8   42 0.99
  13   38 0.21
   3   31 0.41
  10   54 0.88
   6   11 0.32
   2   43 0.62
  14   61 0.56
  12   41 0.37
   4   52 0.10
   1    3 0.65
  15   28 0.85
   9   46 0.85
  12   44 0.41
  17   32 0.76
  10   43 0.87
  18   56 0.62
  16   73 0.10
  12   26 0.08
  10   53 0.38
  18   50 0.80
   6   59 0.84
  18   25 0.89
  18   73 0.28
   6   54 0.83
   3   37 0.30
  13   65 0.84
   5   57 0.89
  14   19 0.26
  12   66 0.47
  11   21 0.59
  10   61 0.25
   7   40 0.30
  16   38 0.14
  18   58 0.69
  13   64 0.75
   9   25 0.58
   1   59 0.64
  18   59 0.75
   3   21 0.53
   7    7 0.38

   7   38 0.19
  14   41 0.35
  14   51 0.17
   3    7 0.06
  18   25 0.57
   3   23 0.94
   5    7 0.50
  15   27 0.69
   1   12 0.04
  14   17 0.84
  15   20 0.16
  13   15 0.69
  17   20 0.55
   9   65 0.55
   9   62 0.81
   1    9 0.93
  12   54 0.29
   9   30 0.04
   9   51 0.85
  11   52 0.89
  10   28 0.89
  12   16 0.21
   5   29 0.90
   2    5 0.41
  18   51 0.34
   2   26 0.90
   0   31 0.68
   9   52 0.93
  14   17 0.36
   8   39 0.32
   2   10 0.31
   5   51 0.07
   0   20 0.23
  11   35 0.63
   2   60 0.90
  14   45 0.17
   1   39 0.06
   6   16 0.03
  17   30 0.76
  12   30 0.25
  16   68 0.47
  11   68 0.76
   6   30 0.17
   1   38 0.07
   2   49 0.14
  16   17 0.61
  16   65 0.66
   0   30 0.98
  11   13 0.07
   0   22 0.26

   0   40 0.48
   5   23 0.38
  15   71 0.56
  12   68 0.14
   4    5 0.83
   3   15 0.01
  10   47 0.59
   7   41 0.28
   2   16 0.38
   2   33 0.03
   8   23 0.99
  10   53 0.36
  12   34 0.58
   6   27 0.31
  16   24 0.77
  15   39 0.05
   2   52 0.59
  12   57 0.59
   5   30 0.33
   5   49 0.33
  10   11 0.01
  10   64 0.71
  10   55 0.19
  15   52 0.93
   0   45 0.63
  15   35 0.41
  11   41 0.72
   4   33 0.50
   1   55 0.65
  12   53 0.99
   7   16 0.16
  15   67 0.91
  12   24 0.84
   1   24 0.98
   6   46 0.97
  18   63 0.28
  10   35 0.71
   0   32 0.10
  18   66 0.56
   4   11 0.91
   1   48 0.50
  15   24 0.70
  13   40 0.23
   1   11 0.73
   0   44 0.62
  10   41 0.18
   2   54 0.02
  13   46 0.15
   0   15 0.47
  15   17 0.42

