3 30 8
6    4  10   4  10  10  10

   6   27 0.98
   4   25 0.57
   5   14 0.03
   1   10 0.75
   7   15 0.58
   7   36 0.25
  14   38 0.90
  11   28 0.46
  14   41 0.53
  13   41 0.81
   5   17 0.43
   3   19 0.88
   3   13 0.41
  12   40 0.61
   2   28 0.17
   0    6 0.88
   0    4 0.13
  10   25 0.51
   2   20 0.77
   8   28 0.88
   9   20 0.45
  11   12 0.65
   3   32 0.68
   1   13 0.55
  10   24 0.91
   8   30 0.95
  13   35 0.03
  10   28 0.65
   0   18 0.89
   9   11 0.32

  13   29 0.20
  10   30 0.07
   3   11 0.13
  14   33 0.63
   1    4 0.03
   3    8 0.12
  10   30 0.19
  10   16 0.83
   9   19 0.88
   3   28 0.00
  13   15 0.18
   2   17 0.54
   8   11 0.15
  11   27 0.87
   5   13 0.80
  10   23 0.08
   1    8 0.32
  11   40 0.56
  10   33 0.31
   4    5 0.12
   9   37 0.44
  10   10 0.58
  10   10 0.73
   9   16 0.71
  10   20 0.40
   3   12 0.43
   2   19 0.87
  14   34 0.22
   8   25 0.05
  14   15 0.64

   4   19 0.50
   4   24 0.98
  10   31 0.16
  13   21 0.80
   4   30 0.85
   2   27 0.89
   7   32 0.51
  10   22 0.05
   0   11 0.01
   1   11 0.71
  14   19 0.95
   5   33 0.00
   7   23 0.42
   7   36 0.57
   7   17 0.76
   9   17 0.36
   1    2 0.06
   1    5 0.21
  12   34 0.59
   3   27 0.76
   3   20 0.72
  10   12 0.14
   9   18 0.07
   0   23 0.48
   4   21 0.43
   3   21 0.41
   9   13 0.70
   4   16 0.89
   3   26 0.02
   0   28 0.44

   0    8 0.52
   3   13 0.20
  10   34 0.67
  10   22 0.98
  12   12 0.16
  13   21 0.06
   4    4 0.39
  11   20 0.84
  10   13 0.62
   0    3 0.58
   7   30 0.44
   5   18 0.83
  12   29 0.34
  13   33 0.66
   9   34 0.79
   4   14 0.98
  11   12 0.71
   6   20 0.70
  14   30 0.59
   0   15 0.06
   0    5 0.79
   2   29 0.25
   8   30 0.94
  11   38 0.67
   4   24 0.73
  11   25 0.34
   2   17 0.37
   0   28 0.69
   7    8 0.78
   6   30 0.98

   7   32 0.74
  11   27 0.84
   7   12 0.97
  11   12 0.27
   9   37 0.70
   4   33 0.63
  11   27 0.17
   1   18 0.29
  14   23 0.04
   3   16 0.59
   1   13 0.37
   5   11 0.54
   1   24 0.73
  13   26 0.90
   7   20 0.23
   4   12 0.56
  12   28 0.87
   1    1 0.90
   6   26 0.56
   8   28 0.06
   4   28 0.67
   6   11 0.21
  13   40 0.43
   7   19 0.75
  10   25 0.99
   4   12 0.58
  10   24 0.35
   0   27 0.71
   6   31 0.93
   7   17 0.77

   0    2 0.18
   0    9 0.02
   2   29 0.18
  10   23 0.38
   4   23 0.39
   5   18 0.87
   9   28 0.17
   8   11 0.78
   0   15 0.87
   3   12 0.80
   8   36 0.46
  14   26 0.66
   2   26 0.28
  14   41 0.55
  13   26 0.38
   7    8 0.21
   7   36 0.82
  13   30 0.13
  12   14 0.36
   2   14 0.80
   3   16 0.06
  13   42 0.68
   7   11 0.82
   5   16 0.77
   3   31 0.32
  11   30 0.26
   0    7 0.89
   9   36 0.36
   3   20 0.00
   4   11 0.92

