5 15 4
12   20   4  20   4  10   2  10  10  10  20  10  10

  15   52 0.41
  58   64 0.17
  31   46 0.77
  34   88 0.49
  43   43 0.85
  40   75 0.41
  29   92 0.00
  13   25 0.22
  32   60 0.25
  67   78 0.63
  30   44 0.63
  65   76 0.03
  31   78 0.83
  49  101 0.88
  17   83 0.29

  48  117 0.48
  50  101 0.62
  25   53 0.56
  53   73 0.83
  40   52 0.07
  14   78 0.94
  59   89 0.31
  41   73 0.34
  19   78 0.73
  26   94 0.15
  58  101 0.66
   4   15 0.89
   3   21 0.68
  64  104 0.07
  28   88 0.47

  47  106 0.71
  70   93 0.44
  33   69 0.02
   4   52 0.26
  11   13 0.74
  21   22 0.53
  29   42 0.22
  31   80 0.03
  29   57 0.37
   3   25 0.43
  43   48 0.20
  62   90 0.21
  17   29 0.64
  44  100 0.47
  31   35 0.01

  66   91 0.19
  55   64 0.87
  66  118 0.74
  58  102 0.69
  14   62 0.53
  23   85 0.29
  15   19 0.95
  47   65 0.74
   9   38 0.63
  27   52 0.84
  39   52 0.03
  27   78 0.71
  58   63 0.62
   4   55 0.16
  61   81 0.55

   5   33 0.19
  24   41 0.36
  37   53 0.88
  57   85 0.40
  30   84 0.44
  33   44 0.89
  16   65 0.97
  47   82 0.63
  35   44 0.28
  59  114 0.24
  47  103 0.23
  10   57 0.06
  17   57 0.15
  65  109 0.09
  68  135 0.95

  58   69 0.35
  16   61 0.41
  15   19 0.80
  59  119 0.22
  43   49 0.99
  27   97 0.58
  33   89 0.62
  54   69 0.19
  48  102 0.74
  47  110 0.35
  40   88 0.31
  57   86 0.95
  48  113 0.57
  43   75 0.95
  62  111 0.72

  24   47 0.42
  62   67 0.18
  47   88 0.25
  12   44 0.23
  70  133 0.91
  70  135 0.52
  24   61 0.88
  24   71 0.39
  48   99 0.08
  14   42 0.43
  19   71 0.70
  20   89 0.77
  41   51 0.60
  18   55 0.42
   0   37 0.73

   4   47 0.87
  31   50 0.62
   4   62 0.68
  41   44 0.32
   0   13 0.99
  54   65 0.71
  35  103 0.59
   4   35 0.39
  50   56 0.36
  35   98 0.45
  11   22 0.14
  13   83 0.48
  65   96 0.63
  28   39 0.09
  61   76 0.44

  24   51 0.89
  47   96 0.53
  47   96 0.23
  15   39 0.10
  30   61 0.42
  46  111 0.75
  17   70 0.72
  30   36 0.38
  38   69 0.06
  50  102 0.83
  64  128 0.29
  42   61 0.33
  38   60 0.20
  26   70 0.13
  67   77 0.61

   3   27 0.39
   2   54 0.74
  56   57 0.77
   1   38 0.99
  18   47 0.12
  68  131 0.44
  19   79 0.87
  31   94 0.81
  42   56 0.42
  29   93 0.14
  10   10 0.95
  38   77 0.97
  39   90 0.24
  35   35 0.53
  35   93 0.70

   4   39 0.79
  47  101 0.33
  52   87 0.79
  35   71 0.29
  26   51 0.70
   0   18 0.85
  18   40 0.57
  33   77 0.13
  62   90 0.66
  41   68 0.52
  64   77 0.56
  69  135 0.51
  59  123 0.46
   5   46 0.49
  68  115 0.54

  38   40 0.37
   6   23 0.90
  68  133 0.73
  13   65 0.55
   4   19 0.32
  34   74 0.67
  36   81 0.17
  56   87 0.16
  34   43 0.72
  15   38 0.78
  39   90 0.28
  46  110 0.66
  56   80 0.22
  14   28 0.53
  62   75 0.56

