4 20 4
12   16   4  10  10   2  16  10   4  16   4  20   2

  16   41 0.71
  11   24 0.80
  31   31 0.81
  25   46 0.52
  20   26 0.80
  26   45 0.26
  18   52 0.81
  14   15 0.15
  21   25 0.92
  18   34 0.52
  12   46 0.41
  29   33 0.41
  25   47 0.72
   1    7 0.88
  21   39 0.99
   9   28 0.23
  11   11 0.70
  18   26 0.58
  23   52 0.82
   1   11 0.68

   2   25 0.11
  15   44 0.08
   0   25 0.53
  33   43 0.59
  32   47 0.40
  33   34 0.57
   9   14 0.16
  32   60 0.35
  27   47 0.99
   2    2 0.73
  11   43 0.43
   9   38 0.14
  13   31 0.49
   3   34 0.70
  27   37 0.13
  22   28 0.13
  32   57 0.37
  15   22 0.74
  23   52 0.35
  19   39 0.13

  20   34 0.42
  28   37 0.76
  32   33 0.65
  23   51 0.90
  20   41 0.45
  12   34 0.48
  28   28 0.54
  33   39 0.21
  23   54 0.34
  29   42 0.35
  21   48 0.68
  22   35 0.44
   7   33 0.53
   3   11 0.87
  11   37 0.42
  22   35 0.60
  25   51 0.89
  29   58 0.19
  16   31 0.64
  19   31 0.31

  29   40 0.00
  24   54 0.06
  30   58 0.79
  24   24 0.13
  13   30 0.50
  28   52 0.20
  25   56 0.30
  17   21 0.08
  34   38 0.86
   7   15 0.13
  11   17 0.36
  16   33 0.91
  12   34 0.79
   3   16 0.37
   8   20 0.71
  30   62 0.79
  18   43 0.80
  24   28 0.64
   1   33 0.77
   1   28 0.01

   1   18 0.07
   0   14 0.16
  18   50 0.97
  27   61 0.82
  18   21 0.79
  33   65 0.92
  29   33 0.45
  30   46 0.69
  29   63 0.39
   4   21 0.22
  19   21 0.50
  27   30 0.90
  16   38 0.38
  32   51 0.27
  16   25 0.59
  16   23 0.03
  25   57 0.24
  30   52 0.73
   8    9 0.98
   4   20 0.19

  18   27 0.06
  17   20 0.74
  17   24 0.19
  29   37 0.05
  21   34 0.81
   2   30 0.40
   3   19 0.23
  23   48 0.94
  22   24 0.68
   5   16 0.97
  31   57 0.93
  25   32 0.23
  13   41 0.76
  11   32 0.04
  27   36 0.79
  12   12 0.45
   5   15 0.72
  11   24 0.55
  13   33 0.15
  28   39 0.26

  10   26 0.56
  19   20 0.43
  17   33 0.94
  31   51 0.96
   6   18 0.01
   9   16 0.77
  12   31 0.73
  28   56 0.47
   4   30 0.90
  17   18 0.22
  24   56 0.62
  15   44 0.28
  32   55 0.90
   0   14 0.86
  26   54 0.86
   1    7 0.15
  23   42 0.02
  21   34 0.01
   8   12 0.01
  26   44 0.49

  16   34 0.57
  32   38 0.38
  17   43 0.86
   5    6 0.55
  16   25 0.61
  13   24 0.48
   4   27 0.64
  31   41 0.22
   8   28 0.08
  25   31 0.05
  20   46 0.31
  25   48 0.79
  30   50 0.07
  27   42 0.41
  10   40 0.00
  18   24 0.57
  16   48 0.30
   7   28 0.31
  20   52 0.99
  17   20 0.17

  22   53 0.73
  16   47 0.43
  16   22 0.82
  33   57 0.34
   9   33 0.57
   3   33 0.12
  12   18 0.27
  30   44 0.89
  17   22 0.26
   0   14 0.87
  11   25 0.93
  27   27 0.15
  24   58 0.79
  25   57 0.80
  27   44 0.71
  11   45 0.37
  18   36 0.19
   3   32 0.15
   8   25 0.17
   2   15 0.27

   8   22 0.43
  29   48 0.70
  31   36 0.35
  23   36 0.16
  20   25 0.65
  19   35 0.25
  30   46 0.43
  21   35 0.73
  13   34 0.16
  30   42 0.63
   1   10 0.50
  32   34 0.21
  25   26 0.96
  28   53 0.59
  21   48 0.26
   0    8 0.28
   5   15 0.39
  27   56 0.45
  14   34 0.99
  25   55 0.03

   0   29 0.75
  26   43 0.47
  27   56 0.34
  33   48 0.83
   3   24 0.23
  20   53 0.42
   1   31 0.53
  19   21 0.49
  13   39 0.13
  13   22 0.54
  28   44 0.77
   2   27 0.65
  34   68 0.26
   8   23 0.09
  28   28 0.93
   4   16 0.34
   9   24 0.69
   5   38 0.51
  11   25 0.17
  18   52 0.64

  16   34 0.07
   1   18 0.10
  12   35 0.29
   4   27 0.79
  15   41 0.91
  19   37 0.11
  31   38 0.74
   5   25 0.96
  30   48 0.60
  15   35 0.45
   9   29 0.18
  31   41 0.06
  22   23 0.75
  31   36 0.12
  15   18 0.37
  12   16 0.75
   9   37 0.59
   1   28 0.49
   5   11 0.05
  10   43 0.15

