5 80 4
3   10  16  10

  29   38 0.95
   2   10 0.49
  16   24 0.94
  11   18 0.02
  23   37 0.63
  32   33 0.14
   1   31 0.89
  23   53 0.62
   5   24 0.15
  29   58 0.61
   0    2 0.39
   0    0 0.10
  16   43 0.19
   5   18 0.34
  22   35 0.23
  29   55 0.19
  23   27 0.26
   8   20 0.98
  11   34 0.39
  20   20 0.22
  12   35 0.24
   8   27 0.24
  13   32 0.13
  33   54 0.61
  31   55 0.99
  16   23 0.30
  35   45 0.91
  35   45 0.69
  14   30 0.13
  24   33 0.44
  19   21 0.34
   8   21 0.78
   0   30 0.88
  35   35 0.69
  35   40 0.10
  25   37 0.14
   6   17 0.66
  21   32 0.15
  20   30 0.64
   8   41 0.54
  23   49 0.62
  33   68 0.40
  33   64 0.88
  30   30 0.74
  23   23 0.83
  24   36 0.96
   1   13 0.80
  13   25 0.24
  22   22 0.62
  22   46 0.42
  30   34 0.81
  22   55 0.43
   8   18 0.33
  17   21 0.90
  14   36 0.33
  13   23 0.40
  32   64 0.55
  13   30 0.40
  27   33 0.57
   8   18 0.69
  14   24 0.10
   7   36 0.30
  19   54 0.08
   2    2 0.24
   2   13 0.53
  29   63 0.58
  24   31 0.39
  33   45 0.07
  26   37 0.43
  20   24 0.27
   5   15 0.86
  26   57 0.22
  18   44 0.54
  35   59 0.58
  29   41 0.20
   8   14 0.52
   6   39 0.43
  32   48 0.73
  16   38 0.99
  35   41 0.14

  28   60 0.57
  25   52 0.18
  31   65 0.55
  10   12 0.53
   7   27 0.76
   5   20 0.07
  20   29 0.80
  10   40 0.95
  35   61 0.61
  19   33 0.49
   2   19 0.05
  17   32 0.36
   6   26 0.00
  34   48 0.59
   3   26 0.74
  22   42 0.09
  14   41 0.69
  26   31 0.21
   7   14 0.20
  34   53 0.04
  33   62 0.58
   7   35 0.60
  15   49 0.88
  25   56 0.26
  18   18 0.79
  27   29 0.80
  30   45 0.10
  13   34 0.98
  25   27 0.43
   5   25 0.20
   6   16 0.24
  11   11 0.31
   0   11 0.83
  20   55 0.61
   3   16 0.86
  11   17 0.76
  19   27 0.21
   4   21 0.26
  31   59 0.47
  16   28 0.54
   6   12 0.48
  23   23 0.94
  30   64 0.79
   9   23 0.69
  33   52 0.13
  19   43 0.38
  25   30 0.51
  33   36 0.59
   5   28 0.36
  28   60 0.13
  29   36 0.94
   5   39 0.94
  33   58 0.83
  32   51 0.98
   2    8 0.18
  20   29 0.33
  14   49 0.81
  18   25 0.53
  19   21 0.03
  10   11 0.90
  27   59 0.04
  19   52 0.33
  23   30 0.74
  18   21 0.57
  24   42 0.05
  14   28 0.52
  12   29 0.25
   1   11 0.59
  33   52 0.76
   6   16 0.92
  32   59 0.37
  18   47 0.28
  22   29 0.40
  22   46 0.01
  14   29 0.56
  17   47 0.30
  33   63 0.58
  24   42 0.47
  31   48 0.32
  14   29 0.19

  11   29 0.13
  30   48 0.42
   5   18 0.29
   2   22 0.57
   3   32 0.30
  13   33 0.87
  26   44 0.39
  15   49 0.61
  20   29 0.97
  30   39 0.45
  16   19 0.38
  15   34 0.73
  13   48 0.52
  10   37 0.40
  32   55 0.21
  27   61 0.93
   7   15 0.73
   9   31 0.93
  17   47 0.29
  30   50 0.84
  21   22 0.94
  23   57 0.59
  14   44 0.39
  25   37 0.02
  27   37 0.16
   6   36 0.48
  15   46 0.08
  16   39 0.41
   0   34 0.16
  23   29 0.03
  12   14 0.00
   9   12 0.37
  12   33 0.50
  19   43 0.73
  31   66 0.28
   0   30 0.01
  27   34 0.19
  17   41 0.17
  20   54 0.95
  20   37 0.64
  30   45 0.85
   5   25 0.13
  22   26 0.56
  35   65 0.83
   4   22 0.20
  30   52 0.78
  32   65 0.55
  23   57 0.43
  16   34 0.68
   8   37 0.40
   3    3 0.81
   7   18 0.21
  27   32 0.61
   8    9 0.14
  30   47 0.56
   9   30 0.76
   9   16 0.50
  25   51 0.03
   4   11 0.42
  11   17 0.88
  35   46 0.73
  31   33 0.21
   1   31 0.13
   0   20 0.13
  20   28 0.86
  33   63 0.21
  12   31 0.27
  19   25 0.62
  29   52 0.46
  27   43 0.11
  31   65 0.83
  16   50 0.51
  25   28 0.95
  34   36 0.96
  28   59 0.65
  27   49 0.83
  13   43 0.21
   4   13 0.14
  19   24 0.41
  34   55 0.94

