4 40 8
6    4  10   2  20   4   4

   7   20 0.78
  22   49 0.07
  13   16 0.67
  14   49 0.79
   7   47 0.65
   6   38 0.54
   2    6 0.55
  28   39 0.20
   0    3 0.66
   5   24 0.58
  32   71 0.52
  25   58 0.42
  10   35 0.15
   0   37 0.91
  40   73 0.41
   2   42 0.28
  12   25 0.02
  36   71 0.30
  31   59 0.55
   3    6 0.37
  10   39 0.73
   3   40 0.61
  23   46 0.42
   6   23 0.58
  20   39 0.25
  19   32 0.69
  10   29 0.42
  15   33 0.59
   1   17 0.95
  33   54 0.05
  14   21 0.68
  15   32 0.65
   2    6 0.51
  33   57 0.45
   1   32 0.30
  31   61 0.43
  11   15 0.78
   8   37 0.12
  12   23 0.35
  33   71 0.63

   6    8 0.58
  18   38 0.85
  14   23 0.82
  11   18 0.88
  26   42 0.99
  17   55 0.00
  29   33 0.35
   4   17 0.58
  18   34 0.85
   3   16 0.40
  12   28 0.47
  14   30 0.74
   9   24 0.32
  21   28 0.84
   5   45 0.76
  34   65 0.68
  34   67 0.47
  31   47 0.71
  11   31 0.96
  12   47 0.21
  29   64 0.68
   8   40 0.67
  23   25 0.01
  25   32 0.16
  25   38 0.27
  18   43 0.77
  39   47 0.13
  34   60 0.19
  11   39 0.29
  36   58 0.10
  17   33 0.31
  32   45 0.14
  20   22 0.08
  10   13 0.40
  36   70 0.19
  34   55 0.85
  10   11 0.16
  40   71 0.21
  40   73 0.33
  13   51 0.82

  38   59 0.00
   8   48 0.43
  27   43 0.60
  18   22 0.20
   3   30 0.41
  33   42 0.64
  11   22 0.61
   0   12 0.13
   2   21 0.90
  21   25 0.41
   2   18 0.57
  31   46 0.90
   0   12 0.06
   0   26 0.91
  37   66 0.43
  26   47 0.26
  11   40 0.34
   2   38 0.38
  32   45 0.49
  32   70 0.73
  18   49 0.86
  39   53 0.76
  28   31 0.87
  16   28 0.25
   0   17 0.22
  18   20 0.83
  12   16 0.02
  39   59 0.92
  34   66 0.80
  27   34 0.55
  31   38 0.58
  35   73 0.31
   2   18 0.69
  12   50 0.00
  23   37 0.09
  19   28 0.35
  24   58 0.72
   8   30 0.95
   5   26 0.01
  20   44 0.83

  39   50 0.74
  11   49 0.50
   5   43 0.28
  28   33 0.74
  17   47 0.75
   7   24 0.70
   0    1 0.55
  19   59 0.49
  22   23 0.60
  11   45 0.85
  20   56 0.38
  24   24 0.95
  38   38 0.26
  35   63 0.39
  18   54 0.62
  21   24 0.51
   1    6 0.34
   9   13 0.60
  32   42 0.35
  32   44 0.98
  19   43 0.81
   6   18 0.48
  30   45 0.40
  16   28 0.51
  39   62 0.78
  30   50 0.26
  24   33 0.11
  18   34 0.79
  13   45 0.38
  10   46 0.11
  11   18 0.45
   4   38 0.76
  19   47 0.07
  16   31 0.54
  31   41 0.14
  13   49 0.72
   5   16 0.21
  17   48 0.63
  22   27 0.77
  13   21 0.82

   7   42 0.17
  18   56 0.57
  37   59 0.48
  17   27 0.10
   2   15 0.63
  36   48 0.30
  20   56 0.33
  12   25 0.70
   2   37 0.62
  34   34 0.41
  40   77 0.88
  13   19 0.87
   1   36 0.50
  36   57 0.47
  34   67 0.63
  35   73 0.24
  25   40 0.33
  22   60 0.90
  25   34 0.82
   4   19 0.67
  17   39 0.57
  12   15 0.12
  31   40 0.61
   9   38 0.70
   9   37 0.26
  22   33 0.65
   0   28 0.83
   4   19 0.50
  24   38 0.27
  26   40 0.02
  36   39 0.00
  14   41 0.69
  13   22 0.09
  20   59 0.82
  39   78 0.05
  25   34 0.66
  28   64 0.87
  35   41 0.54
  39   72 0.19
  28   65 0.60

   8   24 0.56
  17   49 0.13
  33   37 0.94
  34   74 0.67
  38   62 0.55
   0   35 0.32
  26   60 0.60
  25   31 0.19
  33   70 0.32
  38   60 0.79
   0   27 0.01
  33   34 0.17
  14   19 0.91
   4    6 0.00
   5    9 0.28
   7   24 0.87
  11   14 0.85
  16   48 0.80
  27   47 0.02
  35   54 0.98
  38   61 0.17
  29   37 0.19
  30   49 0.97
  11   11 0.30
  26   29 0.61
  24   47 0.76
   8   39 0.12
  20   27 0.75
   2   31 0.28
  33   37 0.82
   8   16 0.65
  25   60 0.18
  35   55 0.83
  32   47 0.49
  37   54 0.24
   5   36 0.78
   1   41 0.43
  26   61 0.56
  21   28 0.11
  15   40 0.43

