5 20 4
12    4   2  10   2   4  10   2   4  10  10   4   4

  10   10 0.54
  32   38 0.92
  23   66 0.62
  20   68 0.52
   0   20 0.75
  29   31 0.93
  22   23 0.64
  21   53 0.90
   5   25 0.79
  28   73 0.25
  30   78 0.26
  29   66 0.37
   6   42 0.21
  24   57 0.16
  28   69 0.41
  18   22 0.14
   8   44 0.62
   9   23 0.95
  26   60 0.36
  22   44 0.66

  25   55 0.69
   4   35 0.54
  22   68 0.57
  10   10 0.43
  16   60 0.84
  25   66 0.82
  18   36 0.99
  23   28 0.85
  18   65 0.28
   6   13 0.07
  24   42 0.90
  14   18 0.16
   5   14 0.21
   4   52 0.48
  15   35 0.03
  27   54 0.28
  32   50 0.34
  26   55 0.34
  10   56 0.30
   9   12 0.44

   3   17 0.54
  11   54 0.47
   7   23 0.04
  20   30 0.54
  30   43 0.47
   5   12 0.93
  30   65 0.09
  25   28 0.10
  30   64 0.74
  11   51 0.43
  29   44 0.68
  15   55 0.81
  10   15 0.52
  23   51 0.18
  31   39 0.76
  28   64 0.29
  10   50 0.51
   9   26 0.38
   7   39 0.16
  20   65 0.42

   9   51 0.76
  25   52 0.58
  16   22 0.58
  30   31 0.39
  17   59 0.60
  19   40 0.93
  31   46 0.57
  18   20 0.13
  29   68 0.13
  28   73 0.47
  11   55 0.56
  15   20 0.95
  30   77 0.43
   9   31 0.44
  15   21 0.29
   3   22 0.28
  18   25 0.67
  15   25 0.96
  30   32 0.58
  10   13 0.81

  25   29 0.95
  21   69 0.79
   3   32 0.82
   5   16 0.26
   4   22 0.98
  22   36 0.93
  17   36 0.43
   3   27 0.55
  31   60 0.85
  13   46 0.41
   9   45 0.15
   3   23 0.38
  13   16 0.71
   9   28 0.18
  23   41 0.08
  17   40 0.60
   2   21 0.33
  29   42 0.43
   2   16 0.20
  23   64 0.12

  21   57 0.41
  19   60 0.32
  20   40 0.25
  29   50 0.95
  18   21 0.16
  14   27 0.88
  13   37 0.73
  25   56 0.93
   7   22 0.70
  18   26 0.20
  16   44 0.41
  29   51 0.47
  21   46 0.13
  20   49 0.36
  31   60 0.72
  12   17 0.14
   7   38 0.73
   5   12 0.73
  22   50 0.49
   7    8 0.87

   0    7 0.03
   7    9 0.63
  22   69 0.85
  23   57 0.31
  22   54 0.87
  27   56 0.88
  29   61 0.15
  26   62 0.97
  31   44 0.55
  13   61 0.13
  29   77 0.16
  18   51 0.06
  14   33 0.17
  23   35 0.72
  22   44 0.75
  11   50 0.20
  12   13 0.00
   3   45 0.78
   2    2 0.72
  12   19 0.27

   3   39 0.50
  20   23 0.38
   4   49 0.91
   0   22 0.20
   0   48 0.05
  14   29 0.45
   5    9 0.59
   3   44 0.59
  23   56 0.72
  16   38 0.63
  11   15 0.68
  15   54 0.79
  20   36 0.04
   9   10 0.71
  18   60 0.42
  14   56 0.84
  27   53 0.38
  19   60 0.15
  11   41 0.32
   7   39 0.88

  27   29 0.63
   2   24 0.51
  27   66 0.29
  26   44 0.13
   6   35 0.73
   5   50 0.67
  31   58 0.80
  12   36 0.07
  10   13 0.04
   9   17 0.86
  28   74 0.21
   3   36 0.81
  14   38 0.74
  31   45 0.41
   1   16 0.82
   6   36 0.36
  24   33 0.98
  29   76 0.39
  25   41 0.91
  24   62 0.83

  21   39 0.68
   4    9 0.90
  11   19 0.14
  25   58 0.13
  17   46 0.08
   2   35 0.02
  14   40 0.30
  21   46 0.01
  16   24 0.08
  31   50 0.68
   7   34 0.91
   8   32 0.67
  30   33 0.75
  15   60 0.06
  16   61 0.74
  20   34 0.59
   5   27 0.82
  31   72 0.98
  21   51 0.97
  18   63 0.78

  27   40 0.59
  21   49 0.13
  10   41 0.13
  18   60 0.10
  16   62 0.07
   0    8 0.70
   6   34 0.34
  24   27 0.56
  12   48 0.73
  14   38 0.81
   2   33 0.48
   4   40 0.16
   7   11 0.31
  22   35 0.92
   8   51 0.16
   6   13 0.56
  31   53 0.56
  14   22 0.23
   0   13 0.21
   4   48 0.25

  17   20 0.79
  14   50 0.59
  13   31 0.35
   6   33 0.53
  31   77 0.70
  30   46 0.58
  29   64 0.24
  14   25 0.46
  14   35 0.83
   9   50 0.65
  23   30 0.26
   7   24 0.14
  30   74 0.81
  16   41 0.91
  13   32 0.00
  24   54 0.16
  16   26 0.87
  14   18 0.44
  11   33 0.17
  30   45 0.94

