5 30 4
6    2   4   2   4  20   2

  12   13 0.00
   9   17 0.64
  24   34 0.67
  11   14 0.95
  15   25 0.49
  16   18 0.60
  21   23 0.01
  13   21 0.80
   3    3 0.75
  11   20 0.10
  22   33 0.44
  12   20 0.41
  24   34 0.98
  11   13 0.64
  10   12 0.59
   6   13 0.35
  16   19 0.93
  20   31 0.81
   0    4 0.41
  17   23 0.39
  23   27 0.40
  16   16 0.36
  12   15 0.46
   5   13 0.69
   7   12 0.38
  13   23 0.74
  18   20 0.09
  16   22 0.97
   8    9 0.45
  15   21 0.39

   4    6 0.22
  18   29 0.93
   1    4 0.80
   9   13 0.00
   8   18 0.41
  22   26 0.61
   9   16 0.21
   3    4 0.35
  12   23 0.14
   4    6 0.96
  13   13 0.43
  22   32 0.89
  19   25 0.63
   9    9 0.97
   5    5 0.13
   5   11 0.76
   7    9 0.88
   6   16 0.65
  13   17 0.92
  12   14 0.71
  12   12 0.25
  10   20 0.69
   5   14 0.62
  19   30 0.06
  11   14 0.13
  11   14 0.06
  12   12 0.36
   4    5 0.41
  18   26 0.85
   4   12 0.56

  13   21 0.94
   7    9 0.26
   4   12 0.35
   2   12 0.72
  24   26 0.96
  14   15 0.58
   3    8 0.56
  16   25 0.50
   7   11 0.31
   5   12 0.68
  12   22 0.69
  14   17 0.85
  22   25 0.72
  22   28 0.71
  24   24 0.13
   7    9 0.32
  20   26 0.81
  22   26 0.27
  11   15 0.51
  14   21 0.06
  15   22 0.71
   6   12 0.16
   5   12 0.70
  23   29 0.29
   2    6 0.31
  15   18 0.31
   8    9 0.00
  15   16 0.77
   6    7 0.88
   0   11 0.25

  17   23 0.76
  15   19 0.82
  14   23 0.03
   9   17 0.20
   8    8 0.62
  11   14 0.46
   5   11 0.04
   3    5 0.19
   2   11 0.81
  12   18 0.60
  17   18 0.37
  23   32 0.54
  24   33 0.55
  12   15 0.39
  20   25 0.92
  24   28 0.42
  22   25 0.32
   2    8 0.52
  23   29 0.66
   4    8 0.70
  11   16 0.12
  15   24 0.10
  22   28 0.02
  13   20 0.79
  15   26 0.21
  18   25 0.07
  15   19 0.99
   3   13 0.28
   2    2 0.48
  11   17 0.68

  23   32 0.90
  17   21 0.45
  18   21 0.75
  22   32 0.56
   1    4 0.18
  23   23 0.53
   5    5 0.64
  14   15 0.14
   5   11 0.28
  19   20 0.66
  12   20 0.36
  23   23 0.71
   0    1 0.17
  15   22 0.05
  17   26 0.67
   2    9 0.10
  22   27 0.02
  23   24 0.58
  12   22 0.69
  20   28 0.43
  19   23 0.92
  23   33 0.12
   8   13 0.68
  16   17 0.57
  10   19 0.69
   5    6 0.96
   6   16 0.01
  12   12 0.71
   1   12 0.06
   1   10 0.39

  19   27 0.01
  12   23 0.92
  13   20 0.81
  13   16 0.26
  13   14 0.90
   5    8 0.02
  13   15 0.73
   2   12 0.74
   1    4 0.36
   6   14 0.05
   8   11 0.40
   1    5 0.52
  22   27 0.52
  24   30 0.05
   6   15 0.41
   1    2 0.21
  12   22 0.26
  13   20 0.42
  22   29 0.42
   3   12 0.41
  10   11 0.91
  14   15 0.33
   1    5 0.40
  19   29 0.78
  12   20 0.79
  17   22 0.86
   5   10 0.92
   3    3 0.72
  24   27 0.87
   2    3 0.33

