3 50 4
6    4   4  16  20  10  20

  87  117 0.58
  36   68 0.59
  22   66 0.84
 121  140 0.23
  38   64 0.29
 167  201 0.92
 118  171 0.65
 183  252 0.01
 103  141 0.57
 146  221 0.18
   9   38 0.17
  94  102 0.67
 226  238 0.68
  19   91 0.37
 132  132 0.41
 180  191 0.66
 111  151 0.91
  93  144 0.45
 204  248 0.97
  20   85 0.16
 167  233 0.84
 155  187 0.26
 147  204 0.48
 136  172 0.78
 180  235 0.16
  10   36 0.91
  28   98 0.07
 224  241 0.59
 140  143 0.38
 187  252 0.30
 143  209 0.19
  56   76 0.40
  64  131 0.61
 105  178 0.93
 137  143 0.41
 160  208 0.74
 191  251 0.09
 168  192 0.30
 107  136 0.54
  77  153 0.54
 149  158 0.76
 189  219 0.88
 107  170 0.88
  49   96 0.15
 220  277 0.95
  96  110 0.72
  36   90 0.12
 115  158 0.12
  53  105 0.31
 100  136 0.40

  32  107 0.56
 129  174 0.03
  26   94 0.49
 207  223 0.39
 221  229 0.23
  89  115 0.22
  78  118 0.52
 105  152 0.54
 129  149 0.94
  95  135 0.76
  91  159 0.09
  55  103 0.99
 215  233 0.46
  69   74 0.63
  13   27 0.43
 170  175 0.87
 211  278 0.08
 133  161 0.56
  84  133 0.94
 133  193 0.60
 147  182 0.80
  15   72 0.75
   0   35 0.22
 106  158 0.92
  82  115 0.98
 207  244 0.73
  14   28 0.16
  69  117 0.16
 156  189 0.05
 197  206 0.95
  40   61 0.55
  74  114 0.88
  41  102 0.69
 107  173 0.83
  64  123 0.82
 190  249 0.92
 226  273 0.18
  15   55 0.41
  15   21 0.98
  40   98 0.87
 138  165 0.70
 133  176 0.14
 169  225 0.22
  59  103 0.46
  31   44 0.71
  88  106 0.44
 182  219 0.79
 224  254 0.67
  51   96 0.49
 200  241 0.51

 186  227 0.78
 177  223 0.42
  66   82 0.95
 207  211 0.59
 151  219 0.34
 105  137 0.52
  39   77 0.92
  22   41 0.34
 174  192 0.39
  64   92 0.78
 200  214 0.29
  24   97 0.11
 182  227 0.19
 128  197 0.09
  32   83 0.04
 115  159 0.35
  77  150 0.71
 136  208 0.85
 106  182 0.03
 155  191 0.39
 168  240 0.62
 190  238 0.90
  32   36 0.29
 177  182 0.51
 217  242 0.56
  62   88 0.34
 125  147 0.64
 120  129 0.06
  19   30 0.07
 136  180 0.83
   6    6 0.36
  27   74 0.38
  47   94 0.45
  16   70 0.11
  51   75 0.12
 127  201 0.86
  35   38 0.25
   2   13 0.46
 125  183 0.59
  40   51 0.57
  48   58 0.83
   5   75 0.11
  40   55 0.12
 178  189 0.76
  51   56 0.76
  20   76 0.23
  76  131 0.69
 183  230 0.76
  97  161 0.55
 102  121 0.57

 163  220 0.33
  35   43 0.45
  77  134 0.53
 181  223 0.93
   0   69 0.48
  95  112 0.67
  80  122 0.76
 210  230 0.72
 200  268 0.16
 191  217 0.25
  10   32 0.31
 151  167 0.84
   9   53 0.81
 206  241 0.34
 179  195 0.92
 180  200 0.49
 124  126 0.65
 188  199 0.28
 225  295 0.66
 120  189 0.51
  78  103 0.57
 180  209 0.75
 211  260 0.88
 167  168 0.41
 202  265 0.43
  30   30 0.95
 131  142 0.82
  46   96 0.37
 100  141 0.48
 176  250 0.89
 226  295 0.23
 201  201 0.97
 168  200 0.56
  97  130 0.34
 228  253 0.79
  75  136 0.82
 147  155 0.40
  52   81 0.08
 172  177 0.62
  87  109 0.12
 121  193 0.43
  77   86 0.30
 208  282 0.20
  88  118 0.46
  39   74 0.40
 172  229 0.26
  12   17 0.31
 104  163 0.14
 105  170 0.47
 224  279 0.38

 226  239 0.02
 134  191 0.02
 171  196 0.87
   0   38 0.50
 190  202 0.07
  32   69 0.45
 189  241 0.64
  61  126 0.88
  37   61 0.21
 218  234 0.92
   5    8 0.97
 127  191 0.98
 110  173 0.78
  48   70 0.69
  88  114 0.76
  33   42 0.38
  38   58 0.47
  14   59 0.42
  63   65 0.27
 153  198 0.60
 218  286 0.41
  90  115 0.50
 180  189 0.17
 204  228 0.36
  56  125 0.78
 144  199 0.36
  89  160 0.38
 224  298 0.38
 133  133 0.21
 108  130 0.11
   6   69 0.75
 224  267 0.23
  30   61 0.69
  20   73 0.33
 200  210 0.26
 113  140 0.24
 173  177 0.12
  59   99 0.74
  90  128 0.13
 108  166 0.97
  99  145 0.12
  89   90 0.92
  40   56 0.49
 102  125 0.91
 158  201 0.05
 204  233 0.17
  18   94 0.21
  57   94 0.10
 104  145 0.62
 210  266 0.21

 142  164 0.03
  70   94 0.46
  16   81 0.89
 149  214 0.93
 137  156 0.70
 154  205 0.79
  42   91 0.04
 126  145 0.24
  69   74 0.41
  65  119 0.95
  48  109 0.74
 204  223 0.87
  38  102 0.23
 223  231 0.47
 110  179 0.38
 130  184 0.66
  70  122 0.89
 209  262 0.01
 225  284 0.19
 142  144 0.94
 159  171 0.80
 159  177 0.20
  41   91 0.71
  50   98 0.29
 201  261 0.74
  33  101 0.01
  91  113 0.40
 203  221 0.29
 214  288 0.11
  96  120 0.21
  84  152 0.27
  62  137 0.23
 101  148 0.70
 140  202 0.55
  25   58 0.67
  22   29 0.30
  46   66 0.54
  21   91 0.47
  51   62 0.99
 217  217 0.32
 193  260 0.94
 124  165 0.96
 222  264 0.84
   5   27 0.72
  76  100 0.89
 142  212 0.22
 102  163 0.82
 230  289 0.95
  99  120 0.63
 214  234 0.23

