4 30 4
6    2  16  16  10  10  10

  29   51 0.08
  14   29 0.89
  45   64 0.71
   5   31 0.02
  72   81 0.30
  67   76 0.60
  71   81 0.89
  16   25 0.47
  82   95 0.93
  45   52 0.44
  74   85 0.70
  84  108 0.30
  83   87 0.67
  53   56 0.62
  55   69 0.06
  62   70 0.97
  55   63 0.33
  33   43 0.25
  53   57 0.55
  41   43 0.34
  80   87 0.18
  62   67 0.11
   1   12 0.59
  58   79 0.09
  89   99 0.49
  69   98 0.77
  40   63 0.40
   4   31 0.67
  74   82 0.79
   7   24 0.07

  88  110 0.11
  83   83 0.82
  19   46 0.16
  25   30 0.04
  56   82 0.33
  79   93 0.02
  31   56 0.71
   2   21 0.99
  34   57 0.43
  26   35 0.99
  24   34 0.21
  20   30 0.15
  29   32 0.57
  42   64 0.40
  80   91 0.27
  16   32 0.56
  82  107 0.50
  77   88 0.73
  37   57 0.95
   6    7 0.89
  61   63 0.70
  16   44 0.64
  26   49 0.49
  64   93 0.44
  15   41 0.13
  32   48 0.73
  58   58 0.49
  35   52 0.73
  67   81 0.78
  62   75 0.94

  84   98 0.51
  59   74 0.98
  52   64 0.18
  30   34 0.61
  51   53 0.06
  30   59 0.79
  26   30 0.43
  85   87 0.09
  18   37 0.22
  58   79 0.61
  23   44 0.95
  53   59 0.38
   6   15 0.60
  48   52 0.40
  27   39 0.54
  18   35 0.24
  88  114 0.10
  18   37 0.02
  66   83 0.19
  48   57 0.13
  61   77 0.71
  34   59 0.61
  61   77 0.33
   0   11 0.70
   1   30 0.52
   5   28 0.89
  43   56 0.09
  51   57 0.04
  37   37 0.13
  44   48 0.74

   4   22 0.26
  69   70 0.68
   0   12 0.19
  86   91 0.31
  10   31 0.98
   3    4 0.96
  46   64 0.86
  54   83 0.71
  30   49 0.36
  10   23 0.87
  62   80 0.61
  75   76 0.38
  81   86 0.42
  20   27 0.72
  76  105 0.99
  85   99 0.88
  21   27 0.04
  49   57 0.26
  31   34 0.84
  39   53 0.30
  48   64 0.20
  89  100 0.94
  52   61 0.41
  19   26 0.02
  52   64 0.67
  10   18 0.88
  10   12 0.25
  46   66 0.49
  75   90 0.76
  48   68 0.90

   7   15 0.81
  17   27 0.70
  35   46 0.32
  88  109 0.52
  23   30 0.78
  54   59 0.56
  62   66 0.71
  51   73 0.97
  10   13 0.04
  50   78 0.75
  24   36 0.93
  68   78 0.78
  89  106 0.61
  24   42 0.43
  54   69 0.75
  64   87 0.04
  12   34 0.66
  23   48 0.02
  34   59 0.63
  54   80 0.69
  25   32 0.06
  43   55 0.20
  89  104 0.94
  71   79 0.88
  12   22 0.21
  69   98 0.07
  57   65 0.45
   7    8 0.97
  72   94 0.15
  42   45 0.12

  88   92 0.74
  88  116 0.47
  84   96 0.37
   5   18 0.83
  30   42 0.28
  44   60 0.61
  72   76 0.11
  69   72 0.47
   9   22 0.60
  57   75 0.98
  35   40 0.16
   3   14 0.87
  49   52 0.13
  70   82 0.69
   4   21 0.14
  54   67 0.07
  56   70 0.23
  83  102 0.63
  33   48 0.98
  66   68 0.90
  72   96 0.04
  60   71 0.22
  60   86 0.18
   5    6 0.02
  38   42 0.76
  82  101 0.94
  21   27 0.71
  40   53 0.09
  55   63 0.90
  72  101 0.91

