5 25 4
12    4  10  10  16   2  16  16  20  20   2  16   2

  17  141 0.32
  66   82 0.09
  17   19 0.48
  48   64 0.47
  22   22 0.99
  27  149 0.32
  67  185 0.34
  21  145 0.52
  11   89 0.58
  37  144 0.48
  48  110 0.40
  32  129 0.17
  12  121 0.43
  66   90 0.07
  67  119 0.25
  13  113 0.40
  63   82 0.16
  46   78 0.20
  30  147 0.72
  12   47 0.13
  33  107 0.55
  22   33 0.82
   9  100 0.24
   9  113 0.55
  28  137 0.42

  36  150 0.22
  16   52 0.74
  49   89 0.68
   9   21 0.82
  41   66 0.41
  63  106 0.05
  56  158 0.58
  32   75 0.75
  76   90 0.10
  32  115 0.03
  16  124 0.84
  17   41 0.89
  71  187 0.48
  24   83 0.48
  74   94 0.45
  46   51 0.70
  26   74 0.58
  44  104 0.04
  71   91 0.60
   3   66 0.28
  82  198 0.47
  70  137 0.77
  14   45 0.43
  79   99 0.96
  64   68 0.92

  19  133 0.11
  66  115 0.70
  76  105 0.92
  26   27 0.48
  25   59 0.31
  43   72 0.39
  60   81 0.45
  18  129 0.15
  18   18 0.65
  55  147 0.82
  21   80 0.81
   4   96 0.98
  34  124 0.92
  58  174 0.44
  20   42 0.83
  56  110 0.55
  19   45 0.43
  80   81 0.14
  79  157 0.79
  18  110 0.11
  16   75 0.14
  59   89 0.72
  35   58 0.56
  12  110 0.51
  80  175 0.63

  55  124 0.59
  18   76 0.75
  24   41 0.68
  74  183 0.10
  58  147 0.98
   0  100 0.98
  10   35 0.65
  76  115 0.10
  42  164 0.24
  77  189 0.73
  32  131 0.42
  66  188 0.73
  80  167 0.33
  75  101 0.97
  72   77 0.86
  33  124 0.30
  28  100 0.16
  41  162 0.66
  30  106 0.57
  50   83 0.53
  57  178 0.69
  62  185 0.89
  47  145 0.05
  75  105 0.79
  42   85 0.07

  78  122 0.66
  76  124 0.34
  64  188 0.08
  21   91 0.11
  81   83 0.90
  78  131 0.75
  65  105 0.77
  39   98 0.46
   6   99 0.80
  52  121 0.06
  17   76 0.97
   0   66 0.51
  75  147 0.78
  56  163 0.46
  77  129 0.18
   9  122 0.45
  52  156 0.31
  54   55 0.64
   5   12 0.96
  56   92 0.92
  68  111 0.43
  44  159 0.48
  48  146 0.46
   9   59 0.86
  48   85 0.14

  32   40 0.93
  48  169 0.85
  29   37 0.09
  65  174 0.76
  79  126 0.51
  38   74 0.57
  53  161 0.66
  47  117 0.16
   0   89 0.08
  78   96 0.13
  54  170 0.68
   1   93 0.99
  80  121 0.77
  44   57 0.33
  10   41 0.89
  43  119 0.40
  64  107 0.46
  37   54 0.54
  38  132 0.44
  38  137 0.78
  41  130 0.79
   1    6 0.39
  50  143 0.44
  31   70 0.33
  15   37 0.33

  38  134 0.22
  71  188 0.00
  24  134 0.89
  37   71 0.49
  80  172 0.45
  16   18 0.52
  48  121 0.07
  12  125 0.35
  54  145 0.89
  52  113 0.00
  18   40 0.80
   8   45 0.54
  28  102 0.11
  31  132 0.39
  78   78 0.68
  28   39 0.78
  39   64 0.26
  17  140 0.01
  21   60 0.27
  51   83 0.70
  32   53 0.13
  40  131 0.32
  68   75 0.86
  49  149 0.24
  78  184 0.09

  73  111 0.03
  31  150 0.64
  67  116 0.06
  62   72 0.09
  82   96 0.01
  72  143 0.83
  43   72 0.18
  12  133 0.88
  60   63 0.97
  43   47 0.58
  27   85 0.68
   8  111 0.23
  38   93 0.10
  44   92 0.96
  62  173 0.59
  11   49 0.52
  33  136 0.98
  82  172 0.26
  10   95 0.06
  21   95 0.42
   7  121 0.78
  60  166 0.59
  28   29 0.36
  29   31 0.55
  68   83 0.32

  12   74 0.43
  45  102 0.98
  61   89 0.27
  81  150 0.95
  45   87 0.55
  21   60 0.55
  53   75 0.02
  41  129 0.50
  39   64 0.20
  40   58 0.01
  79  133 0.23
  37  128 0.76
  26  133 0.90
  23   52 0.66
  12  117 0.74
  39  120 0.11
  70  187 0.90
  48   91 0.82
  39  125 0.71
  76  175 0.65
  66  167 0.02
  34   57 0.88
  34  100 0.69
  13   42 0.87
  70  155 0.89

   5   44 0.94
  78  169 0.78
  28   65 0.11
  42  147 0.99
  39  157 0.57
  67  167 0.84
  80  135 0.67
  24   72 0.98
  59   69 0.40
   3   16 0.80
  36   37 0.02
  70   88 0.53
  68  153 0.72
  27   47 0.16
  54   59 0.96
  63   67 0.12
  74  158 0.36
  40  135 0.75
  27   93 0.33
  57   73 0.97
  33   59 0.78
  74  111 0.04
   6  123 0.99
  61  145 0.50
  40  121 0.34

  21   45 0.43
  16  103 0.63
   5   20 0.83
  35   48 0.62
  57   66 0.79
  82  192 0.71
   1  110 0.65
  70  159 0.74
  64   75 0.39
   9   28 0.74
   1  109 0.99
  25  103 0.61
  59   84 0.12
  27  107 0.40
  70  144 0.97
  12  124 0.36
  16   88 0.71
  37  151 0.86
  63  154 0.22
  16   86 0.90
   3    5 0.17
  12   66 0.09
  62   80 0.34
  42  119 0.84
  53  162 0.15

   0  104 0.44
  23   83 0.84
  56  131 0.02
  74  110 0.13
  41   61 0.03
  15   24 0.17
  20  115 0.01
  55  149 0.85
  56   91 0.57
  81  118 0.66
  13   20 0.38
  67  134 0.35
  28   94 0.15
   8   47 0.07
  38  149 0.04
  47   50 0.77
  63   88 0.75
  27  110 0.44
   7   34 0.58
  13   70 0.81
  31  140 0.74
  21   28 0.66
  14   71 0.31
  24   38 0.30
  19   39 0.53

