5 20 4
12   10  20   2   2  16   4   2  10  10  16   2  16

  17   53 0.95
  64  109 0.43
  68  147 0.08
  76   78 0.45
  40  113 0.01
  70  147 0.48
  56  119 0.71
  19   47 0.52
  47  100 0.17
  66   83 0.39
  59  108 0.30
  72   92 0.46
  32   37 0.41
  50   80 0.72
  16   70 0.66
  28  105 0.13
  15   82 0.16
  71   83 0.69
  45  106 0.92
  44   88 0.40

  81   85 0.96
   4   49 0.23
   0   38 0.59
  79  138 0.91
  54   92 0.08
  80   91 0.69
  15   33 0.37
  22   39 0.87
  77   77 0.81
  63   79 0.51
  21   77 0.10
   8   34 0.29
  54   98 0.46
  41   70 0.51
  70  117 0.98
   1   41 0.04
  61  124 0.82
  50  106 0.43
  54   99 0.98
  75  110 0.88

  71   83 0.09
  60   77 0.82
   6   71 0.49
  36   61 0.68
  38   43 0.06
  59   60 0.03
  19   51 0.60
  25   80 0.24
  49   93 0.79
   9   25 0.54
  33   99 0.67
  72  101 0.88
  12   93 0.74
  63  137 0.11
  14   67 0.77
  35   70 0.29
  30   50 0.83
  68  136 0.44
  49   58 0.09
  53  109 0.82

  24   34 0.62
  14   19 0.35
  12   36 0.38
  14   51 0.88
  13   72 0.63
  35   57 0.83
  76   89 0.61
  75  146 0.64
   4   58 0.87
  34   80 0.37
  60   93 0.13
  32  109 0.53
  77  155 0.53
  37   77 0.07
  10   28 0.12
  51   62 0.82
  72   87 0.73
  25   57 0.16
  10   50 0.84
  71  148 0.94

  15   32 0.92
  62   92 0.83
  27   30 0.55
  75   79 0.99
  43   45 0.28
  66   66 0.74
  74   95 0.70
  15   53 0.55
  24   91 0.66
  72  123 0.53
  64   66 0.56
  14   65 0.48
  42   45 0.65
  23   47 0.76
   7   34 0.51
  72  135 0.38
  52   61 0.85
  51   83 0.15
  24   48 0.16
  72  108 0.55

  55  105 0.12
  78  149 0.51
  57  117 0.84
  68  121 0.83
  37  100 0.76
  10   12 0.62
  43  122 0.97
  53   55 0.32
  42   69 0.18
   0   12 0.75
  49   52 0.53
  80   92 0.43
  68  141 0.86
  16   36 0.53
  44   46 0.35
   8   23 0.68
  37  111 0.55
  21   46 0.89
  45   63 0.12
  24   54 0.50

  20   47 0.32
  18   46 0.81
  50   70 0.70
   0   51 0.51
  57  120 0.19
  75  131 0.46
  75  124 0.23
   8   15 0.28
  58   68 0.36
  65  104 0.60
  11   47 0.08
  62   84 0.44
  47   81 0.22
  72  123 0.89
  67  144 0.90
  45   70 0.70
  61   67 0.31
  32   37 0.28
  65  108 0.77
  20   54 0.02

   7   55 0.18
  55   88 0.91
  50   64 0.96
  77  150 0.47
  56   90 0.77
  71  137 0.24
  21   76 0.21
  49   61 0.35
  11   84 0.54
  19   81 0.51
   3   72 0.53
  78  117 0.55
  26   40 0.73
  80  101 0.71
  30  104 0.06
  22   74 0.59
   4   39 0.18
  46  101 0.62
   3   49 0.68
  29  110 0.28

   7   85 0.25
  23   59 0.94
   8   31 0.77
  53  120 0.07
  53   53 0.84
  46   87 0.02
  58  128 0.88
   0   68 0.62
   6   29 0.16
  55  132 0.53
  59   79 0.20
  75   86 0.80
  53   67 0.56
  17   96 0.89
  52   72 0.17
  66  145 0.42
   0   56 0.69
  49   81 0.87
  72  127 0.47
  44   64 0.79

   7   86 0.29
  25  106 0.37
  53   95 0.90
  55  131 0.93
   6   51 0.01
  61   75 0.72
  40   53 0.46
  19   66 0.82
  51   62 0.96
  77   98 0.60
   6   44 0.51
  64   68 0.04
  63  102 0.51
  56   87 0.56
  44   72 0.91
   5   29 0.96
  33  101 0.71
  63  120 0.23
  46  127 0.14
  80  143 0.99

  42  118 0.94
  73  114 0.48
   0   24 0.90
  22   76 0.66
  74   75 0.48
  60  104 0.81
  65  119 0.68
  77   88 0.84
  77   93 0.55
  60  125 0.98
  14   93 0.78
  31   35 0.90
  40   46 0.52
  52  127 0.71
  57   75 0.31
  59   96 0.83
  49   94 0.17
  43   89 0.27
  65  130 0.32
  36  101 0.05

  32   87 0.89
  65   85 0.55
  67  104 0.75
  68  121 0.74
  68  114 0.62
  49   96 0.55
  54  118 0.13
  36   81 0.67
  72  145 0.89
  10   30 0.03
  79   84 0.80
  33   50 0.77
  74  147 0.34
  30   65 0.89
  18   60 0.42
  71  102 0.64
   4    4 0.50
  35  109 0.54
  81   83 0.44
   5   18 0.57

