5 50 4
6   10   2  16  10   4  10

   9   21 0.73
  14   18 0.35
   6   18 0.08
  52   71 0.10
  48   57 0.48
  56   87 0.58
   2   17 0.34
  49   63 0.30
  52   76 0.64
  41   59 0.08
  63   82 0.73
   8   27 0.95
  17   30 0.92
  38   67 0.68
  26   30 0.26
  38   67 0.13
  61   64 0.43
  36   50 0.30
  19   25 0.62
  17   23 0.66
  62   78 0.39
  50   61 0.30
  57   79 0.11
  49   62 0.18
  49   62 0.26
  30   30 0.04
  51   53 0.17
  45   51 0.48
  32   37 0.10
  43   53 0.31
   6   12 0.40
  46   48 0.29
  18   45 0.12
  63   67 0.97
  38   47 0.61
  35   66 0.56
   5    7 0.08
  36   53 0.35
   1   25 0.48
  38   56 0.48
  35   58 0.62
  51   62 0.50
  60   62 0.24
  64   83 0.96
  50   52 0.40
   8   19 0.73
  54   74 0.77
  62   72 0.17
   0   14 0.35
   2   27 0.68

  41   62 0.74
  31   55 0.59
   2    7 0.12
  17   39 0.29
  52   57 0.04
  47   55 0.37
   8   23 0.29
  29   36 0.85
   5   23 0.69
  27   49 0.87
  62   74 0.63
  51   55 0.57
  50   77 0.25
   3    3 0.25
  33   49 0.65
  37   37 0.17
  26   35 0.01
  54   65 0.50
  58   58 0.24
  38   65 0.29
  25   36 0.69
  31   56 0.14
  46   57 0.28
  49   55 0.83
  32   50 0.20
   1   10 0.44
  39   49 0.84
  14   36 0.37
  53   65 0.41
  38   53 0.31
  15   42 0.14
  52   65 0.16
  48   52 0.65
  49   70 0.21
  45   71 0.98
   5    9 0.40
   1   27 0.34
  31   48 0.00
  14   15 0.15
  38   66 0.09
   5    5 0.06
  45   53 0.17
  41   44 0.82
  50   56 0.49
  39   60 0.89
  53   55 0.79
  37   41 0.03
  36   53 0.87
  34   39 0.84
  34   50 0.39

   0   27 0.45
  31   51 0.04
  59   60 0.67
  59   85 0.44
  50   60 0.34
  17   45 0.41
   4   31 0.24
  64   77 0.43
   0   29 0.73
  56   79 0.56
  53   58 0.41
  47   51 0.19
  52   54 0.58
   2    3 0.90
  57   68 0.14
  51   73 0.25
  19   27 0.96
  56   70 0.92
   6   20 0.47
  26   26 0.28
  64   92 0.86
   7   31 0.17
  28   31 0.73
  21   41 0.55
  24   24 0.52
  31   42 0.81
  35   46 0.10
  35   36 0.44
   4   17 0.51
  36   50 0.11
  52   73 0.82
  11   15 0.52
  12   23 0.82
  50   70 0.56
  35   52 0.28
  23   37 0.63
  55   69 0.71
  48   52 0.34
  43   65 0.58
  34   57 0.50
  43   62 0.94
  49   54 0.18
   9   32 0.69
   3    6 0.86
  35   62 0.68
  38   51 0.18
  22   23 0.27
   6   25 0.94
  43   51 0.67
   4   15 0.14

  40   65 0.57
  61   76 0.76
   3   25 0.87
  33   51 0.25
  34   54 0.32
  45   63 0.33
  56   85 0.57
  44   52 0.91
  30   52 0.03
  24   45 0.03
  17   21 0.80
  37   53 0.41
  44   59 0.32
  30   30 0.43
  53   61 0.84
  50   70 0.72
   2   22 0.35
  52   65 0.94
  11   24 0.75
  21   43 0.18
  52   79 0.97
   2   33 0.75
  33   37 0.93
  50   74 0.06
  64   89 0.61
  21   24 0.35
  17   48 0.87
   6   15 0.35
   1   32 0.67
  63   67 0.05
  47   63 0.74
  26   45 0.87
  58   76 0.58
   0   20 0.04
  44   53 0.49
  47   49 0.93
  30   40 0.40
   0   25 0.37
  39   55 0.12
  58   81 0.08
  36   50 0.88
   6   28 0.16
  19   21 0.11
  60   73 0.00
  41   55 0.24
  14   41 0.15
  56   66 0.27
   6   17 0.06
  19   20 0.51
   8   23 0.02

  17   18 0.35
  59   70 0.63
   6    7 0.09
  24   52 0.17
  17   25 0.54
  16   25 0.98
  10   14 0.61
  21   48 0.74
  21   25 0.11
  53   67 0.95
  43   71 0.86
  29   29 0.56
  62   88 0.78
  64   95 0.62
  55   72 0.13
  24   33 0.13
   9   21 0.82
  38   39 0.64
   0   30 0.78
  17   19 0.41
  60   79 0.98
  17   32 0.91
   2   12 0.29
  25   53 0.75
  64   93 0.47
  53   84 0.29
  29   37 0.72
  35   50 0.24
  30   39 0.54
  50   67 0.32
  29   46 0.46
   2   14 0.49
  52   53 0.55
  13   38 0.11
  58   58 0.86
  39   46 0.21
  49   72 0.58
   9   23 0.68
  12   27 0.17
  56   60 0.83
  56   59 0.54
   0   19 0.88
  34   51 0.28
  16   17 0.65
  36   65 0.06
  16   21 0.82
  24   39 0.30
  25   29 0.98
  15   37 0.14
  36   42 0.88

  56   63 0.80
   4    9 0.04
  41   69 0.62
   0    9 0.30
   5    7 0.62
  57   87 0.45
  51   65 0.09
  25   55 0.44
   4   26 0.14
  57   75 0.15
  16   45 0.78
  64   95 0.27
  58   86 0.95
  51   78 0.05
  62   66 0.50
  27   54 0.24
  59   77 0.44
  12   36 0.61
   7   16 0.85
  34   35 0.85
  23   42 0.21
   6   28 0.43
   0   21 0.74
  15   32 0.55
  53   74 0.61
  56   85 0.36
  45   61 0.15
  41   41 0.50
  58   62 0.89
  22   51 0.31
  43   44 0.22
  62   71 0.27
  17   47 0.76
   4   30 0.74
  32   37 0.53
  42   70 0.71
   8   24 0.67
  33   55 0.57
   0   14 0.29
  10   10 0.41
   9   24 0.16
  53   82 0.51
  26   56 0.02
  12   23 0.91
  22   47 0.82
  34   55 0.74
  44   48 0.25
   5   11 0.32
  64   76 0.55
  37   44 0.92

