3 50 8
6   16  20  10   4  16   4

   3   20 0.70
   7   23 0.72
  11   38 0.05
  10   41 0.20
  21   39 0.58
   4   23 0.42
   2   26 0.02
  33   34 0.71
   1    7 0.10
  31   53 0.37
   0   23 0.39
  35   58 0.50
  13   44 0.54
  18   32 0.81
  10   14 0.84
  16   37 0.69
  33   47 0.68
   2   35 0.11
  25   31 0.79
  11   31 0.13
  27   30 0.64
  32   39 0.10
  28   36 0.16
  27   37 0.50
  34   36 0.04
   1   35 0.46
  25   58 0.76
  33   43 0.55
  20   28 0.66
  17   39 0.00
  22   51 0.88
  12   29 0.59
   3   13 0.84
  28   56 0.82
  29   59 0.31
   5   34 0.70
  10   19 0.67
  12   41 0.41
   6   34 0.93
  16   42 0.23
  12   17 0.00
  10   11 0.73
   9   13 0.38
  27   62 0.79
  18   24 0.87
  15   31 0.11
  21   51 0.27
  34   48 0.32
   1   29 0.17
  34   44 0.17

   7   33 0.04
   3   34 0.20
   9   35 0.04
  11   38 0.18
  17   38 0.74
  27   40 0.52
  32   62 0.84
   1   10 0.12
   8   19 0.01
   5   38 0.93
  25   39 0.29
   0   33 0.54
   5   36 0.68
   2   29 0.52
   1   31 0.07
  29   31 0.46
  29   34 0.24
  32   39 0.76
  32   61 0.09
   7   15 0.91
  23   27 0.00
   3   36 0.13
  35   45 0.81
  26   35 0.35
   2   10 0.03
  17   36 0.87
   5   25 0.63
  25   59 0.39
   9   11 0.71
  30   61 0.53
  35   39 0.96
  20   21 0.83
  34   52 0.76
  20   28 0.31
  32   42 0.78
  23   55 0.57
  31   31 0.54
  15   32 0.16
   2   28 0.89
   3   28 0.08
   0   11 0.64
   3   16 0.21
   9   40 0.64
  35   67 0.70
  10   36 0.49
  25   50 0.98
   9   18 0.72
  32   52 0.53
  17   45 0.69
  24   50 0.78

  10   25 0.12
  20   50 0.13
  20   46 0.28
  18   43 0.90
   6   33 0.51
   3    9 0.79
  17   47 0.10
  26   46 0.49
   4   10 0.10
  15   47 0.33
   8   42 0.83
  15   46 0.62
  34   45 0.38
  26   41 0.70
  10   16 0.08
  17   33 0.62
   4   15 0.88
  14   34 0.19
  22   37 0.97
  18   29 0.04
   3   29 0.30
  17   22 0.38
  30   35 0.84
  25   58 0.70
  24   32 0.93
  22   40 0.11
  33   63 0.51
  22   27 0.25
  10   36 0.15
  14   26 0.65
  19   50 0.34
  21   53 0.00
  14   44 0.28
  14   19 0.42
   6   29 0.52
   0   22 0.58
   1    2 0.76
   5    5 0.97
  29   43 0.50
   6   23 0.84
   1   17 0.84
  25   35 0.79
  10   26 0.32
  10   40 0.53
   8   13 0.85
   3   10 0.73
  20   23 0.91
   7   37 0.72
  17   20 0.04
  11   24 0.53

  32   33 0.39
   1   30 0.34
  25   32 0.66
   9   27 0.47
  16   17 0.94
   4   25 0.81
  30   31 0.38
  17   46 0.89
  34   53 0.53
  33   34 0.25
  17   31 0.85
  24   59 0.81
  23   34 0.02
  18   50 0.05
  22   26 0.69
  27   53 0.38
   8   23 0.70
  18   42 0.20
  27   58 0.70
  16   30 0.82
  11   20 0.00
   4   23 0.25
  17   18 0.97
  27   42 0.55
  17   20 0.81
  10   15 0.80
   7   16 0.54
  19   34 0.24
  35   62 0.02
  17   35 0.66
  15   19 0.76
   6   18 0.93
  23   37 0.83
   0   14 0.91
  22   54 0.59
   5    5 0.82
  33   64 0.46
   3   25 0.10
  18   47 0.02
  24   55 0.08
  34   48 0.71
  25   34 0.81
  11   36 0.32
   4    9 0.33
  15   45 0.73
   4   35 0.75
  27   53 0.36
  18   43 0.10
   6   33 0.54
  31   47 0.06

  33   59 0.80
  24   50 0.33
   5   22 0.15
   0   29 0.80
   0   14 0.18
  21   25 0.88
   3   18 0.31
  20   51 0.60
   0    8 0.34
  34   59 0.27
  31   54 0.28
   8   37 0.29
  21   35 0.22
  15   40 0.94
   2   11 0.30
   6   37 0.19
   3   17 0.48
  11   30 0.55
  21   21 0.35
  27   34 0.53
   5   17 0.16
  15   16 0.57
  12   17 0.23
  10   29 0.42
  13   23 0.50
   0   26 0.62
   9   31 0.97
   6   13 0.28
   0   26 0.83
  19   45 0.89
  28   37 0.37
  28   62 0.74
  27   48 0.98
  17   51 0.83
  14   33 0.72
   7   34 0.05
  18   24 0.05
   3   32 0.26
  15   47 0.41
   7   19 0.36
  14   31 0.87
   4   19 0.55
  33   41 0.10
  24   54 0.87
  28   38 0.41
  25   25 0.61
  26   42 0.15
  11   17 0.89
   8   25 0.77
   5   40 0.55

   1   35 0.77
  23   51 0.90
   8   35 0.70
   6   41 0.75
  20   46 0.50
   6    7 0.17
  34   47 0.74
  34   60 0.39
   1   34 0.67
  17   27 0.65
  11   35 0.95
  14   23 0.59
  15   33 0.55
   4   32 0.77
   5   22 0.87
   7   34 0.71
  30   45 0.22
  13   18 0.64
  10   32 0.43
  34   40 0.38
  14   48 0.44
  12   17 0.14
   3   24 0.55
   9   16 0.15
  12   25 0.71
   8   29 0.80
  16   44 0.29
  22   34 0.56
  10   24 0.71
   8   38 0.35
  21   21 0.29
  17   52 0.37
  12   46 0.69
  33   50 0.73
   4   26 0.43
  21   54 0.59
  27   46 0.67
  30   41 0.39
  29   60 0.43
  28   48 0.08
   9   30 0.34
  12   12 0.33
   6    9 0.77
   3   20 0.88
  10   13 0.71
  12   20 0.63
  15   48 0.57
  22   47 0.33
  10   28 0.06
   5   29 0.68

