5 60 8
3   10  10   4

   8   21 0.01
   1   16 0.32
   0    7 0.40
   1    9 0.56
   1   13 0.50
   7   22 0.26
   1   17 0.87
   3   20 0.84
   3   17 0.72
   2   12 0.24
   1    6 0.87
   5   16 0.70
   5    8 0.70
   2    2 0.53
   7   22 0.38
   5   16 0.99
   4    5 0.94
   1    8 0.41
   5   12 0.69
   1    1 0.19
   4   20 0.29
   7   13 0.88
   0   15 0.93
   7   11 0.59
   0   10 0.51
   5   15 0.68
   0    6 0.04
   6    6 0.35
   4   19 0.82
   0   13 0.62
   1    1 0.38
   4    5 0.16
   2   18 0.20
   6   19 0.60
   4   15 0.73
   1    1 0.66
   8   14 0.14
   8   22 0.58
   3   17 0.72
   7   13 0.58
   8   19 0.86
   7   14 0.57
   2   15 0.22
   3   10 0.66
   2   11 0.31
   8    9 0.56
   4    6 0.17
   2    9 0.22
   7   13 0.92
   1    1 0.10
   2   18 0.89
   1    8 0.74
   4    7 0.27
   6   23 0.43
   5    7 0.37
   7   13 0.99
   5   18 0.07
   8    8 0.58
   1   10 0.02
   0    1 0.31

   4   21 0.60
   2   13 0.14
   3   11 0.62
   8   25 0.75
   0    8 0.58
   4    4 0.72
   4    8 0.91
   5   19 0.20
   8   24 0.40
   7   24 0.73
   1    1 0.13
   5    6 0.54
   2    8 0.30
   1    1 0.65
   1   10 0.48
   2    5 0.76
   2    7 0.73
   8   15 0.28
   2   11 0.73
   1    8 0.96
   8   16 0.57
   0   10 0.51
   5   16 0.63
   4   17 0.76
   0    5 0.35
   6   11 0.84
   1    4 0.09
   2   13 0.98
   2    5 0.81
   3    9 0.86
   3    6 0.39
   0    0 0.48
   3   18 0.07
   0    8 0.59
   8   12 0.69
   6    6 0.19
   2   13 0.31
   8   16 0.20
   7   20 0.95
   1   17 0.21
   3   13 0.80
   4   18 0.75
   3    8 0.89
   3   16 0.61
   2   15 0.75
   6   11 0.95
   2    3 0.33
   6    7 0.19
   1    3 0.07
   2    7 0.92
   3   16 0.92
   6   14 0.48
   0    6 0.93
   0   12 0.51
   0    8 0.66
   6   21 0.02
   8   24 0.34
   6   10 0.61
   7   16 0.45
   6   20 0.59

   5    7 0.52
   4    5 0.55
   0   13 0.43
   2   13 0.99
   6   11 0.86
   2    4 0.53
   5   12 0.81
   5   12 0.76
   6   13 0.01
   7   12 0.64
   3    8 0.39
   4   13 0.54
   4   18 0.15
   7   10 0.28
   1    9 0.58
   0   14 0.02
   2    7 0.10
   1   16 0.74
   4   18 0.02
   0    2 0.31
   1    7 0.77
   0    2 0.65
   7   18 0.37
   3    3 0.39
   4   19 0.89
   5   12 0.80
   5    7 0.34
   7   11 0.83
   2   12 0.40
   8   10 0.20
   5    5 0.53
   8   16 0.58
   2   13 0.48
   4   18 0.51
   7    7 0.02
   1    1 0.10
   1   18 0.90
   1   16 0.08
   0    5 0.64
   2    3 0.40
   0   14 0.14
   6   18 0.11
   3   10 0.69
   5    5 0.94
   0   12 0.61
   3    4 0.92
   2    6 0.51
   8   23 0.38
   0    8 0.70
   1    8 0.08
   6   10 0.33
   1   15 0.36
   4   12 0.60
   2   12 0.60
   8   25 0.75
   0   16 0.67
   3    8 0.81
   0   12 0.49
   7   16 0.59
   8   17 0.68

