4 60 4
3   16   2  10

  33   35 0.11
  49   78 0.21
  48   64 0.06
  48   74 0.49
  40   60 0.99
  42   51 0.50
  30   61 0.80
  15   52 0.35
  49   89 0.79
  14   40 0.02
   8    8 0.00
   3   12 0.20
  18   49 0.05
  40   78 0.38
   4   19 0.79
  27   46 0.67
  16   51 0.26
  41   58 0.30
  51   93 0.77
   3   51 0.39
  39   88 0.68
  20   65 0.23
  26   40 0.95
  50   92 0.43
  31   31 0.12
  13   61 0.93
  25   66 0.73
  46   81 0.46
  15   24 0.10
  14   44 0.64
  50   98 0.19
  41   91 0.94
  18   53 0.48
  31   46 0.36
  33   35 0.64
  30   39 0.33
  35   84 0.33
   7    9 0.51
  17   65 0.69
  17   23 0.48
  50   95 0.39
  34   48 0.27
  29   67 0.64
  34   70 0.45
  44   76 0.71
  24   68 0.69
  24   31 0.14
  27   53 0.32
  42   73 0.76
  38   68 0.44
  19   68 0.73
  45   96 0.30
   5   10 0.42
   0    2 0.09
  10   58 0.85
  35   51 0.00
  32   47 0.44
   7   57 0.39
   8   40 0.29
  29   46 0.00

  27   74 0.23
  28   79 0.14
  18   18 0.38
  44   61 0.65
  23   35 0.05
   9   25 0.16
  21   37 0.20
  34   63 0.16
  14   26 0.93
  43   72 0.52
  11   48 0.47
  40   91 0.84
  33   53 0.61
  48   75 0.45
  41   89 0.62
  18   54 0.62
  12   45 0.34
  38   72 0.89
  43   84 0.54
  35   62 0.20
  17   29 0.97
  51   88 0.15
  15   29 0.66
  28   55 0.60
  15   50 0.34
   7   56 0.90
   1   20 0.40
  14   33 0.11
   4   16 0.41
  39   55 0.27
  27   62 0.08
  28   56 0.03
  17   46 0.09
  36   59 0.77
  13   31 0.14
  46   77 0.29
   6   35 0.89
  40   55 0.72
   7   20 0.88
  51   91 0.95
  22   33 0.36
  23   48 0.23
   2    9 0.48
  13   31 0.38
  20   21 0.27
  12   17 0.53
  48   78 0.28
  18   42 0.06
   2   45 0.29
  30   49 0.38
  23   61 0.64
  33   72 0.45
   5   17 0.90
  45   79 0.25
  20   28 0.85
  42   59 0.73
  46   50 0.97
  38   74 0.17
  37   87 0.51
  26   57 0.21

   0    3 0.27
  14   33 0.70
   0   25 0.06
  19   61 0.48
   2    3 0.84
  37   48 0.25
  25   40 0.48
  19   42 0.01
  50  101 0.61
  23   39 0.91
  38   72 0.42
   3   23 0.21
  10   35 0.13
   6   36 0.65
  44   46 0.58
  10   15 0.06
  18   22 0.08
   4   14 0.19
  25   56 0.52
  34   65 0.26
   3   49 0.52
  39   58 0.83
  17   30 0.81
  19   33 0.27
  15   52 0.39
  28   69 0.36
  46   50 0.12
  26   35 0.94
  49   57 0.82
  24   57 0.04
  48   90 0.86
  35   54 0.09
  34   42 0.12
  16   18 0.62
  44   79 0.75
  42   78 0.10
  17   23 0.94
  32   74 0.90
  11   34 0.13
   7   18 0.02
  19   63 0.24
  23   67 0.06
  45   79 0.09
  13   15 0.30
  26   44 0.77
  45   82 0.38
  50   51 0.60
  41   53 0.84
  51  101 0.50
  46   62 0.59
  22   37 0.16
  11   33 0.96
  38   65 0.69
  29   56 0.89
   9   16 0.11
  47   79 0.16
   2   11 0.07
  15   42 0.18
  41   42 0.88
   4   31 0.06

