4 80 4
3   20   2  16

  26   63 0.25
   4   41 0.61
  25   68 0.62
  36   48 0.48
  47   62 0.47
  51   66 0.26
  75   99 0.11
  69   94 0.93
   3   16 0.23
   9   26 0.11
  48   85 0.03
   0    7 0.96
  33   67 0.40
  48   83 0.83
  84  116 0.31
  41   51 0.00
  78   99 0.14
  24   70 0.66
  46   63 0.78
  69   75 0.36
  47   77 0.33
  45   59 0.62
  84  126 0.62
  41   47 0.62
  62   71 0.98
  90  102 0.28
  52   62 0.83
  14   18 0.12
  78   92 0.96
  14   50 0.17
   0    4 0.42
  90  124 0.85
  61  102 0.57
   7   31 0.82
  15   44 0.69
  94  135 0.71
  94  126 0.78
  83  108 0.61
  75  108 0.70
  11   52 0.95
   2   41 0.51
  67   88 0.57
  75   98 0.61
   1   37 0.57
  38   67 0.38
  44   47 0.96
  68  108 0.42
  54   87 0.54
  45   59 0.39
  86  126 0.63
  89  115 0.00
  41   63 0.39
  28   68 0.89
  68  112 0.26
  33   43 0.23
  39   61 0.90
  57   89 0.36
  78   99 0.45
  33   78 0.43
  90  124 0.07
  78   98 0.62
  89  104 0.82
   9   36 0.21
   5   50 0.31
  28   28 0.49
  58   92 0.80
  29   31 0.02
  81   81 0.60
  91  107 0.97
  64  100 0.96
  59   91 0.15
  46   82 0.66
  61   74 0.67
  64   67 0.18
  37   51 0.04
  74   78 0.21
  94  100 0.06
  29   67 0.11
  75   91 0.48
  80   89 0.35

  61   86 0.18
  27   34 0.09
  34   58 0.12
  51   56 0.83
  28   30 0.22
  23   69 0.11
  29   57 0.18
  57   89 0.14
  90  103 0.16
  39   58 0.33
  59  100 0.20
  78  107 0.57
  93   93 0.51
  53   68 0.34
  20   32 0.65
  17   58 0.00
  10   53 0.52
  10   16 0.52
  49   93 0.31
  17   45 0.70
  77   86 0.13
  59   98 0.84
  33   36 0.18
   4   21 0.86
  69  100 0.18
  58   64 0.00
  74  105 0.09
  40   64 0.36
  89   96 0.89
  74  107 0.77
  24   37 0.70
  30   48 0.02
  64   65 0.06
  49   75 0.57
  76  116 0.11
  56   75 0.84
  27   29 0.19
  40   64 0.36
   4   40 0.55
  16   47 0.83
  36   56 0.44
  43   78 0.34
  73  111 0.70
  34   36 0.87
  75   78 0.02
  84  108 0.64
  23   60 0.12
  38   77 0.72
  85  126 0.92
  59   73 0.39
  28   72 0.15
  61  104 0.77
  42   53 0.94
  55   87 0.73
  35   40 0.91
  91  103 0.73
  81  109 0.69
  44   65 0.81
  26   48 0.46
  25   60 0.38
  27   68 0.27
  56   56 0.02
  60   92 0.69
  44   61 0.20
  70   81 0.08
  46   84 0.35
  11   43 0.53
  33   35 0.11
  26   59 0.33
  44   62 0.47
  66   82 0.50
  16   59 0.16
  63   88 0.76
  31   75 0.02
  80   88 0.72
  69   72 0.08
  86  125 0.91
  41   80 0.66
  16   50 0.11
  82  124 0.25

  44   69 0.17
  68  105 0.26
  62   72 0.66
  32   78 0.46
  25   69 0.43
  41   80 0.71
  94  131 0.54
   7    9 0.13
  69  102 0.32
  77   89 0.90
  70   77 0.40
  93  126 0.84
  59   86 0.27
  34   38 0.90
  44   44 0.79
  72  103 0.55
  19   19 0.11
  44   83 0.87
  73  110 0.15
   4   27 0.88
  88  108 0.83
  79  124 0.14
  91  112 0.27
  33   61 0.01
  28   66 0.16
  69   74 0.34
  67   96 0.68
  14   33 0.84
  71   96 0.60
  89  133 0.54
  12   35 0.83
  36   48 0.49
  34   69 0.88
  38   71 0.44
  38   84 0.28
  40   45 0.56
  93   96 0.64
  87   93 0.82
  75   91 0.68
  86  124 0.97
  67   75 0.66
  73  113 0.63
  76   96 0.76
  50   65 0.13
  78   97 0.61
  90  131 0.05
  45   84 0.42
  37   39 0.77
   1    2 0.52
  34   76 0.97
  76  107 0.99
  87   99 0.21
   5   35 0.22
  79  124 0.06
  37   60 0.18
   8   48 0.30
  55   57 0.46
  17   62 0.74
  62   65 0.17
  19   51 0.36
  81  117 0.10
  36   36 0.09
  48   78 0.55
  48   50 0.95
  17   43 0.17
  38   67 0.68
  92  129 0.29
  36   75 0.43
  67   89 0.22
  13   48 0.69
  58   74 0.67
  93  105 0.18
  27   27 0.84
  87   90 0.16
  71   84 0.24
  13   52 0.53
  38   48 0.02
  17   28 0.74
  56   95 0.72
  28   63 0.94

