3 50 8
6   10  10  16  10   2   2

  15   16 0.28
  13   25 0.21
  15   22 0.16
  22   32 0.61
  17   24 0.81
   8   21 0.26
  24   26 0.24
  13   24 0.54
  25   44 0.97
   6   23 0.05
  17   24 0.34
  25   42 0.36
  17   32 0.24
  21   39 0.17
   3   20 0.71
   5   23 0.68
   4   12 0.11
  12   35 0.70
  10   34 0.11
   2    4 0.20
  21   41 0.95
  14   28 0.05
   9   10 0.91
  16   29 0.72
   0    0 0.85
   5   27 0.06
  22   25 0.79
  10   21 0.69
   3   21 0.16
   6   20 0.59
  14   36 0.86
  12   31 0.44
   4   27 0.94
   7   19 0.95
  23   39 0.03
   8   33 0.73
   1   20 0.38
  25   37 0.54
   5   12 0.46
  12   37 0.09
   1    8 0.78
  16   36 0.23
   1   20 0.22
   8   33 0.49
  25   33 0.47
  12   35 0.44
   9   31 0.28
  25   31 0.40
  20   43 0.34
  15   31 0.46

  10   29 0.72
   2   13 0.43
   1   21 0.00
  24   48 0.45
  10   16 0.99
   5   17 0.67
   9    9 0.58
  25   37 0.96
  24   35 0.78
   9   12 0.48
   0   12 0.41
  12   34 0.04
  19   36 0.13
  21   29 0.00
   9   21 0.96
   1   20 0.10
  15   35 0.74
   7   15 0.98
   0    6 0.04
  25   31 0.75
  19   34 0.03
   0   19 0.63
  18   43 0.32
  20   38 0.20
  14   36 0.85
   2   23 0.09
  18   25 0.86
  22   39 0.74
  11   22 0.87
   8   31 0.78
  19   32 0.08
  20   44 0.43
   1   15 0.75
  13   38 0.35
  15   34 0.02
   5   19 0.17
  22   22 0.23
  14   23 0.19
  18   28 0.31
  11   17 0.30
  14   31 0.83
  17   23 0.66
   0   11 0.31
   3   16 0.36
   7   29 0.29
  24   32 0.90
  11   20 0.21
  13   30 0.82
  22   44 0.93
   6   29 0.71

   2   19 0.17
   3   28 0.09
   5   28 0.75
  19   37 0.77
  18   29 0.79
  18   18 0.25
  17   34 0.42
   0   20 0.63
   0    1 0.04
  25   26 0.22
   8   18 0.55
   4   23 0.06
  21   32 0.85
  17   41 0.41
  25   30 0.01
  10   20 0.96
  11   26 0.43
   9   27 0.06
  23   34 0.35
  12   15 0.94
  17   32 0.34
   9   19 0.48
   6    8 0.11
   0    5 0.83
  10   32 0.73
  14   27 0.87
   3   10 0.87
   2   10 0.98
  15   19 0.84
  13   31 0.52
   7   29 0.94
  23   47 0.58
   9   24 0.19
  23   24 0.06
  22   30 0.64
  14   22 0.23
   1    9 0.91
  24   30 0.49
   8   24 0.10
  12   14 0.20
  13   20 0.47
   3    3 0.73
   4    5 0.57
   8   29 0.64
  16   24 0.09
   0   20 0.68
  13   14 0.65
  16   16 0.86
  15   18 0.01
  20   40 0.66

  24   39 0.26
   1    2 0.05
  21   35 0.86
  11   15 0.68
   1   19 0.13
  22   39 0.86
  10   17 0.27
  10   27 0.23
   2   27 0.15
  12   28 0.84
   6   14 0.59
  13   36 0.07
  14   22 0.70
  15   36 0.81
  13   19 0.96
  15   23 0.60
  24   26 0.47
  10   14 0.85
  13   26 0.01
   5   22 0.60
  22   39 0.41
  11   32 0.16
   8   28 0.94
   0    0 0.46
  21   26 0.96
   9   11 0.68
   7    8 0.81
  24   30 0.45
  10   18 0.09
  14   25 0.29
   3    9 0.34
   7    8 0.59
  16   24 0.32
  16   31 0.72
  14   33 0.99
   5   24 0.72
  15   38 0.06
  24   38 0.29
  14   32 0.60
  18   29 0.86
  24   28 0.60
   7   24 0.83
  16   26 0.73
   4    7 0.96
  14   14 0.52
  25   26 0.29
  15   34 0.39
   4   23 0.63
  14   17 0.23
  21   35 0.91

   9   16 0.63
   0    5 0.11
  10   26 0.14
  16   28 0.15
  20   25 0.01
   2   19 0.65
  10   32 0.61
  10   28 0.41
   3   27 0.23
  25   27 0.07
   2   24 0.81
   8   30 0.08
   8   27 0.01
  24   33 0.45
   5   27 0.42
  15   38 0.98
  20   45 0.05
   3   24 0.55
  12   31 0.05
  18   37 0.54
  19   23 0.86
   0    7 0.84
   1   10 0.51
  25   49 0.48
   3   14 0.78
   8   28 0.45
  10   26 0.65
   0   11 0.13
   6   29 0.11
  24   31 0.45
   3    7 0.02
   5   10 0.81
  12   15 0.26
   2   22 0.76
  20   33 0.82
  23   39 0.09
  11   35 0.64
  21   32 0.90
   4   11 0.88
   6   20 0.60
   1   11 0.17
  24   27 0.14
  16   23 0.59
  21   30 0.00
   7   26 0.69
   8   31 0.23
   6    9 0.60
  16   16 0.97
  23   30 0.32
  21   27 0.66

  24   26 0.23
  19   35 0.02
  17   41 0.52
   3   19 0.59
   2    9 0.99
   7    8 0.72
  16   32 0.86
  10   30 0.08
  20   38 0.72
  15   33 0.47
  23   26 0.86
  24   40 0.40
  23   43 0.44
  13   29 0.06
   4   21 0.59
   6   23 0.50
   9   17 0.20
  15   39 0.17
  15   19 0.87
  12   27 0.18
  19   36 0.28
  16   40 0.05
  15   15 0.69
  24   46 0.07
   7   31 0.48
   3    9 0.81
   2   20 0.52
   9   16 0.93
   4   15 0.37
  16   31 0.55
  12   16 0.92
   5   14 0.75
  24   28 0.76
  12   30 0.09
  12   22 0.83
   7    7 0.29
  14   34 0.97
  25   33 0.61
  25   31 0.97
  11   23 0.89
  21   21 0.63
  25   29 0.65
  24   37 0.79
  18   36 0.51
  23   28 0.94
  19   38 0.63
   7   29 0.56
  12   24 0.74
   4   25 0.45
  12   25 0.93

