4 50 4
6    4  10  10   2   4  10

  17  101 0.32
   2   32 0.02
  22   87 0.11
  10   67 0.03
   0   50 0.37
   1   36 0.22
  12   34 0.47
  12   27 0.06
   8   66 0.68
  30   70 0.64
  26   32 0.45
   2   42 0.25
  15   59 0.64
   5   96 0.07
  28   52 0.90
   7   49 0.34
  11  103 0.90
  23   30 0.85
   3   15 0.42
   9   46 0.75
  24  111 0.01
  26   43 0.88
  12   92 0.37
  22   99 0.58
  28   97 0.02
  29   89 0.91
  28  120 0.49
  18   86 0.31
  20   50 0.93
  11   62 0.73
  24   27 0.67
   4   64 0.98
   5   75 0.04
   2   69 0.71
  17   88 0.80
  22   79 0.38
   3   87 0.91
  28   73 0.10
  25   51 0.31
  11   65 0.24
  20   91 0.48
  17   33 0.66
  13   83 0.96
   5   58 0.50
  21   29 0.92
   2   89 0.29
  12   73 0.30
  24   53 0.29
  30  119 0.22
  10   40 0.18

  21   72 0.97
   2   11 0.58
  24  100 0.99
  26  109 0.14
  30   34 0.78
   4    8 0.46
  11   57 0.89
  24   42 0.81
  28  118 0.32
   9   47 0.60
   7   33 0.48
  17   58 0.72
   6   34 0.71
  23   78 0.95
  19   26 0.38
  19   86 0.94
   6   81 0.14
  17   33 0.06
  28   33 0.99
  22   58 0.68
   9   25 0.01
  19   81 0.67
   1   89 0.45
   4   42 0.57
  26   80 0.56
  21   52 0.60
  15   67 0.48
  14   86 0.43
   7   61 0.96
  28   61 0.01
  14   64 0.04
  11   70 0.58
  22   94 0.76
   6   40 0.11
  12   40 0.50
  20   35 0.10
   9  100 0.09
   5   83 0.18
  10   61 0.33
  15   20 0.07
   5   20 0.57
  14  106 0.49
  18   85 0.19
  15  100 0.71
  14   19 0.28
   9   68 0.94
  11   45 0.55
   9   47 0.89
  24  112 0.16
  20   46 0.13

   3   19 0.04
  27   85 0.99
   9   22 0.23
  24   27 0.11
  21   38 0.86
  29   45 0.21
  15   90 0.51
  16   66 0.51
  27  113 0.27
  11   84 0.08
  11   69 0.42
   0    9 0.35
  17   96 0.22
  15   98 0.01
  15   81 0.67
   3    4 0.22
  13   27 0.07
  17   76 0.03
  19   72 0.23
  25   46 0.16
  28   37 0.78
  26  114 0.87
  21   95 0.19
  28  114 0.63
   8   45 0.57
  18   35 0.38
   1   41 0.74
  30   78 0.94
  15   56 0.67
  28   77 0.34
  25   48 0.94
   1   88 0.67
  17   43 0.71
  19   42 0.21
   2   12 0.48
   1   40 0.25
  14   64 0.00
  15   67 0.74
   3   56 0.12
  13   67 0.17
  24   26 0.42
  15   90 0.02
  23   37 0.50
   0   81 0.37
  21   91 0.21
  20   91 0.07
  24  107 0.34
   7   85 0.19
  27   89 0.10
  20   34 0.66

   7   50 0.33
  13   16 0.96
  24   56 0.99
   2   92 0.31
  29   90 0.20
  16  103 0.97
  26  114 0.35
  29   33 0.84
   7   68 0.33
  15   92 0.44
  22   98 0.89
  16   40 0.70
   6   69 0.64
  20   26 0.46
  11   33 0.43
  27  107 0.28
  27  102 0.52
   2   70 0.88
  27   60 0.46
  17   81 0.60
  25  114 0.79
   8   27 0.92
  18  102 0.85
  12   30 0.39
   5   91 0.54
  10   55 0.34
  29   37 0.84
   3   58 0.95
  22   29 0.13
   4   61 0.99
  27  116 0.06
  25   66 0.16
   9   79 0.13
  30   51 0.00
  11   30 0.41
  16   74 0.80
  26   67 0.03
   4   76 0.87
   5   51 0.04
  17   92 0.34
  11   46 0.21
  30  115 0.14
  15   15 0.01
  15   90 0.29
  11   57 0.18
  15  102 0.00
  21   32 0.81
  11   41 0.57
  24   57 0.03
   2    3 0.72

   4   71 0.17
   4   45 0.46
   8    8 0.64
  28   38 0.11
  15   58 0.35
  12   65 0.16
  11   24 0.52
   0   50 0.38
   0    1 0.88
   9   21 0.14
  26  118 0.48
   7   12 0.61
  21   51 0.67
  19   92 0.78
  27   88 0.57
   0   52 0.94
  18   68 0.79
  28   70 0.69
  19   63 0.52
  20   60 0.37
   5   36 0.97
   2   66 0.56
  17   50 0.78
   7   66 0.59
  25   72 0.48
  14   87 0.11
   0   16 0.88
  18   25 0.44
  28   39 0.92
  20   21 0.95
  26   57 0.93
  27   94 0.02
   3   68 0.37
  20   84 0.01
  11   99 0.54
  10   98 0.51
   3    9 0.48
  19   26 0.09
  28   69 0.58
  16   56 0.50
  10   17 0.80
   3   79 0.77
   3   25 0.91
   5   26 0.41
  24   79 0.43
  15   77 0.63
  29   66 0.19
  14   68 0.94
   6   93 0.18
   8   45 0.28

  30   61 0.91
   0   22 0.56
  28   53 0.97
   0   42 0.98
  28   68 0.68
  16   41 0.23
  13   32 0.10
  12   29 0.03
   8   23 0.11
   0   33 0.67
  17   46 0.69
   1   83 0.36
  30   67 0.38
  22   99 0.53
   8   11 0.97
  22   92 0.85
  16   18 0.79
  13   48 0.83
   3   29 0.33
  27   67 0.02
  11   30 0.50
  27   92 0.53
  28   74 0.70
  16   35 0.85
  27   97 0.02
  12   20 0.12
  22   27 0.63
  21   67 0.86
  11   80 0.45
  28  120 0.02
  17   78 0.33
  25   65 0.47
  30   46 0.84
   5   79 0.87
  22   52 0.05
  18   85 0.16
  12   93 0.11
  22   46 0.67
  23   53 0.94
  15   49 0.58
  24  101 0.65
  26   50 0.27
   8   97 0.52
  17   56 0.54
  29   89 0.43
  12   55 0.89
  24   36 0.49
   6   65 0.18
  17   80 0.06
   6   36 0.23

