4 80 4
3    2   2  10

   3   34 0.84
   4    8 0.35
  13   13 0.00
   0    1 0.06
  13   35 0.06
   1   11 0.06
  15   18 0.56
   3    4 0.10
  11   19 0.81
   8   17 0.93
  11   29 0.33
   4   38 0.84
   2   27 0.77
  16   48 0.71
   1   13 0.58
   4    4 0.19
   7   33 0.90
  16   40 0.11
   2   35 0.88
  10   27 0.42
  10   21 0.96
   7   16 0.16
   5   37 0.95
   6   18 0.73
   1   31 0.53
   1    9 0.00
   4   13 0.39
   7   38 0.78
  13   44 0.50
   7   20 0.75
  14   21 0.74
   0    2 0.63
  10   26 0.41
  11   45 0.59
   3    5 0.24
   8   24 0.84
  16   38 0.99
   9   42 0.58
   4   22 0.16
  16   34 0.67
   2   31 0.22
  12   33 0.90
   4   26 0.30
  16   31 0.67
  14   38 0.20
  13   41 0.72
   6    8 0.56
   4   16 0.34
   1   27 0.69
   1   33 0.83
   7   16 0.32
  11   37 0.42
  15   37 0.37
   2   32 0.47
  11   23 0.66
   5    6 0.22
  14   22 0.22
  10   22 0.61
   4   22 0.51
   7   11 0.81
   4    5 0.53
   5   34 0.48
  11   36 0.90
   9   22 0.19
  10   21 0.15
   4   13 0.49
   5   23 0.42
  10   10 0.64
   3   31 0.38
   5   33 0.96
   6   16 0.84
   9   36 0.97
   0   34 0.69
  16   48 0.84
  15   27 0.10
  10   39 0.17
   6   36 0.20
   3    3 0.64
   4   35 0.76
  10   32 0.27

  16   27 0.03
   7   23 0.05
   0    5 0.30
   9   18 0.56
   2    3 0.33
   5   18 0.30
  10   35 0.37
   2    7 0.96
   5   25 0.25
   2   23 0.58
   2   36 0.78
   7   37 0.88
   1   23 0.65
  14   16 0.33
  12   23 0.92
  11   12 0.39
   8   37 0.69
  15   16 0.06
   6    8 0.18
   8   17 0.74
   4   31 0.29
  16   39 0.43
  13   39 0.25
   9   39 0.24
   7   18 0.05
   9   31 0.30
   4    9 0.89
  13   40 0.51
  11   36 0.09
   3   19 0.15
   6   35 0.71
  15   30 0.35
  11   40 0.74
  12   22 0.30
   9   27 0.85
  12   37 0.68
  13   44 0.17
  14   20 0.51
  11   40 0.17
   1   13 0.46
   2    4 0.49
  13   43 0.83
  10   38 0.24
   3   20 0.87
  16   17 0.93
   9   26 0.05
   6    7 0.97
  14   16 0.74
  11   11 0.03
   6    9 0.37
   0   32 0.31
   2    8 0.81
   7   26 0.67
  12   25 0.12
   6   35 0.98
  12   21 0.68
  11   29 0.24
  14   20 0.56
   4    4 0.65
  15   37 0.64
   3   30 0.76
  13   31 0.13
   7   23 0.88
   3   29 0.22
   5   13 0.05
   1   29 0.49
  16   42 0.86
  13   21 0.01
  14   34 0.79
  12   19 0.13
  11   45 0.22
  15   15 0.94
   8   35 0.92
  14   23 0.32
   1   32 0.78
  15   43 0.14
   6   20 0.07
  14   33 0.28
  16   29 0.53
   7   26 0.35

   0   30 0.61
   9   36 0.82
   4   17 0.10
  16   23 0.07
  11   24 0.72
   4   31 0.97
   2   27 0.32
  14   15 0.77
  14   20 0.89
   7   29 0.27
   6   11 0.48
  14   17 0.62
   0   13 0.99
   6   35 0.31
   8    8 0.75
   0    8 0.16
   3   16 0.24
   2   35 0.54
   2   14 0.69
  16   25 0.64
  12   23 0.00
  14   39 0.08
   2   26 0.91
   8   41 0.82
   3    5 0.21
   4   28 0.70
   3   28 0.44
  16   33 0.12
   1   11 0.98
   3    8 0.86
  12   43 0.75
  11   15 0.63
   0    4 0.59
   9   36 0.54
   0   11 0.34
   4   19 0.10
   6   21 0.20
  12   33 0.52
  14   36 0.54
  16   16 0.27
   6   16 0.39
  14   36 0.05
   4    7 0.98
   4   24 0.31
   2   26 0.52
   7   23 0.28
  16   33 0.82
  10   25 0.00
  16   18 0.03
  10   37 0.78
   4   35 0.21
   9   17 0.05
   3   24 0.89
  16   22 0.81
  11   22 0.37
   5   29 0.51
   1   23 0.12
  14   23 0.32
  12   25 0.05
   4   35 0.74
   4   21 0.82
   9   43 0.48
   8   37 0.07
  12   26 0.58
   3   26 0.53
  13   27 0.99
   4    8 0.28
   3    6 0.95
   9   30 0.79
   2   34 0.13
  13   47 0.89
   9   20 0.89
   0   12 0.88
   2   10 0.33
   6   23 0.92
  10   43 0.00
   4   29 0.25
  15   16 0.17
   5   39 0.19
   8   30 0.59

