3 20 4
12   16  16  16  10  10   2  10   2   4  10  20   4

 131  132 0.36
 148  167 0.12
 133  136 0.39
 111  153 0.43
 141  188 0.13
  78   80 0.34
 127  134 0.25
 122  128 0.29
 114  157 0.51
  23   34 0.08
  63  105 0.26
  13   36 0.07
 144  189 0.68
  36   46 0.55
  64   65 0.07
  14   56 0.16
 123  133 0.55
  83  113 0.12
 109  122 0.32
 111  155 0.24

  74   89 0.07
 135  173 0.03
 100  120 0.19
 113  113 0.75
 115  141 0.06
  20   69 0.27
  16   61 0.20
  76   84 0.96
   8   45 0.83
  23   64 0.93
   1   35 0.63
  63   72 0.64
 148  168 0.52
  83  116 0.47
  63   78 0.66
 138  181 0.71
  45   59 0.11
  24   48 0.38
  79  109 0.40
 117  123 0.54

 130  163 0.38
 148  156 0.98
  11   15 0.77
  61   95 0.86
  41   42 0.45
 119  143 0.73
  73  121 0.28
  12   52 0.73
  18   63 0.67
  69   80 0.85
  93  139 0.25
 120  123 0.10
 143  153 0.88
  69   93 0.78
 129  149 0.67
  78  101 0.51
 106  108 0.09
 111  112 0.59
 123  129 0.89
  14   32 0.93

  51   92 0.61
 143  155 0.96
  50   75 0.31
  92  130 0.58
  25   49 0.47
  67   67 0.16
   9   56 0.20
  89  134 0.54
 125  141 0.32
  73   99 0.81
  53   58 0.78
  30   72 0.66
  36   71 0.07
 135  173 0.57
 123  143 0.70
 128  173 0.59
  20   62 0.77
  81   84 0.70
  55   99 0.32
  91  102 0.18

 134  167 0.39
  54   79 0.16
 107  112 0.45
 112  134 0.73
  56   99 0.46
  77   99 0.30
 115  147 0.08
  40   58 0.17
  71  118 0.61
 120  126 0.11
  59  101 0.74
 117  163 0.20
  68  107 0.99
  56   82 0.14
  27   33 0.06
 131  148 0.77
  47   94 0.09
 144  144 0.24
 139  168 0.68
 107  126 0.02

 122  142 0.03
 109  127 0.36
  63   92 0.33
 102  139 0.78
  16   52 0.01
  15   20 0.84
 114  142 0.91
  61  110 0.11
 124  171 0.35
  38   57 0.91
   1   35 0.61
  44   62 0.09
  13   23 0.02
 123  167 0.74
  14   27 0.44
  19   26 0.76
  69  116 0.27
  32   78 0.43
 123  130 0.95
  86  132 0.47

  96  119 0.67
 112  128 0.95
  13   18 0.93
  70  118 0.66
 146  181 0.65
 107  132 0.15
  90  126 0.66
  32   66 0.89
 142  144 0.19
  21   41 0.38
  72  119 0.76
  67   69 0.66
  66   86 0.88
  51   65 0.97
  22   59 0.18
 133  179 0.24
 112  139 0.80
 116  125 0.44
   5   49 0.24
 132  170 0.96

  85   89 0.84
 112  149 0.91
 140  173 0.97
 127  152 0.57
  34   65 0.80
  62   98 0.27
 106  107 0.98
 106  117 0.87
  94  108 0.15
 115  147 0.50
 116  132 0.96
  98  101 0.40
 125  164 0.14
  68   76 0.60
 103  103 0.92
 119  136 0.89
  18   35 0.64
 141  154 0.81
 117  118 0.65
  67   73 0.87

  25   74 0.40
  13   17 0.96
  27   53 0.34
  23   52 0.02
  15   21 0.55
 122  162 0.68
  23   42 0.85
  69   89 0.97
  20   58 0.92
  75   94 0.00
  11   27 0.47
  57   74 0.80
  45   60 0.66
  92  104 0.11
 146  154 0.33
  70  113 0.98
  67   92 0.77
  94  101 0.11
   7    7 0.47
  81  117 0.54

 131  144 0.28
  74   80 0.99
  87  100 0.19
   4    6 0.47
  28   61 0.42
  25   55 0.54
 144  179 0.80
 118  126 0.91
   3   38 0.02
  92  136 0.73
  96  116 0.04
  98  138 0.17
  88  125 0.20
  16   22 0.27
  69   92 0.27
  19   56 0.09
  16   61 0.09
  48   57 0.73
  14   47 0.33
   1   33 0.49

  31   78 0.74
  95  144 0.49
  68   92 0.67
 100  107 0.66
 121  162 0.20
 139  162 0.71
 106  155 0.76
 134  148 0.91
 140  176 0.90
 126  163 0.56
 144  156 0.54
  78  111 0.92
 123  167 0.88
  63  102 0.17
 131  141 0.19
 141  144 0.18
  79   84 0.11
  71   79 0.20
 101  140 0.93
  86   96 0.79

  26   57 0.58
  65   67 0.42
 117  166 0.62
 115  132 0.20
 145  179 0.31
   5   19 0.33
 113  130 0.39
 115  140 0.93
  87  104 0.21
 108  133 0.15
   5   11 0.08
  33   81 0.21
  87  127 0.77
   2   37 0.51
   2   46 0.47
  50   81 0.65
  33   39 0.26
 149  170 0.42
  44   59 0.44
 125  126 0.58

