4 25 8
12    2   4   4  10  16  20   2  10   4  10  10   4

  42   47 0.49
  26   41 0.08
  20   31 0.66
  43   46 0.42
  18   28 0.11
  15   31 0.55
  21   28 0.36
  12   12 0.54
  12   12 0.23
  54   59 0.48
  33   34 0.47
  18   30 0.40
  22   34 0.14
  43   45 0.99
  49   50 0.20
  19   35 0.87
  12   23 0.70
  32   45 0.31
  50   58 0.74
  41   41 0.50
  34   45 0.84
  16   31 0.11
  46   46 0.45
   4   14 0.12
  47   59 0.18

  45   62 0.57
   9   16 0.44
  47   48 0.68
  20   22 0.44
  55   68 0.33
  38   45 0.02
  21   37 0.40
  22   22 0.64
  37   52 0.67
  27   31 0.58
  28   32 0.40
  17   23 0.28
   0    0 0.92
  27   27 0.06
  33   45 0.52
  22   28 0.04
   5    7 0.59
  43   52 0.06
  13   25 0.15
  30   39 0.28
  50   59 0.29
  32   48 0.62
  17   26 0.25
  47   64 0.79
  36   43 0.05

  31   31 0.10
  21   28 0.24
  55   61 0.08
   8   19 0.26
  53   66 0.00
  46   52 0.98
  55   63 0.40
  33   44 0.51
  32   41 0.62
  33   47 0.26
  18   21 0.76
  17   19 0.94
  46   55 0.44
  50   51 0.88
  46   50 0.45
  26   26 0.90
  44   56 0.36
  42   53 0.81
  10   13 0.54
  37   53 0.21
  42   44 0.96
  23   40 0.64
  42   42 0.48
   4   16 0.64
  54   66 0.81

  45   62 0.17
  47   61 0.76
  53   63 0.29
  46   50 0.06
  52   66 0.71
  42   43 0.29
   7   15 0.52
   2   17 0.51
  19   30 0.33
   3   16 0.80
  18   26 0.74
  49   55 0.75
  30   34 0.01
   5    9 0.33
  41   45 0.02
   3   18 0.66
  19   20 0.16
  44   61 0.75
  42   53 0.20
  47   54 0.80
  50   61 0.48
  50   57 0.95
   1    4 0.78
  47   47 0.62
  38   53 0.75

  47   48 0.43
  48   49 0.41
  33   49 0.47
  38   52 0.96
  40   40 0.36
  11   23 0.48
  39   53 0.10
   0    0 0.24
   1    4 0.07
  27   34 0.87
  10   25 0.56
  23   33 0.35
  37   54 0.16
  41   43 0.88
  50   65 0.25
  35   50 0.23
  22   28 0.57
   4   16 0.09
  41   49 0.78
  26   27 0.08
  41   47 0.21
  37   54 0.29
  18   19 0.10
  37   41 0.98
  52   52 0.75

  43   52 0.75
  36   51 0.38
  14   15 0.55
  42   44 0.38
   2    8 0.27
  19   36 0.61
  23   27 0.40
   7   20 0.53
   1    8 0.65
  17   19 0.40
  53   60 0.13
  15   25 0.67
  27   41 0.27
   1    3 0.30
   7   22 0.47
   4   17 0.75
  37   41 0.43
   4   15 0.96
   1   16 0.82
  49   62 0.25
  24   31 0.88
   8   15 0.19
   5   21 0.16
  32   45 0.98
  24   33 0.35

   6   19 0.01
   3    6 0.97
  35   47 0.49
  54   55 0.14
  52   52 0.45
  55   69 0.39
  41   56 0.50
  19   29 0.40
  11   17 0.89
  36   41 0.41
  23   39 0.86
  30   41 0.64
  41   58 0.21
  15   26 0.99
  33   50 0.11
  30   34 0.56
   1   17 0.06
  22   34 0.71
  25   30 0.30
  43   53 0.84
  42   44 0.05
  25   33 0.42
  25   41 0.38
  49   51 0.48
  46   62 0.85

   1   16 0.41
  44   55 0.27
   6   11 0.00
  44   50 0.87
   0    9 0.39
  41   51 0.96
  38   49 0.41
  48   65 0.75
  41   58 0.35
  43   46 0.12
   3   20 0.37
  25   26 0.82
  49   58 0.53
  35   49 0.39
  34   37 0.43
  20   28 0.83
  20   22 0.21
   7   18 0.72
  12   28 0.18
   0    4 0.54
  28   44 0.19
  39   40 0.14
  17   22 0.59
  10   11 0.84
   7   24 0.51

  46   46 0.96
  51   61 0.68
   2   13 0.94
  32   40 0.41
  30   46 0.24
  25   32 0.74
  54   56 0.28
   0   13 0.54
  55   59 0.47
  26   30 0.33
  37   53 0.03
  21   22 0.95
   2    5 0.17
  12   12 0.63
  38   54 0.82
  11   16 0.46
  25   35 0.95
  13   13 0.15
  35   44 0.62
  10   26 0.19
  17   18 0.91
  17   20 0.95
   8   12 0.78
   0    3 0.77
  19   36 0.43

  36   37 0.49
  33   44 0.04
   7    9 0.38
  40   46 0.29
  42   43 0.01
   4   14 0.57
  17   20 0.87
  44   47 0.93
  44   52 0.58
  34   34 0.87
   2    7 0.12
  20   24 0.60
  13   30 0.06
  52   65 0.77
  46   51 0.99
  35   44 0.59
   4   20 0.31
  44   50 0.44
   4    8 0.94
   9   21 0.63
  20   22 0.52
   1   16 0.44
  27   35 0.14
  13   20 0.65
  35   45 0.60

  15   17 0.85
  11   27 0.30
  45   52 0.85
  15   17 0.89
  39   48 0.51
  14   27 0.73
  20   26 0.03
  30   34 0.80
  27   33 0.42
  24   35 0.35
  28   36 0.56
  39   51 0.27
  14   23 0.90
  20   22 0.45
  28   40 0.65
   5    8 0.67
  34   49 0.62
  32   44 0.67
   4   19 0.14
  27   27 0.80
  25   40 0.92
  11   21 0.34
  54   61 0.97
  29   38 0.33
   8   12 0.09

  13   30 0.19
  47   52 0.06
  29   43 0.77
  48   63 0.98
  31   40 0.79
  47   55 0.46
  21   26 0.51
   8   10 0.47
  28   45 0.16
  30   45 0.05
  12   22 0.69
  40   43 0.49
  23   38 0.35
  48   59 0.45
  19   20 0.71
   7   22 0.33
  47   64 0.66
  35   49 0.72
  18   25 0.61
   0   15 0.23
   7   22 0.72
  54   55 0.81
  14   24 0.74
  49   58 0.32
  26   26 0.58

