3 25 4
12    4  10  10   2  10   2  10  16   2   2   4  10

  11   54 0.45
  73   74 0.87
  27   63 0.15
 100  179 0.55
 105  134 0.03
  12   52 0.99
  23   37 0.05
  43  107 0.88
  28   39 0.47
  90  111 0.70
  53   98 0.03
 101  156 0.67
 123  198 0.03
  20   80 0.65
   1   27 0.41
  71  132 0.89
  60  125 0.88
  82  130 0.23
  31   36 0.20
   6   78 0.90
 123  134 0.75
 121  182 0.50
  97  119 0.29
  74  147 0.85
  52   61 0.79

 124  136 0.35
 116  200 0.65
  81  128 0.97
  71  122 0.39
  91  150 0.38
 116  138 0.05
  72   80 0.47
  65   89 0.46
   8   45 0.34
  21   46 0.56
 122  179 0.46
  41   42 0.37
  35   50 0.10
  11   62 0.84
 125  160 0.86
   9   45 0.44
 114  150 0.42
  10   79 0.94
  82   85 0.52
  95  168 0.23
  62  117 0.99
 116  174 0.69
  42   48 0.81
  62  138 0.27
  34   36 0.17

   8   49 0.22
 102  165 0.53
  70   72 0.32
   4   30 0.60
  31   31 0.17
 102  138 0.06
  72   91 0.85
  20   77 0.98
   3   52 0.46
  56   61 0.01
  28   51 0.62
  59  142 0.47
  45   95 0.65
  68   71 0.61
  37   44 0.01
  53   61 0.64
 124  192 0.03
  29   36 0.55
 106  163 0.35
  64   88 0.77
  93  123 0.71
 110  184 0.57
  89  111 0.17
  73  102 0.85
  81  118 0.28

  55  107 0.61
   9   10 0.10
  61  142 0.96
  99  175 0.15
 112  178 0.31
  13   51 0.83
  12   91 0.63
  73   98 0.08
  15   71 0.74
  74  120 0.89
  22   93 0.34
   9   27 0.76
  45   49 0.28
  61  106 0.14
  93  150 0.38
  42  103 0.86
  78   89 0.98
  61  131 0.63
 104  112 0.37
  84  163 0.23
  98  166 0.10
  25   95 0.92
  19   84 0.99
 124  207 0.39
  30   52 0.58

  28   55 0.45
  49   97 0.39
  89  161 0.05
  81  156 0.56
 110  173 0.92
 107  147 0.42
 105  107 0.33
  34   51 0.35
  70   78 0.40
  11   45 0.17
  36   82 0.55
  14   68 0.33
  80  109 0.00
  40   87 0.33
  53  126 0.27
   8   73 0.69
 117  148 0.63
  20   41 0.03
  78  148 0.24
 108  127 0.56
  64  144 0.34
  56  133 0.02
 106  165 0.25
  88  169 0.82
 123  204 0.07

 111  132 0.76
  43   99 0.71
   7   21 0.83
   7   91 0.57
  13   37 0.95
  10   58 0.07
  60  144 0.71
  47   71 0.20
 109  120 0.49
  21   66 0.43
 104  159 0.65
  56  104 0.79
  16   44 0.53
 114  196 0.64
   4   73 0.52
 108  171 0.63
  72   81 0.13
  94  118 0.73
  93  169 0.34
  57  112 0.75
  53   75 0.96
  96  166 0.19
  66  147 0.54
  66  108 0.09
   9   75 0.11

 101  124 0.83
  87  157 0.80
 125  166 0.70
  45   56 0.28
  10   94 0.35
 125  156 0.55
  50  110 0.60
   9   88 0.22
  54  108 0.21
 126  154 0.22
 102  119 0.83
  54   96 0.68
  90   97 0.49
  23   43 0.50
  36   60 0.15
  26   99 0.10
 103  130 0.81
  92  116 0.55
  43   91 0.78
  19  103 0.92
  91  167 0.06
  65  118 0.69
  91  171 0.29
  67  106 0.74
   1   59 0.65

  31   49 0.10
 124  127 0.87
  28  107 0.56
  41   88 0.23
  20   41 0.94
  47   75 0.15
  43  125 0.87
  14   54 0.26
  12   71 0.17
  51  117 0.93
 110  171 0.20
  24   53 0.12
  81  114 0.55
  68  111 0.61
  16   55 0.08
  73   91 0.57
   8   42 0.65
  46   61 0.47
  74  143 0.36
 115  180 0.31
  62  112 0.95
 125  198 0.55
 120  200 0.11
 116  168 0.31
  64   90 0.90

  67  126 0.39
 122  128 0.96
  86   98 0.71
  26   68 0.15
 123  124 0.29
 107  163 0.12
  60   90 0.75
   1   14 0.57
  90  113 0.08
 104  145 0.12
  51  105 0.05
  58   88 0.19
  70  122 0.41
  84  139 0.43
  76  101 0.01
  13   20 0.08
  33   40 0.99
  87  133 0.19
 111  131 0.15
  75   93 0.68
  27   79 0.47
  13   91 0.21
   0   60 0.10
  55  134 0.02
 101  121 0.44

  46   63 0.86
  28   34 0.81
  34  108 0.11
  70  109 0.66
 125  154 0.83
  42   67 0.45
  11   69 0.86
   9   92 0.68
 114  174 0.72
  97  123 0.67
  62  101 0.57
  54   67 0.20
  90  149 0.89
  19   48 0.22
  19   38 0.95
  28   92 0.90
  83  162 0.65
 110  146 0.55
  98  153 0.74
  25   62 0.52
  10   90 0.34
 115  169 0.35
  73  128 0.52
  17   37 0.37
 100  102 0.29

  46   76 0.01
  79   96 0.49
  40   97 0.96
  47   65 0.27
  53   89 0.89
  26   99 0.51
  22   51 0.22
 107  164 0.64
 104  120 0.93
  33   37 0.40
  22   51 0.14
  63   93 0.11
  56   76 0.90
  30   55 0.87
   7   56 0.20
  80   90 0.22
  60   78 0.62
  68   85 0.06
   5   43 0.61
  81  154 0.10
  69  130 0.03
  82  111 0.04
  15   96 0.78
  61   85 0.46
  20  101 0.30

  25   84 0.40
  60   82 0.79
 120  144 0.73
  24   55 0.33
  19  102 0.68
  84  143 0.06
  66   78 0.17
  59  114 0.50
  38  112 0.93
 105  160 0.87
  72   72 0.42
  23   80 0.14
  31   39 0.18
  81  125 0.49
  51  117 0.55
  50   55 0.50
 123  187 0.72
   7   21 0.35
   1   48 0.63
  27   94 0.12
  64  102 0.29
  84  106 0.76
  19   66 0.14
 119  154 0.51
  41   49 0.12

