4 50 4
6   10   2  10  20  10   2

   9   86 0.59
  30   77 0.59
  25   82 0.57
  39  102 0.50
  33   82 0.02
  23   25 0.49
   4   41 0.52
  39   89 0.17
  35   81 0.23
  38   51 0.01
   0   69 0.61
   2   13 0.91
  11   41 0.30
  35  105 0.32
  31   51 0.45
  23   75 0.04
  27   93 0.92
  38  119 0.65
  16   40 0.88
  21   46 0.29
  24  102 0.93
  19   22 0.21
   2   29 0.27
  11   29 0.65
  38   69 0.26
  12   53 0.28
  20   43 0.08
  37   52 0.75
  30   60 0.69
  38   91 0.29
   6   77 0.02
  26   73 0.98
  28   53 0.89
  32   97 0.30
  34   64 0.33
  17   43 0.60
  30   45 0.15
  25   65 0.42
  36  111 0.28
  28   63 0.71
  10   63 0.05
   1   62 0.20
   4   84 0.14
  37   46 0.42
  36   71 0.33
   4   45 0.29
  27   57 0.37
   2   19 0.73
   4   24 0.30
  37  118 0.03

   9   22 0.72
   7   39 0.26
   1   78 0.69
   8   81 0.07
  25   54 0.38
  38  119 0.39
  19  102 0.63
  17   80 0.77
  17   27 0.36
  24   37 0.68
  34   89 0.89
  19   38 0.74
   2   30 0.04
   2   55 0.20
  22   64 0.13
   0   50 0.47
  22   27 0.51
  28   64 0.10
  32  114 0.11
  25   73 0.67
  37   59 0.65
  16   38 0.68
  18   37 0.67
  11   82 0.09
   6   77 0.78
  36  105 0.78
  27  101 0.73
  23   36 0.87
  32   40 0.52
  29   87 0.68
  38  120 0.53
  22  103 0.31
  29   54 0.94
  35   93 0.47
  41   69 0.52
  40   93 0.17
  17   65 0.51
   2   59 0.09
  15   53 0.27
  22   57 0.28
  34   94 0.15
  22   46 0.91
   9   91 0.95
   0   58 0.00
  25   30 0.34
   6   53 0.42
  33   53 0.29
  11   29 0.24
  25   96 0.95
  20   41 0.44

  10   22 0.27
  10   53 0.52
  26  105 0.75
  31   41 0.45
  14   19 0.62
   0    2 0.97
  18   81 0.03
  24   65 0.42
  10   17 0.10
  31   84 0.00
   7   12 0.38
   6   68 0.08
  12   14 0.44
  38   94 0.99
   8   35 0.38
  38   41 0.36
   3    6 0.71
   2   54 0.82
  16   37 0.88
  25   85 0.87
  41   68 0.73
  34   81 0.23
  15   79 0.79
  16   67 0.37
  20  103 0.54
   3    8 0.21
   1   37 0.66
  38   54 0.74
  40   67 0.05
   5   47 0.41
   7   82 0.54
  16   52 0.07
  11   29 0.14
  30   69 0.32
  27   44 0.58
  41   90 0.21
  15   68 0.13
  27   89 0.40
  25   73 0.39
  27  100 0.39
  20   54 0.53
  21   22 0.66
  36   78 0.67
  15   26 0.98
  20   35 0.20
  24   63 0.17
  38   73 0.97
  34  113 0.06
   7   18 0.33
  39   40 0.48

  28   47 0.99
  19   91 0.03
   4   36 0.89
  12   17 0.00
  11   43 0.67
  20   55 0.60
  23  105 0.19
  17   33 0.95
  26   78 0.70
  10   60 0.83
  18   98 0.74
  10   47 0.40
  34   92 0.86
  36  118 0.78
   6   78 0.41
  22   69 0.93
  36   86 0.78
  41  106 0.72
   1   65 0.38
  10   46 0.57
   3   68 0.12
  11   18 0.47
  32   87 0.62
  18   19 0.38
  17   55 0.31
  32   55 0.97
  41   86 0.96
  37  101 0.55
  20   74 0.69
   7   80 0.40
  31   93 0.67
   9   77 0.33
   2   33 0.87
  21   47 0.75
   2   50 0.93
  25   26 0.92
   6   46 0.58
  36  104 0.62
  19   26 0.22
   9   12 0.59
  13   44 0.32
   4   43 0.54
  21   38 0.68
  21   28 0.56
   0   55 0.97
   2   29 0.77
  17   92 0.88
  30   34 0.93
   6   73 0.15
  29   32 0.23

  24   78 0.57
  26   81 0.62
  24   83 0.25
  16   85 0.81
  30   88 0.08
  18   72 0.40
  13   55 0.18
  19   27 0.81
  41   96 0.21
   2   83 0.46
   4   64 0.28
  15   34 0.23
  39   61 0.76
   7   25 0.07
  18   83 0.15
  15   77 0.74
  38   41 0.70
  10   15 0.59
  12   65 0.74
  18   96 0.39
   4   78 0.10
  31   46 0.97
  14   35 0.02
   6   66 0.57
  34   89 0.50
  18   23 0.52
  16   83 0.29
   0   35 0.57
  16   45 0.22
  22   78 0.73
  33  107 0.46
  41   72 0.57
   0   32 0.87
  38   77 0.61
  27   56 0.82
  32  105 0.58
  16   59 0.52
  14   49 0.76
  37   46 0.04
  10   82 0.82
  35  114 0.74
  28   53 0.17
  28   28 0.20
  40   91 0.46
  13   54 0.85
  11   20 0.80
  20   72 0.37
  13   45 0.57
  41   42 0.07
  13   24 0.56

  34   57 0.42
  24   69 0.93
   7    7 0.47
   7   47 0.01
  21   53 0.19
   4   81 0.18
  35  102 0.17
   6   24 0.53
  15   89 0.68
   0   53 0.41
   3   31 0.56
  34   84 0.49
   4   71 0.01
  22   27 0.06
  27   55 0.80
  25   53 0.59
  40   64 0.35
  31  104 0.64
   2   41 0.62
  39   59 0.62
  31   39 0.90
  33   45 0.53
  14   18 0.36
  18   31 0.26
  12   51 0.99
  30  112 0.97
  37   38 0.98
   4   40 0.72
  33   85 0.64
   5   61 0.67
   6   16 0.50
  31  113 0.69
  23   40 0.98
  33   93 0.98
   7   30 0.82
  12   60 0.74
  23   76 0.43
   8   86 0.81
   3   42 0.32
  10   40 0.47
  39   50 0.69
  37   96 0.57
  38   68 0.85
  18   72 0.17
  38   39 0.37
   0   72 0.90
  23   47 0.51
  28   55 0.52
   5   69 0.03
   1   55 0.58

