4 80 8
3    4  16   4

  38   44 0.52
  16   30 0.71
   1   25 0.78
  15   44 0.57
  14   32 0.44
  37   55 0.89
  30   47 0.95
  18   34 0.82
  16   21 0.21
   0   25 0.28
   6   28 0.44
  34   54 0.96
  30   45 0.56
  35   61 0.34
  13   37 0.92
   0    6 0.38
  26   42 0.79
  35   46 0.54
  42   53 0.42
  37   55 0.65
  38   43 0.23
   7    9 0.07
  23   25 0.64
  21   36 0.13
   9   27 0.01
  10   10 0.76
  24   47 0.38
  10   10 0.56
  42   67 0.20
  41   50 0.52
  17   33 0.16
  27   48 0.08
  12   32 0.05
  27   31 0.75
  32   47 0.92
   4   30 0.47
  12   24 0.98
   0    9 0.86
  39   61 0.67
  12   22 0.05
   2    5 0.20
  20   30 0.76
  15   15 0.46
  36   37 0.86
  11   20 0.55
  37   42 0.25
  32   41 0.78
  28   52 0.57
   2    3 0.70
  29   38 0.45
  26   45 0.25
   8   10 0.16
   4   11 0.15
   7   21 0.33
  38   50 0.64
  29   46 0.18
  15   21 0.69
  21   26 0.90
   4   30 0.37
  18   28 0.26
   2   13 0.24
   1    5 0.11
  37   66 0.14
  14   36 0.97
  23   47 0.65
  43   66 0.04
   7   15 0.26
  17   45 0.21
   0   15 0.86
   0   16 0.99
  24   50 0.59
  14   24 0.79
  16   37 0.59
  24   53 0.26
  41   65 0.43
   0   21 0.43
  12   37 0.55
  43   46 0.57
  27   41 0.55
  36   40 0.02

  20   38 0.77
  31   60 0.43
  29   34 0.88
  14   33 0.61
  38   67 0.26
  42   52 0.99
  27   31 0.73
  38   49 0.39
  12   30 0.70
   3    5 0.47
  44   72 0.02
   3   27 0.79
  26   45 0.81
  39   64 0.88
  21   33 0.38
  31   33 0.95
   0    2 0.20
  43   63 0.91
  24   51 0.32
  44   70 0.69
   3   31 0.53
  18   32 0.68
   8    9 0.82
  39   53 0.25
  35   37 0.39
  26   30 0.36
  10   16 0.90
  21   27 0.82
  41   57 0.46
  42   66 0.52
  19   30 0.40
  11   38 0.08
  13   25 0.82
  19   22 0.05
  25   46 0.00
  25   30 0.14
   9   31 0.66
  31   52 0.45
  39   67 0.57
  24   32 0.32
  22   37 0.16
  30   43 0.80
  34   37 0.58
  44   65 0.47
  32   39 0.37
  12   23 0.55
  19   20 0.16
  41   45 0.28
  37   48 0.86
  25   34 0.87
  38   45 0.32
  23   36 0.38
  34   60 0.13
  41   66 0.02
  11   17 0.64
  39   40 0.07
  15   24 0.17
  13   19 0.54
   2   12 0.08
   3   11 0.81
  37   56 0.94
   7   20 0.34
  35   51 0.36
  24   32 0.57
  13   17 0.99
  22   34 0.09
  41   69 0.97
  33   62 0.56
  27   48 0.92
  28   48 0.52
  13   42 0.36
  17   36 0.36
  34   43 0.43
  23   46 0.44
  24   27 0.92
   6   17 0.18
  33   41 0.10
  14   36 0.20
  11   27 0.23
  17   29 0.98

  36   61 0.67
  42   53 0.97
  28   49 0.71
  13   25 0.03
   5   20 0.27
  24   45 0.15
  27   34 0.47
  40   48 0.36
   6   33 0.40
  15   17 0.06
  43   68 0.85
  15   23 0.42
  28   57 0.05
  43   54 0.25
  16   25 0.25
   0    1 0.07
  19   45 0.58
  10   22 0.54
  16   44 0.42
  28   34 0.26
  42   53 0.01
  31   39 0.99
  23   26 0.43
  43   55 0.69
   0   13 0.11
  15   40 0.79
  26   51 0.57
  16   31 0.44
  20   43 0.95
  25   34 0.28
  27   30 0.84
  21   41 0.86
  32   42 0.91
  26   30 0.80
  21   22 0.36
  25   36 0.37
  21   23 0.96
  43   72 0.90
  28   31 0.88
  37   44 0.01
  21   46 0.47
   3    5 0.46
  14   15 0.40
  17   33 0.34
  21   41 0.93
   0   16 0.59
  21   21 0.75
   8   23 0.63
   9   28 0.49
  28   49 0.93
  11   31 0.67
  43   57 0.62
   4   19 0.27
  16   43 0.38
  32   55 0.94
  40   55 0.89
  27   40 0.04
  43   52 0.82
  18   33 0.05
  30   44 0.72
  44   73 0.23
   3   13 0.26
  18   25 0.74
   0    1 0.52
  39   48 0.11
  37   65 0.48
  28   56 0.36
   2    8 0.72
  24   29 0.22
  23   38 0.12
  27   47 0.62
  14   39 0.35
  35   35 0.68
  14   22 0.77
  27   52 0.26
  31   43 0.81
  27   32 0.13
   7   13 0.00
  16   29 0.67
  37   66 0.73

