5 50 4
6   10   4   2   4   4  10

   6   29 0.12
  39   78 0.18
  27   66 0.20
  24   40 0.81
  33   38 0.76
   4   11 0.64
  33   71 0.55
  24   44 0.78
  11   39 0.13
  36   50 0.51
   8   37 0.82
  22   34 0.47
   8   17 0.99
  12   18 0.63
   8   41 0.74
  29   53 0.76
  32   72 0.56
  29   58 0.30
   1   39 0.93
  12   22 0.84
  38   59 0.14
  32   64 0.06
  20   33 0.79
   8   23 0.50
  36   70 0.75
  23   44 0.22
  37   70 0.10
   0    7 0.18
  11   16 0.65
  16   17 0.53
   8   38 0.32
  28   68 0.54
  15   39 0.94
  26   39 0.28
   1   42 0.16
  33   63 0.62
  37   55 0.37
  36   67 0.09
   0   33 0.06
  22   50 0.64
  37   55 0.18
  23   31 0.48
  28   38 0.43
  25   25 0.97
  35   63 0.88
   3   35 0.89
  32   66 0.65
  32   62 0.48
  24   44 0.41
   8   42 0.34

  19   31 0.35
  31   51 0.56
  37   78 0.38
  29   62 0.55
  15   41 0.96
  16   46 0.05
  30   33 0.14
   0   28 0.52
  13   44 0.52
  32   37 0.02
  15   45 0.51
  25   54 0.98
   1   37 0.75
  26   65 0.91
   9   30 0.56
  26   60 0.48
   4   31 0.65
  27   40 0.28
  31   41 0.02
  23   41 0.35
  41   64 0.30
   3   16 0.59
  41   80 0.06
   2    8 0.45
  24   62 0.24
  30   47 0.30
   3   36 0.34
   8   32 0.54
   9   40 0.66
  30   37 0.75
  35   47 0.66
  37   45 0.97
  13   51 0.98
  34   56 0.39
   8   39 0.21
  18   30 0.65
  16   43 0.81
  36   54 0.10
  16   42 0.44
  18   40 0.10
  38   51 0.78
  33   36 0.11
   8   13 0.54
   4   25 0.02
  31   65 0.88
  39   74 0.18
  38   54 0.50
  38   65 0.59
  32   56 0.36
   3   16 0.80

  10   30 0.57
  23   27 0.39
   4   28 0.19
   8   26 0.87
   9   24 0.00
  24   36 0.26
  35   36 0.92
  16   54 0.55
   5   12 0.37
  31   47 0.11
   5   39 0.05
  12   49 0.41
  21   34 0.03
  24   61 0.82
  22   41 0.63
  23   41 0.55
  41   57 0.51
  40   64 0.89
   6   40 0.11
   8   15 0.87
  34   36 0.60
  39   54 0.84
   9   13 0.14
   0   15 0.55
  26   29 0.19
  12   27 0.61
  19   27 0.68
  24   65 0.00
  11   19 0.72
   8   30 0.76
  36   71 0.81
   9   27 0.98
   3    3 0.52
   0   34 0.00
   0    0 0.64
  25   62 0.32
  17   34 0.68
  22   60 0.79
  39   77 0.32
  32   38 0.24
  38   75 0.85
  22   54 0.99
   6   28 0.79
   1    5 0.94
  25   32 0.00
  16   57 0.25
  16   26 0.17
  32   69 0.68
  37   52 0.00
  11   20 0.01

   2   20 0.94
  23   27 0.17
  28   36 0.30
  15   20 0.62
  35   69 0.71
  11   33 0.27
  32   62 0.45
  39   52 0.24
   3   26 0.74
  38   44 0.97
  18   19 0.22
  20   43 0.51
  21   46 0.31
   1   37 0.69
   2   30 0.54
  18   26 0.51
  36   36 0.90
  18   41 0.74
  13   52 0.18
  34   60 0.97
  10   17 0.75
  27   32 0.65
  24   25 0.26
  10   28 0.11
  14   37 0.16
  32   49 0.06
   1   18 0.45
  19   55 0.63
  28   56 0.73
  28   66 0.96
  26   32 0.00
   5   22 0.27
  20   21 0.01
   7   43 0.12
  34   47 0.34
  24   65 0.73
  12   46 0.03
  18   39 0.31
  18   47 0.91
  24   46 0.94
  24   25 0.03
  39   42 0.97
   5    9 0.77
  34   73 0.09
  29   69 0.03
  32   56 0.63
  31   70 0.90
  15   15 0.46
  21   31 0.20
  17   36 0.20

  10   33 0.62
  34   67 0.71
  19   33 0.38
   2    8 0.22
  23   42 0.64
  25   36 0.25
   3   25 0.07
  13   32 0.80
  28   49 0.03
  37   50 0.70
  27   56 0.19
  40   66 0.25
  22   56 0.43
  20   60 0.14
  37   50 0.72
  39   48 0.76
   9   32 0.24
   8   27 0.76
   1    7 0.87
  32   42 0.10
  18   36 0.75
  10   44 0.60
  10   50 0.79
  15   30 0.84
   8   40 0.19
  32   69 0.41
   9   44 0.28
  10   41 0.58
  20   26 0.14
  11   42 0.23
  13   48 0.07
  20   49 0.75
   3   41 0.92
  26   58 0.01
  31   72 0.20
   0   33 0.14
  37   37 0.27
  37   75 0.75
  27   54 0.81
   5    5 0.81
  34   72 0.40
  32   67 0.56
  21   57 0.26
   6   33 0.24
   9   38 0.06
  20   25 0.95
  35   59 0.13
   5   32 0.77
  28   43 0.24
  27   44 0.72

   6   20 0.10
   8   45 0.94
  37   61 0.36
  23   50 0.28
   4   22 0.29
  41   63 0.70
  10   49 0.37
  32   73 0.43
  20   47 0.87
  14   20 0.79
  23   50 0.33
  18   49 0.77
  40   52 0.75
  30   36 0.67
  28   67 0.36
  24   51 0.20
   9   33 0.66
  19   28 0.71
  29   29 0.68
  40   48 0.77
  38   52 0.62
  28   43 0.33
  17   41 0.69
  25   49 0.37
   7   34 0.50
  14   35 0.73
  22   39 0.95
  10   33 0.57
  35   55 0.25
   2   25 0.74
   3   26 0.34
  21   39 0.96
  24   32 0.09
  20   21 0.17
   5   23 0.06
   5   27 0.64
   1    8 0.10
  24   58 0.90
  20   44 0.96
  38   43 0.80
  26   40 0.43
  31   46 0.62
  15   40 0.79
   5   13 0.53
  36   45 0.07
  13   50 0.56
   9   22 0.30
   5   17 0.31
  28   65 0.72
  34   41 0.03

