3 50 8
6    4   2   2   2  10   2

   2    5 0.50
   5   15 0.40
   9   15 0.77
   8   15 0.85
   2    6 0.95
   7    8 0.51
   8   13 0.65
   9   18 0.27
   1    2 0.06
   1    6 0.77
   7   11 0.61
   8   15 0.72
   3   11 0.07
   4    7 0.35
   2   10 0.09
   7    8 0.77
  10   12 0.20
   3    8 0.31
   1    9 0.35
   4   13 0.75
   4   11 0.62
   4    7 0.00
   4    6 0.74
   8   11 0.51
   1    9 0.75
   8   17 0.60
   0    4 0.35
   4   11 0.18
   3   11 0.01
   6   16 0.07
  10   10 0.61
   5    9 0.84
   2    2 0.05
   1    5 0.69
   8   14 0.23
   9   14 0.64
   2   12 0.01
   5   13 0.73
   0    6 0.64
   7   17 0.34
   0    7 0.18
   5   14 0.43
   1    7 0.35
   3    6 0.33
   6   13 0.29
   8   13 0.71
   8    8 0.35
   0   10 0.92
   4    9 0.61
   1    4 0.80

   9   17 0.84
   1    9 0.77
   8   11 0.94
   8   15 0.80
   8   18 0.99
   4    5 0.15
   5    9 0.65
   3    7 0.49
   7   16 0.07
   1    8 0.01
   2    3 0.30
   9    9 0.36
   2    7 0.25
   1    3 0.31
   5   12 0.89
   2   12 0.11
  10   10 0.89
   8   17 0.13
   9   10 0.45
   2    8 0.73
   3    8 0.81
   2   10 0.89
   1   10 0.38
   7    9 0.77
   7   11 0.34
  10   11 0.53
   3    6 0.17
   8    9 0.39
   5   14 0.73
  10   12 0.29
   7   14 0.60
   2    4 0.14
   4    6 0.49
   3    5 0.94
   7   15 0.47
  10   20 0.93
   7    7 0.58
   9   18 0.23
   9   15 0.17
   0    6 0.93
   1    1 0.68
   0    4 0.59
   7   14 0.43
   0    3 0.44
   8   18 0.68
   9   14 0.64
   8   13 0.88
   0    0 0.64
   0    9 0.74
   4   13 0.23

   4   11 0.61
   8    9 0.01
   4    4 0.56
   1    6 0.08
   5   12 0.81
   6   15 0.82
   4    8 0.70
   6   12 0.80
   6    9 0.80
   9   19 0.17
   8   14 0.12
   9   15 0.84
   8   17 0.04
   3    7 0.50
   8   14 0.92
   2    3 0.39
   3   12 0.76
   4    5 0.23
   9   13 0.59
  10   13 0.55
   1    1 0.73
   0    3 0.02
   6   14 0.77
   3    6 0.53
   0   10 0.82
   0    3 0.58
   1    9 0.31
   7   10 0.63
  10   17 0.28
   3    7 0.98
   9   10 0.38
   9    9 0.70
   6   15 0.89
   3    9 0.06
   1   11 0.01
  10   11 0.76
   8   14 0.76
   7   10 0.71
   1    5 0.12
  10   11 0.50
   6    9 0.61
   4    4 0.14
   7   17 0.42
   5    7 0.21
   9   10 0.66
   5   13 0.52
   2    8 0.34
   3    7 0.50
   5   15 0.34
   8   15 0.13

   4    5 0.50
   4    9 0.00
   4    5 0.17
   8   13 0.62
   5   11 0.48
  10   13 0.94
   2   11 0.56
   6   14 0.35
   4   11 0.95
   9   10 0.77
   7   14 0.89
   7   11 0.34
   2    2 0.61
   0    0 0.83
   1    9 0.30
   7   13 0.64
   8   17 0.69
   9   14 0.75
  10   17 0.03
   4   13 0.41
   6   15 0.86
  10   19 0.52
   5    8 0.33
   5   15 0.66
   3    4 0.00
   7    8 0.05
   9   13 0.33
   7   13 0.28
   0    4 0.56
   0    6 0.83
   5    7 0.08
   0    3 0.36
   6   13 0.23
   1   10 0.45
   6   13 0.57
  10   20 0.38
   6    6 0.52
   1    2 0.14
   5    9 0.68
   3    5 0.60
   6    7 0.46
   7   14 0.89
   9   17 0.68
   8   11 0.03
   8    9 0.18
   4   12 0.09
   0   10 0.88
   7    9 0.78
   7   17 0.54
   7   16 0.68

   6   14 0.57
   9   17 0.25
  10   11 0.10
   6   13 0.92
   3    6 0.36
   3   12 0.72
  10   11 0.27
   2    5 0.07
  10   12 0.74
   6    8 0.98
   8   12 0.88
   6   15 0.44
  10   20 0.15
   7   12 0.97
   9   19 0.43
   0    0 0.46
  10   13 0.07
   9   13 0.74
   8   11 0.85
   0    1 0.98
   9   13 0.59
   7    9 0.11
   4    9 0.50
   4   12 0.23
   1    9 0.41
  10   17 0.79
   7    9 0.07
   0    4 0.52
   2    5 0.30
   7    7 0.46
   3   12 0.89
   2    7 0.76
   7    8 0.79
   3    8 0.06
   2    8 0.54
   0   10 0.01
   2    2 0.73
   9   13 0.26
  10   10 0.38
   9   19 0.67
   9   15 0.08
   7    8 0.57
   4    9 0.28
   9   11 0.31
   0    7 0.07
   4   14 0.85
   9    9 0.12
   4   11 0.68
   0    1 0.06
  10   17 0.90

   2    7 0.99
   3   10 0.49
   4    4 0.32
   1    4 0.28
  10   19 0.05
   7    9 0.67
   4   14 0.67
   1   11 0.48
   8   13 0.48
   6    6 0.68
  10   10 0.57
   2    2 0.62
   4    6 0.19
   9   12 0.65
   6   14 0.64
   4    4 0.47
   1    1 0.20
   0    0 0.24
   2    2 0.48
   7   11 0.14
   2   10 0.56
   7   12 0.62
   9   11 0.68
   4   13 0.51
   8   14 0.54
   3    7 0.59
   5   15 0.31
   3   13 0.63
   7   13 0.12
   0    7 0.06
   1    9 0.36
   0    5 0.85
   1    7 0.70
   1    5 0.59
   2    7 0.92
   7    9 0.81
   8    9 0.57
  10   18 0.86
   2    5 0.54
   8   12 0.43
   7   11 0.19
   1    6 0.98
   4   14 0.64
   6   16 0.79
   2    7 0.90
   7   17 0.34
   3   13 0.53
   1    9 0.83
   1    5 0.94
   4   13 0.63

