4 15 8
12    2   4  16  20   4  16  10   4   2   2  10  10

  20   21 0.33
   8   13 0.59
  12   14 0.28
  16   18 0.11
  14   16 0.85
  14   15 0.09
  11   11 0.73
  17   23 0.01
  16   17 0.47
   5   10 0.68
   0    2 0.93
   2    7 0.28
   3    3 0.78
  18   27 0.03
  18   23 0.31

  18   19 0.06
   1    3 0.59
   1    9 0.58
   3    7 0.14
  11   21 0.18
  22   25 0.78
   9   17 0.21
   9   12 0.86
   9   17 0.94
  19   28 0.49
   6   16 0.81
   6   14 0.92
   8   15 0.81
  15   24 0.84
  16   25 0.89

  18   26 0.45
  13   16 0.91
   6    7 0.27
   4    6 0.40
   6   10 0.80
   5   12 0.63
   7   10 0.72
   4   12 0.33
  14   23 0.53
  11   15 0.52
  13   18 0.42
  10   12 0.84
  19   20 0.20
  18   27 0.27
   5   13 0.59

   4    9 0.28
   3    7 0.14
  13   14 0.32
   2   12 0.99
  18   20 0.48
  15   18 0.73
  21   29 0.27
   9   11 0.01
   5    5 0.73
   1    4 0.19
   2   11 0.90
   8   18 0.18
  17   26 0.04
  20   20 0.86
  16   22 0.68

   5   13 0.87
  11   16 0.17
   4   12 0.89
   2    7 0.40
   3    4 0.51
  12   16 0.64
  15   19 0.42
  19   28 0.03
  16   16 0.29
   9   16 0.76
   7   16 0.02
   2    3 0.90
  20   30 0.95
  17   18 0.56
   3   10 0.56

   8   10 0.20
   0    3 0.52
   3   13 0.84
   3    3 0.18
  14   15 0.90
  10   13 0.98
  22   30 0.16
  13   18 0.20
  12   16 0.28
  21   30 0.03
   9   10 0.83
  14   23 0.06
  18   27 0.12
   0    0 0.37
  16   23 0.88

   1    6 0.81
   6   12 0.77
   9   17 0.99
   9   10 0.20
  20   30 0.98
   3    5 0.02
  18   24 0.11
  22   24 0.11
  11   13 0.83
   6   14 0.91
  22   22 0.05
   7   10 0.28
  16   25 0.57
  16   25 0.87
   4    5 0.10

  10   17 0.77
  17   19 0.08
   1    1 0.87
  19   29 0.25
   6   14 0.16
  21   25 0.37
  15   22 0.74
   4   13 0.36
   9   19 0.75
  15   21 0.69
   5    6 0.01
  15   19 0.79
   4   10 0.19
   9   12 0.07
  21   22 0.94

   3   11 0.01
  10   17 0.76
  21   23 0.45
   9   16 0.56
   5    6 0.92
   7   10 0.35
  18   24 0.02
  16   22 0.53
  17   21 0.26
  18   20 0.92
   3    5 0.66
  11   17 0.91
  17   26 0.15
  19   23 0.65
  21   24 0.69

  17   26 0.31
  16   19 0.41
   7   15 0.39
   3   13 0.73
   5   15 0.15
  14   24 0.18
   9   16 0.83
  16   22 0.12
   4    4 0.70
   5   10 0.14
   1   11 0.04
   2    7 0.65
  19   19 0.94
   6   11 0.01
   7   14 0.64

   1    7 0.30
   7   11 0.86
   1    1 0.26
   8    9 0.73
  16   19 0.41
   3    7 0.97
   3   10 0.36
  10   16 0.45
  22   23 0.18
   4   14 0.53
   3    6 0.08
  18   24 0.87
   0   10 0.49
  16   17 0.75
   7   13 0.16

  14   20 0.80
  19   29 0.36
  13   13 0.06
   1    1 0.02
  12   16 0.97
  12   13 0.47
  15   25 0.66
   4   12 0.08
   9   12 0.59
  21   25 0.30
   3    3 0.20
  18   20 0.15
  19   23 0.48
  12   19 0.12
  20   23 0.36

