4 50 8
6    4  10  10  10  16   2

  10   22 0.89
   4    6 0.80
  11   45 0.50
   6   30 0.63
  16   47 0.17
   3   17 0.79
  15   63 0.83
   6   65 0.13
  19   68 0.52
  17   65 0.68
   6   29 0.87
   5   60 0.02
   0    1 0.44
  18   66 0.59
   6   17 0.93
   8   51 0.53
   8   58 0.13
  18   76 0.41
   3   16 0.64
   7   10 0.59
   9   10 0.77
   6   58 0.06
  14   32 0.95
   5    6 0.29
   1   16 0.21
   0   55 0.07
   2   21 0.33
  14   14 0.36
   2   30 0.01
  16   51 0.72
  16   61 0.59
  19   70 0.47
   5   60 0.49
  17   55 0.27
   5   40 0.87
  16   71 0.78
   7   49 0.85
  13   16 0.49
   8   46 0.75
  19   27 0.29
   7   49 0.66
   1   24 0.29
   7   56 0.49
   7   35 0.75
  10   45 0.42
  11   70 0.14
  14   48 0.32
   8    8 0.88
   8    9 0.57
   1    5 0.04

   1   16 0.71
  13   37 0.80
   8   55 0.88
  17   49 0.31
   2   50 0.88
   6   55 0.77
   9   28 0.90
  10   57 0.43
   3    3 0.85
  12   18 0.67
  14   63 0.33
   2   59 0.96
   6   53 0.74
  13   48 0.34
  12   23 0.67
   0   40 0.17
   6   30 0.46
  13   37 0.75
  18   20 0.05
   5   25 0.58
   4   27 0.20
   2   27 0.87
  14   61 0.36
   9   30 0.10
  14   30 0.88
   7   27 0.65
  18   47 0.90
   0   26 0.25
  19   51 0.14
   7   40 0.27
   8   25 0.14
  18   18 0.95
   0   52 0.88
  11   21 0.16
  10   52 0.79
  10   51 0.10
   5   42 0.31
  18   48 0.95
   5   19 0.18
  15   41 0.89
   7   50 0.41
   3   18 0.34
  16   57 0.11
  19   33 0.24
   0    1 0.09
   8    9 0.52
  19   68 0.81
  13   49 0.14
   0   36 0.92
  13   63 0.52

   1   15 0.69
   5   11 0.89
  16   21 0.38
   8   19 0.99
   4   47 0.73
  18   21 0.25
   8   20 0.95
   0    0 0.56
   0   53 0.88
   7   30 0.17
   1   48 0.60
   0   11 0.22
  13   20 0.04
   1   11 0.85
  15   16 0.09
   0    1 0.46
  12   65 0.98
  16   51 0.11
  15   66 0.48
   4   51 0.19
  11   28 0.81
   5   10 0.47
  13   32 0.45
   4   11 0.90
   8   19 0.03
   7   60 0.81
   4   19 0.04
   8   58 0.62
   4   25 0.65
  17   18 0.35
  19   61 0.85
   2   11 0.35
   0   35 0.82
   3   33 0.26
  19   53 0.94
   8    9 0.85
   0   23 0.16
   6   39 0.10
   4   22 0.95
   3   62 0.28
   7   31 0.76
  14   61 0.44
   5   19 0.33
   9   57 0.69
  11   61 0.75
   7   48 0.34
  10   42 0.63
  17   51 0.12
  18   63 0.02
   3   12 0.06

   5   45 0.46
   5   37 0.24
   0   12 0.76
   6   46 0.83
   5   57 0.02
   3   26 0.43
   1   33 0.89
  18   30 0.26
   5   22 0.50
  12   41 0.32
  18   56 0.41
  18   19 0.15
  13   17 0.88
   9   54 0.81
  19   71 0.82
   5   10 0.94
   9   26 0.72
  11   22 0.80
   4   34 0.91
  11   42 0.47
   3    3 0.43
  19   45 0.20
   5   30 0.70
  15   45 0.36
   9   58 0.18
   6   53 0.12
   6   21 0.99
   6   57 0.23
   2   40 0.09
  13   65 0.80
   7   37 0.17
   3    4 0.68
  18   21 0.17
   4   49 0.04
  12   38 0.25
  16   66 0.73
   0   30 0.20
  19   49 0.33
  13   17 0.53
  12   33 0.87
  12   23 0.88
  13   23 0.41
   8   32 0.59
  13   35 0.42
   8   45 0.57
  17   48 0.37
  10   52 0.86
   5    7 0.52
  18   27 0.36
   5   54 0.66

  10   27 0.49
   8   52 0.78
  19   78 0.28
   9   49 0.37
   0   44 0.58
   4   52 0.88
   0   20 0.78
   8   56 0.34
  14   51 0.04
  11   33 0.15
   6   34 0.40
  13   41 0.51
   9   68 0.48
   0   41 0.08
  18   41 0.66
   6   13 0.57
   2    5 0.09
  17   42 0.83
   0   25 0.34
   8   41 0.92
  18   20 0.87
   1   22 0.64
   0   45 0.05
  18   71 0.83
  15   44 0.94
  11   12 0.93
  15   56 0.53
  11   41 0.85
  16   72 0.19
  17   17 0.92
   3   43 0.32
   5   49 0.65
  19   42 0.33
   0   46 0.63
  14   14 0.38
   4   25 0.43
   9   44 0.36
   4   28 0.37
  15   74 0.26
   3   59 0.37
   6   55 0.75
  11   62 0.63
  18   38 0.47
   5   61 0.49
  18   31 0.72
   3   33 0.07
   9   67 0.49
  10   35 0.32
   8   29 0.33
   7   38 0.35

   8   53 0.49
  16   71 0.15
  13   71 0.91
  14   22 0.58
  17   28 0.74
  12   67 0.28
   3   50 0.10
  14   44 0.95
  11   31 0.00
   2   60 0.27
  18   77 0.11
  19   77 0.51
   4   57 0.91
   8   60 0.46
   3    8 0.09
  13   56 0.80
   4   46 0.24
   1   14 0.62
  16   20 0.08
  10   30 0.18
  12   46 0.26
  10   40 0.59
   4   23 0.54
   8   10 0.37
  15   31 0.88
   8   30 0.26
  11   18 0.39
   6   58 0.48
   4   59 0.01
   1   52 0.21
  12   45 0.23
   9   42 0.32
  13   63 0.00
   0   56 0.59
  14   28 0.73
  17   19 0.08
   3   36 0.14
   3   34 0.89
   7   33 0.59
   8   21 0.96
  14   24 0.53
   4   44 0.33
   0   19 0.31
   2   23 0.60
  19   43 0.23
   1   32 0.56
   6   29 0.00
   2   54 0.95
  11   67 0.06
  16   61 0.50

