5 100 4
3   10   2   2

  33   54 0.95
  28   34 0.45
  27   78 0.02
  25   47 0.14
  12   44 0.44
  26   73 0.74
   9   42 0.88
  28   66 0.17
  22   45 0.20
  25   55 0.59
  20   30 0.66
  22   32 0.49
  12   49 0.18
  25   27 0.99
  15   62 0.42
   5   50 0.48
  19   53 0.69
  10   28 0.86
  19   54 0.88
   8   34 0.14
   0    8 0.94
   1   31 0.48
   8   26 0.54
  22   52 0.25
  16   38 0.68
  29   32 0.73
  28   71 0.01
  28   79 0.24
   8   15 0.47
  16   50 0.87
  29   66 0.69
  31   35 0.09
   6   33 0.36
  11   54 0.90
  26   76 0.57
  21   46 0.03
  12   33 0.92
  29   43 0.16
  11   40 0.25
  24   49 0.03
   1   14 0.11
  12   53 0.44
   7   33 0.96
   4   54 0.37
  30   65 0.07
   1    9 0.00
   8   54 0.52
   6   34 0.41
  19   54 0.82
   0   34 0.48
  25   64 0.92
  29   37 0.59
  21   56 0.60
   4   30 0.66
   2   15 0.45
  31   53 0.20
  15   21 0.09
  25   42 0.67
   9   11 0.80
  25   66 0.83
  14   53 0.30
  14   26 0.68
  34   65 0.59
  22   49 0.35
   5    7 0.41
  25   41 0.37
   3   43 0.89
  13   14 0.21
  29   77 0.90
   8   53 0.96
  28   69 0.15
  25   69 0.01
   8   30 0.68
  26   54 0.33
   6   36 0.73
   3   11 0.08
  25   75 0.21
  27   60 0.45
  11   43 0.41
  23   27 0.21
  34   63 0.30
   5   48 0.62
  16   57 0.58
   9   24 0.77
  21   46 0.53
  11   32 0.42
   6   39 0.08
  19   33 0.32
   9   10 0.84
  23   41 0.78
  27   28 0.34
  21   39 0.69
   8   24 0.33
   8   28 0.68
  12   56 0.64
  18   65 0.59
   5   50 0.19
   8   19 0.30
  28   36 0.31
  24   37 0.77

  11   31 0.64
  31   62 0.57
   1   27 0.62
  24   74 0.92
  31   44 0.39
   2   28 0.43
   4   42 0.26
  32   53 0.80
  22   49 0.65
  34   57 0.70
   0   18 0.84
  14   24 0.28
  13   45 0.70
   6   55 0.21
   1   50 0.26
  31   73 0.65
  24   55 0.26
   2   11 0.11
  19   25 0.28
   2    7 0.04
   2   49 0.77
  28   46 0.56
  12   52 0.88
  31   55 0.03
  12   31 0.70
   7   21 0.35
  13   45 0.88
  31   31 0.07
  32   53 0.80
  27   53 0.86
   5    7 0.26
  32   81 0.23
  26   65 0.29
  12   53 0.28
  26   27 0.01
  16   24 0.20
  18   53 0.08
   5   35 0.93
  10   32 0.03
  11   27 0.75
  14   48 0.61
  24   54 0.93
   6   48 0.22
  28   61 0.66
   5   56 0.07
   1   25 0.59
  24   59 0.47
   1   10 0.99
  13   26 0.57
   3   35 0.93
  21   57 0.92
  17   60 0.77
  18   37 0.44
  11   52 0.24
  28   63 0.41
   5   55 0.49
   2   45 0.12
  10   40 0.33
  17   40 0.38
  21   48 0.25
  33   51 0.50
  12   54 0.88
  21   59 0.71
  20   42 0.55
   1   34 0.25
  11   38 0.24
  33   50 0.00
  17   42 0.20
  34   41 0.72
  18   43 0.39
  11   21 0.63
  34   63 0.98
   6   44 0.63
   0   48 0.92
   8   50 0.59
   7   44 0.67
  17   48 0.79
  33   57 0.47
   0   10 0.58
  25   46 0.62
  10   48 0.16
  20   27 0.00
   4    7 0.85
  13   33 0.19
   4   14 0.18
  23   53 0.39
  10   33 0.82
  16   45 0.51
   8   29 0.55
   1   17 0.46
  17   63 0.87
   3   34 0.62
  25   28 0.19
  11   62 0.60
   2   30 0.42
  23   25 0.16
  14   17 0.16
  19   32 0.81
   0   49 0.97
  26   35 0.26

  15   61 0.29
  19   54 0.78
   9   20 0.83
  17   38 0.64
  14   26 0.41
  10   26 0.94
   0   17 0.02
  23   30 0.90
   9   57 0.72
  11   15 0.57
   3   40 0.10
   5   34 0.56
  21   68 0.25
  33   54 0.93
   2   25 0.22
  14   39 0.26
  18   49 0.01
  24   26 0.63
  33   51 0.79
  33   40 0.29
  21   54 0.51
  25   40 0.47
  34   85 0.38
  15   35 0.58
   4   40 0.61
  27   44 0.26
  13   21 0.66
   3   50 0.92
  31   52 0.22
  30   52 0.88
  11   62 0.53
  20   24 0.96
   0    8 0.88
  15   59 0.69
  21   32 0.90
  25   48 0.35
  17   68 0.29
  26   55 0.48
  20   39 0.20
   6   12 0.56
   4   12 0.05
  23   44 0.66
  28   69 0.72
   8   45 0.87
   6   26 0.38
  16   16 0.87
  12   24 0.57
  11   24 0.54
  24   67 0.06
   6   12 0.27
  32   57 0.47
  15   18 0.50
  34   68 0.76
  19   23 0.92
  24   35 0.96
  24   75 0.80
  32   47 0.50
  10   38 0.79
  34   56 0.52
   1   34 0.81
  32   82 0.23
  18   46 0.51
  33   59 0.07
  12   39 0.51
  13   21 0.34
   3   34 0.80
  16   39 0.25
  15   58 0.81
  21   69 0.81
   4   16 0.85
  14   37 0.84
  23   65 0.81
  28   58 0.09
  34   57 0.21
  23   66 0.92
  28   74 0.08
  29   37 0.25
  10   24 0.51
  19   22 0.99
  32   76 0.22
   0   13 0.54
  25   65 0.99
  34   79 0.19
   4   10 0.91
  12   12 0.99
  14   41 0.59
  20   46 0.97
  10   41 0.26
  23   72 0.36
   0    3 0.86
   1   15 0.87
  10   13 0.92
  20   35 0.87
   2    3 0.01
  16   22 0.85
  28   77 0.75
  25   47 0.21
  27   45 0.11
  17   37 0.11
  13   63 0.19

