3 80 4
3    2  10   2

   7   57 0.66
  16   49 0.52
   9   27 0.72
   4   71 0.36
  10   74 0.39
  20   78 0.58
   6   70 0.84
   1   29 0.68
   0   24 0.52
   1   60 0.59
   7   17 0.56
   1   18 0.73
   3    5 0.83
   0   10 0.12
  17   38 0.23
  16   19 0.34
   9   15 0.77
   7   46 0.37
   0    7 0.02
  19   65 0.76
  12   30 0.95
  18   39 0.25
  22   33 0.49
  14   36 0.61
   5   34 0.75
   3   22 0.41
   8   27 0.07
   1   57 0.90
  18   28 0.11
  18   59 0.05
  21   36 0.77
   9   27 0.06
  16   37 0.87
  20   73 0.55
  21   26 0.36
  10   34 0.22
  19   47 0.65
  17   20 0.40
  10   46 0.25
   8   49 0.83
  20   86 0.33
   9   39 0.81
  14   25 0.81
  13   50 0.42
   7   10 0.22
  12   26 0.85
   5   29 0.41
  20   22 0.82
  14   28 0.88
  11   76 0.52
  10   51 0.60
   2   19 0.10
  18   73 0.95
  19   25 0.92
   4   52 0.32
   1   50 0.24
   1   14 0.84
  10   64 0.02
  20   76 0.65
  14   30 0.02
  19   28 0.18
   9   27 0.47
   8   37 0.36
   3   12 0.19
  18   38 0.03
   4   53 0.52
  21   34 0.83
   0    9 0.69
  16   36 0.08
  15   57 0.31
   1    5 0.20
   0   58 0.21
  13   76 0.37
  18   19 0.27
  13   72 0.71
   6   65 0.51
   4   20 0.24
   9   32 0.78
  16   40 0.12
   3   35 0.64

  19   69 0.81
   6   24 0.41
   5   11 0.38
   5   11 0.21
  17   31 0.47
   2   49 0.60
  19   68 0.45
  17   37 0.72
   7   44 0.14
   8   19 0.71
  14   70 0.73
   2    8 0.97
  11   44 0.72
   9   57 0.76
  13   21 0.59
   3   63 0.09
  10   76 0.79
   0    1 0.26
  18   75 0.56
   1   64 0.82
  16   65 0.07
  21   80 0.22
  20   87 0.01
  13   32 0.96
   3   31 0.61
  13   55 0.24
   0   62 0.46
  16   71 0.31
   2   26 0.64
   0   15 0.41
  17   22 0.78
  13   42 0.73
   5   28 0.60
  20   84 0.47
  21   81 0.06
  14   69 0.05
  18   26 0.76
  10   34 0.85
   1   26 0.92
   1   33 0.16
  10   48 0.86
  16   41 0.43
  19   61 0.98
   4   19 0.79
   9   64 0.81
  22   71 0.24
   4   11 0.47
   5   33 0.90
  20   43 0.30
  17   50 0.74
  20   47 0.25
  20   20 0.84
   0   27 0.35
  16   42 0.66
   6   16 0.72
   2   37 0.20
  15   44 0.88
  18   81 0.74
   3   24 0.83
  13   56 0.30
  20   78 0.51
   4   56 0.87
  19   48 0.28
  11   51 0.36
   5   71 0.48
   4    5 0.55
  19   75 0.29
  18   59 0.14
   6   62 0.69
  10   27 0.82
   7   56 0.81
  15   18 0.73
   1   64 0.06
  16   69 0.64
   3   71 0.96
  16   36 0.09
   1   45 0.88
  15   28 0.86
  18   40 0.06
  19   28 0.74

   3   44 0.54
   2   38 0.05
  16   29 0.81
  13   73 0.15
  17   35 0.96
  13   26 0.43
   5   29 0.81
   4   54 0.43
   3    5 0.47
  18   34 0.23
  10   68 0.84
  14   60 0.48
  22   26 0.93
  10   76 0.60
   1   28 0.55
   7   75 0.82
  20   22 0.50
   3   18 0.93
  22   47 0.27
   7   18 0.49
   3   38 0.79
  15   81 0.65
  13   37 0.96
   7   35 0.26
   5   32 0.30
   0   60 0.16
  17   60 0.14
  17   28 0.62
   4   17 0.65
   6   29 0.84
  10   54 0.81
   7   66 0.39
   5   13 0.63
  18   34 0.68
  13   20 0.40
  21   26 0.08
   1    3 0.25
  12   40 0.29
  14   41 0.80
   5   31 0.87
  19   74 0.18
   9   77 0.00
  15   67 0.10
  13   25 0.42
   9   18 0.65
   7    8 0.28
  16   77 0.25
  16   34 0.45
   6   24 0.53
  14   21 0.37
  12   62 0.13
  13   67 0.66
   5   23 0.25
  10   19 0.04
   3   37 0.25
  12   33 0.31
  18   28 0.94
  18   57 0.32
  16   54 0.58
  11   62 0.38
   3   50 0.54
   0   32 0.04
  20   42 0.97
   8   64 0.07
   3   70 0.18
  14   46 0.62
   4   28 0.42
   1   65 0.42
  13   75 0.58
  12   30 0.96
   0   26 0.30
  14   50 0.75
  21   54 0.28
   1   64 0.41
   9   14 0.10
   3   24 0.87
   7   27 0.03
  22   66 0.91
   3   13 0.16
  20   47 0.63

