4 20 8
12   10   2   4  16  16  20  10  16   2   4   2  10

  45   55 0.99
  21   26 0.53
  21   21 0.21
  36   39 0.14
  41   42 0.13
  24   36 0.57
  13   20 0.45
  43   43 0.51
  50   62 0.29
  14   24 0.62
   4    8 0.57
   4   14 0.18
   5   14 0.00
  31   41 0.67
  47   63 0.59
  41   52 0.75
  13   20 0.02
  32   40 0.52
  30   40 0.03
  33   46 0.86

  45   53 0.79
   2    5 0.24
  36   43 0.21
  32   34 0.35
  16   32 0.25
   5    7 0.63
  39   48 0.23
  43   52 0.19
   9   14 0.46
  34   48 0.86
  40   43 0.35
  38   45 0.34
  15   18 0.03
  11   23 0.16
  14   18 0.31
  40   51 0.77
  42   56 0.98
  31   38 0.34
  13   16 0.87
  15   21 0.27

  43   51 0.60
  38   45 0.58
  33   37 0.07
  17   30 0.11
  45   47 0.94
  34   48 0.07
   9   19 0.22
  50   50 0.16
  44   55 0.53
  26   29 0.92
   2    7 0.54
   8   16 0.44
  47   60 0.04
  42   50 0.75
   0    6 0.53
   7   23 0.68
  21   22 0.10
  32   36 0.59
   3   19 0.16
   1    3 0.29

  36   36 0.96
  50   63 0.62
  12   12 0.79
  13   27 0.03
  29   29 0.72
   4    6 0.43
  41   48 0.21
  39   55 0.31
  10   15 0.74
  15   22 0.80
  22   33 0.32
  12   21 0.63
  10   11 0.22
  30   45 0.84
  14   18 0.19
  46   55 0.72
   9    9 0.58
  44   45 0.45
  10   15 0.98
  26   29 0.36

  24   40 0.90
   7   23 0.45
  29   41 0.30
  24   33 0.95
  32   39 0.82
  16   22 0.68
  32   41 0.26
  43   44 0.43
  36   37 0.03
  31   45 0.14
  22   25 0.61
  34   48 0.47
  12   16 0.96
   9   10 0.60
  19   24 0.57
   3    8 0.20
  51   63 0.15
   7   22 0.64
   1   13 0.52
   3    4 0.95

  42   54 0.91
  13   28 0.80
  27   31 0.46
   5   14 0.69
  15   17 0.80
  19   29 0.73
  34   37 0.54
   6   22 0.33
  11   22 0.89
  22   31 0.76
  29   32 0.68
  48   51 0.95
  35   39 0.44
  22   33 0.86
  40   48 0.54
  18   27 0.65
  48   51 0.64
  40   49 0.82
   0    5 0.70
   4   17 0.78

  25   41 0.79
  23   39 0.60
   5    5 0.29
  12   17 0.25
  18   21 0.95
  35   38 0.83
  40   54 0.05
  28   29 0.39
  18   20 0.58
  12   12 0.68
  38   39 0.16
  25   40 0.93
  16   27 0.32
  48   53 0.04
   5    9 0.31
  24   34 0.76
  42   45 0.20
   7   22 0.21
  50   64 0.92
  30   42 0.34

  18   23 0.82
  39   42 0.77
  31   35 0.52
  38   40 0.09
  39   49 0.04
   8   10 0.92
  42   54 0.16
  22   33 0.81
  50   59 0.02
  28   32 0.11
  25   41 0.34
  30   39 0.51
  44   58 0.66
  39   51 0.23
   4    5 0.83
   9    9 0.59
  36   46 0.40
  25   39 0.47
   4   16 0.99
  28   38 0.42

   0    8 0.83
  40   54 0.50
  34   50 0.61
  33   46 0.25
  25   34 0.53
  40   52 0.36
  19   26 0.44
  31   36 0.41
  11   26 0.48
  12   15 0.23
  17   18 0.17
  26   35 0.91
  50   57 0.73
  15   27 0.72
  11   11 0.86
  14   15 0.90
  26   28 0.08
   0    3 0.03
  13   28 0.98
   8   13 0.47

  48   51 0.52
  42   48 0.95
  27   31 0.74
  13   24 0.32
  26   31 0.49
  19   28 0.02
  46   62 0.84
  42   56 0.17
  11   23 0.52
  30   30 0.89
   3    6 0.31
  35   39 0.63
   7   18 0.22
  18   24 0.63
  42   52 0.70
  50   64 0.35
  14   14 0.79
  17   27 0.43
  10   19 0.45
  11   27 0.42

  31   45 0.92
  18   32 0.39
  28   37 0.32
   6   14 0.24
  51   65 0.35
  11   21 0.04
  10   14 0.13
   1   15 0.66
  14   21 0.50
  34   50 0.58
  17   25 0.09
   7   21 0.75
   9   15 0.75
  37   47 0.59
  45   59 0.94
  48   50 0.11
  37   40 0.95
   8   16 0.55
   0    6 0.88
   7   15 0.39

   0    8 0.53
   2   17 0.89
  40   54 0.32
  48   61 0.64
  41   41 0.61
   7   22 0.02
   5   11 0.49
   6   15 0.35
  14   16 0.69
  44   60 0.06
  14   25 0.09
   8    9 0.84
  32   47 0.95
  44   59 0.67
  47   53 0.42
  42   58 0.97
  17   28 0.38
  46   47 0.61
  39   52 0.59
   3    9 0.61

