3 60 8
3    4  10  20

   1   12 0.46
  58   66 0.56
  34   37 0.05
  23   37 0.69
  62   72 0.43
  52   71 0.45
   2   11 0.92
  53   58 0.99
  26   42 0.48
  37   48 0.67
  26   41 0.16
  36   47 0.41
  51   62 0.16
  18   24 0.34
  57   61 0.51
  37   57 0.68
   2    8 0.09
  19   34 0.98
  18   35 0.35
   9   27 0.22
  18   25 0.45
   6   16 0.38
  52   64 0.38
  30   41 0.01
  29   37 0.09
  16   29 0.78
  18   20 0.68
  24   27 0.90
  43   56 0.68
  31   46 0.44
   0    2 0.56
  59   59 0.29
  56   66 0.78
  31   31 0.18
   4   14 0.05
  28   38 0.10
  44   53 0.06
  30   50 0.02
  16   24 0.21
  52   72 0.23
  28   45 0.69
  38   48 0.06
  16   24 0.22
  49   51 0.67
  62   80 0.44
  33   38 0.33
  31   38 0.87
  45   57 0.13
   3   12 0.94
  62   64 0.66
  46   51 0.97
  21   26 0.26
  62   72 0.26
  29   45 0.72
  52   69 0.92
  40   44 0.83
  12   22 0.46
  36   43 0.38
  16   23 0.44
  19   24 0.87

  36   42 0.01
  22   24 0.96
  44   64 0.27
  62   62 0.96
  52   54 0.05
  31   40 0.02
  62   82 0.80
  61   61 0.40
  62   80 0.16
  36   41 0.28
  40   58 0.56
   0   16 0.69
  17   36 0.40
  29   47 0.18
  55   72 0.49
  33   43 0.76
  19   31 0.16
  48   67 0.88
  32   45 0.39
  10   15 0.31
  12   17 0.82
  59   76 0.01
  62   69 0.58
  42   57 0.38
  22   42 0.94
  25   42 0.28
  12   13 0.70
  42   44 0.16
  62   71 0.49
  47   65 0.91
  22   25 0.20
  17   23 0.50
  16   20 0.18
   8   18 0.68
  22   31 0.99
  30   44 0.15
  59   75 0.39
  49   69 0.21
   5   23 0.41
   1   20 0.65
  11   23 0.04
  35   36 0.87
  16   18 0.57
  36   37 0.35
  24   24 0.92
  33   45 0.42
  48   54 0.96
  31   40 0.15
  24   40 0.37
   6    9 0.31
  50   62 0.08
   1   15 0.62
  46   47 0.61
  39   40 0.14
  25   34 0.46
  48   68 0.54
  15   35 0.00
  60   77 0.13
   1   12 0.27
  27   28 0.24

  18   30 0.36
  52   58 0.61
  28   44 0.29
  39   44 0.03
  44   53 0.23
  10   19 0.52
  58   59 0.14
  57   64 0.40
  49   52 0.81
  40   53 0.55
  33   36 0.01
  57   75 0.06
  20   22 0.38
  13   27 0.69
  17   23 0.32
  61   77 0.72
  17   20 0.41
  27   32 0.87
  50   66 0.29
  50   56 0.44
   2    6 0.45
  17   21 0.13
   4   17 0.71
  26   30 0.39
  25   26 0.75
  11   18 0.50
  16   33 0.53
  36   36 0.82
  29   35 0.97
  21   37 0.52
  49   49 0.22
  59   74 0.24
  51   69 0.21
  60   77 0.71
  35   47 0.63
  61   81 0.38
  39   42 0.29
   4    7 0.87
   7   25 0.56
  23   41 0.46
  15   20 0.82
  49   67 0.11
   4   15 0.64
   6   11 0.87
  33   43 0.27
  17   37 0.99
  19   26 0.64
   2    7 0.91
  51   51 0.92
  54   73 0.24
   8   28 0.70
  52   56 0.59
  32   42 0.22
  48   59 0.31
  23   41 0.23
  60   75 0.80
  12   27 0.21
  42   50 0.52
   6   19 0.62
   8   26 0.99

