5 100 4
3    4   2  20

  37  133 0.67
  31  109 0.33
   3   85 0.35
  21  105 0.27
  60   97 0.99
  56   77 0.56
  23   61 0.77
  46   57 0.86
  59  155 0.27
  48   90 0.90
  53  119 0.14
  15  103 0.40
  59  113 0.15
  42  122 0.49
   7   83 0.16
  19  106 0.49
  19   52 0.88
  59  133 0.40
   3   12 0.38
  25  106 0.87
   0   67 0.19
  10  105 0.11
  11   99 0.75
  43   97 0.03
  64   97 0.38
  13   88 0.05
  64  135 0.38
   9   86 0.04
  20   83 0.03
  19   93 0.93
  63  124 0.22
  40  116 0.47
   1   96 0.31
  46  106 0.35
  56  139 0.47
  25   98 0.96
  24   71 0.29
  39  112 0.04
  53   95 0.25
  22  105 0.02
  29   66 0.07
  60  154 0.82
  48  118 0.71
  20   80 0.49
   9   22 0.81
  14   36 0.69
  55  109 0.91
   8   94 0.89
  28   63 0.04
  18   27 0.77
  19   36 0.85
   4   14 0.25
   6   82 0.08
  11   63 0.72
  26   69 0.85
  15   22 0.77
  56  122 0.02
  49   50 0.83
  58   86 0.09
  33   67 0.68
  55  135 0.71
  54  121 0.08
  31   61 0.55
   1   48 0.13
  43   59 0.29
  10   61 0.78
  23   62 0.10
  52   64 0.52
  46  102 0.12
   8   91 0.92
   6   91 0.67
  11   40 0.56
  54   66 0.04
   8   89 0.35
  61  155 0.34
  12   28 0.87
  30  107 0.50
  24   86 0.94
  14   73 0.43
  36   63 0.46
  53  125 0.54
  56   98 0.43
  26   37 0.23
  54  102 0.86
  41   56 0.47
  37  120 0.77
  13   76 0.38
  12   48 0.82
  34   66 0.25
   1   74 0.38
  43  134 0.18
  12   16 0.26
  47   96 0.71
  48   69 0.22
  11   69 0.36
  22   83 0.60
  44   84 0.22
  61  133 0.09
  38  134 0.61
  44   58 0.49

  24   95 0.40
  31   87 0.92
  33   46 0.92
  49   65 0.70
  26   64 0.73
  31  122 0.63
  29  104 0.27
  19   57 0.08
  24  106 0.82
  25   71 0.81
  15   71 0.51
  27   51 0.57
   1   50 0.71
  49   96 0.85
  11   37 0.13
  47  143 0.96
  12   49 0.75
  29   70 0.08
  33   69 0.53
  49   70 0.54
   4   52 0.21
  35   61 0.32
  56  146 0.28
  34   46 0.18
  31   35 0.58
  50   94 0.84
  48   68 0.97
  14   98 0.91
  13   97 0.12
  49   52 0.48
   1   97 0.16
  57  134 0.09
  55   57 0.65
  45   82 0.30
  20   20 0.16
  26  105 0.55
  29   51 0.49
  33  118 0.13
   1   94 0.25
  52  102 0.66
  55   62 0.65
  64  133 0.77
  53  117 0.32
  39  110 0.55
  29   81 0.93
  28   33 0.24
   4  100 0.62
  35   79 0.17
  57   78 0.87
  29   93 0.72
  52  144 0.15
  64  152 0.85
  53   99 0.45
  12   26 0.65
  32   32 0.24
  33   80 0.24
  35   52 0.79
  56   85 0.68
  19   79 0.71
  27   68 0.04
  59   78 0.09
   7   35 0.48
  15   56 0.70
  54  113 0.09
   5   73 0.60
  29  123 0.88
  31   72 0.26
  56  127 0.18
  52   54 0.42
  48   88 0.02
  24   57 0.49
  56   89 0.33
  48   65 0.75
  62  156 0.11
  52   75 0.98
  17   98 0.35
  19   25 0.02
  24   53 0.47
  29  103 0.91
  30   52 0.30
  48  109 0.05
  21   92 0.90
  27  115 0.75
   4   96 0.63
  22   88 0.25
  58   86 0.39
  50  102 0.02
  12   25 0.72
  21   86 0.08
  35   85 0.97
   2   69 0.22
   7   77 0.21
  17   93 0.31
  21   92 0.32
  63   99 0.08
  47  141 0.97
  12   97 0.91
   8   35 0.33
  43   91 0.38
  17   19 0.96

  22   43 0.31
  13   74 0.84
  42  107 0.38
  63  142 0.27
  33   47 0.45
  43   77 0.01
  17   77 0.28
  56  143 0.52
  22   24 0.17
  36   87 0.14
   4   70 0.08
  43   56 0.23
  42   45 0.04
  15   51 0.40
  32   46 0.82
  21   22 0.39
  31   57 0.61
   3   36 0.92
   9   29 0.41
  56   68 0.33
  28   74 0.72
   6   34 0.15
  49  127 0.41
  18   74 0.31
  45  112 0.36
  20   50 0.60
  49   83 0.89
  52   84 0.01
  18   19 0.47
  11   75 0.86
  18   48 0.01
  52  105 0.21
  16   17 0.72
  52   64 0.50
   1   88 0.49
  45  138 0.06
  30   62 0.33
  16   27 0.54
  44  109 0.34
  17   55 0.57
  23   67 0.33
  56  109 0.85
  52  139 0.64
  17  103 0.63
  55   93 0.52
  34   69 0.53
  58  123 0.19
  11   46 0.27
   7   90 0.29
  11   58 0.99
  13   60 0.70
  11   88 0.57
  43   77 0.59
  20   60 0.87
  53   83 0.25
  59  150 0.13
   0   11 0.55
  47   97 0.65
  31   86 0.26
  53  135 0.28
  23   81 0.09
  23  111 0.86
  51   74 0.31
  52   67 0.52
  64   72 0.29
  30   74 0.93
  17   24 0.82
  23   86 0.12
  36   47 0.52
  30   52 0.91
  45  106 0.25
   6   63 0.27
  38  122 0.88
   0   49 0.61
  14   75 0.95
  47  113 0.64
  45  132 0.41
  49   78 0.10
  12   42 0.67
  57   81 0.29
  62  138 0.81
   5    6 0.41
  63  114 0.68
   5   44 0.70
  32   59 0.45
  18   70 0.64
  35   86 0.34
  36   56 0.13
   5   19 0.28
  10  102 0.09
   4   28 0.14
   7   58 0.32
   1   93 0.11
  25  109 0.25
  54   99 0.39
  26   72 0.75
  32  113 0.38
  21  105 0.75
  54   59 0.24
  47   92 0.91

