4 40 8
6   20  16  16   2  16   2

  17   22 0.32
  17   24 0.08
  50   98 0.49
  45   77 0.38
  60   77 0.79
  20   69 0.56
   9   11 0.53
  60   95 0.52
  12   67 0.53
  30   53 0.68
  24   90 0.91
   3    6 0.20
  50   73 0.73
   8   26 0.10
  28   72 0.26
  12   28 0.01
  37   98 0.41
  10   30 0.86
  47   47 0.56
  32   65 0.64
  49  115 0.71
  20   24 0.14
  55   82 0.28
  41   61 0.46
  25   44 0.98
  34   77 0.13
  66   77 0.20
  28   55 0.90
  40   84 0.69
  58  109 0.97
  37   46 0.44
  37   37 0.52
  64   76 0.33
  12   19 0.62
  47  102 0.99
  14   52 0.82
  60  104 0.77
  57   78 0.52
  15   66 0.01
  63  116 0.57

   8   47 0.18
  29   43 0.68
   7   29 0.85
  16   17 0.30
   1   66 0.59
  61   94 0.95
  17   77 0.64
   5   56 0.50
   5   18 0.75
  40   60 0.42
  46   50 0.06
  55  121 0.23
  62   67 0.60
  46   97 0.97
   7   29 0.31
   1   18 0.72
  64   65 0.51
  61  102 0.90
  10   67 0.85
  37   98 0.75
  24   77 0.74
  34   89 0.40
  40   58 0.56
  38   97 0.81
  34   52 0.29
  59   82 0.17
  39   47 0.54
  42   85 0.06
  19   41 0.20
  12   41 0.05
  64  106 0.96
   1   53 0.06
  57  116 0.00
  14   26 0.56
   6   43 0.50
  25   90 0.72
  63   96 0.12
  49   72 0.14
  10   62 0.31
  24   47 0.13

  50   62 0.91
  58   92 0.83
  23   64 0.75
  43   47 0.91
  18   61 0.28
  26   79 0.85
  58   67 0.97
   4   69 0.14
  47   91 0.32
  58   74 0.02
  64   89 0.55
  48  106 0.03
  10   56 0.22
   0   55 0.26
  35   91 0.37
  62   72 0.56
  65   79 0.20
  48   66 0.62
  47   66 0.61
   3    6 0.60
  32   36 0.34
  58  110 0.85
  30   31 0.23
  64   77 0.55
  18   63 0.23
  37   78 0.95
  66   87 0.85
  12   73 0.68
  10   54 0.58
  24   25 0.35
  56   90 0.68
   7   59 0.78
   9   68 0.82
  46   47 0.58
  24   88 0.62
   3   64 0.12
  30   61 0.37
  24   58 0.49
  35   60 0.99
   2   56 0.68

  36   44 0.15
   4   14 0.93
  10   40 0.37
  63   98 0.46
  41   86 0.95
  59  122 0.73
  63  117 0.99
  45   74 0.57
  38   52 0.57
   2   64 0.72
  25   48 0.33
   0   55 0.82
  34   67 0.53
  59   89 0.66
  21   77 0.46
  18   74 0.04
  37   80 0.35
   2   54 0.69
  30   71 0.58
  46   47 0.07
  63   86 0.28
   0    5 0.95
  52  114 0.62
  23   60 0.40
   1   66 0.00
  46  101 0.65
  30   85 0.29
  18   26 0.25
  53   68 0.93
  37   83 0.65
  54   88 0.92
  63  127 0.38
  37   84 0.91
  58  121 0.24
  15   35 0.93
  35   61 0.39
  57   70 0.76
  59  112 0.71
  53  110 0.75
  55   69 0.67

  28   34 0.22
  43   51 0.40
  41   74 0.49
  53   55 0.77
   0   23 0.87
  27   65 0.59
  30   88 0.77
  46   62 0.65
  52  109 0.77
  56   77 0.14
  57  102 0.02
  44   51 0.01
  15   45 0.26
  62  121 0.69
  38   77 0.86
  15   31 0.49
   9   33 0.86
  22   53 0.62
  15   20 0.36
  16   56 0.00
  17   69 0.39
  21   84 0.77
  64  113 0.13
  12   42 0.44
   6   17 0.12
  37   85 0.38
  45   64 0.55
  30   54 0.44
  33   66 0.93
   3   67 0.12
  42   76 0.09
  31   96 0.24
  10   29 0.50
  36   48 0.80
  40   73 0.86
  65   88 0.09
  16   50 0.83
  58   89 0.77
  18   70 0.42
   0    9 0.94

  27   80 0.43
  16   65 0.55
  48   52 0.49
  15   35 0.94
  49  108 0.00
  57   84 0.98
  23   85 0.91
  57   70 0.87
  47  105 0.70
  47   62 0.21
  15   16 0.13
  38   80 0.27
  40   90 0.62
  16   27 0.70
  38  101 0.50
  61   82 0.45
  45  111 0.18
   9   18 0.72
  60   63 0.56
  11   55 0.15
  13   17 0.10
  43   60 0.22
   6   10 0.60
  56   59 0.70
  25   69 0.69
  15   26 0.94
  14   22 0.55
  61  117 0.37
  19   60 0.96
   6   48 0.71
  41  100 0.88
   1   50 0.26
  58  111 0.55
  66   75 0.67
  23   56 0.94
  12   13 0.21
  46   82 0.02
  54   76 0.96
  40   42 0.82
  20   72 0.59

