4 15 4
12   16  16   2   2  10   2  16  10   2  10  16  10

  22   23 0.47
  40   59 0.60
  45   59 0.71
  20   71 0.64
  13   78 0.51
  15   37 0.62
  45   52 0.71
   2    5 0.08
  34   77 0.23
  15   91 0.84
  25   67 0.95
  26   41 0.14
  22   52 0.51
  13   80 0.59
   2   44 0.39

  17   55 0.21
  43   71 0.50
  39   76 0.67
  33   90 0.87
  26   45 0.60
  50   65 0.59
  23   43 0.16
  11   47 0.17
  27  103 0.58
   3   24 0.70
  31   93 0.12
  42   61 0.66
  22   59 0.18
  50   86 0.75
  43  119 0.35

  51   79 0.17
  31   41 0.60
   2   48 0.68
  40   46 0.72
  38   65 0.33
  34   63 0.04
  34   78 0.44
   4   50 0.66
  44   73 0.69
  48   93 0.19
   9   78 0.87
  26   92 0.46
  27   34 0.57
  17   84 0.77
  43   77 0.63

  36   40 0.19
  51   98 0.79
  41   63 0.10
  42   76 0.00
  18   73 0.38
  16   54 0.56
  48   88 0.20
  35   39 0.59
  33   51 0.76
  47   88 0.08
  27   30 0.12
  17   18 0.44
  20   55 0.56
  49  111 0.03
  24   28 0.51

   8   32 0.97
  29   60 0.57
   5   25 0.93
  23  100 0.48
  18   83 0.77
   3   31 0.20
  37   63 0.31
  26   41 0.03
  19   64 0.22
   3   45 0.67
  19   53 0.47
   7   67 0.56
  11   86 0.15
  14   29 0.90
  45   56 0.63

   8   10 0.12
  33   45 0.45
  42   61 0.09
  36   38 0.13
  20   53 0.55
  33   45 0.75
  47  120 0.01
  48  124 0.77
   8   15 0.67
  42   48 0.84
  19   82 0.27
  47   74 0.51
  15   59 0.44
   8   73 0.00
  24   61 0.10

  11   29 0.35
  10   78 0.81
  16   17 0.10
  18   72 0.81
  30   90 0.10
  42  101 0.54
  30   34 0.36
   9   31 0.65
  17   38 0.22
  40   79 0.76
  34  108 0.76
  44   89 0.42
  19   23 0.57
  22   25 0.49
  51   65 0.42

  13   21 0.00
  34  108 0.47
  19   47 0.03
  36   44 0.54
  51   55 0.32
   2    6 0.56
   1   43 0.54
   8   78 0.60
  11   11 0.33
  18   32 0.76
   1   18 0.20
  40   93 0.61
  19   80 0.73
   4   27 0.66
  36   79 0.93

  18   46 0.84
   5   57 0.27
  49   82 0.77
  12   88 0.11
  13   49 0.85
  30   52 0.50
  25   81 0.10
  16   31 0.76
  46   55 0.21
  16   50 0.70
   3   11 0.94
  31   77 0.14
   1   10 0.30
  41   65 0.22
   7   58 0.59

  15   34 0.87
  33   67 0.21
  45  120 0.26
  39   48 0.42
  34   96 0.38
  12   51 0.77
  32   62 0.77
   8   37 0.38
  10   49 0.00
  36  107 0.58
  49  125 0.82
   6   60 0.99
  13   38 0.74
  49   86 0.82
  20   42 0.03

  22   90 0.20
   2   43 0.63
  51  123 0.23
  34  100 0.23
   3   11 0.11
   1   10 0.81
  10   24 0.62
   5   38 0.61
  46  103 0.71
  33   47 0.65
   3   47 0.95
  14   60 0.96
  30   45 0.95
  13   79 0.51
  23   45 0.17

  24   48 0.84
   4   16 0.92
  24   49 0.51
  41   68 0.90
  46   72 0.81
  48   53 0.03
  29   61 0.13
  26   30 0.43
  44   67 0.48
  11   52 0.93
  41   58 0.42
  31  104 0.61
  25   47 0.55
  11   74 0.59
  42  117 0.99

