3 50 8
6   10  20  10  16  10   4

   6   36 0.29
  16   32 0.89
  52   62 0.99
  25   54 0.87
  42   57 0.62
  68   70 0.58
   9   22 0.27
  57   58 0.69
   1   35 0.04
  19   26 0.74
  60   94 0.84
  40   46 0.89
  64   69 0.50
  34   36 0.91
   1   28 0.31
  58   86 0.34
  12   24 0.74
  58   93 0.33
  51   69 0.80
   0   10 0.50
  27   44 0.43
  30   36 0.95
  15   16 0.46
  55   78 0.26
  55   86 0.80
   2   21 0.14
  21   40 0.80
   1    9 0.06
   0   35 0.68
  69   71 0.50
  31   34 0.44
  42   42 0.27
   8   36 0.22
   9   39 0.99
  63   86 0.66
  53   87 0.76
  36   65 0.44
  32   50 0.41
   4   31 0.70
  64   94 0.30
  65  100 0.18
  17   37 0.71
  12   42 0.37
  62   93 0.24
  37   56 0.56
  44   68 0.84
  47   71 0.26
  69  101 0.10
  39   74 0.53
  42   57 0.79

  43   64 0.34
  55   87 0.44
   8   16 0.50
  65   94 0.43
  51   64 0.20
  68   86 0.42
  19   47 0.94
   7   11 0.38
  61   78 0.12
  56   82 0.22
  50   79 0.02
  61   91 0.20
  59   76 0.38
  33   42 0.73
  35   46 0.08
  46   79 0.15
  65   79 0.83
   5   29 0.66
   2   36 0.36
  16   41 0.97
   8   30 0.09
   9   20 0.00
  47   61 0.23
  27   53 0.16
  34   44 0.46
  37   56 0.02
   3   13 0.24
   0    0 0.81
  22   34 0.79
  47   75 0.88
   6   17 0.39
  59   82 0.31
  46   68 0.55
  69  104 0.32
  44   57 0.47
   4   27 0.38
  62   80 0.99
  23   40 0.19
  65   97 0.91
  59   90 0.51
  62   64 0.71
   4   17 0.45
  17   26 0.69
  27   59 0.02
  27   45 0.53
  52   84 0.26
  37   51 0.06
  33   50 0.05
  59   90 0.29
  55   72 0.74

   2   32 0.88
   4    4 0.95
  23   46 0.45
  28   50 0.06
  59   59 0.29
  39   39 0.98
   5   40 0.10
  60   76 0.96
  57   77 0.92
  30   52 0.93
  46   50 0.43
  65   88 0.45
   9   36 0.78
  45   46 0.05
  12   45 0.32
  49   63 0.82
  63   98 0.75
  71   96 0.77
  63   83 0.63
  71   99 0.84
  65   83 0.17
  30   31 0.08
  49   57 0.82
  29   36 0.20
  54   60 0.20
  71   87 0.86
  40   66 0.76
   3   35 0.10
  31   64 0.44
  40   73 0.70
  60   75 0.36
  59   79 0.59
  13   47 0.35
  13   44 0.26
  17   45 0.38
  64   81 0.09
   5   30 0.54
  47   76 0.08
  61   84 0.10
  20   40 0.22
   1   27 0.93
  22   23 0.56
  37   59 0.66
  34   52 0.50
  48   80 0.81
   0    3 0.58
  21   28 0.04
  44   73 0.09
  64   96 0.70
  27   38 0.10

  55   86 0.59
  61   62 0.27
  18   21 0.94
  40   66 0.33
  13   26 0.84
  34   53 0.70
  71   79 0.01
   9   42 0.14
   9   18 0.53
  37   70 0.40
  25   31 0.58
  29   36 0.81
  20   44 0.18
  42   44 0.27
  11   45 0.73
  65   79 0.03
  60   75 0.51
  22   33 0.61
  60   76 0.21
  65   97 0.38
  11   19 0.41
   4   11 0.44
  57   76 0.52
  64   79 0.23
  53   73 0.99
  19   46 0.32
  67  100 0.72
  21   38 0.45
  26   36 0.25
  53   62 0.11
  25   57 0.89
  62   70 0.76
  52   55 0.95
  65   71 0.30
  54   68 0.49
  57   91 0.22
   2   21 0.62
  59   81 0.29
  68  100 0.11
  65   70 0.17
  30   33 0.68
  51   51 0.29
  18   36 0.56
  23   32 0.14
  51   82 0.68
  59   64 0.60
  36   37 0.90
   9   34 0.20
  66   72 0.13
  61   70 0.10

  26   39 0.29
  39   49 0.85
  22   51 0.16
  53   68 0.33
  59   80 0.11
  12   26 0.32
  22   22 0.23
   3   16 0.18
  41   64 0.47
  10   15 0.27
   2   29 0.63
  69   90 0.22
   0   32 0.46
  49   55 0.99
  65   73 0.84
   2   33 0.74
   3   11 0.86
  34   39 0.76
   9   26 0.88
   9   44 0.44
  63   93 0.78
   7    9 0.80
  31   63 0.02
  52   59 0.18
  68   76 0.90
  69   81 0.82
  26   31 0.33
   0   24 0.19
  23   39 0.62
  30   61 0.31
  51   78 0.48
  22   56 0.31
  61   91 0.52
  24   27 0.84
  38   51 0.62
  31   41 0.43
  21   33 0.44
  58   89 0.45
  14   42 0.85
  43   76 0.63
  36   66 0.42
  24   54 0.98
  45   72 0.07
  67   68 0.95
  14   30 0.47
  53   88 0.88
  51   65 0.70
  17   39 0.99
  58   63 0.12
  33   55 0.26

  25   39 0.13
  60   62 0.70
  38   47 0.82
  11   40 0.69
  69   89 0.35
   1   17 0.04
  69   94 0.48
  25   45 0.31
   0   28 0.02
  62   70 0.44
  62   68 0.89
   6   11 0.72
   5   22 0.83
  49   83 0.98
  14   46 0.01
  68   91 0.03
  28   46 0.88
  57   61 0.68
  23   24 0.77
  18   40 0.74
  55   86 0.30
  51   65 0.82
  18   19 0.69
  56   91 0.60
  60   92 0.89
  40   74 0.58
  27   42 0.54
  56   88 0.42
  36   41 0.92
  21   26 0.05
  27   31 0.13
  31   37 0.12
  58   66 0.38
  44   47 0.76
  67   97 0.95
  37   54 0.10
  71  106 0.10
  49   72 0.86
  54   54 0.62
  26   59 0.80
  13   15 0.90
  39   63 0.51
  71   95 0.63
  18   53 0.65
  42   65 0.42
  45   67 0.41
  12   26 0.32
  43   49 0.14
  39   42 0.54
  36   55 0.49

