4 80 8
3    2  16  10

   5   11 0.34
   0   18 0.47
  15   51 0.91
   1   29 0.09
  13   31 0.34
   6   20 0.97
  10   27 0.93
   8   26 0.63
  14   45 0.61
  14   38 0.57
  15   66 0.24
  12   29 0.06
  14   18 0.17
  12   54 0.12
   4    5 0.67
  16   66 0.94
   9   24 0.25
   1   11 0.06
  12   36 0.21
   7   27 0.74
   0   14 0.42
   3   42 0.14
  13   19 0.40
   5   11 0.40
   1   39 0.72
  10   60 0.04
   1   29 0.55
   7   41 0.86
  10   43 0.65
   9   20 0.39
   8   55 0.55
  12   30 0.30
  14   45 0.92
   1   23 0.03
  11   57 0.07
   8   41 0.70
   6   23 0.12
   6   21 0.66
   7   34 0.75
   8   40 0.83
  16   49 0.91
   5   51 0.17
  11   31 0.43
  11   42 0.79
   9   46 0.86
   1   37 0.46
  10   26 0.80
  10   52 0.65
   9   15 0.50
  14   49 0.48
   4   39 0.42
  14   62 0.01
   7   30 0.20
  14   33 0.35
   2   39 0.06
  11   12 0.95
  10   40 0.96
  12   60 0.00
   6    7 0.30
   4   26 0.28
  12   46 0.39
   0   46 0.16
   2   35 0.99
  14   63 0.15
   9   23 0.07
  14   37 0.36
   8   44 0.03
   7   21 0.80
  10   40 0.48
  10   26 0.84
   6   15 0.40
   3   25 0.68
   8   32 0.12
  16   51 0.09
   4   10 0.80
  11   25 0.04
   4   28 0.77
   3   14 0.99
   5   37 0.97
   0   23 0.22

   5    8 0.93
  12   37 0.75
  14   23 0.90
  13   24 0.85
   8   33 0.95
  11   21 0.68
   8   30 0.43
   8   39 0.07
   3   13 0.41
   2   35 0.61
   9   16 0.14
  15   50 0.77
   3   25 0.49
   7   49 0.75
  11   31 0.27
  16   57 0.90
   9   13 0.08
  13   37 0.32
   6   31 0.62
  16   54 0.72
   0   11 0.04
   5    8 0.99
   0   24 0.87
  12   30 0.80
   7   37 0.69
   7    8 0.72
  11   41 0.81
   3   46 0.52
   9   36 0.39
  14   41 0.99
   9   49 0.46
  10   14 0.26
  13   52 0.22
  16   27 0.92
   0    3 0.46
  16   35 0.46
   4   12 0.10
   0   24 0.90
  12   54 0.50
   7   14 0.75
   8   29 0.40
  12   16 0.97
   5   52 0.63
   6   44 0.14
  13   14 0.73
   5   53 0.25
   7   10 0.87
  11   25 0.36
  12   19 0.74
   2   51 0.81
   1   35 0.96
  12   23 0.97
   6   36 0.72
   0   30 0.18
   4   38 0.87
   6   55 0.53
   7   24 0.21
   7   25 0.60
  16   20 0.47
  11   57 0.19
   7   44 0.19
   8   13 0.29
  11   15 0.31
   3    6 0.39
  10   14 0.88
  12   21 0.15
   7   20 0.80
   5   35 0.65
  14   30 0.09
   6    7 0.41
   2   14 0.71
  13   44 0.35
  12   57 0.47
   6   11 0.66
  15   19 0.29
   9   56 0.78
  11   14 0.60
  16   35 0.98
  10   57 0.39
   8    8 0.63

  10   51 0.98
  10   40 0.92
   4    7 0.05
   7   50 0.24
  14   48 0.77
  12   56 0.51
  15   38 0.90
   6   13 0.90
  16   48 0.81
   8   50 0.99
  14   37 0.11
   0   15 0.81
   4   33 0.30
   2   37 0.43
  14   59 0.64
  14   20 0.27
   4    8 0.27
  11   51 0.08
   2    8 0.26
   5   38 0.37
   0   33 0.34
   7   25 0.25
   1   15 0.89
   7   12 0.23
  14   55 0.30
  13   53 0.02
   9   24 0.48
  16   50 0.89
   6    7 0.53
  10   10 0.26
   2   33 0.80
   7   50 0.94
  13   25 0.55
   9   49 0.48
   6    9 0.81
   1   16 0.75
  11   17 0.79
   2   12 0.24
  14   40 0.79
  10   18 0.64
  15   22 0.73
   9   28 0.66
  13   44 0.20
  12   46 0.07
  14   39 0.15
  15   58 0.15
   7   46 0.93
  11   41 0.94
  10   27 0.57
   1    4 0.07
   6   45 0.34
  10   58 0.78
   6   42 0.90
  15   17 0.02
   8   53 0.30
   2   40 0.16
  16   33 0.72
   9   55 0.86
   0   39 0.20
   6   56 0.23
   0    1 0.32
   4   33 0.32
   2   46 0.80
  15   18 0.46
  12   22 0.70
  15   21 0.11
   8   14 0.72
   5   44 0.96
  15   19 0.33
   9   52 0.34
   8    8 0.18
   1   40 0.50
  11   13 0.04
  12   27 0.12
   4   25 0.49
   1   51 0.16
  16   28 0.87
   1   22 0.82
   5   30 0.14
   4   15 0.78

