4 80 4
3   20  20  10

  48  103 0.89
   5  109 0.32
  21  134 0.87
  43  153 0.08
  12   78 0.05
  40   61 0.70
  49   72 0.67
  34  102 0.97
  40  144 0.70
  15   76 0.12
  16   68 0.81
  49   63 0.99
  39   62 0.12
  37   65 0.85
  55  161 0.45
   7  123 0.57
  35   39 0.50
  31   90 0.23
   8   27 0.96
   8   84 0.77
  37  141 0.84
  24  114 0.17
  60  108 0.43
  58  115 0.62
  14   44 0.67
  31  150 0.28
  60  144 0.70
  11  110 0.65
  15   52 0.67
  34   85 0.97
   0   67 0.55
   5   95 0.83
  55  159 0.21
  21  139 0.74
  47  102 0.49
  19   48 0.05
  19  123 0.72
  39   67 0.18
  23   28 0.38
   9   20 0.92
   6   98 0.86
  27   85 0.78
  55  141 0.59
  27   59 0.88
  29   63 0.29
  46  110 0.62
  16  102 0.05
  23  113 0.99
  29  123 0.95
  54  119 0.32
  37  157 0.16
  47  168 0.10
   9   78 0.49
   1   58 0.51
  39  105 0.01
  44   68 0.27
  34   55 0.91
  23   60 0.67
  37  117 0.34
  26  142 0.96
  57  103 0.01
  21   72 0.03
  60   98 0.17
  57   66 0.55
  45  152 0.69
  27   71 0.31
  11  129 0.54
  54   86 0.26
  52  153 0.81
  29   31 0.44
  23   28 0.22
  21   46 0.82
  14   55 0.75
  21  133 0.37
  53  133 0.74
  13  125 0.07
  16   34 0.58
  55   99 0.51
  39  134 0.40
   7   53 0.87

   8   89 0.79
  51  122 0.95
  13  103 0.07
  39  120 0.54
  58  141 0.52
  59   61 0.87
  16  125 0.73
   4   60 0.92
   1  107 0.68
  53  115 0.35
   5   58 0.35
  52  123 0.97
  44  103 0.64
   3   12 0.09
  39   92 0.03
  34   72 0.80
  40   54 0.44
  22  120 0.43
   2  124 0.89
  43   53 0.52
  43   61 0.45
  12  119 0.27
  30  122 0.40
  28   47 0.15
  38   77 0.01
   5  124 0.56
  45  168 0.02
  19   99 0.44
  29   84 0.24
  53  160 0.64
  21  137 0.43
  11  105 0.15
  44  114 0.91
  35  133 0.89
   0   43 0.40
  11   40 0.47
  36  141 0.62
  47   71 0.12
  36  116 0.67
  48   50 0.67
  20   40 0.54
   1   84 0.47
  49  173 0.48
  59  150 0.92
  10   52 0.11
  18  134 0.18
  61  177 0.14
   1   20 0.62
  12   25 0.42
  59  115 0.17
  57   80 0.75
  16  130 0.69
  43  105 0.51
  24   64 0.60
  27  118 0.55
  14   97 0.63
   5   23 0.13
  10   23 0.39
  43  164 0.15
   3   10 0.27
  44   75 0.15
   6  109 0.96
  36  138 0.18
  22   98 0.64
  45  112 0.38
   5   39 0.86
  37   52 0.13
  61  165 0.95
  41   80 0.82
  36   44 0.63
  43   87 0.03
   4  126 0.54
  57  152 0.58
  46  110 0.56
  46  118 0.06
  61   91 0.45
  52  118 0.98
  51   93 0.83
  57   60 0.55
  24   35 0.97

  15   87 0.84
  22   79 0.26
  38  153 0.56
  17   75 0.75
  44  165 0.51
  18  120 0.23
  46   89 0.09
  52  112 0.26
  17   48 0.46
  55  150 0.20
   4   13 0.08
   0   29 0.57
   0   27 0.21
  40   81 0.92
  57   64 0.81
  26  149 0.79
  23   37 0.48
  11   67 0.89
  53  141 0.84
  20  135 0.80
  22  117 0.53
  41  142 0.91
  36   74 0.44
   7   97 0.11
   4   68 0.75
  17   66 0.81
   5  119 0.73
  52  142 0.93
  18   62 0.22
  59   86 0.72
  43  124 0.85
  37   74 0.37
  26  135 0.73
   5   56 0.73
  28  106 0.72
  40  161 0.69
  37  118 0.74
  39   59 0.07
  21  140 0.88
  32   40 0.56
  33  133 0.89
  24  122 0.64
  53  164 0.42
  58   64 0.40
  27   61 0.76
  38  141 0.75
  53   96 0.23
  35   44 0.87
  42   84 0.69
   2   99 0.02
  11   15 0.11
  16   24 0.92
  45   95 0.49
  17  108 0.97
  10  111 0.68
  34   79 0.24
  47  125 0.85
   8   42 0.35
   8  117 0.04
  38   59 0.82
   8   89 0.46
   5   42 0.00
  32   78 0.66
  37   90 0.26
  34  107 0.01
  29  145 0.95
  60  145 0.59
  58  171 0.62
  18   77 0.11
  48  102 0.53
  37  120 0.57
  18   39 0.33
  31   72 0.17
  37   49 0.06
  41  127 0.73
  49   53 0.30
   5  101 0.43
   9   87 0.90
  16   28 0.54
  58  123 0.11

