4 60 8
3   16  10  10

  28   54 0.92
   4    4 0.41
  38   46 0.24
  41   66 0.61
  10   37 0.31
   9   23 0.26
  44   63 0.53
   9   41 0.49
  27   56 0.21
  39   71 0.41
  47   61 0.81
  13   21 0.46
  23   26 0.17
  18   49 0.65
  48   54 0.26
  11   40 0.07
  47   63 0.28
   0   17 0.40
  18   49 0.10
   9   38 0.47
  42   48 0.02
  44   67 0.17
  25   52 0.15
  44   55 0.59
  46   55 0.56
  41   53 0.37
  34   65 0.30
  46   69 0.18
  29   31 0.79
  31   39 0.61
  38   58 0.99
  43   70 0.23
  10   27 0.03
  38   47 0.71
  14   15 0.41
   4   29 0.87
  20   46 0.28
  18   47 0.55
  22   48 0.39
  37   68 0.25
  25   49 0.10
   6   38 0.03
   4   30 0.11
  43   61 0.82
  41   58 0.03
  31   56 0.29
  43   43 0.62
  17   35 0.92
  29   36 0.77
  29   34 0.88
  28   48 0.24
  46   77 0.69
  46   68 0.16
  25   32 0.30
  15   35 0.08
  40   63 0.44
  14   38 0.25
  33   43 0.53
  39   54 0.28
   9   32 0.13

  46   51 0.92
   9   39 0.36
  17   23 0.14
   2   34 0.46
  24   41 0.64
  19   35 0.88
  31   34 0.34
  18   20 0.36
  39   42 0.05
  15   47 0.90
  41   71 0.70
  33   52 0.14
   3   11 0.41
  43   47 0.18
   8   13 0.98
  41   51 0.38
  42   73 0.22
  38   38 0.45
  46   69 0.42
  48   51 0.38
  14   14 0.07
  11   41 0.60
   8   19 0.45
  13   27 0.47
   2   24 0.37
  25   36 0.89
   7   25 0.76
  15   40 0.43
  21   45 0.57
  31   31 0.06
  15   44 0.30
  42   48 0.25
  19   22 0.72
   6   26 0.75
  31   62 0.85
  41   57 0.68
  36   51 0.86
   8   16 0.12
  24   32 0.36
  28   28 0.88
  46   52 0.65
  26   34 0.47
   0   19 0.47
  46   56 0.16
  29   59 0.12
   8   25 0.79
  26   39 0.89
  11   19 0.32
  23   49 0.68
  15   17 0.18
  34   61 0.45
  32   53 0.67
   2    4 0.11
   0    6 0.55
  30   59 0.36
  28   36 0.71
  28   37 0.23
  34   37 0.63
   6    7 0.88
  48   56 0.76

  31   59 0.80
  49   75 0.81
  31   54 0.68
  24   54 0.65
  32   40 0.17
   0   22 0.55
   5   33 0.19
   2   16 0.50
  15   19 0.37
  25   45 0.19
  34   42 0.50
   8   10 0.47
  17   34 0.90
  37   40 0.11
  29   58 0.18
  33   40 0.09
   9   28 0.14
  22   45 0.57
  26   40 0.29
   0   10 0.02
  37   46 0.43
  34   41 0.87
  27   48 0.36
  41   46 0.44
  42   72 0.99
   1   27 0.53
   3    6 0.01
  25   40 0.94
   4   10 0.37
  31   45 0.55
  20   52 0.03
  34   53 0.75
  49   52 0.11
  27   39 0.08
   8   18 0.71
  27   55 0.39
  44   63 0.29
   3   13 0.15
  32   41 0.68
  24   39 0.32
   3   25 0.80
  16   16 0.34
  36   67 0.74
   1   30 0.12
  36   42 0.95
  40   70 0.37
   0   20 0.42
  43   45 0.48
   2   11 0.55
  25   44 0.13
  49   58 0.65
  41   58 0.85
   6   17 0.53
  38   61 0.64
  26   51 0.62
  15   20 0.16
  24   35 0.48
  14   40 0.94
   2   29 0.06
  16   27 0.32

