4 50 8
6   16  10  16  10  16   4

   6   20 0.84
  23   35 0.73
  31   77 0.26
  16   45 0.04
  33   83 0.76
  40   63 0.58
  39   66 0.62
  15   52 0.10
   5   13 0.28
  13   65 0.66
  29   79 0.28
  10   31 0.76
   2    4 0.68
  11   41 0.24
  48   91 0.59
  54   88 0.85
  37   47 0.60
  12   25 0.73
  33   78 0.46
  36   44 0.13
   3   39 0.54
  46   75 0.94
  44   55 0.60
  29   61 0.37
  11   61 0.58
  48   49 0.19
  52   62 0.71
  33   72 0.61
  18   66 0.36
  22   62 0.88
  27   60 0.61
  17   68 0.45
  44   70 0.13
  19   32 0.06
  25   57 0.32
  55   87 0.73
   8   27 0.66
  47   59 0.72
  55   83 0.11
  34   62 0.68
  36   75 0.00
  33   60 0.39
  27   53 0.57
   7   29 0.82
  51   78 0.98
  31   53 0.77
  54  104 0.28
  44   98 0.50
  12   16 0.31
  20   59 0.06

  43   98 0.85
  47   55 0.08
   4   50 0.51
  42   95 0.93
  18   46 0.94
  39   57 0.78
  45   68 0.43
  48   84 0.16
  37   86 0.96
  25   57 0.48
  40   91 0.51
   6   59 0.38
  18   72 0.27
   6   10 0.64
  25   42 0.80
  30   84 0.68
  50   65 0.74
  11   62 0.91
  41   47 0.31
  53   89 0.22
   8   50 0.60
  42   95 0.06
  17   41 0.17
  11   58 0.64
  29   74 0.28
  15   28 0.84
  36   82 0.52
  40   55 0.66
  43   79 0.16
  13   39 0.65
  37   59 0.81
  24   61 0.59
  32   33 0.80
  43   47 0.11
  18   42 0.62
  41   77 0.84
  21   50 0.68
  34   35 0.07
  17   67 0.46
  10   11 0.60
  54   61 0.15
  32   58 0.86
  26   61 0.50
  46   93 0.83
  52   70 0.14
   2   35 0.13
  52   56 0.75
  26   73 0.11
  25   45 0.61
  37   90 0.86

   3   54 0.94
  27   42 0.81
   3   31 0.92
   6   23 0.72
  10   37 0.07
  36   70 0.49
  52   88 0.22
  27   36 0.41
  37   38 0.34
  54   78 0.40
   8    8 0.09
  41   79 0.58
  17   57 0.62
  33   80 0.74
  23   68 0.56
  40   59 0.51
  39   71 0.83
  27   28 0.12
  21   51 0.89
  37   92 0.80
  22   72 0.09
  31   62 0.39
  32   43 0.41
  15   20 0.79
  47   62 0.26
  48  102 0.25
  33   53 0.23
  28   38 0.07
  31   49 0.41
   5   53 0.72
  14   43 0.65
  28   67 0.49
  48   75 0.87
  40   69 0.28
  46   80 0.72
  22   69 0.89
  32   62 0.59
   2   12 0.88
  22   67 0.14
  34   68 0.68
  13   33 0.56
  25   68 0.93
  11   56 0.83
   0   50 0.36
   8   57 0.10
  54   67 0.51
  33   35 0.37
   7   20 0.83
  41   87 0.46
  48  102 0.88

  26   73 0.14
  24   44 0.24
   3   27 0.66
  37   68 0.25
  42   81 0.50
  29   71 0.27
   9   49 0.41
  34   44 0.10
  34   61 0.33
  20   68 0.79
  24   60 0.77
  25   49 0.06
  42   93 0.56
  49  104 0.01
  38   76 0.14
  11   17 0.43
  28   64 0.16
  43   43 0.95
   2   54 0.51
  15   32 0.00
  53   86 0.81
  21   53 0.82
  14   55 0.07
   9   63 0.84
  47   60 0.27
  25   72 0.84
  49   75 0.57
  54   60 0.68
  21   21 0.74
  16   66 0.57
  25   36 0.63
  16   65 0.29
   5   29 0.14
  21   43 0.85
  17   68 0.40
  37   70 0.43
  44   78 0.49
  35   83 0.57
  38   67 0.36
  54   64 0.82
   6   47 0.09
   3   29 0.33
  16   41 0.45
  45   46 0.89
  52   99 0.41
  51   91 0.22
  14   25 0.55
   6    7 0.11
  42   44 0.51
   5   39 0.04

  10   29 0.16
   1   46 0.50
   9   34 0.62
  52   72 0.23
   6   43 0.09
  31   49 0.46
  49   72 0.13
  12   32 0.98
  54   88 0.24
  35   38 0.63
  43   50 0.56
  34   45 0.83
  47   62 0.14
  27   30 0.17
  45   70 0.78
  50   65 0.13
  32   60 0.79
   0   13 0.04
  54   58 0.15
  32   71 0.59
  16   47 0.28
  43   59 0.55
   5   58 0.98
  25   57 0.57
  39   65 0.60
   9   42 0.18
  52  100 0.90
  35   82 0.88
  16   27 0.31
  32   40 0.51
  18   22 0.25
  43   98 0.41
  54   66 0.51
  50   81 0.27
  48   60 0.34
  46   83 0.63
  54   65 0.00
  25   56 0.09
   3   46 0.92
  18   51 0.54
  53  103 0.53
  36   48 0.27
  51  106 0.34
  14   37 0.71
  11   28 0.60
  18   29 0.11
   3    5 0.41
  47  101 0.09
  47   81 0.87
  13   32 0.72

  17   38 0.83
  37   69 0.51
  21   43 0.35
  48   82 0.83
  15   22 0.93
   6   49 0.47
  20   75 0.94
  12   53 0.08
  35   80 0.36
  17   55 0.03
  52   66 0.00
  16   49 0.19
  11   61 0.31
  21   76 0.78
  15   37 0.70
  16   62 0.40
  20   21 0.00
  20   55 0.65
  46   78 0.54
  24   44 0.79
   4   29 0.37
  19   66 0.04
  47   64 0.14
  49   82 0.33
  22   70 0.29
  11   17 0.51
  37   78 0.27
  43   86 0.00
  22   25 0.92
  37   49 0.81
   0   38 0.92
   3   54 0.68
  52   66 0.30
  49   67 0.10
   5   14 0.55
   7   40 0.85
  53   68 0.06
  48   81 0.79
  25   32 0.79
  24   56 0.27
  48   96 0.14
  12   16 0.62
  25   52 0.31
  48   93 0.76
  21   34 0.81
  37   53 0.31
   5   23 0.15
  53  105 0.17
  29   39 0.34
  13   60 0.91

