3 20 8
12   10  20  10  20   2  16  16  10  16  10  10   2

  35   37 0.94
   7   72 0.07
  26   30 0.53
  56  137 0.01
  17   35 0.87
  53  139 0.23
  11   82 0.25
  19   34 0.86
  25  100 0.79
  44   63 0.11
   1   84 0.03
  58  141 0.29
   1    8 0.93
  49   92 0.24
  51  131 0.54
   3   48 0.12
  56  119 0.69
  18   55 0.16
  18   87 0.51
  16   43 0.06

  26   82 0.39
   2   59 0.20
  12   69 0.08
   0   29 0.37
  23   63 0.33
  53   87 0.07
  46  133 0.51
  45   87 0.76
  24   61 0.81
  15   85 0.38
  54   77 0.42
  29  111 0.58
  55   86 0.78
  26   87 0.97
  11   21 0.49
  23   68 0.37
  45  116 0.13
  14   77 0.67
  38   59 0.83
  10   38 0.82

   9   64 0.32
  51   68 0.86
  41   50 0.25
  27   74 0.56
  13   23 0.81
  48   73 0.98
  21   70 0.16
  36   59 0.47
  37   51 0.34
  48   72 0.39
  31   84 0.42
  54   91 0.64
  33  106 0.64
  19   43 0.56
  45  123 0.63
  39   74 0.07
   5   54 0.46
  12   18 0.37
  43  126 0.76
  21   87 0.32

  34   58 0.64
  53   55 0.27
   9   43 0.99
  10   30 0.73
  29   36 0.35
  15   84 0.51
  53   79 0.65
  26   77 0.90
  46   63 0.27
  54   64 0.53
  50   98 0.93
  56   65 0.70
  45  112 0.07
  56   81 0.83
  53   68 0.58
  24   90 0.30
  12   14 0.20
  58  106 0.77
  51  112 0.39
  51   98 0.00

  34   62 0.17
  20   71 0.66
  21  104 0.21
  50   71 0.87
  26   53 0.09
   0   37 0.34
  12   17 0.68
  24   54 0.84
  55  142 0.61
  52   92 0.94
  34   60 0.50
  13   99 0.55
  14   97 0.60
  40   58 0.57
  38   51 0.65
   9   65 0.14
  19   61 0.45
  27   84 0.49
  50   86 0.00
  54   96 0.36

  19   45 0.40
   8   65 0.90
  26   98 0.65
   5   44 0.03
  51   51 0.96
  37   87 0.89
  17   47 0.84
  47   84 0.16
  24   37 0.23
   5   61 0.16
  20   25 0.74
  41  111 0.15
  51   68 0.31
   1   71 0.32
  55   71 0.31
  16   58 0.31
  35  114 0.32
  12   30 0.63
  57  118 0.85
   3   64 0.41

  34   67 0.22
  40  120 0.39
  53   67 0.50
  33  102 0.72
  26   47 0.09
  25   73 0.00
  49   56 0.20
  18   18 0.29
  17   32 0.58
  56   65 0.54
  49   82 0.72
   0   60 0.80
   9   57 0.24
  58   92 0.53
   2   32 0.12
  42   80 0.39
  12   34 0.31
  55   85 0.08
  10   47 0.00
  41   72 0.00

  32  109 0.60
  15   56 0.36
  21   92 0.99
   9   93 0.41
  54  123 0.62
  17   58 0.94
  42   45 0.25
  31   84 0.43
  18   23 0.79
  21  107 0.19
   3   73 0.68
  57  130 0.95
  18   35 0.46
  17   38 0.87
  34   72 0.60
  30   78 0.65
  53  140 0.12
  50   84 0.91
  33   66 0.72
  42   44 0.02

  23   46 0.60
   2   15 0.78
  21   85 0.03
  44   74 0.44
  22   49 0.00
  25   88 0.51
  15   64 0.34
   9   70 0.79
  42   87 0.45
  38   58 0.30
  13   98 0.50
  16   81 0.27
  45   77 0.87
  36   95 0.20
  13   43 0.20
  21   37 0.00
  54  134 0.33
  14   66 0.87
   2   78 0.03
   3   17 0.29

  12   81 0.50
  45   63 0.41
  54  111 0.03
  12   14 0.64
  52  137 0.84
   0    1 0.64
  38  121 0.76
  54   85 0.41
  25   74 0.12
  45   95 0.98
   4   85 0.61
  54   84 0.29
   9   68 0.10
  19   96 0.18
  11   12 0.34
  11   37 0.82
   5   26 0.75
  41   95 0.20
   8   49 0.98
   7   52 0.00

  15   91 0.09
   7   75 0.88
  23   91 0.49
  39   57 0.66
  27   98 0.10
  36   42 0.57
  55  134 0.38
   3   22 0.25
  57   99 0.00
  18   81 0.32
  56   67 0.05
  25   28 0.84
  31   62 0.59
   0   68 0.66
  57   78 0.00
   2   65 0.46
   3   89 0.88
  40   99 0.82
  11   31 0.73
  45   70 0.96

  13   32 0.49
  38  100 0.91
  16   97 0.14
  37   74 0.11
  43  123 0.33
  39   80 0.82
   5   50 0.12
  29   77 0.32
  26   79 0.77
  31   40 0.35
   6   53 0.30
  26   79 0.49
  49   94 0.28
  32   54 0.37
  30   66 0.99
   8   75 0.07
  30   31 0.95
  57  107 0.94
  49  125 0.17
  22   50 0.21

