4 60 8
3    2  10  16

   3   15 0.10
   1    8 0.23
   7   14 0.11
   3   15 0.80
  25   26 0.88
  18   26 0.72
   8   19 0.13
  12   16 0.23
   0    6 0.18
   3   10 0.69
   0   10 0.07
  15   21 0.76
  11   23 0.70
  13   14 0.88
   7   16 0.68
   2    9 0.14
   9   11 0.35
  23   28 0.14
   2    3 0.12
   9   12 0.94
  16   27 0.21
  15   18 0.53
   1    4 0.81
   3    9 0.53
  19   25 0.18
   1    6 0.68
   5   13 0.44
  15   15 0.59
  21   29 0.73
  16   22 0.78
  23   34 0.77
   0    9 0.35
   7   16 0.28
  18   19 0.93
   3   12 0.12
  22   32 0.80
  24   34 0.71
  12   23 0.36
   8    8 0.01
  19   23 0.82
  20   28 0.52
  16   17 0.88
  19   23 0.93
  25   33 0.65
  16   28 0.36
   0   10 0.66
   0    6 0.11
   4   15 0.89
  11   22 0.36
  19   31 0.44
   6   13 0.22
  25   27 0.20
  12   19 0.32
   9   18 0.33
  22   23 0.96
   2   13 0.84
  21   31 0.02
  14   15 0.82
  14   26 0.26
   5   11 0.17

  15   16 0.98
   7   15 0.91
  14   19 0.01
   0   12 0.33
   2    6 0.33
  23   29 0.66
  14   18 0.21
  12   18 0.12
   4   13 0.64
  23   29 0.70
  13   14 0.99
  11   15 0.15
  15   15 0.19
   4   13 0.03
  24   27 0.49
  18   26 0.88
   3   13 0.47
  11   18 0.60
   3    9 0.17
  10   10 0.33
  14   26 0.03
   5   16 0.77
  16   28 0.51
  10   19 0.81
  16   19 0.53
   1   12 0.95
  13   13 0.84
   2    9 0.74
  21   28 0.11
   4    6 0.09
   8   11 0.57
   3   15 0.84
  19   31 0.04
   7   16 0.88
   6   11 0.92
   6   10 0.40
  12   13 0.29
  23   24 0.17
  25   36 0.08
   1    1 0.05
  22   25 0.64
  24   32 0.78
  20   25 0.39
  13   13 0.11
  12   23 0.92
  14   19 0.67
  14   14 0.53
  12   13 0.62
  22   27 0.85
  17   25 0.94
   4   11 0.39
  13   21 0.26
   8   19 0.82
   3    5 0.21
  10   20 0.54
   3   14 0.95
   7   13 0.96
  12   22 0.19
   7   13 0.66
  13   23 0.03

  10   17 0.42
  25   35 0.20
  21   24 0.09
   3   15 0.17
  25   31 0.46
   9   11 0.81
   2   11 0.43
  24   30 0.85
   1    3 0.37
  20   24 0.19
  23   29 0.13
   3    5 0.25
  12   20 0.06
  24   33 0.47
  10   15 0.93
   5   17 0.15
   1    6 0.91
  21   26 0.31
   2   14 0.11
  19   27 0.09
   0    0 0.08
  13   25 0.36
   9   13 0.77
   2   11 0.40
  13   15 0.69
   4   12 0.15
  21   25 0.84
   0    5 0.80
  16   23 0.50
  11   11 0.32
  17   26 0.69
  25   32 0.79
  22   22 0.10
  11   16 0.16
   6    7 0.54
   9   15 0.08
   4   11 0.12
  10   17 0.65
  12   18 0.94
   7   18 0.14
   3    4 0.32
  18   22 0.80
  18   21 0.34
   3    9 0.14
  25   29 0.58
  17   20 0.14
   5   12 0.81
   3    7 0.93
  22   22 0.26
   7   13 0.80
  11   12 0.57
   1    1 0.26
   1    7 0.40
  18   21 0.04
  25   34 0.07
  23   30 0.03
   5    7 0.50
  17   27 0.64
  15   26 0.17
  23   33 0.66

