4 60 4
3   10   4   4

  24   46 0.40
   2   21 0.69
   4   33 0.89
  26   45 0.77
   5    9 0.04
  12   32 0.93
  15   35 0.51
   6   15 0.14
  24   27 0.20
  11   42 0.13
   1   17 0.81
   2    4 0.38
  11   40 0.91
   7    8 0.27
  21   33 0.83
   9   16 0.73
   5   28 0.63
   8    8 0.87
  21   44 0.51
  29   54 0.58
  26   32 0.62
  23   27 0.49
  20   40 0.69
  24   27 0.68
  18   44 0.17
  11   32 0.96
   6   22 0.58
   4   35 0.76
   9   17 0.95
  23   42 0.89
   7   23 0.89
  22   42 0.58
  10   33 0.84
  26   45 0.94
  19   44 0.41
  28   42 0.18
   6   30 0.11
   0    0 0.41
  19   26 0.16
  10   26 0.74
  19   29 0.17
  18   40 0.81
  31   57 0.63
  23   31 0.29
   4   28 0.31
   9   11 0.02
  31   34 0.20
  24   49 0.38
  21   53 0.96
   8   30 0.55
  15   42 0.89
  24   46 0.34
  29   57 0.99
  24   39 0.51
   7   39 0.58
  30   40 0.66
  20   25 0.18
  15   36 0.69
   9   27 0.49
  28   29 0.93

  15   24 0.36
   9   14 0.10
   8   29 0.08
  17   31 0.76
  25   46 0.63
   3   31 0.79
  14   16 0.47
  32   46 0.91
   8   13 0.89
  21   46 0.43
  20   36 0.87
  14   34 0.16
  14   24 0.72
  25   45 0.56
  30   45 0.46
  24   34 0.14
   9   38 0.71
  19   50 0.86
  29   60 0.36
  22   37 0.40
  23   50 0.40
   9   25 0.25
   1    6 0.74
  25   46 0.62
  15   42 0.47
   7    9 0.27
   1   27 0.73
   4   23 0.43
  17   35 0.25
  20   25 0.38
  24   53 0.90
  26   52 0.56
  17   47 0.17
  26   55 0.70
  24   40 0.95
  28   53 0.76
  21   32 0.25
  12   40 0.70
   6   36 0.56
  10   39 0.04
  10   22 0.01
  32   44 0.35
  30   58 0.56
  31   39 0.74
  30   59 0.48
   5   34 0.80
   5   21 0.34
  16   47 0.41
  17   39 0.52
  32   54 0.76
  18   44 0.68
   4    7 0.15
  24   50 0.83
   5   35 0.10
  32   48 0.34
  10   24 0.06
  31   51 0.89
  32   42 0.53
  13   43 0.30
  27   47 0.23

   8   40 0.24
  27   51 0.59
  15   34 0.79
   3   28 0.85
   9   26 0.78
  23   26 0.61
   1   25 0.22
   5    6 0.09
   4    8 0.67
  26   30 0.43
  21   45 0.81
  12   12 0.14
   5   17 0.51
  32   64 0.32
  22   43 0.30
   5   12 0.30
   9   21 0.29
  21   40 0.29
   6   16 0.55
  23   44 0.02
  24   37 0.44
  18   48 0.59
  20   23 0.28
  30   52 0.31
  21   51 0.69
   9   24 0.22
  10   33 0.28
   5   26 0.06
  26   45 0.14
   0   31 0.20
  13   41 0.24
   6   18 0.22
   6   38 0.93
  25   28 0.25
  18   20 0.45
   5   15 0.08
  16   24 0.28
  19   41 0.24
  10   33 0.77
  25   53 0.18
  29   52 0.76
  32   36 0.43
  31   61 0.24
   3   25 0.07
  30   61 0.12
  21   25 0.67
  29   49 0.95
   9   31 0.30
   5   18 0.52
  24   51 0.07
  24   29 0.68
  20   42 0.61
  25   34 0.61
  17   41 0.65
  21   53 0.08
  30   49 0.73
  31   48 0.59
  24   44 0.36
   7   36 0.10
  14   33 0.75

