4 25 8
12    4   4  10   4  10  10  20   4   4  16  16  10

  54  114 0.87
  40   42 0.16
  30   39 0.15
  53   66 0.06
  11   25 0.85
  26   54 0.15
  42   51 0.99
  14   47 0.79
  27   86 0.33
  55  105 0.20
  42   80 0.83
  44   47 0.94
  26   38 0.06
  44   97 0.16
  39   84 0.28
  21   67 0.20
  54   60 0.74
  36   69 0.26
  52  106 0.34
  50  109 0.44
   6    6 0.55
  44   70 0.06
  58   72 0.21
  38   62 0.38
  41   45 0.38

  43   74 0.31
  55   55 0.75
   3   13 0.39
  63   78 0.50
  13   30 0.65
  48   83 0.63
  59  113 0.47
  15   33 0.31
  13   37 0.85
  42   85 0.10
  25   53 0.89
  12   48 0.31
  64   77 0.32
  46   94 0.76
  35   69 0.60
  53   60 0.72
  63  100 0.62
   4    6 0.18
  52  116 0.42
  49   49 0.86
  51  105 0.00
  10   64 0.10
  12   71 0.02
  60   80 0.50
  51   76 0.28

  10   54 0.82
  12   42 0.84
  59   97 0.99
  12   18 0.60
  18   18 0.41
  53   99 0.44
  51   95 0.00
  18   48 0.41
  46   82 0.66
  26   66 0.88
   4   66 0.07
  37   99 0.57
  16   59 0.55
  18   72 0.10
  18   60 0.37
  19   45 0.83
  48  100 0.34
  36   45 0.57
  44   76 0.02
   9   37 0.89
  16   62 0.41
   9   55 0.30
  15   42 0.86
  42   52 0.10
  33   82 0.48

  63   68 0.78
  47  105 0.12
  48   82 0.58
  26   55 0.98
  64  112 0.75
  48  101 0.95
  22   33 0.47
  20   65 0.83
  37   69 0.19
  50   58 0.67
  27   88 0.54
   6   35 0.13
  25   26 0.35
  17   54 0.37
   3   19 0.29
  29   31 0.21
  15   67 0.69
  56   83 0.62
  12   61 0.74
  11   60 0.37
  48   81 0.83
  13   66 0.20
  17   73 0.89
  62   66 0.74
  13   57 0.36

  41   85 0.21
  55   71 0.25
  28   56 0.18
   1    2 0.64
   5   48 0.56
  61   87 0.49
  29   73 0.56
   2    5 0.06
  16   54 0.57
   7   61 0.37
   9   10 0.95
  32   72 0.02
  39   95 0.50
   9   58 0.46
  16   45 0.57
  12   20 0.04
  41   77 0.83
  58  105 0.19
   6   37 0.33
  13   70 0.04
  17   42 0.02
  41   65 0.12
  57  115 0.33
  47   80 0.69
   0   64 0.71

   6   39 0.37
   5   21 0.68
  42   89 0.23
  19   53 0.20
  21   37 0.11
   9   46 0.84
  64   79 0.49
   2   50 0.84
   0   34 0.62
   9   25 0.39
  35   95 0.00
  30   88 0.09
  53   98 0.26
  18   66 0.87
  51   79 0.02
  63  118 0.29
  16   52 0.98
  41   65 0.50
  22   45 0.01
  35   58 0.81
  35   74 0.86
  62  112 0.52
   6   29 0.70
  18   64 0.48
  41   56 0.00

  18   66 0.72
   6   59 0.61
  44   61 0.70
  16   28 0.70
  62   83 0.33
  22   24 0.86
  18   60 0.30
   5    8 0.82
  60   98 0.21
   2   44 0.83
  20   78 0.93
  24   84 0.30
   6   29 0.38
  18   38 0.35
  32   76 0.56
   2   36 0.33
  62   76 0.15
  52   99 0.61
   4   22 0.62
  56   76 0.90
  10   45 0.49
   1   40 0.14
  44   93 0.38
  27   31 0.88
  63   80 0.28

   0   46 0.51
  23   34 0.38
  56  104 0.26
  48   91 0.76
  61  118 0.91
   9   10 0.93
  28   70 0.56
  15   59 0.83
  52   52 0.12
   6   67 0.33
  43  100 0.50
  53   81 0.72
  49   89 0.24
  15   79 0.00
  55   81 0.28
  63  121 0.12
  46   93 0.29
   1    7 0.84
   2    3 0.54
  13   77 0.13
  15   69 0.68
  26   48 0.72
   7   49 0.92
  30   92 0.07
   3   41 0.63

  32   53 0.86
  21   44 0.89
  60   95 0.74
  57   93 0.34
  34   77 0.34
  40   80 0.64
   0   12 0.30
  40   61 0.84
  30   66 0.93
  10   20 0.59
   2   34 0.00
  18   35 0.14
  34   35 0.54
   0   15 0.00
   0   30 0.63
  43   75 0.15
  10   14 0.03
  59   76 0.65
   8   60 0.65
  53   59 0.25
  60  107 0.48
  30   86 0.43
  48  111 0.37
  14   33 0.95
  45  102 0.88

  39   50 0.58
  38   38 0.76
  52   60 0.67
  47   85 0.69
  20   77 0.07
  37   49 0.16
  54   70 0.46
  20   82 0.01
  22   46 0.98
  12   61 0.94
  33   33 0.26
  46   71 0.00
  33   40 0.37
  25   37 0.43
   0   23 0.60
  22   69 0.00
   9   40 0.09
   5   54 0.57
  22   64 0.59
  16   56 0.71
  51  103 0.88
  48  104 0.18
  49  100 0.24
   5   10 0.81
  13   75 0.95

  36   43 0.57
  64   75 0.74
   8   62 0.78
   4   11 0.13
  46   71 0.68
  53   94 0.00
  40   42 0.57
  33   97 0.83
  16   51 0.57
  32   34 0.20
  24   73 0.89
  24   24 0.93
  28   89 0.19
  40   61 0.07
  18   75 0.51
  47  104 0.30
  23   27 0.33
  49   88 0.30
  58   84 0.25
  27   48 0.32
  27   61 0.62
   0   45 0.60
  48   92 0.37
  33   46 0.99
  26   43 0.07

   9   69 0.86
  16   53 0.53
  50   60 0.95
  14   59 0.00
  57   84 0.14
  43   49 0.18
  52   78 0.15
   7   37 0.52
  24   40 0.31
  51   72 0.95
  33   87 0.31
  12   44 0.56
  36   78 0.19
  37   78 0.60
  24   80 0.00
  63   98 0.46
  47   93 0.95
   4   64 0.10
  49   84 0.83
  35   73 0.11
  46   46 0.64
  28   78 0.33
  63   74 0.96
  39   55 0.74
  11   44 0.23

