4 40 8
6    4  10   2  20   2   4

   7   23 0.91
   2   18 0.78
   2    4 0.28
   8   22 0.60
   6    6 0.66
   3   20 0.74
  10   27 0.68
   1   25 0.18
   6   27 0.09
   8   28 0.57
   7    8 0.73
   8   27 0.64
   2   24 0.54
   0    6 0.29
   4   25 0.38
   4   29 0.94
   3   22 0.63
   8   14 0.49
   5   22 0.71
  10   29 0.63
  11   12 0.29
   8    8 0.89
  10   18 0.72
   0   16 0.60
   4   12 0.58
  11   32 0.70
   3   10 0.93
   1   14 0.04
   0    3 0.43
  11   18 0.03
   9   10 0.17
   1    3 0.22
   9   23 0.85
   1   11 0.63
   8   29 0.02
   3   21 0.21
   7    9 0.12
   9   21 0.44
   1    3 0.64
  12   14 0.16

  12   13 0.57
   3   17 0.96
   0   14 0.97
  11   34 0.81
  12   37 0.02
   4    4 0.31
   5    9 0.40
   6    7 0.79
   0   13 0.28
   0   23 0.84
   2    9 0.20
   6   23 0.93
   6   11 0.69
   2    4 0.71
   5   12 0.35
   4   17 0.38
   7   31 0.80
   7    7 0.82
   0    1 0.71
   4   29 0.46
   2    7 0.84
   2    9 0.07
   6   11 0.57
  11   13 0.42
   3   24 0.75
   8   16 0.95
   9   20 0.36
   3   13 0.96
   8   16 0.71
  12   37 0.92
   5   12 0.12
  10   35 0.84
  12   17 0.61
   3    9 0.60
   7   30 0.18
   1   10 0.42
   5   29 0.31
  11   25 0.16
   5   29 0.91
   1   24 0.48

  12   20 0.56
   9   18 0.18
   1    5 0.42
   9   25 0.06
   1   22 0.33
   1    4 0.11
   6   21 0.01
  10   18 0.21
   2   11 0.38
   8   24 0.92
   2   12 0.27
   4   20 0.28
   9   22 0.93
   2   16 0.75
  10   23 0.14
  10   12 0.42
  10   26 0.55
   8   30 0.73
   6   31 0.55
   6   20 0.69
   2    9 0.27
   9   12 0.30
   9   20 0.23
  11   32 0.33
   1   22 0.15
   7   17 0.33
   3   10 0.06
   4   20 0.00
   7   25 0.22
   7   20 0.69
   8   16 0.79
   9   34 0.72
   2   18 0.78
   9   20 0.63
   1   14 0.15
   0   14 0.02
   9   31 0.48
   3   13 0.09
   8   28 0.46
  12   35 0.50

   5   17 0.40
  10   34 0.46
   5   22 0.29
   6   31 0.07
   3   28 0.82
   9   31 0.95
   4    5 0.59
   3    6 0.05
   4    5 0.89
   4   17 0.58
   8   14 0.93
   6   15 0.92
  12   20 0.82
  11   34 0.14
   9   32 0.32
   4   13 0.31
   1    5 0.41
   4   13 0.26
  11   27 0.32
  10   20 0.45
   5   18 0.78
   0    5 0.54
   6   29 0.84
   0   10 0.79
   1   25 0.19
   8   21 0.58
   1    8 0.28
   9   13 0.83
   6   27 0.20
   7   14 0.76
  12   20 0.35
   1   11 0.20
   0   25 0.59
   2   12 0.89
   3   27 0.57
   7   29 0.42
   6   23 0.38
   5   28 0.03
   5   29 0.82
   2   21 0.99

   6    7 0.02
  11   16 0.06
   0   15 0.95
   9   30 0.90
   0   18 0.17
   3   12 0.11
   1   23 0.37
   9   23 0.31
  12   27 0.27
   9   21 0.85
   0   17 0.80
   7   10 0.75
   5   23 0.77
   6   12 0.78
   5   23 0.79
   1   19 0.14
   9   19 0.42
   1    8 0.08
   8   24 0.77
   3   14 0.59
   4   23 0.73
   6   12 0.06
   4    6 0.22
   9   10 0.75
   7   28 0.67
   2    7 0.93
   4    5 0.95
   1   22 0.29
   3   10 0.69
   2   10 0.15
  12   25 0.02
   9   19 0.12
   6   14 0.22
   4   23 0.97
   7   24 0.41
  11   31 0.54
   7    8 0.31
  10   11 0.03
   0   23 0.85
   4   26 0.40

  11   29 0.98
   1    6 0.08
  10   25 0.38
   0   23 0.18
  10   33 0.19
   7   11 0.63
   0    6 0.22
   5   12 0.08
   5   21 0.04
   1    2 0.10
  12   13 0.67
   6   18 0.73
   8   16 0.80
   8   22 0.29
   2   22 0.56
   9   26 0.16
   7   17 0.03
   5   29 0.25
   4    7 0.03
  10   35 0.00
   3    4 0.65
   9    9 0.86
   0    3 0.22
   5   20 0.89
   1    1 0.40
   9   13 0.78
  12   15 0.56
   9   24 0.44
   9    9 0.69
   2   18 0.44
   3   14 0.19
   9   32 0.82
   1    9 0.05
  11   16 0.28
   1   12 0.35
   0    3 0.40
   5   29 0.17
   2    2 0.39
   9   34 0.02
   3   21 0.13

