5 60 8
3   10   4  10

   0   14 0.98
   0    1 0.03
   4   19 0.13
   0   10 0.88
   0   13 0.98
   4   10 0.26
   7   10 0.65
   5   11 0.63
   6   23 0.04
   6   21 0.03
   1    2 0.44
   4   21 0.66
   2    8 0.18
   8   10 0.25
   7    9 0.98
   0   13 0.82
   3   10 0.52
   5   22 0.83
   5    9 0.46
   0   15 0.22
   7   21 0.61
   0    9 0.86
   3    9 0.47
   1   16 0.66
   8   21 0.10
   3    8 0.88
   1    2 0.30
   1   13 0.69
   2   10 0.66
   3   15 0.59
   1   10 0.67
   6    9 0.43
   7   13 0.25
   8   14 0.95
   4   10 0.61
   4   15 0.80
   7   22 0.69
   1   16 0.67
   3    9 0.42
   8   10 0.58
   2   17 0.07
   7    9 0.25
   7   19 0.34
   7   11 0.69
   1    4 0.38
   1    4 0.17
   6   17 0.49
   7   21 0.40
   6   17 0.89
   3   18 0.13
   4   21 0.87
   0    2 0.19
   4   19 0.49
   8   17 0.43
   1   16 0.73
   8   13 0.27
   6   12 0.01
   6   17 0.66
   5    7 0.30
   0   14 0.57

   8    9 0.37
   1   17 0.77
   0    5 0.99
   6   15 0.19
   5   19 0.58
   5   15 0.72
   0   15 0.14
   4    6 0.35
   6    9 0.04
   0    5 0.84
   5   18 0.11
   5   15 0.60
   5   18 0.88
   7   10 0.74
   7   15 0.20
   5   13 0.35
   3   16 0.55
   7   13 0.31
   8   25 0.20
   5   21 0.63
   3   15 0.51
   8    8 0.11
   8   17 0.22
   7   21 0.44
   4   20 0.73
   0    4 0.75
   8    8 0.48
   2   15 0.00
   3    7 0.55
   7   18 0.83
   0   16 0.01
   4   19 0.74
   3    8 0.11
   4    6 0.21
   4   12 0.10
   8   19 0.91
   3   13 0.67
   2   16 0.74
   4    5 0.93
   7   12 0.39
   1   16 0.15
   6   12 0.38
   6   12 0.65
   8   12 0.94
   0   11 0.88
   0   10 0.86
   5   22 0.03
   7   19 0.98
   5    8 0.55
   4    9 0.43
   8   13 0.21
   0   13 0.39
   6    6 0.89
   1    7 0.51
   5   18 0.76
   3    9 0.17
   5   12 0.68
   7   10 0.15
   8   13 0.07
   8   17 0.85

   6   11 0.43
   7   16 0.88
   5    8 0.97
   4   16 0.06
   5   18 0.78
   0    5 0.86
   0    6 0.08
   4   17 0.45
   4    8 0.21
   2    6 0.40
   4    6 0.26
   6   14 0.51
   4    8 0.97
   7   11 0.31
   5    5 0.21
   2   18 0.99
   3   16 0.46
   8   21 0.92
   5   20 0.25
   6   16 0.28
   7   18 0.07
   8   19 0.73
   8   10 0.89
   5   18 0.45
   8   19 0.56
   6   19 0.99
   8   13 0.11
   2   16 0.62
   0    1 0.55
   7   14 0.71
   7   17 0.16
   0    2 0.32
   4   15 0.38
   7   16 0.59
   1   17 0.12
   4   11 0.08
   0   13 0.50
   8   23 0.18
   7   21 0.57
   4   19 0.48
   4   17 0.19
   1   17 0.68
   6   11 0.13
   1   11 0.28
   0   10 0.27
   3   18 0.11
   0   16 0.85
   2    7 0.71
   8   14 0.36
   8    8 0.86
   3   13 0.00
   6   12 0.65
   4    5 0.30
   7   24 0.84
   6   17 0.81
   2    2 0.07
   2   17 0.68
   6    6 0.19
   2    5 0.00
   6   20 0.76

