3 60 8
3   16   2   4

  11   44 0.31
   7   46 0.72
  11   38 0.76
   7   18 0.01
   7   28 0.35
   7   20 0.38
  12   23 0.41
  11   36 0.63
   3   21 0.47
   9   30 0.13
   1   33 0.32
   1   41 0.57
   8   18 0.52
   9   12 0.49
   4   12 0.37
   2   21 0.12
  11   26 0.56
  11   50 0.65
   5    8 0.72
  12   49 0.49
   7   24 0.26
  10   20 0.08
  12   17 0.90
   5   30 0.76
   3   40 0.32
   4   33 0.82
   8   17 0.77
   8   12 0.86
   0   31 0.39
  12   24 0.05
   5   10 0.72
   4   10 0.94
   5   16 0.15
   0   36 0.07
   8   40 0.87
   0   17 0.48
   4   21 0.35
   5    8 0.95
   0   15 0.64
   7   16 0.99
   3    4 0.36
   4   42 0.30
   2   17 0.06
   1   34 0.19
   4   13 0.54
   7   22 0.65
   0   16 0.57
   9    9 0.13
  11   22 0.51
   3   29 0.64
   9   47 0.63
   0   25 0.42
  10   20 0.39
  12   16 0.61
   8   22 0.94
   6    8 0.78
   8   40 0.59
   1   34 0.61
   1    6 0.65
   0   37 0.50

   2   16 0.24
   4   27 0.83
   3   27 0.20
   1   10 0.68
   5   23 0.99
   7   43 0.79
   7   39 0.19
   0   14 0.02
   3    7 0.44
   2   13 0.05
   5   16 0.18
   1   12 0.77
   8   44 0.55
   7   32 0.27
   0    3 0.14
   5   12 0.15
  12   15 0.70
   3   40 0.55
   2   37 0.95
   2    4 0.91
   4    8 0.78
   9   11 0.80
   8   34 0.66
  12   31 0.59
  12   37 0.12
   1   10 0.67
   8   39 0.64
   1   27 0.34
   1    3 0.20
   0    5 0.61
   4   33 0.88
  12   33 0.36
   7   31 0.88
  10   29 0.52
   2   21 0.57
   4   44 0.75
  12   41 0.08
  12   33 0.10
   0   12 0.31
   8   17 0.12
   8   15 0.43
   1    7 0.33
   3   40 0.71
   7   22 0.13
  12   29 0.77
   8   39 0.88
   6   10 0.77
   4   33 0.84
   2   22 0.47
   3   43 0.88
  12   48 0.33
   6   31 0.89
  12   34 0.31
  10   17 0.03
   9   19 0.41
   8    8 0.68
  12   35 0.69
   9   32 0.38
   8   45 0.78
   1    5 0.29

   7   29 0.33
  10   28 0.85
   8   47 0.53
   4   27 0.91
   4   38 0.34
   6   37 0.03
   7   24 0.95
   0    6 0.42
   7   23 0.30
   1    9 0.23
   2   42 0.15
   3   20 0.41
   9   48 0.63
   6   30 0.69
   4   41 0.76
   5   22 0.92
   8   30 0.98
  11   16 0.65
   7    7 0.86
   1   33 0.15
   3   12 0.47
   5   44 0.89
   6   10 0.45
   7   11 0.87
   0   19 0.56
  10   16 0.28
   3    6 0.16
  12   36 0.92
   4   41 0.09
   7    9 0.05
   7   18 0.31
  10   17 0.79
   8   31 0.08
   3   40 0.73
   3   42 0.00
  12   44 0.12
   5   13 0.13
   7   11 0.94
   2   28 0.67
  10   26 0.30
   4   29 0.45
   6   40 0.81
   2   35 0.03
   1   24 0.66
   8   19 0.43
   6   36 0.90
   4   18 0.71
   9   17 0.62
   1   17 0.78
   9   19 0.58
   7   31 0.66
   3   25 0.08
   2   12 0.08
   9   46 0.36
   9   47 0.19
  12   13 0.30
   4   10 0.02
  12   32 0.55
   0   11 0.24
   4   15 0.31

