3 30 8
6    4  20   2  16  10  20

  14   16 0.56
  66   80 0.25
  11   21 0.07
   1   20 0.68
   4   12 0.77
  35   47 0.00
  25   41 0.05
   4   14 0.93
  14   28 0.02
  43   49 0.91
  64   84 0.23
  56   59 0.50
  37   45 0.63
  10   18 0.72
  47   49 0.97
  45   58 0.02
  25   39 0.23
  17   22 0.13
  33   52 0.30
  32   46 0.71
  36   46 0.65
  17   23 0.00
  36   40 0.09
  52   66 0.98
  23   42 0.48
   6   10 0.94
  36   51 0.46
  49   62 0.90
  14   17 0.26
  38   57 0.06

  46   67 0.07
  41   51 0.00
  38   43 0.53
  12   13 0.40
  44   50 0.37
  47   56 0.55
  10   22 0.81
   2   23 0.98
  65   70 0.92
   9   28 0.58
  45   58 0.48
  47   54 0.70
  54   64 0.90
  58   61 0.57
  59   75 0.92
   5   23 0.24
  23   23 0.67
  11   14 0.75
  34   38 0.82
   5    9 0.33
  41   50 0.73
  50   63 0.83
  40   44 0.31
  15   28 0.96
   8   24 0.45
  42   43 0.18
  41   45 0.84
  27   48 0.52
  39   59 0.86
  63   78 0.65

  50   61 0.08
  26   42 0.70
  51   57 0.04
  31   39 0.88
  56   76 0.53
  40   61 0.61
  39   41 0.36
   2   11 0.30
  41   60 0.39
  28   31 0.56
  48   52 0.54
   6   27 0.86
  47   49 0.72
  14   16 0.72
   3    7 0.48
   8    9 0.34
  47   58 0.37
  33   41 0.62
  43   56 0.26
   1   16 0.82
  34   37 0.48
   5   17 0.01
   2   10 0.29
  59   72 0.75
  46   66 0.44
  27   32 0.55
  66   70 0.12
   1   18 0.37
  56   62 0.80
   3   23 0.68

  49   51 0.08
  13   25 0.50
  21   33 0.67
  36   48 0.41
  56   69 0.27
  66   71 0.33
  62   82 0.31
   2   20 0.48
   7   17 0.24
  48   60 0.22
   2   12 0.11
  63   69 0.75
  49   62 0.08
  18   28 0.10
  45   59 0.56
  50   53 0.49
  28   30 0.21
  20   23 0.78
  28   33 0.75
  35   44 0.30
  48   64 0.26
  38   41 0.03
  54   67 0.89
  29   43 0.71
   9    9 0.66
  29   32 0.81
  44   56 0.34
   2   10 0.15
  24   24 0.15
  60   61 0.60

  23   27 0.02
  49   64 0.72
  50   59 0.69
  42   50 0.87
  14   25 0.01
  40   58 0.85
  51   71 0.71
  39   49 0.68
   3   13 0.57
  10   25 0.43
   1    1 0.52
  58   59 0.59
  44   64 0.02
  13   14 0.58
  32   38 0.82
  11   11 0.74
  14   22 0.46
  58   62 0.06
  43   43 0.00
  38   49 0.04
  66   71 0.88
  28   42 0.49
  25   38 0.41
  18   31 0.62
  21   30 0.34
  18   36 0.82
  18   35 0.56
  16   36 0.19
   2   15 0.42
  63   75 0.79

  59   67 0.41
  17   26 0.67
  54   73 0.05
  45   45 0.12
  24   37 0.60
  37   39 0.74
  16   20 0.48
  33   46 0.72
  64   67 0.17
  33   35 0.41
  27   33 0.50
  27   45 0.48
  64   83 0.40
  15   15 0.60
  34   46 0.54
   6   13 0.77
  43   53 0.19
  21   30 0.30
  62   75 0.04
  56   77 0.02
  19   29 0.73
  45   66 0.66
  16   24 0.70
  49   68 0.70
  47   51 0.88
  28   38 0.63
  47   47 0.69
  27   41 0.59
  40   53 0.98
  54   61 0.42

