3 50 8
6    4   4  16  10  16   4

  12   67 0.40
  51  129 0.40
  36   97 0.60
  33   84 0.83
  32   44 0.99
  38   91 0.55
  48   98 0.34
  17   89 0.87
  47  125 0.41
  30   61 0.76
  25  102 0.47
  13   83 0.85
  28   96 0.10
  55  138 0.74
  44  119 0.57
  16   29 0.59
   4   44 0.53
   6   61 0.10
  43   53 0.04
  39   62 0.99
  22   48 0.68
  11   72 0.16
  49   52 0.92
  39   50 0.78
  24   65 0.29
   8   12 0.25
  40  108 0.17
  43  104 0.79
  36  102 0.60
  34  102 0.48
   1   22 0.68
  35   43 0.55
  36   58 0.42
  31   83 0.59
  43  109 0.57
  34  113 0.03
  51  119 0.05
  26   92 0.31
  31   71 0.05
  46   70 0.81
   6   40 0.90
  12   14 0.55
  18   58 0.41
  46   96 0.87
  10   24 0.02
   3   22 0.61
  28   54 0.50
   7   83 0.33
  55   84 0.97
  31  102 0.90

  15   85 0.78
  15   36 0.66
   4   40 0.58
   2   52 0.51
  35   90 0.12
  15   97 0.97
  20   79 0.27
  33   58 0.76
  17   78 0.23
  43   54 0.56
   1   62 0.61
  33   72 0.97
  55   73 0.21
  11   85 0.48
  47   86 0.07
  43   47 0.90
  27   90 0.14
  31   68 0.71
  51   80 0.39
  36   96 0.47
   2    3 0.91
   7   60 0.23
  13   60 0.88
  46   49 0.96
  18   95 0.12
  17   20 0.36
  27   28 0.58
  27   86 0.98
  37   92 0.64
  39   69 0.20
  48  105 0.07
  35   69 0.90
   1   47 0.72
  32   53 0.65
  12   59 0.98
  12   40 0.90
  13   28 0.01
  54   77 0.43
  36  109 0.98
  42   89 0.34
  22   54 0.35
   1   18 0.03
  12   20 0.53
  40  110 0.23
  51  103 0.54
   2   13 0.83
  20   95 0.81
  22   41 0.46
  36   77 0.23
  34   76 0.51

  48   48 0.59
  27  100 0.79
   9   65 0.79
  19   19 0.19
   4    8 0.01
   5   33 0.19
   9   33 0.30
  40   40 0.10
  15   70 0.84
   7   21 0.64
  17   69 0.35
  41   81 0.36
  46  109 0.36
  27  102 0.91
  32   98 0.38
  26   82 0.67
   4   79 0.24
  40   93 0.88
   8   25 0.50
  29   87 0.40
  40  108 0.29
  29   95 0.05
  46   75 0.60
  29   92 0.19
  55   74 0.04
  47   51 0.66
   5   51 0.52
   5   49 0.70
  18   96 0.93
  24   57 0.02
  31   45 0.59
  49   58 0.86
  42  110 0.43
  33  112 0.25
   5   40 0.57
  19   39 0.43
  26   28 0.03
   2   21 0.21
  16   65 0.77
  32   77 0.39
   6   26 0.82
  31  105 0.23
  40   66 0.94
  13   42 0.85
   2   82 0.78
  13   40 0.40
  36   39 0.07
  20   53 0.58
   5   18 0.94
  14   49 0.85

  27   81 0.77
  44   97 0.71
  15   30 0.11
  49  122 0.67
  10   23 0.59
  40  105 0.89
   0   73 0.10
  30   69 0.19
  45   47 0.94
   7   38 0.46
  10   61 0.08
  33   58 0.78
  35  114 0.47
  28   66 0.34
  33   55 0.01
  53   64 0.71
  21   22 0.79
  23   44 0.25
  33   66 0.73
   3   69 0.29
  14   18 0.85
  52   87 0.89
  39   92 0.74
  27   48 0.95
   9   10 0.05
  18   79 0.70
  52  119 0.38
  19   37 0.53
  46   69 0.31
  23   76 0.60
  31   96 0.25
  21   32 0.10
  38   80 0.02
  26   60 0.18
  10   21 0.46
  30   76 0.35
   0   70 0.71
  10   18 0.37
  16   91 0.91
  53  118 0.25
  12   55 0.65
   5   19 0.79
  44   83 0.32
   1   22 0.90
   0   17 0.62
  44   89 0.93
  12   73 0.92
  31   56 0.84
  41   91 0.26
   6    6 0.62

  23   91 0.30
  42   55 0.75
  52   73 0.71
  25   66 0.77
   4   22 0.78
  51   91 0.17
  28   46 0.69
   8   53 0.56
  52   61 0.61
  35   71 0.19
  37   69 0.07
  42   81 0.50
  18  100 0.61
  15   88 0.10
  41   55 0.42
  32   61 0.55
  33   88 0.41
   4   67 0.26
  43   76 0.21
   2   37 0.03
  46   94 0.23
  28   59 0.85
   9   42 0.77
  34   47 0.97
  48  129 0.79
   0   63 0.31
  15   69 0.93
   0   31 0.40
  52   78 0.36
   7   48 0.25
  41   99 0.53
   8   24 0.05
  29   72 0.40
  53   71 0.96
   0   68 0.67
  18   45 0.62
  35   65 0.61
  55  134 0.80
  41   72 0.46
  33   85 0.99
  34  104 0.94
  15   51 0.29
  25   85 0.83
  46  105 0.76
  14   75 0.30
   3   63 0.17
  37  105 0.49
  45  113 0.83
  28   64 0.12
  28  109 0.58

   0    6 0.12
  41   72 0.66
  44  121 0.07
  43  120 0.46
  29   65 0.41
  44   86 0.19
  13   19 0.36
  30  110 0.56
   7   11 0.12
  18   90 0.67
   9   62 0.44
   4   14 0.69
  54  107 0.42
  14   63 0.76
  11   54 0.34
  46  125 0.63
  52  102 0.16
   5   62 0.50
  21   78 0.55
  16   74 0.96
  49   87 0.99
  10   52 0.87
  45   62 0.28
  30   94 0.75
  43   88 0.22
  50   71 0.34
  10   43 0.25
  41   87 0.51
  33   59 0.70
  10   83 0.70
  27   84 0.47
  12   12 0.93
  41   63 0.65
  38   92 0.56
  40   94 0.97
  43   81 0.80
  15   63 0.37
  11   50 0.99
  13   62 0.30
  36   56 0.62
  48   73 0.38
  15   81 0.05
  35   44 0.50
  33   67 0.12
  39   50 0.73
  48  115 0.49
  16   48 0.56
  44   50 0.52
  16   65 0.15
  50   62 0.91

