4 15 4
12    4  10  16  20  10  10  20  16  10   2  10  10

  11   11 0.41
  22   37 0.47
   1    7 0.42
   1   21 0.54
  15   40 0.37
  23   54 0.22
  30   36 0.83
  25   39 0.25
   8   27 0.70
   2   27 0.86
   2   11 0.71
   5   12 0.79
  27   41 0.45
  31   51 0.64
  15   42 0.83

   0    5 0.72
  29   31 0.50
   9   18 0.49
   7   10 0.71
   4    5 0.23
   6   19 0.27
  31   46 0.91
  12   25 0.08
  29   41 0.61
  23   27 0.88
  14   34 0.72
  26   49 0.27
  18   19 0.21
  14   38 0.00
  24   48 0.45

   3   29 0.36
  16   23 0.66
   7   15 0.45
   9   23 0.65
  10   37 0.94
  24   35 0.23
  22   29 0.50
  27   49 0.55
   1   19 0.79
  12   40 0.95
   2   17 0.26
   7   27 0.70
   7   33 0.19
  21   27 0.10
   5   10 0.04

  14   36 0.44
  28   53 0.36
  23   42 0.15
   2   16 0.82
   8   13 0.09
   8   25 0.93
  25   56 0.86
   5   23 0.01
  13   22 0.57
  12   19 0.63
  15   42 0.40
   1   16 0.07
   1    3 0.08
   6   25 0.04
  10   16 0.69

   7    8 0.22
   5    9 0.32
  11   21 0.19
   2    9 0.81
   3   18 0.47
  26   45 0.69
   0    8 0.79
   1   14 0.67
  28   53 0.52
  24   24 0.20
  26   26 0.28
  19   29 0.30
  11   11 0.65
  16   19 0.48
  23   31 0.30

  12   26 0.25
  27   48 0.69
  29   55 0.77
  29   29 0.15
  26   27 0.92
   3    9 0.75
  18   19 0.54
  18   20 0.52
  12   16 0.96
   0    6 0.04
  31   49 0.83
  27   43 0.31
   2   10 0.32
  22   50 0.28
   5   36 0.18

  25   50 0.91
  22   36 0.77
   9   23 0.40
  28   42 0.18
   1   14 0.08
  11   12 0.03
  23   37 0.74
   2   23 0.57
  28   32 0.13
  20   38 0.08
  25   30 0.77
   6   28 0.40
  31   40 0.76
   7   26 0.77
  26   57 0.07

  21   50 0.89
  11   22 0.48
   3   25 0.64
  23   45 0.88
   4   28 0.96
   8   14 0.84
  31   38 0.37
  24   26 0.14
  30   52 0.63
  29   44 0.27
  21   28 0.47
  14   15 0.02
  15   19 0.48
  19   50 0.66
  14   24 0.65

  13   16 0.49
  18   22 0.71
  12   13 0.82
  14   34 0.05
  12   37 0.55
  23   37 0.05
  30   60 0.91
   3   19 0.24
  27   56 0.42
  24   36 0.57
  21   28 0.72
   9   26 0.76
   5    9 0.67
  30   47 0.88
   8   12 0.88

   1   14 0.38
   7   10 0.61
  15   41 0.92
  27   55 0.12
  18   41 0.70
  15   15 0.82
  26   34 0.81
  21   27 0.87
  31   59 0.37
  25   51 0.42
   4   33 0.17
   2   17 0.27
  12   12 0.73
   6   33 0.05
  21   42 0.49

  12   24 0.69
  10   36 0.19
  30   58 0.89
  30   37 0.99
  22   23 0.27
  10   24 0.16
   8   32 0.05
  14   43 0.85
  26   44 0.99
   1   11 0.61
   8   28 0.52
  21   37 0.66
   4   14 0.27
  24   27 0.10
  24   38 0.61

  23   31 0.20
  14   23 0.00
  23   39 0.76
  10   16 0.18
  20   38 0.26
  30   48 0.24
  17   25 0.61
  29   39 0.70
  23   26 0.95
  29   50 0.43
  18   42 0.36
  30   36 0.20
  29   41 0.95
  25   51 0.88
   8   16 0.81

