4 80 4
3   16  10   4

   0   67 0.31
  11   70 0.11
  36   40 0.09
  22   83 0.33
   2   64 0.07
   9   42 0.56
  11   50 0.42
   8   17 0.65
   3   43 0.66
  18   40 0.80
  11   80 0.84
  25   30 0.31
  32   98 0.33
  35  101 0.18
  32   78 0.06
   0    9 0.43
  32   70 0.34
  31   93 0.78
   4    6 0.96
  27   40 0.26
  11   75 0.39
   6   63 0.24
   0   66 0.76
   9   13 0.13
  12   19 0.88
  31   79 0.02
  14   61 0.11
   4    7 0.99
  35   45 0.94
   6   44 0.97
  28   63 0.23
  22   60 0.03
  31   38 0.52
  12   81 0.30
  15   24 0.72
  24   84 0.97
  28   62 0.18
  32   95 0.16
  30   99 0.38
  16   62 0.06
   5   52 0.90
   2   50 0.48
  15   74 0.32
   7   33 0.00
  22   83 0.83
  23   68 0.00
  14   70 0.78
   6   27 0.55
   1   26 0.77
   7   48 0.53
   6   61 0.63
  33   79 0.72
  23   88 0.33
  19   76 0.15
  20   51 0.39
   7   49 0.32
   6   43 0.59
  32  106 0.37
  35   73 0.07
   4   55 0.54
  16   74 0.69
  15   83 0.22
  18   31 0.61
  32   42 0.04
  34   48 0.50
  28   84 0.86
  22   70 0.81
  12   45 0.72
  12   50 0.73
  14   57 0.32
   5   48 0.21
  13   83 0.44
   6   52 0.86
  35   73 0.80
  17   49 0.58
   4   20 0.90
   1   75 0.14
   1   36 0.56
   9   51 0.03
  14   24 0.70

  26   98 0.15
   6   66 0.92
  27   86 0.18
  19   50 0.45
  30   88 0.89
  31   54 0.47
  28   84 0.48
  21   69 0.56
  24   68 0.00
  28   36 0.12
   2   14 0.28
  11   38 0.89
  19   28 0.66
   5   41 0.36
   0   15 0.07
  22   54 0.92
  32   40 0.07
   6   33 0.31
   1   49 0.87
  18   65 0.13
  15   18 0.74
  18   19 0.09
   1   57 0.58
  16   51 0.24
  25   56 0.37
  25   70 0.99
  34  106 0.61
  14   57 0.85
   7   11 0.78
  32   48 0.31
  17   31 0.88
  23   38 0.65
  16   88 0.69
  31   42 0.28
  20   37 0.88
  10   78 0.01
  25   91 0.57
   5   23 0.78
  11   79 0.55
   7   60 0.06
  24   97 0.46
  31   86 0.77
   2   16 0.99
   3   41 0.05
  27   74 0.67
  24   93 0.56
  11   76 0.38
  17   43 0.40
   9   73 0.48
   7   57 0.13
   6   67 0.55
  35  103 0.45
  34   52 0.50
  24   48 0.25
  12   85 0.89
  30   66 0.06
  33   88 0.66
  31   91 0.53
  35  108 0.93
  19   69 0.04
  15   86 0.90
   3   23 0.75
   9   18 0.74
  26   91 0.68
  27   75 0.38
  14   76 0.86
  11   37 0.49
   2    5 0.27
  31   82 0.11
  12   76 0.74
  31   92 0.84
   1    8 0.13
  33   50 0.15
  33   92 0.10
  26   54 0.98
   4   33 0.37
  28   94 0.16
  16   19 0.70
  33   79 0.64
  11   16 0.32

  18   87 0.44
  15   62 0.32
  32   61 0.07
  34   85 0.51
  28   82 0.57
  17   85 0.66
  34   84 0.55
   5   46 0.01
  32   43 0.44
  26   90 0.78
   4   62 0.58
  23   66 0.64
  24   28 0.96
  34   50 0.13
  13   58 0.76
  12   86 0.54
  12   80 0.32
   6   23 0.81
  18   30 0.34
   8   22 0.44
  20   74 0.57
   3   55 0.73
  28   70 0.28
   8   54 0.30
  30   86 0.61
  30   98 0.41
  15   32 0.60
  18   80 0.18
  34   93 0.91
   4   26 0.39
  36   93 0.35
  30   99 0.67
  24   88 0.81
  28  101 0.84
  32   41 0.51
  12   70 0.56
  14   39 0.14
  14   55 0.59
  31   61 0.66
  10   36 0.97
  36   95 0.84
   1   29 0.70
   4   73 0.17
  35  108 0.12
  29  100 0.98
   0    6 0.78
   8   14 0.42
  27   60 0.48
   2   46 0.73
  19   67 0.16
  27   36 0.57
   5   69 0.71
  22   30 0.61
  20   80 0.89
  10   81 0.50
  19   80 0.25
   2   59 0.93
  16   56 0.64
  20   72 0.66
  25   56 0.44
  30   81 0.59
  36   69 0.33
  21   77 0.67
   0   15 0.61
   4   67 0.17
  27   45 0.17
  17   26 0.81
  30   76 0.75
  20   46 0.03
  11   60 0.35
   6   54 0.37
  36   94 0.40
  17   66 0.82
   0   66 0.50
  33  100 0.13
  27   46 0.65
  21   47 0.61
  21   44 0.76
   3    3 0.92
  26   32 0.57

