3 15 8
12   10  16   4  10   4  10   2   2   2   2  16  10

  14   43 0.98
  23   23 0.78
   5   22 0.23
  15   24 0.74
  16   28 0.69
  25   48 0.94
  26   38 0.19
   7   34 0.85
   9   30 0.53
  22   32 0.69
  12   36 0.70
  12   34 0.32
  19   24 0.86
  13   49 0.50
  15   32 0.79

   1   36 0.50
   1   21 0.22
   8   26 0.88
  25   44 0.10
  19   57 0.22
   9   30 0.27
   3   18 0.56
  13   28 0.92
  13   32 0.57
  15   28 0.11
  12   28 0.35
   9   30 0.99
  24   42 0.60
  21   46 0.74
  15   46 0.64

  25   46 0.31
  12   52 0.77
   5   42 0.23
  11   41 0.09
  25   54 0.61
  26   55 0.55
   4   43 0.98
   0   29 0.23
  26   59 0.15
  22   29 0.35
   6   31 0.29
   9   20 0.07
   4   26 0.35
  18   52 0.76
  10   26 0.20

  18   55 0.02
  24   48 0.55
  21   36 0.51
   0   18 0.49
   2   27 0.92
  23   30 0.64
  13   18 0.56
   7   47 0.20
  25   53 0.33
  21   38 0.90
   0   19 0.04
  12   26 0.24
  25   45 0.88
   5   36 0.00
  18   51 0.24

  15   47 0.87
  26   56 0.52
  24   46 0.64
  17   18 0.29
  26   47 0.79
  26   66 0.07
   0   34 0.86
  17   45 0.64
  15   45 0.17
  10   38 0.45
   0   18 0.44
  25   25 0.04
  18   26 0.25
   1   32 0.30
   0   39 0.89

   8   10 0.42
   0   25 0.58
  16   35 0.75
  23   48 0.91
   5   32 0.81
  15   31 0.80
  24   51 0.22
   7    7 0.33
  23   31 0.18
  26   54 0.39
  13   31 0.83
   8   18 0.09
  21   24 0.94
  26   32 0.27
  13   37 0.22

  18   45 0.98
  13   42 0.02
   6   11 0.97
   6   45 0.79
   1   41 0.37
  18   25 0.74
  12   40 0.27
  11   42 0.68
   7   42 0.38
   8   22 0.89
  25   50 0.31
  18   37 0.33
  15   15 0.52
   3   41 0.92
  17   21 0.03

   1   15 0.45
  17   32 0.72
   7   28 0.42
  12   31 0.29
   8   32 0.91
   6   18 0.59
  21   42 0.31
   1   11 0.18
  19   57 0.75
  22   50 0.73
   7   36 0.85
   9   16 0.41
   3   25 0.55
  20   50 0.51
  12   28 0.50

   0   35 0.06
  13   49 0.92
  26   39 0.00
  20   21 0.42
  10   22 0.99
   3   18 0.26
  15   19 0.58
   3   42 0.48
   3   30 0.09
  10   14 0.51
  13   23 0.84
   2   32 0.59
   5   30 0.14
  19   20 0.11
   6   17 0.61

   0    7 0.87
  11   15 0.42
   8   30 0.56
  15   47 0.92
  23   47 0.60
  17   44 0.92
  10   20 0.91
  20   54 0.02
  14   37 0.19
  11   11 0.52
  15   27 0.11
  13   50 0.00
  12   34 0.39
   2    2 0.49
   9   25 0.12

   8   11 0.94
  20   48 0.94
  11   48 0.35
  20   54 0.55
   7   18 0.43
   9   28 0.00
  10   45 0.21
  19   36 0.56
  26   40 0.46
  23   24 0.15
  12   43 0.59
   2   40 0.49
   3   36 0.57
  23   50 0.08
   8   35 0.44

   9   12 0.18
  12   30 0.08
   5   22 0.38
  12   50 0.75
   6    8 0.05
   2   23 0.49
   3   39 0.88
  14   14 0.48
  25   34 0.62
  24   34 0.50
  19   32 0.84
  10   29 0.56
  13   15 0.85
  13   18 0.90
   0   34 0.69

