3 25 4
12   10   4  10   2   2  20  16   2   2   2  16  10

  24   70 0.63
  14   25 0.29
  17   93 0.93
  58   80 0.36
  85  135 0.44
  74  102 0.66
  27   94 0.62
  29  114 0.23
  42   44 0.38
  10   19 0.70
  45   70 0.47
  16   63 0.26
  77  104 0.69
  57   78 0.35
  97  155 0.74
  21   58 0.02
  35  105 0.14
  21   54 0.13
  92  139 0.38
  82  175 0.12
  75   80 0.73
  62   69 0.75
  26   90 0.92
  99  105 0.37
  75   77 0.27

  90  103 0.58
  23   69 0.73
  19   93 0.68
  28  121 0.07
  52  148 0.56
  57  122 0.52
   8   92 0.27
  36  128 0.18
  87  175 0.52
  69   71 0.06
   9   69 0.15
  16   52 0.61
  80  138 0.77
  96  101 0.13
  98  196 0.91
  90  136 0.18
  51  116 0.60
  56  125 0.83
  38   73 0.68
  73   97 0.78
  30   82 0.94
  45  121 0.24
  64   77 0.13
  91  108 0.62
  78  129 0.06

   0   81 0.33
  55   72 0.81
  98  128 0.47
  31   87 0.03
  29   89 0.42
  67   83 0.02
  87   89 0.30
  98  178 0.00
  77  119 0.81
  22   41 0.43
   7   62 0.16
   9   27 0.84
  56   80 0.00
  33  106 0.06
  35  109 0.51
  14   77 0.04
  67   91 0.69
  95  156 0.11
  70   91 0.06
  36   87 0.51
  97  154 0.84
  99  131 0.00
  36  100 0.78
  72   84 0.89
  46  100 0.85

   4   51 0.38
  18   55 0.41
  38  111 0.51
  16   47 0.83
  70  115 0.74
   7   59 0.38
  58   67 0.51
  26   90 0.81
  23   99 0.28
   9   98 0.33
  28  112 0.34
  62  152 0.31
  91  188 0.00
  77   84 0.69
  62  155 0.65
   6   40 0.87
  36  109 0.58
  27   53 0.67
  14   27 0.17
  93  165 0.49
  30   75 0.36
  86  130 0.33
  68   87 0.29
   3   48 0.96
  38   99 0.22

  67  144 0.39
  58  103 0.41
  39   55 0.43
  36   84 0.14
  32  107 0.45
  69  139 0.68
  91   92 0.66
  62  114 0.44
  27  122 0.34
  37  130 0.66
  34   52 0.37
  55  115 0.07
  99  169 0.72
  20   93 0.73
   1   78 0.30
  64   70 0.85
  27   98 0.27
  95  112 0.81
  11  110 0.01
  41   56 0.44
   1   31 0.83
  14   52 0.69
   6   15 0.85
  15   98 0.41
  17  114 0.20

  66  125 0.23
  97  101 0.05
  29   82 0.66
  57   58 0.89
  60  129 0.38
  12   69 0.00
  39  134 0.15
  87   91 0.93
  76   91 0.83
  57   97 0.01
  79  133 0.61
  70  150 0.04
  74  125 0.47
  81   98 0.67
   3   16 0.70
  74  124 0.69
  36   62 0.50
  26   63 0.12
  30  129 0.55
  92  168 0.47
  92  190 0.67
  74  128 0.55
   3   13 0.55
  24  117 0.98
  60  146 0.71

  64   94 0.02
  47   69 0.36
  19  110 0.00
  55   77 0.23
  58   90 0.62
  57   90 0.96
  27  117 0.72
  81   91 0.55
  55   79 0.50
  23   84 0.30
  93  152 0.25
   3   14 0.72
  19   87 0.89
  14   81 0.65
  35   36 0.35
  44   56 0.64
  24   56 0.83
  86  127 0.21
  50   69 0.90
  56  148 0.71
  85  151 0.21
  96  191 0.72
  22   76 0.27
  94  192 0.96
  49   74 0.49

  37  122 0.86
  48  103 0.35
   7   34 0.58
   4   86 0.30
  76  133 0.56
  36   64 0.46
  97  187 0.81
  42   77 0.63
   1   48 0.06
   3   57 0.00
  20   60 0.44
  26   51 0.97
  71  108 0.67
  34   81 0.22
  68   92 0.17
  28   97 0.12
  64   80 0.30
  76  148 0.43
  80  150 0.74
  91  170 0.95
  19   97 0.26
  37   62 0.05
   1   95 0.49
  75   96 0.57
  15   97 0.02

  81  161 0.59
  86  137 0.54
  58  118 0.91
  25   86 0.82
  95  178 0.59
  95   98 0.16
  58  142 0.64
   6   65 0.56
  73  106 0.93
   0   34 0.38
  72   74 0.49
  95  141 0.71
  82  101 0.45
  44  123 0.03
  97  164 0.60
  57  131 0.04
  29  124 0.48
  49   99 0.40
  85  180 0.71
  45   85 0.07
  39   52 0.06
  82  153 0.88
   4   50 0.33
  67   86 0.49
  68  141 0.91

  11  105 0.17
  17   54 0.50
  58  154 0.85
  15  111 0.76
  40  132 0.57
  11   24 0.71
  16   48 0.00
  73  104 0.87
  40   53 0.72
  34   70 0.68
  50  126 0.04
  69  145 0.54
  40   55 0.97
  78  138 0.84
   2   43 0.50
  77  159 0.96
   7   17 0.62
  38   79 0.09
  87  133 0.64
  81  177 0.05
  16   52 0.12
  12   57 0.45
  30   60 0.72
  50   88 0.95
  87  118 0.90

  63  133 0.20
  11   32 0.06
  64   88 0.65
  35   92 0.37
  70  133 0.96
  10   23 0.98
  32  105 0.39
  20   44 0.08
  64   79 0.77
  10   94 0.10
   7   69 0.59
   4   82 0.85
  31   46 0.17
  70   98 0.03
  83  162 0.71
  63  114 0.04
  65   78 0.03
   7    7 0.87
  48   83 0.67
  16   60 0.47
  60  157 0.18
  81   83 0.38
  82  170 0.76
  73  112 0.86
  77   88 0.65

  54  142 0.03
  34   59 0.37
  54  107 0.28
   4   33 0.82
  63   90 0.45
  88  102 0.49
  13   96 0.02
  38  137 0.12
  45  102 0.65
  59  103 0.38
  60  157 0.11
  15   52 0.64
  27   54 0.47
  39  137 0.09
   0   54 0.52
  17   85 0.97
   1   44 0.37
  83  114 0.34
  61   93 0.17
   4   39 0.94
  48   74 0.56
  40   89 0.58
   2   33 0.23
  52  151 0.45
  79  139 0.13

