5 60 4
3    2   2  10

  24   32 0.09
  25   26 0.86
  26   34 0.53
  28   35 0.89
  30   39 0.26
  15   23 0.20
  28   31 0.27
   4    9 0.05
   0    0 0.73
  24   33 0.77
   1    2 0.67
  18   25 0.63
   4    6 0.93
  28   34 0.29
   4   11 0.86
  23   28 0.73
  23   25 0.59
  23   30 0.02
  20   21 0.55
  29   34 0.91
  26   26 0.32
  29   32 0.85
  24   25 0.23
  17   19 0.32
  24   28 0.92
  14   19 0.73
  29   36 0.08
  14   18 0.16
   5    7 0.40
   0    3 0.10
  10   12 0.88
  18   18 0.10
   7    7 0.61
  22   23 0.50
  30   37 0.28
  13   22 0.92
  26   35 0.54
  10   10 0.37
  25   34 0.66
  13   21 0.16
   5    9 0.76
   9   10 0.75
   3    5 0.06
  21   23 0.64
  11   17 0.68
   6   10 0.99
  23   28 0.80
  25   34 0.89
  30   34 0.58
  19   23 0.25
  14   15 0.96
  30   35 0.07
  27   36 0.52
  29   33 0.00
  15   23 0.54
  22   28 0.24
  28   37 0.60
  24   33 0.45
  26   28 0.17
  27   30 0.90

  18   21 0.50
  13   15 0.90
  17   21 0.36
  10   13 0.59
  28   33 0.56
  22   30 0.86
  28   32 0.49
  17   21 0.12
  23   28 0.00
   6    7 0.56
  28   33 0.86
  16   21 0.40
  18   27 0.12
  14   18 0.71
  17   25 0.38
   2    5 0.90
  19   26 0.55
   9    9 0.34
  24   30 0.98
  22   28 0.39
   1    6 0.59
   9    9 0.24
  23   29 0.35
   1    1 0.17
   6   10 0.97
  25   27 0.14
  10   19 0.42
  23   24 0.57
   2    3 0.45
  15   23 0.83
   9   14 0.02
  13   16 0.45
  27   33 0.47
  20   29 0.47
  10   18 0.40
   6   12 0.18
  12   17 0.82
  22   23 0.03
  18   26 0.41
  13   17 0.66
  14   15 0.99
  13   22 0.43
   9   16 0.08
   8   15 0.32
  30   35 0.20
  27   30 0.13
  29   30 0.90
  14   20 0.22
  19   21 0.98
  21   29 0.38
  18   22 0.19
  11   12 0.21
  22   29 0.67
  28   35 0.60
   6   13 0.81
   9   13 0.45
  14   17 0.92
  25   33 0.83
  15   21 0.31
  11   20 0.71

  23   31 0.51
  27   29 0.75
  22   28 0.59
  12   21 0.18
  10   11 0.45
  18   26 0.28
  20   25 0.24
  11   16 0.83
  16   19 0.87
  27   34 0.47
   7   13 0.59
   8    9 0.17
  13   22 0.64
  10   14 0.45
  16   20 0.39
   3    4 0.81
  13   18 0.37
  16   23 0.25
  19   26 0.58
  23   30 0.59
  30   39 0.12
  22   29 0.72
  29   36 0.07
   8   16 0.56
  28   36 0.79
  29   29 0.67
  12   13 0.45
   3    8 0.62
   0    7 0.74
   6   12 0.19
  27   27 0.90
  25   25 0.01
  19   23 0.78
  20   28 0.45
  21   25 0.20
  11   18 0.67
  23   31 0.34
   3    9 0.75
   7   13 0.94
  19   24 0.11
  14   20 0.82
   0    7 0.11
  29   33 0.35
  15   21 0.46
  28   30 0.19
   3    9 0.06
  23   24 0.35
   7   10 0.43
   7   13 0.27
  24   27 0.36
   7   16 0.11
   3    5 0.79
   0    7 0.66
  22   29 0.54
   9   11 0.14
  18   18 0.39
   0    1 0.85
   6   12 0.27
  30   36 0.40
  29   31 0.92

