3 80 4
3    4   2   4

  30   77 0.04
  10   57 0.59
  16   59 0.43
  16   35 0.75
  39   62 0.67
  39   46 0.15
  45   69 0.47
  46   76 0.74
  34   38 0.79
   7    8 0.01
  28   57 0.43
  37   60 0.29
  27   52 0.30
  40   67 0.30
   8   32 0.55
  24   71 0.39
  10   24 0.83
  41   67 0.43
  10   14 0.98
  43   49 0.88
  27   74 0.03
   0   38 0.70
  34   75 0.25
  39   70 0.93
   5   32 0.52
  36   77 0.44
   4   39 0.80
   3   45 0.42
  37   38 0.31
   0    8 0.36
  14   48 0.45
  11   48 0.12
   1   45 0.74
  48   86 0.69
  34   73 0.81
  21   46 0.56
  12   38 0.77
  22   54 0.75
  36   59 0.49
  20   67 0.35
  32   56 0.72
  43   76 0.08
   9   10 0.92
  43   50 0.55
  32   33 0.18
  42   71 0.57
  19   26 0.06
  47   73 0.53
  17   51 0.25
  15   28 0.67
  17   17 0.33
   3   13 0.19
   7   47 0.95
  25   25 0.39
   3    7 0.22
  47   71 0.04
  31   36 0.31
  33   80 0.08
  10   41 0.58
  28   45 0.01
   7   49 0.67
  36   54 0.31
  46   65 0.82
  40   88 0.51
   0   41 0.21
  28   46 0.76
  16   48 0.52
  41   85 0.43
  30   51 0.44
   4   16 0.20
   1   22 0.51
  10   50 0.29
  19   27 0.56
  25   70 0.22
   6   25 0.17
   1   38 0.85
  17   55 0.41
  18   59 0.26
  28   76 0.07
  33   56 0.90

  19   35 0.28
   9   31 0.55
  31   63 0.93
  15   44 0.68
  23   43 0.71
  29   50 0.56
  26   60 0.99
  22   47 0.35
  23   62 0.74
  16   27 0.30
  22   43 0.15
  16   24 0.45
   6   49 0.14
  47   84 0.48
  13   13 0.04
  37   65 0.53
  48   86 0.50
  40   57 0.83
  13   14 0.47
  14   60 0.04
  24   48 0.79
  37   54 0.80
  41   61 0.77
   3   23 0.45
  14   37 0.60
  18   32 0.18
  21   62 0.68
  31   53 0.31
  44   82 0.90
  43   44 0.77
  21   39 0.65
   6   33 0.54
  25   34 0.52
  26   34 0.63
   7    7 0.34
  44   65 0.71
  35   66 0.75
  23   47 0.45
  16   59 0.55
   4   24 0.52
  41   56 0.89
  28   70 0.18
  28   74 0.47
  48   73 0.72
  44   45 0.51
  15   52 0.03
  48   72 0.08
  38   86 0.85
  23   67 0.16
  25   49 0.31
  46   71 0.19
  44   46 0.07
   9   45 0.94
  35   44 0.71
   0   28 0.62
  10   20 0.25
  26   44 0.63
  45   71 0.41
   0    1 0.62
  21   34 0.14
  23   54 0.57
   7   20 0.65
  34   57 0.65
  18   38 0.09
  21   63 0.50
   4   34 0.49
  16   29 0.71
  19   36 0.36
  24   61 0.55
  34   80 0.77
  17   55 0.64
  28   62 0.78
  43   90 0.30
   8   14 0.81
  19   48 0.17
  22   53 0.23
  29   64 0.54
  32   74 0.90
   0   27 0.35
  25   50 0.41

  19   48 0.27
   2   15 0.55
  41   50 0.48
   2    3 0.68
  18   51 0.10
  13   61 0.22
  14   48 0.55
   1    4 0.74
  18   22 0.38
   9   11 0.62
  15   51 0.71
   9   12 0.60
  20   29 0.06
  45   63 0.62
  12   22 0.03
  14   37 0.44
  32   67 0.57
   6   40 0.62
  37   43 0.18
  30   50 0.11
  15   54 0.32
   2   15 0.41
  35   49 0.80
  19   58 0.29
  20   47 0.47
  22   45 0.95
   1   33 0.15
  25   57 0.79
  11   25 0.40
  42   79 0.92
   0   21 0.34
   4   17 0.36
  38   56 0.47
  30   65 0.60
  15   46 0.78
  21   43 0.72
  17   46 0.10
   8   45 0.13
  31   52 0.16
  16   50 0.17
  48   95 0.35
  19   21 0.58
  22   52 0.67
  10   25 0.03
  18   49 0.38
   7   30 0.22
   0   21 0.87
   2   42 0.33
  47   59 0.93
  41   74 0.57
  25   26 0.45
  45   76 0.56
  28   71 0.61
  14   38 0.72
  38   63 0.68
  15   47 0.41
   3   28 0.36
  48   60 0.63
  25   63 0.91
  20   65 0.26
  45   59 0.60
   2   36 0.67
  26   28 0.72
  21   43 0.78
  20   30 0.93
  31   60 0.14
  23   53 0.77
  25   53 0.13
  19   38 0.54
   7   46 0.71
   0   12 0.49
  41   68 0.36
   8   34 0.32
  15   28 0.33
  16   64 0.82
   9   33 0.85
  37   83 0.24
  16   25 0.46
  11   12 0.05
  43   58 0.82

