3 30 4
6    4  16   4  10  10   4

  27   77 0.19
  25   42 0.62
  22   27 0.96
  28  115 0.03
  15   19 0.66
   1   48 0.83
   8   23 0.88
   4   78 0.33
  10   70 0.99
  28   82 0.73
   3   66 0.87
   3   54 0.75
   3   84 0.63
  19   25 0.58
   0    5 0.58
  14   60 0.03
  20   47 0.38
  21   27 0.11
  19  107 0.40
   2   21 0.39
  16   37 0.73
   0    4 0.54
   9   43 0.66
  27   89 0.79
  23   43 0.27
  29  115 0.32
   6   95 0.70
  13   90 0.75
  29   61 0.79
  11   47 0.98

  24   86 0.87
  15   69 0.42
  10   21 0.32
  24  109 0.93
  28  101 0.80
  14   35 0.54
   0   38 0.04
  21   49 0.28
  26   80 0.91
   4   63 0.41
  11   63 0.88
  29   47 0.54
  22   74 0.43
  23   50 0.84
  19   56 0.37
   0   50 0.44
   0   34 0.34
   8   18 0.03
  23   82 0.79
   5   26 0.92
   0   65 0.11
   7   28 0.29
  23   57 0.07
  14   21 0.50
   7   21 0.64
   2   48 0.32
  28  109 0.19
  16   48 0.22
  26  112 0.56
  20   95 0.71

  24   47 0.04
  29   52 0.66
  22   99 0.61
   2   78 0.78
  16   39 0.24
  18   85 0.74
  11   83 0.09
  23   64 0.62
  18   54 0.03
   0   21 0.94
   8   94 0.36
   0    7 0.54
   3   49 0.51
  12   69 0.43
   5   68 0.58
  26   56 0.45
  22  106 0.19
  22   56 0.48
  27   85 0.68
  11   98 0.73
   1   73 0.36
  13   14 0.47
   9   78 0.08
  15   93 0.60
   1   74 0.51
  28   89 0.87
  15   92 0.48
  11   97 0.86
  27   70 0.13
  15   61 0.76

   7   91 0.05
   2   64 0.54
   6   70 0.29
   1   22 0.01
  14   95 0.60
  11   67 0.04
  20   21 0.55
   3   83 0.40
  10   19 0.94
  28   59 0.86
  12   54 0.53
   0   35 0.96
   0   52 0.02
  18  101 0.06
  28  109 0.42
  25   88 0.47
  29   45 0.96
   7   92 0.29
  12   74 0.61
  10   40 0.51
  25   48 0.59
  12   47 0.45
   2    4 0.27
  14   80 0.02
  22   94 0.88
  14   49 0.88
   1   21 0.97
   2   59 0.16
   6   58 0.24
  23   53 0.47

   0   36 0.76
  24   34 0.44
   1   61 0.13
  22   26 0.76
  26   35 0.94
  24   28 0.98
  23   99 0.29
  15   59 0.80
  24  107 0.09
   9   64 0.12
  22   98 0.76
  14   48 0.48
  22   67 0.17
  10   60 0.54
  22   51 0.15
  13   84 0.78
  12   19 0.71
   2    7 0.30
  21   87 0.19
  26   42 0.99
   7   13 0.59
   2   38 0.00
  25   90 0.59
  12   18 0.31
  10   13 0.02
  26   80 0.39
  18   74 0.46
  20   73 0.01
  29   89 0.77
  17   81 0.57

  10   95 0.08
  21   85 0.00
  29   63 0.97
  19  103 0.68
   6   60 0.75
   9   62 0.49
  14   14 0.15
  12   52 0.93
  11   19 0.60
  11   80 0.38
   8   82 0.62
   2   80 0.28
  12   74 0.63
  13   98 0.62
  12   84 0.31
  28   61 0.92
  18   55 0.51
   1   45 0.26
  27   33 0.40
  22   52 0.41
   7   42 0.58
  20   53 0.16
   4    5 0.81
  27   36 0.16
  24   42 0.01
  29  113 0.87
  11   91 0.95
  19   71 0.90
  12   81 0.03
  22   44 0.42

