3 60 4
3    2  10   4

   0   14 0.99
  18   28 0.15
  16   29 0.53
  12   24 0.38
   5   17 0.81
   3   13 0.24
   4    8 0.40
  14   23 0.94
   7    8 0.07
   0    4 0.22
   5   17 0.82
   8    8 0.52
   7   14 0.64
  17   23 0.49
  18   31 0.17
   3   15 0.01
   5   22 0.70
  19   22 0.15
  17   25 0.73
   1   12 0.43
  13   17 0.22
   4    9 0.85
  19   30 0.06
  18   32 0.09
   7   22 0.36
   7   11 0.08
  10   12 0.06
   7   19 0.01
  12   14 0.91
  11   20 0.08
   4   15 0.48
   6   24 0.80
  10   27 0.85
  19   19 0.01
   5   10 0.43
   9   23 0.63
  18   31 0.76
  10   14 0.97
   0   13 0.09
   1    4 0.30
   0    2 0.00
  19   38 0.46
  16   34 0.99
   5    6 0.94
   3   12 0.76
   0   13 0.73
   9   18 0.33
   3   16 0.27
   0   12 0.78
   7   15 0.82
   4   23 0.57
  10   18 0.14
   0    0 0.94
  10   12 0.44
  15   17 0.01
  13   24 0.51
   4   15 0.21
  17   24 0.40
  15   16 0.29
  16   22 0.07

  12   31 0.31
   8    9 0.82
   2    3 0.77
  13   23 0.48
   2   12 0.71
   9   13 0.67
   5   21 0.55
   0    7 0.01
   9   15 0.15
   1   18 0.86
   8   20 0.96
  10   12 0.80
   2   12 0.63
   2   13 0.56
  12   16 0.37
  11   29 0.10
   2   20 0.49
  10   22 0.82
   2   19 0.92
   3    9 0.10
   4   12 0.81
  10   28 0.61
  10   22 0.87
  14   33 0.01
   5    9 0.06
   9   26 0.16
   3   21 0.17
   7   25 0.01
   1    7 0.69
  10   24 0.50
  19   28 0.15
  17   18 0.91
   4   18 0.64
   0    5 0.41
  10   27 0.61
   7   16 0.61
   5   12 0.82
  13   29 0.83
   2   16 0.81
  11   22 0.15
   1   12 0.30
   1   18 0.10
  18   26 0.59
  14   33 0.46
   0   14 0.57
  16   28 0.17
  15   34 0.34
   6   22 0.76
  16   25 0.60
  10   10 0.45
  15   16 0.42
  14   28 0.51
  19   32 0.17
   5   11 0.86
  13   29 0.55
   5   10 0.00
   2   14 0.81
   4   19 0.23
   8   21 0.97
  14   29 0.33

   6   14 0.71
  11   27 0.84
  16   22 0.89
   8    8 0.49
   7   13 0.71
  18   36 0.10
   5   23 0.76
  14   14 0.47
   6   20 0.70
  18   33 0.79
   5   23 0.81
  13   30 0.74
   7   15 0.64
   2   21 0.34
   9   11 0.19
  11   21 0.44
  18   22 0.05
  17   24 0.89
  11   26 0.00
   6    9 0.40
  10   20 0.61
  16   16 0.42
  11   23 0.20
  14   24 0.33
  16   35 0.26
  19   29 0.83
  10   21 0.61
   0   14 0.48
   2   10 0.56
   0    3 0.38
  18   34 0.71
  12   14 0.13
  16   29 0.52
  15   25 0.80
   0   15 0.48
   8   16 0.81
   9   14 0.48
  11   27 0.25
   7   17 0.21
  17   29 0.51
   1   14 0.22
   9   22 0.47
  18   19 0.59
   5   23 0.45
  10   19 0.49
   7   10 0.67
  12   14 0.53
   3   22 0.80
   1    7 0.32
   7   18 0.92
   2   13 0.85
  15   34 0.87
  19   19 0.55
   9   17 0.33
   5    8 0.20
   6    9 0.64
   4   18 0.08
  17   22 0.10
   1   17 0.46
   9   11 0.84

