3 25 8
12   20   2  10  10   4   2  20  20   4  16  10   4

   7   90 0.89
  21   24 0.16
  12   65 0.03
  51  110 0.72
  15   53 0.46
   4   90 0.56
  11   28 0.41
  43  119 0.43
   5   77 0.95
  54  102 0.30
  38   81 0.50
  55  117 0.65
  33   84 0.30
  15   44 0.23
  15   51 0.10
  39  121 0.56
  37   91 0.02
  25   67 0.04
  43   76 0.81
  24   45 0.71
  29   45 0.84
  41   83 0.92
  61  114 0.70
  47  119 0.25
  56  142 0.55

  10   44 0.29
  47   99 0.98
  50  107 0.90
  54   61 0.96
  19   42 0.39
  62  137 0.02
  18  108 0.17
   8   75 0.82
  60   68 0.30
  36   48 0.58
  21   74 0.11
  20   70 0.81
  15   97 0.56
  39   88 0.98
  29  104 0.19
  27   41 0.72
  24   68 0.90
  31   39 0.41
  41   46 0.83
  13  104 0.93
  41   90 0.59
  43  133 0.53
  28  102 0.38
  60   90 0.12
  10  101 0.85

   5   76 0.12
  41   54 0.78
   0   44 0.07
   4    7 0.03
  19   87 0.80
  21   27 0.69
  58  151 0.89
  36   74 0.03
  31   58 0.72
  29  120 0.91
  29   53 0.89
  25   92 0.45
  26   88 0.29
  57  124 0.46
  19   87 0.16
  20   46 0.68
  56  124 0.26
  10   77 0.20
  53  142 0.29
  55   98 0.60
  16   60 0.88
  29   87 0.72
  39   46 0.00
   2   22 0.19
  27   53 0.16

  40   57 0.29
  61   67 0.50
  26   99 0.89
  27  108 0.67
  52   56 0.95
  42  105 0.52
  34   94 0.58
  42  106 0.51
  25   69 0.84
  57   93 0.22
  46   48 0.06
   1   55 0.91
  45   48 0.89
   5   86 0.46
  14  105 0.87
  15   66 0.61
  27   42 0.43
  48   52 0.32
   5   97 0.09
  43  105 0.70
   3   65 0.66
   2   92 0.59
  44  120 0.14
  18   76 0.22
  22   73 0.20

  41  125 0.26
  33   34 0.00
  58  152 0.53
  53  127 0.39
  18  101 0.24
  12   91 0.88
  57   68 0.37
  35   59 0.54
  58  132 0.97
  21   22 0.00
   1   21 0.26
  38   49 0.32
  38   76 0.85
  31   63 0.88
  41  114 0.15
  59   86 0.47
  23   72 0.66
  43  126 0.92
  13   22 0.49
  24   95 0.03
  18   32 0.82
   7   97 0.82
  45   72 0.77
  52  139 0.20
  49   66 0.41

  54  104 0.94
  17   79 0.57
   8   39 0.72
  34   91 0.00
  32  111 0.17
  62   69 0.95
  39  115 0.01
  18   31 0.06
  14   22 0.91
  61   88 0.18
  29   42 0.06
  43   78 0.39
  46   75 0.99
  46  111 0.30
  16   39 0.16
  27  103 0.38
  45   86 0.01
  12   70 0.50
  38  103 0.71
  44   54 0.24
  12   60 0.38
  16   82 0.47
  56   83 0.97
  36   45 0.42
  39   57 0.34

  18  103 0.51
  22   67 0.78
  50   99 0.69
  52   89 0.55
  42  109 0.23
   0   39 0.65
  61   80 0.36
  37   69 0.48
  23   91 0.33
  49   81 0.22
  62   65 0.78
  37   64 0.21
  13   35 0.53
  30   44 0.33
  53   79 0.79
  57   98 0.30
  48   50 0.15
  61   93 0.58
  52   71 0.29
  51   84 0.85
  61  151 0.13
  42  107 0.46
  62  104 0.42
  56  122 0.79
   5   91 0.73

  16   32 0.65
  29  120 0.71
  48   88 0.05
  60   66 0.89
   2   63 0.37
  22  109 0.62
   6   93 0.88
  35  106 0.69
  38   76 0.74
  50  137 0.36
   3   75 0.75
  23   84 0.69
  44   71 0.30
  15   33 0.06
  21   72 0.01
  54  112 0.88
  47   77 0.27
  54  135 0.22
  44  114 0.05
  47   48 0.00
   9   40 0.91
  31   67 0.88
  11   40 0.96
   7   44 0.88
  59   76 0.68

  28   72 0.98
  30   73 0.77
  47  121 0.67
   8   48 0.16
  29   79 0.16
  38   88 0.07
  55   97 0.05
  47   77 0.55
  37  127 0.80
   4   25 0.49
  45   78 0.71
  47   53 0.46
  34   69 0.02
  13   61 0.89
  14   17 0.86
  15   97 0.43
  11   41 0.62
  32   76 0.37
   8   85 0.73
  56  134 0.07
  28  116 0.11
  25   77 0.30
  16   43 0.52
   1   82 0.91
  50  115 0.46

  16   93 0.14
  25   62 0.00
  29  119 0.54
   7   35 0.46
  39  129 0.18
  61  137 0.96
  15   48 0.30
  21   32 0.03
  29  112 0.07
  36  117 0.35
  12   13 0.74
  54  126 0.37
  45   46 0.37
   9   91 0.04
   1   72 0.71
  46   88 0.59
  47  111 0.65
  37  114 0.58
   1   93 0.10
  20   82 0.79
  21   44 0.57
   2   39 0.32
  60   68 0.61
  56  143 0.80
  27   94 0.74

  37   45 0.28
  33  105 0.64
  44  121 0.41
  28   49 0.66
  19   34 0.38
  12   73 0.38
  50   93 0.84
  37   98 0.24
  41   48 0.45
  31   31 0.48
  53  102 0.36
  62   79 0.39
  34   48 0.73
  58  132 0.34
  30   84 0.19
  34   95 0.73
  17  110 0.87
  41   86 0.72
  36   69 0.51
  32   87 0.04
  41   78 0.32
  59   74 0.70
   4   82 0.35
  60   98 0.10
  52  126 0.06

  51  140 0.56
  57  116 0.44
  45   58 0.62
  43  129 0.49
  22   62 0.24
  52   55 0.09
  13   47 0.50
  29   34 0.18
  19   64 0.41
  34  119 0.98
   6   43 0.50
  52   55 0.02
  45   88 0.56
  19   28 0.24
  37   62 0.10
  47  135 0.22
  29   40 0.68
  13   25 0.78
  26  107 0.88
  17   97 0.65
  35   55 0.86
  20   32 0.11
  40  111 0.05
  51  117 0.89
  41   76 0.38

