3 20 4
12    2  10  20  10  10  10  16   4   2   2  20   4

  39  174 0.19
  25   34 0.47
   2  109 0.81
  24   50 0.39
  41   55 0.91
   9  139 0.23
  27   32 0.05
  18  100 0.83
  10   15 0.67
  19   88 0.98
   6   80 0.32
  42  159 0.27
  30  163 0.42
   5  110 0.12
   5   97 0.50
  30   77 0.27
  34   88 0.71
  28  101 0.83
  24  114 0.76
  12   71 0.93

  12  108 0.08
  40  124 0.79
  24   92 0.19
  41  166 0.53
  25   73 0.61
   7   13 0.93
  26   67 0.05
  33   82 0.63
   2  127 0.31
  30   70 0.59
  39  108 0.79
  31  101 0.27
   0  133 0.08
  18   83 0.46
   5  139 0.09
  11   33 0.29
  19   87 0.24
  40  157 0.55
  21   64 0.35
  43   48 0.77

   0  134 0.17
  21  153 0.14
   7   50 0.64
  28  163 0.65
  25  143 0.51
   0  126 0.84
   3   58 0.76
  30   39 0.09
  30   42 0.96
  14  117 0.25
  32   89 0.50
  24  140 0.74
  32   89 0.46
  38   92 0.54
  37  171 0.47
  11   30 0.14
  12   38 0.01
   8  110 0.79
  30  109 0.29
   0   89 0.31

  35   44 0.95
  33   51 0.91
  15   98 0.95
  25  135 0.83
   3   78 0.69
  13  125 0.99
   2  116 0.26
  28   62 0.51
  34  154 0.09
   0   56 0.18
  43   83 0.23
   6   29 0.95
  43  112 0.53
  24  101 0.15
  19   62 0.30
  32  161 0.25
   6  127 0.94
  16  133 0.36
   1   95 0.67
   9   70 0.33

  17  106 0.12
  26  147 0.01
   7   50 0.39
  25  107 0.16
  14  144 0.60
  28  120 0.95
  18  127 0.02
   1   46 0.59
  31  116 0.44
  28   56 0.86
   5   17 0.43
   1   39 0.46
  21   78 0.05
  43  107 0.33
  21   79 0.16
  17  122 0.89
  20   28 0.19
  11  120 0.21
  12  119 0.62
   4  131 0.58

  21  128 0.53
  33  166 0.75
  36   58 0.07
  34  100 0.25
  27   63 0.24
  17   63 0.39
  39  171 0.30
  26   45 0.64
  16   75 0.65
   4   66 0.61
  15   34 0.79
   9   14 0.58
  18  151 0.41
   6   59 0.81
   3   74 0.85
  29   65 0.83
  16  102 0.32
  28   45 0.98
   6  118 0.36
  10   75 0.97

   1  125 0.84
  17   17 0.27
   0   93 0.71
  20  141 0.60
  18   28 0.81
  12  140 0.95
   4  118 0.97
   2   56 0.41
  12  120 0.45
   9   98 0.70
  36  152 0.34
  22   50 0.99
  35  139 0.21
  28  157 0.23
  36   49 0.85
  25  137 0.96
  11   17 0.77
   1  104 0.67
  28   31 0.76
   1   39 0.95

  14   69 0.78
  33  130 0.50
  33   33 0.32
   5   14 0.54
  32   57 0.03
  22  130 0.81
  30  154 0.70
  24   26 0.67
  44  123 0.05
  40   80 0.28
  21   60 0.29
  20   78 0.38
  23  132 0.60
  43   58 0.26
  26   27 0.13
  18   43 0.81
  40  119 0.29
  40  100 0.81
  11   61 0.55
   4   51 0.79

  11   18 0.04
  27   56 0.54
  33  145 0.30
  28   41 0.37
  34  104 0.27
  29  140 0.89
  11   42 0.50
  44  162 0.38
  42  133 0.32
  26   71 0.01
  37   64 0.24
  20   35 0.21
  22   92 0.01
  28   66 0.60
  13  123 0.70
  27  113 0.92
   4  136 0.20
  14  110 0.36
   6  109 0.59
  38   85 0.48

  30  153 0.36
   8    8 0.45
   2   64 0.20
  42  162 0.75
   8  129 0.41
  40   98 0.89
   1   43 0.80
   1    3 0.41
   1  113 0.43
  13   13 0.68
   5   68 0.66
  22  129 0.79
  17   55 0.87
  27   92 0.98
  31  121 0.22
  35   83 0.99
   7   22 0.41
   7  107 0.02
  33  122 0.58
   3   49 0.64

  22   53 0.46
  35   49 0.57
  22  132 0.73
  27  123 0.01
  14  129 0.84
  15   52 0.82
  29  103 0.36
  33   77 0.56
  31   75 0.22
  28   60 0.27
   2   44 0.27
  42  100 0.62
  27   36 0.71
  22  123 0.08
  42  108 0.47
  26   31 0.00
  36  135 0.01
  42  136 0.43
  17   37 0.98
   3   90 0.28

  29  145 0.71
  36  152 0.28
  19   97 0.02
  28   65 0.25
  24  154 0.22
  16   72 0.74
  43  168 0.54
  15  146 0.03
   7   12 0.87
   9   54 0.54
  36  155 0.57
  42   82 0.22
  21  116 0.10
  36   88 0.98
  14  143 0.72
  16   63 0.89
  43  102 0.69
  28   68 0.69
  22  152 0.31
   2  134 0.98

