3 100 8
3   10   4   4

   5   20 0.16
   6   27 0.48
  26   35 0.67
  19   68 0.90
  48   75 0.20
  33   68 0.19
  49   89 0.31
  34   49 0.87
   2   21 0.67
   5   51 0.34
  30   34 0.11
  21   33 0.30
  47   73 0.63
   3   57 0.81
  21   74 0.97
  14   56 0.80
  38   51 0.64
  17   19 0.47
  55   76 0.74
   2   16 0.74
   4   41 0.41
   4   41 0.39
   3   51 0.65
   1   54 0.22
  47   99 0.98
   4   58 0.22
  47   99 0.51
  30   38 0.96
  30   56 0.18
  41   72 0.84
   6   44 0.46
   8   18 0.23
  39   88 0.97
  12   60 0.45
  13   17 0.32
  47   55 0.26
   2   16 0.23
  48   61 0.02
   9   58 0.50
   2   19 0.37
  29   32 0.15
  33   62 0.85
  52   90 0.45
  55   78 0.65
  47   74 0.24
   5   10 0.42
  24   61 0.91
  11   63 0.43
   9   45 0.92
  34   87 0.18
  43   62 0.93
  12   29 0.20
   1   44 0.96
  39   64 0.96
   4   10 0.12
  37   72 0.09
  25   61 0.47
  47   74 0.54
  13   25 0.66
   2   16 0.40
   1   33 0.07
   2   42 0.34
  42   72 0.83
  52   83 0.95
   1   53 0.81
   6   30 0.21
  41   93 0.59
  30   75 0.79
   1   15 0.16
  53   87 0.76
  34   68 0.18
  55   96 0.77
   5   55 0.39
   0   55 0.77
   1   20 0.50
  10   64 0.56
  43   80 0.14
  28   82 0.47
  26   30 0.64
  37   47 0.78
  47   56 0.70
  34   50 0.94
  36   63 0.70
  38   92 0.07
   1   27 0.49
  13   50 0.77
   2   18 0.08
   3   45 0.78
  53   53 0.73
  55   95 0.21
  46   98 0.13
  51   88 0.43
  44   49 0.64
  44   74 0.13
  24   41 0.91
  16   44 0.10
  50   66 0.92
  51   88 0.30
  30   71 0.25
  40   72 0.26

   8   26 0.34
  25   59 0.13
   3   22 0.40
  44   50 0.88
  42   82 0.16
  16   44 0.39
  37   87 0.40
   7   56 0.78
  52   70 0.40
  47   79 0.46
  10   18 0.81
  26   61 0.34
   9   20 0.99
  51  103 0.81
  35   62 0.34
  47   68 0.52
  44   62 0.27
   6    7 0.49
  20   74 0.85
  12   38 0.27
  27   58 0.84
  13   40 0.17
  11   13 0.40
   9   12 0.06
   1   25 0.04
  16   42 0.81
   8   21 0.42
  21   60 0.86
  51   57 0.81
  37   59 0.63
   4   39 0.73
  29   31 0.27
  45   72 0.94
  13   52 0.73
   4   15 0.74
  38   85 0.89
  14   60 0.87
  18   53 0.36
  24   61 0.98
  29   30 0.92
  25   51 0.57
  24   44 0.77
  24   26 0.57
  28   51 0.33
  46   80 0.16
  35   76 0.93
   6   58 0.76
   7   29 0.90
   9   26 0.99
  17   45 0.35
  26   65 0.27
  22   34 0.21
  42   43 0.83
  25   77 0.79
  26   73 0.31
   5   39 0.45
  45   71 0.89
   3    7 0.22
   1   52 0.32
  34   51 0.78
  11   55 0.62
  10   46 0.24
  43   44 0.51
  46   79 0.53
   9   17 0.56
  14   60 0.45
   5   48 0.99
  39   61 0.58
  31   66 0.45
  30   75 0.38
  42   92 0.77
  20   72 0.01
  43   62 0.66
  53   78 0.70
  12   62 0.64
  26   64 0.27
  15   54 0.10
   3   25 0.17
  39   93 0.32
  30   79 0.34
   9   58 0.49
  47  101 0.49
  45   65 0.39
  27   49 0.91
  11   66 0.68
  35   87 0.16
  37   64 0.75
  22   46 0.23
  26   43 0.57
  48   91 0.44
  37   88 0.10
  55   82 0.68
  19   48 0.41
  19   33 0.16
  11   31 0.75
  50   64 0.29
  51   60 0.56
  23   57 0.35
   7   42 0.12
  46   72 0.43

  13   68 0.57
  44   85 0.63
   3   46 0.63
   5   17 0.66
  50   97 0.79
  55  103 0.76
  13   29 0.59
  45   45 0.68
   4   13 0.40
  27   31 0.81
  13   45 0.71
  37   91 0.16
  20   21 0.68
  49   89 0.98
  19   72 0.80
  35   37 0.01
  37   69 0.61
  43   77 0.47
  51   88 0.94
  12   19 0.89
  24   64 0.25
  22   22 0.12
  51   95 0.40
  29   40 0.09
  26   48 0.91
  24   29 0.57
  36   64 0.34
  18   67 0.26
  11   65 0.09
   7    8 0.12
   0   35 0.31
  52   71 0.57
  17   44 0.10
  51   99 0.62
  43   57 0.19
  39   94 0.54
   5   58 0.16
  38   63 0.75
  45   72 0.84
   4   57 0.34
   4    4 0.88
  19   61 0.53
  47   99 0.96
  11   33 0.15
   1   43 0.62
  36   78 0.42
  37   63 0.27
  28   58 0.45
  32   52 0.83
  24   79 0.95
  27   34 0.83
   8   45 0.38
  47   91 0.88
  44   78 0.80
  51   99 0.76
  11   14 0.48
   1   34 0.40
   0   17 0.70
   6   15 0.51
   4   15 0.33
  27   27 0.13
  37   72 0.01
  33   68 0.27
  40   57 0.44
  42   80 0.87
  21   62 0.98
  18   69 0.38
  10   17 0.90
  53   67 0.81
  42   45 0.99
  28   73 0.05
  47  100 0.80
  48   92 0.68
  35   52 0.77
  55   95 0.51
  24   71 0.28
   0   43 0.13
  35   38 0.01
  35   53 0.10
  48   60 0.17
  46   66 0.49
  44   71 0.26
  47   78 0.03
   1   53 0.83
  54   61 0.88
  51   53 0.97
  53   90 0.92
   1   18 0.34
  31   84 0.47
   5   46 0.15
  25   52 0.87
  42   84 0.86
  16   46 0.02
  34   59 0.48
  10   60 0.24
  10   62 0.15
  26   74 0.01
   8   21 0.73
  33   69 0.18
  31   58 0.74

