5 80 4
3   20   2  16

   8   47 0.94
  21   31 0.64
   5  109 0.80
   0   12 0.18
   0   82 0.65
  35  117 0.81
  31   45 0.41
  37  104 0.88
  36  113 0.74
  28   77 0.19
  23   54 0.11
  29  107 0.63
  31   59 0.56
  19   89 0.24
  22   68 0.67
  17  102 0.08
  28  113 0.74
  16   98 0.65
  20   50 0.82
  27   74 0.52
  33  101 0.83
   5   79 0.80
  37   53 0.57
  26   80 0.45
  11  105 0.41
  33   84 0.80
   0   69 0.85
  23  113 0.51
  16   39 0.32
  30  126 0.83
   4   55 0.15
   3   85 0.79
  23  112 0.76
   6   18 0.80
  20   72 0.52
  16   29 0.81
  29  121 0.21
   2   62 0.97
  17   33 0.40
  11   31 0.18
  17   55 0.00
  24  103 0.95
  20  125 0.21
  32  117 0.50
  24   84 0.97
  19   63 0.27
  21   60 0.47
   1  109 0.38
  19   27 0.92
  25  107 0.43
  36   45 0.98
  11   94 0.93
  27   76 0.20
  26  111 0.54
  14   73 0.14
  27   33 0.15
   7   80 0.71
  37   95 0.37
  18   24 0.49
  25  105 0.38
   4   61 0.86
   6   85 0.11
  15   36 0.74
  23   79 0.25
  20   83 0.32
  19   32 0.51
   5   35 0.62
  25   59 0.66
   0   70 0.29
  30   83 0.75
  17   34 0.52
  24   95 0.63
  11  104 0.19
  35   91 0.79
   4   86 0.49
  28   78 0.67
  24  134 0.73
   9   72 0.99
  27   83 0.40
  16   50 0.14

  37   60 0.47
  21   91 0.33
  35  146 0.15
   4   35 0.67
   3   34 0.58
  10   12 0.30
  22   40 0.03
  10   38 0.48
   8  108 0.72
  17   42 0.27
  23   78 0.08
  16   81 0.00
  11  120 0.83
  31  140 0.00
  28   77 0.04
  19  112 0.28
   6   44 0.09
  13  123 0.28
  19  107 0.44
   7   36 0.95
  31   39 0.94
   9   82 0.03
  15  112 0.41
   2   54 0.23
  11   31 0.82
  13   89 0.32
  11   54 0.97
  14  107 0.43
  22  110 0.49
  32  128 0.42
  26   46 0.29
   8   93 0.07
  16  113 0.40
   9   53 0.81
  37   81 0.01
   9   89 0.45
  13   34 0.97
  17  115 0.33
  33   85 0.56
  16   90 0.70
   9   63 0.38
   0   45 0.90
  16  129 0.71
  23   36 0.28
   4   94 0.34
   9  114 0.40
  23  128 0.00
   5   79 0.05
  12   44 0.64
  36   74 0.53
  16   87 0.29
  18   86 0.52
  21  134 0.12
   8   39 0.45
  25   74 0.73
  13  102 0.79
   1   13 0.56
  17   71 0.42
  20  112 0.49
  10  118 0.01
  26   32 0.83
   7  120 0.01
   0   87 0.55
   0   54 0.06
  37  140 0.87
  15   26 0.24
   1   21 0.77
  16   92 0.96
  28  113 0.64
  34  123 0.29
   7  118 0.74
  13   27 0.14
  19   80 0.03
  16   47 0.21
   6   89 0.01
  35  103 0.79
   8   74 0.45
  11   49 0.29
  25  136 0.27
  14   61 0.83

  21   25 0.65
   0   36 0.93
  13   55 0.94
   8  109 0.62
  14   41 0.07
   7   75 0.70
  28   59 0.18
  16   76 0.91
   4   86 0.14
  25   89 0.50
   4   83 0.75
  35   68 0.66
  13   47 0.27
  16   66 0.93
  19   82 0.72
   4  111 0.14
  36   87 0.12
   5   39 0.23
  17   67 0.47
  23  100 0.23
  27  125 0.16
  21   67 0.91
  14   87 0.28
  23   35 0.71
  23  119 0.84
  13   40 0.10
   2    6 0.78
  20   64 0.76
  32  126 0.50
  29   63 0.37
   7  119 0.20
  15  119 0.07
  16   95 0.60
  15  111 0.04
  20   93 0.05
   9   39 0.73
  13  116 0.03
  22   96 0.88
   6   81 0.83
   8   59 0.06
  18   79 0.80
  17  114 0.22
  12   32 0.01
  36  136 0.26
  10   76 0.31
  15   96 0.76
  12  113 0.31
  27  111 0.84
   4   28 0.15
  28  112 0.64
  15   83 0.69
  13  116 0.95
   9   13 0.05
   1   57 0.67
  23   50 0.63
  21   70 0.07
  32   82 0.73
  32   68 0.36
  31   52 0.71
  11   92 0.76
  14   69 0.78
  19  109 0.42
  19   63 0.83
   8   97 0.73
   8   11 0.40
  18   95 0.34
  27   37 0.81
  29   58 0.04
  37   49 0.11
  32  134 0.84
  13   57 0.45
  28   64 0.48
  16   57 0.50
  22   36 0.16
  23   77 0.39
  11  105 0.36
  20  104 0.37
  22  126 0.16
  31   66 0.24
   8  105 0.19

