4 25 8
12   20  10  16  16  10  16  16  20  10  10   2   2

   4   30 0.54
   9   15 0.20
  15   23 0.71
  22   29 0.35
  13   28 0.31
  10   13 0.74
  15   31 0.37
   5    8 0.12
   8   31 0.98
  13   31 0.10
  25   48 0.27
   0   14 0.23
  22   29 0.72
  11   35 0.13
   8   24 0.66
   7   18 0.34
   4   30 0.71
   4   17 0.10
   8   21 0.77
  15   29 0.80
  21   45 0.04
  22   23 0.87
  13   32 0.16
  17   36 0.14
  26   35 0.66

  11   12 0.32
   4    7 0.18
  25   39 0.66
  22   34 0.72
  18   21 0.58
  16   21 0.35
   1    9 0.99
  27   35 0.64
  17   20 0.35
  11   25 0.66
  15   17 0.87
  23   46 0.64
  10   32 0.88
   2   25 0.10
   0   17 0.92
  27   45 0.88
  24   31 0.96
  13   14 0.78
   6   28 0.20
   0   24 0.44
  27   39 0.55
  14   20 0.89
  11   30 0.52
  15   34 0.99
  19   46 0.93

  13   23 0.67
   8   30 0.68
  26   42 0.12
  13   39 0.16
   1   27 0.01
   1   14 0.62
  11   28 0.41
  19   22 0.80
  17   44 0.04
  18   23 0.50
  22   46 0.98
   1   24 0.98
  14   24 0.74
  25   48 0.44
   6   24 0.56
   0   12 0.24
  15   19 0.24
  10   34 0.68
   5   22 0.73
  10   36 0.83
  21   34 0.94
  11   31 0.26
  16   42 0.89
  19   43 0.96
  21   38 0.96

   4   30 0.14
  27   29 0.10
  11   26 0.11
   2   19 0.73
  18   29 0.14
  25   49 0.72
  19   25 0.13
   4   10 0.77
  26   38 0.62
  15   21 0.49
  17   19 0.46
  13   24 0.91
  26   26 0.79
   2   10 0.39
   3   19 0.15
   6   15 0.12
  15   32 0.71
   7   28 0.46
   0   18 0.16
  22   30 0.74
   5    6 0.60
  18   38 0.08
   9   16 0.28
  18   26 0.48
  10   31 0.28

  26   48 0.70
   8   18 0.48
  21   33 0.51
  16   21 0.76
   3   12 0.58
   6   22 0.11
  12   18 0.88
  21   25 0.84
  19   40 0.78
  10   25 0.04
  21   33 0.75
   9   35 0.14
  15   27 0.95
   3   17 0.29
   4   17 0.68
  19   40 0.50
  14   22 0.93
   7   30 0.26
  27   38 0.44
   0    0 0.73
  16   20 0.29
   3   16 0.32
  22   30 0.63
  23   28 0.92
   8   19 0.45

   9   31 0.07
   1   16 0.16
  24   39 0.75
  25   46 0.90
   8   18 0.94
  17   29 0.61
  12   36 0.22
  22   28 0.08
  24   33 0.66
   1   19 0.43
   5   21 0.95
   8    9 0.70
  10   28 0.36
  15   40 0.60
  11   24 0.14
  21   37 0.65
  20   33 0.36
  23   26 0.27
   2   10 0.77
  10   19 0.30
  16   35 0.34
   9   21 0.64
  21   22 0.55
  24   24 0.34
  14   26 0.26

  12   17 0.38
  18   25 0.44
  19   37 0.93
  12   16 0.95
  26   26 0.77
   7   13 0.54
   7    9 0.93
  18   35 0.80
  19   36 0.88
   1    2 0.37
  20   26 0.54
  14   25 0.28
  11   22 0.50
  24   42 0.14
   9   10 0.38
   8   25 0.27
  19   42 0.55
   6   22 0.96
   3   10 0.22
   9   21 0.36
  22   42 0.42
  16   19 0.01
   7   27 0.50
  26   52 0.88
  26   37 0.09

   9   36 0.48
  20   41 0.23
  20   45 0.87
   5   31 0.17
   4   27 0.47
   6   26 0.24
  18   34 0.30
  11   33 0.87
  21   39 0.80
  20   30 0.10
  25   43 0.69
   5   14 0.66
   3   23 0.39
   3   29 0.61
   7    8 0.95
  23   31 0.90
  21   30 0.90
  12   19 0.74
  26   43 0.70
   6   16 0.00
  14   36 0.72
   3   10 0.49
  10   35 0.39
   8   33 0.07
  21   38 0.78

  24   30 0.96
  26   47 0.70
  20   26 0.95
  21   27 0.11
  15   37 0.21
   7   28 0.30
  21   24 0.41
   0   12 0.98
  27   39 0.10
  26   39 0.45
  25   36 0.39
  14   33 0.65
  18   32 0.85
   8   13 0.05
  10   35 0.92
  13   13 0.97
  11   14 0.33
  26   33 0.46
  24   28 0.69
  27   41 0.00
   4   26 0.82
  26   34 0.58
  10   13 0.01
   0    6 0.98
  23   27 0.44

   0   20 0.97
   6   22 0.19
  13   26 0.44
  12   19 0.68
   1    2 0.95
  18   36 0.39
   9   14 0.68
  20   20 0.62
  18   35 0.35
  22   34 0.07
   5   10 0.21
  23   27 0.67
  23   48 0.78
   6   29 0.94
   5   11 0.18
  25   41 0.73
  26   43 0.31
  16   43 0.37
  10   36 0.25
   6   25 0.83
   2   12 0.00
   1   15 0.92
  14   37 0.63
  25   36 0.12
   4   20 0.85

  23   43 0.92
  27   27 0.01
  18   22 0.66
  17   29 0.28
  20   34 0.79
  26   36 0.85
  11   19 0.44
  20   44 0.45
  13   38 0.47
   6   16 0.78
  12   39 0.91
  14   23 0.35
  21   43 0.95
  13   22 0.84
   9   36 0.76
  27   27 0.55
  23   39 0.94
  14   19 0.79
   1   27 0.15
  19   31 0.27
  10   10 0.45
  18   32 0.30
  12   16 0.22
  13   27 0.66
  20   43 0.16

  11   15 0.47
   4   18 0.78
   3   14 0.79
   5   18 0.41
   4   11 0.42
   0   12 0.42
  10   17 0.15
   9   27 0.61
  18   29 0.47
   1   19 0.56
   3   26 0.43
   7   13 0.58
   7   13 0.96
   3   28 0.72
  27   32 0.21
   0    9 0.84
  22   28 0.02
  23   24 0.14
   4   13 0.46
  24   35 0.66
  26   38 0.29
   5   25 0.76
   8   30 0.57
  16   21 0.68
  14   32 0.78

