4 100 8
3   20  20  16

  16   31 0.06
  29   41 0.22
  68   92 0.27
  30   32 0.40
  74   84 0.93
  50   58 0.92
  30   40 0.61
  81  116 0.93
  45   71 0.11
  54   78 0.42
  53   78 0.87
  56   97 0.48
  23   25 0.31
  21   40 0.27
  52   84 0.05
   1   13 0.55
  64  100 0.14
  81   93 0.63
  32   74 0.44
  64   87 0.15
  16   35 0.18
  35   53 0.00
   3   30 0.96
  13   44 0.01
   2   13 0.30
  48   60 0.85
  76   76 0.04
  53   69 0.17
  29   49 0.86
  16   37 0.30
  32   58 0.52
  37   71 0.71
  26   58 0.52
   9   31 0.88
  72  100 0.50
   7   37 0.99
  23   56 0.41
  18   26 0.41
  12   31 0.82
   4   38 0.96
  38   44 0.65
  59   63 0.39
  62   98 0.99
  47   71 0.95
  36   47 0.33
  41   60 0.46
  75  106 0.47
  71   75 0.41
  53   78 0.01
  33   40 0.67
  64   86 0.61
  55   85 0.65
  49   55 0.35
  52   75 0.38
  39   46 0.25
  58   92 0.22
  37   42 0.47
  47   82 0.35
  65   74 0.56
  56   57 0.42
  30   39 0.77
  48   78 0.13
  38   59 0.73
  21   63 0.03
  82  101 0.98
  71  104 0.39
  45   60 0.04
  33   50 0.58
  21   36 0.14
  46   82 0.11
   3   36 0.17
  19   51 0.61
  78   95 0.48
  54   59 0.32
  75  103 0.27
  22   35 0.56
  27   29 0.78
  37   56 0.31
  11   45 0.62
  44   85 0.24
  49   78 0.35
   8   37 0.17
  42   42 0.37
  65   73 0.67
  31   64 0.51
  37   68 0.27
  42   55 0.84
  82  117 0.22
  51   62 0.30
  17   56 0.05
  76   77 0.26
  86  116 0.12
  32   70 0.00
  24   39 0.87
  55   79 0.35
   6   11 0.47
  10   31 0.03
  81   84 0.90
  77  100 0.76
  67   91 0.21

  49   63 0.74
  12   43 0.23
  74   75 0.14
   1   11 0.62
  29   68 0.37
  59   72 0.66
  68  106 0.12
  15   26 0.39
  69   78 0.68
  25   45 0.68
  78  103 0.72
  57   91 0.52
  31   70 0.53
  73   98 0.61
   0   31 0.40
  68   76 0.09
  52   92 0.13
  45   48 0.60
  14   49 0.09
  13   40 0.69
  27   29 0.15
  30   39 0.20
  56   88 0.16
  48   57 0.77
  13   32 0.91
  55   91 0.29
  23   39 0.28
  73   90 0.33
  23   38 0.12
  42   48 0.54
  77   77 0.48
  15   21 0.33
  46   71 0.56
  62   77 0.45
  62   67 0.69
  78   85 0.25
  84  121 0.95
  48   56 0.48
  15   31 0.22
   5   42 0.96
  69  110 0.43
  34   53 0.93
  48   83 0.82
  48   89 0.65
  43   66 0.10
  19   46 0.12
  70   75 0.98
  42   50 0.23
  65  101 0.05
  31   49 0.80
  58   85 0.52
  44   53 0.56
  47   67 0.24
  83   88 0.04
  32   65 0.59
  51   72 0.56
  18   39 0.23
   7   33 0.31
  46   80 0.97
  71   78 0.11
  26   31 0.60
  29   57 0.42
  34   65 0.62
  75   85 0.76
  43   69 0.28
  16   58 0.92
  26   27 0.22
   9   48 0.08
  36   77 0.74
  70   71 0.87
  60  101 0.20
  59   97 0.50
  36   41 0.74
  25   30 0.21
  71   77 0.72
  14   55 0.59
  47   65 0.83
  56   71 0.46
  44   64 0.02
  58   61 0.49
   9   13 0.16
  80  101 0.77
  46   80 0.41
  15   16 0.61
  54   96 0.35
  75  112 0.80
  57   80 0.15
   3    5 0.09
  10   11 0.70
  20   53 0.32
  50   69 0.94
  57   66 0.59
  72   87 0.31
  14   17 0.64
  51   75 0.59
  67   79 0.43
  23   39 0.31
  24   54 0.97
  79  117 0.56
  16   54 0.85

  13   33 0.75
  79   81 0.54
  47   77 0.96
  70   82 0.67
  67   74 0.41
  30   32 0.17
  57   77 0.98
  37   67 0.90
  16   58 0.66
  43   48 0.74
  17   35 0.06
   7   46 0.32
  58   62 0.68
  35   66 0.23
  44   60 0.83
  64  100 0.93
  65   90 0.80
   7   29 0.04
  36   63 0.40
  45   70 0.72
  56   94 0.15
  78   87 0.25
  16   25 0.14
  57   81 0.40
  51   66 0.29
  22   46 0.64
  80  104 0.70
  47   50 0.34
   9   29 0.72
  56   76 0.07
  13   39 0.00
  60   65 0.94
  85   95 0.89
  10   16 0.90
  21   46 0.04
  52   73 0.19
  75   76 0.88
  73   99 0.97
  80  104 0.63
  35   50 0.03
  80   89 0.77
  20   20 0.05
  55   73 0.88
  51   55 0.90
  18   50 0.24
  48   69 0.11
  30   52 0.31
  12   39 0.80
   9   51 0.05
  74  109 0.66
  35   57 0.50
  62   63 0.53
  48   59 0.03
  66   98 0.13
   1    1 0.35
  76  100 0.14
  41   74 0.83
  29   38 0.52
   7   44 0.57
  75  107 0.90
  57   59 0.63
   4   43 0.55
  45   67 0.31
  80  109 0.90
  23   51 0.24
  78   80 0.63
  50   83 0.25
  50   55 0.16
   0    9 0.35
  72  111 0.56
  38   55 0.16
   4   26 0.96
  26   51 0.84
  74   75 0.15
  43   49 0.25
  57   75 0.84
  29   43 0.45
  76  114 0.77
  28   41 0.13
  29   59 0.79
  65   78 0.48
  17   41 0.83
  63  103 0.88
  85  114 0.05
  13   53 0.88
  59  101 0.53
  36   68 0.75
  82  122 0.93
   7    7 0.36
  59   97 0.65
  64   90 0.42
   3   30 0.89
   4   40 0.89
  75   99 0.84
  12   43 0.98
  44   48 0.57
   1   31 0.77
  82   96 0.12
  24   41 0.99
  48   55 0.47

