4 50 8
6   10  10   2   4  10  10

  14   17 0.67
  12   17 0.71
  10   21 0.21
   4    8 0.33
   9   17 0.23
   7   11 0.62
  13   21 0.31
   0   13 0.14
   1   17 0.34
  14   20 0.17
  12   13 0.60
   1   15 0.30
   5   21 0.17
   4   10 0.32
   1   15 0.87
   2    6 0.18
  14   19 0.78
   8   13 0.84
   3   15 0.03
   0    5 0.20
   2   17 0.88
   1    5 0.12
   8   16 0.62
   8    9 0.04
   8   22 0.14
  14   14 0.87
  11   27 0.44
   2   18 0.57
  16   18 0.66
   6    6 0.17
  13   23 0.13
   3   18 0.40
  12   21 0.83
   8    9 0.29
  13   19 0.67
  16   20 0.32
   0    3 0.50
   9   20 0.06
   9   21 0.92
  13   15 0.62
  10   21 0.84
   2    7 0.45
  11   14 0.26
   0    2 0.76
   6   20 0.23
  14   14 0.51
   6   21 0.40
  10   15 0.55
   1    8 0.10
   4   14 0.48

  12   18 0.33
  11   24 0.01
   9   11 0.98
   2    2 0.24
  11   22 0.35
   1   12 0.27
  10   20 0.67
   1    4 0.48
   4   14 0.38
  16   26 0.36
  13   18 0.22
   4    8 0.90
  16   23 0.97
   5   12 0.54
   5   20 0.37
   0    5 0.33
  16   25 0.64
   3   18 0.22
   1   12 0.84
   0    3 0.71
  10   16 0.30
  10   14 0.14
   5   15 0.90
   2   11 0.85
   3    6 0.89
   3   12 0.69
   1   17 0.48
  15   24 0.17
   6   13 0.61
   6   20 0.54
   3   14 0.31
   0    6 0.10
  16   18 0.02
  16   30 0.48
  10   15 0.04
  14   25 0.52
   3   19 0.02
  15   21 0.78
   8   10 0.47
   7   20 0.12
  16   17 0.41
  14   23 0.38
   8   22 0.41
   5   20 0.27
   0    0 0.09
   8   22 0.15
   3   19 0.12
   6   14 0.22
   7   10 0.43
   9   15 0.76

   5    8 0.56
   6   11 0.09
  12   28 0.71
   9   15 0.62
  16   32 0.47
  13   19 0.97
  13   15 0.06
  10   22 0.61
   4   15 0.39
  16   31 0.26
  12   20 0.38
   4   13 0.71
  12   23 0.30
  16   30 0.29
   1    6 0.35
  14   20 0.00
  14   26 0.86
  16   18 0.17
   4   18 0.90
  11   19 0.53
  10   24 0.75
   0   16 0.13
   4    4 0.88
   4   11 0.63
  14   20 0.07
   0   10 0.38
   6   14 0.57
  10   20 0.67
   9   21 0.01
   6    7 0.14
   3    8 0.22
  11   24 0.96
  16   27 0.91
  10   21 0.68
   9   16 0.82
   3    7 0.71
  11   23 0.36
  12   20 0.88
   8   20 0.23
  12   20 0.61
   6   19 0.12
   6   22 0.38
   1    5 0.35
  13   28 0.98
   9   19 0.43
   4   14 0.46
   9   24 0.78
  12   19 0.46
   0    8 0.54
   7   11 0.95

   2    4 0.37
  16   32 0.17
   7    7 0.55
   8   16 0.29
  15   18 0.73
   3   13 0.59
  10   22 0.99
  10   21 0.96
   9   13 0.25
  13   28 0.20
   2   16 0.83
  15   21 0.35
   0    3 0.12
  13   19 0.61
   7   19 0.16
  10   18 0.23
   7   14 0.99
   8   21 0.72
   2    8 0.16
   6   15 0.44
   4   16 0.10
   8   10 0.28
   6    8 0.49
   1   17 0.72
  13   29 0.20
  13   27 0.68
   6   22 0.57
   4   17 0.77
  15   21 0.05
   0   15 0.64
  16   22 0.49
  13   25 0.94
   3   19 0.18
  10   22 0.05
  14   28 0.70
  16   23 0.54
   1    8 0.75
   8   15 0.63
   9   15 0.97
  10   10 0.01
   0   13 0.69
  15   18 0.88
   0    8 0.83
   0    3 0.90
  10   20 0.13
  15   31 0.79
   7   14 0.25
  15   27 0.48
  12   14 0.70
   8   20 0.69

   1   11 0.64
   1    2 0.59
  14   24 0.61
  14   14 0.07
  12   13 0.28
   1    2 0.46
   0    7 0.05
  11   17 0.80
   1    9 0.36
   6    9 0.50
  13   27 0.78
   8   23 0.84
   4   12 0.49
   1    6 0.14
  13   20 0.49
  16   21 0.54
   4    8 0.89
  14   19 0.18
   1    4 0.71
   2   14 0.98
  12   23 0.14
   1   15 0.85
  14   22 0.89
  10   22 0.90
  15   27 0.12
  12   14 0.30
  12   12 0.86
  11   25 0.71
   2   16 0.06
   3    4 0.37
   5   12 0.14
   2   12 0.02
   3    8 0.40
   5    6 0.42
   4   19 0.62
  10   19 0.64
   3   14 0.25
   8   24 0.02
  11   25 0.42
   3   11 0.34
   2    4 0.01
   9   23 0.73
   8   17 0.83
   1    9 0.58
   2   10 0.26
   9   16 0.87
   5   20 0.22
  14   26 0.38
  14   29 0.27
   9    9 0.06

  10   19 0.87
   8   15 0.73
  12   13 0.94
   4   12 0.71
  11   14 0.21
   4   14 0.15
   0    8 0.27
  14   28 0.85
  11   27 0.09
   3   10 0.48
   9   23 0.52
  13   25 0.87
   9   12 0.29
  16   19 0.80
  10   19 0.15
  12   19 0.44
  15   17 0.88
  12   13 0.86
  10   26 0.21
   0    0 0.45
  10   10 0.56
   7   13 0.07
   4   11 0.16
  10   19 0.61
   0    5 0.98
   0    6 0.52
   2   18 0.52
   0   13 0.68
   3    4 0.01
  11   14 0.35
   5   14 0.85
   9   16 0.05
   3    6 0.12
   8   15 0.82
  15   31 0.48
   4   19 0.45
   9   19 0.13
  15   25 0.18
   0    8 0.36
   1    6 0.29
  15   24 0.23
   9    9 0.06
  12   21 0.51
   8   13 0.54
   1    2 0.47
  14   17 0.82
   4   17 0.81
   8   24 0.99
   5    7 0.38
  11   15 0.10

