4 20 4
12   16  10  20  10  10  16   4   4   2  20  16   4

  17  102 0.05
  55  111 0.03
  67   85 0.28
   4   99 0.88
  70  169 0.87
  27   35 0.58
  67  126 0.26
  75   93 0.68
  67   97 0.14
  36   98 0.90
  62  104 0.98
  16  105 0.94
  75   90 0.90
  69  178 0.64
  43   95 0.19
  35   41 0.31
  50   62 0.98
  55   66 0.56
  23   26 0.56
  18   38 0.20

   1   90 0.62
  64  128 0.34
  47  105 0.73
  11   38 0.89
  38   41 0.21
  67  134 0.64
  13   66 0.42
   6  117 0.38
  64  183 0.65
  46  114 0.94
  70  146 0.13
  65  103 0.49
  35  108 0.99
  63  146 0.54
  18   32 0.55
  65  166 0.12
  37   45 0.22
  50  104 0.46
  59  169 0.62
  50  120 0.35

  54   78 0.96
   5   58 0.07
  42  115 0.14
  80  161 0.45
  47   82 0.12
  81  193 0.47
  36   59 0.92
  24   38 0.12
  63  143 0.74
  40   53 0.10
  73  171 0.27
  54  170 0.28
  27   46 0.32
  55  139 0.93
  80  137 0.13
  74  108 0.83
  19  136 0.43
  22  117 0.43
  35  129 0.40
  50  171 0.51

  10  113 0.25
  25   92 0.07
  15   90 0.23
  33  140 0.21
  51   99 0.14
  76   94 0.66
  10   98 0.35
   4   51 0.42
  49   69 0.25
  79  183 0.97
  12   36 0.10
  14  108 0.78
  26   63 0.65
   3   98 0.03
  35   72 0.01
  79  136 0.03
  25  145 0.84
  47  165 0.33
  32   53 0.68
  28   63 0.83

   6   40 0.59
  34   74 0.21
  41   58 0.90
  39  156 0.10
   3   51 0.66
  35   82 0.15
   8  111 0.22
  41   98 0.75
  65   88 0.93
   6   74 0.01
   9   77 0.50
  29   79 0.00
  36   52 0.39
  75  101 0.31
  77  139 0.02
  47   74 0.51
  64   72 0.15
  62  116 0.10
  56  133 0.35
   6   21 0.38

  44   92 0.65
  72  129 0.69
  11   68 0.61
  55  125 0.71
  75  116 0.66
  41  100 0.69
  58  119 0.02
  77  167 0.93
  12   30 0.34
  70  107 0.32
  74   82 0.37
   1    6 0.22
  70  176 0.45
  19   76 0.41
  19   62 0.74
  26   41 0.94
   5   84 0.33
  47  115 0.49
  73  158 0.98
  56  116 0.15

  66  165 0.23
  21  120 0.61
  65  119 0.93
  72   78 0.30
  32  121 0.24
  39  111 0.51
  80  181 0.67
   5   90 0.12
  68  122 0.89
  60  115 0.91
   3   99 0.85
  71  100 0.01
   0   34 0.40
  42   44 0.64
  77  103 0.20
  59   80 0.77
  71  152 0.90
  16  118 0.61
  26   73 0.59
  38  159 0.80

  79  200 0.31
  12   78 0.72
  77   99 0.68
  41   90 0.60
  63  130 0.13
  41   41 0.89
  34   56 0.75
  31   43 0.84
  14   58 0.67
  22  130 0.91
  40  105 0.82
  25  147 0.80
  36  121 0.03
  73   92 0.48
  54   60 0.60
   8   42 0.55
  27   64 0.63
  58   86 0.73
  59   92 0.74
  59  178 0.65

  10  105 0.40
  41   66 0.76
  42  107 0.71
  47  148 0.69
  35   81 0.25
  68  158 0.02
   0   21 0.67
  38   47 0.84
  54  138 0.21
  60   89 0.05
  52   81 0.38
  50   83 0.34
  66  125 0.38
  63  160 0.02
  34   65 0.40
  62  171 0.21
  60  144 0.62
   0   87 0.85
  14  111 0.08
  11  117 0.57

   2  122 0.11
  74  144 0.84
  52  137 0.98
   1   20 0.39
  59  126 0.59
  42  164 0.18
  21  127 0.98
  36  110 0.05
  25  145 0.40
  46   47 0.49
  17  139 0.26
  12  114 0.60
  76   90 0.29
  51  155 0.02
  34   89 0.14
  40  105 0.91
  44   48 0.93
  38  109 0.20
  27   63 0.98
  16   78 0.04

  74  174 0.28
  12  112 0.87
  52  166 0.68
  63  179 0.33
  60  166 0.31
  26   64 0.14
   6  108 0.15
  67   88 0.85
  29  135 0.08
  66  104 0.46
  34   55 0.27
  22  109 0.63
  49  170 0.38
  75  167 0.89
   2   46 0.42
  44   49 0.78
  33  122 0.03
  54   78 0.58
  45  140 0.14
  25  105 0.06

  21   56 0.47
  35  152 0.78
   3   99 0.05
  56   83 0.43
  66  161 0.67
  53  110 0.69
  20   62 0.58
  66  154 0.87
   9   43 0.90
   5   10 0.69
  44   63 0.81
  10   12 0.73
  70  184 0.30
  24   28 0.31
  69   91 0.04
  11   74 0.64
  43  116 0.15
  66  171 0.83
   0  113 0.27
   9  111 0.24

