4 20 4
12   16  10  16   2   4  20  16   2   4   4   4   2

  45   91 0.52
  59   79 0.40
  73   92 0.57
  60   67 0.26
  92  101 0.80
  42   75 0.02
  23   57 0.39
  28   70 0.14
  53   58 0.61
  17   52 0.02
  67   73 0.66
  73  101 0.47
  90  103 0.66
  15   49 0.21
  50  100 0.54
  84  102 0.79
  75  134 0.27
  10   30 0.62
  37   79 0.17
  74  127 0.42

  23   50 0.77
  13   13 0.23
  20   76 0.72
  24   44 0.73
  87  103 0.65
   1   31 0.05
  38   51 0.39
  76  115 0.76
  36   85 0.51
  70   74 0.41
   4   20 0.08
  43   51 0.78
  38   94 0.12
  16   24 0.39
  19   72 0.85
  21   49 0.90
  49   69 0.66
  72   82 0.57
  12   44 0.87
  62  123 0.37

  83   93 0.00
  42   46 0.35
  69   93 0.74
  51   67 0.45
  39   89 0.86
  44   81 0.48
  86  142 0.98
  15   69 0.89
  29   30 0.06
   7   22 0.30
  22   57 0.45
  14   27 0.19
  25   31 0.47
  34   91 0.37
  58   64 0.22
  86  128 0.08
  68  107 0.81
  86  143 0.82
  89  109 0.66
   2   48 0.38

  85  133 0.66
  74   91 0.02
  68   85 0.81
  92   96 0.59
  13   59 0.59
  73   88 0.01
   7   56 0.12
  86  125 0.46
   0   50 0.46
  68   87 0.09
  47   51 0.89
  48   59 0.58
  10   63 0.15
   0    1 0.29
  81   87 0.34
   7   45 0.50
  56  104 0.89
  71  110 0.22
  80   91 0.86
  19   74 0.35

  90  135 0.28
  46   68 0.64
  25   54 0.24
  22   65 0.75
  51   56 0.11
  64  122 0.93
   2   42 0.22
  10   37 0.66
  89  128 0.58
  17   58 0.92
  78  127 0.14
  70   93 0.19
  34   54 0.20
  46   47 0.91
  43   66 0.86
  76   93 0.08
   4   36 0.86
  68   89 0.41
  45   54 0.94
  56  114 0.22

  67  108 0.57
  45   73 0.58
  21   61 0.73
  63   91 0.19
  51  107 0.33
  65  121 0.80
  69  112 0.39
   6    6 0.77
  45   68 0.33
  26   54 0.60
  71  118 0.02
   5   41 0.14
  65  107 0.25
   9   34 0.80
  56   69 0.26
  67   87 0.60
  82  125 0.26
  28   87 0.62
  52   59 0.88
  28   78 0.84

  34   40 0.49
  87  119 0.14
  53   57 0.38
  81  136 0.38
   0   39 0.07
  92  134 0.16
   6    9 0.11
  43   94 0.03
  30   69 0.00
  75   85 0.44
  85  117 0.14
  62   69 0.86
  91  115 0.38
  27   83 0.17
  11   44 0.74
  26   29 0.47
  10   55 0.63
  87  138 0.15
  10   55 0.77
  86  103 0.49

  59  105 0.78
  28   30 0.89
  57   91 0.73
   4   24 0.82
  61   73 0.85
  73   79 0.96
  43   84 0.47
   3   30 0.61
   7   19 0.47
  15   54 0.33
  63   92 0.79
  58   98 0.84
  25   61 0.57
  79   95 0.92
  12   61 0.24
  69   78 0.22
   8   33 0.23
  71  129 0.28
  31   41 0.56
   6   63 0.47

  66  115 0.65
  69   97 0.26
  61   66 0.49
  90  101 0.14
   8   69 0.29
  12   23 0.82
  22   42 0.45
  10   67 0.62
  15   42 0.03
  63   79 0.63
  42   93 0.28
  26   37 0.36
  31   35 0.54
  19   64 0.90
  63   79 0.09
  75   85 0.88
  13   26 0.49
  33   76 0.25
  78   96 0.47
  68  121 0.10

  89  105 0.35
  84  106 0.42
  36   95 0.00
  14   42 0.48
  14   31 0.07
  77   90 0.71
  80   85 0.82
  48   95 0.09
  52   96 0.67
  31   75 0.63
  61  112 0.00
  38   95 0.28
  10   28 0.65
   8   35 0.98
  36   71 0.07
  11   52 0.90
  65   85 0.43
  30   34 0.28
  83  110 0.78
  81  118 0.40

  90  116 0.36
  73   94 0.84
  67   79 0.68
  15   66 0.41
  48  105 0.95
  37   38 0.22
  74  105 0.92
  88  134 0.98
  27   87 0.76
  49  107 0.50
  75   82 0.46
  21   67 0.75
  63   95 0.84
  24   45 0.40
  92  103 0.71
  25   79 0.46
  61   72 0.73
   0   13 0.95
  55   70 0.85
  44   65 0.42

  68  109 0.71
   0   41 0.43
   2    4 0.36
  55   73 0.98
  82  125 0.37
  30   87 0.08
  84  102 0.56
  86  108 0.70
  16   36 0.27
  59  101 0.52
  32   40 0.81
  58  110 0.49
  84   94 0.34
  27   35 0.69
  23   29 0.00
   8   54 0.44
  47   70 0.36
  59  109 0.62
  67  110 0.87
  34   87 0.10

