5 60 8
3    2  10  10

  11   12 0.17
  20   23 0.53
  16   22 0.99
  14   14 0.05
  18   20 0.27
  23   26 0.24
   2    7 0.51
  10   15 0.67
   6    9 0.56
   8   12 0.89
   6   10 0.53
  17   20 0.25
  22   22 0.51
  21   22 0.94
   1    1 0.40
   1    7 0.68
   3    3 0.78
  12   15 0.31
  15   18 0.60
   7   12 0.49
  12   19 0.94
  20   26 0.07
  17   21 0.37
  21   28 0.06
   2    2 0.26
  16   21 0.87
   8    9 0.46
   0    0 0.83
   3    8 0.84
   0    2 0.50
  15   17 0.68
  18   20 0.71
  10   13 0.60
  17   18 0.95
   6    7 0.46
  12   19 0.16
   7    8 0.99
  16   22 0.47
  12   13 0.59
  15   21 0.43
  20   21 0.44
  18   21 0.03
   4    9 0.94
   4    8 0.78
   0    2 0.84
   7   14 0.01
  20   22 0.37
   2    8 0.72
  15   19 0.72
   0    4 0.20
  10   16 0.21
  16   20 0.02
  10   15 0.30
  13   13 0.01
   9   10 0.96
  11   11 0.99
  19   22 0.23
  12   18 0.43
   3    6 0.05
   1    8 0.72

  20   22 0.56
  22   28 0.31
  23   23 0.15
  21   21 0.39
   1    8 0.15
   3    6 0.73
  12   14 0.79
  22   25 0.32
  19   24 0.41
   8   12 0.02
  14   19 0.20
  11   15 0.29
  23   30 0.36
  14   19 0.35
  10   10 0.88
   1    2 0.37
  14   21 0.66
  22   29 0.13
  21   22 0.29
  23   23 0.94
  15   21 0.40
  20   25 0.45
   2    3 0.20
   0    4 0.49
   2    6 0.71
  10   11 0.74
  12   14 0.73
  11   13 0.62
  22   23 0.98
  21   28 0.65
  16   21 0.47
  23   30 0.48
  14   18 0.60
  12   12 0.33
  16   16 0.30
  18   23 0.53
   7   11 0.40
   7    9 0.23
  20   27 0.50
   2    8 0.90
  22   27 0.09
   6   11 0.24
   1    2 0.34
  13   13 0.78
   8   12 0.50
   4    6 0.89
  14   20 0.25
  14   16 0.01
   9   15 0.58
  11   11 0.42
  13   20 0.08
   0    5 0.63
   1    6 0.92
   8   15 0.94
  23   29 0.61
   8   15 0.97
  21   24 0.63
  17   18 0.58
   4   11 0.95
  21   26 0.69

  19   22 0.57
  21   27 0.97
   9   15 0.34
   2    9 0.37
  16   21 0.68
  12   19 0.15
  11   13 0.48
  14   15 0.06
  21   23 0.56
   0    5 0.85
  20   21 0.52
  19   26 0.38
  23   24 0.70
  20   23 0.40
   4    9 0.90
   5    5 0.49
  22   23 0.88
  19   20 0.17
  10   17 0.67
   5   12 0.19
   1    8 0.39
   3    6 0.96
  18   20 0.19
  14   20 0.38
   0    1 0.26
  20   22 0.32
  17   20 0.85
  23   27 0.34
  10   12 0.96
   2    3 0.09
   7   14 0.42
  17   18 0.57
  17   17 0.40
   2    5 0.55
   6   11 0.29
  18   25 0.08
  11   16 0.23
  12   15 0.95
  17   22 0.25
  11   14 0.57
   2    4 0.14
  21   26 0.12
  22   22 0.40
  22   27 0.08
   6    8 0.05
  16   20 0.36
   6    7 0.91
  20   25 0.96
  18   23 0.24
   5    8 0.71
  20   23 0.46
   5    5 0.58
  21   23 0.92
  17   24 0.99
   6   10 0.29
   0    1 0.12
   2    4 0.75
  15   20 0.25
   8    9 0.35
  21   24 0.01

