4 20 8
12    2  20   2  10   2  16   4   2   4  10   4   4

   0    9 0.78
  11   31 0.53
   7    7 0.67
   3   20 0.84
   5   24 0.45
   3   12 0.20
   8   18 0.89
  10   33 0.88
   4   20 0.56
   8   11 0.18
   6    7 0.35
   6    9 0.39
   6   18 0.31
   8   26 0.54
   9    9 0.89
   7   28 0.19
   7   30 0.81
   2    5 0.16
   5   28 0.66
   0    3 0.94

   1   16 0.84
   8    8 0.40
   3    9 0.23
   2   26 0.44
   2    3 0.96
   2    7 0.47
   6   29 0.11
   2   20 0.99
   2   11 0.78
   2   26 0.44
   0   21 0.57
   5   20 0.35
   1    2 0.98
   9   30 0.14
   9   30 0.22
   5    9 0.74
   0    0 0.27
   4   16 0.88
   7   21 0.83
   4   22 0.86

   6   16 0.19
   3   22 0.93
   3    5 0.05
   0    6 0.53
   5   18 0.71
   0   18 0.70
   3   13 0.80
  10   30 0.47
   4   20 0.68
   7   28 0.73
   3   27 0.41
   3    8 0.10
   0   17 0.18
   9   16 0.75
   8   17 0.71
  10   32 0.31
   2   16 0.96
   3   12 0.37
   8   16 0.20
   4    9 0.37

   8   24 0.33
   5   29 0.87
   7   23 0.36
   5   15 0.99
   8   19 0.42
   8    9 0.65
   8   13 0.31
   4    4 0.94
   4    6 0.31
   7   17 0.89
   0    0 0.31
   0    5 0.63
  11   17 0.19
   4   25 0.45
   4   12 0.84
   4   27 0.68
   7   19 0.27
   5   21 0.73
   9   16 0.98
   5   26 0.01

   4   10 0.46
   9   32 0.32
   8   19 0.54
  10   10 0.31
   7    8 0.23
   9   28 0.60
   4    4 0.33
   9   32 0.08
   7   21 0.98
   3    8 0.15
  11   12 0.70
   8   14 0.45
   8   29 0.44
   2    2 0.37
   7   29 0.59
   9   19 0.76
   5   29 0.29
   6   26 0.02
  10   20 0.47
   2   17 0.13

   1   19 0.22
  10   15 0.68
   7   13 0.25
   8   24 0.35
   8   28 0.76
   8   12 0.81
   0   15 0.91
   2    2 0.82
   7   12 0.55
   8   10 0.88
   4   13 0.56
   9   23 0.23
   1   24 0.16
   3   20 0.54
   0   21 0.39
   2    3 0.51
   3   22 0.82
   9   16 0.79
   2   10 0.89
   3   11 0.25

   7   23 0.85
   9   22 0.07
   5   22 0.45
   2    6 0.23
   8   20 0.67
   5   15 0.11
  11   28 0.15
  10   28 0.58
   5   13 0.99
   1   21 0.22
   3    7 0.45
   8   25 0.80
  11   26 0.68
   1    5 0.16
   6    9 0.97
   2   10 0.78
  10   21 0.31
   5   20 0.41
   5   17 0.43
   6   26 0.98

   7   18 0.43
   0    3 0.59
   4   11 0.78
   1   21 0.83
   4    5 0.56
   9   23 0.70
   4   24 0.54
   8   31 0.35
   1    8 0.79
   8   11 0.31
  10   33 0.27
   8   23 0.49
   8   26 0.21
   5    7 0.03
   7   20 0.25
   5   27 0.11
   2   21 0.59
   8   16 0.40
   8    9 0.61
   4   13 0.25

   2   17 0.76
   5   25 0.21
   8   17 0.71
  10   22 0.83
  10   33 0.39
   2   13 0.74
   6    6 0.59
  11   13 0.88
   7   28 0.43
   2    6 0.66
  11   14 0.84
   7   14 0.60
   6   15 0.84
   1   13 0.09
   8    8 0.68
   3   17 0.40
   5   12 0.04
   4    6 0.05
   4    7 0.88
   3   21 0.63

   7   29 0.07
   6    7 0.65
   1   16 0.82
  11   18 0.75
   8   17 0.27
  11   33 0.91
   8   10 0.17
   7   21 0.57
   0   24 0.47
   1    3 0.77
   2   21 0.44
   7    8 0.81
   1    5 0.41
   1   10 0.22
   0   17 0.91
  11   16 0.86
  10   31 0.09
   7   20 0.66
   2   21 0.34
   3    5 0.57

   1   25 0.92
   4   18 0.96
   3   26 0.50
   7   27 0.20
   0   23 0.41
  11   16 0.79
   5   25 0.05
   5   26 0.41
   9   21 0.84
   6   16 0.19
   7    7 0.25
   2   17 0.47
  11   29 0.89
   0    7 0.80
  11   17 0.68
   1    5 0.89
   9   19 0.10
   8   19 0.28
   2    9 0.90
   2    9 0.85

   4    5 0.95
  11   16 0.49
   4    7 0.83
  11   27 0.87
   7   12 0.25
   5   24 0.54
   4   17 0.70
   5   15 0.58
   7    8 0.57
   7   20 0.31
   8   12 0.91
   5    7 0.65
   3    5 0.79
   1    6 0.34
   5   22 0.45
   4   17 0.70
   6   29 0.47
  11   27 0.56
  10   33 0.15
   8   14 0.96

