4 60 8
3   20   4  16

   3   15 0.54
   2    9 0.35
  42   57 0.21
  29   34 0.22
  16   31 0.67
  51   66 0.61
  48   65 0.97
   6   12 0.03
  36   36 0.44
  29   44 0.36
  48   57 0.35
  49   59 0.81
  16   32 0.83
   5   16 0.00
  22   22 0.75
  51   60 0.27
  39   45 0.78
   0    5 0.10
  30   43 0.26
   9   11 0.25
  43   60 0.82
  41   58 0.20
  52   69 0.84
  42   46 0.96
  18   34 0.64
  34   39 0.20
  27   34 0.74
  33   40 0.20
   0    8 0.86
  17   32 0.85
  11   27 0.95
  55   60 0.23
  37   48 0.24
   5   20 0.39
  47   60 0.91
  33   43 0.75
   1    9 0.80
   1   12 0.13
  55   60 0.72
  30   31 0.24
  23   38 0.25
  40   55 0.16
  43   60 0.93
  20   31 0.36
   0    7 0.42
  18   33 0.45
   8   25 0.68
  44   54 0.56
  32   44 0.16
   6   22 0.30
   7    9 0.79
   3   10 0.04
  46   46 0.70
   9   24 0.17
  28   41 0.13
  34   40 0.60
  55   66 0.56
  54   70 0.62
  51   56 0.02
   1   10 0.12

  51   63 0.80
  47   53 0.50
  17   25 0.33
  55   71 0.01
  12   23 0.60
  11   20 0.65
   2    7 0.40
  30   34 0.73
  52   61 0.90
  40   52 0.84
  30   42 0.02
  37   52 0.29
   5   18 0.65
   3    3 0.54
  48   48 0.56
  30   33 0.85
  22   28 0.71
  22   34 0.20
   9   17 0.85
  26   37 0.13
   4   11 0.04
  19   30 0.82
  41   58 0.27
  33   47 0.66
  45   57 0.59
  38   52 0.21
  16   16 0.81
  38   53 0.63
  13   17 0.15
  15   26 0.86
  52   52 0.95
  11   20 0.49
   2   10 0.96
  16   18 0.41
  42   57 0.23
  33   42 0.51
  26   41 0.54
  20   35 0.42
  17   32 0.90
  35   50 0.06
  31   42 0.37
  50   67 0.15
  21   27 0.78
  36   42 0.93
  32   35 0.21
  16   19 0.14
  33   46 0.41
  30   42 0.53
  27   39 0.80
   3    7 0.20
  48   49 0.14
   5   16 0.95
  17   23 0.35
  54   56 0.35
   5   21 0.51
   3   17 0.45
   2   12 0.01
  26   39 0.84
  32   49 0.80
  38   40 0.97

  10   22 0.22
  37   39 0.73
  43   56 0.42
  47   60 0.44
  35   36 0.71
   6   11 0.09
  13   30 0.34
  28   42 0.03
  37   38 0.38
  32   40 0.08
  55   72 0.78
  33   34 0.48
  43   52 0.85
  13   25 0.69
  12   23 0.61
  34   44 0.91
  54   62 0.22
  14   20 0.29
  29   37 0.08
  29   36 0.73
  23   23 0.36
  40   47 0.90
  53   55 0.40
  38   47 0.30
  40   56 0.47
   1    4 0.56
   2   19 0.15
  35   39 0.83
  35   35 0.41
  35   35 0.47
  21   36 0.65
  33   39 0.82
  23   31 0.26
   1    4 0.37
  42   56 0.46
  38   51 0.57
  40   54 0.02
  48   63 0.62
   3   13 0.37
  41   50 0.47
  29   31 0.20
  16   17 0.02
  33   41 0.59
  47   54 0.77
  23   24 0.53
  51   58 0.26
  44   61 0.70
  40   40 0.88
  24   26 0.74
  29   44 0.98
  13   14 0.36
  50   61 0.60
  25   41 0.27
  45   61 0.29
  49   56 0.51
  29   40 0.01
   0    0 0.85
  11   14 0.21
   8   18 0.62
  54   64 0.33

