4 60 8
3    2  16  10

  12   48 0.48
   9   15 0.41
   1    4 0.47
   5    8 0.76
   2   33 0.74
  11   37 0.34
   7   19 0.28
   4   22 0.98
   9   34 0.41
   7   43 0.55
   7   12 0.01
   9   18 0.11
   7   30 0.47
   4   27 0.87
   0   23 0.67
   3   32 0.99
   8   13 0.81
  12   28 0.40
   2   21 0.92
   7   37 0.70
  10   27 0.09
   4   42 0.39
  10   47 0.49
  10   45 0.64
   7   18 0.46
  11   22 0.30
  11   34 0.34
  12   20 0.72
   4   20 0.37
   7   17 0.00
  12   38 0.60
   6   25 0.82
  12   46 0.63
  11   24 0.30
   6   32 0.12
   2   11 0.76
   3   13 0.63
   8   34 0.84
  12   41 0.14
  10   12 0.50
  11   19 0.01
   3    9 0.58
   2   12 0.13
   7   28 0.52
   2   14 0.88
   0    2 0.60
  11   47 0.15
   0   21 0.29
   6   26 0.85
   0   12 0.60
   7   42 0.80
  12   44 0.05
   3    6 0.84
   3   29 0.91
   3   12 0.98
   5   19 0.78
  10   12 0.78
   2   12 0.02
   6   33 0.36
   3   13 0.31

  10   35 0.75
   9   44 0.26
  10   32 0.47
   0   20 0.69
   4   15 0.21
   4   23 0.46
  12   40 0.01
   7   20 0.68
   5   39 0.18
   0    4 0.12
   7   26 0.21
   0   29 0.69
   1   10 0.11
   3   38 0.01
  10   31 0.66
  11   30 0.16
  11   45 0.85
   8    9 0.05
   2   19 0.08
  10   24 0.55
   0   37 0.23
   1   22 0.62
   5   24 0.07
   6   28 0.40
   0   12 0.33
  12   30 0.01
   4   36 0.97
   4   28 0.92
   6   17 0.20
   0   10 0.14
   6   27 0.18
   6    7 0.17
   1   12 0.05
   8   34 0.84
   0   19 0.39
  10   30 0.02
   1   18 0.35
   8   20 0.24
   4    6 0.76
   4   39 0.67
   7   16 0.71
   6   38 0.09
  12   26 0.94
   1   35 0.91
  12   34 0.30
   1   34 0.17
   7   24 0.44
   7   12 0.21
   5    9 0.74
   5   28 0.10
  11   11 0.60
   6   25 0.23
   3   10 0.50
  11   38 0.83
   0    6 0.53
   8    8 0.42
   8   45 0.04
   2   17 0.68
   1   12 0.14
  10   35 0.37

   0   30 0.27
   3   13 0.79
   5   40 0.26
   1   29 0.24
   1   13 0.36
   0   21 0.85
   4   14 0.90
   4   34 0.03
   8   44 0.31
   4   13 0.01
   4   27 0.31
   7   29 0.67
   8   16 0.54
   2   10 0.48
   3   15 0.21
   6    8 0.76
   5   42 0.75
   8   45 0.33
   7   35 0.91
   9   44 0.69
  10   14 0.28
   0   35 0.13
   9   31 0.00
   3   23 0.68
   9   26 0.03
   9   32 0.22
   0    2 0.85
   2   22 0.61
   7   33 0.50
  10   47 0.72
   0    7 0.57
   9   36 0.64
   1    2 0.07
   2   32 0.45
   8   21 0.02
   5   28 0.86
   6   40 0.39
   0   13 0.62
   8   33 0.69
   2   10 0.89
  12   21 0.32
   2   31 0.09
   5   19 0.84
   6   24 0.31
   6   10 0.08
   4   19 0.16
   0    4 0.65
  12   21 0.41
   2    4 0.45
  10   41 0.14
   2   28 0.10
   8   11 0.94
   2   17 0.22
  12   41 0.05
   4   11 0.68
   9   22 0.86
  12   18 0.80
   8   21 0.12
   0   16 0.09
   3   37 0.12

