4 30 4
6    4  10   2  10  10  10

   6   23 0.42
   7   18 0.13
   2    5 0.74
  20   39 0.43
   8   26 0.41
   6    7 0.42
  10   21 0.40
  10   27 0.26
  18   20 0.43
  10   26 0.59
   7   21 0.68
   3    4 0.23
   3   20 0.96
  17   27 0.38
  20   39 0.81
  13   32 0.10
  19   37 0.59
  12   22 0.84
   4   10 0.82
  16   30 0.64
   5   20 0.12
   4   16 0.83
   3   15 0.74
   7   25 0.45
  14   24 0.48
   9   17 0.42
   1   11 0.43
   5   20 0.65
  11   25 0.10
   9   28 0.80

  16   36 0.56
  20   26 0.45
   8   21 0.00
  17   19 0.86
   6    9 0.66
   6   20 0.61
  11   14 0.17
   8   10 0.90
  16   32 0.22
  11   15 0.43
   7   24 0.96
  17   24 0.48
  13   18 0.21
  16   28 0.37
  10   27 0.13
  14   19 0.15
   9   20 0.47
   9   16 0.97
   6   20 0.18
  16   18 0.56
   0   17 0.44
  12   12 0.40
   8   25 0.53
  10   30 0.51
   1   17 0.40
   6   10 0.26
   4    6 0.45
   3   17 0.33
  17   25 0.25
  18   30 0.53

  18   32 0.10
   3   18 0.01
  18   25 0.27
   9   11 0.64
   6   23 0.45
   4   21 0.34
  20   30 0.23
  10   23 0.53
   3   14 0.84
   0   12 0.45
  12   16 0.55
  15   24 0.22
  12   17 0.62
   3   16 0.15
   6   10 0.70
   5   24 0.20
   2   10 0.98
  13   33 0.81
   9   21 0.07
   9    9 0.37
   8   20 0.01
  10   16 0.51
  18   34 0.11
  11   30 0.47
  15   30 0.08
   2   16 0.26
  14   19 0.63
   9   29 0.29
   5    7 0.43
  13   14 0.34

   2   22 0.02
  10   19 0.14
  14   15 0.55
  20   25 0.75
  17   23 0.03
  13   22 0.68
  17   22 0.23
   7   11 0.14
  18   35 0.10
   1    5 0.49
   1   18 0.97
  17   34 0.54
  20   27 0.33
  19   23 0.15
   8    8 0.62
  16   28 0.96
   2    4 0.01
  12   22 0.01
   4   12 0.88
  17   17 0.88
  16   24 0.09
   1   13 0.38
   2    9 0.10
  10   23 0.29
   4    6 0.63
   8   26 0.90
  16   19 0.66
   9   23 0.04
  12   23 0.85
  20   35 0.26

   9   25 0.02
   4    8 0.68
   1    1 0.54
  14   25 0.32
   8   16 0.96
   0   11 0.81
  16   23 0.01
   0   16 0.31
  12   25 0.59
   9   10 0.57
   5   11 0.85
  10   11 0.25
   4   17 0.78
  11   13 0.95
  13   17 0.54
   8   24 0.82
   0   16 0.31
   6   24 0.02
  11   18 0.24
   0    1 0.22
  12   13 0.14
   3   16 0.80
  14   28 0.42
  13   13 0.43
  20   21 0.64
  16   25 0.96
  15   31 0.36
  18   35 0.20
  14   21 0.15
   4    6 0.73

   4    9 0.28
  18   21 0.58
  17   33 0.67
  15   32 0.77
  11   13 0.53
   2   10 0.47
  15   20 0.82
   8   27 0.00
   8    8 0.14
  14   18 0.03
  14   14 0.96
   9   11 0.73
   7   26 0.62
   7   10 0.11
  17   32 0.80
   9   29 0.70
   0   13 0.24
   9   29 0.80
  12   26 0.54
  20   39 0.94
   3   12 0.69
  10   29 0.86
   4    8 0.45
  20   36 0.33
  20   20 0.32
   0   12 0.00
   6   15 0.97
  15   33 0.99
   5   14 0.90
  10   15 0.81

