3 40 8
6    4  10   4  16   4  10

  16   21 0.81
   7   61 0.77
  11   28 0.79
  36   46 0.65
  11   31 0.48
  22   56 0.76
  13   32 0.52
  15   60 0.62
  39   84 0.36
  12   26 0.35
  26   69 0.88
   0   11 0.95
  26   79 0.97
   7   37 0.02
   1   13 0.83
   1   40 0.72
  32   88 0.66
  17   62 0.10
  12   61 0.50
  30   44 0.01
  24   31 0.32
   3   10 0.77
  20   77 0.21
  14   28 0.79
   5    6 0.28
  23   28 0.74
  28   39 0.35
  34   60 0.08
  19   26 0.18
  20   44 0.75
   2   14 0.99
  14   56 0.82
  36   55 0.27
  24   62 0.45
   2   54 0.13
   6   46 0.43
  26   59 0.86
  17   33 0.08
  37   77 0.02
  19   57 0.05

  15   26 0.03
  29   80 0.68
  34   67 0.49
  38   91 0.74
   3   54 0.32
  35   84 0.07
  35   76 0.67
   4   34 0.43
  29   52 0.00
  33   91 0.84
  18   62 0.41
   3   25 0.09
  37   38 0.05
   0   32 0.64
  20   79 0.79
  36   72 0.69
   0   20 0.89
  29   68 0.39
  38   82 0.43
  10   28 0.75
  21   39 0.08
   9   18 0.82
   6   47 0.07
  34   82 0.82
  23   25 0.27
   4   42 0.39
  21   79 0.35
  12   57 0.03
  11   22 0.72
   6   32 0.32
  27   51 0.47
  17   39 0.37
  20   38 0.05
  38   45 0.48
   3    3 0.00
  38   62 0.99
  36   49 0.54
  15   32 0.34
   8   60 0.52
  24   33 0.79

  29   34 0.64
  39   78 0.44
  22   54 0.43
  32   74 0.50
   8   57 0.66
  10   34 0.43
  22   69 0.44
   9    9 0.04
  37   76 0.66
  23   78 0.04
   4   51 0.41
  24   28 0.58
   3   59 0.64
  26   57 0.79
  26   53 0.55
  36   75 0.17
   2   49 0.45
   2   52 0.50
  18   74 0.16
  22   36 0.36
  38   81 0.35
  20   43 0.37
   7   18 0.33
   3   40 0.13
  14   46 0.91
  32   49 0.28
  20   61 0.71
   8   14 0.05
  22   27 0.47
  18   56 0.88
   1   24 0.85
  29   42 0.02
  33   77 0.61
  12   13 0.73
  10   41 0.25
   6   16 0.09
  17   47 0.28
  26   82 0.04
   9   15 0.66
  13   40 0.43

  27   62 0.98
   6   19 0.61
   7   43 0.40
  20   79 0.31
   6   43 0.03
   6   44 0.52
  38   39 0.10
   3    9 0.58
  12   34 0.60
  11   62 0.52
  10   60 0.52
   5    7 0.87
  36   47 0.70
   3   14 0.79
   8   20 0.22
  16   42 0.29
   6   21 0.56
  26   80 0.67
   7   54 0.19
  36   38 0.45
   8   57 0.26
  29   62 0.97
  37   39 0.90
   3   53 0.03
  31   44 0.48
  23   53 0.33
   4   33 0.09
  11   53 0.21
  33   65 0.67
  39   70 0.29
   7   26 0.43
  17   46 0.83
  10   61 0.06
  10   36 0.10
  23   33 0.40
  30   34 0.29
  13   22 0.40
  37   44 0.11
   2   54 0.18
  38   88 0.13

   5   49 0.01
  39   98 0.27
  13   24 0.63
  23   82 0.50
  36   41 0.06
  21   64 0.06
   0   12 0.77
  39   53 0.46
  27   53 0.13
  21   21 0.75
  18   77 0.25
  10   69 0.93
  18   65 0.40
  31   56 0.57
  22   64 0.63
  35   46 0.06
  17   42 0.93
  33   85 0.94
  22   81 0.44
   0   49 0.46
  23   35 0.94
   3    4 0.31
  30   69 0.10
  27   68 0.18
  35   89 0.26
  34   82 0.94
  19   77 0.33
  38   50 0.97
   1   25 0.24
   1   45 0.97
  29   80 0.62
  23   42 0.30
  14   61 0.11
  37   54 0.68
  10   26 0.57
  13   40 0.12
  30   50 0.34
  32   58 0.57
   5   23 0.38
  10   51 0.99

  29   53 0.89
   1   50 0.66
   6   31 0.91
  26   64 0.40
  21   34 0.36
  25   60 0.19
  34   57 0.40
  27   29 0.12
  23   33 0.83
  33   56 0.41
  29   74 0.71
  22   70 0.61
   4   52 0.54
  35   58 0.82
  23   49 0.75
  20   41 0.86
  37   67 0.77
   7   37 0.74
  37   56 0.35
  21   70 0.41
  32   50 0.67
   8   48 0.78
  16   39 0.99
  21   70 0.54
  14   43 0.19
  29   35 0.83
   3   43 0.02
  32   84 0.42
  35   90 0.47
  12   20 0.74
  32   67 0.84
   8   39 0.24
  13   24 0.29
  29   78 0.73
  35   47 0.11
  28   67 0.34
  23   61 0.59
  19   69 0.33
  34   78 0.65
  12   13 0.84

