3 80 8
3   10   4  10

  18   24 0.50
   7   26 0.05
  14   19 0.66
   0    4 0.29
   2    6 0.56
  17   34 0.10
  16   24 0.62
   1   18 0.86
  16   19 0.27
  11   16 0.54
  17   35 0.45
   5    7 0.90
   0    6 0.01
  15   34 0.84
   0    1 0.32
   7    8 0.93
   4   12 0.79
   3   14 0.55
   5   18 0.26
   7   16 0.02
   1    1 0.55
  13   20 0.88
   5    8 0.36
   7    9 0.79
  18   28 0.98
  17   35 0.72
   2   15 0.79
   7   24 0.79
   5   15 0.83
  16   25 0.98
  16   21 0.98
   6   10 0.75
  11   12 0.13
   3   21 0.51
   3   15 0.15
  19   27 0.59
  11   12 0.64
  16   26 0.72
   1   10 0.35
   3   20 0.11
   2   21 0.46
  15   27 0.40
   2   14 0.07
   6   25 0.59
   2   13 0.00
   4   14 0.03
  17   36 0.54
   8   19 0.70
   9   20 0.99
  15   34 0.47
  12   14 0.85
   6   14 0.25
   8    8 0.44
   0   14 0.85
   5    7 0.43
  10   12 0.91
   3   11 0.70
  16   21 0.86
   0   17 0.82
   7   10 0.55
  19   28 0.38
   8   22 0.26
   0   16 0.76
   9   26 0.78
   6   19 0.96
  13   13 0.93
   1    3 0.22
   0   19 0.02
   2   13 0.01
  12   14 0.82
   6   13 0.41
  19   35 0.32
   9   18 0.64
   3   15 0.97
  15   34 0.57
   0    8 0.17
   2    9 0.17
  12   15 0.19
  17   33 0.99
  12   25 0.81

  16   31 0.11
   1    2 0.27
   1   19 0.46
   8   13 0.21
   0   17 0.25
  15   19 0.09
  17   35 0.03
   6    7 0.74
   1   10 0.92
  19   35 0.39
   1    6 0.21
  13   23 0.66
   8   23 0.59
   6   17 0.53
   2   20 0.54
   1    3 0.67
   7   13 0.39
  12   30 0.57
  10   16 0.19
  17   26 0.01
   9   26 0.29
   8   12 0.27
  11   30 0.36
  13   29 0.75
   7   25 0.24
   3   16 0.12
  19   34 0.08
   3   22 0.90
  10   11 0.92
  14   33 0.38
   0    5 0.08
  17   35 0.86
   2   18 0.35
   8   12 0.83
   7   11 0.45
   1    7 0.33
   9   27 0.86
  19   19 0.26
  19   31 0.83
  12   13 0.64
   3   20 0.40
   9   22 0.67
  19   29 0.28
  12   26 0.55
  17   24 0.57
  19   28 0.09
  12   16 0.31
  12   30 0.65
  19   24 0.83
  17   23 0.93
   8   17 0.78
  16   30 0.36
   3   18 0.96
   1   13 0.81
  10   10 0.32
   6    9 0.58
   6   21 0.35
  10   25 0.98
   8   15 0.46
   7   25 0.69
  14   14 0.80
  15   31 0.14
   9   27 0.07
  18   34 0.35
   9   18 0.29
   8    9 0.69
   7   20 0.90
   9   26 0.78
   8   15 0.98
   3   14 0.42
  13   16 0.09
  17   20 0.90
  13   25 0.55
   3    6 0.29
   0    0 0.44
  15   29 0.98
   8   17 0.33
   6    9 0.67
  16   22 0.31
  12   30 0.48

  13   29 0.95
  16   18 0.18
  12   14 0.11
  11   28 0.60
   5   14 0.67
  19   34 0.22
   6    9 0.30
   0   19 0.85
  18   20 0.72
   0    7 0.31
  12   12 0.64
  16   18 0.86
   0    2 0.53
   2   19 0.40
   6    8 0.85
   6   19 0.98
   0   17 0.10
   3    9 0.91
  13   14 0.98
   9   12 0.74
   0    0 0.86
   0   16 0.47
   0    8 0.92
   3    6 0.27
  11   21 0.81
  16   34 0.83
   5   15 0.47
  12   31 0.80
  16   33 0.99
  12   17 0.79
  15   26 0.05
   0   11 0.13
   5   14 0.48
  16   18 0.72
   6    8 0.06
   5    5 0.24
   1    8 0.54
   9   17 0.11
  14   30 0.56
  13   17 0.38
  13   14 0.76
  18   18 0.15
   4   17 0.99
  18   20 0.42
   2   20 0.65
   0   10 0.60
  17   27 0.55
  11   13 0.98
  12   29 0.33
  14   24 0.27
  17   28 0.59
  19   30 0.43
  18   24 0.17
  17   24 0.03
   7   21 0.72
   0    1 0.07
  18   25 0.21
  17   32 0.43
  18   34 0.95
  10   28 0.84
  14   28 0.14
   0   19 0.77
  16   35 0.27
   4   23 0.38
   0   15 0.42
  13   14 0.27
   2   10 0.55
  14   27 0.52
   2    8 0.16
  16   19 0.52
   7    9 0.59
   8   16 0.31
   5   24 0.19
   4    6 0.13
  16   19 0.89
  14   14 0.40
   7   23 0.17
   5   21 0.93
  19   20 0.83
   0   11 0.76

