3 15 4
12   20  16  16  16  10  16   2   2   2   2  10  10

   6   44 0.76
  20   52 0.24
  26   30 0.63
   7   62 0.71
  24   70 0.15
  26   86 0.58
  37  101 0.33
  36   79 0.11
   8   54 0.13
  12   66 0.59
  23   92 0.75
  27   55 0.97
  37  110 0.47
  22   87 0.71
  31   94 0.78

  27   47 0.31
  20   51 0.28
   2   55 0.92
  27   77 0.78
   1   72 0.62
  22   51 0.88
  30   54 0.45
  21   28 0.52
  10   54 0.86
  22   83 0.34
   9   71 0.01
   5   80 0.41
  21   31 0.20
  23   93 0.63
   4   20 0.60

   3   37 0.96
   4   25 0.88
   4   35 0.97
   5   35 0.66
  27   39 0.53
   0   12 0.23
  20   81 0.72
   5   48 0.30
  25   83 0.59
   3   40 0.94
  32   36 0.32
  25   31 0.12
   6   81 0.36
  26   36 0.32
  20   79 0.32

   9   19 0.67
  10   71 0.79
  25   98 0.61
   4   13 0.01
   5   11 0.39
  14   17 0.11
  28   54 0.93
  17   48 0.42
  32   82 0.58
   5   72 0.93
   3    7 0.35
  17   53 0.67
  14   34 0.58
  11   56 0.30
   5   27 0.29

  34   63 0.64
  36   87 0.84
   6   43 0.11
  19   90 0.94
  33   45 0.60
   3   27 0.85
  18   54 0.13
  25   81 0.17
  18   53 0.93
  29   32 0.29
  26   88 0.77
  15   67 0.43
  23   68 0.46
  14   51 0.68
  35   74 0.59

  31   72 0.76
  16   70 0.71
  19   32 0.49
  14   46 0.46
   2   51 0.31
  28   95 0.88
  29   89 0.39
  20   51 0.16
  13   13 0.53
   1    9 0.88
  28   36 0.06
  24   58 0.30
   2   15 0.53
  29  101 0.12
  10   76 0.58

  37   41 0.46
  26   36 0.85
  24   53 0.79
  13   21 0.38
  10   39 0.63
  18   46 0.53
  32   73 0.48
  31   59 0.64
   8   47 0.90
  10   48 0.06
   9   53 0.55
  24   26 0.79
   5   22 0.55
  36   61 0.44
  27   71 0.99

  27   97 0.82
  25   84 0.22
  19   87 0.24
   2   55 0.88
  33   79 0.84
   8   63 0.26
   0   41 0.51
   2   39 0.36
  13   56 0.23
  26   57 0.06
  29   57 0.99
   5   72 0.35
  19   66 0.09
  28   91 0.99
   7   62 0.08

  12   38 0.88
  13   59 0.88
   4   44 0.13
  28   78 0.42
  27   76 0.85
   1   64 0.33
  26   67 0.26
  23   35 0.66
  19   45 0.02
   3   28 0.20
   1   38 0.27
   8   34 0.80
  33   93 0.05
  19   40 0.26
  23   37 0.01

  34   73 0.83
  13   65 0.56
  33  100 0.07
  29   38 0.27
  24   92 0.83
  16   37 0.08
  22   95 0.25
  37   51 0.13
  29  102 0.87
   4   70 0.41
   9   17 0.28
  22   60 0.88
  35   70 0.24
  27   68 0.98
  11   12 0.36

   4   30 0.83
  20   67 0.28
  18   37 0.03
   6   51 0.69
  31   97 0.46
  13   57 0.91
  23   62 0.92
  30   86 0.94
  17   42 0.78
  20   73 0.94
  18   44 0.13
   6   29 0.36
  23   86 0.61
  36   89 0.05
  16   22 0.59

   7   52 0.60
  21   58 0.70
  22   93 0.95
  32   90 0.00
  33   44 0.30
   4   60 0.75
  10   26 0.35
  32   86 0.62
  22   97 0.71
  30   76 0.09
   4   64 0.61
  28   92 0.23
  26   43 0.82
   3    7 0.32
  15   23 0.66

