5 60 4
3   20  10   4

  13   33 0.71
  49   95 0.43
  55   68 0.27
  48  107 0.08
  66   75 0.14
  31   64 0.08
  49  122 0.00
  55   99 0.72
  36   92 0.18
   4   32 0.66
  28   66 0.73
  73  138 0.28
  51   99 0.99
  55  122 0.46
  44  109 0.67
  11   59 0.40
  30   78 0.59
  11   22 0.77
  49   49 0.73
  63  124 0.50
   9   82 0.56
  19   55 0.54
  52  127 0.33
  32   59 0.27
  38   97 0.26
  45   84 0.66
  51   85 0.67
  46   78 0.68
  13   63 0.76
  34   94 0.95
   2   11 0.06
  47   95 0.03
  70  110 0.74
  43   57 0.15
  12   36 0.60
  67  119 0.97
   7   19 0.70
  23   27 0.90
  20   85 0.87
  39  110 0.39
   2    3 0.11
  44  111 0.61
   2   77 0.94
  53   67 0.98
  20   80 0.50
  19   54 0.32
   7   19 0.44
  39  103 0.19
  17   20 0.06
  16   91 0.29
  44   53 0.76
  18   89 0.87
  31   57 0.23
  30   33 0.58
  37   65 0.77
  11   39 0.12
  22   80 0.06
  23   76 0.69
  65  108 0.52
  48   49 0.57

  69  121 0.87
  67   71 0.26
  67   95 0.47
   5   15 0.39
  35  106 0.35
  49  120 0.69
   6   19 0.94
  36   57 0.72
  71  101 0.43
  26   60 0.29
  54   79 0.01
   4   54 0.99
  33   73 0.44
  18   19 0.89
   1   11 0.64
   0    9 0.44
  17   22 0.30
  11   85 0.37
  72   96 0.95
  61  110 0.66
  25   77 0.99
  37  109 0.28
  11   45 0.91
  42   68 0.98
  63  117 0.84
  11   26 0.11
  54   79 0.11
  71   77 0.10
  27   85 0.14
  58   88 0.16
  48   66 0.23
  10   23 0.66
  19   69 0.37
   4   63 0.93
   5    5 0.32
  73  106 0.46
  36   61 0.70
   3   45 0.51
   0    9 0.04
  22   33 0.41
  54  127 0.98
   0   29 0.79
  27   27 0.90
  48   84 0.81
  39   39 0.46
  53  123 0.66
  46  121 0.17
  45   49 0.31
  12   81 0.48
  40   90 0.39
  17   87 0.30
  21   58 0.88
  22   55 0.87
   2   44 0.65
  53   97 0.14
  67  120 0.43
  75  130 0.43
  71   78 0.19
  29   82 0.17
   2    5 0.46

  23   54 0.95
  48   66 0.56
   2   38 0.15
  22   58 0.28
  73  136 0.95
  31   71 0.07
  35   77 0.91
   7   61 0.77
  45   47 0.28
  28   34 0.99
  21   56 0.06
  25   71 0.48
  45   88 0.46
   8   64 0.30
  23   58 0.02
  36   63 0.36
  35   71 0.09
  70  121 0.67
   5   57 0.92
   2   59 0.57
   1    3 0.99
  50  107 0.20
  59  105 0.55
  72  102 0.09
  70   74 0.49
  62  103 0.30
  59   70 0.49
  50  112 0.51
  11   46 0.51
   1   24 0.64
  75   83 0.65
  58   99 0.62
  38   63 0.93
  22   36 0.93
  41  114 0.74
  49   66 0.10
   1    2 0.48
  41  116 0.25
  43  116 0.35
  11   56 0.99
  31   93 0.21
  13   84 0.14
  22   82 0.92
  57   63 0.78
  47  105 0.12
  26   90 0.23
  41   94 0.01
   1    2 0.68
  10   20 0.24
   8   32 0.98
  50   96 0.69
  22   90 0.93
  58  133 0.93
   0   19 0.09
  54   89 0.28
  12   20 0.77
  43   70 0.66
  33   35 0.01
  45   63 0.40
  57   60 0.21

