5 60 4
3   16  20  16

  29   31 0.94
  15   49 0.84
   1   23 0.30
  30   35 0.32
  30   53 0.26
  38   63 0.32
  29   61 0.75
  34   41 0.29
  18   22 0.95
  37   45 0.52
  21   30 0.85
  38   74 0.25
  18   38 0.08
  14   31 0.67
   5   11 0.83
   8   41 0.29
  38   71 0.93
  18   35 0.50
  38   66 0.43
  14   25 0.00
   1   23 0.38
   0   18 0.76
  13   48 0.04
   8   40 0.44
  18   38 0.97
  21   57 0.72
   6   35 0.21
  12   40 0.82
  18   32 0.01
  32   39 0.75
   6   18 0.75
   4    5 0.81
   9    9 0.77
  18   44 0.74
  22   52 0.60
  20   21 0.99
  12   42 0.85
  21   22 0.98
  17   49 0.37
   1   20 0.77
  33   66 0.75
   5   42 0.98
   4   35 0.90
  31   46 0.88
  23   37 0.88
  19   26 0.54
   9   13 0.15
  23   30 0.36
  13   32 0.57
  26   39 0.62
   3   17 0.33
  18   32 0.64
  37   69 0.76
  33   46 0.65
   3   35 0.78
  18   34 0.51
  26   59 0.84
  23   53 0.75
  11   15 0.65
  23   58 0.62

  37   44 0.72
  18   28 0.48
   5   29 0.98
  26   30 0.33
  17   24 0.55
  31   45 0.22
   0   38 0.45
   5   30 0.23
  16   18 0.80
  13   39 0.73
  30   32 0.77
  29   30 0.29
  31   65 0.03
  13   45 0.41
  19   28 0.63
  38   62 0.62
   0   27 0.64
  10   33 0.15
  21   42 0.63
   3   23 0.65
  30   46 0.98
   5   40 0.24
   1   28 0.91
  15   29 0.50
  34   57 0.95
  33   51 0.63
   3   32 0.65
  23   44 0.66
  20   20 0.38
  22   32 0.90
  24   47 0.34
  13   15 0.36
  27   38 0.58
  37   44 0.28
  34   49 0.33
  19   24 0.92
  31   36 0.69
  22   31 0.84
  21   39 0.37
  34   48 0.56
  19   23 0.20
  20   50 0.80
  38   43 0.59
  35   56 0.69
  20   26 0.70
   9   22 0.59
  16   36 0.82
  32   51 0.12
   6    8 0.65
   6   23 0.16
  37   60 0.19
   8   42 0.00
  17   17 0.00
   1   26 0.16
  11   46 0.31
  19   31 0.05
  26   61 0.22
  12   20 0.22
  17   32 0.99
  28   43 0.45

   9   25 0.44
  24   32 0.73
  25   62 0.52
  10   45 0.79
  21   51 0.54
  15   29 0.94
  18   35 0.92
   8   36 0.89
   7    8 0.14
   4   27 0.92
  35   61 0.08
  27   34 0.39
  22   33 0.44
  38   41 0.00
   0   32 0.87
   1   38 0.57
  25   52 0.52
  35   51 0.77
  35   55 0.81
  23   60 0.84
  36   73 0.18
   5   40 0.83
  34   41 0.19
  35   54 0.61
  20   57 0.29
   5   36 0.58
  20   53 0.23
   0   13 0.61
   9   26 0.46
   3   27 0.54
  13   38 0.87
   6   31 0.45
  34   54 0.33
   6   28 0.84
  30   52 0.64
  23   48 0.48
   7   32 0.53
   1   17 0.56
  34   48 0.99
  28   63 0.33
  19   25 0.96
  31   57 0.25
  36   48 0.58
  23   54 0.31
  24   54 0.30
   4   26 0.77
  35   42 0.04
  20   47 0.82
   5   43 0.74
  33   37 0.31
  19   41 0.22
  36   50 0.84
  14   29 0.53
  10   36 0.05
  10   18 0.04
   9   26 0.69
  35   47 0.34
  30   54 0.53
  12   46 0.62
  31   35 0.07

