5 40 4
6   10   2  10  10  16   4

  68  142 0.33
  16   20 0.69
  47   97 0.73
  71  133 0.77
  16   89 0.31
  56   84 0.73
  29   99 0.69
  73  108 0.25
  13   16 0.48
  63  130 0.96
  26   93 0.33
  69   70 0.12
  13   22 0.89
  31   50 0.69
  62  128 0.02
   2   44 0.39
  68  140 0.45
  32   37 0.45
  41   98 0.07
  67  107 0.21
  37   99 0.77
  56   66 0.87
  30   32 0.98
  68  119 0.10
  44  107 0.33
  57  109 0.99
  40  109 0.32
  28   90 0.27
  70  131 0.93
  51   55 0.28
  51   64 0.09
   1   73 0.72
  27   83 0.86
   2    3 0.79
   2   18 0.16
  69  117 0.68
  27   54 0.54
  39  102 0.42
  68   73 0.70
  22   93 0.96

  55   93 0.77
  65  101 0.67
  55  105 0.93
  62   76 0.95
   3   39 0.99
  46   84 0.32
  44  120 0.43
  17   91 0.76
  52   67 0.90
  39   43 0.15
  47   69 0.75
  72  107 0.44
  38   64 0.44
  30   72 0.38
  52   94 0.39
  38  110 0.90
  72   94 0.57
  69  107 0.34
  67   71 0.67
   8   36 0.29
  52   83 0.85
  68  137 0.60
  17   34 0.02
  40   85 0.82
  51   52 0.77
  67   83 0.63
  61   92 0.47
  51   73 0.21
  39   49 0.11
  74  110 0.64
  71  135 0.06
  61  102 0.36
  12   35 0.79
  70  136 0.07
   5   56 0.30
   7   13 0.90
  39   97 0.95
  76  113 0.99
   7   39 0.33
  44   53 0.96

  29   51 0.86
  65   70 0.68
  73   99 0.15
  56  104 0.26
  53   61 0.05
  47   67 0.35
  74  130 0.12
  10   43 0.28
   4   30 0.18
  32   92 0.45
  47   83 0.41
  49   49 0.75
  61   91 0.44
  71   77 0.64
  21   65 0.00
  21   81 0.26
  51  104 0.75
  60  118 0.87
  18   26 0.86
  35   92 0.29
  34   66 0.97
  66   74 0.93
  37  104 0.21
   3   20 0.73
  10   10 0.61
  11   12 0.20
   4   23 0.22
  63   87 0.73
  31   86 0.92
  48   86 0.82
  22   89 0.81
  77   81 0.36
  58   95 0.32
  47  112 0.52
  13   85 0.99
  17   31 0.38
  60  110 0.27
   6   73 0.21
  41   55 0.19
  56   92 0.43

  27  104 0.40
  32   56 0.66
  64  122 0.29
  55   85 0.46
  65  138 0.08
  63  131 0.56
  11   12 0.19
  38   96 0.55
  17   63 0.76
  67  137 0.81
  38   48 0.25
  70  102 0.48
  52  118 0.93
  75  112 0.63
  27   90 0.19
  30   66 0.24
  53   86 0.36
  57   81 0.02
  64  130 0.16
  34   35 0.57
  13   76 0.15
  72  112 0.05
  38   46 0.81
   6   40 0.50
  19   37 0.61
  72  130 0.74
  46  109 0.75
  42   42 0.25
   5   20 0.66
  50  120 0.17
  48  125 0.30
  37   83 0.76
  52   99 0.86
  12   44 0.23
  70   97 0.83
  11   13 0.88
   5   22 0.94
   6   20 0.31
  31   71 0.71
  36   62 0.98

  47  105 0.79
  37   42 0.66
  13   73 0.64
  52   84 0.04
  44  111 0.90
   4   80 0.51
  76  145 0.27
  37   55 0.20
  49   70 0.16
  71  132 0.48
  18   25 0.36
  13   78 0.60
  74   79 0.47
  26   58 0.67
  51   71 0.23
  71  113 0.16
  11   34 0.68
   7   72 0.76
  23   50 0.27
  61   99 0.33
  38  103 0.23
  32   65 0.91
  55   60 0.63
  35   71 0.21
  46   82 0.81
  66  128 0.77
   2   73 0.30
  73   73 0.55
  34   82 0.40
  16   48 0.30
  29   49 0.84
  65   83 0.45
  60   81 0.12
  73  150 0.62
  39  112 0.11
  26   75 0.31
  47   48 0.01
  23   47 0.13
  17   90 0.96
  11   44 0.82

  20   65 0.72
  12   35 0.44
  54  111 0.10
  52   86 0.69
  19   47 0.10
  23   41 0.49
  27   43 0.13
  34   40 0.66
  13   28 0.50
  58  108 0.84
  56  101 0.51
  25   73 0.12
  61  113 0.50
  18   33 0.23
  18   58 0.00
   1   69 0.92
  19   26 0.16
  19   33 0.76
  58   79 0.72
   4   16 0.67
  20   79 0.62
  61  113 0.73
  75   91 0.18
  12   58 0.31
  19   61 0.41
  62   66 0.49
  33   51 0.78
  66   86 0.64
  25   49 0.17
  62   65 0.17
  53   81 0.99
  20   30 0.84
  46   65 0.48
   1    6 0.40
   6   45 0.09
  46  100 0.05
  37   99 0.80
  51   62 0.75
   4   42 0.57
  69  110 0.79

