4 30 4
6   10  10  20  16  10  16

  61  135 0.24
  51  126 0.94
  64   66 0.83
  69  134 0.14
  60  153 0.32
  20   91 0.75
  29   89 0.40
  13  120 0.24
  12   58 0.95
   2  102 0.23
   4   74 0.30
  39   99 0.81
  24   81 0.28
   5   13 0.41
  14   98 0.07
   8   99 0.54
  25   94 0.53
  15  109 0.49
  36  128 0.37
  16   56 0.56
  45  115 0.29
  28  109 0.19
  35  128 0.73
   5   45 0.03
  45   91 0.72
   7   80 0.09
   6  118 0.48
  38  103 0.71
  63  108 0.05
  28   47 0.57

  36  118 0.86
  59   67 0.70
  75  114 0.85
   3  106 0.87
  57  147 0.07
  48  118 0.38
  45  144 0.72
  56  160 0.70
  11   24 0.61
  47   54 0.14
  35   51 0.40
   0   16 0.89
  56  128 0.06
  45  151 0.14
  43  116 0.73
  15   69 0.32
  53  109 0.63
   3  102 0.99
  59  142 0.59
  71  151 0.53
  40   47 0.05
  74  137 0.44
  35   82 0.41
  48   85 0.54
  58   66 0.19
  25   53 0.36
  35   88 0.14
   0   99 0.90
  40  144 0.03
  47   67 0.80

  70  125 0.38
  21  113 0.62
  48  102 0.28
  11  107 0.11
  22  122 0.18
  21   61 0.13
  18  128 0.89
  62   87 0.76
  54  155 0.67
  74  165 0.03
   4   42 0.41
  43  123 0.63
  29   67 0.21
   2   99 0.41
  50   57 0.70
  37  143 0.08
  31   96 0.55
  73  180 0.87
  70  182 0.10
  43  131 0.87
   9   63 0.22
  64   75 0.49
  56   82 0.39
  19   50 0.59
  68  115 0.38
  21   61 0.08
  48  137 0.74
  55   85 0.54
  55  140 0.31
  61  169 0.95

  13   30 0.39
  68   71 0.25
  66  123 0.40
  13  109 0.48
  52  139 0.03
  40  109 0.33
  62   96 0.73
  12   24 0.37
   4   63 0.86
  24   55 0.01
   2   11 0.95
  60   96 0.35
  17  116 0.94
  45  155 0.93
  17   50 0.37
  36   99 0.46
  63  104 0.87
   3   72 0.39
  74  158 0.36
  53  131 0.50
  45   96 0.81
   3   98 0.36
  32  130 0.34
   8  115 0.44
  33   38 0.92
  59   80 0.85
  62  174 0.46
  67  154 0.56
  74  122 0.31
  32   45 0.06

  30  112 0.16
  62   68 0.18
  23  109 0.03
  40  110 0.47
   4   74 0.13
  44  127 0.66
  70  172 0.64
  58   59 0.54
  55  141 0.20
  54   62 0.09
  42   89 0.49
  69   71 0.13
  35  126 0.99
  52  161 0.93
  49  161 0.52
  75  154 0.45
  41   61 0.43
  70  130 0.21
  53   64 0.57
  66  154 0.06
  66   95 0.50
  56  151 0.73
  61  102 0.60
  12   65 0.04
  36  138 0.47
   6   15 0.67
  14   29 0.83
  44  106 0.37
   7   61 0.99
  38  122 0.46

  15   34 0.29
  20   34 0.84
  56   95 0.55
  31   50 0.02
  16   43 0.76
   4   97 0.10
  64  140 0.63
  22   82 0.33
  22   22 0.90
  68  154 0.43
  44  105 0.57
  50   54 0.00
   4   22 0.63
  62   68 0.72
  67   77 0.35
  20  116 0.09
  65  103 0.00
  75   92 0.99
  71  134 0.57
  40   87 0.05
  14  105 0.43
  26   77 0.10
   3   82 0.11
  43   73 0.13
  14   70 0.10
  73  165 0.64
  37   84 0.01
   2   81 0.97
  15   54 0.97
   3   63 0.89

