5 15 8
12    2  10  10  10  16   4   4   2   2   2   4  10

  20   32 0.25
  16   27 0.85
  20   34 0.01
  18   37 0.91
   3   22 0.20
  13   24 0.10
  13   28 0.50
   3   11 0.66
   6    8 0.28
   1   20 0.41
  15   32 0.08
  10   10 0.55
  15   27 0.91
   8   28 0.39
   2   22 0.98

   7   14 0.52
  16   31 0.66
  13   15 0.05
  12   31 0.97
   0   15 0.50
  11   16 0.80
   8   23 0.05
   9    9 0.42
  17   29 0.70
  15   20 0.03
   8    8 0.42
  19   24 0.34
   1   17 0.23
   6    9 0.32
   6   22 0.72

   4   20 0.61
  12   17 0.10
  16   16 0.61
  20   31 0.27
  16   34 0.72
  10   22 0.84
   7   18 0.72
  16   34 0.75
  12   27 0.51
  19   30 0.33
   9   19 0.73
  20   23 0.80
  11   22 0.14
   6    7 0.90
  20   27 0.51

   9   17 0.83
   3    6 0.74
  14   16 0.93
   5   10 0.43
   9   14 0.57
   9   13 0.67
  10   26 0.14
  20   37 0.50
  12   14 0.79
  10   13 0.15
   4   15 0.99
  16   31 0.80
   0    9 0.30
  18   22 0.38
  19   36 0.28

  13   23 0.57
  17   20 0.56
  15   20 0.12
   8   23 0.37
   1   11 0.52
  19   26 0.47
  11   24 0.07
  12   19 0.65
  14   21 0.21
  10   20 0.21
  15   30 0.38
  11   12 0.16
  19   36 0.48
  14   27 0.63
   8   21 0.81

   7    8 0.91
   2   10 0.23
  19   26 0.10
  14   23 0.98
  20   28 0.51
  16   33 0.83
  19   34 0.95
   5   22 0.60
   3   18 0.86
  17   34 0.94
   7   18 0.87
   5   21 0.30
   8   13 0.05
   1   19 0.99
   9   11 0.83

   6   19 0.82
  11   12 0.51
  19   39 0.34
   3   23 0.24
  12   26 0.63
   0   12 0.24
  20   20 0.78
   4   22 0.90
   7   26 0.20
   8   28 0.10
  16   36 0.01
  15   34 0.16
  16   31 0.75
   5    9 0.41
  13   32 0.80

   1   16 0.64
   3    3 0.09
   9   23 0.06
  16   21 0.47
   7   15 0.21
   9   23 0.02
  13   21 0.98
  16   32 0.10
   1   20 0.01
   1   19 0.35
  20   37 0.98
  20   38 0.60
  17   29 0.04
   0    1 0.71
  15   34 0.13

   2   10 0.46
   4   13 0.56
   9   27 0.00
  13   25 0.80
   1    1 0.04
  14   28 0.32
   1   18 0.22
  11   27 0.61
  14   19 0.72
  14   14 0.67
  18   21 0.88
   0   17 0.72
  17   17 0.16
   4    8 0.10
  20   28 0.66

  15   34 0.98
  13   26 0.53
  18   30 0.56
  14   32 0.61
  10   11 0.95
   2   22 0.96
  15   26 0.67
  12   20 0.34
   1    5 0.98
   3   14 0.00
  19   22 0.84
   2    7 0.86
   3    7 0.54
  10   15 0.36
   0   12 0.55

  12   30 0.66
  12   29 0.36
  19   37 0.03
   9   23 0.43
  12   28 0.17
  12   14 0.75
  20   31 0.42
  18   22 0.23
   3   20 0.41
  18   21 0.87
  10   22 0.21
  18   38 0.23
   9   16 0.83
   6   17 0.73
   7   17 0.68

   4   12 0.68
  18   19 0.62
   2   16 0.30
   7   25 0.72
  11   15 0.14
   9   23 0.63
   4   22 0.54
  10   11 0.81
   2    2 0.81
  20   25 0.54
  19   21 0.39
  14   21 0.14
   9   22 0.23
  13   23 0.31
   2    7 0.66

