5 40 4
6   20  10  20  16   2  10

  35  120 0.80
  31  116 0.63
   4   75 0.51
   2   91 0.79
   6   59 0.71
   6   44 0.33
   6   38 0.20
  16   30 0.34
  31   61 0.25
  36  111 0.90
   6   55 0.74
   2   29 0.08
  26   78 0.49
  14   59 0.55
  20   93 0.39
  27  107 0.55
  18  100 0.65
   2   81 0.62
  36  139 0.40
  30  115 0.49
   0   76 0.47
  34  117 0.01
  33  135 0.00
  29  128 0.61
  36   36 0.31
   6   65 0.28
   4  116 0.37
  31   72 0.42
   7   53 0.35
  10  104 0.91
   2  108 0.27
  19   61 0.96
  15   22 0.45
  38  151 0.28
  11  104 0.24
   1   44 0.18
  21   49 0.17
  24  114 0.54
  25   39 0.60
   7  114 0.19

  33   92 0.31
  38   53 0.71
   5  121 0.94
  30   58 0.17
  12   35 0.08
  12   68 0.02
  36  107 0.58
   8   27 0.43
  25  116 0.83
  27   53 0.28
  30   90 0.37
  31   58 0.26
  32   94 0.58
   0   20 0.03
  34   94 0.58
  15   27 0.53
  11   75 0.32
   8  113 0.00
  37  150 0.07
  30   54 0.48
   2   70 0.90
  31  131 0.18
  29   43 0.72
  38   86 0.78
  33   68 0.98
  10  124 0.68
  18  111 0.66
  35   82 0.31
  27  120 0.19
  23   61 0.28
  10  105 0.59
  18   95 0.02
  23  106 0.27
  16   90 0.84
  15   70 0.76
  38   80 0.94
   5   81 0.48
  20  136 0.88
   1   56 0.28
  21  104 0.50

  21  127 0.24
  24   76 0.48
   8   60 0.79
   7   69 0.21
   9   40 0.36
  35  147 0.95
  19   79 0.93
   3   89 0.99
  10   21 0.28
  23   74 0.56
  19   75 0.04
  19   20 0.05
  34  132 0.98
  28   76 0.89
   8   32 0.04
   2  110 0.20
  24   90 0.26
  28  142 0.74
  14  114 0.74
  29   97 0.74
  23  138 0.24
  17   17 0.16
  35   79 0.32
   9   34 0.16
   9   91 0.16
  31  127 0.73
  16   45 0.71
  12   41 0.18
  28   36 0.74
  24   86 0.53
  21   59 0.12
  34   46 0.24
  33  132 0.94
  38   90 0.26
  13   42 0.71
  17   34 0.77
  32   32 0.90
  30   70 0.64
   8   34 0.97
   9   77 0.97

  19  127 0.66
   3   85 0.73
  35   69 0.02
  20   49 0.67
  27  130 0.07
  16   23 0.51
  22  101 0.23
  36  108 0.16
  13  122 0.55
  16  127 0.02
   9  103 0.60
  12   38 0.14
  23   49 0.32
  20  128 0.32
   0   81 0.88
   5   27 0.28
  35   55 0.52
  18   48 0.18
  19   75 0.72
  10   34 0.79
   0  107 0.16
   0   59 0.18
  15   41 0.11
  33  141 0.04
  14  105 0.40
  22   38 0.42
   4   42 0.64
  13   57 0.51
   1   76 0.50
  17   20 0.51
  10   97 0.97
  36   49 0.76
   2   18 0.62
  31   35 0.65
  34  144 0.82
  18   35 0.92
  31   79 0.61
  18  127 0.05
  21  123 0.92
   3  114 0.23

  14   21 0.52
   1   89 0.49
  36   87 0.51
  14   80 0.28
  23  139 0.39
   2   94 0.10
  23   49 0.38
  13   19 0.97
  12   75 0.90
  17  130 0.36
  12   16 0.90
  18   52 0.11
  32   32 0.95
  24   40 0.94
   4  109 0.88
  33  103 0.64
  26  133 0.46
  34   46 0.41
  14   94 0.64
  24   62 0.75
  32  142 0.05
  19   87 0.82
  19   27 0.54
   7   73 0.28
   2   44 0.11
   1   50 0.18
   5   74 0.50
  17   99 0.90
  34  133 0.24
  37   64 0.33
  10   10 0.07
   6   24 0.25
  17   59 0.58
  24  115 0.77
  11   38 0.92
   2   67 0.04
  20   42 0.61
  12   13 0.06
  36   69 0.88
   4  114 0.42

  11  109 0.90
  23  139 0.46
  16   78 0.19
  18   74 0.27
  12   40 0.56
  14   43 0.10
   5   90 0.72
  37   47 0.34
   8  122 0.09
  22  110 0.74
   2   16 0.84
  15  104 0.61
  34   69 0.36
  23   77 0.39
   2  104 0.91
  30   37 0.69
  38   71 0.11
   4   92 0.88
  11   41 0.22
  35  120 0.79
  35   58 0.20
   7   84 0.46
  30  136 0.97
  18   36 0.02
   0   12 0.51
  31   66 0.25
   7   40 0.75
  12  110 0.46
  14  100 0.74
  20  111 0.22
  14  121 0.82
  18   92 0.80
  38   49 0.92
  10  125 0.37
  20   68 0.99
  18   63 0.51
   3  118 0.98
  27   92 0.48
   0    2 0.58
   4   45 0.75

