5 15 4
12   16  20  10   4  20  10  10  10   4  10  10  16

  25   52 0.26
  47   61 0.99
  43   58 0.64
  17   26 0.11
   2   26 0.04
   6   28 0.36
   3   18 0.22
  12   36 0.09
  45   87 0.95
   6   34 0.80
  19   50 0.45
   1   14 0.54
   3   42 0.05
  48   97 0.80
  44   63 0.74

  36   63 0.06
  42   62 0.47
  26   62 0.67
  24   33 0.23
  28   66 0.31
  19   34 0.31
  35   74 0.66
  48   63 0.24
  40   74 0.73
  24   51 0.14
  15   33 0.07
  33   57 0.97
   7   58 0.38
  11   23 0.13
  40   74 0.97

  30   31 0.73
  49   98 0.24
  44   53 0.58
  45   52 0.35
  44   85 0.31
  23   66 0.49
  23   41 0.29
  51   53 0.07
  31   63 0.59
  40   91 0.43
  34   60 0.44
  41   89 0.52
  35   42 0.87
  15   21 0.32
  34   66 0.19

  12   35 0.20
   5   22 0.67
  12   35 0.60
  49   58 0.88
  43   78 0.78
  43   60 0.86
  14   31 0.33
  39   57 0.27
  35   83 0.11
  33   74 0.90
  20   53 0.70
  19   29 0.16
  47   58 0.81
  50   99 0.66
  51   69 0.51

   0   18 0.46
  51   63 0.95
  31   54 0.98
  21   52 0.04
  11   33 0.26
  34   52 0.92
  51   88 0.03
   8   31 0.17
  32   76 0.15
  36   49 0.80
  10   54 0.32
   0    0 0.01
  18   54 0.21
   1   17 0.27
  22   58 0.28

  32   79 0.86
  47   74 0.24
  31   71 0.41
  24   44 0.25
  46   68 0.44
   3    8 0.27
  30   53 0.91
  31   75 0.37
  14   36 0.44
   6   25 0.36
  49   78 0.04
  46   91 0.51
  26   47 0.52
  36   62 0.70
  28   79 0.94

   6   34 0.69
   8   31 0.32
   6   54 0.48
  28   57 0.46
  14   51 0.12
  15   44 0.39
  47   59 0.36
  18   32 0.13
  10   39 0.03
  38   56 0.34
   8   44 0.41
  28   53 0.66
  31   45 0.08
  17   64 0.73
  11   35 0.37

   8   30 0.32
  29   48 0.03
  25   26 0.68
  40   47 0.30
  13   51 0.80
  21   53 0.49
  23   67 0.84
  33   34 0.86
  32   44 0.63
  48   83 0.33
  36   45 0.58
   1   21 0.41
  48   57 0.80
  32   39 0.17
  40   84 0.87

  15   59 0.27
   5   31 0.42
  46   90 0.23
   8   20 0.21
  13   48 0.53
   1   52 0.59
  48   80 0.72
   4   43 0.49
  14   55 0.40
  19   69 0.75
  32   52 0.88
   6   22 0.34
  11   41 0.95
  36   57 0.59
  28   78 0.00

  23   38 0.33
  26   36 0.21
  36   84 0.68
  28   43 0.46
  11   46 0.74
  18   25 0.55
   3   26 0.21
  21   36 0.83
  11   46 0.90
  28   33 0.15
  51   86 0.88
   0   45 0.57
  32   67 0.42
  34   57 0.98
  12   62 0.56

  34   73 0.06
  20   51 0.63
  33   64 0.63
  10   18 0.20
  41   90 0.75
   4   29 0.66
  32   34 0.60
  38   74 0.26
  24   54 0.10
  17   48 0.42
  10   56 0.76
  31   63 0.18
  35   74 0.39
  47   88 0.52
  41   85 0.34

  18   67 0.67
  18   63 0.32
  21   29 0.51
   3    9 0.19
  48   61 0.27
  30   78 0.51
   4   33 0.37
  10   42 0.87
  24   45 0.63
  19   50 0.51
  41   77 0.00
  38   55 0.14
  25   35 0.22
  12   26 0.27
  10   38 0.36

