3 50 8
6   10   2  10   2  10  10

  10   42 0.83
  32   52 0.19
  61   67 0.94
   7   11 0.78
  61   95 0.55
  20   55 0.69
   5   32 0.84
  59   67 0.48
  48   53 0.37
  57   93 0.74
  34   69 0.36
  47   74 0.86
   3    9 0.07
  51   84 0.26
  52   92 0.10
  53   88 0.08
  28   46 0.19
   8   30 0.16
  50   89 0.61
  61   87 0.24
  26   70 0.09
   8   26 0.66
  11   50 0.06
  11   51 0.52
  35   35 0.07
  66  108 0.95
  41   52 0.23
  48   53 0.20
  38   68 0.75
  30   41 0.11
  59   60 0.02
  11   53 0.71
  36   74 0.18
  29   59 0.35
  30   61 0.60
  30   33 0.16
  59   87 0.95
  18   40 0.46
  53   97 0.25
   4   48 0.49
  60   90 0.86
  55   95 0.84
  52   64 0.93
  14   20 0.75
  14   48 0.55
  64   98 0.61
  14   22 0.29
  26   61 0.07
  36   46 0.14
  26   42 0.28

  39   58 0.27
   3   32 0.37
  28   42 0.72
  51   72 0.52
  54   75 0.63
  47   60 0.70
   0   37 0.02
   4    7 0.67
  14   18 0.06
   4   22 0.83
  52   61 0.73
  28   32 0.54
  18   24 0.91
  20   38 0.25
   0   19 0.66
  27   35 0.44
  61   67 0.44
  48   73 0.46
  15   55 0.59
  49   87 0.31
  39   51 0.83
  12   53 0.86
  32   72 0.22
  16   43 0.92
  57  100 0.70
  58   84 0.98
  33   50 0.37
  64   72 0.97
   4   14 0.63
  30   33 0.75
  38   44 0.29
  14   58 0.12
  54   73 0.43
  20   42 0.26
   8   37 0.07
  28   38 0.10
  44   73 0.56
  64   83 0.20
  53   93 0.32
  31   33 0.81
  30   68 0.70
   6    7 0.41
  41   54 0.96
  56   83 0.74
   4   15 0.28
  66   79 0.81
  10   13 0.26
  55   72 0.94
  25   68 0.71
  58   66 0.77

  64   85 0.99
  65   91 0.28
  17   43 0.62
   6   18 0.46
  25   60 0.00
  38   59 0.86
  67   69 0.18
   3   31 0.95
  51   63 0.60
  63  100 0.72
  64   92 0.84
   7   42 0.85
  38   80 0.17
  36   53 0.77
  18   26 0.34
  64   97 0.36
  16   58 0.89
   0    0 0.16
   0   23 0.99
  40   79 0.32
   2   46 0.85
   8   52 0.10
  27   60 0.18
  48   66 0.20
  62   67 0.93
  31   43 0.97
   8   11 0.80
   8   48 0.38
  46   53 0.68
  24   55 0.57
  59   93 0.67
  66   79 0.92
  23   44 0.46
  13   36 0.20
   0   36 0.86
  46   49 0.37
  53   70 0.05
  46   83 0.88
  36   42 0.67
  25   56 0.11
  53   79 0.52
  52   61 0.00
   7   33 0.53
  16   17 0.92
  17   33 0.25
   3   37 0.95
  52   77 0.34
  55   76 0.51
  50   54 0.11
  42   43 0.57

  29   64 0.98
  50   58 0.24
  64   85 0.12
  58   69 0.86
   7   44 0.97
   3   38 0.82
  54   72 0.64
  20   57 0.93
  20   27 0.02
   2   40 0.81
   1   31 0.85
  36   67 0.36
   3    3 0.69
   1    5 0.75
  14   31 0.16
  54   87 0.01
   4   25 0.07
  55   82 0.20
  22   47 0.25
  14   39 0.76
  26   61 0.48
  24   57 0.93
   1   41 0.87
   3   43 0.06
  41   68 0.56
  22   49 0.44
   9   44 0.34
  60   92 0.98
   4    9 0.49
  21   60 0.21
   6   32 0.13
   8   47 0.02
  30   66 0.83
  10   21 0.67
  26   40 0.34
  11   22 0.69
  35   78 0.97
  28   28 0.95
  46   63 0.24
  12   24 0.43
  58   80 0.44
   1    4 0.12
  38   58 0.79
  12   38 0.60
  37   66 0.22
  16   33 0.79
  23   57 0.11
  63   69 0.77
  25   31 0.33
  43   86 0.10

  48   82 0.43
  10   18 0.92
  11   20 0.36
  48   70 0.26
  50   60 0.86
  33   67 0.30
  30   44 0.02
  39   52 0.69
  61   73 0.92
  63   81 0.82
  46   66 0.57
  18   50 0.04
  46   70 0.17
  58   63 0.95
  44   48 0.73
  64   91 0.18
   9   27 0.66
  59   94 0.83
  15   41 0.77
  62   64 0.25
   8   42 0.37
  18   60 0.74
  19   27 0.77
   7   44 0.94
   5   13 0.10
  58   71 0.90
  45   66 0.41
  62   95 0.63
  18   38 0.40
   9   48 0.64
  55   94 0.29
   1   37 0.39
  13   26 0.75
  17   25 0.38
  44   62 0.81
  13   47 0.29
  13   37 0.24
  58   99 0.19
  29   37 0.59
   8   15 0.88
  26   27 0.10
  14   38 0.34
  53   86 0.16
  22   36 0.59
  40   50 0.62
  53   63 0.24
   7   23 0.12
   8   34 0.52
  44   69 0.93
  15   15 0.75

  55   77 0.73
  48   57 0.46
  18   47 0.17
  31   39 0.60
  59   59 0.29
  57   80 0.00
  55   94 0.41
  58   83 0.76
  46   55 0.85
  18   51 0.51
  29   68 0.70
  51   58 0.60
  65   87 0.17
  13   22 0.59
  67  110 0.38
  40   66 0.79
   0    6 0.70
  43   75 0.26
   8    8 0.51
   9   46 0.35
   8   12 0.52
  29   33 0.04
  66   87 0.68
  64  103 0.40
  39   77 0.84
  29   40 0.46
   4   18 0.34
  29   45 0.92
  55   91 0.00
  62  100 0.69
  35   72 0.94
  31   71 0.27
  35   55 0.61
  28   50 0.66
  36   46 0.25
   7   46 0.47
  18   24 0.88
  35   67 0.96
   7   47 0.01
  35   68 0.34
  37   66 0.52
  50   69 0.44
  50   51 0.10
  42   47 0.68
   8   39 0.42
  27   29 0.47
  14   40 0.80
  15   36 0.74
  45   85 0.67
  62   90 0.77

