5 40 8
6   16   4   2   2  20  16

   0   44 0.92
  37   76 0.67
   5   32 0.04
   7   49 0.77
   2   46 0.77
  39   53 0.39
   2    6 0.71
  25   31 0.27
  25   29 0.84
   8   14 0.50
  13   48 0.16
  33   46 0.36
  20   57 0.41
  37   58 0.41
   3   13 0.50
   2   24 0.49
  18   57 0.71
  32   47 0.40
   8   30 0.89
  10   48 0.32
  25   56 0.82
  37   60 0.31
  30   70 0.53
   0   33 0.81
  14   18 0.48
  42   84 0.00
  17   55 0.63
  30   72 0.61
   9   48 0.75
  13   15 0.82
   8   10 0.24
   5   15 0.94
  31   61 0.55
  19   32 0.94
   2   13 0.53
   3   12 0.76
  30   49 0.41
  31   59 0.80
  35   79 0.22
  33   75 0.07

  20   60 0.04
  12   53 0.33
   4   47 0.34
  30   59 0.53
  33   56 0.76
  34   55 0.43
   7   42 0.46
  43   68 0.49
  43   57 0.64
   7   34 0.01
   3   13 0.04
   8   33 0.00
  26   41 0.26
  22   50 0.15
  31   43 0.54
  12   45 0.63
  19   37 0.05
  26   33 0.68
  38   39 0.03
  43   82 0.50
  39   64 0.50
   2   32 0.58
  21   51 0.53
  28   46 0.44
   3   29 0.47
  20   60 0.42
  19   59 0.60
  32   48 0.92
  12   26 0.40
  25   59 0.42
  38   44 0.35
   2   17 0.38
  37   66 0.39
   1    5 0.99
  39   70 0.68
  30   56 0.24
  11   55 0.20
  27   41 0.79
  43   65 0.61
  39   46 0.74

  12   32 0.21
  11   27 0.02
  13   31 0.61
  44   79 0.81
  24   62 0.86
  12   41 0.80
  12   41 0.96
  32   50 0.25
  17   34 0.24
  33   62 0.50
  26   60 0.46
  29   41 0.74
  22   54 0.62
   3   22 0.85
  28   72 0.69
  36   57 0.59
  36   65 0.72
   7   28 0.23
  32   72 0.37
  10   52 0.39
  25   54 0.71
  41   49 0.71
   1   22 0.80
  42   60 0.56
  24   49 0.29
   2    6 0.92
   9   20 0.79
  18   38 0.78
  36   36 0.78
  17   53 0.13
   2   31 0.19
  44   47 0.25
  43   83 0.95
  15   17 0.89
  44   74 0.44
  29   29 0.26
  19   60 0.82
   7   31 0.44
  16   25 0.90
   1   38 0.78

  43   43 0.49
  13   44 0.36
  44   46 0.73
  21   39 0.47
   2   10 0.27
   9   37 0.76
  25   30 0.20
  27   57 0.00
  20   41 0.65
  29   64 0.13
   9   17 0.04
   5    5 0.75
  10   51 0.82
  34   61 0.60
  33   41 0.82
  35   43 0.50
  25   50 0.81
  39   42 0.48
  17   59 0.01
   0   31 0.49
  17   25 0.37
  23   43 0.85
   6   15 0.65
  16   34 0.26
  15   29 0.05
  25   50 0.32
  18   28 0.41
  34   54 0.55
   4   36 0.86
  43   61 0.40
  13   37 0.10
   0   35 0.54
   4   20 0.86
  33   50 0.08
  15   16 0.41
  36   44 0.23
  13   21 0.38
   6   43 0.66
  16   51 0.82
   2   21 0.50

   4   34 0.62
   6   15 0.16
   0    8 0.22
  10   44 0.19
  44   51 0.64
  43   47 0.13
  25   30 0.26
  40   55 0.27
  33   49 0.67
  14   42 0.31
  14   35 0.76
  17   22 0.07
  31   53 0.34
  36   57 0.51
   5   43 0.97
  32   73 0.83
  19   57 0.72
   7   47 0.00
  41   63 0.52
  21   60 0.28
   1   34 0.80
  10   43 0.76
   5   43 0.51
   9   13 0.38
  44   70 0.04
  41   49 0.47
  16   22 0.09
  16   46 0.89
  19   59 0.39
  43   60 0.62
  28   61 0.83
  25   55 0.45
  37   45 0.64
  33   63 0.63
   9   28 0.25
   8   50 0.68
   3   12 0.62
  24   32 0.78
  19   30 0.50
  36   55 0.83

  10   49 0.60
  18   33 0.00
   4   22 0.86
  27   49 0.60
  41   43 0.52
   6   39 0.70
  22   55 0.45
  30   67 0.26
  11   12 0.75
  18   60 0.89
  44   83 0.82
  11   18 0.74
  28   29 0.03
  32   33 0.75
   0   15 0.97
  35   70 0.01
  12   16 0.78
  35   59 0.93
   0   19 0.80
  15   28 0.70
  41   80 0.89
  36   69 0.15
  32   43 0.11
  39   58 0.05
   4   10 0.39
  12   16 0.47
  11   54 0.22
  40   40 0.49
  41   52 0.35
   7   15 0.83
   0   36 0.20
   7   32 0.30
   8   46 0.96
  31   46 0.44
  40   50 0.53
   5   16 0.15
   6   28 0.60
  33   41 0.55
  28   62 0.55
  20   35 0.38

