3 20 8
12    2  10   4  16  16   4  16  16  16   2  20   2

  17   57 0.39
  11   38 0.42
  15   59 0.47
   2   47 0.94
  14   20 0.67
  21   66 0.71
   4   30 0.51
   0   42 0.72
   5   50 0.44
   7   26 0.15
  24   49 0.35
   7   14 0.30
   5   32 0.49
  15   18 0.16
  12   12 0.02
  15   42 0.69
  18   50 0.41
  10   54 0.62
   6   39 0.59
  11   44 0.45

  23   37 0.30
  18   24 0.20
  22   52 0.06
  22   51 0.70
  14   21 0.33
  24   50 0.01
   2   36 0.34
   8   33 0.70
   9   37 0.31
  14   64 0.71
   6   53 0.18
   0   47 0.82
   9   22 0.57
   4   14 0.95
   8   42 0.06
  13   41 0.78
   6    9 0.56
  21   71 0.16
  12   50 0.76
   8   13 0.17

   7   25 0.89
  14   26 0.61
  14   30 0.46
   2   20 0.34
  18   25 0.19
  14   50 0.00
  13   14 0.44
  22   36 0.33
  13   54 0.21
  19   34 0.01
  22   65 0.62
   1   35 0.00
  11   37 0.51
   5   33 0.70
   3   32 0.84
  17   19 0.41
   9    9 0.31
  16   20 0.53
  12   26 0.73
  16   20 0.03

  11   33 0.76
   5    9 0.39
  15   56 0.29
  13   17 0.79
   6   45 0.46
  12   62 0.70
  16   20 0.18
  21   36 0.78
  23   32 0.87
   5   17 0.81
  19   43 0.29
  14   46 0.72
  18   24 0.34
  24   64 0.95
  21   29 0.26
  15   24 0.20
  13   30 0.13
  22   40 0.94
  23   26 0.61
   7   19 0.93

   5   48 0.36
   5   54 0.37
  16   20 0.06
  24   37 0.51
  18   28 0.05
  13   34 0.09
  20   50 0.66
  23   68 0.54
  18   30 0.09
  24   49 0.31
   5   32 0.84
  10   58 0.66
  11   34 0.45
  22   37 0.17
  13   24 0.47
  23   39 0.57
   4   54 0.49
   8   52 0.46
  17   61 0.81
  20   48 0.93

   0   29 0.51
  13   18 0.07
  24   32 0.99
  15   56 0.10
   5   47 0.27
   1   23 0.68
  11   17 0.10
  10   20 0.30
   1    5 0.78
   0   24 0.75
  15   58 0.02
   2    8 0.69
  11   49 0.77
  14   41 0.59
  16   50 0.44
   7    7 0.92
   6   16 0.44
  20   28 0.60
   4   32 0.34
   0   24 0.17

   2   37 0.80
  23   53 0.77
  14   33 0.74
  24   24 0.14
  17   22 0.96
   6   51 0.82
  10   14 0.68
  17   18 0.54
  20   36 0.42
  17   27 0.56
  12   58 0.01
   3    4 0.15
  23   62 0.24
  11   38 0.62
  12   43 0.66
  11   58 0.09
  12   35 0.53
  22   43 0.41
  24   45 0.77
   0   38 0.33

  16   37 0.82
  19   52 0.82
   6   32 0.73
  19   21 0.90
  16   60 0.09
   0   28 0.39
   9   12 0.72
  11   21 0.80
  24   39 0.05
  23   65 0.44
   5   15 0.66
  20   51 0.47
   4   51 0.62
  17   17 0.79
  21   64 0.32
  20   68 0.95
  10   31 0.75
   2   14 0.42
  10   45 0.79
  14   17 0.20

   6    6 0.77
  21   53 0.44
  15   25 0.63
   5   10 0.28
  11   57 0.35
  13   19 0.17
  22   50 0.06
   4   18 0.90
  18   26 0.31
  10   50 0.94
   9   30 0.56
  22   38 0.58
  22   66 0.50
  22   25 0.92
  20   47 0.10
  21   49 0.54
  19   58 0.99
  24   41 0.64
   5   48 0.66
  14   31 0.92

  23   68 0.76
   7    8 0.44
   5   42 0.04
   5    6 0.66
  19   59 0.13
   3   14 0.05
  13   46 0.22
  21   25 0.13
  22   43 0.46
  24   38 0.68
  22   60 0.33
  15   52 0.73
   6   31 0.03
  16   51 0.37
  23   71 0.98
  14   58 0.04
  12   41 0.99
  14   14 0.09
  19   22 0.55
  18   22 0.45

  15   38 0.17
   6   55 0.54
   1   33 0.83
   1    6 0.83
   8   58 0.53
  17   63 0.77
  19   60 0.15
   0   10 0.03
  10   25 0.83
  15   17 0.03
  20   35 0.10
   7   39 0.62
   8   50 0.99
  15   37 0.81
   7   15 0.46
   5   27 0.07
   4   47 0.57
   0   28 0.09
   3   35 0.20
  21   47 0.64

  21   57 0.95
   6    7 0.01
  14   57 0.74
   1   40 0.79
  16   17 0.12
  13   23 0.47
  21   44 0.48
   6   14 0.07
  11   31 0.52
   9   56 0.01
   6   15 0.44
  17   44 0.79
  10   38 0.40
  19   26 0.66
  23   61 0.74
   7   34 0.54
   0   44 0.87
   6   31 0.40
   1   33 0.10
   1   25 0.19

