5 25 4
12   10  16  16   2   4  10  20  16   2   2  10  10

  48   60 0.43
 101  120 0.00
  44   75 0.85
  83  104 0.38
  31   45 0.39
  52   71 0.02
  29   48 0.69
  52   70 0.59
  24   44 0.54
   1    1 0.20
  63   77 0.58
  66   91 0.57
  18   36 0.29
   4   24 0.30
  53   62 0.13
  31   37 0.34
  52   83 0.99
 100  120 0.84
  16   25 0.79
  95   96 0.54
  91  113 0.43
  93  115 0.79
  93  112 0.54
  73   85 0.97
  67   77 0.61

  13   20 0.52
  17   45 0.92
  89   92 0.91
  65   72 0.41
  68   96 0.40
  43   68 0.53
  95  106 0.41
   5   20 0.59
  26   28 0.76
  26   59 0.23
  97  100 0.11
  61   68 0.71
  91  114 0.19
  51   66 0.15
  61   69 0.30
  59   85 0.83
  62   93 0.16
  32   38 0.63
  45   63 0.15
  27   38 0.05
  26   40 0.68
  22   32 0.03
 109  125 0.01
  97   98 0.04
  47   63 0.48

  30   55 0.49
 108  124 0.75
   9   25 0.29
  77  104 0.51
 100  122 0.93
   7   25 0.92
  87  101 0.35
  15   25 0.43
 106  124 0.67
  10   13 0.16
   1   36 0.03
  20   26 0.85
  83   88 0.86
  81  105 0.98
  88  105 0.08
  27   41 0.34
 103  129 0.29
 108  136 0.55
  85   93 0.42
  97  115 0.07
  86  103 0.61
 106  121 0.30
   4   13 0.12
  82   82 0.16
  94  109 0.31

  10   14 0.69
  29   29 0.72
  91  125 0.45
  12   43 0.30
  64   98 0.59
  23   50 0.38
  96  114 0.09
 104  125 0.55
  90  119 0.58
  88  101 0.00
  35   42 0.26
  32   40 0.91
  52   81 0.40
 106  137 0.41
  58   58 0.77
  77   86 0.25
  48   60 0.09
  32   57 0.28
  56   79 0.91
  22   35 0.13
 101  101 0.67
  93  105 0.70
   5   28 0.20
  69  103 0.97
  51   51 0.80

  27   62 0.18
 106  111 0.19
  99  132 0.70
  78   82 0.35
   2    4 0.00
 105  129 0.90
  51   69 0.98
  28   54 0.30
  83   86 0.57
 105  133 0.98
  92  101 0.59
  70   89 0.88
  73   73 0.78
  34   63 0.98
  47   74 0.86
  41   54 0.20
  34   46 0.87
  20   23 0.13
  22   47 0.53
  15   17 0.60
  61   87 0.46
  43   75 0.89
  67  100 0.14
  13   30 0.65
  83   86 0.95

  93   94 0.06
  95  108 0.86
  70   82 0.54
  76   86 0.49
  34   56 0.19
  37   54 0.10
  70  105 0.40
  11   44 0.31
  93  122 0.87
  39   70 0.56
 107  138 0.81
  55   80 0.24
   1    4 0.74
  48   62 0.59
  96  109 0.48
 102  124 0.24
  35   63 0.21
  70   80 0.98
  65   89 0.24
   6   23 0.83
 104  117 0.80
  66   71 0.90
  52   84 0.15
   3   14 0.59
  61   73 0.04

  29   32 0.64
  19   28 0.34
  52   67 0.02
  24   44 0.84
 105  120 0.78
  62   69 0.90
   0    9 0.52
  24   33 0.95
  38   60 0.37
  45   73 0.25
  97  113 0.66
  14   43 0.74
  83   87 0.47
 103  115 0.61
  65   71 0.87
  91   91 0.58
  19   47 0.05
   1   24 0.57
  32   54 0.47
  10   24 0.01
  83   86 0.07
 102  102 0.14
  89  120 0.41
  28   58 0.54
  91  107 0.03

  93  121 0.92
  10   28 0.70
   4   18 0.86
  20   39 0.79
 104  105 0.09
  99  119 0.23
  86  118 0.70
  29   29 0.50
 109  142 0.97
 109  111 0.17
  23   30 0.93
  73   74 0.57
  35   61 0.95
 107  120 0.20
  19   38 0.74
  35   47 0.10
 105  136 0.67
  72   98 0.28
  43   48 0.69
  74  100 0.53
  90  101 0.77
   3   20 0.24
  96  104 0.97
  50   85 0.18
  16   17 0.13

   1   10 0.85
  32   55 0.07
  31   40 0.62
  34   38 0.60
  35   59 0.45
  48   59 0.17
  37   64 0.06
  10   14 0.74
  10   29 0.37
  98  118 0.45
  69  104 0.92
  97  102 0.72
   8   28 0.19
  37   42 0.99
  53   60 0.83
  79  101 0.77
  82   88 0.52
   7   36 0.17
  36   70 0.14
  92  125 0.64
   1   14 0.85
  80  103 0.70
  21   42 0.93
  68  102 0.92
  44   64 0.64

  39   50 0.14
  51   70 0.96
  82   83 0.63
  43   55 0.90
  43   74 0.83
  13   17 0.74
  85  105 0.86
  34   63 0.10
  99  123 0.23
  75  108 0.04
  16   45 0.58
  26   40 0.43
  22   55 0.49
 101  123 0.50
  95  106 0.47
  56   56 0.42
  95  130 0.85
  57   84 0.63
  51   74 0.82
  12   39 0.27
  85   99 0.64
  42   43 0.17
  99  104 0.57
  45   70 0.54
  93  127 0.56

  73  104 0.15
  65   86 0.25
  71   86 0.42
  71   89 0.32
   9   32 0.85
  28   48 0.36
  69   75 0.21
   2   24 0.19
  53   84 0.08
  49   51 0.34
 104  113 0.27
  59   78 0.45
  91  107 0.63
  29   58 0.41
  11   23 0.11
  13   28 0.14
  43   69 0.09
  63   81 0.88
  84  112 0.12
  69   82 0.02
  44   45 0.24
  87  101 0.76
  19   51 0.89
  50   85 0.65
  75   89 0.86

  78  110 0.26
  86  118 0.96
  47   77 0.49
 101  134 0.10
 105  135 0.15
  38   47 0.88
  74  100 0.05
  91  105 0.14
  55   76 0.10
  95  116 0.16
   0   18 0.51
  21   38 0.31
  50   72 0.27
  50   53 0.31
  82  111 0.28
  73   80 0.12
  69   78 0.12
   6   27 0.21
  76   95 0.26
   8   10 0.87
   6    9 0.64
  96  100 0.31
  56   58 0.43
  68   97 0.80
  73  100 0.02

