3 40 8
6   16   4  16  10  16  10

  29   57 0.12
  16   33 0.69
  16   29 0.40
   6   24 0.49
  21   29 0.54
  15   61 0.92
  15   19 0.57
   0   19 0.21
  26   45 0.63
  19   75 0.61
  14   69 0.26
  19   25 0.90
  18   72 0.59
   0   16 0.13
  26   38 0.30
  13   49 0.69
  18   22 0.90
   3   43 0.13
  11   11 0.94
  10   45 0.59
  18   43 0.16
   3   59 0.80
   1   51 0.23
   2   44 0.22
  19   21 0.05
  22   36 0.68
   8   35 0.14
  15   43 0.48
   9   64 0.68
  28   77 0.91
  20   43 0.37
  15   17 0.96
  21   23 0.20
   5   18 0.95
  15   69 0.73
  29   74 0.90
  25   25 0.16
  26   40 0.42
   5   50 0.69
  16   28 0.01

  24   43 0.51
  27   45 0.34
   5   55 0.15
  21   31 0.51
  18   25 0.90
  14   51 0.77
  19   60 0.04
  27   60 0.47
  23   35 0.82
  12   13 0.00
  24   50 0.32
   6   46 0.62
  17   27 0.16
  25   64 0.62
   2   14 0.90
  15   34 0.73
  11   17 0.28
  11   23 0.23
   9   15 0.78
   4   38 0.85
  28   77 0.94
   7   27 0.01
   9   29 0.89
  23   59 0.97
   1   55 0.82
  11   44 0.02
  13   51 0.42
  28   39 0.12
   2   32 0.26
   4   50 0.66
  12   53 0.10
   6   21 0.77
  28   62 0.07
   7   57 0.44
  13   24 0.48
  28   51 0.55
   9   16 0.00
   9   12 0.36
  19   19 0.49
  14   14 0.20

  24   78 0.15
   8   23 0.78
  14   49 0.98
   8   18 0.02
  29   58 0.98
  22   76 0.81
  17   57 0.84
  27   81 0.64
  12   30 0.07
  28   68 0.13
  16   75 0.55
  15   56 0.38
   1   55 0.34
   1   22 0.38
   1   34 0.38
  17   35 0.48
   8   57 0.13
  15   53 0.75
  16   18 0.86
  15   17 0.83
  26   26 0.00
   2   32 0.83
  13   72 0.34
  24   45 0.49
  14   43 0.31
  10   30 0.33
  20   30 0.94
   3   29 0.11
  26   85 0.21
  18   53 0.85
  14   44 0.83
   4   55 0.51
  14   64 0.11
   1   42 0.21
   7   39 0.26
  12   39 0.43
  23   40 0.92
  24   24 0.53
  10   24 0.59
  18   67 0.99

  24   35 0.34
   5   36 0.55
   6   12 0.92
   0   26 0.95
   0   42 0.93
   5   51 0.46
  18   53 0.87
   9   29 0.65
  12   17 0.14
  26   37 0.82
   1   55 0.68
  24   48 0.60
  10   17 0.19
  18   46 0.04
   6   58 0.35
  22   40 0.90
  24   53 0.02
  19   56 0.58
  12   18 0.45
  22   73 0.49
  18   67 0.56
  19   44 0.17
  18   20 0.65
  25   61 0.41
  29   69 0.43
  18   45 0.17
   9   13 0.09
  23   63 0.97
   9   43 0.94
   9   62 0.90
   5    9 0.49
   2   12 0.19
  24   83 0.80
  14   65 0.77
  20   54 0.59
   1    1 0.94
  22   27 0.02
  11   24 0.65
  23   69 0.48
  19   63 0.01

  26   69 0.65
   8   12 0.98
   3   40 0.46
   7   41 0.50
   6   46 0.95
  17   75 0.06
  10   66 0.79
  25   50 0.70
   8   12 0.85
   7   23 0.51
   7   39 0.81
  19   64 0.56
  23   74 0.37
  26   81 0.52
  10   20 0.91
  11   64 0.92
  27   39 0.02
  20   45 0.00
  14   26 0.31
  21   70 0.69
  20   68 0.69
   0   42 0.63
   9   12 0.56
  14   60 0.63
  15   39 0.01
  10   25 0.51
   8   35 0.15
   2   55 0.97
   6   33 0.62
   8    9 0.26
  23   56 0.05
   7   23 0.11
  21   48 0.29
   2   51 0.81
   6   26 0.31
  20   35 0.14
  29   34 0.07
   2   10 0.57
   9   35 0.08
  12   20 0.04

  14   54 0.59
  21   67 0.60
   4   31 0.11
  18   36 0.65
  16   35 0.66
  11   26 0.38
  25   79 0.33
  12   58 0.15
   3   18 0.22
  24   32 0.44
   3   50 0.01
  27   64 0.42
  28   87 0.45
  24   78 0.42
  10   52 0.26
   6   35 0.12
   5   61 0.34
   1   29 0.96
  24   82 0.80
  23   66 0.83
  18   66 0.72
   1   44 0.95
   4   41 0.18
  24   66 0.19
  28   30 0.51
  28   87 0.25
  20   50 0.59
  10   23 0.98
  26   54 0.00
  18   62 0.57
  19   73 0.04
   5   26 0.69
  26   82 0.53
   1   14 0.72
  28   72 0.61
   7   27 0.34
  27   46 0.04
  25   45 0.83
  19   74 0.07
  23   56 0.15

