3 60 8
3    4  10  10

  14   34 0.75
  38   55 0.51
  16   32 0.46
  24   52 0.91
  43   52 0.26
  44   47 0.12
  16   35 0.97
  26   51 0.18
  13   38 0.03
  12   27 0.65
  10   19 0.27
   2    2 0.51
  39   55 0.92
  17   27 0.07
   5   33 0.58
  18   40 0.31
  26   45 0.18
   3   16 0.26
  27   27 0.00
  39   55 0.55
   7   30 0.42
  33   43 0.27
  18   38 0.33
   9   16 0.13
  36   36 0.75
  32   44 0.86
  40   61 0.64
  14   34 0.68
   2   24 0.90
   0    8 0.99
  27   55 0.23
  13   22 0.21
  34   35 0.02
  38   48 0.00
   1    1 0.22
  31   48 0.88
  11   12 0.57
   4   15 0.15
  17   21 0.08
  22   43 0.08
   3   23 0.91
  41   62 0.86
  28   44 0.68
   6   24 0.45
  30   41 0.70
  43   45 0.67
  23   23 0.02
  42   65 0.52
   0   16 0.22
  41   57 0.17
   9   29 0.51
   4   12 0.84
   5   18 0.02
  32   54 0.65
  31   38 0.81
  41   50 0.85
  12   18 0.07
  16   22 0.63
   7   23 0.19
  41   48 0.87

  27   52 0.32
  17   44 0.41
  23   46 0.55
  29   58 0.08
  30   49 0.38
   5   13 0.09
  24   28 0.41
  12   13 0.04
  35   61 0.72
  35   44 0.50
  16   29 0.23
  24   51 0.84
  21   27 0.26
  41   56 0.26
   0    0 0.78
  17   23 0.73
   0    0 0.26
  42   44 0.69
  37   50 0.13
  15   43 0.75
   2   19 0.07
  25   36 0.76
  17   29 0.31
   3   14 0.50
  18   46 0.98
  44   62 0.51
  25   45 0.82
  42   59 0.92
  37   39 0.06
  42   71 0.43
  34   51 0.34
  24   26 0.76
  37   51 0.51
  22   32 0.93
  24   46 0.90
  17   42 0.93
   2   10 0.62
   0    2 0.36
  14   27 0.22
  34   50 0.66
  12   30 0.79
  34   45 0.09
  12   36 0.56
  18   23 0.24
  30   49 0.58
  10   36 0.68
  42   58 0.60
  44   62 0.76
   7   23 0.71
  20   21 0.16
  27   35 0.19
  19   35 0.12
  22   40 0.04
  33   35 0.56
  31   51 0.34
  40   46 0.81
  24   51 0.57
   4    4 0.12
  15   25 0.61
   2   28 0.87

  15   33 0.55
   6   16 0.90
  40   54 0.65
  25   43 0.59
  22   48 0.36
  23   47 0.14
  18   23 0.53
   9   32 0.11
   3   13 0.86
  16   45 0.63
  42   62 0.92
  26   32 0.03
  36   61 0.61
  14   37 0.55
  19   33 0.06
  13   35 0.91
  37   54 0.02
  33   42 0.25
  29   54 0.54
  37   61 0.62
   2    3 0.02
  40   52 0.94
  22   50 0.40
  27   34 0.58
  18   35 0.74
   5   22 0.05
  19   44 0.23
   6   16 0.71
  32   55 0.60
  24   27 0.90
  31   57 0.28
   2   21 0.45
  33   41 0.71
  34   50 0.64
   0   28 0.08
  26   50 0.96
  13   42 0.54
  23   23 0.77
  30   33 0.58
  19   43 0.54
  41   44 0.87
  17   38 0.35
  22   30 0.57
  26   39 0.13
  41   52 0.22
   3   13 0.06
  22   33 0.65
  28   31 0.02
   5    5 0.72
   9   20 0.69
   7   17 0.12
  33   34 0.73
   1    5 0.62
   2   21 0.61
  38   48 0.20
  15   16 0.65
   4   16 0.40
  22   40 0.34
  18   33 0.38
   3   14 0.90

