4 50 8
6    2  20   2   4  10  16

  14   37 0.52
  12   74 0.75
   2   33 0.39
   7   59 0.61
  25   50 0.69
   7   53 0.82
   4   49 0.68
  10   14 0.96
  39   83 0.45
   1   60 0.20
  27   68 0.72
  40   61 0.06
  21   33 0.64
   1   27 0.00
  27   55 0.23
  35   62 0.22
  27   40 0.54
  10   13 0.91
  23   28 0.08
  34   80 0.15
  29   89 0.54
  28   35 0.60
  20   57 0.84
   6   36 0.90
  39   60 0.18
  37   43 0.99
  37   60 0.33
  34   88 0.72
  18   37 0.20
  35   37 0.36
  37   56 0.05
   3   55 0.70
  17   23 0.03
  41   44 0.53
  16   38 0.02
  24   74 0.93
  34   39 0.27
  41   85 0.40
  40   60 0.07
  27   65 0.10
   7    7 0.01
  19   30 0.38
  28   73 0.03
  23   47 0.45
  22   27 0.84
  23   83 0.59
  35   84 0.21
   3   63 0.57
  32   82 0.91
  18   51 0.61

   7   60 0.72
   1   16 0.04
  24   39 0.95
   2   17 0.35
  13   31 0.16
   1   45 0.59
  28   84 0.84
  22   76 0.63
  27   36 0.77
  23   69 0.00
  15   38 0.85
  13   38 0.47
  30   90 0.02
  27   66 0.46
   4   57 0.17
  12   12 0.26
  41   65 0.97
   8   69 0.01
  21   61 0.43
   6   31 0.89
  34   75 0.54
  36   71 0.92
  34   90 0.59
   1   43 0.95
   8   70 0.97
  37   50 0.16
  36   80 0.71
  34   41 0.80
  36   84 0.28
  13   49 0.81
  38   58 0.24
  38   56 0.93
   7   47 0.93
  13   51 0.06
  18   58 0.49
  11   49 0.94
   8   33 0.59
   7   56 0.04
   5   44 0.35
  32   56 0.95
  13   48 0.23
  16   51 0.71
  25   84 0.46
  15   41 0.33
  32   50 0.97
  14   16 0.41
   1   60 0.66
  15   48 0.63
  40   84 0.09
  16   65 0.95

  21   40 0.10
  30   73 0.43
   7   29 0.84
   3    8 0.18
  34   52 0.34
   6   65 0.91
  35   64 0.74
  33   58 0.57
  33   36 0.35
   9   64 0.56
   3   15 0.97
  16   56 0.56
   7   10 0.19
   6   59 0.50
  18   71 0.38
  14   49 0.24
  10   55 0.81
  10   66 0.21
  33   93 0.14
  11   50 0.40
  26   73 0.31
  36   89 0.66
  12   64 0.92
  23   60 0.36
  12   73 0.62
  35   79 0.37
  34   42 0.78
  29   39 0.01
  40  101 0.46
  26   79 0.26
  38   51 0.17
  29   77 0.13
  19   64 0.22
   3    4 0.53
  35   61 0.22
  20   68 0.43
  14   41 0.61
   8   24 0.75
  39   57 0.21
  38   82 0.65
   1   30 0.87
  38   58 0.82
   3    6 0.91
   1   59 0.16
   2   59 0.02
  30   41 0.85
  40   70 0.71
  33   65 0.32
   4   20 0.60
  19   27 0.32

  19   74 0.29
   0   15 0.60
  26   50 0.88
  24   81 0.05
  31   47 0.36
   3   15 0.09
   2   60 0.35
  28   86 0.75
  39   78 0.88
  10   43 0.87
  16   61 0.42
  41   73 0.58
   5   46 0.06
  14   64 0.56
  31   88 0.25
   1   57 0.36
  32   42 0.43
  26   41 0.68
  38   73 0.74
  40   78 0.87
  23   37 0.55
   5   37 0.36
  23   37 0.14
  37   38 0.26
   9   65 0.27
   5   43 0.09
  17   71 0.52
  20   28 0.37
  11   28 0.57
  16   61 0.88
   2   25 0.60
  34   63 0.16
  20   56 0.35
  39   44 0.41
   1   19 0.82
  32   60 0.91
   2   39 0.06
   3   12 0.64
  23   51 0.40
  35   54 0.63
  29   35 0.48
  18   57 0.03
   0   29 0.28
  18   25 0.24
  36   70 0.88
  38   84 0.15
   3    8 0.61
   6   20 0.83
  25   83 0.36
  22   48 0.37

  16   54 0.56
  38   78 0.81
   8   60 0.95
  32   32 0.57
  27   34 0.46
   3   28 0.21
  30   36 0.69
  11   67 0.97
   2   14 0.41
  40   49 0.94
  35   43 0.92
  10   19 0.21
   4   21 0.03
  40   64 0.96
   2   51 0.13
  33   76 0.60
  14   24 0.78
   6   48 0.60
   2   34 0.50
  28   68 0.38
  28   40 0.57
  18   80 0.90
   0   22 0.65
  27   52 0.96
  36   63 0.41
  19   61 0.74
   0    1 0.74
   4   15 0.48
  30   54 0.20
  24   30 0.50
   3   37 0.05
  26   72 0.74
   7   32 0.19
  18   20 0.35
  23   30 0.22
  22   84 0.14
   7   16 0.18
  15   46 0.42
  22   50 0.64
  34   56 0.19
  30   47 0.64
  32   75 0.36
  20   80 0.71
  40   70 0.15
  25   52 0.76
  38   72 0.32
  12   36 0.26
  17   67 0.52
  16   21 0.98
  22   70 0.97

  38   55 0.21
   9   54 0.95
  26   58 0.42
  16   49 0.79
  37   57 0.92
  40   50 0.96
   6   28 0.38
   9   24 0.46
  18   79 0.76
   0   27 0.05
  24   67 0.97
  27   78 0.01
  26   80 0.05
  23   54 0.10
  36   38 0.62
  32   83 0.12
  22   45 0.88
  26   42 0.17
  13   39 0.38
  21   43 0.61
  37   97 0.73
  18   64 0.22
  41  101 0.43
   1   44 0.60
  14   22 0.23
  13   73 0.54
  28   76 0.46
  14   15 0.20
  40   53 0.87
  16   56 0.52
  36   56 0.87
  34   68 0.08
  10   22 0.31
  29   35 0.27
  27   58 0.91
  33   68 0.55
  25   28 0.33
  18   26 0.41
   7    8 0.65
  38   57 0.00
  34   45 0.71
  21   55 0.99
  41   92 0.60
   4    5 0.69
   0   22 0.72
  33   68 0.27
  17   20 0.79
   2   12 0.96
  35   52 0.04
   1   52 0.39

