3 15 8
12   10  16   2  10  10  10  20  10  10  10  16   4

  47   62 0.40
  55   66 0.10
  33   39 0.38
  37   38 0.51
  54   61 0.09
  55   70 0.01
   4   23 0.62
  42   55 0.28
   8   26 0.67
  17   27 0.72
  21   22 0.68
   6   25 0.74
  43   47 0.50
  40   53 0.40
  35   44 0.92

   8   14 0.53
   8   11 0.87
  22   26 0.25
  23   37 0.59
  25   36 0.93
  54   59 0.62
   2    4 0.13
  14   29 0.11
   7   17 0.06
  31   40 0.69
  25   26 0.21
  52   56 0.00
  23   35 0.66
  19   19 0.46
  47   65 0.75

  34   34 0.09
  17   20 0.59
  20   32 0.81
   5   16 0.96
  51   56 0.17
  15   30 0.77
  37   42 0.66
  57   70 0.79
  54   58 0.31
  26   40 0.65
   2   13 0.55
  41   58 0.49
   1    5 0.35
  49   52 0.15
  39   39 0.69

  15   33 0.83
  21   26 0.34
  22   37 0.38
  58   72 0.64
   8   21 0.13
   1   15 0.04
  34   47 0.26
  59   78 0.17
  59   67 0.61
  57   68 0.32
  43   45 0.93
   2    5 0.77
  49   60 0.28
  48   51 0.84
  32   43 0.09

  52   58 0.34
  40   41 0.99
   0   18 0.07
  26   35 0.17
  27   46 0.48
  23   33 0.36
  20   29 0.63
  45   55 0.98
  21   38 0.89
  55   68 0.94
  38   48 0.42
  41   44 0.73
  56   56 0.84
  22   23 0.47
   7   13 0.63

  38   52 0.15
  50   64 0.41
  52   54 0.13
  12   24 0.05
  24   37 0.92
  51   62 0.20
   4    5 0.28
  39   51 0.96
   7   18 0.66
  28   38 0.47
   0    0 0.86
  14   18 0.27
  30   39 0.28
  45   50 0.29
  39   46 0.55

  30   48 0.81
  47   47 0.71
  15   18 0.31
  10   14 0.46
   6   13 0.80
  39   53 0.89
  15   19 0.07
  37   42 0.31
  17   23 0.99
  31   32 0.76
  42   59 0.78
   8   24 0.55
  30   46 0.47
  55   71 0.12
   2   15 0.71

  55   72 0.30
  10   21 0.31
   4   19 0.36
  52   63 0.04
  21   28 0.07
   4    9 0.63
  47   60 0.83
  14   16 0.60
  43   47 0.01
  16   31 0.38
  12   29 0.27
  23   33 0.70
   0    2 0.36
  29   30 0.08
  32   37 0.66

   1   16 0.04
  32   39 0.15
   1    9 0.35
   4   23 0.18
  58   73 0.44
  33   37 0.12
  13   19 0.96
   2    5 0.21
  10   17 0.41
  32   42 0.49
   9   10 0.46
  25   30 0.06
  57   67 0.38
  49   65 0.49
  27   46 0.13

  47   66 0.67
  24   42 0.47
  49   52 0.93
  47   54 0.77
  17   20 0.16
  49   60 0.01
  32   39 0.17
  32   48 0.16
  51   54 0.38
  27   29 0.78
  27   29 0.01
  22   29 0.00
  33   37 0.60
  15   21 0.76
  47   58 0.41

  47   58 0.26
  41   48 0.51
   0   13 0.27
  26   31 0.19
  45   62 0.14
  42   55 0.24
  16   17 0.17
  26   34 0.47
  20   23 0.37
  25   36 0.86
  43   58 0.87
  51   70 0.53
  17   21 0.52
  19   33 0.96
  16   32 0.44

  56   62 0.81
  47   60 0.18
  22   29 0.08
  23   26 0.68
  18   28 0.96
  26   33 0.35
  15   24 0.34
  33   51 0.77
  57   69 0.46
   9   27 0.14
  44   54 0.43
   6   23 0.89
  23   30 0.60
  50   50 0.76
   2   10 0.57

