3 50 8
6   10  10  20   4   4  10

  13   35 0.44
  22   38 0.90
  26   73 0.91
   9   41 0.32
  10   22 0.00
  22   24 0.43
  15   44 0.91
  28   42 0.99
  12   46 0.46
   7   20 0.34
   2   47 0.82
  12   22 0.17
  11   44 0.87
   8   63 0.33
  15   65 0.61
   7   20 0.52
  12   48 0.00
  29   48 0.36
  23   45 0.76
   9   60 0.46
   1   16 0.56
   5   42 0.20
  26   72 0.77
  22   41 0.13
  20   50 0.45
  23   30 0.59
  18   27 0.95
  11   61 0.00
   1   28 0.07
  28   39 0.17
   9   65 0.25
   3   42 0.13
  16   61 0.06
   5   40 0.63
  11   34 0.39
  25   51 0.08
   6   23 0.32
   9   29 0.02
   7   65 0.36
  26   68 0.06
  25   75 0.35
   5   57 0.43
   6   32 0.93
  26   34 0.06
  11   22 0.99
  22   48 0.76
  13   46 0.25
  11   45 0.94
  11   51 0.07
   8   65 0.25

  21   52 0.69
   5   43 0.78
  15   29 0.28
   0   55 0.93
   3   10 0.27
  15   29 0.17
  10   29 0.49
  17   48 0.39
  27   73 0.30
  21   61 0.13
  14   48 0.41
   6   33 0.97
   4   47 0.24
  11   21 0.96
  10   12 0.67
  29   69 0.95
  10   13 0.87
  14   35 0.62
  13   42 0.98
  14   48 0.87
   1   35 0.00
  29   31 0.57
  26   64 0.28
  17   30 0.16
   7   56 0.22
  27   32 0.91
  24   70 0.58
  19   19 0.11
   9   19 0.06
   9   37 0.68
  13   49 0.80
  19   61 0.46
  21   30 0.39
   9   15 0.32
   7   27 0.57
  27   45 0.19
  29   73 0.59
  11   24 0.74
   0   22 0.26
  23   71 0.04
  29   43 0.15
  28   33 0.21
  17   31 0.52
  14   15 0.89
  25   36 0.44
  29   68 0.70
  11   29 0.03
  13   23 0.45
  23   39 0.07
   2    2 0.83

  26   60 0.21
  18   42 0.25
  13   70 0.35
   7   21 0.62
   9   25 0.14
  19   73 0.82
   0    3 0.61
  17   29 0.49
  24   33 0.41
   6   58 0.22
  28   80 0.11
   7   12 0.57
  18   73 0.64
  10   17 0.69
  23   82 0.44
  29   60 0.81
  29   68 0.40
  13   54 0.20
   7   23 0.19
  27   35 0.57
   1   26 0.84
  18   25 0.41
  12   48 0.82
  11   48 0.38
   0   18 0.02
  22   79 0.17
  11   68 0.42
  24   41 0.00
  12   53 0.93
   9   22 0.31
  12   22 0.12
  21   42 0.26
  18   28 0.73
  26   36 0.26
   5   45 0.78
   2    4 0.85
   0   39 0.17
   6   32 0.29
  26   66 0.46
  26   64 0.59
  13   17 0.68
   0   26 0.08
  15   26 0.74
   6   13 0.70
   0   13 0.34
   8   54 0.26
   2   44 0.17
  29   78 0.32
  15   28 0.92
  28   53 0.90

  24   68 0.42
  18   61 0.21
   7   64 0.26
   9   39 0.39
  10   55 0.35
  27   86 0.44
   0   46 0.39
  11   18 0.52
  13   34 0.60
   4    5 0.33
   1   17 0.78
   6   15 0.99
   4   28 0.20
  15   65 0.19
  23   35 0.47
   9   38 0.72
   3   38 0.91
  15   16 0.40
  26   29 0.56
   3   53 0.04
   6   41 0.53
   5   40 0.70
  14   61 0.14
  10   57 0.43
  25   26 0.54
   4   47 0.97
  22   40 0.68
  26   72 0.15
  18   23 0.67
   3   10 0.65
   7   40 0.78
  23   36 0.02
  28   28 0.84
   4   29 0.74
   3   42 0.24
  15   63 0.78
  16   20 0.22
   9   38 0.21
   2   48 0.28
  23   47 0.07
  29   47 0.67
  13   37 0.37
  12   29 0.34
   0   39 0.26
   6   32 0.60
   9   53 0.94
   4    4 0.79
  29   33 0.28
  25   34 0.63
  25   50 0.97

   2   42 0.20
  17   33 0.57
  10   42 0.30
  12   51 0.33
   8   10 0.64
  21   71 0.49
  18   29 0.95
  17   30 0.16
  29   75 0.03
  13   48 0.54
  29   74 0.04
  28   35 0.97
  18   65 0.41
  21   26 0.44
  21   44 0.97
   2   37 0.81
  21   43 0.47
   3   52 0.34
  28   58 0.95
   9   34 0.23
   6    8 0.49
   3   14 0.43
   3    8 0.92
  15   18 0.69
  14   72 0.00
   2   60 0.47
  22   76 0.33
  15   38 0.84
  26   80 0.56
  29   84 0.02
  21   56 0.07
   0   40 0.47
   3   49 0.60
  25   59 0.90
   2   58 0.69
  14   52 0.04
  20   25 0.57
  24   27 0.55
  23   79 0.05
  21   26 0.26
  25   50 0.82
  24   70 0.64
  18   68 0.86
  21   44 0.43
   7   34 0.46
  23   41 0.44
  17   58 0.85
   0    9 0.57
   6   59 0.31
  27   85 0.11

  14   44 0.15
  28   76 0.41
  23   30 0.93
  14   14 0.29
   6   63 0.81
   8   17 0.36
  19   69 0.48
  26   36 0.96
   4   21 0.45
  12   42 0.24
   1   23 0.47
  23   58 0.45
  23   55 0.21
   9   43 0.31
  20   61 0.61
   8   44 0.40
  28   47 0.35
  19   63 0.07
  11   24 0.78
  22   32 0.73
  24   78 0.76
  26   65 0.12
  13   28 0.74
  13   31 0.89
   3   54 0.39
   2   14 0.59
   5   54 0.69
  26   49 0.45
   1   20 0.80
   8   19 0.70
  12   70 0.11
  18   60 0.72
  29   42 0.16
   4   22 0.68
   3   54 0.04
   5   45 0.48
  28   50 0.12
   3   52 0.98
  22   78 0.51
   3   15 0.31
  22   48 0.46
  23   26 0.54
  19   71 0.71
  28   87 0.91
  16   17 0.67
  18   75 0.76
  25   83 0.75
   7   32 0.35
  27   35 0.98
  24   36 0.71

