5 15 4
12   16   4  16  10   4  16  10  16  16   4   2  16

  19   41 0.35
  17   32 0.71
  45   56 0.56
  29   39 0.51
  26   29 0.15
  39   41 0.38
  16   39 0.61
  22   30 0.58
  29   42 0.88
  24   39 0.59
  16   35 0.68
  39   39 0.09
  34   54 0.14
  26   48 0.83
  18   29 0.69

  44   49 0.53
  34   51 0.02
  31   40 0.66
  21   40 0.40
   9   30 0.23
   7   12 0.37
   3   23 0.58
  12   32 0.23
  11   12 0.86
  25   47 0.28
  23   28 0.47
  33   34 0.39
  19   37 0.07
  22   29 0.62
  29   50 0.25

  22   40 0.42
  16   17 0.40
  33   56 0.16
   4   26 0.91
  13   21 0.47
  45   61 0.32
  46   50 0.91
  22   44 0.29
  28   38 0.26
  42   50 0.30
  27   27 0.78
  15   25 0.48
   9   31 0.62
  13   24 0.24
   0    4 0.31

  32   38 0.41
  45   64 0.68
  43   62 0.39
  10   21 0.31
  36   57 0.92
  22   44 0.73
   3   13 0.92
  20   22 0.60
   1   13 0.95
  13   24 0.44
  12   32 0.69
  40   62 0.18
  35   55 0.98
  10   23 0.69
  16   34 0.12

  37   58 0.40
  21   21 0.51
  20   29 0.04
  24   25 0.71
  18   19 0.73
   0   20 0.97
  14   37 0.01
  24   27 0.89
   2   12 0.06
   8   15 0.05
  14   31 0.72
  29   33 0.21
  40   42 0.70
   5   16 0.22
  16   17 0.76

  22   37 0.01
  46   68 0.72
  31   41 0.03
  12   26 0.20
   0   10 0.69
   0   11 0.52
  45   48 0.13
  35   57 0.54
  38   54 0.04
  14   21 0.69
  46   68 0.33
   0   17 0.22
  24   47 0.14
   3    4 0.62
  41   61 0.85

  28   41 0.93
  26   43 0.79
  32   42 0.54
   1   12 0.46
   2   23 0.63
   0    6 0.75
  44   57 0.96
  44   45 0.98
  22   45 0.14
  24   34 0.63
   0    4 0.08
   6   13 0.31
   0    5 0.72
  39   50 0.23
  14   27 0.39

   1    1 0.17
  45   64 0.59
  40   55 0.52
  18   22 0.54
  15   25 0.32
  39   49 0.71
  18   21 0.80
  29   30 0.97
  34   39 0.68
  36   40 0.52
  24   31 0.88
  14   35 0.97
  35   45 0.12
  45   61 0.22
  38   55 0.42

   1    9 0.26
  17   30 0.61
  33   33 0.53
  42   65 0.24
  29   35 0.25
  44   66 0.59
   9    9 0.01
   1    2 0.32
   9   20 0.99
  17   22 0.34
  45   53 0.73
  35   41 0.32
  31   42 0.75
  24   45 0.51
   7   12 0.46

  16   30 0.52
  36   51 0.14
  43   62 0.36
   7   20 0.55
  44   45 0.29
  38   58 0.31
  41   63 0.72
  39   48 0.78
   8   14 0.65
  39   60 0.56
  12   21 0.34
  16   31 0.74
   2    8 0.13
  26   37 0.74
  23   31 0.86

  13   21 0.84
  31   50 0.30
  12   31 0.05
   3   18 0.13
  14   28 0.91
  40   59 0.71
  37   46 0.72
  43   52 0.33
  17   26 0.87
  34   51 0.46
  15   26 0.14
   6    6 0.44
  44   55 0.31
  34   57 0.86
  38   54 0.29

   4   21 0.92
  14   32 0.90
   0   13 0.48
   2   19 0.10
  44   62 0.15
  38   44 0.31
   9   14 0.61
   1    8 0.62
   4   27 0.88
  36   47 0.49
  43   61 0.06
   8   31 0.35
  34   43 0.15
  32   39 0.51
  28   50 0.17

