4 80 4
3   10   4  10

   1   23 0.15
  24   26 0.91
  15   19 0.89
  25   51 0.38
  20   33 0.98
  15   32 0.52
   0   22 0.17
  16   19 0.99
  10   18 0.78
  19   24 0.12
   5   28 0.12
  27   48 0.97
  28   33 0.55
   0    4 0.97
  15   29 0.52
  29   51 0.11
   6    7 0.98
  10   20 0.82
  15   25 0.71
  24   52 0.04
  17   20 0.33
  29   29 0.04
  21   23 0.50
   6   21 0.34
  19   23 0.46
  23   23 0.32
  26   29 0.17
  15   22 0.57
  10   38 0.47
  15   22 0.58
  10   36 0.38
  24   33 0.57
  16   34 0.79
  16   34 0.58
   1   30 0.65
  22   22 0.59
  25   27 0.91
  10   10 0.81
  21   42 0.11
   7   10 0.29
  20   29 0.59
  17   21 0.63
  20   21 0.81
  20   39 0.80
   6   23 0.46
  11   25 0.91
  10   12 0.31
  10   20 0.29
   9   27 0.51
  10   12 0.27
   7    9 0.49
   8   36 0.10
   0   12 0.46
   5   19 0.36
   8   34 0.42
  25   26 0.22
   9   25 0.60
  28   47 0.44
   5   12 0.08
   1   15 0.36
   1   20 0.10
  18   25 0.10
   7   16 0.86
  11   20 0.81
   5   26 0.79
  24   32 0.42
  23   49 0.83
  22   36 0.60
   4   19 0.03
   0    9 0.43
  12   33 0.90
  18   45 0.06
  11   33 0.71
  21   29 0.89
  22   48 0.83
  21   35 0.33
  17   25 0.51
  21   49 0.11
  11   12 0.33
   3   24 0.00

  17   18 0.89
  29   53 0.28
  29   46 0.81
   1   30 0.60
  19   37 0.67
  18   26 0.48
  18   22 0.86
   4   23 0.86
  23   41 0.63
  16   19 0.10
  23   30 0.46
   7   13 0.01
  16   39 0.63
   2    6 0.20
  19   26 0.16
  23   26 0.66
  29   58 0.45
  17   41 0.95
  19   19 0.10
  16   33 0.29
   2   12 0.19
  14   23 0.92
  19   48 0.42
  11   19 0.34
   0    6 0.05
  20   26 0.34
  24   39 0.64
  11   25 0.88
   9   23 0.97
  19   26 0.88
   9   37 0.98
  13   21 0.65
   3   28 0.20
  26   52 0.66
   6   14 0.71
   5   28 0.78
  16   32 0.08
  16   17 0.96
  11   17 0.88
  13   20 0.09
  27   38 0.18
   8   10 0.91
   0   28 0.32
  11   18 0.72
   3   11 0.69
  29   35 0.76
  10   23 0.98
  16   25 0.80
  13   36 0.30
  24   47 0.60
   9   34 0.56
  18   24 0.59
  18   44 0.70
  17   27 0.88
  25   51 0.15
  22   46 0.41
   8   21 0.26
  21   45 0.05
  22   45 0.45
  12   26 0.53
   8   15 0.25
   6   16 0.04
  26   49 0.94
   8   13 0.15
   3   13 0.15
  17   43 0.85
   8   37 0.31
  12   29 0.57
  10   26 0.56
  24   50 0.84
  22   37 0.38
  11   40 0.27
   4    5 0.51
   8   18 0.11
  14   41 0.06
  21   28 0.38
   2   24 0.13
  20   40 0.13
  29   47 0.26
   0    1 0.76

  28   41 0.93
  12   18 0.83
   4   30 0.32
  26   26 0.77
  17   26 0.73
  21   34 0.09
   2   25 0.77
  22   43 0.72
  23   27 0.93
   3   19 0.08
   4   14 0.58
   0   22 0.33
  17   41 0.91
  27   51 0.13
   4   31 0.41
   2   15 0.30
  24   26 0.15
   9   16 0.25
   3    5 0.45
  10   12 0.60
  26   48 0.88
  25   32 0.23
  11   27 0.86
  14   20 0.60
   4   32 0.22
   9   13 0.50
  17   20 0.88
   1   15 0.58
  19   22 0.58
  11   22 0.76
  25   44 0.86
   7   26 0.25
   8   13 0.88
  14   19 0.62
  16   38 0.30
  10   14 0.79
   7   13 0.59
  23   35 0.74
  28   42 0.60
  23   38 0.26
   9   16 0.31
  13   19 0.69
  17   36 0.04
  21   37 0.39
  12   40 0.34
   5   16 0.53
   9   23 0.88
   8   22 0.11
  28   41 0.23
   1   27 0.49
  14   34 0.73
  13   35 0.52
  24   32 0.55
  10   28 0.43
  26   30 0.07
  20   43 0.53
  14   22 0.56
   6   31 0.87
  17   32 0.99
  27   51 0.60
  24   32 0.53
  19   29 0.25
  24   35 0.85
  26   44 0.23
  13   38 0.35
  16   35 0.30
  23   33 0.11
  22   29 0.66
  24   53 0.09
   9   21 0.46
  20   40 0.81
  27   45 0.87
  26   40 0.31
  21   28 0.49
  10   30 0.93
   6   23 0.52
  11   40 0.42
  20   41 0.34
   4   21 0.69
  18   18 0.08

