3 30 8
6    2  10  10  20  10  16

  13   30 0.97
   4   15 0.66
  55  100 0.79
   7   38 0.25
  44   48 0.01
  13   16 0.40
  52   97 0.36
  53   89 0.15
  52  102 0.07
  45   98 0.42
  35   39 0.38
  34   71 0.69
   1   31 0.36
  28   42 0.88
  49   81 0.42
  26   76 0.73
   0   31 0.41
  61   86 0.35
  38   83 0.82
  30   84 0.35
  21   41 0.90
  22   76 0.54
  17   75 0.75
  10   34 0.41
  59   69 0.00
  34   59 0.12
  30   86 0.75
   8   28 0.85
  27   48 0.77
  34   51 0.37

   3   19 0.44
  12   51 0.58
  14   61 0.48
  17   32 0.05
  51  100 0.80
  11   45 0.21
   3   55 0.33
  11   39 0.59
  43   54 0.63
  45   75 0.26
  33   52 0.98
  59   60 0.11
  46   81 0.98
   7   21 0.47
  15   67 0.67
  57  100 0.07
  25   64 0.70
  32   78 0.76
  31   40 0.47
   7   39 0.14
  24   84 0.05
   6   68 0.85
  44  103 0.68
   8   32 0.66
  34   79 0.07
  37   37 0.15
   6   68 0.52
  12   49 0.86
  46   88 0.47
  31   56 0.68

  56  108 0.33
  47   92 0.52
  50  101 0.07
  12   37 0.70
  23   58 0.62
  26   28 0.38
  17   28 0.42
  33   50 0.70
  44   61 0.42
  38   96 0.73
  43   57 0.34
  20   79 0.22
  49   91 0.82
  17   76 0.34
  29   72 0.97
  41  100 0.32
  46  101 0.10
  15   70 0.87
   0   59 0.19
  27   85 0.96
  19   53 0.56
   3   62 0.46
   1   23 0.68
  35   76 0.80
  19   64 0.48
  60  108 0.85
  51  100 0.98
  57  118 0.29
  11   28 0.05
  58   78 0.21

   2   38 0.03
  58   69 0.41
  24   65 0.45
  57   70 0.12
  16   41 0.76
  51   77 0.60
  50   94 0.96
  37   93 0.55
  25   56 0.89
  33   66 0.64
  22   55 0.22
  45   59 0.69
   4   38 0.84
  46   99 0.41
  17   44 0.23
  47  104 0.01
  11   30 0.31
   0   18 0.76
  51   74 0.05
  62   85 0.30
  26   81 0.34
   9   47 0.22
  11   28 0.88
  15   24 0.52
  25   66 0.12
   7   26 0.07
  32   81 0.93
  13   54 0.02
  12   63 0.09
  41   94 0.64

  47   79 0.72
   3   36 0.10
  32   48 0.68
  32   75 0.74
  58   92 0.41
  55   69 0.67
  51   84 0.67
  59   92 0.04
  41   69 0.61
  10   64 0.06
  31   75 0.80
  46   84 0.19
  55   68 0.08
  12   37 0.00
  38   78 0.29
  54   80 0.68
  13   49 0.45
  58  105 0.15
  30   56 0.27
  24   69 0.26
   2   10 0.32
  48   62 0.67
  47   69 0.74
  51   74 0.21
  41   86 0.83
   1   48 0.70
  19   78 0.12
  34   36 0.83
  28   72 0.77
  58  100 0.70

   8   65 0.80
  46   79 0.74
  22   22 0.52
  12   64 0.71
  32   35 0.09
  33   43 0.25
  43   78 0.21
  20   38 0.37
  19   24 0.15
   3    4 0.94
  28   60 0.92
  39   48 0.91
   9   11 0.72
  10   28 0.83
  12   68 0.40
  57  106 0.60
  22   67 0.71
  22   36 0.67
  48   69 0.28
  29   61 0.04
  21   35 0.82
   6   27 0.88
  34   70 0.15
  37   68 0.39
   9   27 0.80
  53   59 0.39
   4   44 0.42
  14   40 0.30
   3   30 0.42
  50   56 0.84

