5 25 8
12    4   4   2   2  16  16   2  16  16   2  16   2

  23   23 0.44
  28   29 0.29
  22   44 0.11
  21   29 0.66
  26   37 0.09
   1   14 0.94
  25   52 0.73
  27   46 0.20
  24   40 0.11
   5   15 0.41
   3   19 0.93
  26   29 0.89
   3   14 0.68
  21   26 0.88
  20   42 0.84
  23   36 0.52
  16   17 0.28
   8   16 0.53
  27   56 0.83
   8   37 0.31
  11   35 0.38
   3   32 0.61
   1    7 0.06
  28   47 0.44
  12   14 0.73

   7   33 0.58
  29   56 0.62
  12   24 0.28
  16   17 0.47
  19   26 0.29
  29   34 0.95
  26   38 0.41
  22   51 0.69
   6   15 0.38
   7   15 0.57
  18   37 0.19
  26   43 0.84
  17   29 0.67
  22   32 0.37
  28   44 0.99
   9   12 0.67
  16   19 0.23
   0    8 0.26
  23   49 0.30
   3   14 0.93
   1   17 0.36
  19   28 0.29
   8   27 0.08
   0    0 0.56
  22   44 0.07

  13   31 0.58
   8    9 0.41
  12   19 0.18
  19   38 0.27
   6   12 0.88
   2   28 0.44
  24   51 0.75
  15   38 0.03
   1    1 0.44
   6    8 0.63
   2   17 0.00
  29   31 0.12
   3   16 0.33
  16   17 0.57
  29   30 0.87
  29   48 0.79
  17   22 0.63
  24   53 0.25
  16   20 0.72
   4   21 0.19
   1   21 0.72
  22   43 0.78
   7   30 0.70
   3   24 0.11
  20   22 0.19

  22   31 0.12
  25   44 0.40
   5   12 0.41
  20   22 0.43
   6   27 0.34
  14   28 0.62
  12   15 0.06
  15   16 0.46
   9   26 0.45
  25   35 0.55
   6   17 0.60
   5   30 0.35
  14   23 0.13
  18   27 0.01
  10   33 0.44
  20   28 0.45
  11   12 0.81
   9   15 0.40
   8   15 0.58
  27   30 0.54
   0   27 0.00
  14   14 0.03
  12   34 0.73
  11   16 0.06
  19   33 0.41

   4    8 0.84
  19   24 0.64
  22   43 0.24
  24   27 0.75
   3   25 0.53
  17   18 0.25
  20   46 0.38
  28   51 0.38
  13   26 0.38
  17   36 0.88
   4   13 0.19
  23   52 0.32
  12   16 0.41
   7   28 0.13
  22   38 0.87
  13   27 0.40
   9   21 0.28
  15   18 0.93
  23   45 0.62
  25   48 0.43
  21   36 0.59
   4   12 0.35
  27   55 0.48
  19   39 0.76
   7   29 0.10

   5    9 0.20
  16   45 0.36
   5    9 0.98
  15   15 0.08
   0   21 0.99
   2   31 0.58
  29   56 0.68
   7    7 0.04
  15   15 0.56
  29   52 0.79
   9   38 0.24
   5   13 0.31
   2   17 0.87
  27   33 0.52
  10   14 0.91
  24   52 0.14
   2    8 0.09
  28   37 0.61
  22   36 0.25
  10   29 0.82
  13   28 0.92
   9   38 0.80
   1   28 0.24
  27   28 0.89
   2   18 0.42

  20   40 0.96
  15   17 0.18
   1   30 0.07
  22   45 0.60
  11   14 0.35
   4    8 0.15
  24   48 0.90
  12   20 0.77
  14   40 0.40
  23   50 0.03
  24   47 0.14
  29   47 0.06
  21   31 0.51
   9   12 0.12
   9   25 0.16
  29   47 0.35
  29   41 0.06
  18   25 0.23
  28   50 0.76
  21   21 0.78
  18   32 0.21
  19   22 0.57
  27   33 0.68
  27   52 0.19
   3   30 0.85

  17   29 0.92
   8   20 0.51
  10   25 0.44
  22   38 0.27
  27   38 0.79
   0   13 0.91
  29   29 0.06
  17   26 0.42
   2   26 0.78
  23   42 0.27
  23   41 0.04
  22   45 0.80
   1   21 0.06
   8   31 0.32
   8    9 0.46
  20   39 0.37
  25   40 0.92
  19   30 0.53
  22   46 0.74
   3    3 0.45
   8   23 0.87
  20   30 0.45
   9   18 0.26
  13   23 0.49
   4   10 0.27

  16   35 0.76
  27   53 0.53
   3   27 0.32
  27   39 0.31
  25   49 0.69
  20   46 0.82
  12   33 0.83
   6   14 0.07
  14   31 0.10
  16   23 0.29
   0    7 0.82
  25   39 0.51
   3   31 0.93
  26   27 0.98
   9   17 0.52
   2   18 0.24
  25   30 0.18
  19   38 0.19
  26   38 0.20
   6   31 0.29
  17   34 0.57
   7   35 0.38
   9   30 0.77
  11   19 0.31
   8   36 0.42

   8   33 0.82
   5   17 0.32
  10   12 0.79
  11   16 0.82
  17   36 0.32
   1    7 0.64
  29   57 0.44
  22   31 0.12
  24   41 0.58
   5   20 0.39
   0    6 0.49
  23   25 0.56
  24   51 0.79
   1   20 0.27
   8   36 0.33
   6   14 0.03
  25   54 0.78
  10   30 0.34
   2   11 0.02
  28   47 0.19
   9   24 0.81
  21   31 0.85
  24   25 0.10
  19   31 0.69
  11   39 0.52

   7   26 0.51
  23   23 0.39
  15   29 0.88
   8   21 0.71
  22   42 0.18
  25   27 0.77
  15   19 0.52
  24   49 0.42
  21   22 0.59
  25   28 0.18
   6    9 0.55
   5   19 0.42
   2   25 0.51
  15   43 0.42
  10   38 0.11
  15   36 0.77
   2   24 0.16
  10   37 0.19
  13   27 0.69
   5   22 0.06
  10   38 0.00
  29   42 0.86
   9   17 0.93
  13   36 0.16
   3   26 0.62

  11   21 0.95
  24   27 0.70
  24   52 0.68
  22   49 0.19
  15   40 0.49
  19   27 0.19
  19   22 0.84
  25   54 0.01
  15   27 0.70
  22   48 0.86
   4   29 0.81
  22   32 0.02
  13   35 0.47
  19   48 0.39
  12   30 0.31
  12   39 0.39
  27   50 0.39
  28   45 0.29
  19   21 0.92
  18   26 0.57
  22   42 0.45
  28   51 0.90
   5   27 0.59
   2   28 0.40
  27   34 0.57

