4 80 4
3   20   4  16

  76  105 0.99
  97  146 0.35
  40   82 0.59
  41   82 0.79
  82  109 0.27
  28   57 0.80
  77  101 0.75
  76  105 0.60
  53   60 0.03
   3   15 0.78
   5   18 0.43
  10   47 0.52
  54  103 0.99
  23   49 0.24
  57   85 0.71
  58   93 0.82
  50   64 0.03
  69  114 0.83
  54   68 0.55
  61  101 0.57
  75   89 0.30
  51   82 0.35
  73  106 0.11
  18   67 0.08
  54   97 0.19
  31   35 0.56
  31   75 0.17
  39   81 0.94
  95  118 0.62
  67  101 0.16
  50   75 0.46
  46   53 0.54
  90  112 0.51
  31   57 0.99
  75   91 0.77
  19   45 0.72
  10   44 0.80
  80  110 0.88
  14   17 0.77
  22   45 0.04
  30   78 0.12
   4   24 0.94
  32   35 0.65
  28   35 0.83
  81  112 0.95
  22   54 0.14
  87   92 0.41
  49   58 0.81
  11   11 0.63
  92  120 0.55
  23   56 0.19
   9   39 0.66
  70   96 0.12
  66  103 0.02
  72   82 0.20
  60   68 0.04
  75   85 0.67
  57   67 0.60
  95  142 0.00
  43   64 0.36
  89  100 0.68
  84  103 0.88
   5    7 0.91
  28   38 0.23
   4   46 0.89
  65  100 0.65
  69   85 0.45
  55  100 0.80
  26   73 0.89
  87  129 0.64
   5   45 0.15
  74  123 0.39
  27   70 0.06
  47   71 0.07
  15   37 0.67
  75   85 0.40
  51   90 0.23
  50   89 0.86
  77  102 0.87
  68   82 0.20

   9   19 0.29
  38   57 0.89
  72  116 0.77
  64   97 0.63
   5   37 0.19
  35   78 0.25
  92  120 0.49
  60   93 0.87
  14   54 0.76
  39   76 0.55
  95  112 0.99
  27   57 0.20
  92   93 0.24
  44   89 0.38
  51   99 0.63
   6   52 0.57
  88   95 0.18
  14   36 0.33
  50   66 0.86
  78   89 0.06
  98  118 0.80
  69  105 0.37
  81  130 0.14
  88  117 0.16
  14   22 0.08
  32   47 0.26
  15   27 0.01
  98  131 0.85
  71  113 0.82
  97  145 0.24
  26   54 0.79
  43   79 0.47
  24   52 0.86
  35   67 0.24
  90  112 0.44
  33   53 0.50
  32   40 0.36
  31   71 0.53
  10   50 0.88
  29   72 0.44
  36   63 0.01
  71   72 0.13
   4   45 0.38
  72  117 0.57
  82   82 0.72
  41   49 0.83
  13   62 0.13
  12   26 0.23
  65   99 0.41
  78  116 0.14
  45   71 0.42
   8    9 0.48
   2   39 0.97
  12   44 0.70
  59   81 0.94
  99  117 0.90
  85  104 0.78
  45   71 0.18
  51   78 0.27
  39   66 0.43
  57   81 0.93
  25   42 0.78
  83  130 0.14
  50   58 0.18
  92   93 0.25
  96  104 0.81
  40   51 0.82
  18   27 0.16
  16   25 0.34
  61   95 0.62
  14   62 0.51
  25   38 0.02
  65  112 0.38
  32   68 0.55
  62   92 0.84
  82  107 0.79
  11   41 0.11
  38   66 0.39
  31   43 0.87
  29   62 0.97

  54  102 0.34
  81  120 0.37
  46   71 0.95
  61   85 0.57
  23   45 0.71
  10   24 0.56
  70   75 0.35
  21   27 0.63
  91  121 0.81
  60  104 0.24
  80   90 0.84
   0   43 0.27
  65  106 0.94
  98  112 0.29
  80  123 0.83
  41   71 0.97
  42   44 0.07
  84  123 0.96
  47   56 0.29
  49   64 0.10
  91   92 0.69
   1   17 0.31
  43   90 0.87
  50   59 0.63
  81   99 0.20
  23   43 0.17
  40   65 0.83
  56   85 0.14
  69   90 0.90
  68  103 0.53
  92   99 0.23
  83   85 0.27
  93   98 0.10
  32   43 0.13
  14   44 0.38
  17   38 0.77
  79   93 0.18
  27   64 0.90
  63   81 0.80
  76  118 0.06
   8   31 0.16
   4   39 0.43
  21   44 0.94
  10   57 0.71
  55   69 0.48
  14   28 0.24
  64   85 0.76
  47   48 0.84
  60   77 0.26
  19   48 0.88
  38   40 0.02
  19   25 0.38
   2   14 0.86
  99  119 0.01
  85   95 0.00
  17   34 0.38
  21   56 0.14
  95  113 0.50
  75   83 0.57
  24   72 0.74
  57   57 0.43
  29   77 0.05
   1   20 0.90
  76   76 0.73
  81  102 0.48
  26   66 0.03
  37   47 0.11
  79   94 0.76
  72  102 0.10
  25   51 0.29
  97  127 0.35
  33   64 0.99
   0   42 0.51
  54   74 0.81
  64   64 0.83
  97  135 0.73
   0   43 0.64
  79  123 0.77
  27   27 0.39
  45   45 0.27

