5 100 8
3    4  10  20

  16   22 0.58
  11   62 0.24
  15   31 0.30
   7   11 0.74
  14   18 0.14
  17   65 0.16
  15   20 0.82
  18   47 0.75
  17   37 0.33
  14   43 0.90
  20   42 0.51
  14   72 0.14
  13   56 0.75
  13   13 0.06
  19   42 0.63
  11   73 0.18
  20   74 0.64
  12   66 0.92
  12   63 0.00
  20   43 0.32
  11   13 0.96
  18   52 0.25
  14   55 0.64
   5   63 0.26
  11   18 0.56
  16   51 0.29
  18   75 0.99
  13   61 0.53
   9    9 0.62
   6   19 0.65
  17   45 0.05
  17   20 0.29
  12   72 0.48
  17   46 0.11
  18   65 0.05
  20   50 0.97
  10   23 0.30
  17   26 0.95
   6   15 0.70
   2    6 0.51
  13   37 0.94
   1   27 0.67
  19   60 0.48
  19   34 0.46
   2   51 0.61
   1   33 0.72
   6   11 0.17
  18   25 0.98
   4   56 0.86
  10   35 0.67
   4   13 0.73
  10   47 0.12
   1   19 0.05
  15   37 0.23
  20   67 0.63
   6   38 0.10
   0   11 0.52
  12   43 0.89
  12   26 0.41
  17   51 0.60
   5   36 0.57
  20   31 0.14
  10   10 0.82
  17   75 0.68
  20   50 0.77
   8   38 0.39
  18   75 0.94
   4   64 0.80
   4   32 0.63
   6   55 0.90
  12   74 0.22
  16   18 0.70
  19   26 0.93
  17   49 0.35
   3   61 0.13
  16   77 0.55
  10   52 0.02
   2   43 0.42
  10   12 0.26
  15   68 0.59
  19   33 0.91
   8   10 0.51
  12   49 0.44
  20   31 0.31
  20   75 0.84
   8   28 0.98
   3   12 0.70
  19   35 0.65
  14   15 0.02
   6   27 0.64
  15   15 0.43
   7   64 0.52
  13   73 0.27
  16   29 0.82
  15   19 0.13
   8   40 0.92
  14   23 0.64
   8   19 0.61
   1   49 0.01
   2   49 0.37

  15   67 0.42
  16   43 0.70
  10   69 0.23
  14   45 0.78
   2   48 0.03
   7   15 0.31
  17   51 0.74
  19   67 0.16
  19   35 0.67
  19   35 0.02
  13   15 0.54
  14   68 0.43
   3   22 0.82
  16   21 0.40
   4   64 0.04
  19   43 0.37
  16   27 0.20
  11   14 0.97
  16   78 0.39
  10   29 0.41
   0   48 0.47
   3   31 0.83
   1   29 0.37
   0   25 0.50
  12   55 0.16
   9   15 0.88
  13   72 0.08
  18   41 0.00
   0   42 0.01
   2   19 0.76
   7   62 0.05
  11   70 0.82
  10   54 0.42
   6   57 0.66
   3   58 0.17
   6   62 0.00
  19   67 0.70
  18   72 0.39
  11   26 0.35
   2   27 0.36
   7   38 0.11
  13   14 0.08
   3   61 0.25
   9   71 0.72
   0   18 0.36
  20   47 0.75
   2   55 0.22
  16   50 0.34
  11   34 0.18
   0   33 0.05
  11   47 0.76
   4   22 0.95
   2   19 0.69
  13   44 0.53
  12   45 0.66
  15   19 0.04
   3   32 0.21
   9   54 0.21
  15   39 0.73
  15   59 0.95
   8   65 0.81
  11   47 0.37
  12   49 0.31
   3   14 0.77
  17   53 0.31
  13   17 0.79
  14   55 0.11
   4   38 0.29
   4   52 0.73
  12   47 0.26
   1   43 0.79
   8   70 0.40
  14   17 0.06
  17   43 0.13
  11   24 0.23
  15   29 0.37
   4   35 0.96
  10   59 0.84
   2   48 0.15
  17   24 0.82
   7   44 0.00
  11   21 0.37
  11   34 0.86
   4   40 0.64
   7   63 0.15
  11   49 0.35
  17   72 0.88
  17   73 0.84
  16   35 0.61
  17   45 0.00
  18   26 0.37
   9   46 0.95
   2   61 0.31
   6   63 0.76
   3   38 0.19
  17   19 0.48
  10   20 0.25
  16   44 0.41
  14   48 0.11
   0   21 0.35

  19   75 0.32
   1   21 0.08
  16   22 0.99
   0   53 0.77
  16   31 0.81
   1   24 0.68
   1   17 0.27
   7   16 0.73
  18   20 0.42
  12   46 0.06
   5   53 0.41
   8   24 0.70
   0    6 0.81
   2    6 0.42
  17   29 0.37
   6   21 0.50
  15   27 0.74
  19   77 0.32
   0    7 0.65
  15   55 0.21
  13   33 0.72
  15   60 0.09
  12   33 0.32
   7   37 0.51
   3   16 0.51
   6   59 0.76
   6   19 0.49
  18   56 0.10
  20   58 0.65
  17   55 0.83
  20   73 0.75
   1   11 0.28
  18   28 0.00
   9   44 0.50
  16   69 0.67
  11   44 0.23
   1    5 0.14
   2   64 0.26
   7   60 0.46
   3    5 0.54
  11   46 0.26
  20   76 0.30
  15   66 0.04
  11   66 0.72
  19   74 0.58
  16   24 0.67
  20   38 0.21
  18   46 0.35
   8   17 0.97
   6   67 0.37
   0   25 0.78
  16   60 0.67
   8   17 0.79
  16   42 0.34
  14   47 0.42
   0    9 0.91
   2   35 0.78
  17   56 0.65
  13   36 0.81
  14   22 0.67
   4   14 0.06
   7   32 0.66
   8   22 0.32
   6   37 0.58
  19   32 0.68
  10   62 0.00
   3   23 0.03
   9   54 0.10
  12   48 0.76
   8   55 0.03
   0   56 0.84
  20   20 0.27
  14   54 0.69
   5   44 0.96
   7   51 0.54
  20   40 0.21
   1   28 0.81
  16   39 0.89
  20   78 0.61
   4   42 0.73
   0   43 0.80
  11   36 0.86
   5   55 0.15
  16   26 0.65
  19   51 0.56
  15   43 0.25
   2   10 0.54
  16   52 0.19
   7   33 0.15
   7   18 0.92
  18   80 0.54
   9   10 0.46
   2   32 0.61
   0   55 0.53
  11   59 0.34
  15   63 0.51
   5   45 0.28
   9   13 0.85
   7   48 0.99
  12   60 0.27

