4 25 8
12   20   4   4   2  16  10   4  10  20   2  20  10

  60   92 0.46
  67   86 0.86
   5   48 0.71
  43   73 0.50
  53   86 0.57
  12   28 0.97
  49   86 0.85
   8    8 0.51
  52   69 0.41
  55  101 0.93
  32   33 0.24
  51   72 0.70
  29   67 0.63
   7   22 0.01
  17   61 0.69
  33   78 0.45
  10   53 0.36
  23   51 0.52
  34   51 0.55
  56   66 0.77
  29   68 0.01
  30   65 0.50
  43   58 0.56
   0   43 0.37
  65  107 0.60

   4   27 0.67
  27   63 0.20
   7   41 0.19
  30   65 0.29
  27   45 0.46
  50   64 0.48
  23   55 0.14
  39   43 0.49
  15   45 0.73
   9   34 0.38
  10   16 0.66
  66   74 0.69
  30   40 0.51
  29   48 0.14
  59  104 0.28
  48   67 0.65
  69  115 0.86
  60   93 0.29
  54   68 0.25
  27   43 0.67
  22   58 0.39
  63   95 0.96
  36   80 0.21
  11   51 0.30
  40   45 0.67

  55   91 0.20
   7   51 0.42
  41   43 0.79
  16   40 0.80
  32   74 0.63
  13   41 0.83
  20   31 0.15
  18   58 0.52
  15   17 0.06
  14   24 0.75
  53   82 0.45
  19   43 0.52
  19   35 0.05
  55   82 0.38
  25   37 0.38
  43   58 0.19
  19   24 0.86
  26   55 0.23
  42   74 0.50
  70   83 0.52
  30   75 0.07
  28   54 0.46
  50   57 0.33
   9   53 0.14
  45   58 0.85

   0    9 0.84
  32   70 0.10
  13   30 0.39
  51   55 0.81
  68   78 0.91
  43   45 0.79
  18   62 0.60
  22   37 0.05
   1    9 0.18
  20   65 0.93
  32   53 0.94
   5   35 0.59
  50   51 0.10
  24   60 0.25
  20   47 0.84
  52   60 0.42
  65   72 0.59
  52   61 0.40
  16   33 0.88
  70   78 0.44
   8   35 0.98
  56   76 0.52
  31   56 0.59
  61   63 0.03
  43   83 0.02

   4   31 0.63
  14   29 0.09
  39   57 0.39
  58   82 0.28
  65   87 0.12
  46   61 0.08
   6   19 0.08
  64   66 0.10
  33   77 0.03
  21   35 0.16
  16   16 0.44
  33   50 0.97
  27   44 0.80
  50   72 0.76
  62   78 0.64
  45   56 0.55
  64   65 0.80
   0    6 0.56
  51   82 0.86
  31   31 0.50
  17   44 0.35
  19   31 0.98
  28   28 0.26
  13   34 0.86
  62   96 0.41

  11   53 0.45
  43   55 0.77
  43   52 0.28
  69   79 0.87
  27   43 0.23
  44   62 0.37
  54   65 0.28
   6   39 0.13
  40   70 0.45
   4   21 0.23
  63   95 0.88
  42   83 0.22
  31   40 0.73
  24   59 0.74
  26   60 0.09
  39   69 0.94
  63   73 0.35
  29   31 0.49
  66  103 0.34
  67  106 0.23
   2   22 0.65
  39   53 0.75
   8   38 0.83
  44   45 0.74
  33   36 0.81

  54   99 0.01
  39   67 0.96
  27   64 0.72
  54   73 0.27
  31   52 0.16
  66   87 0.82
   5   15 0.85
  40   55 0.96
  66   72 0.24
  18   54 0.57
  57   62 0.23
  36   73 0.39
  40   70 0.68
  11   41 0.64
  28   32 0.71
  17   45 0.33
  23   46 0.91
  42   43 0.29
  47   90 0.72
  47   75 0.08
  20   35 0.91
  59   72 0.24
  25   37 0.72
  19   49 0.12
  58   65 0.76

  66   66 0.57
  36   63 0.51
  47   74 0.07
  54   62 0.47
  38   76 0.01
  44   49 0.53
  34   54 0.02
   7   14 0.04
  27   56 0.94
  21   48 0.20
   7   26 0.75
  62   72 0.97
  41   62 0.10
  43   78 0.07
  44   54 0.28
  22   66 0.49
  21   21 0.01
  20   22 0.29
  53   77 0.72
  32   62 0.32
  15   55 0.13
   6   45 0.45
  64  108 0.61
  19   24 0.79
  46   63 0.11

  20   55 0.52
  30   38 0.46
  39   45 0.22
  14   41 0.07
  64   65 0.56
  63   71 0.42
  41   42 0.76
  61   79 0.80
  65   79 0.88
  35   57 0.45
  51   93 0.84
  70   93 0.16
  32   35 0.24
  60   92 0.94
  45   52 0.39
  36   79 0.85
  13   55 0.20
   5   30 0.37
   5   47 0.85
  69   93 0.78
  53   65 0.15
  37   54 0.14
   6   47 0.31
  50   57 0.69
  42   68 0.92

  59   94 0.18
  65   85 0.64
  47   72 0.89
  48   79 0.47
  28   54 0.32
  62   66 0.06
  38   57 0.17
  17   46 0.13
  44   60 0.55
  11   53 0.32
  24   63 0.18
  46   71 0.38
  19   56 0.70
  26   28 0.51
  18   21 0.38
  14   25 0.51
  15   43 0.92
  27   53 0.18
   3   45 0.46
  47   64 0.36
  66   84 0.90
  27   44 0.97
  56   78 0.66
  64   66 0.22
  55   72 0.46

  10   12 0.56
   4   50 0.30
  12   15 0.53
  45   77 0.73
  53   61 0.91
  49   56 0.23
   8   21 0.52
  64   97 0.00
  58  102 0.61
  28   58 0.75
  47   90 0.94
  12   46 0.35
  42   64 0.02
  66   82 0.57
   0   26 0.52
  38   62 0.30
  27   27 0.78
  46   88 0.57
  70   83 0.15
  42   70 0.91
  60   96 0.11
  36   73 0.59
   3   48 0.07
  25   65 0.24
   4   38 0.72

  17   59 0.78
  10   33 0.04
  52   62 0.97
  60   89 0.80
  20   35 0.55
   4    6 0.08
  46   82 0.33
  36   43 0.77
  46   59 0.54
  32   32 0.66
  66   92 0.06
  52   87 0.29
  11   31 0.21
  60   60 0.38
  66   93 0.46
  62  100 0.43
  12   51 0.66
  66  105 0.69
  54   62 0.37
   2   21 0.05
  23   37 0.62
  49   90 0.23
  21   53 0.67
  54   55 0.41
  33   40 0.96

