3 15 4
12   10   4  16   2   4  20  20   4   2  10   2   2

  17   37 0.22
  20   26 0.96
   6   18 0.42
   3   10 0.19
  20   62 0.04
  20   54 0.35
   0   24 0.41
   4   49 0.78
  18   54 0.59
  16   57 0.69
   7   16 0.81
   8   51 0.94
  13   34 0.40
   3    9 0.81
  28   55 0.64

  18   20 0.80
  16   16 0.70
  14   19 0.02
  18   49 0.37
  19   77 0.72
  16   30 0.30
   6   41 0.73
   2    3 0.97
  10   23 0.42
  24   78 0.94
   7   50 0.16
   8   11 0.18
  27   63 0.22
  13   42 0.24
   8   26 0.88

  23   74 0.66
   0    1 0.25
  12   58 0.69
  20   63 0.85
   1   17 0.30
  11   12 0.80
  24   80 0.86
  15   70 0.01
   2   34 0.83
  21   56 0.05
  24   73 0.13
  21   60 0.07
   2   39 0.73
  13   25 0.48
   4   28 0.87

  19   63 0.73
   6   60 0.95
  13   66 0.60
  12   67 0.41
  18   72 0.80
  29   61 0.23
  12   38 0.47
  27   46 0.93
  18   42 0.35
  20   56 0.86
   2   23 0.62
   5   56 0.35
  16   35 0.26
   6   25 0.18
  19   30 0.33

  21   30 0.12
   3   57 0.04
   8   19 0.63
  20   77 0.61
  18   21 0.22
  13   62 0.91
  17   25 0.03
  22   47 0.87
  24   42 0.04
   5   18 0.86
  19   55 0.42
  12   42 0.57
  14   14 0.67
   3   26 0.31
  21   59 0.68

  21   67 0.82
  28   56 0.21
  17   68 0.27
  23   64 0.28
   8   27 0.15
  19   60 0.46
   9   40 0.79
   7   23 0.57
   5   62 0.36
  25   40 0.48
   8   29 0.65
  28   81 0.96
   3   29 0.04
   1   19 0.96
   9   59 0.07

  29   88 0.30
  28   38 0.96
  10   21 0.62
  26   85 0.46
   7   63 0.86
  10   66 0.57
   5   25 0.08
  16   72 0.53
  22   77 0.29
   9   37 0.20
  26   68 0.94
   2   21 0.91
  16   29 0.52
  22   33 0.06
   6   43 0.08

  13   67 0.55
  14   55 0.30
  16   53 0.61
   3   48 0.25
   1   34 0.50
  26   55 0.83
  17   66 0.05
  29   40 0.75
  24   34 0.23
   5   48 0.04
   2   60 0.27
  24   74 0.00
  26   36 0.23
   8   61 0.33
  13   69 0.18

  11   57 0.75
  16   23 0.38
  21   26 0.96
   7   53 0.63
  21   22 0.74
  26   69 0.97
  10   47 0.42
   0   10 0.68
  21   66 0.79
  19   59 0.48
   1   22 0.03
  25   31 0.39
  14   39 0.33
   0   49 0.67
  22   59 0.93

  23   76 0.52
  10   46 0.13
  29   37 0.52
  18   42 0.82
  20   24 0.55
   1   15 0.56
  21   73 0.35
  20   33 0.51
   7   62 0.79
  16   41 0.38
  19   69 0.35
   5   11 0.60
   1   31 0.80
  12   35 0.92
  19   54 0.16

  13   56 0.49
  19   68 0.14
  27   52 0.94
  24   52 0.96
  17   30 0.89
  19   69 0.26
  14   62 0.25
   9   13 0.90
  12   46 0.17
  20   25 0.37
  22   24 0.72
   6   40 0.47
  25   55 0.51
   4   18 0.76
   2   61 0.96

   0   51 0.79
   7   14 0.91
  19   32 0.79
  23   47 0.44
  24   30 0.05
  25   31 0.78
  27   50 0.09
   8   36 0.01
  17   19 0.54
  16   66 0.78
  14   30 0.75
  10   32 0.30
   7   42 0.72
  18   38 0.77
  27   84 0.31

