5 40 8
6   16  10  10  16   2  10

  14   36 0.98
  13   54 0.45
  12   56 0.10
   6   17 0.04
   7   42 0.49
  15   60 0.90
   9   51 0.36
  12   14 0.05
   7    8 0.42
  11   38 0.13
   3   20 0.81
   5   40 0.94
   6   14 0.76
   8    9 0.99
  10   37 0.33
  15   15 0.29
   2   46 0.35
  13   36 0.55
   5   45 0.94
   2   36 0.62
  11   12 0.54
   1   12 0.71
   7   51 0.44
  11   16 0.04
  11   45 0.63
   4   45 0.02
   0   40 0.74
   5    8 0.40
  11   39 0.77
  13   59 0.64
   7   30 0.93
  10   47 0.49
   3   19 0.80
   5   36 0.61
   6   33 0.51
   9   31 0.28
   0   25 0.72
   4   41 0.90
   6   16 0.06
   8   17 0.95

  13   24 0.28
  11   54 0.17
  12   16 0.37
  13   59 0.43
  11   56 0.83
   2   28 0.75
   3   41 0.03
   8   24 0.86
   2   26 0.41
   4    8 0.55
  11   31 0.82
   3   21 0.57
  11   12 0.10
   7   22 0.12
   1   36 0.70
  13   40 0.47
  14   34 0.55
   0   19 0.28
   0    5 0.46
   3   33 0.78
   9   26 0.90
   7   46 0.39
   8   49 0.74
   0   30 0.19
   2   30 0.51
   7   31 0.99
  14   48 0.42
   7   40 0.48
  15   31 0.13
  10   37 0.49
   4   42 0.30
  14   49 0.08
   2   21 0.12
   2    7 0.35
   9   52 0.66
  14   60 0.78
  10   26 0.45
  11   50 0.32
   2   47 0.00
   9   17 0.85

   7   24 0.23
  15   30 0.75
  10   13 0.37
  11   56 0.72
  13   41 0.27
  10   55 0.73
   8   11 0.61
   5   51 0.25
  13   30 0.58
   0    2 0.84
   0   19 0.18
   5   15 0.23
  15   16 0.86
  12   43 0.17
  12   31 0.58
  10   36 0.97
   4    4 0.38
  11   55 0.77
  11   18 0.06
   7   41 0.56
  10   40 0.39
   8   15 0.01
  10   19 0.62
   6   45 0.64
   0   35 0.43
   9   40 0.96
   1   31 0.55
   0   43 0.91
  13   23 0.48
  10   11 0.00
   1   41 0.49
  10   26 0.97
  11   42 0.61
   9   43 0.97
  12   25 0.85
   2   45 0.71
   9   53 0.19
   2   47 0.89
   4   42 0.85
  11   18 0.34

   0    1 0.87
  12   59 0.48
   8   50 0.98
   5   19 0.51
   5   23 0.94
   4    4 0.48
  11   23 0.65
   0    3 0.81
   0   22 0.70
   8   44 0.43
   6    9 0.45
   3   22 0.85
  11   24 0.91
   7   41 0.49
   1   42 0.15
   8   52 0.36
  15   16 0.05
   8   44 0.95
  14   52 0.36
  11   56 0.42
  11   28 0.28
   8   39 0.49
   6   20 0.64
   4   19 0.15
   5   31 0.64
   8   44 0.67
   7   47 0.64
   1    5 0.51
   5   29 0.95
   6   46 0.38
  13   14 0.02
   7   54 0.90
  15   59 0.55
  11   44 0.94
  15   16 0.70
  10   13 0.72
   1   47 0.25
   6   39 0.93
  13   26 0.71
  11   42 0.90

  14   34 0.39
   7   14 0.75
   8   53 0.30
   2   44 0.66
  10   46 0.32
  15   50 0.12
   1   15 0.62
  13   40 0.51
   5   12 0.41
   6   47 0.86
   6   17 0.45
   8   35 0.28
  12   43 0.38
  12   21 0.64
  10   33 0.51
  13   59 0.45
  14   41 0.44
   5   35 0.58
   4   19 0.81
  14   45 0.15
  11   34 0.02
  15   52 0.78
  10   24 0.24
   1   29 0.98
   3   29 0.78
   6   22 0.55
  14   47 0.58
  12   13 0.68
  13   40 0.04
  11   22 0.24
   9   54 0.44
   1   25 0.24
   7   27 0.03
   0   45 0.75
   7   21 0.41
  12   27 0.35
  13   55 0.04
   7   25 0.19
   2   19 0.94
  11   23 0.22

  12   24 0.68
  11   51 0.15
   2   38 0.58
  13   28 0.80
   9   19 0.46
  15   23 0.05
   5   18 0.72
  14   20 0.89
  12   20 0.40
   7   46 0.06
  11   19 0.88
   2    7 0.99
   2   21 0.77
   4   49 0.78
   4   41 0.27
   1    7 0.45
   3   38 0.67
   4    8 0.62
  13   47 0.58
   3   19 0.58
   1   36 0.10
  10   31 0.25
   8   29 0.76
  12   32 0.44
   2   47 0.89
  10   40 0.76
  11   40 0.98
   9   21 0.00
  14   23 0.99
   7   47 0.46
  12   38 0.98
  11   33 0.79
  11   51 0.94
   0   24 0.95
  10   52 0.96
   4   35 0.02
   9   37 0.35
   9   28 0.11
  14   51 0.49
   0   12 0.27

