3 30 8
6   10   4   4  20   4   4

   5   11 0.68
  12   24 0.12
  10   17 0.09
  11   15 0.63
   1    5 0.92
   4    5 0.64
   9   19 0.74
   1    2 0.39
   1    5 0.16
   2    6 0.49
   7    7 0.07
  11   12 0.26
   5    7 0.42
   6   15 0.51
  11   12 0.03
   6   11 0.09
   3   11 0.39
   4   13 0.81
   9   20 0.23
   7   19 0.28
  11   17 0.10
   8   12 0.69
   2   15 0.52
   0   10 0.89
   3   16 0.38
   0    3 0.40
   8   11 0.07
   7    9 0.56
   6   16 0.80
   1   14 0.95

  10   20 0.13
   1   14 0.62
   5   14 0.39
  10   16 0.30
   1   14 0.35
   2    8 0.83
   8   11 0.87
  13   20 0.74
   7   15 0.32
   0   13 0.97
   4   13 0.80
   2   13 0.12
  12   13 0.09
   2   13 0.78
   0    1 0.27
  13   20 0.88
   9   16 0.97
   6   16 0.53
   0   12 0.63
  13   22 0.56
   5   15 0.66
   8   21 0.92
   3    9 0.10
   7   20 0.34
   4   11 0.90
   9   22 0.25
   8   19 0.97
   0   13 0.83
  13   14 0.66
   6   11 0.63

   8   21 0.60
  11   12 0.21
   3   15 0.67
  13   21 0.98
   9   18 0.73
   2    6 0.10
   6   10 0.66
  12   22 0.66
   3   12 0.64
   9   18 0.71
   5    8 0.61
   7   13 0.92
   7   10 0.00
   8   16 0.20
   6    9 0.62
   0    5 0.42
   4    7 0.00
  12   23 0.41
   9   22 0.29
   6   15 0.72
  11   16 0.01
  12   13 0.92
  13   24 0.25
  11   20 0.63
  11   24 0.06
   7   11 0.89
  10   16 0.76
   7   20 0.53
   6   11 0.48
   5   15 0.02

  13   18 0.95
   9   16 0.66
   2   15 0.96
   7   18 0.75
   9   15 0.90
   8   18 0.66
  10   17 0.81
   4    5 0.69
   7    9 0.44
  11   11 0.02
   1    6 0.31
  11   23 0.61
  13   16 0.34
   9   13 0.56
  12   12 0.64
   3   13 0.29
   9   11 0.01
   3   14 0.94
  12   20 0.85
   0    7 0.10
  12   23 0.62
  13   16 0.07
   5   12 0.29
   4   15 0.60
   1   14 0.01
  10   11 0.52
   1   12 0.13
   0    5 0.93
   3    8 0.41
   9   13 0.95

  11   14 0.96
  10   21 0.51
   6    6 0.02
   5   10 0.45
   1    2 0.71
   1    6 0.24
  12   21 0.62
  12   12 0.13
  13   14 0.72
   3    9 0.92
   7   13 0.58
   1    2 0.86
   0    3 0.43
   8   16 0.98
   7   10 0.13
  12   25 0.70
   2    2 0.62
   1    7 0.55
  13   20 0.35
   2    4 0.86
   5   10 0.21
   2    8 0.02
   4   16 0.87
  11   16 0.48
  10   10 0.24
   0    5 0.19
  12   25 0.00
   7   17 0.35
   9   22 0.60
   3   10 0.23

  13   16 0.13
   8   20 0.63
  11   11 0.12
   3   14 0.12
  12   17 0.63
   7   12 0.85
  12   13 0.46
  10   20 0.86
   1   14 0.84
   2   10 0.07
   2    6 0.54
   1    4 0.49
   6   11 0.01
  12   15 0.79
   1    7 0.36
   0    1 0.08
  11   16 0.19
   7   10 0.37
   2    3 0.11
   2    2 0.41
  11   23 0.78
  13   25 0.35
   9   20 0.29
   1   13 0.70
   9   12 0.18
   4    7 0.41
   0    2 0.58
   0    3 0.24
   5   16 0.67
   6   19 0.29

