5 40 4
6    4   2   4   4  10  16

  16   25 0.00
   7   11 0.19
   4    9 0.85
  14   21 0.23
   1   20 0.94
  18   24 0.94
  13   24 0.11
  17   19 0.97
   2    3 0.14
   2    3 0.47
  17   18 0.27
  17   29 0.32
  18   20 0.67
   0   18 0.35
  18   27 0.84
   1    6 0.77
  11   17 0.13
   8   25 0.62
  13   17 0.15
  15   34 0.14
   3   18 0.20
   5   20 0.69
  15   30 0.17
  19   36 0.13
   4   12 0.28
   2   14 0.92
  12   23 0.78
   0    8 0.38
   8   18 0.41
   4   10 0.03
  10   21 0.03
  11   25 0.60
   9   22 0.32
  11   18 0.35
   1   14 0.02
  14   24 0.72
  12   26 0.82
  13   13 0.44
  16   18 0.47
  10   21 0.63

  11   16 0.72
   4   10 0.40
  19   33 0.60
  12   25 0.93
   5    5 0.55
  11   23 0.63
   3   18 0.57
  16   16 0.42
   5   22 0.77
   3   21 0.77
   9   27 0.42
  19   25 0.01
  14   31 0.68
  11   12 0.08
  11   30 0.62
   8   19 0.82
   2   16 0.18
  11   13 0.23
   0    9 0.57
  18   18 0.21
  12   19 0.80
   4   12 0.86
  15   20 0.64
  16   25 0.64
   3    3 0.31
   0   12 0.47
   6   12 0.84
  16   31 0.00
   0   16 0.08
  16   23 0.65
  15   17 0.43
   8   21 0.83
  11   13 0.48
   5   24 0.23
  19   38 0.22
  14   23 0.12
   9   25 0.56
  11   30 0.15
   2   10 0.32
  18   28 0.43

  17   24 0.41
   3   16 0.76
   6   19 0.81
   6   13 0.07
  17   23 0.55
  13   13 0.41
  19   19 0.55
   5    8 0.98
  14   31 0.05
  10   11 0.20
  19   33 0.94
  11   18 0.45
  19   27 0.89
   6   10 0.14
  14   28 0.91
   0    0 0.36
  18   30 0.98
  17   20 0.91
   8   13 0.07
   0   18 0.99
   0   17 0.50
   6   22 0.52
  18   24 0.27
  11   19 0.77
  10   20 0.17
   8   21 0.48
  10   20 0.66
   5   22 0.11
   0    1 0.29
   1    5 0.57
  14   25 0.97
   3   13 0.53
  18   20 0.97
   0   19 0.99
  12   21 0.50
  18   28 0.65
  12   13 0.28
  18   34 0.13
  19   37 0.49
   0   19 0.65

  10   21 0.75
   3   19 0.55
   0   11 0.47
   1    7 0.94
   4   22 0.05
  10   23 0.82
   2   12 0.72
  16   21 0.17
  19   23 0.16
  15   16 0.79
   0    9 0.31
   6   20 0.09
   0    2 0.53
   0   14 0.99
   5   24 0.07
  11   30 0.65
  17   24 0.36
  10   21 0.11
  16   18 0.77
  19   36 0.68
   9   24 0.64
   5    6 0.82
  13   22 0.44
  19   37 0.15
   0   13 0.84
  17   27 0.66
  14   17 0.60
   0   10 0.26
   4   16 0.96
  19   28 0.28
  15   27 0.66
   7   15 0.21
  18   36 0.93
   7   10 0.11
  17   24 0.91
  10   22 0.73
   7   16 0.71
  16   32 0.84
  17   17 0.75
   6   11 0.18

   4    8 0.18
  17   34 0.71
  19   38 0.80
  19   36 0.63
   1   18 0.28
   1   10 0.56
   8    9 0.59
  12   28 0.72
  11   22 0.13
  10   20 0.51
  13   22 0.27
  18   22 0.79
  13   15 0.82
  14   23 0.45
  13   27 0.77
  18   30 0.73
  15   15 0.27
  19   20 0.73
  10   25 0.75
   5    5 0.31
  16   22 0.03
   3    3 0.54
   7   18 0.07
  16   26 0.76
   8    8 0.74
  14   25 0.53
   8   11 0.61
   0   19 0.69
  13   23 0.89
  14   25 0.70
  13   14 0.04
  16   19 0.51
   0   16 0.84
   0   16 0.34
   8   14 0.98
  17   18 0.72
  14   21 0.16
  18   19 0.36
   6   25 0.72
  14   19 0.25

   8    9 0.03
   9   22 0.53
  13   17 0.12
   1    5 0.26
  19   28 0.73
  12   29 0.97
  11   20 0.36
   0   17 0.43
  16   31 0.97
  13   18 0.95
  10   26 0.18
   3   16 0.70
   0    3 0.56
  11   27 0.83
   6   13 0.13
  17   25 0.42
  14   26 0.79
   3   17 0.21
   6    8 0.15
   2   15 0.58
   5   20 0.63
  19   20 0.21
   3   15 0.39
   9   14 0.37
   4   12 0.45
   4   20 0.86
  14   14 0.54
  18   25 0.40
  19   28 0.60
  19   30 0.51
   5   23 0.72
   5   16 0.89
   1   18 0.10
   7   11 0.81
   3    5 0.21
   7   26 0.47
  11   22 0.57
   9   24 0.49
  19   25 0.73
  13   18 0.78

