4 60 8
3    2  10   4

  16   21 0.81
   5   11 0.02
  12   13 0.32
   3    3 0.06
  20   20 0.13
   6    9 0.42
  15   19 0.97
  14   20 0.68
  20   20 0.90
   3    3 0.29
   8   10 0.77
  20   20 0.21
  13   18 0.77
  20   26 0.82
   0    2 0.45
  18   18 0.60
  16   19 0.76
   4   10 0.98
  17   20 0.11
  12   16 0.47
   0    3 0.46
  15   18 0.06
  14   18 0.98
   8    8 0.87
   4    9 0.72
  14   15 0.36
  15   19 0.55
  17   23 0.42
  17   18 0.93
  21   24 0.93
   2    2 0.57
   1    1 0.27
   3    7 0.62
   0    5 0.58
  12   16 0.61
   3    6 0.53
  13   17 0.69
  11   11 0.61
  21   24 0.19
   0    0 0.13
   4   10 0.90
  21   26 0.47
  16   18 0.72
   0    4 0.06
  17   23 0.43
  17   23 0.30
   8   14 0.45
  16   16 0.58
   5   10 0.43
  14   16 0.48
   8   14 0.87
  13   13 0.87
  15   15 0.72
   3    7 0.22
   4    6 0.83
  10   13 0.82
  14   14 0.19
   4    4 0.69
  20   21 0.84
   0    3 0.27

  13   14 0.20
   2    6 0.40
  15   18 0.31
  12   17 0.89
   7   11 0.30
  18   19 0.14
   2    4 0.11
  14   18 0.00
  18   19 0.71
  11   16 0.82
  17   23 0.13
  14   17 0.96
   4    9 0.32
   4    8 0.91
  10   10 0.34
  21   21 0.12
   3    9 0.04
  20   20 0.32
  14   14 0.35
   8    8 0.31
   2    8 0.83
  19   23 0.08
   3    9 0.16
   1    1 0.82
   8   13 0.45
   3    5 0.86
  12   12 0.60
   7    8 0.83
  16   18 0.67
   5   10 0.21
  19   23 0.24
  12   13 0.89
   9   10 0.23
  19   25 0.71
  13   13 0.15
   1    3 0.96
  10   11 0.11
   2    4 0.06
   2    7 0.41
   1    1 0.18
  16   21 0.44
   5    5 0.62
  10   12 0.19
  14   17 0.10
   9   14 0.96
  21   21 0.28
   6    8 0.90
  12   17 0.24
  13   15 0.55
  18   23 0.26
  19   24 0.31
   8    9 0.77
  19   22 0.77
   9   13 0.57
  21   25 0.66
   6    7 0.09
   0    2 0.92
  20   24 0.68
  16   18 0.26
  11   16 0.03

   9   14 0.04
  16   17 0.14
   2    4 0.99
   3    8 0.76
   1    5 0.07
   3    9 0.94
   6   12 0.93
   2    7 0.11
   0    3 0.74
  21   26 0.13
  14   19 0.69
   9   12 0.95
  19   19 0.51
   8   13 0.84
   5    9 0.90
  18   18 0.10
   6    8 0.50
  16   19 0.39
  20   23 0.26
  18   18 0.17
  18   20 0.14
  18   22 0.18
  15   19 0.21
  14   17 0.92
  19   21 0.56
  11   11 0.78
  17   23 0.69
  12   18 0.35
  20   21 0.70
  20   20 0.97
  15   21 0.79
  10   16 0.81
   7   11 0.39
   0    2 0.82
  11   14 0.22
   5   11 0.21
   6    6 0.11
  14   18 0.75
  21   25 0.57
   5    8 0.30
   4    8 0.45
   4   10 0.29
  15   17 0.66
   0    1 0.72
  10   16 0.82
  17   23 0.26
  19   22 0.12
  20   26 0.60
  15   19 0.36
   1    1 0.48
  17   17 0.49
  17   20 0.83
   5    8 0.37
   3    8 0.34
   6   11 0.01
  10   12 0.74
  15   19 0.34
  11   17 0.70
   4    4 0.42
   7    9 0.45

