3 40 8
6   10  10  20   2  10   4

  22   67 0.71
  14   52 0.88
  13   35 0.94
  19   48 0.90
   9   41 0.80
  17   54 0.29
   5   50 0.71
  13   33 0.18
   3   20 0.68
  13   38 0.57
  10   17 0.86
   1   30 0.85
   0   20 0.20
  18   55 0.20
  21   44 0.15
   8   23 0.55
  19   35 0.77
  19   42 0.08
   9   14 0.35
   2   32 0.46
  20   31 0.94
   6   45 0.19
   3   17 0.54
  20   32 0.88
   2   37 0.41
  16   49 0.55
  12   49 0.56
  22   58 0.74
  22   28 0.75
  19   48 0.46
  17   22 0.00
   4   33 0.61
  22   31 0.80
   9   11 0.44
  17   18 0.13
   6   22 0.53
  16   30 0.22
  21   36 0.61
   7   17 0.34
   6   22 0.03

  12   15 0.90
  14   27 0.88
  12   33 0.79
   3   16 0.83
  11   11 0.16
  15   19 0.50
   1   31 0.81
  15   48 0.65
   9   12 0.87
  21   36 0.87
   7   51 0.59
  12   13 0.04
  20   20 0.92
  12   41 0.46
  17   19 0.42
   6   41 0.89
  11   34 0.54
  13   14 0.00
   0   31 0.42
   1   34 0.86
   5   47 0.71
  15   22 0.36
   7   11 0.93
  11   43 0.91
  15   19 0.24
   6   33 0.08
  12   17 0.72
   6   41 0.75
   8   38 0.75
  17   48 0.38
  10   50 0.17
  17   22 0.66
   9   20 0.13
  19   33 0.81
  19   40 0.04
  17   52 0.50
   2   43 0.57
  19   48 0.69
  11   22 0.85
  18   50 0.64

  15   24 0.16
   7   41 0.74
   8   50 0.88
  19   31 0.17
   9   54 0.81
   8   38 0.16
   8   36 0.46
  22   55 0.09
   0   25 0.53
   5   12 0.43
  13   39 0.60
   5   45 0.26
   6    7 0.27
   7   26 0.58
   4   33 0.13
   0   13 0.40
  13   37 0.12
  16   17 0.40
   2   35 0.13
   2   18 0.32
  18   51 0.38
   4   16 0.35
  13   36 0.00
  15   22 0.60
  15   56 0.81
   7   10 0.47
   6   14 0.48
  11   18 0.62
  16   36 0.59
   3   11 0.86
   8   20 0.94
  14   59 0.23
  18   32 0.65
   5   22 0.01
  12   46 0.03
   8   50 0.37
   2    4 0.93
   8    9 0.13
   6   50 0.34
  14   22 0.86

   5   41 0.57
   1   25 0.20
   5   43 0.56
   3   40 0.64
  11   22 0.40
  22   53 0.86
  20   53 0.63
  14   59 0.19
  12   37 0.64
   1   24 0.80
   7   26 0.59
  20   51 0.49
  12   29 0.80
  21   29 0.18
  15   25 0.99
  15   50 0.72
  14   50 0.95
  19   46 0.76
   8   25 0.23
  17   58 0.47
  11   34 0.97
   6   48 0.70
   0   42 0.50
   2   46 0.54
   7   31 0.77
  13   46 0.48
   6   15 0.42
   6   33 0.68
  13   48 0.95
  14   19 0.53
   4   32 0.41
  11   43 0.95
  17   53 0.39
   2   16 0.06
   9   34 0.75
  20   28 0.55
   0   12 0.06
   8   49 0.50
  17   50 0.86
  18   28 0.37

  14   25 0.83
   4   10 0.80
   4   10 0.30
  21   22 0.73
  21   41 0.65
  14   20 0.49
   2   30 0.73
   6   28 0.26
   2   34 0.31
  11   24 0.98
  10   29 0.33
  19   41 0.18
   9    9 0.52
   9   17 0.88
   2   27 0.36
   4   25 0.70
  20   64 0.81
   0   16 0.71
  12   32 0.02
   0   41 0.67
   8   32 0.52
  11   39 0.12
  12   55 0.49
   0   35 0.77
  14   59 0.18
  22   63 0.22
  22   58 0.14
  21   51 0.71
   2   36 0.16
   6   18 0.15
  12   56 0.04
  11   54 0.44
  12   50 0.58
  15   29 0.99
  17   55 0.66
   9   12 0.37
   1   15 0.24
   2   22 0.18
  11   31 0.61
  11   29 0.86

  17   46 0.84
  15   18 0.58
  22   41 0.70
   4   42 0.10
  11   25 0.32
   5   23 0.63
   2   18 0.39
  18   61 0.54
  20   59 0.56
   0   32 0.05
   4   45 0.04
  12   37 0.41
   6   11 0.59
  15   39 0.93
  14   51 0.46
   0    2 0.46
  21   28 0.95
   5   40 0.04
  22   37 0.27
   3    3 0.41
  13   54 0.98
   3    4 0.37
  18   58 0.08
   3   37 0.91
  14   41 0.88
  20   58 0.46
  19   42 0.67
  22   31 0.28
   1   33 0.53
   7   44 0.42
  17   48 0.96
  11   48 0.17
   9   34 0.31
  19   34 0.12
  12   32 0.54
  10   49 0.75
  16   52 0.80
   1   42 0.50
  14   16 0.25
  21   37 0.58

