3 25 8
12    4  10   2  10   2   2  10   4  16   2  10  10

  26   58 0.68
  61   85 0.16
  52   70 0.25
  50   55 0.20
  53   61 0.41
  13   41 0.78
  10   34 0.67
  31   64 0.64
  17   42 0.73
  53   63 0.29
  24   38 0.77
  48   55 0.47
   4   21 0.20
  48   64 0.05
  31   47 0.03
  33   39 0.88
  59   97 0.72
  27   37 0.69
  32   54 0.69
  51   77 0.32
  35   48 0.86
  48   79 0.38
  55   89 0.36
  20   50 0.10
  12   16 0.70

  19   51 0.85
  51   52 0.25
  26   53 0.20
  36   56 0.33
  16   23 0.21
   3   13 0.11
  31   47 0.33
  20   29 0.63
   0   24 0.48
  39   44 0.87
  43   72 0.47
  54   79 0.88
  52   60 0.69
  22   50 0.50
  45   59 0.80
  46   72 0.51
   0   24 0.75
  15   16 0.07
  37   68 0.36
  58   96 0.57
  22   52 0.39
  34   54 0.82
  14   39 0.49
  15   56 0.62
  62   93 0.52

  61   83 0.65
   7   17 0.13
  13   40 0.14
   8   26 0.66
  60   64 0.77
  56   89 0.71
  24   49 0.15
  26   54 0.47
  38   64 0.51
  18   20 0.05
  32   67 0.90
  11   42 0.19
  14   24 0.56
  47   48 0.90
   0   33 0.30
  25   60 0.58
   6   44 0.86
  33   40 0.77
  42   72 0.39
  62   78 0.72
  20   38 0.24
  29   36 0.76
  47   74 0.64
  59   81 0.51
  45   82 0.12

   1   22 0.44
   4   42 0.88
  60   70 0.15
  58   97 0.35
   2    3 0.68
  49   66 0.06
  62   72 0.94
   0   27 0.17
   7   37 0.53
  44   81 0.34
  10   34 0.82
  42   65 0.54
  19   56 0.46
  48   76 0.98
  43   56 0.68
  43   61 0.53
  25   55 0.71
  59   93 0.81
  55   92 0.86
  46   80 0.75
  62   94 0.94
  30   44 0.68
  49   58 0.44
  21   39 0.02
  46   83 0.64

  37   40 0.26
   6   11 0.10
  23   64 0.74
   5   10 0.66
  23   53 0.32
  40   80 0.21
  26   57 0.04
  22   41 0.13
  20   43 0.29
   9   17 0.32
  15   37 0.30
  16   36 0.11
  33   46 0.23
   3   34 0.45
  44   62 0.07
  49   90 0.10
  28   37 0.83
  40   79 0.33
  16   33 0.23
  35   37 0.93
  10   45 0.17
  45   79 0.47
  30   47 0.17
  56   90 0.77
  30   48 0.75

  20   41 0.95
  20   58 0.20
  57   68 0.38
  41   56 0.22
  11   35 0.02
  50   69 0.15
  42   65 0.74
  51   75 0.26
  36   57 0.56
  34   42 0.60
  21   26 0.21
  45   62 0.96
  44   85 0.91
  12   16 0.87
   3   19 0.86
  29   66 0.33
  53   83 0.02
  27   48 0.07
  39   59 0.33
  40   71 0.21
  40   62 0.49
  34   70 0.09
  24   59 0.54
  50   91 0.00
  47   82 0.51

   5   23 0.52
   8    9 0.25
  62   94 0.55
  45   52 0.20
  11   39 0.00
  27   57 0.19
  39   78 0.43
  14   30 0.33
   7   25 0.90
  59   91 0.04
  58   96 0.62
  15   29 0.61
   0   12 0.96
  34   46 0.10
   2   28 0.46
   6    6 0.98
  48   55 0.90
  21   50 0.65
   7   26 0.83
  33   48 0.59
   7   15 0.96
  47   88 0.47
  61   84 0.23
   4   23 0.90
  39   52 0.21

  48   68 0.78
  46   67 0.96
  59  100 0.85
  11   14 0.60
  30   57 0.92
  42   77 0.97
  53   61 0.82
  60   82 0.85
  41   46 0.50
  53   63 0.17
   4   24 0.21
  57   89 0.82
  39   73 0.37
   7   42 0.25
  11   25 0.05
  19   26 0.31
  26   38 0.01
  62   93 0.07
  26   39 0.17
  39   51 0.46
  18   39 0.83
   6   17 0.31
  51   80 0.07
  41   59 0.48
  19   43 0.18

  28   28 0.05
  23   41 0.21
  36   59 0.93
  23   60 0.56
  61   84 0.55
   7   26 0.40
  15   21 0.74
  50   78 0.50
  28   42 0.61
  12   26 0.66
  28   42 0.23
  45   74 0.71
  51   60 0.86
  32   36 0.88
  52   59 0.14
  59   83 0.97
  17   37 0.90
  62   84 0.43
  11   52 0.71
  61   70 0.43
   5   35 0.97
  58   72 0.31
  29   55 0.29
   6   11 0.62
  39   72 0.65

  31   68 0.97
  45   84 0.62
  20   28 0.47
  19   27 0.27
  57   62 0.67
  18   40 0.61
  44   77 0.20
  26   28 0.30
   3    7 0.10
  13   31 0.32
   3   22 0.13
  36   45 0.26
  36   49 0.15
  54   93 0.76
   3   29 0.77
  49   75 0.51
  38   77 0.32
  50   90 0.60
   7   34 0.49
  47   68 0.52
  47   57 0.13
  57   96 0.70
  13   17 0.52
  40   74 0.86
  35   39 0.21

  59   80 0.38
  12   27 0.93
  58   73 0.72
  62   79 0.14
  22   37 0.53
   2    6 0.05
   0   33 0.97
  38   48 0.57
  50   85 0.98
   5   20 0.61
  55   64 0.56
   3   29 0.52
   8   14 0.70
  29   34 0.39
  18   20 0.11
   8   20 0.90
  57   89 0.66
  19   19 0.26
  12   22 0.67
  17   47 0.24
  36   71 0.48
  16   30 0.07
   3   10 0.18
  15   31 0.93
  30   63 0.89

  57   73 0.21
   0   41 0.15
  37   54 0.82
  48   54 0.02
  57   75 0.29
   0   22 0.01
  40   66 0.49
  57   68 0.17
  27   60 0.79
   7   11 0.01
  42   51 0.70
  62   93 0.47
   7   41 0.48
  26   33 0.50
  14   44 0.95
  15   36 0.38
  44   83 0.25
  34   72 0.38
  40   69 0.07
  52   63 0.96
  26   29 0.95
  33   64 0.19
  21   55 0.88
  45   71 0.74
  46   85 0.75

