5 30 8
6   20   2  10  16   4   2

   1    3 0.04
   7   30 0.56
   2   25 0.52
  15   20 0.92
   7   17 0.82
  18   22 0.35
   7   32 0.07
  11   35 0.54
   8   35 0.67
   6   18 0.90
  28   45 0.34
   2   30 0.26
  25   41 0.77
  23   39 0.36
   3    9 0.50
  24   51 0.71
  14   25 0.14
   2   21 0.88
  17   26 0.21
   6   21 0.76
  18   34 0.89
   1    5 0.23
   8   12 0.42
  20   41 0.43
   5    7 0.52
  10   23 0.96
   3    6 0.26
  16   30 0.05
  25   30 0.83
  13   38 0.14

  16   31 0.88
   9   11 0.55
   0   12 0.49
  28   38 0.58
   4   18 0.56
  21   37 0.01
   4   27 0.61
  20   44 0.85
  19   27 0.56
  18   47 0.25
  28   36 0.07
   1   11 0.62
  19   37 0.83
   1   19 0.59
  26   28 0.70
  14   23 0.35
  15   36 0.63
  25   45 0.58
  14   33 0.04
  29   53 0.88
  28   47 0.12
  26   49 0.29
  17   31 0.33
   3   30 0.61
  17   35 0.86
  20   23 0.71
   4   32 0.93
  28   29 0.02
   5   12 0.03
  19   21 0.65

  14   22 0.17
  18   39 0.44
   3   29 0.08
   1   14 0.11
  16   21 0.59
  11   31 0.70
   0   26 0.34
  26   34 0.01
  16   36 0.60
  20   20 0.44
   8   22 0.54
  20   23 0.69
   3   25 0.21
   6    9 0.39
  25   30 0.86
   4   13 0.11
  12   12 0.62
  12   22 0.14
  17   38 0.63
  20   47 0.93
  26   44 0.80
   2    4 0.48
  11   24 0.91
  16   39 0.61
  13   36 0.65
   6   15 0.21
  24   26 0.80
   8   26 0.54
  27   34 0.64
  22   50 0.61

   0    6 0.80
   2   20 0.17
  16   35 0.77
   0   22 0.23
  21   37 0.51
  14   33 0.86
  27   36 0.54
  22   51 0.39
  12   33 0.18
  12   34 0.83
  29   47 0.03
   9   38 0.39
   4    4 0.14
   9   24 0.20
  17   42 0.47
  20   49 0.70
   4   10 0.17
  18   24 0.17
   3   31 0.00
  28   57 0.18
  23   52 0.79
  12   15 0.31
  12   27 0.68
  14   42 0.90
   4    9 0.55
  16   18 0.16
  11   17 0.01
  12   30 0.80
   7   20 0.43
  25   40 0.14

   7   19 0.98
  12   13 0.78
  29   41 0.82
  12   24 0.22
  16   22 0.14
   7   36 0.97
  25   30 0.06
   5   14 0.46
  15   38 0.42
  29   52 0.98
  26   51 0.09
   5   24 0.08
   1   13 0.58
  28   29 0.95
  28   31 0.63
   6    7 0.20
  23   34 0.44
  15   25 0.54
  10   13 0.20
  20   22 0.68
  15   25 0.76
  14   43 0.65
  19   21 0.86
   5    6 0.77
   1    1 0.25
  21   25 0.93
  24   50 0.35
  11   20 0.29
   0    5 0.25
  20   23 0.16

  22   37 0.44
  24   38 0.84
  16   41 0.52
  19   26 0.47
   3   30 0.37
  29   41 0.04
  20   43 0.90
   4    8 0.53
   2   18 0.72
   3   14 0.61
  23   51 0.87
  17   22 0.33
  15   37 0.67
  10   21 0.92
   0    1 0.65
  19   29 0.14
   5   26 0.78
  16   19 0.94
   1   29 0.96
  29   40 0.12
  29   31 0.40
   0   11 0.51
  13   38 0.17
   5   25 0.42
   1   21 0.45
  12   13 0.08
   9   29 0.96
  26   44 0.18
  28   55 0.92
   1   27 0.34

