5 60 4
3   10  16  20

  37   66 0.29
  35   59 0.04
   1    9 0.53
  24   37 0.21
  22   51 0.96
  20   36 0.83
  67   86 0.96
  57   60 0.07
 101  103 0.71
   1   29 0.67
  56   60 0.45
  61   84 0.99
  43   72 0.55
  71   72 0.65
  57   88 0.12
  87  118 0.73
  86  110 0.61
  38   51 0.20
   0    7 0.56
  98  122 0.46
  62   83 0.91
  44   58 0.51
  28   45 0.87
  18   36 0.04
   6   11 0.20
  16   35 0.70
  90  118 0.88
  28   47 0.80
  11   29 0.49
  23   23 0.51
  14   28 0.99
 100  110 0.87
  30   49 0.77
  73  103 0.19
  65   66 0.45
  92  110 0.82
   4   16 0.58
  98  105 0.49
  74   90 0.19
  10   32 0.56
  12   43 0.05
  49   53 0.10
   6   28 0.67
  53   60 0.04
   0   33 0.44
  28   60 0.54
  37   43 0.32
  50   57 0.87
  75  108 0.03
  81   82 0.23
   5   28 0.45
  76   87 0.50
  91  118 0.48
  59   72 0.88
  79  112 0.14
  30   56 0.72
  35   38 0.83
  36   43 0.40
   1   15 0.79
  87  111 0.51

  81  106 0.88
  86   97 0.83
   1   33 0.73
   7   17 0.24
  26   59 0.82
  23   34 0.64
  40   41 0.17
  70   80 0.68
  73  106 0.81
 100  100 0.68
  63   82 0.47
  61   90 0.04
  12   19 0.79
  80   96 0.86
  45   64 0.04
  58   62 0.56
  83   98 0.88
  23   35 0.28
   9   42 0.43
  35   58 0.67
  49   65 0.22
  44   48 0.21
  98  131 0.12
  51   53 0.95
  67   93 0.98
  45   66 0.08
  44   50 0.25
  52   56 0.71
   4   21 0.13
  29   35 0.64
  95  124 0.84
  75   91 0.09
  37   41 0.34
  34   44 0.72
  76   92 0.42
 101  107 0.82
  60   65 0.21
  74   97 0.57
  79  101 0.88
  83   83 0.62
  40   47 0.20
  74   84 0.90
  29   45 0.11
  29   35 0.04
   8   27 0.56
  74   75 0.72
  59   59 0.48
  53   59 0.94
  14   15 0.55
  13   29 0.62
  20   38 0.03
  94  105 0.21
  59   88 0.83
  56   66 0.58
  51   79 0.00
  57   68 0.80
  82   89 0.29
   7   32 0.93
   9   26 0.16
   3   10 0.78

  61   70 0.47
  99  116 0.33
  43   71 0.69
  30   57 0.25
  67   84 0.68
  11   20 0.77
  61   67 0.17
 102  116 0.77
   2   30 0.46
  60   83 0.73
  27   33 0.55
   0   16 0.44
  89   93 0.29
  14   20 0.65
  61   81 0.79
  98  100 0.56
  68   90 0.50
  42   70 0.66
  80   93 0.43
  18   36 0.86
  92  115 0.40
  71   88 0.71
  36   47 0.47
  55   58 0.72
  29   62 0.30
  26   36 0.07
   2   19 0.69
   3   20 0.70
  73   76 0.93
  81  109 0.65
  27   45 0.60
  40   49 0.16
  89  107 0.38
  34   47 0.90
   7   40 0.21
  83   92 0.68
  12   38 0.67
  44   45 0.37
  10   32 0.50
   9   17 0.42
  89   96 0.25
 100  103 0.39
  53   55 0.44
  63   96 0.64
 101  124 0.22
   2   33 0.23
 101  132 0.88
  56   69 0.71
  19   46 0.15
 102  116 0.93
  74   96 0.54
   0   22 0.01
   7   35 0.68
 102  128 0.49
  78   98 0.04
  59   83 0.61
  94  107 0.15
  18   31 0.22
  34   36 0.67
  68   74 0.28

