5 80 4
3    4  16  20

   0   26 0.41
   4   20 0.92
   3   14 0.43
   4    6 0.45
  35   73 0.85
  30   62 0.51
  15   32 0.17
  13   18 0.87
  30   53 0.73
  13   17 0.93
  38   75 0.47
  24   55 0.26
  24   51 0.92
  15   21 0.29
  38   40 0.17
  24   48 0.75
  17   35 0.69
  30   56 0.13
   9   11 0.71
   4   24 0.24
  32   64 0.64
  33   45 0.02
   8   16 0.76
  25   62 0.00
  29   37 0.02
  10   23 0.46
  33   66 0.90
  13   17 0.30
  11   46 0.20
  24   47 0.64
  39   54 0.40
  25   60 0.35
  33   64 0.29
  22   48 0.88
  25   55 0.25
  38   60 0.10
  34   69 0.89
   4   43 0.13
  14   17 0.64
  12   47 0.80
  11   29 0.13
  37   41 0.71
  38   48 0.21
   7   45 0.83
  13   35 0.65
  17   33 0.21
   3   26 0.95
  35   52 0.38
   3   10 0.11
   3    5 0.74
  17   40 0.51
  27   46 0.54
  37   57 0.61
   6   34 0.62
  10   34 0.40
  28   51 0.32
  29   63 0.17
  12   49 0.48
  31   38 0.16
   7   31 0.83
   8   27 0.89
  24   46 0.30
  11   12 0.62
   7   34 0.96
   1    2 0.15
  37   57 0.85
   9   45 0.84
  16   37 0.43
  34   62 0.29
  22   29 0.26
   1    8 0.84
  33   63 0.60
  20   52 0.43
  32   50 0.36
   6   45 0.42
  11   33 0.78
  25   27 0.43
   5   24 0.06
  27   39 0.04
  19   33 0.95

   7   28 0.46
  26   54 0.40
  38   58 0.89
  29   54 0.52
  30   38 0.10
  12   47 0.26
  37   75 0.94
   1   12 0.55
  29   40 0.84
   6   44 0.33
  32   34 0.58
  19   52 0.42
   1    3 0.11
   7    9 0.10
  22   37 0.72
  22   41 0.86
   7   16 0.88
   2   39 0.62
  19   32 0.26
  24   48 0.37
  12   12 0.72
  29   63 0.54
  33   53 0.25
  12   12 0.51
  18   35 0.60
  23   27 0.27
  22   27 0.63
  12   18 0.47
  12   29 0.71
   4   42 0.62
  30   31 0.76
  22   37 0.37
   5   17 0.45
  11   13 0.87
  26   65 0.97
  26   55 0.79
  30   58 0.66
  10   10 0.62
   0   17 0.28
  33   34 0.73
  30   57 0.29
   0    8 0.21
  28   53 0.56
  15   46 0.64
  14   20 0.39
  36   62 0.71
  23   31 0.60
  36   63 0.90
   4   33 0.71
  12   42 0.29
  14   38 0.34
  16   20 0.51
  31   40 0.67
  17   24 0.07
  30   33 0.23
  30   61 0.66
   3   41 0.55
  33   45 0.82
  38   58 0.48
  34   50 0.31
  31   57 0.37
   5   23 0.79
   4   41 0.67
  30   65 0.12
  22   42 0.49
  29   56 0.55
  35   43 0.91
  34   50 0.94
   2   18 0.38
   1    4 0.17
  13   23 0.96
  10   10 0.74
   6   24 0.12
  33   37 0.64
  21   26 0.26
  13   39 0.72
  13   38 0.00
  23   30 0.58
  39   76 0.80
  35   38 0.83

   6   21 0.86
   4   41 0.52
  36   58 0.96
   6   10 0.49
   3   25 0.77
  33   55 0.04
  32   60 0.74
  21   50 0.04
   9   30 0.89
  31   49 0.63
  21   32 0.34
  37   39 0.09
  34   70 0.12
  17   46 0.59
   5   21 0.58
   2   30 0.85
  24   53 0.61
  17   17 0.75
  10   34 0.67
  37   63 0.66
  28   32 0.81
  24   52 0.85
  10   18 0.01
  38   63 0.35
   0   32 0.58
  34   51 0.37
  25   46 0.61
  27   61 0.62
  24   42 0.11
  17   33 0.63
  38   75 0.39
  34   52 0.89
  15   52 0.53
  26   55 0.32
  11   33 0.09
  12   35 0.00
  32   63 0.51
  13   21 0.08
  14   44 0.31
   3   19 0.49
  36   44 0.85
  25   30 0.95
  20   30 0.95
   6   35 0.94
   3   12 0.20
  24   49 0.48
  16   19 0.83
  18   34 0.42
  30   53 0.86
  38   61 0.77
   7   14 0.89
  11   38 0.94
  19   35 0.00
  24   44 0.68
   0   12 0.75
   3   23 0.83
  17   46 0.59
  35   66 0.82
  33   59 0.87
  19   57 0.67
  38   55 0.99
   2   39 0.22
  36   53 0.37
  16   25 0.88
   7   16 0.93
  29   56 0.25
  12   29 0.07
   1   37 0.39
  39   52 0.17
  39   75 0.96
  25   58 0.00
   6    7 0.42
  34   39 0.68
   6   43 0.66
  35   62 0.52
  19   27 0.69
   4   28 0.99
  33   39 0.02
  22   36 0.39
  13   21 0.90

