4 30 8
6   16  10  16  10  10  16

  17   43 0.87
   8   42 0.55
  11   50 0.79
   6    9 0.97
   7   34 0.43
  13   16 0.40
   5   19 0.73
   1   51 0.68
  15   45 0.80
  15   43 0.36
   4   47 0.37
   7   14 0.91
   2   24 0.99
  11   24 0.78
  17   33 0.70
   4   15 0.72
  12   52 0.30
  11   62 0.31
   5   45 0.32
  13   45 0.66
   1   39 0.77
  12   23 0.04
   0   53 0.43
  10   18 0.64
   9   58 0.84
   1   37 0.08
   5    9 0.35
  10   46 0.00
   6   29 0.32
   8    9 0.91

   8   59 0.15
  10   55 0.43
  16   41 0.42
   0    5 0.36
  14   25 0.41
  17   20 0.61
   3   21 0.30
  13   46 0.63
  11   40 0.18
   9   15 0.95
  14   58 0.52
  16   53 0.50
   7   19 0.22
   6   35 0.72
   1   17 0.11
  11   32 0.42
  12   22 0.48
   2   15 0.85
  16   56 0.63
  16   37 0.32
   4   33 0.20
   0   22 0.73
   3   43 0.10
   5   55 0.94
   4   53 0.80
   7   35 0.96
  11   53 0.53
  13   17 0.62
   9   32 0.76
   2    3 0.03

   5   57 0.33
   2   40 0.33
  13   27 0.48
  15   30 0.87
  12   34 0.35
   2   42 0.92
   5   56 0.28
   9   54 0.29
   8   28 0.82
  17   49 0.82
  16   61 0.13
   7   45 0.90
   5   26 0.32
   6   54 0.95
   1   37 0.65
  14   61 0.51
  17   68 0.86
   4   24 0.83
   1   11 0.10
  12   33 0.23
   7   47 0.94
   6   35 0.86
  12   18 0.11
  15   41 0.48
   3   16 0.43
   7   49 0.39
   5   51 0.68
   8   47 0.47
  13   14 0.63
  17   24 0.07

  14   27 0.02
  10   16 0.55
   8   30 0.56
   1   47 0.19
   5   40 0.17
   7   28 0.73
  15   25 0.94
   4   22 0.69
   9   28 0.69
   9   10 0.93
   6   10 0.56
   3   45 0.27
   5   22 0.36
   0   19 0.71
  14   61 0.32
   9   11 0.58
   5   51 0.70
  11   40 0.31
   2   20 0.97
   1   51 0.61
  16   21 0.44
   1   49 0.42
   7   51 0.23
  12   59 0.04
   4   49 0.30
   5   45 0.91
   5   55 0.14
  15   51 0.11
   5   17 0.51
   6   38 0.85

   5   18 0.08
  15   63 0.18
  15   38 0.31
  14   42 0.85
   9   55 0.35
   9   46 0.07
  13   27 0.95
  12   53 0.19
   7   36 0.27
   6   24 0.15
  12   23 0.47
   0    1 0.88
   7   23 0.94
  12   21 0.80
  16   39 0.61
   7   33 0.19
   4   57 0.73
   8   26 0.35
   3   30 0.60
   8   52 0.01
   2    3 0.74
   1   14 0.61
  10   27 0.40
   6   53 0.26
  13   54 0.94
  10   22 0.03
  17   21 0.80
   1   30 0.41
   3    5 0.78
  16   26 0.03

  13   58 0.68
  14   34 0.70
  14   17 0.97
  17   44 0.07
  16   51 0.57
  13   53 0.33
   9   41 0.29
  11   44 0.09
   3   20 0.85
   6   50 0.74
   9   23 0.78
   4   44 0.44
   5   50 0.24
  12   28 0.64
  14   67 0.33
   6   57 0.77
   7   12 0.28
   8   27 0.10
  15   31 0.13
   3    5 0.54
   1   28 0.40
   5   54 0.89
   8   23 0.70
   4   19 0.18
  10   32 0.15
   2    2 0.86
   5   38 0.56
  17   45 0.02
   7   58 0.18
   6   28 0.19

