3 30 8
6    4   4   2  16  16   2

   6   12 0.85
   3   22 0.15
  10   36 0.11
   2   18 0.54
  11   45 0.56
  10   48 0.05
   7   12 0.46
  10   11 0.03
   5   34 0.91
   6   11 0.17
   2   40 0.20
  10   29 0.93
   2   32 0.66
   8   31 0.44
   0   33 0.12
  12   46 0.46
   5   35 0.31
   3   31 0.36
   2   33 0.69
   3    4 0.05
   8   48 0.88
  10   50 0.03
   8   12 0.40
  12   34 0.42
   8   22 0.02
   8   21 0.33
   9   34 0.70
   2   14 0.89
   7   46 0.15
   8   40 0.40

   7   34 0.58
   7   11 0.58
   0   16 0.82
   7   44 0.09
   3   20 0.14
   1   30 0.84
   0   12 0.09
   2   32 0.42
   3   32 0.60
   1   41 0.11
   2   12 0.66
   7    9 0.91
   2   18 0.23
   1   32 0.74
   2   10 0.54
  12   44 0.46
   2   15 0.38
   1   30 0.69
   9   25 0.86
   3   25 0.86
   2   10 0.28
   6   28 0.56
   6   20 0.96
   0    3 0.34
   4   25 0.77
   1   37 0.36
   8   34 0.70
   4    8 0.62
   2    7 0.12
   4   42 0.06

   1    7 0.72
  12   49 0.82
   1   25 0.14
  10   15 0.50
   9   20 0.91
  12   36 0.27
   4    8 0.10
   3   26 0.33
   6   42 0.52
   8   19 0.86
   7   27 0.49
   3    7 0.09
   0    6 0.50
   8   44 0.26
   7   38 0.81
   1   31 0.69
   5   34 0.27
   1   23 0.92
   1    9 0.41
   6   36 0.76
   5   30 0.50
  10   13 0.21
   3   36 0.03
   7   37 0.89
   8   11 0.01
   2   40 0.88
   4   41 0.29
   9   15 0.61
   0   10 0.36
   8   39 0.77

   2   15 0.28
   0   10 0.88
   2   24 0.82
   8   24 0.94
  11   20 0.31
   5   35 0.78
  10   17 0.95
   2   25 0.36
  11   42 0.75
   5   22 0.57
  11   41 0.26
  12   42 0.05
   9   38 0.27
   3   35 0.94
   9   46 0.51
   9   47 0.23
   3   34 0.06
  11   47 0.21
   5   20 0.84
   4   27 0.39
  12   39 0.34
   3   38 0.67
   0    5 0.32
   0    7 0.79
   9   48 0.48
   8   48 0.38
   1   34 0.41
  10   32 0.17
   3   17 0.58
  11   33 0.28

   4   10 0.83
   3   12 0.98
  10   14 0.60
   7   16 0.04
   6   33 0.93
  11   20 0.95
  12   22 0.30
   2    5 0.46
   8   46 0.58
   2   38 0.13
   3   35 0.09
   2   41 0.00
   6   11 0.98
  12   29 0.94
   0   34 0.41
   5   11 0.61
   8   29 0.27
  12   44 0.90
   1   13 0.34
   9   40 0.22
   5   41 0.22
   5   22 0.03
  11   18 0.42
   1   26 0.10
   2   12 0.55
   3   26 0.78
  12   32 0.10
   2   23 0.90
  12   24 0.52
  11   45 0.97

  12   37 0.03
  12   30 0.53
  11   49 0.44
   5   36 0.57
   4   27 0.39
   4   28 0.09
   3   17 0.16
   9   34 0.64
   0    2 0.04
  12   34 0.91
   1   26 0.65
   0    4 0.47
   3   34 0.72
   4   44 0.27
  11   27 0.69
  11   37 0.46
   8   26 0.51
   8   32 0.15
   2   37 0.83
   3   35 0.83
   5   23 0.25
   6   16 0.88
   9   35 0.41
   0   23 0.60
   1   38 0.96
   6   27 0.46
   5   14 0.93
   4   21 0.12
   7   13 0.92
   2    4 0.54

