3 80 8
3   20   2  16

  31   52 0.60
  35   91 0.36
  46   73 0.27
  85  125 0.15
  57  114 0.74
  60  120 0.26
  79  132 0.77
  79  116 0.14
  44   49 0.53
  52   94 0.35
  60   68 0.37
  46   67 0.84
  27   47 0.98
  20   41 0.54
  15   52 0.47
  82   93 0.69
  40  101 0.11
  59  104 0.14
  13   70 0.87
  39   71 0.48
  15   28 0.26
  72   90 0.41
  22   58 0.75
   3   36 0.50
  39   97 0.98
  22   47 0.68
  55   87 0.22
  47   72 0.60
   9   67 0.19
  22   72 0.25
  62   95 0.51
  47   47 0.41
  11   49 0.80
  30   77 0.30
  44   76 0.99
  25   75 0.32
  32   34 0.92
  78  106 0.95
   5   50 0.87
   0   19 0.35
  28   42 0.42
  53   79 0.62
  52   86 0.46
  64   77 0.85
  31   69 0.99
  54  102 0.65
  63  105 0.73
  59   97 0.48
  50   91 0.40
  83   86 0.68
  15   44 0.48
  47   57 0.98
  85  120 0.36
  63   89 0.16
  18   36 0.21
   4   63 0.17
  18   35 0.13
   3   49 0.47
  16   22 0.23
  53  100 0.52
  17   75 0.07
  16   49 0.25
   7   63 0.17
  87  131 0.09
  56  110 0.18
  61   66 0.55
  77  124 0.07
  81  120 0.44
   0   54 0.68
  75   78 0.06
  83  105 0.60
  64   94 0.78
  47  106 0.75
  41   58 0.23
  62   83 0.85
  24   77 0.42
  53  115 0.55
  24   69 0.60
  73   92 0.97
  21   50 0.58

  47   94 0.91
  68  130 0.77
  69   74 0.01
  61   97 0.66
  13   54 0.20
  42  104 0.73
  21   24 0.31
  63   82 0.89
  84  106 0.93
  37   37 0.79
  77  121 0.18
  93  101 0.01
  86   86 0.85
  90  111 0.57
   0    3 0.76
  45  101 0.60
  82   89 0.55
  93  127 0.39
  18   28 0.15
  10   72 0.34
   5   20 0.78
  54   62 0.43
  45  101 0.52
  25   67 0.65
  62   77 0.44
  23   30 0.48
   5   49 0.74
  21   64 0.63
   8   34 0.58
  35   92 0.47
  73   96 0.38
  25   74 0.00
  47   88 0.08
  11   72 0.50
  57  106 0.31
  29   37 0.88
  45   61 0.25
  67   92 0.19
  39   70 0.91
  55   95 0.82
  70  130 0.82
  77  123 0.28
   1   14 0.31
  90   94 0.45
  61  121 0.40
  90  142 0.01
  71  133 0.24
  89  130 0.70
  57  108 0.03
  21   30 0.41
  23   31 0.63
  30   84 0.23
  60   86 0.45
  72  105 0.01
   5   24 0.79
  47   93 0.38
  71   99 0.42
  29   38 0.66
   2   39 0.73
  29   86 0.57
   6   52 0.17
  72   94 0.78
  24   47 0.03
  13   49 0.93
  42   71 0.36
   6   29 0.25
  33   89 0.64
  25   60 0.05
  75  115 0.52
  79   84 0.72
  71   96 0.11
  79  103 0.01
  63  116 0.16
  60  107 0.17
  24   53 0.58
  51  109 0.30
  54   60 0.34
   8   52 0.49
  39   63 0.82
  30   52 0.36

  38   54 0.69
   7   58 0.79
   6   68 0.28
  11   66 0.02
  14   37 0.41
  46   64 0.54
  73  111 0.82
  34   78 0.97
  12   17 0.21
  54  112 0.65
  24   81 0.86
  86  130 0.35
  33   72 0.88
   4   46 0.48
  49   95 0.62
  22   51 0.74
  82   85 0.50
  18   19 0.34
  70  125 0.97
  53   58 0.92
  19   31 0.48
  12   48 0.26
  92  154 0.94
  82  100 0.33
  39   75 0.02
  41   47 0.67
  62   97 0.39
   9   51 0.72
  56   61 0.15
  77  131 0.68
  13   64 0.60
  52   63 0.37
  25   42 0.66
  28   90 0.99
  88  113 0.64
  75  112 0.31
   5   67 0.91
   3   46 0.52
  33   85 0.23
  93  149 0.20
  84   96 0.04
  61  119 0.60
  28   29 0.53
  15   45 0.82
  62   98 0.78
  12   24 0.03
  21   50 0.34
  28   62 0.69
   4    6 0.60
   0   46 0.07
  58  106 0.07
  35   83 0.61
  87  124 0.78
  77  122 0.58
  50   89 0.64
  90  106 0.22
  43   56 0.44
  59   70 0.26
  72  129 0.86
   5   32 0.17
  40   63 0.48
  91  134 0.75
  23   30 0.95
  79   95 0.77
  70   71 0.98
  66   99 0.78
  36   69 0.64
  17   78 0.74
  28   74 0.67
  77   95 0.60
  71  112 0.23
  11   56 0.13
  30   66 0.12
  35   57 0.97
  84  117 0.58
  40   96 0.81
  34   51 0.72
  29   80 0.93
  86  102 0.03
  87  115 0.24

