5 30 8
6   16  16  16   4  10   4

   7   25 0.62
   5   15 0.93
   6   14 0.25
  11   30 0.00
   5   18 0.40
   3   10 0.24
   6    7 0.44
   7   24 0.22
   5   18 0.99
   1   16 0.94
   0   15 0.19
  10   29 0.35
   8   20 0.83
   2   23 0.50
   5   13 0.44
   7   30 0.80
   2   19 0.69
   9   12 0.10
   7    9 0.05
   4   23 0.66
  10   12 0.25
   7   25 0.42
  11   15 0.61
   3   19 0.42
   3   14 0.77
   5    7 0.36
   1   22 0.17
   9   24 0.47
   8   15 0.78
   3   14 0.55

   0   11 0.56
   0   11 0.31
   8   21 0.98
   6   18 0.48
   4   17 0.78
   7   16 0.74
   0    4 0.69
   9   12 0.92
   6   16 0.81
   9   22 0.44
   9   11 0.76
   7   13 0.92
   6   17 0.60
   3   17 0.24
   9   11 0.16
   2    3 0.02
   6   13 0.57
  11   15 0.13
   6   11 0.51
  11   12 0.74
  10   25 0.53
   2   18 0.84
   3   13 0.65
   9   16 0.40
   2   19 0.54
   3   14 0.23
   6   15 0.12
  11   27 0.62
   7   24 0.80
   4   15 0.92

   9   30 0.32
   2    6 0.77
   3   16 0.95
   8   11 0.05
   2    2 0.49
   3    7 0.15
   2    9 0.00
   6   24 0.51
   8   19 0.69
   1    2 0.63
  10   11 0.30
   9   23 0.13
   4   10 0.35
  11   20 0.65
  10   14 0.72
   1   18 0.23
   1   14 0.53
   7   28 0.32
   0    9 0.28
   9   21 0.38
   4   25 0.33
   5   14 0.42
   1   14 0.54
   6   16 0.10
   3    9 0.51
   2    5 0.09
   4   11 0.74
   8    8 0.46
   4   12 0.04
   8   14 0.87

   0   12 0.30
  10   29 0.07
   8   12 0.62
  11   27 0.15
   7   28 0.24
   3   20 0.15
   1   20 0.39
   9   11 0.25
   6   21 0.90
   2   22 0.35
   4    5 0.16
  10   10 0.73
   9   28 0.60
   6   10 0.36
   7    7 0.23
   9   18 0.43
   9   25 0.22
   7   26 0.55
   2   16 0.71
  10   26 0.58
   5   19 0.65
  11   17 0.35
   3    4 0.30
   1   12 0.85
   6   10 0.20
   9   19 0.91
   4   24 0.92
  11   14 0.98
   7   12 0.10
   2    7 0.71

   1   19 0.11
   3   16 0.93
   8   22 0.27
   1   15 0.06
   6    9 0.58
  10   17 0.87
   5   17 0.19
   5   19 0.46
   2    8 0.74
   7   30 0.20
   2    6 0.06
   9    9 0.19
   4   26 0.53
   5    5 0.82
   5   16 0.73
  11   17 0.93
   5   20 0.05
   2    7 0.99
   7   30 0.04
   0    6 0.28
  10   13 0.37
   3   13 0.93
  11   24 0.45
   0    4 0.25
   8   25 0.39
   8    8 0.52
   8   21 0.88
   9   17 0.95
   2    8 0.31
   4    5 0.13

   1   21 0.87
   1   12 0.62
  10   16 0.02
   0   12 0.77
  10   27 0.28
   8   21 0.27
   6   10 0.69
  10   28 0.03
   9   11 0.28
   6   24 0.80
   8   17 0.75
   6    8 0.54
   3   18 0.27
   5   11 0.14
   9   11 0.53
   9   26 0.77
   8   23 0.86
   2   24 0.01
   2    7 0.93
  10   23 0.53
   8   18 0.33
   6   14 0.75
   9   23 0.57
   9   12 0.13
  11   34 0.54
   7   11 0.59
   2   23 0.40
   0   23 0.67
  10   18 0.80
   0   12 0.79

