4 100 8
3   16  10   2

  15   21 0.78
  32   36 0.01
  24   31 0.02
  22   38 0.34
   3   22 0.41
  25   44 0.97
  10   29 0.13
  16   21 0.05
  21   34 0.84
   9   18 0.06
  29   45 0.76
  30   31 0.36
  19   36 0.18
  39   40 0.48
  33   42 0.01
  10   16 0.88
   3    3 0.69
  42   58 0.11
  22   24 0.17
  17   22 0.76
  42   62 0.58
  33   33 0.11
  39   48 0.65
  26   36 0.80
  17   17 0.93
   1    3 0.42
   1   15 0.66
   4   20 0.75
  17   21 0.65
  27   36 0.73
  18   35 0.50
   0    1 0.44
   9   14 0.68
  38   43 0.43
   4   10 0.85
   6   13 0.26
  31   35 0.66
  23   36 0.30
   9   16 0.83
   4   10 0.49
   9   14 0.22
  35   44 0.36
  21   41 0.96
   0   11 0.16
  24   41 0.17
  26   34 0.10
  10   28 0.38
  18   21 0.44
   9   19 0.63
   1    9 0.87
  39   44 0.52
  31   40 0.46
  14   17 0.91
  15   29 0.19
   3    4 0.40
  28   48 0.04
   6   17 0.46
  31   40 0.72
  32   40 0.90
  30   33 0.20
  25   34 0.42
  35   40 0.13
  18   21 0.81
  27   43 0.42
  24   42 0.48
  23   29 0.78
  32   49 0.66
  23   33 0.55
  26   43 0.51
  42   55 0.36
   2    5 0.23
  17   23 0.74
  10   30 0.36
  41   61 0.29
  33   39 0.70
  11   27 0.55
  40   56 0.51
  39   43 0.91
  37   43 0.06
  27   33 0.18
  14   20 0.62
  35   45 0.40
  17   37 0.46
  38   57 0.89
  41   58 0.95
  11   23 0.56
  10   15 0.68
  36   51 0.20
   7   16 0.91
  22   33 0.07
   9   24 0.03
   2    7 0.48
  22   36 0.38
  41   42 0.93
  30   35 0.88
  39   59 0.82
   5   18 0.25
  17   22 0.11
  23   38 0.90
  42   52 0.18

   9   16 0.02
  28   47 0.51
  38   45 0.61
  16   23 0.80
  34   34 0.13
  28   32 0.43
  25   39 0.01
  32   50 0.66
  21   23 0.47
  11   19 0.98
  16   17 0.94
  21   34 0.06
  27   38 0.11
  31   42 0.63
  16   27 0.42
  25   37 0.65
  13   33 0.25
  12   31 0.86
  13   14 0.46
   8   17 0.61
  11   12 0.43
  40   60 0.41
  29   45 0.26
  34   43 0.11
   0    1 0.44
  37   47 0.71
  39   52 0.80
  21   27 0.77
  27   39 0.51
  27   33 0.54
  15   22 0.29
  27   31 0.34
   5   20 0.88
  17   20 0.02
  20   39 0.61
  40   47 0.98
  13   14 0.94
  42   58 0.48
  23   30 0.89
  20   34 0.08
   1    9 0.93
  20   34 0.41
   8    9 0.67
  31   43 0.09
  22   26 0.73
  21   39 0.56
  38   46 0.38
  12   19 0.55
   5   22 0.99
  22   22 0.69
  36   37 0.10
  21   37 0.66
  12   18 0.62
  38   42 0.51
   3   20 0.65
  17   17 0.50
  42   46 0.85
  13   18 0.99
   9   14 0.75
  37   48 0.09
   2   14 0.00
  27   27 0.31
  15   33 0.80
  16   30 0.11
   6   15 0.12
  26   34 0.78
   4   19 0.63
  33   49 0.36
  42   54 0.63
  17   33 0.93
  36   50 0.22
  15   16 0.29
  23   43 0.83
  27   36 0.18
   8   17 0.95
  30   47 0.94
  14   15 0.93
  13   19 0.99
  21   31 0.93
  15   24 0.90
   5   25 0.38
  15   28 0.25
  36   42 0.36
  16   32 0.71
   6   19 0.30
  19   35 0.25
  34   53 0.90
   5   13 0.20
  18   21 0.17
  27   46 0.63
  11   23 0.31
  13   28 0.68
  10   28 0.21
   7   12 0.46
  18   33 0.89
  41   42 0.06
  39   51 0.76
  31   36 0.31
  23   39 0.84
  16   19 0.02

  15   23 0.90
  36   36 0.70
   6   24 0.76
   4   22 0.66
   1   12 0.34
   8   23 0.58
  40   60 0.92
  27   33 0.97
  21   30 0.31
  18   26 0.19
  12   12 0.51
  40   59 0.22
  42   54 0.57
  27   36 0.69
   0   19 0.45
   9   19 0.57
  33   44 0.36
   4    6 0.63
  41   57 0.23
   3   21 0.33
  14   20 0.27
  18   29 0.01
  14   15 0.78
   1    9 0.10
   7   12 0.85
  11   22 0.78
  42   56 0.38
  39   39 0.66
   9   25 0.12
  32   37 0.41
  15   23 0.10
   5   10 0.41
  37   41 0.94
  14   34 0.83
  36   50 0.23
   4   10 0.38
  23   36 0.05
  34   38 0.53
  20   30 0.09
  23   37 0.62
  24   29 0.98
  27   30 0.86
  42   45 0.52
  41   44 0.55
  25   31 0.09
  15   17 0.11
  23   32 0.27
  12   17 0.66
   8   22 0.26
  29   48 0.04
   2   21 0.14
   5    8 0.22
  36   36 0.35
  21   26 0.55
  12   23 0.26
  42   57 0.25
  38   53 0.42
   9   28 0.88
   0   13 0.22
  24   33 0.87
  42   58 0.21
  38   46 0.80
  15   26 0.70
   8   20 0.00
   4    6 0.41
  13   26 0.83
  34   53 0.55
  32   52 0.53
   8   11 0.46
  21   25 0.86
  15   20 0.05
  13   20 0.66
   3   23 0.51
  39   48 0.46
  33   50 0.24
   8   28 0.50
  36   53 0.73
  35   48 0.21
   4   11 0.47
  27   33 0.85
  23   37 0.56
   7   19 0.42
  10   21 0.65
   1   12 0.02
   3   18 0.95
   3   22 0.87
  23   36 0.54
  37   37 0.11
  23   28 0.24
  31   49 0.12
  41   55 0.00
   5   15 0.89
   3    3 0.35
  24   39 0.51
  10   15 0.01
  18   24 0.63
  31   49 0.80
  23   31 0.95
  13   15 0.56
   7   24 0.71

