4 100 8
3   10   2   2

  20   25 0.37
  12   31 0.71
  10   38 0.99
  10   12 0.62
   5   35 0.18
  10   31 0.43
  13   27 0.25
   5   36 0.35
  10   17 0.02
  18   30 0.95
  19   31 0.28
   7   34 0.58
   2   19 0.12
  19   25 0.20
   6   18 0.46
  19   28 0.73
   4   24 0.09
  10   12 0.79
   6   20 0.57
   6    8 0.23
  18   19 0.46
  10   20 0.12
  15   21 0.56
  20   21 0.47
  17   29 0.10
  20   36 0.67
  16   27 0.33
   3    3 0.74
   5   30 0.00
   5   17 0.71
   7    7 0.61
   4   22 0.97
   2    8 0.02
   9   31 0.23
   2    4 0.07
  17   17 0.99
   2   27 0.99
   7   38 0.31
   2   21 0.93
  19   27 0.05
  14   24 0.01
  10   31 0.47
  12   18 0.67
  16   35 0.75
   6   25 0.22
   5   28 0.66
  12   23 0.85
  10   33 0.79
   3   26 0.48
  15   37 0.19
  15   43 0.64
   8   21 0.84
   1   17 0.22
   9   22 0.23
   4   12 0.37
  13   32 0.97
   3   32 0.10
  12   14 0.74
   5   35 0.42
   0    4 0.18
   9   20 0.60
  14   44 0.35
  12   42 0.44
   3   25 0.18
   9   11 0.45
   0    9 0.08
   3   32 0.79
  13   34 0.26
  11   29 0.44
  10   20 0.79
  15   37 0.60
   5   36 0.53
  18   49 0.55
   5   35 0.74
  20   45 0.92
   8    9 0.44
  20   31 0.26
   8   31 0.22
   4   17 0.90
  20   36 0.61
   6    8 0.16
  16   39 0.11
  11   19 0.92
  18   28 0.31
   1   11 0.95
  17   30 0.62
   7   26 0.65
  19   32 0.84
  10   22 0.17
   6   22 0.31
  10   33 0.41
   2   26 0.58
  12   41 0.06
   2   28 0.00
   9   21 0.68
  14   16 0.38
  15   33 0.56
   4   10 0.50
   8   10 0.16
  19   44 0.98

  19   22 0.93
  19   32 0.10
  16   32 0.67
  10   38 0.93
   0   30 0.65
  18   48 0.55
  10   39 0.80
  12   38 0.53
   0   15 0.24
   1   30 0.03
   4   16 0.65
   5   17 0.69
   6   19 0.61
  17   46 0.96
   8   21 0.68
   9   26 0.92
   2    9 0.71
  13   14 0.12
   9   10 0.21
  11   21 0.72
  20   36 0.07
  16   32 0.18
  12   25 0.24
   1   22 0.30
  11   20 0.91
  19   42 0.27
   2    4 0.95
   3   17 0.37
  10   24 0.45
  14   18 0.04
  10   21 0.78
   6    8 0.09
  19   22 0.55
  18   18 0.02
   5   29 0.33
  16   38 0.39
   8   38 0.82
  18   31 0.99
   1   11 0.35
  14   39 0.59
  17   41 0.25
  11   11 0.74
   7    7 0.61
  10   15 0.85
  20   36 0.56
  19   20 0.81
   7    7 0.18
   3   30 0.95
   3   34 0.28
  11   12 0.06
  17   26 0.28
  19   19 0.13
  20   23 0.09
   5   32 0.45
   7   31 0.09
  20   39 0.82
  11   16 0.74
   9   24 0.87
  10   34 0.67
   6   23 0.23
   5   18 0.08
   6   33 0.26
  16   31 0.85
   6   17 0.63
   4   13 0.77
  13   40 0.08
   9   15 0.24
   4   10 0.54
   5   30 0.79
   9   12 0.50
  18   43 0.25
  11   30 0.28
   5   34 0.68
  20   46 0.18
  11   42 0.76
   2   19 0.40
   2    4 0.56
   6   31 0.71
   8   35 0.60
  12   12 0.80
  20   30 0.50
   5   10 0.23
   2    5 0.92
   4   11 0.56
   1   28 0.38
   8   18 0.54
  12   28 0.09
   1   10 0.35
  20   30 0.47
  13   38 0.37
   7   14 0.33
   6    9 0.93
  14   23 0.27
   0    3 0.74
   5   12 0.89
   6   16 0.98
   4   18 0.40
   7   29 0.34
   9   28 0.78
   8   11 0.62

  18   23 0.14
   5   29 0.83
   3    4 0.77
  10   13 0.65
   0   24 0.01
  20   22 0.32
   5    8 0.84
   5   13 0.26
  18   46 0.37
   4   35 0.69
  20   41 0.43
   9   32 0.59
   0    0 0.15
  13   18 0.96
   3   11 0.91
  20   44 0.31
  12   29 0.30
   2   21 0.85
   7   21 0.32
  10   26 0.11
   7   23 0.74
   3   15 0.49
   9   15 0.25
   5   35 0.65
   4   28 0.08
   0   20 0.97
   7   16 0.01
  12   36 0.99
   3   13 0.63
   0    9 0.04
  10   32 0.53
   9   15 0.11
  17   44 0.65
   9   13 0.71
  14   40 0.81
  11   42 0.55
  17   48 0.73
   7   23 0.28
   5    8 0.02
  10   13 0.94
   2   25 0.28
   6   15 0.12
   1    8 0.75
  16   41 0.52
   5   29 0.81
  20   45 0.69
   9   24 0.86
  18   29 0.35
  13   42 0.06
  20   36 0.47
  17   26 0.18
   8   39 0.16
  18   33 0.92
   3    5 0.42
   2   15 0.83
  17   40 0.21
   9   28 0.70
  17   23 0.18
  12   27 0.26
  19   31 0.90
  14   35 0.34
  13   25 0.18
   0    7 0.43
   3    9 0.05
  19   38 0.00
  14   45 0.89
   4   33 0.19
   3   34 0.48
   9   20 0.67
  14   42 0.01
   9   33 0.93
   1   26 0.50
   7   16 0.12
   1   18 0.04
   1    8 0.91
  17   47 0.55
   4   15 0.03
   4   29 0.69
  17   33 0.81
  10   33 0.17
   1   24 0.41
   9   32 0.11
   2   27 0.95
  13   28 0.88
  18   49 0.00
   5   23 0.53
  10   31 0.27
  12   21 0.91
   5   23 0.90
   4   21 0.19
  11   28 0.32
  14   44 0.35
  16   22 0.77
   9   32 0.30
   7   37 0.60
   1   29 0.40
  10   14 0.65
   6    7 0.74
   1    2 0.72
   2   30 0.10

