5 60 8
3    4  10   2

  17   22 0.27
   3    3 0.17
   3    4 0.25
   8   10 0.09
   2    7 0.18
   5    9 0.55
  17   19 0.18
   6    7 0.69
   3    5 0.51
  17   19 0.05
  13   18 0.74
   9   11 0.67
   4    4 0.99
  14   15 0.28
   9   14 0.70
   1    5 0.96
  10   12 0.21
  16   19 0.07
   9   10 0.91
  12   14 0.97
   5    7 0.67
   0    0 0.15
   0    3 0.52
   4    5 0.25
  14   16 0.73
  11   14 0.17
  12   16 0.50
  13   15 0.34
  11   12 0.06
  17   20 0.43
   3    5 0.41
  13   14 0.66
   3    5 0.49
   3    8 0.08
   5    8 0.49
  11   14 0.82
   1    2 0.95
  10   14 0.39
  11   12 0.89
  11   15 0.94
  16   17 0.86
  17   18 0.49
  17   21 0.71
   9    9 0.41
  15   18 0.06
  12   14 0.72
   9   11 0.73
   8    8 0.15
   0    2 0.89
  11   12 0.03
   7    9 0.86
   4    5 0.82
   9   11 0.09
  13   15 0.92
   6    9 0.20
   0    5 0.69
   1    3 0.05
   0    5 0.38
  13   13 0.57
  16   19 0.66

   6    8 0.92
  15   15 0.15
   6    9 0.36
  17   21 0.52
  15   18 0.58
  14   18 0.03
   5    6 0.69
  15   18 0.81
  15   18 0.35
  14   18 0.38
   6    8 0.27
  17   18 0.41
  17   22 0.78
  17   19 0.47
  17   17 0.38
   8    8 0.42
   9   12 0.45
   0    2 0.06
   8   11 0.28
  17   18 0.41
  17   18 0.62
  17   17 0.12
   6   10 0.89
   9   10 0.30
   5    8 0.53
   1    2 0.85
   3    4 0.02
   2    6 0.72
   0    5 0.67
   4    5 0.41
  17   17 0.57
  12   16 0.83
   9   10 0.15
   9   13 0.54
   4    6 0.70
   3    6 0.02
   7   12 0.19
  17   17 0.68
  13   16 0.56
  13   15 0.23
  10   15 0.34
  14   14 0.74
   5   10 0.00
  13   13 0.61
  13   13 0.08
  17   22 0.81
   0    3 0.77
   7   11 0.68
   1    6 0.81
   0    3 0.07
   1    3 0.88
  10   15 0.76
   4    5 0.14
   2    2 0.42
  10   13 0.15
   7   10 0.60
   1    4 0.09
  14   18 0.33
  11   15 0.87
   9   10 0.23

   2    2 0.95
  15   15 0.71
  14   18 0.82
   2    2 0.33
  10   10 0.35
   7    9 0.02
  13   15 0.01
   1    6 0.02
   1    4 0.12
  11   12 0.54
  15   20 0.35
  12   16 0.59
  10   11 0.12
   8    9 0.74
  15   15 0.06
  15   20 0.18
  13   16 0.35
   0    5 0.90
  14   14 0.83
  10   10 0.83
   1    1 0.71
   6    8 0.58
   5    8 0.76
  13   17 0.61
  10   13 0.25
   2    2 0.94
  14   17 0.64
  12   13 0.88
   8   11 0.11
  15   16 0.22
   2    4 0.58
  16   20 0.61
   1    2 0.04
   4    9 0.28
  13   13 0.49
   3    8 0.59
  17   18 0.39
   8   11 0.85
  11   12 0.52
  15   15 0.95
   0    5 0.25
  16   21 0.05
  15   19 0.49
  13   16 0.06
  12   14 0.52
   4    7 0.06
  15   17 0.19
  13   16 0.58
   6    7 0.33
   0    1 0.34
  12   14 0.29
   8   12 0.46
  11   15 0.01
   5   10 0.50
   9   13 0.20
  14   16 0.63
   6    9 0.29
  14   15 0.86
  14   19 0.88
  12   15 0.63

