4 15 8
12   20  10   2  10   2   4  10  10   2  10  10  16

   1   23 0.20
   4   13 0.44
   4    6 0.55
   0   18 0.05
   4    5 0.85
   4   26 0.41
   5   16 0.68
   9   23 0.36
  11   19 0.35
  11   26 0.71
   1    1 0.40
   3   12 0.11
   3   25 0.58
   4    9 0.20
   6    8 0.87

   3   21 0.08
   6   11 0.00
   6   14 0.23
   9   27 0.36
   4   22 0.91
   9    9 0.45
   2   22 0.95
   7   15 0.98
  11   17 0.75
  11   23 0.42
   4   11 0.05
  10   21 0.94
   3   21 0.50
   4   13 0.84
  10   18 0.54

  10   27 0.26
   4    7 0.34
   5   10 0.87
   9   19 0.41
   8    9 0.26
  10   16 0.26
   4   13 0.27
   1   19 0.65
   8   31 0.42
   8    8 0.21
  11   27 0.46
  11   24 0.41
  11   34 0.32
   6   20 0.58
  11   15 0.79

   9   31 0.76
   9   14 0.22
   5   12 0.32
   5   24 0.41
   9   32 0.39
  11   15 0.66
   9   23 0.56
   7   16 0.54
   6   12 0.69
   0   12 0.60
   8   12 0.59
   5   11 0.50
   4   22 0.74
   8   24 0.24
   4   10 0.92

   1    3 0.07
   2   24 0.27
   5    5 0.26
   9   12 0.48
   2    2 0.28
   5   26 0.10
   6   18 0.70
   1   18 0.56
  11   12 0.42
   6   13 0.68
   5    6 0.60
   1    2 0.88
   1   18 0.73
   3   22 0.59
   0    8 0.11

   5   21 0.77
   7   22 0.38
  10   24 0.45
  10   31 0.96
   9   32 0.22
   1    1 0.43
   7   26 0.52
  11   23 0.49
   5   11 0.66
   1   13 0.48
   7   27 0.67
   6   24 0.15
   2   22 0.65
   9   14 0.77
   2   18 0.18

   1    4 0.54
  10   29 0.34
   3    8 0.89
   9   30 0.98
   7   14 0.55
   2   12 0.49
  10   16 0.70
   7   23 0.16
   1   10 0.67
   2    5 0.61
   8   31 0.28
   5    8 0.27
   6   24 0.61
  10   17 0.15
   9   14 0.86

  11   11 0.06
   4   22 0.32
   3    9 0.96
   0   22 0.59
   6   17 0.27
  10   11 0.79
   0   19 0.91
   4   18 0.62
  11   15 0.73
   8   29 0.62
   2    2 0.91
   9   20 0.90
  10   15 0.93
   0   11 0.73
   4   10 0.20

  11   22 0.08
   7    8 0.52
   3    5 0.22
  11   27 0.96
   6   14 0.40
   8   31 0.78
  11   25 0.10
   2   19 0.13
   2   11 0.33
   3   16 0.50
   6   24 0.28
   6   17 0.48
   1   13 0.83
   1    9 0.37
   3   20 0.63

   0   10 0.40
   0   18 0.16
   8   11 0.29
   0   22 0.53
  10   18 0.87
   6   25 0.07
   5   20 0.11
   5   22 0.88
   2    5 0.48
   7   10 0.43
  10   12 0.43
  11   15 0.11
   1    5 0.74
   8   12 0.16
  10   13 0.62

   7   29 0.92
   0    1 0.04
   3   17 0.09
   1   22 0.56
   7   23 0.97
   9   15 0.34
   6   18 0.42
  10   28 0.96
  10   23 0.63
   8   15 0.08
  11   26 0.53
   6   25 0.73
   5   27 0.23
   6    8 0.29
   9   17 0.78

   3   24 0.07
   9   23 0.96
  11   14 0.25
   4   13 0.04
   9   31 0.05
   4    7 0.20
   4   12 0.26
   6   26 0.49
   4    4 0.29
   6   28 0.19
  11   25 0.20
   7   23 0.81
  10   32 0.37
   7   18 0.32
   2   21 0.31

