3 40 4
6   16   4   2  10   4  20

  16  125 0.15
  71   85 0.17
 114  229 0.29
  62  189 0.96
  64  185 0.86
  27   63 0.90
  49  147 0.73
   0  129 0.71
  74  115 0.35
  76  169 0.77
   8   87 0.99
  34  149 0.80
  74   75 0.78
 111  114 0.16
 120  150 0.83
 116  182 0.87
  25  124 0.54
  66  128 0.90
  32   59 0.55
 121  174 0.11
  75   99 0.57
  44   57 0.28
   7  139 0.94
 128  208 0.64
  94  220 0.71
 135  219 0.50
  49   99 0.01
  32  146 0.87
  63   75 0.16
  94  105 0.24
  56  148 0.26
  22  145 0.05
  92  162 0.93
 119  121 0.03
  63   99 0.72
 101  150 0.68
  75  142 0.80
  85  212 0.66
  57   87 0.79
  29   79 0.23

  90  154 0.62
   6   25 0.41
 116  124 0.53
  56   85 0.97
  13  118 0.41
  38   70 0.69
  11   36 0.57
  83  156 0.44
  89  190 0.18
   5  126 0.13
  26  147 0.36
  12   46 0.30
  50  114 0.69
  79  129 0.32
 125  148 0.16
  12   35 0.76
 134  236 0.11
  56  124 0.86
   9  132 0.91
 100  229 0.25
 122  186 0.03
  65  191 0.87
  37  142 0.08
 137  221 0.70
  81   81 0.85
  89  136 0.14
 123  190 0.20
  63  117 0.96
  11   92 0.63
 108  167 0.27
  89  167 0.56
 106  148 0.77
  84  161 0.89
  84  153 0.16
 116  194 0.49
  55  166 0.19
  57  159 0.19
  56  157 0.68
  93  110 0.92
 134  242 0.38

  75  212 0.84
  45  103 0.05
 117  204 0.11
  48  175 0.89
  41   71 0.65
 107  236 0.78
 108  150 0.53
  74  100 0.94
  66   72 0.07
 118  222 0.97
  62   67 0.30
  48  169 0.41
  96  170 0.94
  74  136 0.36
 104  174 0.46
  99  162 0.39
   4   96 0.11
 107  170 0.64
  56  160 0.90
 107  131 0.07
  75  200 0.11
  66  145 0.02
  60  118 0.67
  70  138 0.90
 102  130 0.16
   3   39 0.96
  70  181 0.46
  43   63 0.59
 102  202 0.39
  50  130 0.12
  14   75 0.96
  40   43 0.60
  94  221 0.08
  73  111 0.48
  15   79 0.59
   4   92 0.19
  31   43 0.03
   8   72 0.44
  78   95 0.36
 127  203 0.88

   4  130 0.15
 138  153 0.61
 134  224 0.87
 110  237 0.35
  66   84 0.39
   4   80 0.29
  22   93 0.33
 116  151 0.69
  23   60 0.62
  69   87 0.03
  16   95 0.52
  69   76 0.10
 138  273 0.88
  26   82 0.13
 123  202 0.76
  15   84 0.14
  15  148 0.51
  21   69 0.47
  51  118 0.25
  57  125 0.41
 133  247 0.88
  77  163 0.90
   7  100 0.12
  96  152 0.68
  49  107 0.86
  66  108 0.97
 109  194 0.06
  56  106 0.37
  61   61 0.57
  76  201 0.58
  78  175 0.94
  56   87 0.92
 137  220 0.27
  59   82 0.64
  28  142 0.82
 127  168 0.51
  29   79 0.56
  16   22 0.48
 109  142 0.60
 123  218 0.80

  97  171 0.08
  28  140 0.23
  27   84 0.58
  87  205 0.89
  61  188 0.18
  91  160 0.31
   7  134 0.81
  75  177 0.61
 118  161 0.06
  74  184 0.36
  43   53 0.41
  93  171 0.97
  56  112 0.71
 121  256 0.72
  57  155 0.80
  90  178 0.40
  22  131 0.57
  85  153 0.05
  99  107 0.60
  27  102 0.67
 122  188 0.97
  51   80 0.03
  44  145 0.23
  70  150 0.31
 133  213 0.79
  45  137 0.90
  79  128 0.78
  69  133 0.81
 109  233 0.79
  62  142 0.93
  18   55 0.52
  32  138 0.15
  13   99 0.88
 124  198 0.10
  59  129 0.07
  12   27 0.08
   1   50 0.13
 123  184 0.84
  97  127 0.71
  42  177 0.38

  81  139 0.05
   2  115 0.36
  75  109 0.03
 130  134 0.06
   4  132 0.21
 100  171 0.56
   2  116 0.41
  21   57 0.89
  26  135 0.63
  32  100 0.02
 116  120 0.46
 108  218 0.09
  87  199 0.82
  16  103 0.15
  10   87 0.82
  36   37 0.61
 117  181 0.47
 102  175 0.61
  46  126 0.60
   3   46 0.24
 134  232 0.02
  89   94 0.82
  54  128 0.32
   1  117 0.52
  13  134 0.50
  92  167 0.62
  96  176 0.48
  33  144 0.75
  68  105 0.13
  85  103 0.49
  75  193 0.45
 104  143 0.15
  97  186 0.77
  11  116 0.18
 114  246 0.03
   7   45 0.26
  60  182 0.62
 100  191 0.85
  63  186 0.67
 104  198 0.87

