5 30 8
6    2   2  10  10  16  10

   2    6 0.47
   1    4 0.01
   1    9 0.44
   2    5 0.49
   6    9 0.34
   3    7 0.74
   5    7 0.73
   1    2 0.78
   4   10 0.78
   0    7 0.04
   4   14 0.51
   5    6 0.03
   0    3 0.43
   7   17 0.00
   0   10 0.64
   7   18 0.46
   8   11 0.36
   6    6 0.81
   7   13 0.46
   7    9 0.77
   7   17 0.20
   2   10 0.00
   7   21 0.71
   8   10 0.48
   4    6 0.66
   3   12 0.47
   8   24 0.98
   7   13 0.71
   3   17 0.44
   8   13 0.13

   5   22 0.77
   3    7 0.45
   4   20 0.98
   4    4 0.62
   2   10 0.68
   2   19 0.21
   5   12 0.60
   3   14 0.84
   4    6 0.93
   3    9 0.17
   8   14 0.58
   8   21 0.86
   4   18 0.72
   7   21 0.61
   2   11 0.64
   4    6 0.90
   0    4 0.69
   6   11 0.42
   4   11 0.60
   8   20 0.04
   5   15 0.04
   2    5 0.94
   2    8 0.18
   6   16 0.77
   2    2 0.24
   6    9 0.33
   2   15 0.50
   6   17 0.69
   0   11 0.16
   4    8 0.65

   1   17 0.40
   5    5 0.34
   4    6 0.94
   2    6 0.58
   4   13 0.89
   6   22 0.93
   1    1 0.78
   0   10 0.46
   5   19 0.37
   7   19 0.30
   5   16 0.09
   0   16 0.19
   2    5 0.61
   4   19 0.38
   8   13 0.73
   8   11 0.65
   6   17 0.81
   5   12 0.10
   0   13 0.05
   4   10 0.38
   0   16 0.05
   5    9 0.72
   6   17 0.84
   4   20 0.59
   6    9 0.76
   3    4 0.21
   2   11 0.55
   1    4 0.94
   4   20 0.17
   5    7 0.14

   4   10 0.22
   0   10 0.85
   6    7 0.26
   2   13 0.04
   5   16 0.79
   1   18 0.29
   0    3 0.13
   5   12 0.20
   4    9 0.57
   2   12 0.70
   2    5 0.17
   3   11 0.39
   5   19 0.99
   8   10 0.21
   8   15 0.50
   0   14 0.17
   7   17 0.18
   0   11 0.12
   1    7 0.25
   8   20 0.37
   2   12 0.00
   8   15 0.04
   5   14 0.46
   1    5 0.44
   5   19 0.10
   3    9 0.21
   1   14 0.37
   4    7 0.70
   5   12 0.18
   0    5 0.38

   0   11 0.66
   5   12 0.53
   8   21 0.00
   2   16 0.80
   0    9 0.69
   6   12 0.24
   3    3 0.54
   7   16 0.52
   8   24 0.30
   6    6 0.00
   2   15 0.35
   8   24 0.79
   2    3 0.06
   4   10 0.52
   8   12 0.26
   1    1 0.05
   0    3 0.89
   5    5 0.07
   7   15 0.51
   7   15 0.65
   7   19 0.69
   4    6 0.24
   1    3 0.06
   1    2 0.28
   0    8 0.60
   2    3 0.10
   6    8 0.45
   5   20 0.32
   5   22 0.62
   8   24 0.02

   1   16 0.23
   5   10 0.30
   7    8 0.26
   4    4 0.20
   3   17 0.78
   5   13 0.33
   1   11 0.53
   6    8 0.38
   6   16 0.33
   1   10 0.41
   5   15 0.31
   3    5 0.53
   7    8 0.43
   3   10 0.29
   8   12 0.17
   5   10 0.89
   4   16 0.83
   5   13 0.14
   6   21 0.40
   5    6 0.20
   8   18 0.17
   3   11 0.60
   5   20 0.76
   5   20 0.42
   1   10 0.31
   6   14 0.80
   1    9 0.19
   5   17 0.52
   8   24 0.59
   7    9 0.82

