5 100 8
3   10  16  16

  30   65 0.68
   3   16 0.95
  42   57 0.01
  21   28 0.28
  30   68 0.53
  22   23 0.77
  29   30 0.09
  25   40 0.58
  30   78 0.84
  20   58 0.37
  38   69 0.47
  28   74 0.90
   0   26 0.66
  40   77 0.69
  13   29 0.16
   6   14 0.12
  10   46 0.42
  45   67 0.94
   6   25 0.04
  10   13 0.14
  10   56 0.34
   5   24 0.18
  23   49 0.10
  41   85 0.50
  18   21 0.19
  42   78 0.76
  51   68 0.58
  40   69 0.33
   9   47 0.06
  43   77 0.26
  29   30 0.16
  10   54 0.67
  26   53 0.59
  37   85 0.95
  34   56 0.19
  42   90 0.55
  48   79 0.86
  48   91 0.13
  47   81 0.66
  30   47 0.71
   6   16 0.41
  16   53 0.40
   3    7 0.10
  25   74 0.12
  16   28 0.49
  19   64 0.08
  20   24 0.17
  41   81 0.10
  10   44 0.09
  24   72 0.84
  20   71 0.42
   0   47 0.51
   4   48 0.00
   4    7 0.12
   1   43 0.09
   4   17 0.52
  42   42 0.34
  37   41 0.88
  32   42 0.24
  28   55 0.12
  40   48 0.17
  11   42 0.38
  35   46 0.37
  30   68 0.04
  33   79 0.68
   2    5 0.73
  42   60 0.70
  46   87 0.51
  32   63 0.04
  18   26 0.42
  12   63 0.48
  37   88 0.48
  19   54 0.93
  44   69 0.08
   2   29 0.01
  42   81 0.97
  44   84 0.59
  43   84 0.15
  35   68 0.56
  11   13 0.85
  29   34 0.78
  13   59 0.44
  13   21 0.32
  12   21 0.36
  39   71 0.51
   9   43 0.75
  35   48 0.03
   4   23 0.69
   6   36 0.45
  32   74 0.94
  27   36 0.80
  33   80 0.01
  47   98 0.83
  48   92 0.50
  42   51 0.05
   5    7 0.35
  34   44 0.47
  14   43 0.86
  14   39 0.35
  32   72 0.12

   9   15 0.82
  43   70 0.62
  24   46 0.90
  16   26 0.27
   5   19 0.01
  29   36 0.13
  39   79 0.58
  47   75 0.12
  16   33 0.68
  42   51 0.37
  12   19 0.50
  37   83 0.85
   7   28 0.25
  37   60 0.64
  46   57 0.53
  18   69 0.50
  29   69 0.32
  24   32 0.09
  48   90 0.34
  17   37 0.98
  15   50 0.84
  45   91 0.76
  44   86 0.45
  49   72 0.01
   5   25 0.24
  19   57 0.25
  39   67 0.87
  47   52 0.51
  22   41 0.63
  13   44 0.22
  42   49 0.49
  29   45 0.97
  44   57 0.62
  50   99 0.44
  40   60 0.36
  25   49 0.99
  47   78 0.73
  19   34 0.46
  38   48 0.11
  49   89 0.58
  47   54 0.43
  44   90 0.24
  18   27 0.22
  22   59 0.07
  31   67 0.69
  28   52 0.23
  27   42 0.62
  43   62 0.04
  51  102 0.76
  36   64 0.89
  43   66 0.45
  24   42 0.86
  44   63 0.30
  26   46 0.39
  35   75 0.52
  42   83 0.75
  35   84 0.20
  19   36 0.37
  32   60 0.27
  25   42 0.21
   4   23 0.94
  26   38 0.86
  43   61 0.64
  40   73 0.70
  41   64 0.42
  42   71 0.31
  22   67 0.30
  24   75 0.66
  38   48 0.56
  42   74 0.61
  31   41 0.71
  19   58 0.66
  50   52 0.78
  27   59 0.03
  16   40 0.28
   6   31 0.95
  21   29 0.48
  18   46 0.89
  44   75 0.09
   2   29 0.43
   0   22 0.82
  27   70 0.62
  26   60 0.85
  40   75 0.94
  42   55 0.41
  37   75 0.48
  28   44 0.95
   4    7 0.55
  33   74 0.15
   3   39 0.65
  38   55 0.65
   2   33 0.33
  49   97 0.94
  38   71 0.76
  23   51 0.56
  21   45 0.92
  11   47 0.19
  36   72 0.45
  51   71 0.89
  11   53 0.49

  25   57 0.84
  10   12 0.65
  50   75 0.71
  30   71 0.01
  28   47 0.31
  17   44 0.74
  16   64 0.33
   2    9 0.12
  38   46 0.68
  42   78 0.90
  18   36 0.93
  19   20 0.10
  21   65 0.09
  43   83 0.86
  20   32 0.33
  25   50 0.33
  25   34 0.83
  12   23 0.21
  47   81 0.81
  41   48 0.07
   2   15 0.44
   2   41 0.61
  41   47 0.50
  42   90 0.22
  24   38 0.96
   9   35 0.82
  24   55 0.18
  24   59 0.87
  47   52 0.49
  36   77 0.09
   7   50 0.64
   4   13 0.15
  29   45 0.59
  18   57 0.58
  51  100 0.65
  17   39 0.59
  30   75 0.19
  27   72 0.09
  37   86 0.00
  45   49 0.99
  18   43 0.54
   6   49 0.10
   3   36 0.34
  15   39 0.14
  25   26 0.44
   5   41 0.56
  49   94 0.45
   0    3 0.28
   8   51 0.37
  11   48 0.04
   1   27 0.74
  31   58 0.93
  46   65 0.09
  41   45 0.22
  10   14 0.97
  34   44 0.04
  14   65 0.80
  35   57 0.82
  20   45 0.65
   2   49 0.82
  12   13 0.84
  14   47 0.59
  51   79 0.75
  42   77 0.49
  17   56 0.70
  15   56 0.28
  42   48 0.59
   4    6 0.35
  31   72 0.21
  33   50 0.93
  47   62 0.97
  39   78 0.84
   0   21 0.05
  48   70 0.57
   9   21 0.41
  41   73 0.95
  26   68 0.04
  48   66 0.44
   1   45 0.10
  23   60 0.91
  15   58 0.27
  32   81 0.63
  20   60 0.23
  33   59 0.73
  38   68 0.00
  24   32 0.14
  15   15 0.58
   1   44 0.48
   7   56 0.01
   7   37 0.14
  21   48 0.61
   2   50 0.66
  22   66 0.04
   2   46 0.35
   5   25 0.15
  26   40 0.18
  18   34 0.13
  37   85 0.24
  36   42 0.45
  35   81 0.58

