3 15 4
12    2   2  16   2   2  10  16   4  10  10   2  16

  52   77 0.61
  14   53 0.19
  27   38 0.63
  71  112 0.50
  38   62 0.43
  60   60 0.17
  64  100 0.52
   5   48 0.13
  25   44 0.12
   5   46 0.03
  77   94 0.94
  41   79 0.85
  11   14 0.09
  29   64 0.74
  29   84 0.82

  78   93 0.38
   1   50 0.67
  41   48 0.87
  70   74 0.00
  30   55 0.83
  53   75 0.68
  25   29 0.16
  36   67 0.51
  65   84 0.09
  53  104 0.00
  50   59 0.43
  25   66 0.35
  61   90 0.96
  18   63 0.15
  79  115 0.41

   3   29 0.65
  80   83 0.42
  13   66 0.57
  32   40 0.54
  67  111 0.64
  41   85 0.78
  69  118 0.64
  61   97 0.80
  26   31 0.42
  56  106 0.87
  13   41 0.57
   3    5 0.25
  77   80 0.17
  52   87 0.25
  52  103 0.18

   5    8 0.45
  37   47 0.10
  43   74 0.03
  53   68 0.55
  43   53 0.11
  30   73 0.50
  41   97 0.81
  36   70 0.35
  38   83 0.60
  16   58 0.32
  77  114 0.97
  55   83 0.92
  16   16 0.89
  14   36 0.58
  41   45 0.81

  45   95 0.33
  55   75 0.92
  21   64 0.67
  54   63 0.51
  58   75 0.67
  54   65 0.50
  73   74 0.81
  54  110 0.36
  23   24 0.46
   4   51 0.10
  77   86 0.51
  66  111 0.33
  27   81 0.38
  38   76 0.58
  79  135 0.58

  43   87 0.36
  15   35 0.86
   6   16 0.46
  49   98 0.12
  34   37 0.70
  69  109 0.80
  36   41 0.36
  23   72 0.52
   3   27 0.06
  73   82 0.90
  76   77 0.99
  70  115 0.80
  58   75 0.17
  18   55 0.19
  47   68 0.18

  79   90 0.24
  60   89 0.54
  21   27 0.73
   2   57 0.65
   8   62 0.28
  81   92 0.63
   1   49 0.77
  32   76 0.86
  56   90 0.23
  52   84 0.89
  72  111 0.68
  20   45 0.68
   9   13 0.01
  84  129 0.89
  53   79 0.34

  38   54 0.53
   5   44 0.18
  69  110 0.00
  18   43 0.08
  40   81 0.41
  53   86 0.92
  28   71 0.97
  15   53 0.94
  58   93 0.94
  30   73 0.40
  69  111 0.56
  32   66 0.49
  80  123 0.49
  15   66 0.88
  72   78 0.22

  32   35 0.10
  20   74 0.81
  67   76 0.80
   1   38 0.46
  60  100 0.83
  33   38 0.67
  22   54 0.70
  25   26 0.31
  42   61 0.70
   7   12 0.79
  47   66 0.22
  52   77 0.11
  40   89 0.19
  33   72 0.25
   7   33 0.58

  12   39 0.18
  28   49 0.53
   6   59 0.62
  46   74 0.89
   3   27 0.04
  85  101 0.84
  69  112 0.13
   3    9 0.30
  28   36 0.63
  63   95 0.70
  68  124 0.48
  45   82 0.12
  27   38 0.77
  33   50 0.69
  35   65 0.75

  68   74 0.28
  29   31 0.52
  54  100 0.43
  77  131 0.31
   5   48 0.35
  69   94 0.67
  12   58 0.47
  49   74 0.55
   4   41 0.33
  30   31 0.29
  67   89 0.75
  24   79 0.40
   3   47 0.38
  45   75 0.16
   1   40 0.86

   8   22 0.06
  61   85 0.67
  32   59 0.40
  14   66 0.84
  43   69 0.71
  68  105 0.27
  37   91 0.44
  58   64 0.83
  20   26 0.58
  83  114 0.54
  63  106 0.08
  76   77 0.31
  23   28 0.27
  69  100 0.25
  76   99 0.51

