4 50 8
6   10   4   4  10   2   2

  22   37 0.23
  23   35 0.73
  18   42 0.27
  20   44 0.60
  26   48 0.48
  17   26 0.57
  18   20 0.79
   1   24 0.27
  23   23 0.39
   8   12 0.28
  11   32 0.19
   0   12 0.00
  22   28 0.04
   7   13 0.96
  25   49 0.75
   9   29 0.09
   7   31 0.22
   0    8 0.54
   6   25 0.63
   7   23 0.85
  23   47 0.33
   3    5 0.36
  33   53 0.15
  25   37 0.95
  30   41 0.38
   5    6 0.05
  20   30 0.53
  33   40 0.86
  35   48 0.52
  14   22 0.16
  31   37 0.86
   5    8 0.57
   6    8 0.60
  13   18 0.02
  12   17 0.34
  20   29 0.46
  21   32 0.03
  33   50 0.69
   9   27 0.47
  35   39 0.52
  16   40 0.19
  28   52 0.54
  17   29 0.15
  13   20 0.98
   2    5 0.39
  32   44 0.10
  33   43 0.99
  30   35 0.77
   6   26 0.60
  31   49 0.98

  23   25 0.35
  31   55 0.73
  19   22 0.08
  16   38 0.13
  32   54 0.60
  34   57 0.48
   4   24 0.49
  14   21 0.45
  33   35 0.06
  35   35 0.10
  18   18 0.30
  13   31 0.34
  20   28 0.18
  22   33 0.40
  21   33 0.24
  30   36 0.34
   8   29 0.90
   3   26 0.79
  35   41 0.00
  19   40 0.41
  12   21 0.75
  27   51 0.12
   7   16 0.59
  35   56 0.81
  22   27 0.50
  16   19 0.86
   7   14 0.35
  36   58 0.96
  20   29 0.14
  24   32 0.82
   8   17 0.08
  27   27 0.22
   4    5 0.80
  19   26 0.29
  29   34 0.30
  27   34 0.76
  12   34 0.13
  26   40 0.87
  34   53 0.21
   8   26 0.82
  16   30 0.73
  12   35 0.24
  28   43 0.57
   8    8 0.48
  32   33 0.65
  14   18 0.56
  25   38 0.20
  29   41 0.51
  28   41 0.55
   4   17 0.43

   7   15 0.88
  19   36 0.43
  18   31 0.43
  19   41 0.13
   2   18 0.74
   1   20 0.06
  11   20 0.68
   8   21 0.15
  28   32 0.20
  19   29 0.64
   2   15 0.59
  12   16 0.23
   3   25 0.29
  23   24 0.77
  12   12 0.67
  30   41 0.76
  33   55 0.10
  33   44 0.83
  17   21 0.10
  20   24 0.45
   8   27 0.39
   8   17 0.01
   3   24 0.64
   4   25 0.66
  10   26 0.09
  19   25 0.67
   5   29 0.34
  25   45 0.04
  22   24 0.99
  28   28 0.75
  27   41 0.77
  11   32 0.75
   0   21 0.47
  36   37 0.12
  26   39 0.11
   9   23 0.41
  30   36 0.53
  21   33 0.33
  23   45 0.69
  36   48 0.53
  32   51 0.48
   6   20 0.16
  35   37 0.46
  13   32 0.36
  35   54 0.97
   3    4 0.60
  21   42 0.91
  36   54 0.63
  36   46 0.97
  35   45 0.44

  12   23 0.95
  25   25 0.53
   9   23 0.39
  19   22 0.98
   8   31 0.05
  12   20 0.38
  10   10 0.61
   7   24 0.59
  16   34 0.41
   2   11 0.56
  22   38 0.94
   2    2 0.75
  12   19 0.96
  35   52 0.30
   3   15 0.20
  23   44 0.75
  17   40 0.75
  30   42 0.11
  25   45 0.43
  13   20 0.14
  28   45 0.13
  16   17 0.93
  14   33 0.82
  29   53 0.53
   7   14 0.95
  34   54 0.61
  27   41 0.04
  36   57 0.79
  18   30 0.35
  30   33 0.20
  33   40 0.35
   1   19 0.72
   4    7 0.89
  28   43 0.15
   3   23 0.04
   9   23 0.76
  24   30 0.18
  32   56 0.56
  25   27 0.22
  35   59 0.87
  36   45 0.46
  14   24 0.21
  19   30 0.56
  35   46 0.99
  25   37 0.08
  17   20 0.85
  10   33 0.88
  21   42 0.26
  10   30 0.75
  33   34 0.80

   3    6 0.30
  18   19 0.76
  36   36 0.12
  31   51 0.78
   5   19 0.76
  22   41 0.35
  13   35 0.02
  10   30 0.07
   1   16 0.27
  36   52 0.86
   2    6 0.09
  27   33 0.01
  19   43 0.99
  26   46 0.39
  15   27 0.46
  23   27 0.36
  17   39 0.31
  15   26 0.89
  14   17 0.46
  25   34 0.86
  34   54 0.95
  19   32 0.09
  31   34 0.45
   9   16 0.74
  28   44 0.18
  26   28 0.03
  19   19 0.01
   5   26 0.66
  14   35 0.58
  32   52 0.15
   7    7 0.56
  22   33 0.70
   7   15 0.58
   6   16 0.61
  33   39 0.74
  24   29 0.68
   6   30 0.87
  11   21 0.50
  34   37 0.35
  12   12 0.53
  32   32 0.54
  29   39 0.45
   5   22 0.80
  10   28 0.78
  22   46 0.01
  13   21 0.77
  12   13 0.35
   1    6 0.91
  32   41 0.71
  35   35 0.31

   5   19 0.24
  21   21 0.22
  21   26 0.21
  19   39 0.11
  20   21 0.78
  33   55 0.31
  33   44 0.59
  26   39 0.58
  11   27 0.19
  25   36 0.59
  24   27 0.75
   4    5 0.55
  15   39 0.36
   3    5 0.76
   3   25 0.80
  15   19 0.87
  22   45 0.63
  18   18 0.16
  26   40 0.02
  24   29 0.82
  28   50 0.02
  11   17 0.48
  36   44 0.24
   1    1 0.31
  25   35 0.71
   0   16 0.10
  22   31 0.82
  36   49 0.13
  31   37 0.29
  29   34 0.28
  30   34 0.85
  15   18 0.79
   8   19 0.10
  25   25 0.39
  32   53 0.36
  22   38 0.06
  26   49 0.57
  34   49 0.09
   4   20 0.44
  14   25 0.78
  11   15 0.67
  14   35 0.64
   3   11 0.78
   5   23 0.58
   7   16 0.44
   7   30 0.95
   1   13 0.04
  26   46 0.83
   9   11 0.00
   3   18 0.57

