3 40 8
6   10  20  16  16  16  20

  31   93 0.77
  24   41 0.97
  34   69 0.31
  24  128 0.65
  38  135 0.92
   7   42 0.45
  15  128 0.83
  17   58 0.49
  13  117 0.11
  35   84 0.95
   9   97 0.53
  16   97 0.27
  15   77 0.63
  11   59 0.41
  26   77 0.25
   5   31 0.38
   1   76 0.32
  15   20 0.20
  27  141 0.00
  26  143 0.41
  17   34 0.56
   1   79 0.76
   5   60 0.06
   8   72 0.02
   6  125 0.47
   0   79 0.94
  29   66 0.21
  25  115 0.61
   2   48 0.20
   9  124 0.83
   4  124 0.12
  23   26 0.37
  37   91 0.15
  39   56 0.67
  14   22 0.83
  19   85 0.95
   3   50 0.64
  13   36 0.30
   2  111 0.93
  39   81 0.34

  39   64 0.51
   2   52 0.97
  28  127 0.98
  24   28 0.62
  17   99 0.93
  13  104 0.01
  31  105 0.47
  23   85 0.56
   5   39 0.98
  17   41 0.80
  30  138 0.23
  39  113 0.66
  30  134 0.04
  26  118 0.12
  19   97 0.24
  12   75 0.72
   2    3 0.83
  17   24 0.93
   9  118 0.77
  35  149 0.38
  23   64 0.85
   5   70 0.13
  39  114 0.68
  12   15 0.83
  22   34 0.76
  35  120 0.46
   5   42 0.67
  31  128 0.06
  13  130 0.30
  39  130 0.27
  27  143 0.52
  31   57 0.91
  11   50 0.84
  27   97 0.87
  23  117 0.71
   0    8 0.96
   7   87 0.31
   0   83 0.07
   7  127 0.71
  15   30 0.45

  33  143 0.95
  11   14 0.13
  15  132 0.43
   2   68 0.60
  28   57 0.89
  35   54 0.81
  28   57 0.09
  37   61 0.02
   3   45 0.60
   0   54 0.95
  25   61 0.27
   7  120 0.03
  19   48 0.98
  38  135 0.21
  17  126 0.54
  13   35 0.00
  26  124 0.64
  10   98 0.83
  22  142 0.60
  38  156 0.29
   6   77 0.37
   4   81 0.16
  25   53 0.50
  23   72 0.08
  31   57 0.39
  22   72 0.24
  34   34 0.65
  39  106 0.05
   0   55 0.57
   4  102 0.71
  10   82 0.49
  22   28 0.91
   3  106 0.88
   6   41 0.59
  30   91 0.19
  10   85 0.20
  28   38 0.65
  34  136 0.61
  37  114 0.13
  18   90 0.55

   1   48 0.86
  37   91 0.32
  13   91 0.72
   7   89 0.46
   8   19 0.91
  11   50 0.68
  11   36 0.29
  32  153 0.66
  24   24 0.39
   5   59 0.77
  25   52 0.74
   6   28 0.94
  28   99 0.43
  28   71 0.82
  12   54 0.67
  39  148 0.88
  28   84 0.02
  35   79 0.16
  14   28 0.15
  30   31 0.24
  13   76 0.27
   2   67 0.06
  16   35 0.16
  27   50 0.63
  20   74 0.31
  32   67 0.79
  27   35 0.11
  24   75 0.32
  14   61 0.91
   0   27 0.74
   0   84 0.74
  36  154 0.04
  19   98 0.29
   0   58 0.93
  14   92 0.08
  19  101 0.16
  20   40 0.08
  14  108 0.17
  12   38 0.06
   6   49 0.70

  25  135 0.85
  21  120 0.48
  23   69 0.15
  15  102 0.83
  32   64 0.11
  31   34 0.45
  13   64 0.96
  16   50 0.44
  18  134 0.19
   3  123 0.59
  33   51 0.15
  13   56 0.55
  39   78 0.33
  24  140 0.27
   2   11 0.56
  23  110 0.05
  20  138 0.38
  26   29 0.20
  39   85 0.45
  35   76 0.84
   2    7 0.99
  38   52 0.40
  37   58 0.05
  34  141 0.70
  18   71 0.09
  17  118 0.13
  27   73 0.94
  11   39 0.92
  16   61 0.93
  30  127 0.04
   4   12 0.77
  38  144 0.11
  14  117 0.10
  32   44 0.05
  39  133 0.94
   2   79 0.50
   1  106 0.77
  28  101 0.59
  35   92 0.12
  10  114 0.32

  16   86 0.57
  36  102 0.38
  30   63 0.61
   3   85 0.88
  11   11 0.43
  16  101 0.86
  38   72 0.38
   2   79 0.41
  26  127 0.80
  29   82 0.14
   1  119 0.42
  28  114 0.22
  16  110 0.65
  34  154 0.81
  10   76 0.77
  13   55 0.46
   7   99 0.42
   1   70 0.88
   4   25 0.95
  21   94 0.52
   4   83 0.70
  35   93 0.33
  28   33 0.13
   9  106 0.71
  21  108 0.14
   8   91 0.07
   9   96 0.49
  23   92 0.01
  25   97 0.53
  37   65 0.18
   6   77 0.41
  20   89 0.56
  24  109 0.75
  39   67 0.20
  18   31 0.46
   9   57 0.80
  36   99 0.01
   8   17 0.76
  23   90 0.42
   3    8 0.02

