3 15 8
12   16  10  16  10  10  16  10  10  10  10  10  20

  19   37 0.14
  39   39 0.39
  26   26 0.44
  17   24 0.00
  21   36 0.73
  39   43 0.26
  34   53 0.98
  43   50 0.82
  39   51 0.68
  30   46 0.70
  19   29 0.97
  35   53 0.96
  34   37 0.24
   3   10 0.68
  33   37 0.07

   8   12 0.28
  17   31 0.53
  13   20 0.20
  27   33 0.09
  10   17 0.22
  22   40 0.29
  37   58 0.72
  41   52 0.60
  16   18 0.02
   1   19 0.81
  20   40 0.74
  11   16 0.21
  24   40 0.97
   5   12 0.81
  22   36 0.63

  30   40 0.40
  42   47 0.94
  39   59 0.46
  27   49 0.87
  24   45 0.79
  27   42 0.84
  10   32 0.85
  11   21 0.07
  28   36 0.55
  44   61 0.99
  45   60 0.78
   5   11 0.45
   3   21 0.59
  44   65 0.22
   7   13 0.89

   1   18 0.21
   3   17 0.49
   7   19 0.27
   4   12 0.80
  24   25 0.04
  36   53 0.81
  44   55 0.70
   1   22 0.61
   8   24 0.89
  44   64 0.71
  31   45 0.99
  44   44 0.65
  39   47 0.16
   9   29 0.23
  15   23 0.31

   3   24 0.38
  14   16 0.35
  17   36 0.51
   8   15 0.08
  24   39 0.37
  23   38 0.21
   9   10 0.61
  30   37 0.87
  16   21 0.92
  40   62 0.65
  23   38 0.86
   8   26 0.82
  17   24 0.30
  34   38 0.31
  26   37 0.71

   9   22 0.47
   9   18 0.75
  38   43 0.02
  13   13 0.78
  19   41 0.67
  32   33 0.58
  33   39 0.50
  32   53 0.67
  14   35 0.70
   0    8 0.44
  28   42 0.79
   6   26 0.84
   1   20 0.15
  17   37 0.19
  12   15 0.46

  30   43 0.58
  20   41 0.19
   8   24 0.27
  27   33 0.02
  16   21 0.01
  43   43 0.59
  26   45 0.56
  32   42 0.66
  25   46 0.74
  27   28 0.27
  23   30 0.08
  35   50 0.37
  24   42 0.47
  24   43 0.92
  40   52 0.31

  32   52 0.99
   3   23 0.55
   3    9 0.41
  44   47 0.85
  28   48 0.98
  15   22 0.11
  13   17 0.36
  37   48 0.39
  11   14 0.80
  44   46 0.68
  20   22 0.63
  11   24 0.81
  44   60 0.19
  24   40 0.10
   3    5 0.06

  23   30 0.06
  26   48 0.49
  26   32 0.78
  36   53 0.06
  37   41 0.92
  35   50 0.41
  32   34 0.11
  23   25 0.12
   5   11 0.30
  35   36 0.10
  37   40 0.02
  34   55 0.62
  28   50 0.56
  39   58 0.43
  45   47 0.09

  21   39 0.82
  24   46 0.74
  24   42 0.15
  17   22 0.64
  44   57 0.21
  22   24 0.95
   6   22 0.78
  32   53 0.72
  17   23 0.78
   7   12 0.24
  25   35 0.83
   8   24 0.12
  40   55 0.55
   5   24 0.76
  45   46 0.05

  30   40 0.43
   5    7 0.20
  20   42 0.78
   2   18 0.76
  14   26 0.66
   5   19 0.74
  14   15 0.74
  26   42 0.48
  12   33 0.80
   2    7 0.25
  21   25 0.03
  34   56 0.08
  14   30 0.84
   7    7 0.58
   7   11 0.57

  35   43 0.51
  18   29 0.54
  17   27 0.26
  32   54 0.34
  28   30 0.47
  45   46 0.42
  38   47 0.39
  18   20 0.50
  35   49 0.94
  32   48 0.00
  19   20 0.29
  39   43 0.32
  44   44 0.46
  29   48 0.91
  26   46 0.04

