3 20 4
12   10  10   4  16  20   4   2  20  20   2   2  16

  52  168 0.52
   1  127 0.27
  89  213 0.99
  77  147 0.64
  36  130 0.58
  91  171 0.11
   2   91 0.88
  34  127 0.63
  51  166 0.10
  11   14 0.54
  78  206 0.72
  69  194 0.44
  82  154 0.90
   6   14 0.56
  17   97 0.79
  42  173 0.05
  37   84 0.02
 104  257 0.27
  73  163 0.96
   3  159 0.80

  35  155 0.05
  16  137 0.16
  44  196 0.65
  85   90 0.30
  64  220 0.10
  58  117 0.03
  98  215 0.24
  33   83 0.89
  85  149 0.38
 102  231 0.11
  23  147 0.42
  20  117 0.64
  30  173 0.21
 102  225 0.22
  55  141 0.54
   1   43 0.92
  98  149 0.76
  37   46 0.00
  91  154 0.65
  78  145 0.17

   1   96 0.21
   6  109 0.42
  91  219 0.34
  71  161 0.89
  68  141 0.19
   9   31 0.53
  51  186 0.83
 102  223 0.25
  25   46 0.04
  11   81 0.28
  88  214 0.14
  89  188 0.18
  89  209 0.77
 104  119 0.91
  79  215 0.30
  49   60 0.63
   8   27 0.29
  53   92 0.41
  16  117 0.11
  91  222 0.76

  62  133 0.44
  27  121 0.52
  58   58 0.89
  46  124 0.41
  35  143 0.82
  43  193 0.11
  67  113 0.76
  84   87 0.99
 102  132 0.63
  36  171 0.95
 103  133 0.52
  61   69 0.82
  66  112 0.98
  18  141 0.62
  42  133 0.20
  42   66 0.25
  47  116 0.53
  70  173 0.13
   9   78 0.31
   8   54 0.38

  47   64 0.42
  48  185 0.80
  43  170 0.11
   1   16 0.53
  31  105 0.62
   0  147 0.67
  32  169 0.44
  62  106 0.63
  90  119 0.93
  59  198 0.42
  20  125 0.55
  41  154 0.66
  49  189 0.63
  35  184 0.01
   4   39 0.88
   1   29 0.51
  17  132 0.50
 104  180 0.62
   4   49 0.53
  64  115 0.87

  87  138 0.25
  46  155 0.83
  29  150 0.81
  45  132 0.75
  26   74 0.71
  51   67 0.79
  14   69 0.04
   5  102 0.86
  89   99 0.99
  72  110 0.92
  67  205 0.31
   6  118 0.04
  10   75 0.75
  32  127 0.13
   2   29 0.86
  47   51 0.68
  91  147 0.50
  28  175 0.09
  14   51 0.29
  11  128 0.05

  68  138 0.31
   9   46 0.21
  80  126 0.60
  39  177 0.33
   9   52 0.39
  59  109 0.01
  48  138 0.15
  63   72 0.67
  82  135 0.98
  55  107 0.76
  18  131 0.65
  52  208 0.59
  66  177 0.69
  15   27 0.05
  68  105 0.95
  72  184 0.02
  36  116 0.98
  78  209 0.53
  57  187 0.84
  52  158 0.86

  44   47 0.69
  68   93 0.27
  10  133 0.31
  81  199 0.07
  41   67 0.15
  63   99 0.62
   7  134 0.69
  67  110 0.91
  58  179 0.00
  60  113 0.97
  75  170 0.83
  55  137 0.31
  97  179 0.89
  31   44 0.51
  11  106 0.22
   4   87 0.27
  81  123 0.82
  93  143 0.17
  51   73 0.93
  48  169 0.83

   7  144 0.13
  15  102 0.49
  56  137 0.56
  54  174 0.63
  18  114 0.71
  45  128 0.13
  56  156 0.83
  14  107 0.96
  32  145 0.87
  60  152 0.11
  91  165 0.25
  22   34 0.44
  59  146 0.80
  95  111 0.06
  74  185 0.62
  13  123 0.23
 100  167 0.30
  93  115 0.89
  90  105 0.82
  91  162 0.86

  10  109 0.73
  49   65 0.22
  50  120 0.19
  34  161 0.64
  85  172 0.69
 104  260 0.15
  35   36 0.37
  45  153 0.35
  82  171 0.78
 103  130 0.24
  38  123 0.60
  80  140 0.89
  80  115 0.39
   7  147 0.44
 101  204 0.93
  31   98 0.83
  10   36 0.12
  43  185 0.74
  29   74 0.45
  78  137 0.46

  12  116 0.28
  10  153 0.78
 103  136 0.15
  73  177 0.84
  22  125 0.15
  74  130 0.96
  90  100 0.97
  39  101 0.52
  28   57 0.73
  82  122 0.26
  19   45 0.10
  25   63 0.29
  99   99 0.68
  10   92 0.97
  63  207 0.93
  63   73 0.24
  28   31 0.91
  90  170 0.83
  37  163 0.88
  29   73 0.89

   2   70 0.46
  40  169 0.83
  16  141 0.58
  32  136 0.27
  10  131 0.72
   5  142 0.94
  41   86 0.46
  25   42 0.83
  64  212 0.07
  62   93 0.08
  85  114 0.93
   0  126 0.31
  65  157 0.71
  42  136 0.81
  86  156 0.06
   8   33 0.42
  10  123 0.63
  80  142 0.82
  45   98 0.88
  80  208 0.14

