5 60 8
3   16  10  16

   9   14 0.62
   2    9 0.47
   5   14 0.67
   0    5 0.27
  10   17 0.72
   0    9 0.10
   2    9 0.13
   2   15 0.77
   3    6 0.21
   2   15 0.07
  14   26 0.51
  13   19 0.82
  14   23 0.08
  10   21 0.87
   3    4 0.05
   0   12 0.39
   0    7 0.28
   2    6 0.33
   9   17 0.27
   3   17 0.47
  13   14 0.11
   3   13 0.57
   6   13 0.43
   0    0 0.11
  12   19 0.53
   7    8 0.11
  13   20 0.10
   0    9 0.53
   3    6 0.48
   2   13 0.32
   9   22 0.39
   1   10 0.85
   5    6 0.42
   3   16 0.70
   3    4 0.97
   3   12 0.64
  14   18 0.89
   6   16 0.75
   9   20 0.83
  12   15 0.33
  10   20 0.70
   5   19 0.56
   2    4 0.85
  11   20 0.80
   0   12 0.28
  14   27 0.44
  10   17 0.13
  10   22 0.36
   2   11 0.39
   7   19 0.20
   7   10 0.56
   0   12 0.00
   2    9 0.88
   6   10 0.64
   4   17 0.50
   0    2 0.58
   2   11 0.79
  11   15 0.46
   2   13 0.79
   5    5 0.87

  10   15 0.30
   8   14 0.38
   9   17 0.59
  14   23 0.29
  14   17 0.80
   2    2 0.38
   9   16 0.47
  11   18 0.86
  12   16 0.27
   9   14 0.79
   1    6 0.85
  13   23 0.05
  12   25 0.86
   0   14 0.64
  14   26 0.82
  11   17 0.79
   0   14 0.54
  10   21 0.05
   3   11 0.67
  14   25 0.48
   4    9 0.10
  12   20 0.76
   3    7 0.57
   0    8 0.66
  10   11 0.25
   2   11 0.39
   3    8 0.25
   2   16 0.05
  14   21 0.91
   3    8 0.73
  12   24 0.27
   7   17 0.45
   5   16 0.71
   7   19 0.21
   4   15 0.40
   0    3 0.52
   1    8 0.03
   9   10 0.15
  14   27 0.10
   4    6 0.75
  14   14 0.09
   7   13 0.67
  11   19 0.71
   6   12 0.62
   0    1 0.69
  10   15 0.51
   7    8 0.43
   2   10 0.26
   5    9 0.75
  13   25 0.13
   1    2 0.82
   1   13 0.43
   7   20 0.59
  10   19 0.12
   8   20 0.52
  13   15 0.67
  14   18 0.14
  13   27 0.21
  12   21 0.91
  13   21 0.98

   5   14 0.31
   0    3 0.70
  13   24 0.05
  10   15 0.95
   5    5 0.42
  12   12 0.63
  10   11 0.88
   8   18 0.50
   1   10 0.20
   3   17 0.28
  10   15 0.06
  10   14 0.58
   1    5 0.27
   3    8 0.38
  11   18 0.01
   7   21 0.25
   1   10 0.72
   9    9 0.96
   4    7 0.65
   9   11 0.45
   9   21 0.46
   5   19 0.18
   9    9 0.88
   4   14 0.46
  10   23 0.57
  14   25 0.72
   8   10 0.59
   1    4 0.30
   3    7 0.83
   6   18 0.31
   5   16 0.18
   8   22 0.40
   7    9 0.30
  12   13 0.89
   7    7 0.26
   1   12 0.13
   5   15 0.51
  12   24 0.89
  14   15 0.49
  14   15 0.75
   2    6 0.29
  13   19 0.38
   0    8 0.83
   2    7 0.98
  14   23 0.14
   3    3 0.69
   8   12 0.82
   2   14 0.40
   6    8 0.01
   9   16 0.48
   4   15 0.75
   4   15 0.64
   1   15 0.96
   3    5 0.92
  11   22 0.87
  10   18 0.71
   0    1 0.96
  13   21 0.37
   2   12 0.55
   9    9 0.23

