3 80 8
3   10  10  20

  27   39 0.73
   0    5 0.01
  21   38 0.14
  22   33 0.49
   6   28 0.74
  24   54 0.70
  25   34 0.85
  17   31 0.60
  18   41 0.04
  24   42 0.24
  24   39 0.68
  18   31 0.36
  23   35 0.31
  31   57 0.79
  26   57 0.31
  11   11 0.52
   4   29 0.88
   5   22 0.28
  13   44 0.72
  18   50 0.75
  26   56 0.29
  22   54 0.75
   5   18 0.99
  17   34 0.51
   7   20 0.85
  10   28 0.36
  31   59 0.78
  31   42 0.00
   0   13 0.63
   3   22 0.92
  31   34 0.52
   7   32 0.17
   8   20 0.45
  20   50 0.97
  19   34 0.36
  10   32 0.39
  32   39 0.30
   6   26 0.08
  10   36 0.21
  30   55 0.80
  14   22 0.07
  32   49 0.54
  12   35 0.56
   7   28 0.54
   8   26 0.37
  30   30 0.45
   8   22 0.86
   8   12 0.25
  29   29 0.32
  28   48 0.72
   6    7 0.55
  23   29 0.97
  31   32 0.39
  29   34 0.92
  31   57 0.59
  30   32 0.99
  28   30 0.36
  23   23 0.01
   1   27 0.23
   9   18 0.94
  16   23 0.05
  22   31 0.05
  29   56 0.86
   2   12 0.01
  11   20 0.72
   1   26 0.63
  10   18 0.52
  22   28 0.44
  22   48 0.87
  27   37 0.15
   7   24 0.90
   5    7 0.43
  11   14 0.91
  11   43 0.36
   6   20 0.68
   3   12 0.66
  25   30 0.34
  14   26 0.58
  12   22 0.01
  16   25 0.25

  21   49 0.83
  12   24 0.01
   7   21 0.17
   1   15 0.22
  22   54 0.61
   4    5 0.02
  16   25 0.15
  28   28 0.70
  22   32 0.59
   3   21 0.90
  32   36 0.48
   0   14 0.93
  11   12 0.87
   9   40 0.44
  13   15 0.94
  26   48 0.41
  10   41 0.93
  17   49 0.10
   0    4 0.66
  17   31 0.60
   1   27 0.57
   3   17 0.54
  10   10 0.44
  19   45 0.03
  27   58 0.51
  24   26 0.33
  16   39 0.32
   1   16 0.26
   7   33 0.79
  30   38 0.33
  26   34 0.37
   1   19 0.46
   7   27 0.64
  31   56 0.72
  19   38 0.16
  10   24 0.39
   1   13 0.33
  24   43 0.17
   5   20 0.53
  11   32 0.27
  12   36 0.87
  32   56 0.54
  14   38 0.56
  13   36 0.33
  11   15 0.36
  24   56 0.25
  11   12 0.89
  16   27 0.13
  17   23 0.16
  12   19 0.35
  18   50 0.25
  13   21 0.71
  11   15 0.69
   2   18 0.54
  16   46 0.99
   3    9 0.94
  23   36 0.84
   3   22 0.90
   8   11 0.20
  24   53 0.16
   5   25 0.42
  16   17 0.87
  17   22 0.89
   4   27 0.15
  15   33 0.03
   0    7 0.53
   3   31 0.26
   0    6 0.62
  21   29 0.47
  18   45 0.48
  18   23 0.83
   1    6 0.69
  23   54 0.14
  31   46 0.65
  25   29 0.61
  20   29 0.06
  27   36 0.69
  16   40 0.61
  24   31 0.43
  23   37 0.01

  11   31 0.85
   4   28 0.49
  24   38 0.94
  29   57 0.57
  17   17 0.42
  15   47 0.06
   5    9 0.31
  31   41 0.23
  22   22 0.89
  20   45 0.66
   8   10 0.51
  28   38 0.38
  24   25 0.86
  32   38 0.99
  26   27 0.44
  16   26 0.68
   9   31 0.97
   5   31 0.95
  13   15 0.29
  23   24 0.65
  16   19 0.78
   7   35 0.67
  21   28 0.14
  25   39 0.42
  11   23 0.78
  22   32 0.08
   7   23 0.17
  26   47 0.92
  21   44 0.88
  20   41 0.00
   1    7 0.92
  10   10 0.29
   5   32 0.17
  13   23 0.77
   2   22 0.77
  14   36 0.82
  27   30 0.44
  24   42 0.03
  27   49 0.07
  24   55 0.34
  17   22 0.70
  20   30 0.74
   5   25 0.22
  30   59 0.54
  16   47 0.52
  26   29 0.82
   4    8 0.17
   8   36 0.18
  16   20 0.45
   4    4 0.34
  29   54 0.86
  24   41 0.10
   9   34 0.90
  29   51 0.88
  23   50 0.77
  30   35 0.61
   4   17 0.51
   5   14 0.19
  23   44 0.61
  30   49 0.99
   7    7 0.51
  30   36 0.53
  29   53 0.64
  22   48 0.61
  12   21 0.95
   1   10 0.62
  27   42 0.58
  11   22 0.06
   7   21 0.68
  28   52 0.05
  13   36 0.64
  18   42 0.15
   1    9 0.32
  19   41 0.38
   8   19 0.73
  12   12 0.82
  21   41 0.78
  32   40 0.47
  10   32 0.17
  31   43 0.15

