5 15 8
12   20  10   2   2  10   2  10  16  20  10  20  20

  11   11 0.71
  17   35 0.84
  11   26 0.40
   3   24 0.48
  17   36 0.62
  24   47 0.76
  22   33 0.18
  18   41 0.60
  13   13 0.06
   8   32 0.59
  14   24 0.59
   9    9 0.01
  21   45 0.85
  21   41 0.14
  21   39 0.26

   5   25 0.51
   6   23 0.20
  19   42 0.56
   5   18 0.03
  25   45 0.64
  24   40 0.99
   9   12 0.61
   1   24 0.09
  14   32 0.75
  20   38 0.69
  15   18 0.55
  21   39 0.01
  16   29 0.90
  10   34 0.52
  17   32 0.36

  17   21 0.93
  10   10 0.16
  16   31 0.90
   8   23 0.91
  16   39 0.58
  22   25 0.62
  15   33 0.69
  12   30 0.52
  11   17 0.50
  23   25 0.27
  18   26 0.07
   3   16 0.33
  10   21 0.93
  19   30 0.06
  15   28 0.42

   0    7 0.66
  19   40 0.82
  25   26 0.61
  21   36 0.14
  13   31 0.35
  11   18 0.97
  10   12 0.56
  11   13 0.70
  16   29 0.25
  24   39 0.23
  22   28 0.11
   2   16 0.04
  19   37 0.47
   6   22 0.74
  14   20 0.15

  21   46 0.20
   9   24 0.11
   7   22 0.74
   8   27 0.98
   8   23 0.85
  24   34 0.92
   0    7 0.23
  10   28 0.56
  18   22 0.14
  10   14 0.13
  14   39 0.00
   4   16 0.73
  14   35 0.90
   2   13 0.26
   9   31 0.31

  15   20 0.06
  23   42 0.82
  24   42 0.58
  12   12 0.27
  10   28 0.28
  11   18 0.87
  11   13 0.57
   2    8 0.15
  15   37 0.35
  10   33 0.12
  20   21 0.11
  14   37 0.59
   1   20 0.85
   4   13 0.21
  21   42 0.12

  12   18 0.44
  10   28 0.02
  23   47 0.96
  23   38 0.70
   1   11 0.03
  16   38 0.08
   9   27 0.42
   7   16 0.92
   4   12 0.39
  20   23 0.99
  22   24 0.98
  14   26 0.13
  20   26 0.44
   7   13 0.43
   3   27 0.74

  20   43 0.29
   4   24 0.15
   7   18 0.59
   1    8 0.95
  20   44 0.61
  23   44 0.91
  25   47 0.24
  22   41 0.03
  20   29 0.93
  21   34 0.75
   0    4 0.91
   8   22 0.44
  10   28 0.82
  18   37 0.13
  18   19 0.07

  22   37 0.66
  18   19 0.86
  21   30 0.47
   0   10 0.43
   8   27 0.68
  14   32 0.04
   2   19 0.84
  21   31 0.95
  22   30 0.71
  21   30 0.31
  12   26 0.01
   8   33 0.65
  10   18 0.56
   7   17 0.21
  25   45 0.33

  25   40 0.39
  22   23 0.72
  17   17 0.24
  22   41 0.43
   9   19 0.62
  24   31 0.73
  14   29 0.60
  15   36 0.82
  14   38 0.45
  13   30 0.15
   7   32 0.84
   0   19 0.54
   5   16 0.86
  13   24 0.86
   6   26 0.46

  25   41 0.60
  25   48 0.72
   8   12 0.78
  25   46 0.36
  22   41 0.82
   3   24 0.75
  18   27 0.65
  12   26 0.57
   1   24 0.65
  23   31 0.36
  18   30 0.32
  23   40 0.80
   9   13 0.39
  10   21 0.36
  22   24 0.29

  24   48 0.88
  16   32 0.33
  18   34 0.87
  21   35 0.43
  22   44 0.27
   1   23 0.47
  22   35 0.88
   3   12 0.10
  17   25 0.91
  20   36 0.90
   7   25 0.11
  21   31 0.93
  11   13 0.33
  14   26 0.28
   8   17 0.54

