4 30 4
6   16   4   2   4   4   4

   3   12 0.23
   2   12 0.25
   6   13 0.04
   2   15 0.35
   7   15 0.10
   4    7 0.18
  12   16 0.85
  10   17 0.90
  12   21 0.57
   6    9 0.61
  13   17 0.90
   0    2 0.48
   5   10 0.58
   8    9 0.57
   9   20 0.45
   8   17 0.21
  12   25 0.41
  13   15 0.49
  13   21 0.22
   9   14 0.23
  14   19 0.80
   0    6 0.68
   4    9 0.40
  11   16 0.91
   5   13 0.37
  11   16 0.23
  12   14 0.10
   4   12 0.78
   2    6 0.68
   7   20 0.15

  12   14 0.50
  12   12 0.04
   1    7 0.54
   9   11 0.84
   7    8 0.53
   0   13 0.11
   2    7 0.34
   8    8 0.93
   0    4 0.13
  13   19 0.44
   7   21 0.77
  11   24 0.29
   4    6 0.11
  12   20 0.22
   7   16 0.81
  13   20 0.17
   4    9 0.07
   6   10 0.59
  12   16 0.94
  10   11 0.20
   4   18 0.42
  13   20 0.51
   5    6 0.50
   1    1 0.08
   8    9 0.18
  12   17 0.18
  12   16 0.02
  12   25 0.74
  13   26 0.80
  14   27 0.30

   3    9 0.76
   2    2 0.48
   2   14 0.09
   3   15 0.22
  10   14 0.58
  13   23 0.52
   3   12 0.38
   7    9 0.13
   7    8 0.83
   5    5 0.16
   1    8 0.91
   1    2 0.86
  10   21 0.97
  12   18 0.81
   4   13 0.57
  11   20 0.51
  11   16 0.19
  10   20 0.41
   3    6 0.06
   7   16 0.75
   9   10 0.60
   4   11 0.96
   7   15 0.13
  11   19 0.13
  11   14 0.60
   2    8 0.61
   4    8 0.62
   6    7 0.78
  10   16 0.66
  14   17 0.20

   4    7 0.28
  10   15 0.54
  10   12 0.74
  12   13 0.00
  14   21 0.09
   0    6 0.66
   6   17 0.76
  14   15 0.75
   6   13 0.61
  10   20 0.28
   2   13 0.21
   1    9 0.21
  14   24 0.94
   4   18 0.96
   0    1 0.20
   9   17 0.68
   0    8 0.12
  11   25 0.15
   5   12 0.68
  10   15 0.55
   5   13 0.33
   9   11 0.29
   9   18 0.84
   0    9 0.42
  10   23 0.03
   8    8 0.87
  10   18 0.55
  10   17 0.23
   3   13 0.87
   6   12 0.81

   5   19 0.26
  10   16 0.87
   8   18 0.16
  10   17 0.05
   7   17 0.63
   9   14 0.14
   7   20 0.61
   5   19 0.76
  13   22 0.27
   9   23 0.71
  10   19 0.56
   8   11 0.29
   0    3 0.39
   5   11 0.02
  10   24 0.44
  12   13 0.55
   6    9 0.66
   5   19 0.20
   5   11 0.84
   2   15 0.78
  11   15 0.27
   2    8 0.52
   7   14 0.56
   1    6 0.82
  11   25 0.93
   9   19 0.71
  10   10 0.40
  10   19 0.43
   4    4 0.42
   2   13 0.53

   2    2 0.15
   4   16 0.81
  12   15 0.57
   4   11 0.41
   9   18 0.30
   0   11 0.59
   2   13 0.38
   1   15 0.28
   4    8 0.21
   0    8 0.69
   1    4 0.12
  11   19 0.77
   9   12 0.45
   0    5 0.42
   0    8 0.97
  12   19 0.84
   2    8 0.32
   1   13 0.82
   8   20 0.05
  13   22 0.11
   1    6 0.41
   6   12 0.29
   1   11 0.56
   6    8 0.80
   8   22 0.47
  14   16 0.65
   8    9 0.64
   7    7 0.05
   0    5 0.08
  13   25 0.01

