5 30 4
6   16  20  10  10  10  10

  19   21 0.99
   0   47 0.04
   4   79 0.87
  18   36 0.43
  19   27 0.63
   5   78 0.05
  17   39 0.63
  23   50 0.99
  16   85 0.68
   2   62 0.77
   0    0 0.90
   2   45 0.76
   1   34 0.04
  11   91 0.94
  26   52 0.31
   6   23 0.51
  16   83 0.00
   3   32 0.02
  23   99 0.88
  11   69 0.82
   3   32 0.21
  18   94 0.01
   7   44 0.21
  24   67 0.34
   3   72 0.05
  26  109 0.20
  23   26 0.84
  10   73 0.25
  21   21 0.70
  19   52 0.34

   2   33 0.42
  21  103 0.48
  13   54 0.43
  25   90 0.90
  26  108 0.78
  15   41 0.55
  25  106 0.65
  27  101 0.26
  22   85 0.72
  18   21 0.32
  25   72 0.72
  17   47 0.31
  21   21 0.01
   5   54 0.97
  20   85 0.66
   9   81 0.77
   8   19 0.77
  25   83 0.77
  23   30 0.27
  26   81 0.13
  18   26 0.02
  24  100 0.85
  12   34 0.50
   5   18 0.96
  11   73 0.75
  27   27 0.55
  17   77 0.95
  17   20 0.66
   0   33 0.76
  14   15 0.07

  25   57 0.58
  17   70 0.99
   2   66 0.44
  12   86 0.05
   4   19 0.91
   4   52 0.25
  13   90 0.95
  19   20 0.95
  27   51 0.23
  25   46 0.82
  14   53 0.78
  24  107 0.67
  18  101 0.50
  19   20 0.31
  19  103 0.48
   6   52 0.63
   8   62 0.05
  10   26 0.42
  11   13 0.54
  25   51 0.91
  11   35 0.63
  15   52 0.76
  22   53 0.82
   9   10 0.23
  25   31 0.87
   5   78 0.70
  14   85 0.83
  17   67 0.90
   2   79 0.96
   8   18 0.81

  14   59 0.00
  10   75 0.14
   4   29 0.92
  15   38 0.04
  14   79 0.63
   4   57 0.77
  23   37 0.84
  21   66 0.74
   8   19 0.75
  19   28 0.76
  25  108 0.09
   8   49 0.12
  18   52 0.54
  20   72 0.15
   1   17 0.11
  17   69 0.64
  12   69 0.27
   5   81 0.41
   3   69 0.35
  18   92 0.98
   3   52 0.36
  18   49 0.08
  16   71 0.91
  22   73 0.34
  14   45 0.60
  10   46 0.91
  18   18 0.24
   1   80 0.82
   8   62 0.89
  26   26 0.38

  26   66 0.08
  16   35 0.14
  27   43 0.05
  13   44 0.78
  16   23 0.87
  20   96 0.30
  16   75 0.24
  24   69 0.54
  19   97 0.51
  16   90 0.31
  27   74 0.82
  10   59 0.77
   2   10 0.03
  16   94 0.60
   5   31 0.20
   7   86 0.33
  23   41 0.88
  19   78 0.71
  15   43 0.32
  21   95 0.28
  19   68 0.07
  18   73 0.95
   9   28 0.36
  23   78 0.26
  17   49 0.57
   3   58 0.56
  19   45 0.33
   6   68 0.46
  18   57 0.93
  27   82 0.25

  22   88 0.20
  21  101 0.80
   0   77 0.59
  15   93 0.32
  10   64 0.30
  24  103 0.90
   2   24 0.65
   0   37 0.92
  20   27 0.06
   0   72 0.70
  12   87 0.78
   9   84 0.03
  11   26 0.12
   9   22 0.33
  12   86 0.57
  26   94 0.39
  19   43 0.11
   4   38 0.85
  16  100 0.67
  10   88 0.10
   8   30 0.20
  26  107 0.12
   9   19 0.81
  16   69 0.84
  24   38 0.28
   5   40 0.51
  20   72 0.56
   2   19 0.92
  15   55 0.65
  26   92 0.08

