5 50 8
6   10  16  10   4   4   4

   1   18 0.98
  11   32 0.02
   0   25 0.64
   7    8 0.53
  12   26 0.88
  14   35 0.43
   4   23 0.75
   0   26 0.10
  11   37 0.85
   4   15 0.29
   4   25 0.88
   8   35 0.67
   9   29 0.57
   2    5 0.24
   0    7 0.13
   3   20 0.07
   0   29 0.68
   3   15 0.96
   3   12 0.94
  14   38 0.65
   3    6 0.36
  12   35 0.91
   6    7 0.64
   6   27 0.27
   6   20 0.29
   0   10 0.67
   0   20 0.50
  11   28 0.21
   5   16 0.80
   4   26 0.57
  14   35 0.36
   6   16 0.20
   7   26 0.99
   5   15 0.65
  10   35 0.02
   6   16 0.42
  12   31 0.02
  12   24 0.04
  11   11 0.68
   1    9 0.71
   4   20 0.13
   2   27 0.82
  10   37 0.94
   0   21 0.77
  13   25 0.45
   5   15 0.97
   3   28 0.50
   8   31 0.16
   4   30 0.56
  13   29 0.34

   8    9 0.11
   5    8 0.02
   5   21 0.65
   8   18 0.37
   3   27 0.33
   9   16 0.97
   7   14 0.27
  11   30 0.51
   0   22 0.31
   6   26 0.49
   7   22 0.26
   6   14 0.78
  12   31 0.04
   4   29 0.36
  11   18 0.91
   6   26 0.73
   3   17 0.85
   7   12 0.28
   2   27 0.16
   5   15 0.32
   8   31 0.62
  11   25 0.88
   1   29 0.32
   2   12 0.59
   9   19 0.08
  12   27 0.29
   8   12 0.62
  11   24 0.83
  14   34 0.78
   9   33 0.31
   5    5 0.48
  11   28 0.33
   9   23 0.91
   8   29 0.86
   7   35 0.38
   8    8 0.46
  10   18 0.63
  12   38 0.79
   1    8 0.20
   9    9 0.94
   3   13 0.48
   9   27 0.68
   2   23 0.37
   2   24 0.36
   4    5 0.55
   2   21 0.71
   0   19 0.21
  10   34 0.17
  13   24 0.71
  13   30 0.89

  14   25 0.74
  10   10 0.29
   9   11 0.10
  10   22 0.04
   5    8 0.69
   6   13 0.95
   0    4 0.18
   7   36 0.04
  13   14 0.77
   2   10 0.83
   7   17 0.54
   1    3 0.79
   2   16 0.73
  14   30 0.17
  12   31 0.89
  10   33 0.72
   4   25 0.58
  14   20 0.23
  13   20 0.54
   0    4 0.92
   6   26 0.68
  10   26 0.12
  11   16 0.73
   5   22 0.09
   1    1 0.58
   2   26 0.20
   0   22 0.05
   6    8 0.10
   8   28 0.63
   2   21 0.19
   9   32 0.55
   7   19 0.16
   1    9 0.67
   5   19 0.73
  14   36 0.90
   1    9 0.48
   2   30 0.25
   6   27 0.21
  10   32 0.52
   2   17 0.49
  12   17 0.74
   1   25 0.09
  11   25 0.88
   7   21 0.08
  11   29 0.54
   9   11 0.38
   0    0 0.41
  12   14 0.09
   4   24 0.42
   6   33 0.88

   5   15 0.30
   8   33 0.44
   8   14 0.02
  12   14 0.85
   0   23 0.22
   6   15 0.04
  11   30 0.44
   3   32 0.65
   3   12 0.30
   5   14 0.27
   9   18 0.89
   7   17 0.61
  10   39 0.09
   6    7 0.62
  13   35 0.71
  13   32 0.57
   5   30 0.04
   7    7 0.70
   4   13 0.91
   7   19 0.98
  13   34 0.78
   2    8 0.52
  12   26 0.52
   3   17 0.16
  12   28 0.18
   0   12 0.50
   2   25 0.84
   7   30 0.75
   0   28 0.87
   3   25 0.27
   7   12 0.21
  14   24 0.37
   7   31 0.35
   0    9 0.59
  14   24 0.15
  13   21 0.52
  11   38 0.83
  13   32 0.93
   4   21 0.40
  13   25 0.17
   5   11 0.95
  14   28 0.81
   1    1 0.08
  10   16 0.52
   9   35 0.41
   2   28 0.21
  11   13 0.11
  13   16 0.81
   2    7 0.43
   3   24 0.05

   0    3 0.96
  13   17 0.82
   5   23 0.04
   4   18 0.70
   8   17 0.60
  12   20 0.74
   7   15 0.71
  11   17 0.26
   0   27 0.50
   0   12 0.70
   8   31 0.43
   7   22 0.17
   0   10 0.80
  12   29 0.46
  13   40 0.10
   2    2 0.18
  11   23 0.34
   1   19 0.19
   8   29 0.85
   0   10 0.85
   7   11 0.02
   2   30 0.66
   2   20 0.90
   7   33 0.20
   5   19 0.92
   5   24 0.32
   4   15 0.39
   5   34 0.56
   3   15 0.95
   4   15 0.60
   3   28 0.91
   0    9 0.42
  13   41 0.00
  11   15 0.21
   3   23 0.47
  13   30 0.26
   1    3 0.65
  12   13 0.61
  12   34 0.99
   6   27 0.42
  10   29 0.09
  11   36 0.25
  13   16 0.29
  13   40 0.43
   6   29 0.83
  14   26 0.34
   3   24 0.81
   9   15 0.84
   1    1 0.52
   7   17 0.48

  11   17 0.30
  14   43 0.87
   3   28 0.01
  13   22 0.46
  13   39 0.92
   7   34 0.08
   1   12 0.12
  12   29 0.00
   3   18 0.27
   7   10 0.32
  13   39 0.42
  14   32 0.20
  11   13 0.87
  14   24 0.91
  11   11 0.94
  10   33 0.26
   9   27 0.29
   4   30 0.84
  10   14 0.12
   4   28 0.34
   1   20 0.09
   1   24 0.25
  13   16 0.81
   4   10 0.37
   4   29 0.41
   9   20 0.73
   8   26 0.09
   6   14 0.31
   9   30 0.33
   3   20 0.09
   7   13 0.92
   7   11 0.64
   4    8 0.63
   0   20 0.48
   2    7 0.26
  14   19 0.03
   4   13 0.09
   5    6 0.34
  11   40 0.05
   5   28 0.86
   5    9 0.05
   4   30 0.15
   4    6 0.25
   9   35 0.31
   6   31 0.29
  14   19 0.11
  11   30 0.03
   7   32 0.39
   9   24 0.48
  13   16 0.09

