4 50 8
6    2  16  10  10  16   2

   2   36 0.27
   2   11 0.82
  19   61 0.53
  23   42 0.92
  18   39 0.61
  21   59 0.57
   8   17 0.49
  29   42 0.41
  17   23 0.48
  41   81 0.59
  19   23 0.86
   6   39 0.28
  23   32 0.57
  21   28 0.40
  23   50 0.92
  18   44 0.59
  37   58 0.65
   4   15 0.54
  10   44 0.08
  11   48 0.14
  17   44 0.25
  36   74 0.53
   0   39 0.47
   0   20 0.62
  14   18 0.39
  26   68 0.57
  34   35 0.49
  13   33 0.28
  25   62 0.53
  39   44 0.28
  13   28 0.73
  18   51 0.72
  21   58 0.35
  42   72 0.95
  12   45 0.91
   0   37 0.31
  18   35 0.86
  15   43 0.03
  39   47 0.70
  16   32 0.10
   3    4 0.82
  29   40 0.07
  23   41 0.19
  31   52 0.32
   2   17 0.36
  10   37 0.51
  22   57 0.34
  17   52 0.58
   7   48 0.13
   8   23 0.61

  18   18 0.28
   8   16 0.29
  42   74 0.10
   8   21 0.28
  10   19 0.17
  10   39 0.77
  36   51 0.53
  19   51 0.91
   7   18 0.32
  12   31 0.36
  39   67 0.94
   1   15 0.51
  12   15 0.48
   5   39 0.69
  41   70 0.74
  18   33 0.00
  10   14 0.24
  12   48 0.77
  26   66 0.20
   9   49 0.76
  13   42 0.77
  32   36 0.86
  15   45 0.85
  41   79 0.25
  38   58 0.50
   6   46 0.42
   7   36 0.70
   4   34 0.00
  10   25 0.96
  12   34 0.51
  12   30 0.48
  33   47 0.66
  39   40 0.92
  16   37 0.77
  30   55 0.64
  33   47 0.30
  34   74 0.71
  21   28 0.87
  36   57 0.50
  38   49 0.43
  15   42 0.00
  28   45 0.86
  30   68 0.31
  40   77 0.16
  28   60 0.15
  17   46 0.70
  40   44 0.78
   9   42 0.81
  40   70 0.68
   4   31 0.23

  16   27 0.15
  12   48 0.05
  29   50 0.22
   4   46 0.12
  19   21 0.56
  15   29 0.25
  11   46 0.50
  34   64 0.18
  33   41 0.44
  30   39 0.62
  29   69 0.59
  27   36 0.35
  23   43 0.40
  28   32 0.86
  34   71 0.39
   9    9 0.88
   8   25 0.18
   7   48 0.95
  41   80 0.26
  11   52 0.88
  12   14 0.52
  23   35 0.45
  18   25 0.38
  14   55 0.62
   1   32 0.43
  30   43 0.26
  21   60 0.75
   8   25 0.09
  24   36 0.93
  10   17 0.27
  42   81 0.88
  23   47 0.10
  33   73 0.48
  21   26 0.68
  14   34 0.90
   6   27 0.65
   4   19 0.34
  18   46 0.27
  13   50 0.12
  11   24 0.64
   7   22 0.68
  17   37 0.06
  36   75 0.71
  20   38 0.73
  36   72 0.71
  22   29 0.11
  15   32 0.26
  19   23 0.75
  30   30 0.58
  29   54 0.48

  41   78 0.01
  16   58 0.68
  33   73 0.86
  31   40 0.34
  31   59 0.74
  28   57 0.88
  24   55 0.02
   1   33 0.05
  37   78 0.56
  24   28 0.76
  22   57 0.33
  41   52 0.61
   5    6 0.00
  39   39 0.51
  13   49 0.13
  22   22 0.36
  18   23 0.65
  34   45 0.13
  24   36 0.05
  19   43 0.84
  32   67 0.07
  20   38 0.28
  12   47 0.07
  15   32 0.46
  35   63 0.43
   5   37 0.88
  27   62 0.27
  36   57 0.00
  32   44 0.25
   2   11 0.94
   5   23 0.27
  21   33 0.99
   9   16 0.78
   1   24 0.74
  13   33 0.88
  30   31 0.13
  17   49 0.55
   7   18 0.35
  24   55 0.35
  22   59 0.97
  36   37 0.53
   1   38 0.56
  42   60 0.60
  38   53 0.43
  12   18 0.63
  41   63 0.45
   4   10 0.67
  41   51 0.26
  19   53 0.62
  16   58 0.56

  29   58 0.56
  22   31 0.19
  17   49 0.88
  30   64 0.37
  29   52 0.21
  29   49 0.56
  32   41 0.87
   8   45 0.95
  37   71 0.38
  42   72 0.81
  18   18 0.23
  18   54 0.12
  36   74 0.61
  25   50 0.11
   1    7 0.05
  24   51 0.55
  26   33 0.34
  19   22 0.26
  40   76 0.10
  38   58 0.56
  32   72 0.64
  29   69 0.35
  27   32 0.27
  14   52 0.32
  33   47 0.37
   6   19 0.70
   8   16 0.26
  27   49 0.63
  34   48 0.59
   9   23 0.12
  36   64 0.30
  20   31 0.18
   1   34 0.15
  22   38 0.61
  10   30 0.27
  23   32 0.64
  16   55 0.91
   5   31 0.24
  34   51 0.12
  24   45 0.07
   7   33 0.39
   2   41 0.19
  31   68 0.89
   6   28 0.75
  33   37 0.84
  29   61 0.01
  42   77 0.31
  35   64 0.83
  35   73 0.40
  33   55 0.50

  29   39 0.50
  41   48 0.76
  18   50 0.32
  30   63 0.02
  19   20 0.06
  21   41 0.14
   9   49 0.03
  35   63 0.09
  38   71 0.81
  13   41 0.24
  29   37 0.23
  20   25 0.21
   4   36 0.48
   0   39 0.18
  19   22 0.54
   9   24 0.36
   7   35 0.07
  35   59 0.93
  42   63 0.55
  14   36 0.29
  11   52 0.98
  24   43 0.64
  27   41 0.06
  39   80 0.49
   6   45 0.74
  10   46 0.73
  19   61 0.44
  18   37 0.71
  21   27 0.68
  33   70 0.26
  30   64 0.62
  14   53 0.00
   4   44 0.36
  40   49 0.69
  28   70 0.39
  25   53 0.66
  23   34 0.13
   0   39 0.04
  12   12 0.72
  31   42 0.96
  11   31 0.71
  21   42 0.57
  23   58 0.89
  28   37 0.98
  32   69 0.97
   5   41 0.42
  24   42 0.17
   3    6 0.46
   5   36 0.64
  35   61 0.52

