4 20 8
12   16  10  10  10   2   4  10  10  20  20  16   4

  26   47 0.97
  16   55 0.25
  35   60 0.05
  34   70 0.44
   8   33 0.55
  13   52 0.92
  14   39 0.53
  38   43 0.98
  11   45 0.13
   5   12 0.98
   0    9 0.27
  35   50 0.20
  38   67 0.38
  16   49 0.01
  33   46 0.00
  37   67 0.12
  19   46 0.02
  19   29 0.56
  28   37 0.38
   3   24 0.88

  31   66 0.46
  25   39 0.47
  32   67 0.04
  31   50 0.92
   1    3 0.87
   7    9 0.43
  34   72 0.94
  14   52 0.10
  34   67 0.19
   8   10 0.28
   1   22 0.34
  39   75 0.70
  30   59 0.31
  35   49 0.11
  17   29 0.74
  21   48 0.11
   1   33 0.24
  17   35 0.41
  18   19 0.23
  11   21 0.97

  30   45 0.95
  34   69 0.84
  15   54 0.85
  35   52 0.07
   9   42 0.31
   9   34 0.65
   4   34 0.32
  13   20 0.39
  22   56 0.39
  35   70 0.61
  37   42 0.96
  11   50 0.23
  37   77 0.40
   2   12 0.77
  22   32 0.32
  33   47 0.91
  36   57 0.36
  28   28 0.72
   9   10 0.60
  37   60 0.09

  13   28 0.51
   5   11 0.19
  40   45 0.99
   7   10 0.53
  14   36 0.61
   6   23 0.43
  18   38 0.14
  14   52 0.77
  11   22 0.04
  20   22 0.52
  32   35 0.14
  34   45 0.78
  11   31 0.96
  39   57 0.06
  32   43 0.25
  15   31 0.48
   0   24 0.20
  38   76 0.12
  11   24 0.60
  13   16 0.39

   8   47 0.19
  25   50 0.62
  35   70 0.48
   3   36 0.87
  13   26 0.32
  32   70 0.44
  33   47 0.73
  34   38 0.29
   1    5 0.98
  12   50 0.41
   6   27 0.63
  24   40 0.98
  11   50 0.71
  28   58 0.25
  37   57 0.92
   6    6 0.92
   0    7 0.94
  27   54 0.29
   2   35 0.88
  23   25 0.84

  18   30 0.34
  10   27 0.61
  33   61 0.48
  35   50 0.79
  12   29 0.25
  38   45 0.53
  11   42 0.81
   3    7 0.75
  28   37 0.34
  16   50 0.95
  29   36 0.64
  20   27 0.08
  11   14 0.95
   8   43 0.64
  18   36 0.75
   4   12 0.74
  24   37 0.42
  16   53 0.28
  28   48 0.37
  10   40 0.38

  21   51 0.41
  18   43 0.84
  34   56 0.34
   3   40 0.78
  17   34 0.71
  30   38 0.90
   5   18 0.32
   7   21 0.93
  30   62 0.26
  12   28 0.38
   5   27 0.90
  24   27 0.82
  10   35 0.86
   4   27 0.52
  34   47 0.19
   8   21 0.58
  35   35 0.44
  11   23 0.72
  16   22 0.82
  21   42 0.25

   3   38 0.63
  21   55 0.82
  19   29 0.28
  11   41 0.30
  35   58 0.02
  38   78 0.06
  22   55 0.49
  34   34 0.54
  26   48 0.62
  21   41 0.90
  40   49 0.42
   0   32 0.38
  13   31 0.53
  39   78 0.66
  28   57 0.02
   3   35 0.91
  11   23 0.52
  33   45 0.08
  31   48 0.77
   2   23 0.86

   1   12 0.37
  10   12 0.10
   6   25 0.42
  35   73 0.61
  26   41 0.05
   3    7 0.91
  23   30 0.05
   0   36 0.65
  34   69 0.00
  17   56 0.48
  21   45 0.51
   6    9 0.44
   7   39 0.41
  27   34 0.56
   6   35 0.87
  15   20 0.49
  30   31 0.32
   3   16 0.90
  25   57 0.05
  12   16 0.02

  25   43 0.53
   2   17 0.02
  26   33 0.53
  17   25 0.09
   9   14 0.11
   0   16 0.54
   0    8 0.19
  37   65 0.19
  10   26 0.09
  31   70 0.52
  28   60 0.33
  40   48 0.29
  36   54 0.96
  24   26 0.80
   1    8 0.25
   2   35 0.48
  20   57 0.34
  22   23 0.97
  10   16 0.60
  37   42 0.07

   5   44 0.98
   9   32 0.29
   1   35 0.10
  31   33 0.86
   4    9 0.68
  22   56 0.49
  35   64 0.50
  17   43 0.65
  40   47 0.98
  28   28 0.52
  39   63 0.41
   4   39 0.38
   8   45 0.46
  39   72 0.23
   1   26 0.14
  35   62 0.20
   6   12 0.42
   6   32 0.46
  32   55 0.69
  27   62 0.52

  25   49 0.47
  20   31 0.81
   7   40 0.17
  16   22 0.65
  10   29 0.23
   1   18 0.49
  13   46 0.51
  33   39 0.50
  32   42 0.89
   3   29 0.00
   7   39 0.81
   9   24 0.47
   5   15 0.56
  35   70 0.62
  26   36 0.37
   0    8 0.41
  34   55 0.82
  10   19 0.10
   8   46 0.09
  10   50 0.70

