5 30 8
6    2   2  10   4  20  10

  17   35 0.21
   6   26 0.30
  10   16 0.64
   1   17 0.30
   6    9 0.85
  10   20 0.93
   3   16 0.29
   0   19 0.60
   6   32 0.40
  16   32 0.08
   8   19 0.64
  16   30 0.10
   6   22 0.14
  17   43 0.78
  12   32 0.04
   9   13 0.41
  15   25 0.04
   9   12 0.38
  11   25 0.09
   6   10 0.04
  16   28 0.20
  15   21 0.09
  13   32 0.11
   9   20 0.49
  15   17 0.73
   6   12 0.89
   4   12 0.99
  12   18 0.09
  11   27 0.11
  10   24 0.54

  11   25 0.56
   1   25 0.08
   6   20 0.00
  13   36 0.12
   7   15 0.77
   7   28 0.15
  15   40 0.68
  14   23 0.38
  17   27 0.37
   1    5 0.56
  10   33 0.55
  16   37 0.42
   3    4 0.00
   5   16 0.82
  17   34 0.88
   3   29 0.96
   6   31 0.96
  16   34 0.02
  16   37 0.77
  17   23 0.43
  10   33 0.63
   6   27 0.65
  10   24 0.20
  10   20 0.26
   2    6 0.35
  13   36 0.60
  10   10 0.28
  17   33 0.52
   5   17 0.74
   8   13 0.56

   2   27 0.61
   2   24 0.95
  15   18 0.23
  11   16 0.46
   8   15 0.32
  13   37 0.38
   0    2 0.01
  13   14 0.26
   0   23 0.80
  14   27 0.85
  14   20 0.71
   4   24 0.83
   4   13 0.00
   6    9 0.36
   7   16 0.92
  11   27 0.91
   0   26 0.16
   3   21 0.87
   4   28 0.32
  13   20 0.91
  12   33 0.07
   6   31 0.40
  15   19 0.66
   5    8 0.85
  16   41 0.25
   6   24 0.73
   7    7 0.29
   9   35 0.73
  14   16 0.54
  14   14 0.88

   9   11 0.49
  10   26 0.53
   9   13 0.93
  15   32 0.93
   8   16 0.82
  17   25 0.08
  15   32 0.10
  15   20 0.84
   9   29 0.87
   6   18 0.09
   6   23 0.87
  11   34 0.90
   1   15 0.67
  10   21 0.55
  15   17 0.17
  16   16 0.72
  17   38 0.76
  15   20 0.17
   6   16 0.51
   2    4 0.25
  15   16 0.64
   4   24 0.76
  16   30 0.66
   0   12 0.16
  17   18 0.73
  15   25 0.20
   7   25 0.17
  16   24 0.59
   1   11 0.36
  15   17 0.59

   2   27 0.59
  17   35 0.38
  11   33 0.08
  10   24 0.74
  15   19 0.36
  15   21 0.59
   5   23 0.08
   2   26 0.70
  15   23 0.13
   6   28 0.48
  13   21 0.23
  15   35 0.98
  11   27 0.63
  10   11 0.14
   0   20 0.39
   5   30 0.66
  10   24 0.72
   8   27 0.13
   1    8 0.53
  17   20 0.99
   8   31 0.55
   5   16 0.28
   6   19 0.23
  15   39 0.08
  11   33 0.78
  12   22 0.79
   8   25 0.02
  15   20 0.54
  15   41 0.26
  12   36 0.27

   3   26 0.80
   4    5 0.67
   9   35 0.03
  10   22 0.25
  12   21 0.65
  13   29 0.92
   9   34 0.52
   4   15 0.77
  11   23 0.94
  15   17 0.51
  11   36 0.12
  12   19 0.48
   1    3 0.99
   5   14 0.94
  17   21 0.19
  13   21 0.52
   8   21 0.58
  15   40 0.50
  12   29 0.91
   0   14 0.80
   0   13 0.19
   6    8 0.07
   8   31 0.66
  16   18 0.48
  13   23 0.93
   9   18 0.81
   3   19 0.95
  14   40 0.90
  15   34 0.73
   7   24 0.34

