4 30 4
6   10   2   4  16   2  16

   1   31 0.03
  36   43 0.91
  53   81 0.60
  62  100 0.29
  25   56 0.09
   0   36 0.26
   1    7 0.43
  19   64 0.79
  58   79 0.08
  49   87 0.19
   1   43 0.76
  51   92 0.38
  27   27 0.52
  40   78 0.82
  68  107 0.66
  52   74 0.39
   2    8 0.67
  57   87 0.64
  24   62 0.03
   7   22 0.13
  19   56 0.93
   4   14 0.28
  37   40 0.86
  22   43 0.34
  61   94 0.81
  36   57 0.86
  56   95 0.94
  55   83 0.40
  19   36 0.55
  34   67 0.75

  55   78 0.87
  62   66 0.61
  37   42 0.34
  28   40 0.97
  27   44 0.04
  56   98 0.75
  63   78 0.72
  57   68 0.81
  22   22 0.01
  39   72 0.58
  20   65 0.47
  26   67 0.50
  46   71 0.53
  55   57 0.00
   0   25 0.99
  61   96 0.24
  54   95 0.79
   3   22 0.62
   8   52 0.98
  66   82 0.74
  51   77 0.93
  48   59 0.12
  21   38 0.95
  14   43 0.03
  42   65 0.34
  65   79 0.07
  11   31 0.23
  59   94 0.23
  25   33 0.17
   8   42 0.97

  17   49 0.04
  42   83 0.37
  54   78 0.81
  40   49 0.01
  32   71 0.62
  26   26 0.40
   9   37 0.54
  61   98 0.16
  56   57 0.11
  47   48 0.15
  51   81 0.32
  49   71 0.52
  40   43 0.62
  35   68 0.28
  65   75 0.48
  68  112 0.99
   4   27 0.24
  38   67 0.60
  68  102 0.24
  39   48 0.70
  34   74 0.67
  21   31 0.31
  61   61 0.95
  55   75 0.58
  57   78 0.94
  43   58 0.42
   8   10 0.16
  27   27 0.91
  25   60 0.25
  35   69 0.47

  63   77 0.53
  67  107 0.76
  56   77 0.80
  26   34 0.96
  53   98 0.63
  36   60 0.59
  46   71 0.97
  58  103 0.87
  62   94 0.77
  40   74 0.05
  27   60 0.96
  59   87 0.88
  32   32 0.83
  11   42 0.80
  17   53 0.53
  30   67 0.16
  16   28 0.80
   5   18 0.56
  21   27 0.01
  15   59 0.64
  43   63 0.82
  56   96 0.03
  55   93 0.17
  23   39 0.41
  16   43 0.28
  59   84 0.13
  62   70 0.38
  45   82 0.44
  61   71 0.44
  33   50 0.18

  51   90 0.75
  28   66 0.05
  47   64 0.95
  52   59 0.81
  66  107 0.87
  68   98 0.20
  42   59 0.62
  54   80 0.73
  34   68 0.82
  32   77 0.74
   6   31 0.11
  21   40 0.39
  46   78 0.89
  50   93 0.80
  48   55 0.99
  65  103 0.96
  13   58 0.68
  23   66 0.14
  34   68 0.81
   2   21 0.63
  68  102 0.24
  39   42 0.70
  20   65 0.92
  52   87 0.29
  54   83 0.98
  28   70 0.72
  13   24 0.93
  21   38 0.75
  27   58 0.99
  49   67 0.33

  11   32 0.99
  38   61 0.20
  42   55 0.05
  11   14 0.17
   7   40 0.18
  58   73 0.64
  13   42 0.81
   5   13 0.34
  57   64 0.66
  15   53 0.08
  62   85 0.05
  17   19 0.42
  24   26 0.84
  46   47 0.24
   2   30 0.08
   4   47 0.92
  11   34 0.27
  46   46 0.38
  68   70 0.56
  33   34 0.58
  51   72 0.05
  59   89 0.59
  38   62 0.15
   9   39 0.26
  14   44 0.95
   8   16 0.11
  56   99 0.01
  53   74 0.66
  34   77 0.73
   2   22 0.92

