3 40 4
6   10   4   2   2  16  10

  14   45 0.89
   2   62 0.66
   1   67 0.33
  33   98 0.11
   3   57 0.28
   0   62 0.65
   5   48 0.52
   0   50 0.64
  10   60 0.45
  21   44 0.56
  21   57 0.59
   0   39 0.98
  24   63 0.07
   8   33 0.57
   5   59 0.97
  15   78 0.61
  28   54 0.70
   1   46 0.94
   0   17 0.42
  28   31 0.52
  21   65 0.84
  32   79 0.32
   7   28 0.34
  33   46 0.90
  33   49 0.88
  16   66 0.26
   6   48 0.51
  35   86 0.88
  18   20 0.35
  30   66 0.16
  20   62 0.92
  10   52 0.91
  24   49 0.27
  23   48 0.84
  14   76 0.83
  10   65 0.95
  32   84 0.97
  34  106 0.02
  19   91 0.78
   0   27 0.13

   3   37 0.47
   5   64 0.42
  10   27 0.92
  33   68 0.22
   7    8 0.98
   8   30 0.95
   3   65 0.50
  34   44 0.81
  34   39 0.08
   8   32 0.18
   8   33 0.28
  29   49 0.65
   3   46 0.52
  13   76 0.97
  16   73 0.80
  15   15 0.50
  25   97 0.25
  33   95 0.76
  25   48 0.64
  35   69 0.88
  21   37 0.21
  14   48 0.40
  18   53 0.79
   2   73 0.45
   9   65 0.31
  22   46 0.55
  21   87 0.84
  32   54 0.05
  10   46 0.27
  22   83 0.68
  14   20 0.54
  26   55 0.90
   2   39 0.16
  14   29 0.68
   5   10 0.82
  28   83 0.13
  13   14 0.07
  23   29 0.51
  14   47 0.30
  13   50 0.51

  23   24 0.59
  17   57 0.47
  18   69 0.30
  30   59 0.76
  32   52 0.93
  34   83 0.10
  31   83 0.93
  31   67 0.18
   4   42 0.81
  27   57 0.07
   1   41 0.37
   4   13 0.80
   1   22 0.77
  10   41 0.39
  15   43 0.38
  35   77 0.37
   9   27 0.72
  24   82 0.52
  20   86 0.53
   1   49 0.39
  15   65 0.89
  24   75 0.26
  19   77 0.40
   7   51 0.96
  22   64 0.10
   3   19 0.93
  28   30 0.00
   6   68 0.16
   9   75 0.63
  10   33 0.07
   4   71 0.26
  30   33 0.67
  28   65 0.36
  29   49 0.38
  27   68 0.87
  30   93 0.45
  35   44 0.59
  14   22 0.36
  12   44 0.67
  15   17 0.59

  11   40 0.01
  22   56 0.49
   5   47 0.91
   8   44 0.48
  10   69 0.27
  30   80 0.73
  20   70 0.78
   5   54 0.83
  21   45 0.07
  33   33 0.87
   5   54 0.56
  23   69 0.51
   6   64 0.20
  11   37 0.74
  10   71 0.36
  27   80 0.98
  23   73 0.30
  25   60 0.18
  12   69 0.80
  33   99 0.22
   0   41 0.86
  28   49 0.65
  27   48 0.71
  15   85 0.61
  33   36 0.34
  32   66 0.95
  11   54 0.67
  15   52 0.82
  24   92 0.05
  31   66 0.35
  31   97 0.75
  10   80 0.12
   4   25 0.17
  13   64 0.11
  18   86 0.67
  17   81 0.62
  14   65 0.28
  33   42 0.62
  22   28 0.17
  32   46 0.00

  19   91 0.71
  12   49 0.84
  22   62 0.90
  33   91 0.12
  12   47 0.23
   8   44 0.66
  19   62 0.14
   2   33 0.00
  17   64 0.99
   0    6 0.95
  20   83 0.09
  11   39 0.83
  12   29 0.35
  26   85 0.26
  16   38 0.67
  26   39 0.70
   4   74 0.66
   2   24 0.30
  21   70 0.26
  24   61 0.21
  16   24 0.47
   2   10 0.90
   8   23 0.25
   3   11 0.81
  26   86 0.72
   9   72 0.49
   0   28 0.99
  21   25 0.16
  11   45 0.03
  32   67 0.54
  10   45 0.13
   1    3 0.07
  34   83 0.85
   9   41 0.79
  13   20 0.08
  31   36 0.83
  35   48 0.67
  22   44 0.55
  33   70 0.23
  12   22 0.46

  17   55 0.19
  23   93 0.48
  34   46 0.99
  19   39 0.32
   8   34 0.99
  28   95 0.22
  10   57 0.28
  34   72 0.98
   7   76 0.60
   5   22 0.02
  19   23 0.44
   9   47 0.81
   2   27 0.39
   6   47 0.87
  14   80 0.70
  20   71 0.78
  21   84 0.90
  21   25 0.59
  31   47 0.45
  15   81 0.53
  13   75 0.74
  22   57 0.56
  31   45 0.32
   6   28 0.29
   3   16 0.48
  33  105 0.19
  27   93 0.16
   5   67 0.07
  21   65 0.84
  26   81 0.85
   6   61 0.49
  22   67 0.45
  26   32 0.06
  14   38 0.17
  20   35 0.18
  16   61 0.56
  16   81 0.98
   9   41 0.73
  20   69 0.05
  19   90 0.83

