5 50 8
6    2   4  10  20  20   2

  31   43 0.39
  32   47 0.61
  35   36 0.31
  27   33 0.31
   2    5 0.15
   4   11 0.95
   6   20 0.82
   4   17 0.29
  23   30 0.47
  32   37 0.15
   2   14 0.89
  33   40 0.56
  20   34 0.30
  27   42 0.01
  30   31 0.85
  27   38 0.61
  30   42 0.09
  31   45 0.68
   2    9 0.61
  32   32 0.56
   9   25 0.15
  25   42 0.19
   7   24 0.09
  23   25 0.82
   4   19 0.68
  15   25 0.84
   4   11 0.64
  14   23 0.08
  23   39 0.06
  22   36 0.32
   6   13 0.23
   6   19 0.82
   3   11 0.60
  32   37 0.06
  23   33 0.88
  31   48 0.20
  21   29 0.15
  33   33 0.83
  20   33 0.92
  20   23 0.23
  25   35 0.82
  18   31 0.85
  35   48 0.92
   8   19 0.11
  24   24 0.45
  35   42 0.47
  34   51 0.57
  11   28 0.69
   4   11 0.21
  26   38 0.53

   2    3 0.14
  19   33 0.00
   8   18 0.66
  11   19 0.37
  19   19 0.87
  22   38 0.56
  32   36 0.37
   9   18 0.33
   1    8 0.55
  31   40 0.89
   6   14 0.19
   9   26 0.26
   2   19 0.09
  19   25 0.25
   1   12 0.62
  23   24 0.73
   1    5 0.71
   7   22 0.96
  17   34 0.91
   6    9 0.83
  31   47 0.99
  23   38 0.08
  23   23 0.04
  32   41 0.47
   8   23 0.32
   1   14 0.93
  19   29 0.35
   0    5 0.55
  33   39 0.91
   2   15 0.85
  20   22 0.98
   6   15 0.51
  32   38 0.57
  17   27 0.20
   3    9 0.33
  21   26 0.26
  11   27 0.97
   2    4 0.74
  15   28 0.17
  24   32 0.33
  25   34 0.05
   5    5 0.97
  28   30 0.91
   3    7 0.54
   5    6 0.42
  32   41 0.33
  21   23 0.64
  15   26 0.00
  13   29 0.72
  25   27 0.81

  26   30 0.46
  11   25 0.59
  19   24 0.75
   3   12 0.48
  26   37 0.16
  13   26 0.15
   5   21 0.95
  15   24 0.17
  22   24 0.26
   1    8 0.89
  14   16 0.29
  10   23 0.59
  27   38 0.12
  19   33 0.98
  15   30 0.55
  30   37 0.76
   0   10 0.79
  24   39 0.91
  28   38 0.92
  33   43 0.07
  19   25 0.12
  13   26 0.80
   9   15 0.28
  32   33 0.99
  13   23 0.87
  12   16 0.35
  35   41 0.91
  25   25 0.14
   0    7 0.19
  28   43 0.56
  34   40 0.88
  18   29 0.03
   1   16 0.33
  25   35 0.23
  11   18 0.48
  22   26 0.28
  29   38 0.59
  29   40 0.02
  14   29 0.79
   1    3 0.71
  12   12 0.30
   3    9 0.24
  31   33 0.34
  18   27 0.94
  12   12 0.94
  15   29 0.93
   5   19 0.38
   1   12 0.93
  11   11 0.13
  27   43 0.80

  22   22 0.13
  30   37 0.51
  31   32 0.61
  23   35 0.33
  12   19 0.70
  25   27 0.36
   5   19 0.62
  31   41 0.35
   8   15 0.47
  14   22 0.65
  13   18 0.11
  31   41 0.37
  30   40 0.89
  11   24 0.21
  13   13 0.20
  16   19 0.27
   8   22 0.70
   7    9 0.55
  21   29 0.04
  13   28 0.84
  23   24 0.82
  17   29 0.16
  29   41 0.41
   5   10 0.14
  18   20 0.26
   6   23 0.79
  11   27 0.13
  23   39 0.98
  16   21 0.83
   4   20 0.65
  27   34 0.62
  27   41 0.88
  29   44 0.54
  28   31 0.87
   8   19 0.00
  15   28 0.49
  16   30 0.21
  30   41 0.50
   9   13 0.82
   5    7 0.28
  20   26 0.25
  19   26 0.33
  32   32 0.87
  27   35 0.98
  15   25 0.88
   2   19 0.99
  22   34 0.90
  23   37 0.70
  15   22 0.85
   1    6 0.49

   4   18 0.88
  25   40 0.60
  11   12 0.86
  34   40 0.11
  25   29 0.64
  17   24 0.89
  24   25 0.50
  26   40 0.21
  21   22 0.32
  30   42 0.63
   5   18 0.39
  34   45 0.63
   4    9 0.67
  23   27 0.53
   4    4 0.41
   5    7 0.50
  25   37 0.34
  20   23 0.76
  19   28 0.44
  29   42 0.55
  28   30 0.63
  21   30 0.35
  18   30 0.35
   0    7 0.87
  30   42 0.63
  21   26 0.29
   2   10 0.06
  28   39 0.05
  25   28 0.07
  26   42 0.66
   6   22 0.61
  30   38 0.91
  13   23 0.78
  32   37 0.96
  15   19 0.70
  16   24 0.20
  21   37 0.25
  28   41 0.26
  13   17 0.76
   6   17 0.16
  12   29 0.84
  29   39 0.40
   0    4 0.96
  23   27 0.52
   6    7 0.83
  12   27 0.57
  25   36 0.85
  20   35 0.92
  26   34 0.63
   0   13 0.90

  22   37 0.11
   8   12 0.67
  31   43 0.70
  24   34 0.88
  28   37 0.40
  17   22 0.82
  14   28 0.88
  25   31 0.72
  35   52 0.33
  18   35 0.44
  25   32 0.57
  11   22 0.69
  25   39 0.55
  17   34 0.76
   9   25 0.44
  31   41 0.14
  11   24 0.94
   3   19 0.43
   4   14 0.64
  33   46 0.45
  25   35 0.97
  14   28 0.76
   7   24 0.32
  27   37 0.75
  13   22 0.52
   7   20 0.74
   6   10 0.87
  22   38 0.29
   2   15 0.22
  25   42 0.89
  16   21 0.55
  11   23 0.99
   9   23 0.66
  29   42 0.36
   0    8 0.19
  21   24 0.31
   0    2 0.27
  26   41 0.58
   1    5 0.74
  34   45 0.04
  14   24 0.39
  27   38 0.22
  26   34 0.33
  20   36 0.44
  14   26 0.49
  34   45 0.56
  26   28 0.51
   1    4 0.03
  19   26 0.89
   0    1 0.21

