4 60 8
3    2   2  16

   3   10 0.22
   7    7 0.91
   7   19 0.94
   6   19 0.64
   5   20 0.58
   6   17 0.64
   5   14 0.32
   4   13 0.19
   3   20 0.05
   3    6 0.47
   5   15 0.85
   5    8 0.02
   1   18 0.62
   5    9 0.96
   6   11 0.98
   1    7 0.85
   5   22 0.67
   6   12 0.39
   5   21 0.12
   8   12 0.08
   0    0 0.55
   2   14 0.54
   3   13 0.04
   0    3 0.28
   5   17 0.55
   5    7 0.59
   5   17 0.51
   3   11 0.55
   7   18 0.65
   2   12 0.71
   0    4 0.03
   2    9 0.43
   6   11 0.34
   5   10 0.26
   2   19 0.87
   7   14 0.30
   1    4 0.79
   5   14 0.27
   1    5 0.12
   0   14 0.25
   0    2 0.95
   8    9 0.71
   6   13 0.17
   7   17 0.19
   7    9 0.87
   7   19 0.29
   4    6 0.28
   5   12 0.36
   8   19 0.11
   0    6 0.45
   6   15 0.46
   2    2 0.77
   4    7 0.87
   7   13 0.42
   2   17 0.43
   6   22 0.46
   6    8 0.56
   4    5 0.01
   8   20 0.82
   3    7 0.42

   6    7 0.32
   3    8 0.52
   5   12 0.88
   0   11 0.90
   7   19 0.71
   1   13 0.21
   4   10 0.59
   5   19 0.69
   2   16 0.25
   6   16 0.94
   0   12 0.93
   3    5 0.30
   6   15 0.04
   3    7 0.57
   4    6 0.89
   4   21 0.22
   7    7 0.82
   5   21 0.08
   8   24 0.37
   4   14 0.76
   7   15 0.59
   7   23 0.88
   4   14 0.45
   0    6 0.83
   5   12 0.99
   5   16 0.94
   5   22 0.28
   7   12 0.08
   7   18 0.95
   4   10 0.17
   0    7 0.01
   6   18 0.27
   6   14 0.33
   7   11 0.18
   2   14 0.08
   3   18 0.06
   5   12 0.45
   1    5 0.85
   0   17 0.76
   6   16 0.52
   4   14 0.89
   5   22 0.65
   6    6 0.59
   6   15 0.18
   1   11 0.32
   1    4 0.26
   1   13 0.33
   1    1 0.84
   3    5 0.03
   5   15 0.33
   5   15 0.10
   6    9 0.74
   0    6 0.08
   5    7 0.39
   1    5 0.47
   2    4 0.69
   8   24 0.10
   6   14 0.18
   8   16 0.50
   5   15 0.36

   4    7 0.41
   8    8 0.41
   4   14 0.28
   7   10 0.31
   1   15 0.63
   7   21 0.27
   6    9 0.07
   6   13 0.87
   3    5 0.67
   8    9 0.22
   4    5 0.80
   3   11 0.23
   7   14 0.22
   8   24 0.84
   1    6 0.83
   0    6 0.58
   8    9 0.10
   2   15 0.26
   3    5 0.89
   8   24 0.76
   2   14 0.53
   4    5 0.47
   2    4 0.17
   0   12 0.49
   6   23 0.54
   8   10 0.68
   6   14 0.31
   5   15 0.12
   4   19 0.26
   7    7 0.30
   7   18 0.29
   2   18 0.17
   7   23 0.58
   7   21 0.67
   5    9 0.55
   6    6 0.14
   1   17 0.03
   1   12 0.41
   0    1 0.89
   4   16 0.46
   0    3 0.50
   1    5 0.96
   5    9 0.54
   6   19 0.31
   6   23 0.81
   4   14 0.43
   4    6 0.91
   0    4 0.40
   3    9 0.03
   0   12 0.64
   3   20 0.69
   7   19 0.11
   0   17 0.52
   7   11 0.39
   7   14 0.28
   7    7 0.42
   2   19 0.56
   2   10 0.33
   7   22 0.49
   6   14 0.26

