4 25 8
12    2  20  20  10  20   2   2  10   2  10   2   2

   7   19 0.27
  17   26 0.72
   7   25 0.94
   4    7 0.54
  13   18 0.32
  10   27 0.35
  13   29 0.48
   3   11 0.16
   4   21 0.17
  10   10 0.46
  16   25 0.75
  15   17 0.35
   1   19 0.91
   5   19 0.93
   4   19 0.33
   8   22 0.60
   3   14 0.93
   7   15 0.88
  15   33 0.47
   2   15 0.47
   7   11 0.81
  14   16 0.31
   7   18 0.26
  11   19 0.23
   3    7 0.58

  12   25 0.29
   1   15 0.61
  14   29 0.60
  14   16 0.06
  11   28 0.36
  10   28 0.56
  17   25 0.97
   9   16 0.57
   3   21 0.29
   2    4 0.96
   2   14 0.07
  13   18 0.91
  12   26 0.62
  18   30 0.84
   6    6 0.64
   6    6 0.25
  18   22 0.23
   7    7 0.33
   9   23 0.75
  13   25 0.11
  11   24 0.57
   4   17 0.17
  16   33 0.44
   9   14 0.92
  12   29 0.33

  17   33 0.97
   0   14 0.56
  16   24 0.55
   1    6 0.65
   3   17 0.67
   8   10 0.74
  12   22 0.10
  15   25 0.72
  16   20 0.09
  11   28 0.08
   0    9 0.12
   5   19 0.39
   2   12 0.88
  10   19 0.23
  16   24 0.59
   8   20 0.54
  14   14 0.84
   6    6 0.85
  10   12 0.98
  14   24 0.28
  16   27 0.37
   9   12 0.85
   3    7 0.63
  16   16 0.87
   5   13 0.93

  10   16 0.52
  11   29 0.93
   5   15 0.64
   3    4 0.23
  11   26 0.23
   0   17 0.88
   7    9 0.69
   1    4 0.00
  12   16 0.30
   2   11 0.98
   0   15 0.94
  12   29 0.36
  10   27 0.91
  12   15 0.85
   1   14 0.50
  18   30 0.16
  14   22 0.80
   4    4 0.65
   8   16 0.95
  11   12 0.18
   2    6 0.97
   7   17 0.39
  11   17 0.13
  14   28 0.84
   0   12 0.66

   0   18 0.06
  13   16 0.98
  17   31 0.41
   2   15 0.23
   8   12 0.45
   6   13 0.89
  12   19 0.64
  11   23 0.73
   4    5 0.22
   3   21 0.67
  17   17 0.55
   5    9 0.73
  13   18 0.82
   6    6 0.11
  18   35 0.84
   2   11 0.19
   1    1 0.01
   5   10 0.07
   0   15 0.45
   8   26 0.89
  12   26 0.71
  12   19 0.78
  10   24 0.02
  13   18 0.99
   3   10 0.99

   2   11 0.68
  14   17 0.69
  10   10 0.22
  10   14 0.88
   9   26 0.31
  13   22 0.21
  18   30 0.32
  12   26 0.74
  16   28 0.88
   0   15 0.17
  18   35 0.75
   2   14 0.70
   5    6 0.14
  10   23 0.50
   9   15 0.18
  16   18 0.52
  10   11 0.73
  16   18 0.28
  15   31 0.62
  11   19 0.89
  18   30 0.37
  15   26 0.04
   4   13 0.09
   0    7 0.20
  17   35 0.44

   8   26 0.50
   2    7 0.80
   0   11 0.81
   6   21 0.41
  13   14 0.18
   7   20 0.39
   8   25 0.52
  13   17 0.07
   8    8 0.51
  16   34 0.62
   1   16 0.18
   1   14 0.07
  11   13 0.51
  10   10 0.77
  12   21 0.26
   9   21 0.57
   4    4 0.24
   4   18 0.95
  13   23 0.95
  18   18 0.41
  17   18 0.15
   1    2 0.43
  14   14 0.06
  17   23 0.68
   7   12 0.36

  17   24 0.47
  13   16 0.13
  12   17 0.59
   1   15 0.78
   1   14 0.62
  12   23 0.19
   9   19 0.56
   6   18 0.19
   9   20 0.00
   6   19 0.10
  16   34 0.87
   1   14 0.77
  10   17 0.39
  16   16 0.36
  13   29 0.08
  17   29 0.10
  10   25 0.01
  16   28 0.26
  13   13 0.66
   9   19 0.86
   5   23 0.64
  13   28 0.95
   9   20 0.86
  14   28 0.04
  11   12 0.33

   4    6 0.23
   6    6 0.22
   4   20 0.19
  14   30 0.12
   6   22 0.77
   3   18 0.88
  12   23 0.17
   1   10 0.74
   2    9 0.14
  17   27 0.87
   6   21 0.16
  12   22 0.49
   2   19 0.63
   9   26 0.16
  16   21 0.63
  15   15 0.37
  16   34 0.75
  14   23 0.63
  14   24 0.19
  18   34 0.51
   4   20 0.25
   3   12 0.78
   4   15 0.75
  11   11 0.51
  13   16 0.95

  11   22 0.71
   9   27 0.02
  14   23 0.32
  16   18 0.12
  12   25 0.03
  17   34 0.75
   9   11 0.23
  13   13 0.14
   0    8 0.35
  15   22 0.45
   1   10 0.61
  13   27 0.95
   2   20 0.22
   9   13 0.56
  16   22 0.53
   3   14 0.01
   5   15 0.30
  18   23 0.27
  14   27 0.10
   8   21 0.19
   0    1 0.39
  12   22 0.07
   6   11 0.43
  18   31 0.79
  14   17 0.81

   5   21 0.76
   3   18 0.63
   1   16 0.37
  17   32 0.46
   2   10 0.18
  16   20 0.12
   1   14 0.30
   3   20 0.44
   3   10 0.38
   1    9 0.63
  16   26 0.13
   0    4 0.15
   0   14 0.66
  18   30 0.27
   6    9 0.16
   7    7 0.62
   6    8 0.47
   9   24 0.02
   6   15 0.27
  13   19 0.34
  11   24 0.81
   3    6 0.42
  11   23 0.37
  12   21 0.63
  17   23 0.10

   0   11 0.97
  13   21 0.91
  15   16 0.61
   7    9 0.19
  17   17 0.90
   7   22 0.10
  17   32 0.90
   9   20 0.80
  17   19 0.76
  12   25 0.55
   4   22 0.56
   0    0 0.23
  17   34 0.08
   9   18 0.53
   5   10 0.45
  18   28 0.91
  16   31 0.08
   4    6 0.74
  11   12 0.82
  14   30 0.85
   6   13 0.63
  16   31 0.94
   8   16 0.11
  11   28 0.99
   0    1 0.51

