5 100 4
3   16  20  20

  81  137 0.65
  90  149 0.10
 103  113 0.01
  92  139 0.77
  43   76 0.37
  84  134 0.73
 122  124 0.78
  27   55 0.14
  32   39 0.41
   1   60 0.84
  53   71 0.87
  30   93 0.07
 104  114 0.27
   7   47 0.94
  43   71 0.47
  23   83 0.99
  20   37 0.94
   5   26 0.14
  78  128 0.53
 123  128 0.83
 102  129 0.74
 139  157 0.01
 105  124 0.13
  21   31 0.64
 108  176 0.91
 137  205 0.55
  73  142 0.96
 110  168 0.35
 116  162 0.77
 130  177 0.38
  45   90 0.28
  12   61 0.47
  51   68 0.39
  61   82 0.36
  44   83 0.95
  15   72 0.67
  82  132 0.91
 136  144 0.83
  62  104 0.47
  41   51 0.58
  60  110 0.17
  59   60 0.24
 102  171 0.43
  78  120 0.92
  30   58 0.94
  94  131 0.64
 123  183 0.00
  27   58 0.26
  59   78 0.67
  77  100 0.37
  52   94 0.74
  67   79 0.07
  72   95 0.51
  92  149 0.21
 112  151 0.32
  63  123 0.87
   8   37 0.61
  76   96 0.95
  46   80 0.09
  81   88 0.05
 136  139 0.66
  22   85 0.26
  74  124 0.37
 112  115 0.93
  69  108 0.46
  21   66 0.86
  29   34 0.48
  94  151 0.64
  53   96 0.68
   5   46 0.63
  10   72 0.94
 130  177 0.75
 110  150 0.36
   5    6 0.17
  93  161 0.39
  99  101 0.85
  33   64 0.95
  84  137 0.74
  35   45 0.15
 133  134 0.92
 123  128 0.18
   4   19 0.72
  10   29 0.25
  42   59 0.42
 138  176 0.03
  87  125 0.31
 119  142 0.44
  52  120 0.21
  75   93 0.99
 115  174 0.11
   1   59 0.79
  22   22 0.76
 137  197 0.05
  28   83 0.05
  24   51 0.05
  73  112 0.11
  96  132 0.38
  80   86 0.99
 115  158 0.31
 136  159 0.08

 127  134 0.74
  54   95 0.38
 101  165 0.46
  81   83 0.23
 136  194 0.86
 135  151 0.52
 110  128 0.76
  61   90 0.47
  90   93 0.07
 105  119 0.21
  53   55 0.87
 111  153 0.27
  68   93 0.10
  73   83 0.33
 101  139 0.15
 113  143 0.09
   8   21 0.88
  42   45 0.08
  25   30 0.86
   0    6 0.36
 136  164 0.20
  18   22 0.90
 119  146 0.21
  12   38 0.07
  24   92 0.07
  85  121 0.77
  68  111 0.14
  26   89 0.68
   1   40 0.91
 105  108 0.31
  12   29 0.49
  49   96 0.99
  86  149 0.84
  33   72 0.67
   8   12 0.11
  91  101 0.28
  88  115 0.79
  85   87 0.04
  10   31 0.17
  58  122 0.67
  58   59 0.44
  41  105 0.72
  92  137 0.21
   1   44 0.33
  13   30 0.98
  19   62 0.54
  12   45 0.43
  48   93 0.22
  93  133 0.01
  71  138 0.63
  90  133 0.05
 130  169 0.57
 137  175 0.99
 133  161 0.29
 110  176 0.83
   8   77 0.84
   9   59 0.90
  34   44 0.06
  20   28 0.29
  59  124 0.09
  53   99 0.73
  20   34 0.94
  62   88 0.70
  23   72 0.68
   0   26 0.14
 121  136 0.82
  18   76 0.15
  32   47 0.03
  83  117 0.83
  99  100 0.01
  20   49 0.95
   0   10 0.26
  58   81 0.96
  84  104 0.96
  16   77 0.44
 104  137 0.95
 120  152 0.28
  80  100 0.22
  59   76 0.78
   1   19 0.94
 110  170 0.45
  24   88 0.12
  86  127 0.66
 111  136 0.80
  68  132 0.34
  33   71 0.50
  29   44 0.82
  34   34 0.85
  12   23 0.16
  14   81 0.98
  58  119 0.00
 102  160 0.22
 131  161 0.09
  60   73 0.85
  13   46 0.61
  47  111 0.41
  62   85 0.23
   6   37 0.51
  95  164 0.95
  43   85 0.00

  96  104 0.59
  49   49 0.23
  32   62 0.73
  63  108 0.03
 105  108 0.93
  74  101 0.64
  50   74 0.94
 123  183 0.73
 119  149 0.03
  95  156 0.46
  74  130 0.23
 107  142 0.60
  59  114 0.66
 103  164 0.08
  14   20 0.53
 119  130 0.17
  30   41 0.12
  28   42 0.96
   9   26 0.94
 121  145 0.87
 121  126 0.51
  92  116 0.59
  34   97 0.91
  68  111 0.07
 102  106 0.45
  99  147 0.87
  67  133 0.23
 108  147 0.68
  96  135 0.77
 105  117 0.11
 119  130 0.42
  81  127 0.86
 105  109 0.57
 119  170 0.39
  14   61 0.80
 120  120 0.37
  66  103 0.73
  11   78 0.52
  69   91 0.59
  24   51 0.07
  23   50 0.50
  76   93 0.85
 122  180 0.75
  52  117 0.26
 100  148 0.51
 107  173 0.06
  85  153 0.25
  53   59 0.87
  31   89 0.45
  43   77 0.27
 132  189 0.34
 122  153 0.26
 131  164 0.69
 102  169 0.01
   2   47 0.13
 104  140 0.76
 137  162 0.22
  32   86 0.05
 118  163 0.55
   8   37 0.65
  30   97 0.47
  44   82 0.01
  83  100 0.58
  97   98 0.39
 108  144 0.82
 130  138 0.36
  11   38 0.44
   2   12 0.27
 100  163 0.15
 103  139 0.72
  29   52 0.44
  12   75 0.49
   8   54 0.87
 107  140 0.19
  54   99 0.33
  53   56 0.82
 108  152 0.24
  43   48 0.98
  39   89 0.63
  41   55 0.92
  63  125 0.37
  66   73 0.92
 124  145 0.11
   4   42 0.66
   8   32 0.21
  43   71 0.02
  92  100 0.63
  68   74 0.53
 137  195 0.37
 108  134 0.94
   2   18 0.21
 111  157 0.42
 107  143 0.13
  48   88 0.66
  26   38 0.31
   0   16 0.13
 114  137 0.71
  80  112 0.22
   2   11 0.60
  95  160 0.70

