5 40 4
6    2  10  10  16   4   4

   6   29 0.79
   9   33 0.57
   1    4 0.16
   1   30 0.71
  13   33 0.59
   2   45 0.57
  18   20 0.96
   0   42 0.63
   1   21 0.44
   4   26 0.67
  21   27 0.14
  12   42 0.20
   6    9 0.30
  13   35 0.62
   6   46 0.27
  10   45 0.11
  19   35 0.68
  22   55 0.17
   4   17 0.95
   1    2 0.71
   8   48 0.50
  14   14 0.20
  14   54 0.17
   4   45 0.78
  21   26 0.87
  14   42 0.18
  14   24 0.38
   4   10 0.76
  14   50 0.77
  12   38 0.89
   2   34 0.95
   7   19 0.72
   8   13 0.10
  18   35 0.57
   2   13 0.65
  16   36 0.60
   9   23 0.24
   2    9 0.25
   1   31 0.61
  21   47 0.90

  10   44 0.43
  12   33 0.07
   8    9 0.97
  20   57 0.83
   5   18 0.26
  16   35 0.39
   0   22 0.70
  12   52 0.99
  10   47 0.76
   3   22 0.54
  20   49 0.46
  22   29 0.89
   4   24 0.80
   4   38 0.63
   3    8 0.96
  11   25 0.81
   4   41 0.99
  10   17 0.82
   3   29 0.38
   5   33 0.95
  22   40 0.04
   6   29 0.04
  15   49 0.74
  17   58 0.02
   8   41 0.81
   3   41 0.79
  14   23 0.89
   5   40 0.89
  15   26 0.33
  15   54 0.93
  10   32 0.84
   2   13 0.77
  18   20 0.42
   9   30 0.50
  16   28 0.16
   6   15 0.20
  10   18 0.71
   9   24 0.06
  18   42 0.23
   5   41 0.08

   4   19 0.25
  19   21 0.53
   3    8 0.12
  18   19 0.87
  12   29 0.82
  14   50 0.67
   7   37 0.48
  13   42 0.98
  11   11 0.58
   0    8 0.30
  12   23 0.49
   7   37 0.12
  11   23 0.58
   5   10 0.89
  19   25 0.00
   4   28 0.85
   8   21 0.57
  12   22 0.72
   7   30 0.42
  19   23 0.63
   7    8 0.77
  15   22 0.78
   1   40 0.44
  21   41 0.79
  16   50 0.74
  18   32 0.40
   2   44 0.74
  16   32 0.15
  11   53 0.66
   8   52 0.63
  17   33 0.52
   6   30 0.91
  15   46 0.58
   0   21 0.92
   8   34 0.19
  15   24 0.34
  22   48 0.35
  15   16 0.54
  20   46 0.65
  22   22 0.27

   4   37 0.63
   0    8 0.88
  12   30 0.65
  22   24 0.28
  21   43 0.44
   5   20 0.99
  21   66 0.02
   3   34 0.02
   1   15 0.33
   6   15 0.47
  22   35 0.26
  13   14 0.84
  22   34 0.29
   1    1 0.74
  12   25 0.44
   1   29 0.37
  22   27 0.42
   8   29 0.85
  18   45 0.17
  21   52 0.53
   1   25 0.23
  21   42 0.50
  13   28 0.12
   5   13 0.91
   8   13 0.91
  19   40 0.12
  16   46 0.01
   5   42 0.73
   8   10 0.72
   0   36 0.57
  17   61 0.96
  22   64 0.83
   0   38 0.82
   1    9 0.73
  19   35 0.81
  12   35 0.81
  19   31 0.85
   5   31 0.68
  12   57 0.62
  21   49 0.55

   3   45 0.74
  12   46 0.79
   3   21 0.39
   9   16 0.31
   8   52 0.77
  14   52 0.17
  18   36 0.46
   5   38 0.42
   2   35 0.44
  16   46 0.48
  17   17 0.64
  18   42 0.89
  16   50 0.05
  13   36 0.58
   5   44 0.47
  18   56 0.01
  10   37 0.70
  16   22 0.17
   9   49 0.32
   8   45 0.12
  12   18 0.04
   9   49 0.87
  15   26 0.79
  19   36 0.39
   4   45 0.81
  12   56 0.37
   3   18 0.37
   7   20 0.45
   1   28 0.19
  17   33 0.70
  12   20 0.53
  10   55 0.98
  10   17 0.40
  17   37 0.63
  17   32 0.99
  17   27 0.81
  15   42 0.92
   7   42 0.97
   5   13 0.33
  10   25 0.10

  10   42 0.12
  13   54 0.26
  18   54 0.07
  21   38 0.47
  20   39 0.25
  16   39 0.52
   0    2 0.61
   6   22 0.35
  22   33 0.37
   1   12 0.71
   5   31 0.62
   9   30 0.00
  18   33 0.28
   7   46 0.70
  11   21 0.43
   0   43 0.50
  12   13 0.57
   4   13 0.52
   4   48 0.81
  21   28 0.96
   1    6 0.30
  10   43 0.99
   1    2 0.44
   6   11 0.39
   5   34 0.58
   0    7 0.32
   6   36 0.53
  19   28 0.16
  12   26 0.58
  19   58 0.72
  10   18 0.45
  20   41 0.05
   2   24 0.11
   9   19 0.44
   0   16 0.78
  21   66 0.91
  17   38 0.10
   9   42 0.76
  18   29 0.14
  12   23 0.27

