3 15 8
12   20  10  10   4  16   2  10   4  16  10  16   4

   0    5 0.49
   9   13 0.60
   4    8 0.99
   1   11 0.89
  15   26 0.76
   3   21 0.09
   2    4 0.81
  17   28 0.85
  18   21 0.42
   1   18 0.24
  17   23 0.65
  14   19 0.73
   5   19 0.69
   1   19 0.03
  14   24 0.12

   5   14 0.80
   3   17 0.64
  15   22 0.77
   7   12 0.40
  11   15 0.20
  14   19 0.57
   1    3 0.85
   7   24 0.39
  18   27 0.70
   6   24 0.35
  11   25 0.98
  16   34 0.24
  15   16 0.50
   3   15 0.55
   3   11 0.12

   5   18 0.44
   4   11 0.96
   2   19 0.87
   0    8 0.95
   5   10 0.13
   5    7 0.56
  17   34 0.37
   8   16 0.60
   0    8 0.48
  11   17 0.43
   6    6 0.50
  15   25 0.73
   0    0 0.09
   6    7 0.34
   5    5 0.59

  12   24 0.89
  14   32 0.54
  10   20 0.11
  14   27 0.66
   0   12 0.19
   0    0 0.68
   7    9 0.42
   8   22 0.84
   8   14 0.89
  10   16 0.66
   7   20 0.38
  18   20 0.42
   8   22 0.56
   6   20 0.26
   4   10 0.93

   3   19 0.70
  13   29 0.47
  17   34 0.61
   5    9 0.56
   4   22 0.52
  17   17 0.62
   9   26 0.09
   6   13 0.03
  18   26 0.49
  13   31 0.40
  15   26 0.02
  18   25 0.35
  16   17 0.14
   1    3 0.11
  16   32 0.26

  15   24 0.77
  11   13 0.05
  12   24 0.98
   6    8 0.00
  17   21 0.39
  18   28 0.88
   3   11 0.51
   1   15 0.19
  10   11 0.48
   3   13 0.86
  12   24 0.59
  18   28 0.51
  10   20 0.21
   0   17 0.38
   6   18 0.71

  16   33 0.96
  17   29 0.22
   5   14 0.97
   9   27 0.21
  15   19 0.18
  14   32 0.42
  11   18 0.92
  12   18 0.02
   5   21 0.72
   7   25 0.74
   8   26 0.43
   2   17 0.49
   4   13 0.36
   4   12 0.27
  14   31 0.36

   0    9 0.77
   3    6 0.47
  17   18 0.18
   0    3 0.79
   8    9 0.99
  11   22 0.18
   2   17 0.68
  15   25 0.85
   7   15 0.18
   2   14 0.93
   3    8 0.34
  14   28 0.78
   2   13 0.70
   8   15 0.09
  18   27 0.75

   8   25 0.12
   9   16 0.03
   7   20 0.35
  10   19 0.88
   9   14 0.09
  12   29 0.58
   2    6 0.23
   7   20 0.04
  10   10 0.40
   5   15 0.98
   8   14 0.43
  10   21 0.85
  10   23 0.87
   3    8 0.41
   8   23 0.25

  10   28 0.37
   6   23 0.96
   3   15 0.12
  14   29 0.74
   5   17 0.17
  16   20 0.54
   7   10 0.07
   4   18 0.56
   2   13 0.30
  15   31 0.01
   5   17 0.00
  15   15 0.09
  12   18 0.09
  18   21 0.17
  18   18 0.79

  16   23 0.38
  17   35 0.16
   7    8 0.07
   9   18 0.07
   4   20 0.35
   7    8 0.89
  10   23 0.81
  15   17 0.67
  10   11 0.96
   1   11 0.52
  14   22 0.79
   0   15 0.24
   2   16 0.59
   3    4 0.96
  17   26 0.90

   1    4 0.77
   0   18 0.52
   8   21 0.43
  18   36 0.64
  14   21 0.55
  14   15 0.93
  16   16 0.02
   4   18 0.09
  17   28 0.55
   3   18 0.70
   0    4 0.45
   9   15 0.97
   6   17 0.72
   2   14 0.24
   8   26 0.47

