3 50 8
6   10  16   2  16   4  10

  15   35 0.75
   1   18 0.11
   2   30 0.88
  22  106 0.18
  17   34 0.05
  10   32 0.63
   4   74 0.97
  11   77 0.84
   3   69 0.80
  21   95 0.97
   3   17 0.48
  13   70 0.89
   0   84 0.22
   2   76 0.62
  20   59 0.11
   2   89 0.59
  22  110 0.30
  19  106 0.52
   2   11 0.13
  19   48 0.44
   2   49 0.86
   1    7 0.66
   4   66 0.98
  29   42 0.20
  17   56 0.16
  22   95 0.75
  20  105 0.29
   9   64 0.28
  17   47 0.92
  12   54 0.20
   0   22 0.00
   5   10 0.94
  21   50 0.51
  11   26 0.32
   0   84 0.66
  21   21 0.82
  29   82 0.61
   4   29 0.56
  14   44 0.74
  14   24 0.09
   5   64 0.46
   5   86 0.74
   2   60 0.38
  18   21 0.60
   2   65 0.50
  29  104 0.41
   7   92 0.55
   1   23 0.00
  25   26 0.28
  22   70 0.33

  14   30 0.23
   6   15 0.04
  22   67 0.20
   6   47 0.89
  14   23 0.23
   9   45 0.06
   5   74 0.24
   0    7 0.96
  25   72 0.43
  24   80 0.09
   2   62 0.72
  10   99 0.56
   3    7 0.31
   8   18 0.67
  26   60 0.12
  28   48 0.80
  14   34 0.03
   5   57 0.75
  10   90 0.07
  11   13 0.87
  23   45 0.29
  13   80 0.13
   3   17 0.97
  13   85 0.84
   3   77 0.34
  18   79 0.18
  14   69 0.84
  18   48 0.69
   6   10 0.55
  24   64 0.58
  25   78 0.47
  15   32 0.15
   2   16 0.29
  15   62 0.79
  20   80 0.47
  28  113 0.28
  19   45 0.07
  24   31 0.39
  16   31 0.72
   5   76 0.54
   8   83 0.67
   8   14 0.04
   8   41 0.35
  10   91 0.82
   6   89 0.66
  28   75 0.04
  27   89 0.76
  20  105 0.26
   3    6 0.08
  17   83 0.35

   2   21 0.29
  26  113 0.26
  26   47 0.31
   3   28 0.80
  12   33 0.28
  19   31 0.41
  11   34 0.88
   2   66 0.17
  25   98 0.98
  25   47 0.46
  28   89 0.91
   2   67 0.84
  12   39 0.09
   4   59 0.98
  23   70 0.63
  24   44 0.82
  25   55 0.00
   9   79 0.61
  25   72 0.86
   3   25 0.82
  12   78 0.44
  29   58 0.52
  13   50 0.56
   9   77 0.53
   7   89 0.81
  16   34 0.89
  26   87 0.06
  24   25 0.22
  26   33 0.97
  21  103 0.35
  27   74 0.05
   8   51 0.43
  10   23 0.41
  25   63 0.92
   3   24 0.84
   1   89 0.86
  27   58 0.42
  13   46 0.93
  23   38 0.31
   1   34 0.54
  20  103 0.91
  25   63 0.29
  18   46 0.13
  23   51 0.27
   7   25 0.72
  11   33 0.84
  29   65 0.72
  23   58 0.69
  14   35 0.37
  18   38 0.18

   6   65 0.59
  20   86 0.60
   2   25 0.27
  18   47 0.19
  26  111 0.19
   0    8 0.12
  21   35 0.38
   2   61 0.62
  18   54 0.10
   3   13 0.96
   9   81 0.09
   7   46 0.17
  27   71 0.33
  12   54 0.63
  29   76 0.14
  28   99 0.94
   5   71 0.20
  21   46 0.39
   4   22 0.85
   7   82 0.58
  23  102 0.75
  16   58 0.40
   4   90 0.83
  28   76 0.89
   4   71 0.98
   3    7 0.59
  29   90 0.38
  28   55 0.83
  14  102 0.21
   8   38 0.72
  15   47 0.07
  11   70 0.18
  10   77 0.94
  15   25 0.25
  24   81 0.91
  18   98 0.29
   5   70 0.75
  25   77 0.13
   6    8 0.91
  18   94 0.67
   9   59 0.11
  18   41 0.68
  29   73 0.46
   4   85 0.43
  20  104 0.12
  12   47 0.35
  13   64 0.72
  17   19 0.23
  14   68 0.37
   8   27 0.02

   9   20 0.44
   7   80 0.94
  20   63 0.85
  22   33 0.97
  13   28 0.85
  17   39 0.91
  17   27 0.29
  23  106 0.52
  24   70 0.81
  10   24 0.39
  29   31 0.89
   1   12 0.71
  10   24 0.83
  12  100 0.62
  23   57 0.92
  12   18 0.93
  24   41 0.39
  27   49 0.53
  25   35 0.65
   6   51 0.31
   3   34 0.78
   9   47 0.58
  16  105 0.37
  29   96 0.04
  20   23 0.90
   4   38 0.61
  22   27 0.83
  24   95 0.07
  14   94 0.35
  14   28 0.27
  25  106 0.70
  19   92 0.41
  11   68 0.75
  26   52 0.24
  28  114 0.73
  17  102 0.23
  13   54 0.03
   4   89 0.13
   4   83 0.11
   4   56 0.70
  16   94 0.51
  22   89 0.30
  24   73 0.73
  13   82 0.89
  11   58 0.91
  23   39 0.41
   1   32 0.49
  10   15 0.04
  23   95 0.19
   1   36 0.35

  24   44 0.73
   3    7 0.91
  29  105 0.64
   1   58 0.43
  23   98 0.79
  23   85 0.33
  10   85 0.56
  11   82 0.52
  26  106 0.30
   0   10 0.10
   6   53 0.11
   9   23 0.06
   5   36 0.49
  17  105 0.42
   2   47 0.46
  23   57 0.77
  16   28 0.66
  24   73 0.31
  15   78 0.96
  18  105 0.57
  27   29 0.91
  26   80 0.73
  24   45 0.03
   0    7 0.06
  18   27 0.48
  17   26 0.60
   6   59 0.57
   2   10 0.31
  18  102 0.96
   1   33 0.97
   4   42 0.15
  15   47 0.56
  28   45 0.02
   0   31 0.93
  26   99 0.74
   7   84 0.48
  28   98 0.98
  11   35 0.11
  28   75 0.40
  26   46 0.67
  11   43 0.20
  25   80 0.49
  18  105 0.32
   8   64 0.45
  12   80 0.70
  19   65 0.58
   8   28 0.65
  14   93 0.84
  21   98 0.09
  16   60 0.09

