3 15 8
12    2   2   2  10  16  10  10  16  20   4   2   4

  14   19 0.34
   6   15 0.53
  14   16 0.61
  14   15 0.44
   7    8 0.73
   7    7 0.80
   9   18 0.01
   0   12 0.40
   6   16 0.82
  13   22 0.70
   7   11 0.58
  12   25 0.49
  14   22 0.28
   1    4 0.96
   9   18 0.50

   6   16 0.23
   8   13 0.16
   4   16 0.31
  12   20 0.32
  11   18 0.60
   4    7 0.36
  14   17 0.41
   1    7 0.12
  13   17 0.95
  13   20 0.86
   6   10 0.35
   2   10 0.05
   9    9 0.98
   3   13 0.99
   8   22 0.48

   1   14 0.84
   3    5 0.44
   5   19 0.81
   0   12 0.47
   3    7 0.32
   3   10 0.56
   4    6 0.49
   3   15 0.32
   4    8 0.21
   3   12 0.53
  10   22 0.69
   9   12 0.85
  10   18 0.14
   3   10 0.83
   5   13 0.81

   6   12 0.55
   4   18 0.22
   9   15 0.84
  14   27 0.47
   1   12 0.14
  14   17 0.89
   8   17 0.11
  14   27 0.65
   8   14 0.98
   3   15 0.70
   7    8 0.45
   7    7 0.83
   8   11 0.18
  13   26 0.16
  10   19 0.45

   8   19 0.01
   5   14 0.23
  14   17 0.10
   1   14 0.94
   1   13 0.90
   6   10 0.57
   1    9 0.24
  12   13 0.03
   9   22 0.85
   4   17 0.64
  14   18 0.40
  12   20 0.26
   9   23 0.55
  12   21 0.30
   9   15 0.08

   9   12 0.33
  12   25 0.33
  13   25 0.87
  13   15 0.56
   8   12 0.49
   9   15 0.08
   1   10 0.86
   4   15 0.46
  14   25 0.79
  10   12 0.03
  13   17 0.38
  12   18 0.65
   1   12 0.80
   5    9 0.40
  14   24 0.84

   4   15 0.23
  13   25 0.60
   9    9 0.33
   6   14 0.55
  11   23 0.86
  11   17 0.91
   1   14 0.68
  11   20 0.96
  13   21 0.01
   8    9 0.91
   5   11 0.01
   1    4 0.83
   6   19 0.91
   6   18 0.57
   3   10 0.76

   7    8 0.54
   0    4 0.01
  14   22 0.86
  10   19 0.84
   2   11 0.41
   3    8 0.32
   2    6 0.29
   8   17 0.02
  11   17 0.10
   0    3 0.64
   2    6 0.06
   0   13 0.68
  13   13 0.90
   6   12 0.67
   0    4 0.76

   4   14 0.71
  10   15 0.52
   2    5 0.32
   1    8 0.83
   0   14 0.16
   4   11 0.69
   8   17 0.16
  12   14 0.12
  14   19 0.84
   1    9 0.79
   5    8 0.59
  11   18 0.34
  12   26 0.86
  12   20 0.46
   5   17 0.54

   7   10 0.33
  11   22 0.25
  10   22 0.08
   1   14 0.16
   0    1 0.04
  11   20 0.00
  13   20 0.81
   9   21 0.10
   4   14 0.31
  11   16 0.89
   4   14 0.19
   8    8 0.71
   1   14 0.74
  13   23 0.86
   6   15 0.70

   0   12 0.93
  10   19 0.98
   1   15 0.47
   5   11 0.38
   1   12 0.80
   8   21 0.62
   1   15 0.33
   8   22 0.68
   9   11 0.84
   4   18 0.91
   3   11 0.84
  10   20 0.51
  12   18 0.85
  13   13 0.19
  12   26 0.99

  13   18 0.57
  12   19 0.49
   1    6 0.62
   3   13 0.44
   9   12 0.45
   8   20 0.03
   7   13 0.90
  13   16 0.55
  14   16 0.18
   9   15 0.29
   4    9 0.49
   5   17 0.45
  14   21 0.72
   4   15 0.87
   6   20 0.13

