3 20 8
12    4   2  16  16  10   2  10  10   4   2  10  10

  14   31 0.89
   0   28 0.43
  19   42 0.27
   0    5 0.73
   5    7 0.48
  19   55 0.66
  13   17 0.72
   5   20 0.46
   8   27 0.29
  18   26 0.08
  18   25 0.99
  15   30 0.13
   5   18 0.26
  17   48 0.05
   5   19 0.42
  15   20 0.22
  19   49 0.94
   3    3 0.35
   5   39 0.52
  18   25 0.10

   1   27 0.87
  13   30 0.65
  10   47 0.95
   0   29 0.19
   0   32 0.43
  12   17 0.89
   8   14 0.54
  11   43 0.68
  13   37 0.68
   1   21 0.82
   2   18 0.62
  15   46 0.71
  15   42 0.89
   2   10 0.58
  17   23 0.23
   8   26 0.33
   0   35 0.02
  11   24 0.97
   2   37 0.88
  12   38 0.09

   2    6 0.07
   5   22 0.93
   9   10 0.79
   3    4 0.03
   4    6 0.49
   9   46 0.87
  18   50 0.46
  11   26 0.64
   1   37 0.17
   4   39 0.79
   1   10 0.29
  11   16 0.95
   4   20 0.01
  10   26 0.72
  13   39 0.33
  18   31 0.94
   5   14 0.79
   9   21 0.86
  13   48 0.09
   3   36 0.10

  19   32 0.03
   5   21 0.24
   4   29 0.23
  16   20 0.24
   3   14 0.36
   0    7 0.40
   2   29 0.29
  13   44 0.93
  17   38 0.19
  10   43 0.41
  18   45 0.14
  15   20 0.91
   8    9 0.71
  10   22 0.95
   5   36 0.39
   0    1 0.24
  11   41 0.73
   2   22 0.50
  11   27 0.30
  19   33 0.74

  17   45 0.74
  18   54 0.61
   5   22 0.36
   8   39 0.36
   0   20 0.10
  10   32 0.00
  19   46 0.41
  14   14 0.81
   6   31 0.16
   0   32 0.40
   4   35 0.80
   5   42 0.63
   1   15 0.62
  17   32 0.25
  14   51 0.84
  15   34 0.81
  13   46 0.51
  19   20 0.40
   2   31 0.35
  13   33 0.16

   6   29 0.65
  13   19 0.95
  16   35 0.74
   4   43 0.27
  14   32 0.44
   5   12 0.42
   3   19 0.08
  16   39 0.62
   8   16 0.21
   0   26 0.39
  17   39 0.14
   1   28 0.53
  15   52 0.32
   3   24 0.97
  16   18 0.10
   5   11 0.49
  13   33 0.00
  14   39 0.89
   4    4 0.35
  10   25 0.42

   7    7 0.43
  18   51 0.94
   8   43 0.57
   9   21 0.13
  17   34 0.69
  15   42 0.57
  10   46 0.69
  18   45 0.52
  13   33 0.12
  10   40 0.75
  10   30 0.92
  16   18 0.72
   5   32 0.46
   3   40 0.06
   5   33 0.39
   8   33 0.83
   9   16 0.39
  15   35 0.29
  15   51 0.38
  18   54 0.39

  17   35 0.85
   0   25 0.85
  19   29 0.90
   3   40 0.58
  11   28 0.44
   1   13 0.72
  11   16 0.15
   6   31 0.22
   4   20 0.97
  12   14 0.60
  11   13 0.42
  12   38 0.70
   5    5 0.27
  10   25 0.60
   9   39 0.90
  18   24 0.58
   4   34 0.88
   2   29 0.41
  13   49 0.46
  13   43 0.40

  11   33 0.50
   9   23 0.92
   6   23 0.75
  12   13 0.00
   5   36 0.37
   1   40 0.02
  17   30 0.94
  10   12 0.78
   7   22 0.50
  15   40 0.85
   8   44 0.09
  17   17 0.90
   1   27 0.97
   5   36 0.65
  10   47 0.33
  15   36 0.99
   5   27 0.84
   3    6 0.02
   2    3 0.11
  14   39 0.51

  11   13 0.93
   6    8 0.16
   9    9 0.99
  13   37 0.14
  14   21 0.92
   0   34 0.51
   4   36 0.24
   9   27 0.97
  14   37 0.16
  15   45 0.81
   5   20 0.58
   6   23 0.33
   7   12 0.46
   8   41 0.08
  17   43 0.61
   3   27 0.20
   1   13 0.51
   9   43 0.29
  11   49 0.31
   4   23 0.88

  13   41 0.64
  17   17 0.02
  15   22 0.64
  14   16 0.18
   4    5 0.90
  15   45 0.42
   6   28 0.28
  19   37 0.82
  13   18 0.11
  14   47 0.30
   0   39 0.17
  14   36 0.40
   7   16 0.19
   0   15 0.10
   9   27 0.58
  17   18 0.12
  12   19 0.19
   8   26 0.07
   5   39 0.99
  14   22 0.74

   0    3 0.56
   9   23 0.28
  14   42 0.98
  19   50 0.51
   9   11 0.06
   4   12 0.67
   8   26 0.82
   2   10 0.88
  19   37 0.35
   9   17 0.12
  16   16 0.26
  12   31 0.13
   4    8 0.82
   5   21 0.39
   4   41 0.40
   9   28 0.05
   9   16 0.00
  11   16 0.90
   6   19 0.04
   3   32 0.65

