3 40 8
6   10   4  16  20  10   4

  10   23 0.90
   2    2 0.23
  12   48 0.49
   1   45 0.62
  11   63 0.90
  12   15 0.53
  14   58 0.90
  17   25 0.96
  24   39 0.96
  22   71 0.44
  10   32 0.10
   2   49 0.00
   5   26 0.98
  17   48 0.98
  14   41 0.58
  14   59 0.42
  23   29 0.89
  10   62 0.18
  12   59 0.81
  18   42 0.00
  15   26 0.63
   4    8 0.19
   4   54 0.63
   5   14 0.28
  23   38 0.57
   9   12 0.54
   6   46 0.68
  24   59 0.98
  25   75 0.29
   6   15 0.06
  13   35 0.70
  11   26 0.33
  12   60 0.66
  25   32 0.59
   4   51 0.13
   3   33 0.45
  19   33 0.50
  10   44 0.82
  23   43 0.02
  19   68 0.54

  11   56 0.24
   3    3 0.12
   0   41 0.10
  16   64 0.52
  22   59 0.82
   3   29 0.26
  15   31 0.35
   9   35 0.80
  17   60 0.80
   1   20 0.99
  20   65 0.04
  19   54 0.02
   5   21 0.18
   1    9 0.30
  13   14 0.89
  25   56 0.18
  16   30 0.11
  14   22 0.42
  13   30 0.05
  22   72 0.19
  22   25 0.95
   9   33 0.59
  20   33 0.76
   1   30 0.55
  14   55 0.87
   0   27 0.19
  21   62 0.48
  15   67 0.63
  14   48 0.70
  14   51 0.58
  21   57 0.80
   4   48 0.13
  14   53 0.02
  23   58 0.02
  10   14 0.18
   7   13 0.32
  10   31 0.76
  23   27 0.66
  10   39 0.36
   7   30 0.03

   4   56 0.08
  22   55 0.52
  16   39 0.13
   1   16 0.14
  24   46 0.53
  13   62 0.56
  10   17 0.33
   9   33 0.05
  20   48 0.08
   4   40 0.15
   3    3 0.31
   8   59 0.49
  24   40 0.43
  21   45 0.76
  14   39 0.18
   6   15 0.40
  20   25 0.36
  10   46 0.95
  23   35 0.78
   4   25 0.68
  21   51 0.30
  24   72 0.04
  21   51 0.87
  10   59 0.19
  12   34 0.84
   0   29 0.17
   7   18 0.91
   3   37 0.77
  17   31 0.32
  13   64 0.50
  16   23 0.88
  15   65 0.98
   4   39 0.38
  12   63 0.40
   6   16 0.69
   3   19 0.69
   8   54 0.09
  22   65 0.44
   6   10 0.66
  17   19 0.58

  24   39 0.92
  22   64 0.10
   2   33 0.81
  18   29 0.24
  11   36 0.97
   3   40 0.58
   8   38 0.51
  13   57 0.82
   5   25 0.23
  11   58 0.58
  11   18 0.30
   1   22 0.35
  21   35 0.55
   3   33 0.16
   6   37 0.40
  22   73 0.94
  15   40 0.45
   9   23 0.85
   4   10 0.84
   2    9 0.51
   8   55 0.50
  11   14 0.11
   6   25 0.76
  15   18 0.28
  16   30 0.20
   7   56 0.83
   8   53 0.96
  21   21 0.91
  11   38 0.92
  10   30 0.38
  20   54 0.77
   1    6 0.89
  16   29 0.04
  22   33 0.78
   1   25 0.28
   3   34 0.03
   8   40 0.25
  19   33 0.40
  11   35 0.80
  25   48 0.51

  11   34 0.75
  19   61 0.04
   0   10 0.61
  22   65 0.05
  15   66 0.75
  20   42 0.95
   2   16 0.67
  25   74 0.43
  13   32 0.85
   3   55 0.51
   7   50 0.82
  23   44 0.14
   7   36 0.30
   8   52 0.88
   8   36 0.92
  25   54 0.70
  10   53 0.95
   1   27 0.18
  14   21 0.85
  22   65 0.00
  20   71 0.56
   3   11 0.91
  23   66 0.69
  14   32 0.90
  20   69 0.66
   7   28 0.23
  23   50 0.71
   6   47 0.75
  23   67 0.68
   0    0 0.94
  24   51 0.92
   9   26 0.28
   4    5 0.16
   2   14 0.49
   4   55 0.94
  17   61 0.47
  11   19 0.28
   9   13 0.07
   8   50 0.11
  10   25 0.77

  24   34 0.92
   2   21 0.14
  19   66 0.05
  20   63 0.18
   6   38 0.85
   7   34 0.85
  19   23 0.15
   4   51 0.44
  20   44 0.68
  24   42 0.72
  21   43 0.56
  11   61 0.12
  15   18 0.91
  23   48 0.54
  21   46 0.95
  14   53 0.97
   7   58 0.68
  13   23 0.06
  20   61 0.83
   3   36 0.28
  11   48 0.36
  22   49 0.60
  16   57 0.56
  10   44 0.05
  25   36 0.22
  22   29 0.61
  10   25 0.50
  13   41 0.87
  19   47 0.92
   7   28 0.91
   0   16 0.68
  22   32 0.58
  19   55 0.14
  13   24 0.26
  23   23 0.68
   8   14 0.78
  10   31 0.97
  14   47 0.46
  20   28 0.38
  13   43 0.50

