3 15 8
12   16   2   2  16  16  10  10  16  10   4   2  10

  19   19 0.20
  21   23 0.60
  23   43 0.20
  30   51 0.88
   6   30 0.83
   0    2 0.01
   2   28 0.47
   9   36 0.44
  31   64 0.36
  11   17 0.16
  10   44 0.38
   9   16 0.65
   4   38 0.58
  14   17 0.62
  10   30 0.15

  33   44 0.98
  31   55 0.19
   4   10 0.08
  28   62 0.70
  15   28 0.13
  26   53 0.86
  15   47 0.12
   1   35 0.23
  30   59 0.03
  31   51 0.45
   3   14 0.07
   7   21 0.52
   0   21 0.56
   4    4 0.10
  24   25 0.41

   1    6 0.08
  29   57 0.42
   3    9 0.87
  29   34 0.18
  13   38 0.55
   9   30 0.11
  14   26 0.84
   1   33 0.99
  24   41 0.03
  15   31 0.88
  16   21 0.12
  12   21 0.61
   0    9 0.79
  14   45 0.96
  34   37 0.71

  10   20 0.44
  26   46 0.19
  32   34 0.86
   9   35 0.86
  29   36 0.31
  17   18 0.35
  19   48 0.34
  34   38 0.87
  17   30 0.66
  27   29 0.19
   3   32 0.81
  33   56 0.20
  23   53 0.36
   4   19 0.98
  31   59 0.96

   5   30 0.99
   5   19 0.31
   7   34 0.93
  30   31 0.62
  28   36 0.04
  23   42 0.57
   0   29 0.51
   0   21 0.57
  23   50 0.76
  28   53 0.88
  26   35 0.96
  17   30 0.82
  28   54 0.16
  19   20 0.41
   3   25 0.35

   6   12 0.95
  33   38 0.97
  13   22 0.16
  16   29 0.68
   3   16 0.88
  26   50 0.38
  13   13 0.83
  10   18 0.32
   3   26 0.14
  24   38 0.85
   3   12 0.48
  27   58 0.74
   7   36 0.45
  19   23 0.66
  22   55 0.80

  12   18 0.90
  34   34 0.59
   8   12 0.37
   0   14 0.11
  21   31 0.85
   9   20 0.41
  33   35 0.81
   7   12 0.08
  13   21 0.96
  11   11 0.40
  14   32 0.94
   8   22 0.77
   4    5 0.64
   2   17 0.81
  10   41 0.47

  18   23 0.59
  31   36 0.86
  26   42 0.93
  33   48 0.14
  29   33 0.26
   9   41 0.51
   2   17 0.50
  26   33 0.12
   3   13 0.80
  24   47 0.83
  24   42 0.71
  20   24 0.80
  27   57 0.90
  28   62 0.33
   7   31 0.29

  29   41 0.28
   0    6 0.11
  27   28 0.26
   4   17 0.67
  26   32 0.95
  27   57 0.40
  28   42 0.90
  12   30 0.15
   2   27 0.13
   0   22 0.68
  27   59 0.38
   7   33 0.18
  28   54 0.07
  12   41 0.89
  33   43 0.93

  19   38 0.96
  25   30 0.61
   2    9 0.48
   4   18 0.12
  20   28 0.96
   1    8 0.42
   5   36 0.73
   8   40 0.64
  15   23 0.67
  20   42 0.95
  15   46 0.69
   2   29 0.34
  10   21 0.67
  20   36 0.10
   8   10 0.39

   0   30 0.85
   3   12 0.58
   0   21 0.69
  12   29 0.92
   7   32 0.64
   9   28 0.07
  19   50 0.02
  14   21 0.23
  19   21 0.96
   7   21 0.44
  15   35 0.13
  17   29 0.69
  15   49 0.89
  27   33 0.53
  21   55 0.53

  21   45 0.97
   8   27 0.73
  16   28 0.65
   9   25 0.30
  30   33 0.11
  19   46 0.49
  31   65 0.79
  30   51 0.95
  20   28 0.37
   3    9 0.18
  16   42 0.95
  13   43 0.95
  26   30 0.95
  24   50 0.58
  13   34 0.00

