4 80 8
3    2   2  16

  33   42 0.00
  16   25 0.17
  19   28 0.74
  34   45 0.63
   6    7 0.67
  36   37 0.70
  13   14 0.81
  15   21 0.99
  12   18 0.85
  34   35 0.15
  10   13 0.43
   9   13 0.52
  15   24 0.84
  28   35 0.96
  23   33 0.62
  32   34 0.91
  15   16 0.38
   6   14 0.01
  18   27 0.67
   2   11 0.19
  28   30 0.66
   5    7 0.26
  33   35 0.71
  14   17 0.41
  31   33 0.42
  24   27 0.09
  16   18 0.90
  11   20 0.19
  20   27 0.36
   4   13 0.53
  11   15 0.49
   1   10 0.83
  16   24 0.35
   5    8 0.86
   0    4 0.04
  36   38 0.09
  13   17 0.79
   6   17 0.96
  35   40 0.58
  20   21 0.81
   9   20 0.88
  33   41 0.76
  14   17 0.43
   0    5 0.02
  14   21 0.11
  32   43 0.48
  21   30 0.62
  22   24 0.36
   5    7 0.74
  25   26 0.78
  36   47 0.15
   0    1 0.55
   9   18 0.65
  11   18 0.28
  25   27 0.88
  22   25 0.56
  29   34 0.97
  33   33 0.54
  22   22 0.57
  28   39 0.16
  18   18 0.16
  27   38 0.93
  20   29 0.60
  36   42 0.24
  23   33 0.90
  29   30 0.73
  21   24 0.77
  23   29 0.80
  10   14 0.31
  30   39 0.08
  16   18 0.81
  15   24 0.51
  16   18 0.04
  20   30 0.22
  18   18 0.22
   9   11 0.14
  25   29 0.15
  27   31 0.57
   5    8 0.30
  29   37 0.71

   9   20 0.26
  19   29 0.63
  28   39 0.64
  30   37 0.80
  27   36 0.88
  32   43 0.00
  16   22 0.04
  35   39 0.92
  13   14 0.62
  35   43 0.72
  12   13 0.57
  22   23 0.17
  26   26 0.54
  17   22 0.09
  28   30 0.36
   9    9 0.79
   3   14 0.81
  20   27 0.97
   1    8 0.67
   0   11 0.89
  32   39 0.38
  12   21 0.83
  22   31 0.67
  19   24 0.93
  34   35 0.60
  36   42 0.43
   6   14 0.30
  29   32 0.89
  23   29 0.13
   0    2 0.46
   3    4 0.16
  11   20 0.72
  21   31 0.42
  24   31 0.95
  13   19 0.52
   9   15 0.86
  29   40 0.93
  24   26 0.19
   2    2 0.10
  34   40 0.23
  14   23 0.81
   4   10 0.28
  18   29 0.35
  27   29 0.45
  18   27 0.94
  20   25 0.73
   9   19 0.57
  22   32 0.28
  28   34 0.92
  14   23 0.84
  30   32 0.84
   0   10 0.02
  35   38 0.68
  17   22 0.28
  19   23 0.24
   7   16 0.72
  34   35 0.53
  17   21 0.44
  20   29 0.96
  18   21 0.47
  12   23 0.40
  16   17 0.68
  22   27 0.30
   9   18 0.23
   5   13 0.43
   8   12 0.31
  13   19 0.69
  32   43 0.52
   3    6 0.94
   8    8 0.25
  12   20 0.32
   1    5 0.63
  33   44 0.71
  31   33 0.02
   8   17 0.75
  24   35 0.16
  31   36 0.62
  13   22 0.22
  27   28 0.99
  15   21 0.59

  32   33 0.76
  30   33 0.14
  31   34 0.89
  14   25 0.12
  30   31 0.78
  30   41 0.52
  26   35 0.88
  32   43 0.50
   8   10 0.49
  22   30 0.11
   2    5 0.64
  17   24 0.65
  15   15 0.52
  15   20 0.10
   9   10 0.82
  15   26 0.12
   5    9 0.48
  13   22 0.70
   7    9 0.13
   6   11 0.52
  34   39 0.86
  33   34 0.25
  20   28 0.20
  35   37 0.98
   6   11 0.14
   6   14 0.21
  21   21 0.73
   1    1 0.38
  15   24 0.76
   6   17 0.92
  16   16 0.66
  22   26 0.65
  27   37 0.25
  36   45 0.85
  27   29 0.86
  15   20 0.72
  32   36 0.07
  18   23 0.27
  21   21 0.90
   4    5 0.73
  35   38 0.87
   0    5 0.48
  28   36 0.18
  27   29 0.45
  13   18 0.57
  15   21 0.21
   6   11 0.02
   8   12 0.40
  22   30 0.17
  36   38 0.69
  32   43 0.25
  34   39 0.45
  35   40 0.58
  22   23 0.56
  25   31 0.51
   3    8 0.58
  21   29 0.69
  30   30 0.29
  32   35 0.05
  36   40 0.07
  27   35 0.03
  20   30 0.82
  20   26 0.53
  22   23 0.12
   9   15 0.29
  21   24 0.34
  12   20 0.91
  25   26 0.20
  34   40 0.51
  30   40 0.24
  29   40 0.92
  24   31 0.87
   9   18 0.03
   2   11 0.06
  35   37 0.89
  15   24 0.81
   4   14 0.52
   0    0 0.21
  14   14 0.55
  23   26 0.09

