5 60 8
3   16   4   2

   4   21 0.33
   0   22 0.04
   5   10 0.52
  23   27 0.46
  17   27 0.36
  16   35 0.32
  21   32 0.55
  10   25 0.95
  20   39 0.10
  23   45 0.71
   5    9 0.40
   0    7 0.03
   0   11 0.74
  10   20 0.00
  12   19 0.91
  14   25 0.77
  17   34 0.36
  11   23 0.73
  21   27 0.00
  19   20 0.61
  22   39 0.20
   8   12 0.20
  21   23 0.54
   2   21 0.81
  18   26 0.94
  13   31 0.58
   9   26 0.00
   9   29 0.39
  20   38 0.68
   4   19 0.76
  12   18 0.35
   3    5 0.15
   9   20 0.84
  11   21 0.15
   7   16 0.33
   2   23 0.96
   6   18 0.51
   6   11 0.66
  10   33 0.81
   8   31 0.40
  18   35 0.57
  22   29 0.73
   3   15 0.39
  15   35 0.12
  11   27 0.53
   9   20 0.12
  21   21 0.73
  22   43 0.39
   1    4 0.48
   3   19 0.05
   3   10 0.53
  23   38 0.34
   8   16 0.17
   5   24 0.31
   5   26 0.21
   6   15 0.45
   2    2 0.08
  12   31 0.59
  10   11 0.18
  12   26 0.24

  21   28 0.08
  13   24 0.84
  15   15 0.86
  20   28 0.60
   1    4 0.94
  14   20 0.89
  23   44 0.56
  20   35 0.27
  21   28 0.16
   7   21 0.14
   3   26 0.51
   0    1 0.53
  18   35 0.88
  19   25 0.72
  13   16 0.41
   3   20 0.05
   7   25 0.76
  17   18 0.97
  16   35 0.33
  23   36 0.64
  15   37 0.46
  15   25 0.64
   2    8 0.25
  14   25 0.73
   1   21 0.00
   1    6 0.56
   5    5 0.94
   0   12 0.57
   8   23 0.15
   5   11 0.47
  10   23 0.72
  15   28 0.16
   2   24 0.88
  10   27 0.72
   8    9 0.95
  17   18 0.55
  12   12 0.35
   1   20 0.72
  12   31 0.10
  14   25 0.20
   6    9 0.74
  12   19 0.34
   1    4 0.08
  18   29 0.15
  11   24 0.12
  13   32 0.38
   9   18 0.88
  20   27 0.82
   4   16 0.11
  18   39 0.36
  21   36 0.94
  23   27 0.20
  22   33 0.51
   7    7 0.48
  10   19 0.55
  16   21 0.65
   1   22 0.37
  19   22 0.12
  21   40 0.72
  17   29 0.18

  19   41 0.54
  23   35 0.56
   9   12 0.70
  20   43 0.35
   4   11 0.12
  12   29 0.02
  15   15 0.56
   3   24 0.01
   3   13 0.06
   4   20 0.83
  13   23 0.14
  23   40 0.70
  18   40 0.47
  11   27 0.37
   2   21 0.77
   7   22 0.69
   6   27 0.65
  14   29 0.09
   1   14 0.55
  11   24 0.86
  18   29 0.02
  19   41 0.67
  20   26 0.89
   8   11 0.70
  12   12 0.79
  19   37 0.64
  12   21 0.47
   6   28 0.15
  15   25 0.03
   5   26 0.43
  14   28 0.43
   0    9 0.52
  11   15 0.95
  20   40 0.68
   8   19 0.92
  19   25 0.54
  19   37 0.32
   3    5 0.57
   4   24 0.48
   9   13 0.30
   6    7 0.04
  14   36 0.14
  20   29 0.28
   0    2 0.89
  16   18 0.01
  12   20 0.59
   7   13 0.08
  14   17 0.28
   2    9 0.47
  12   14 0.71
  20   36 0.91
  15   25 0.14
   8   25 0.73
   5   26 0.55
  21   35 0.76
  18   27 0.15
   9   17 0.01
   2    3 0.24
  14   35 0.13
  23   27 0.11

