4 60 8
3   10  10  16

  18   57 0.23
  28   48 0.11
   5   32 0.54
  22   40 0.28
  13   57 0.87
   1    3 0.58
  30   35 0.86
  16   51 0.10
  13   51 0.07
  26   62 0.01
  24   62 0.10
  18   40 0.46
  18   49 0.96
  13   41 0.63
  26   72 0.04
   9   32 0.75
   0   46 0.98
  11   22 0.11
   0   44 0.30
  20   36 0.15
  17   54 0.77
  26   61 0.67
  30   60 0.94
   8   16 0.36
   5   42 0.47
   7   38 0.64
  23   38 0.31
   8   11 0.10
   4   16 0.86
   6   55 0.44
  27   54 0.93
   0   46 0.47
  27   27 0.75
  17   46 0.55
   9   42 0.88
  29   44 0.11
   0   14 0.66
  23   58 0.94
  32   48 0.25
  14   21 0.66
   8   29 0.66
   3   40 0.92
  32   61 0.16
  11   33 0.11
   4   12 0.52
   8   43 0.81
  17   59 0.10
   8   36 0.47
  28   40 0.92
  18   62 0.88
   6   22 0.37
  11   59 0.05
  15   22 0.63
  23   59 0.03
   7   54 0.48
   2   34 0.39
  22   25 0.60
  18   21 0.66
  22   58 0.46
   1   46 0.49

  25   53 0.60
  25   39 0.81
   1   35 0.25
  29   48 0.65
  11   30 0.28
   7   52 0.51
   0   30 0.44
  21   22 0.79
   9   50 0.05
  15   21 0.48
  13   32 0.76
  14   55 0.86
  30   76 0.18
  26   56 0.11
  10   50 0.30
  15   48 0.62
  30   32 0.34
   6   55 0.36
   9   54 0.26
   1   43 0.68
  30   53 0.19
   5    6 0.59
  27   30 0.54
  19   27 0.76
   6   25 0.47
  19   49 0.58
  16   37 0.79
   5   26 0.37
  21   51 0.88
  26   26 0.54
  26   35 0.40
   6   48 0.75
  25   50 0.69
  23   64 0.83
   1   41 0.39
  18   61 0.08
  10   39 0.83
  15   37 0.41
  14   24 0.20
  17   17 0.71
  15   24 0.38
   4   18 0.48
  21   26 0.39
  31   70 0.25
  21   29 0.21
  16   24 0.00
   1    1 0.58
  15   64 0.93
  32   43 0.88
  17   32 0.18
  19   49 0.48
  14   57 0.19
  10   23 0.04
  24   52 0.02
   6   28 0.76
  23   71 0.79
  16   16 0.91
  29   75 0.26
   4   39 0.49
  18   61 0.47

  21   23 0.65
   5   13 0.10
   3   49 0.65
  20   69 0.11
  11   23 0.01
  13   38 0.60
  26   61 0.15
  32   60 0.64
  20   35 0.20
  26   40 0.66
   0   17 0.38
  22   50 0.24
  32   69 0.91
  28   35 0.58
   3   45 0.83
  18   43 0.20
  12   34 0.13
  25   25 0.90
  28   75 0.62
  17   37 0.89
  26   65 0.52
  28   68 0.92
  30   65 0.41
  14   38 0.63
  24   27 0.15
  23   55 0.48
   2    8 0.48
  22   52 0.03
  17   62 0.56
  16   31 0.12
  20   26 0.64
  13   53 0.65
   4   22 0.65
  18   28 0.11
   2   31 0.94
  28   74 0.82
   5   25 0.12
  23   28 0.30
  15   20 0.06
   6   31 0.71
  30   43 0.31
  17   35 0.87
  25   74 0.01
  31   56 0.05
  20   50 0.22
   7   35 0.54
   9   35 0.79
   1   14 0.58
  29   33 0.08
   4   36 0.01
   4   51 0.26
  17   55 0.12
   3   32 0.96
   9   43 0.95
  32   40 0.39
   7   30 0.45
  28   40 0.32
  12   35 0.21
  23   30 0.01
   5    9 0.00

