4 80 8
3   10  16  16

  20   22 0.38
  46  107 0.84
  22   75 0.23
  60  129 0.04
   9   61 0.83
  31   93 0.10
  56  128 0.60
  10   30 0.18
   7   70 0.33
  23   96 0.32
  63  107 0.57
  10   14 0.76
  29  106 0.12
  14   74 0.66
  47   69 0.72
   8   83 0.01
  52  108 0.90
  11   42 0.11
  50   86 0.62
  54   56 0.76
  67   99 0.09
   0   51 0.77
  52   57 0.03
  66  114 0.99
  18   68 0.67
  53  106 0.36
  20   65 0.67
  25   64 0.70
  49  116 0.57
  10   49 0.50
  62   89 0.31
  52  117 0.44
  73  109 0.28
  51   70 0.62
  21   74 0.27
  39   99 0.67
   7   15 0.78
  59   84 0.83
  30   43 0.65
  50  100 0.42
  49   95 0.64
  64   76 0.06
   9   70 0.57
  27   49 0.45
  53  107 0.20
  22   86 0.43
  69   89 0.75
  46  117 0.79
  70  130 0.21
   8   21 0.84
   4   11 0.43
  39   76 0.95
  30   35 0.53
  29   79 0.26
  47   62 0.28
  76  144 0.96
  51   97 0.79
  26   95 0.49
  44   76 0.83
  46   54 0.06
  29   83 0.69
  24   55 0.54
   3    9 0.08
  41   65 0.87
  66   83 0.31
  52   55 0.95
  36   52 0.69
  10   43 0.68
  11   71 0.37
  28   62 0.94
  20   80 0.43
  41   51 0.36
  52  113 0.94
   2   75 0.86
  17   19 0.18
  54   80 0.13
  63  103 0.38
  63   93 0.19
  36  102 0.85
   8   78 0.37

  68   79 0.78
  38   42 0.44
  33   90 0.38
  68   92 0.77
  70   80 0.01
  16   52 0.50
  64  118 0.29
  54   61 0.56
  62   99 0.21
  75  131 0.78
  40   93 0.55
  52   71 0.66
  18   23 0.03
  56  120 0.66
  30   37 0.85
  32   63 0.77
  20   88 0.52
  42   84 0.60
  38   83 0.47
  33   80 0.77
  49   71 0.93
  22   73 0.84
   3   53 0.50
  12   51 0.55
  10   87 0.11
  11   88 0.48
  31   71 0.80
  70  127 0.55
   4   30 0.50
  61  106 0.25
   5   35 0.11
  39   51 0.55
  14   52 0.44
  59  129 0.79
  44   92 0.07
  34   42 0.42
  51   81 0.70
  33  108 0.40
  77   98 0.09
  35  102 0.25
   4   70 0.47
  11   19 0.29
  73   93 0.72
  22   31 0.87
  59   70 0.79
  68   94 0.18
   4   40 0.29
  10   24 0.68
   2   74 0.53
  17   80 0.92
  74  122 0.14
  15   55 0.56
   4   25 0.12
  57   84 0.96
  77   78 0.59
  10   17 0.36
  35   87 0.96
  33   73 0.58
  42   97 0.46
  75  143 0.70
  23   61 0.81
   4   37 0.22
  57   87 0.40
  72  109 0.24
  67   81 0.90
  46  121 0.34
  45  107 0.11
  32  109 0.65
  65  111 0.82
  56  118 0.60
   4   52 0.77
  67  107 0.60
   9   32 0.64
  68   97 0.61
  50   65 0.54
  39   99 0.34
  28   49 0.29
  36   45 0.11
   2   13 0.85
  77  103 0.90

  37   42 0.51
  60   96 0.39
  66   67 0.33
  40   57 0.66
  71  114 0.39
   3   25 0.47
   8   28 0.26
  10   87 0.91
  52   88 0.51
  29   47 0.38
   7   22 0.21
  67   94 0.85
  14   40 0.97
   0   28 0.16
  36   62 0.45
  42   57 0.49
  67   81 0.82
  42   66 0.00
  36   87 0.74
  57  106 0.88
  18   67 0.03
  76   80 0.07
  60   99 0.32
  48  105 0.65
  39   82 0.72
  77  153 0.87
  57   97 0.20
  36   36 0.96
  63  119 0.54
   5    9 0.80
   1   21 0.17
  14   84 0.52
  58   64 0.91
  42  111 0.10
  69  119 0.26
  41   64 0.90
  21   32 0.59
  60   72 0.15
  65  114 0.54
  75  128 0.12
  36   68 0.06
  21   73 0.91
   9   55 0.72
  75  142 0.58
  63   91 0.39
  57  107 0.10
  38  108 0.45
  47   78 0.78
  26   39 0.75
  32   74 0.61
  64  111 0.83
  41   84 0.77
  74  103 0.35
  24   82 0.52
  44   49 0.52
  55   64 0.84
   2   42 0.59
  56   87 0.06
  25   74 0.22
  35   39 0.64
  42   53 0.32
  39   83 0.33
  13   22 0.00
  10   82 0.10
  32  107 0.71
  64   66 0.60
  34   85 0.81
  40   92 0.14
  55   69 0.62
  49  115 0.58
  27   87 0.28
  33   77 0.35
  33   54 0.43
  68   68 0.46
  27   85 0.36
  28   57 0.71
  73   80 0.55
  54  127 0.80
   0    3 0.09
  52  114 0.03

