5 100 8
3    4  10  16

  24   61 0.98
  36   82 0.27
   1   48 0.69
  33   66 0.07
  30   33 0.22
   1   18 0.33
  20   32 0.02
  22   58 0.20
   8   29 0.85
   2    6 0.83
  27   61 0.20
  27   53 0.23
   5   53 0.94
  16   38 0.69
   7   13 0.53
  26   54 0.71
  26   48 0.86
  35   59 0.96
  21   42 0.76
   9    9 0.65
  25   27 0.13
  16   23 0.16
   7   28 0.44
   1   52 0.29
   6   47 0.08
  17   28 0.86
  20   25 0.96
   7   12 0.91
  32   58 0.07
  30   61 0.73
  10   60 0.35
  36   73 0.74
  13   22 0.37
  19   68 0.89
  13   41 0.54
   3   25 0.08
  36   61 0.77
  33   84 0.28
  13   53 0.68
   0   26 0.66
  14   15 0.38
   5   16 0.38
  20   60 0.94
  31   84 0.30
  15   48 0.73
  21   68 0.95
  16   56 0.11
   9   22 0.14
  10   47 0.17
  31   35 0.12
  13   56 0.06
   5   29 0.03
   1   18 0.47
  10   10 0.38
  13   34 0.18
  27   72 0.35
  23   37 0.88
  12   42 0.51
   0   18 0.17
  12   18 0.54
  32   76 0.92
  36   85 0.73
  13   61 0.60
   8   22 0.07
   7   55 0.21
  29   81 0.72
  16   64 0.58
  13   52 0.70
  25   49 0.76
  34   75 0.70
  19   62 0.08
  31   54 0.33
   4   17 0.62
  15   55 0.86
   3   22 0.37
  22   73 0.08
  27   68 0.42
  28   61 0.91
  19   35 0.65
  18   45 0.44
  18   60 0.48
  15   19 0.25
  29   81 0.71
   5   12 0.99
  10   31 0.37
   1   50 0.84
   4   37 0.62
   3   37 0.53
  31   62 0.83
  28   39 0.24
  26   51 0.51
  21   27 0.17
  21   69 0.35
  35   44 0.35
  19   65 0.53
  16   31 0.15
  18   19 0.38
  15   15 0.34
  35   39 0.70
  23   51 0.73

   6   38 0.27
  21   47 0.66
  21   74 0.42
   8   42 0.16
  20   37 0.65
   0   27 0.38
  12   56 0.00
  27   37 0.45
  36   60 0.97
   7   36 0.09
   8   35 0.64
  23   53 0.88
  34   62 0.78
   5   46 0.85
  20   21 0.54
  35   50 0.92
  32   87 0.72
   0   24 0.87
   6   36 0.32
  30   55 0.47
   7   59 0.89
   5   47 0.24
  23   33 0.27
  24   35 0.79
   1    8 0.97
  12   59 0.92
  28   50 0.19
  20   45 0.41
  34   77 0.65
   0   51 0.77
  13   45 0.68
  24   76 0.85
  29   54 0.68
  15   54 0.51
  13   26 0.94
  34   54 0.48
  20   33 0.37
  27   31 0.85
   2   20 0.57
   3   46 0.18
  34   72 0.95
  16   50 0.27
   3    7 0.62
  16   53 0.74
  22   59 0.52
   0   18 0.78
  27   76 0.33
  16   46 0.42
  29   82 0.08
   1   56 0.15
  35   58 0.56
  12   40 0.54
   2   15 0.23
  12   64 0.16
  22   58 0.95
  10   40 0.24
  30   72 0.70
  14   47 0.36
  12   25 0.32
   8   60 0.34
  18   42 0.86
  10   25 0.46
  31   58 0.57
  13   37 0.23
   8   11 0.00
  33   87 0.84
  35   62 0.32
  24   77 0.95
   1   50 0.79
  11   23 0.32
   9   23 0.71
  15   53 0.86
  18   45 0.28
  17   49 0.15
  35   84 0.60
   0   33 0.35
  12   32 0.37
  25   80 0.77
  19   64 0.39
  36   57 0.93
  13   30 0.96
   3   57 0.24
   6   48 0.06
  29   54 0.08
  36   46 0.13
  30   46 0.44
  30   77 0.00
   2   57 0.93
  32   32 0.41
  30   31 0.19
   0   13 0.14
  15   55 0.77
  25   64 0.08
   8   60 0.33
  30   44 0.34
  11   43 0.63
  34   72 0.62
  17   66 0.23
   7   31 0.28
  20   33 0.32

  26   71 0.82
   8   26 0.59
  22   77 0.30
  20   47 0.33
  10   49 0.51
  28   44 0.10
  28   46 0.95
   6   17 0.70
  30   31 0.07
  25   26 0.93
  33   78 0.28
  29   33 0.14
  22   47 0.89
  16   28 0.70
  29   68 0.90
  21   22 0.52
  16   35 0.02
   1    7 0.60
  27   31 0.07
   8   54 0.41
  35   59 0.02
  17   40 0.89
  35   41 0.19
   4    8 0.22
  24   24 0.48
  12   20 0.42
  15   31 0.13
   0   52 0.59
   2   36 0.88
  20   52 0.18
   2    6 0.63
  16   59 0.64
  25   59 0.80
   7   54 0.62
   0    6 0.14
   9   35 0.92
  36   62 0.53
  32   33 0.40
   4   36 0.78
   4    5 0.87
  36   64 0.90
   8   14 0.20
   6    6 0.48
  10   21 0.88
  35   42 0.70
   6   15 0.64
  16   63 0.97
  28   72 0.91
  36   84 0.18
   9   64 0.32
  28   39 0.74
  14   24 0.48
  21   73 0.74
  21   22 0.57
   2   42 0.81
   1   43 0.93
   9   60 0.41
  12   49 0.84
  21   71 0.40
   2   30 0.93
   5   60 0.10
  21   62 0.13
   0   22 0.59
   0   24 0.05
   9   23 0.57
  33   35 0.77
  29   56 0.91
  14   40 0.85
  10   30 0.89
   0   35 0.61
  31   42 0.60
  36   55 0.59
   0   37 0.64
   0   16 0.92
  27   57 0.71
   0   10 0.88
  34   52 0.24
  32   53 0.88
  16   49 0.13
   9   59 0.43
  21   30 0.71
  30   80 0.68
  24   67 0.15
  24   60 0.11
  28   71 0.45
   5   22 0.92
  12   54 0.06
   3   19 0.15
  28   60 0.40
  24   67 0.88
  29   65 0.45
   3   58 0.96
   1   39 0.97
   9   64 0.86
  11   26 0.45
   3   16 0.02
  24   66 0.14
   5   16 0.19
  28   33 0.21
  14   58 0.87

