3 40 4
6   10  10   2  10   4  16

  42   75 0.54
  67   70 0.57
  76   89 0.86
  34   40 0.44
  15   18 0.99
   4   40 0.30
  81  121 0.10
   4   26 0.02
  32   36 0.29
   1   13 0.96
  15   19 0.78
  46   76 0.69
  29   67 0.04
  33   54 0.05
  14   50 0.92
  30   46 0.42
  11   37 0.54
  54   56 0.49
  13   46 0.94
  61   98 0.34
  17   59 0.24
  32   33 0.98
  14   49 0.33
  75   76 0.83
  38   50 0.81
  34   72 0.62
  36   39 0.36
  15   41 0.40
  83  100 0.73
  85  116 0.17
  75  114 0.73
  35   73 0.48
  42   83 0.27
  12   39 0.24
  40   49 0.51
  48   84 0.59
  84   87 0.97
  43   79 0.02
   9   35 0.77
  52   70 0.66

  54   64 0.30
   4    8 0.57
  13   23 0.15
  25   33 0.85
   5   18 0.57
  70  110 0.23
  83   96 0.47
  59   61 0.82
  45   63 0.72
  53   71 0.53
  64   70 0.69
  40   41 0.45
  84  111 0.20
  85   94 0.91
  18   34 0.54
  55   69 0.56
  12   27 0.35
  17   55 0.02
  59   87 0.58
  50   51 0.43
  16   54 0.02
  67   73 0.23
  76   79 0.85
  23   53 0.96
  77  113 0.41
  23   42 0.42
   8   31 0.03
  56   79 0.00
  50   73 0.60
  52   75 0.70
  82   92 0.63
  59   60 0.55
  12   47 0.31
  12   45 0.81
  45   56 0.56
  18   50 0.53
  32   44 0.44
  17   42 0.39
   7   36 0.49
  32   58 0.85

  49   68 0.72
  47   82 0.14
  73   95 0.32
  47   74 0.49
  13   53 0.28
  70   86 0.21
  55   68 0.98
  17   36 0.90
  68   88 0.25
  54   62 0.93
  21   44 0.89
  11   18 0.73
   2   20 0.14
  16   40 0.28
  62  100 0.68
  50   83 0.79
  85   93 0.05
  55   94 0.41
  30   35 0.86
   6   22 0.74
  77   87 0.83
   2   15 0.55
  29   31 0.50
  67   97 0.00
  83   92 0.40
  28   54 0.41
  35   46 0.91
  52   83 0.72
  71  104 0.71
   9   22 0.06
  60   74 0.32
  29   43 0.62
  68  105 0.70
  65   93 0.53
  66  105 0.58
   4   26 0.46
  57   81 0.64
   8   28 0.71
  62   83 0.15
  43   43 0.21

  18   31 0.83
   4    5 0.17
  28   30 0.61
  34   46 0.43
  48   48 0.77
  76   96 0.63
  40   55 0.40
  16   39 0.60
  55   80 0.42
  42   69 0.66
  11   53 0.69
  51   58 0.41
  77  110 0.67
  52   78 0.41
  80  104 0.28
  30   43 0.06
  55   76 0.49
  25   61 0.90
   9   33 0.31
  23   24 0.30
   4   32 0.03
  29   34 0.64
  71  106 0.31
  26   28 0.29
  23   51 0.97
  18   40 0.66
   3   23 0.10
  37   54 0.61
  43   46 0.78
  24   47 0.59
  43   50 0.67
  41   47 0.51
  64   75 0.92
  42   70 0.60
  36   70 0.66
  29   29 0.48
  83   95 0.94
  58   73 0.54
  84  117 0.92
  67   71 0.40

  14   32 0.25
  47   54 0.68
  54   74 0.78
  33   43 0.85
  55   84 0.75
  29   30 0.04
  15   43 0.59
  60   73 0.44
  25   40 0.97
  37   77 0.18
  26   67 0.11
  34   36 0.68
  59   85 0.43
  67   72 0.88
  18   23 0.26
  85   86 0.71
  53   83 0.33
  49   52 0.33
  41   72 0.10
  52   64 0.65
  59   94 0.11
  79  105 0.23
  72  108 0.20
  76  103 0.54
  22   50 0.81
  53   79 0.23
  22   43 0.21
  30   54 0.72
  29   66 0.29
  49   86 0.51
  80  108 0.56
   1    4 0.90
  37   76 0.45
  30   39 0.17
  31   46 0.62
   7   26 0.39
  12   20 0.36
  32   39 0.83
  26   48 0.85
  11   43 0.90

  50   78 0.36
  61   69 0.33
  76   95 0.29
  45   87 0.44
  35   37 0.89
  40   55 0.44
  35   56 0.33
   0    8 0.11
  84  108 0.76
  13   52 0.05
  18   43 0.05
  78  114 0.54
  28   69 0.46
  63   99 0.00
  26   39 0.16
  35   68 0.09
  14   36 0.29
  68   80 0.17
  80   98 0.28
  15   51 0.88
  76   79 0.83
  60   83 0.71
  64  105 0.36
  41   73 0.50
  74   77 0.03
   1   22 0.87
   2   25 0.66
  59   75 0.58
  39   53 0.78
   1   30 0.47
  26   49 0.13
  64   72 0.20
  56   88 0.07
  71   79 0.53
   5   17 0.32
  56   71 0.09
  79   90 0.41
  57   60 0.26
  62   81 0.12
  71   77 0.41

