3 60 4
3   16   2   4

  40   45 0.58
  11   11 0.65
  10   32 0.49
  25   39 0.50
  42   55 0.24
  35   39 0.75
  23   47 0.63
   5   25 0.45
  34   55 0.61
  17   38 0.98
  30   31 0.92
   1    3 0.89
  39   54 0.00
  17   21 0.45
  45   56 0.40
  13   38 0.92
  37   54 0.67
  21   24 0.82
  42   58 0.04
  44   57 0.75
  46   68 0.45
  35   37 0.96
  40   52 0.13
  24   49 0.28
  50   64 0.93
  20   24 0.27
  54   73 0.22
   9   21 0.65
  33   36 0.00
   0    0 0.72
  50   50 0.03
  18   42 0.29
  32   35 0.48
  47   51 0.73
  10   13 0.50
  51   60 0.54
  51   71 0.50
  35   46 0.78
   7    8 0.53
  53   71 0.82
  37   46 0.06
  47   47 0.06
  14   30 0.16
  43   65 0.34
  36   58 0.01
   5    8 0.04
  19   27 0.50
   8   10 0.15
  30   40 0.36
  43   43 0.21
  23   45 0.66
  34   52 0.72
  20   29 0.58
  51   60 0.69
  12   16 0.50
  25   38 0.41
  25   41 0.42
  39   60 0.00
   6   19 0.99
  28   29 0.97

   5   21 0.62
  52   74 0.55
  43   49 0.10
  30   54 0.39
  49   72 0.96
  43   60 0.76
  10   33 0.23
   9   15 0.41
   1   20 0.64
   3   18 0.38
  17   36 0.87
   9   32 0.17
  16   30 0.49
  33   33 0.21
  38   61 0.87
   1    2 0.35
  34   35 0.47
  46   64 0.45
  18   30 0.40
  17   17 0.39
  44   66 0.97
   8   17 0.73
  27   48 0.60
  28   45 0.28
   9   26 0.95
  41   47 0.03
  43   44 0.83
  24   39 0.29
  17   33 0.22
  20   30 0.88
  17   42 0.18
   5   20 0.67
  24   38 0.43
  48   55 0.97
  17   33 0.42
  15   25 0.91
  27   49 0.81
   9   32 0.24
  39   44 0.13
   5   23 0.67
   0   15 0.66
  19   32 0.80
  41   64 0.45
   3    6 0.43
  52   55 0.68
  28   34 0.77
   1   24 0.61
  21   24 0.31
  19   23 0.52
  46   63 0.46
  11   27 0.88
   2   21 0.96
  14   33 0.63
  52   77 0.95
  40   61 0.63
  26   30 0.95
  34   35 0.27
  17   41 0.70
  46   72 0.95
  15   16 0.11

  34   54 0.89
  11   37 0.45
   8   31 0.83
  42   52 0.50
   7   31 0.77
  25   27 0.38
  29   37 0.72
  17   26 0.66
   7    7 0.46
  26   45 0.42
  38   55 0.98
  13   19 0.14
  49   55 0.63
  54   63 0.51
   6   24 0.21
  18   23 0.76
  27   32 0.01
  24   40 0.12
  39   54 0.28
  11   35 0.04
  16   41 0.42
  10   36 0.73
  20   40 0.29
  22   47 0.85
  15   34 0.09
  46   66 0.16
   3    4 0.58
  28   32 0.06
  44   57 0.36
  50   66 0.26
  29   36 0.30
  24   28 0.08
  18   36 0.27
  54   75 0.62
   4    4 0.75
  52   54 0.03
   5   29 0.13
  30   31 0.38
  42   50 0.91
   1    6 0.83
  43   54 0.96
  24   46 0.63
  13   23 0.61
  52   65 0.67
   0   20 0.12
   7   18 0.22
  21   44 0.69
  49   57 0.39
  41   62 0.13
   6    6 0.08
  37   60 0.54
  40   59 0.54
  18   18 0.54
  12   17 0.16
  40   58 0.12
  26   40 0.38
  42   63 0.37
  31   48 0.70
  34   53 0.93
  31   38 0.45

