5 100 4
3   16  10   2

  24   36 0.27
  27   35 0.60
  18   48 0.75
  22   38 0.47
  26   39 0.97
   9   36 0.77
   6   22 0.11
  31   54 0.96
  16   32 0.71
  12   46 0.12
  24   44 0.27
   1   15 0.21
   5   34 0.63
  25   34 0.11
   0   28 0.29
   1    7 0.02
  19   36 0.72
   1   19 0.24
  18   19 0.27
  13   41 0.52
  22   28 0.04
   7   11 0.55
  13   38 0.06
   7   19 0.51
  20   33 0.22
  24   25 0.94
  25   32 0.10
  32   41 0.56
  17   39 0.90
   9   31 0.18
  14   46 0.12
  23   46 0.19
   8   24 0.12
   1    2 0.56
  24   30 0.51
  16   29 0.51
   5   15 0.37
  14   17 0.22
  19   28 0.74
  18   45 0.02
  33   40 0.11
  23   40 0.35
  21   36 0.57
   6   10 0.71
  21   43 0.63
  23   28 0.44
  15   18 0.34
   9   36 0.10
  22   51 0.70
  28   47 0.60
  30   49 0.62
  31   31 0.56
  27   44 0.17
  27   49 0.81
  16   21 0.44
   6   30 0.14
  25   44 0.91
  13   23 0.68
  21   32 0.45
   3    6 0.78
  12   39 0.83
  19   38 0.59
  29   45 0.13
  21   27 0.35
  24   57 0.18
  18   49 0.94
   1    5 0.50
   5   32 0.60
  18   46 0.33
  29   40 0.51
  29   46 0.27
  28   62 0.45
  34   57 0.07
   1   14 0.82
  31   34 0.27
  11   13 0.38
  31   32 0.98
  22   41 0.43
  22   27 0.54
   0   19 0.20
   6   25 0.07
   5   36 0.01
  17   51 0.79
  11   19 0.24
   9   38 0.39
  17   28 0.84
  17   43 0.87
  31   45 0.66
  14   48 0.43
   2   21 0.66
  21   21 0.97
   1    3 0.99
  28   53 0.43
  33   62 0.71
   2   23 0.15
  10   15 0.90
   5   35 0.06
  21   53 0.25
  15   22 0.28
   5    5 0.99

  28   28 0.22
  30   35 0.89
  14   19 0.79
   0   13 0.20
  29   42 0.86
  26   32 0.44
   7   32 0.03
  24   44 0.35
  32   63 0.72
   9   27 0.65
  30   31 0.79
   0   20 0.41
  18   50 0.81
  14   40 0.60
  19   32 0.28
  24   30 0.75
   8   26 0.17
  30   44 0.87
   0   28 0.17
   3    6 0.70
   4   23 0.31
  25   28 0.51
  18   48 0.75
   6   25 0.43
  15   26 0.37
  29   57 0.22
  19   31 0.93
  21   48 0.78
  28   42 0.52
   1    7 0.14
  11   33 0.29
  10   16 0.75
  28   58 0.67
  22   26 0.60
  30   52 0.12
  19   48 0.27
  30   59 0.89
  13   27 0.94
   6   36 0.72
  25   29 0.28
   4    5 0.52
  12   24 0.59
  21   42 0.04
  25   54 0.20
  30   40 0.76
  33   35 0.89
  22   46 0.48
  22   29 0.06
   1   26 0.35
   7   38 0.44
  27   42 0.16
   5    9 0.62
   0   19 0.19
  31   54 0.37
  20   50 0.45
  11   16 0.22
   5   38 0.01
  19   28 0.75
   5   27 0.30
  13   26 0.98
  30   35 0.11
  34   39 0.05
  32   48 0.58
  11   23 0.48
  13   47 0.01
   4    4 0.12
   0   32 0.84
  21   28 0.35
   6   26 0.39
   2    2 0.17
  15   37 0.13
   7   26 0.40
  34   64 0.75
  32   51 0.34
   0   33 0.00
  31   59 0.37
   5   21 0.57
  11   31 0.88
   1   22 0.70
  16   31 0.07
  20   29 0.07
  23   37 0.33
  34   53 0.14
  20   30 0.11
   5   24 0.90
  17   37 0.42
  19   27 0.32
   9   40 0.33
  18   42 0.72
  23   27 0.55
  28   39 0.52
  16   45 0.83
  18   47 0.24
  28   35 0.86
  22   41 0.37
  20   24 0.34
  30   30 0.19
  12   43 0.89
   6   15 0.89
   5    5 0.82

  15   18 0.09
  20   29 0.39
   9   16 0.32
  11   21 0.44
  22   46 0.08
   7   35 0.65
  10   37 0.45
   9   26 0.81
  33   35 0.72
   0   27 0.65
  11   25 0.84
   4   22 0.53
  10   26 0.10
   4   21 0.31
  17   33 0.09
  29   42 0.92
  30   35 0.05
  32   63 0.71
  20   40 0.52
   3   16 0.59
  14   22 0.82
   5   19 0.50
   9   11 0.58
  26   58 0.39
  20   45 0.46
  17   22 0.89
  34   47 0.19
  19   53 0.02
  32   54 0.86
  14   20 0.30
  12   13 0.33
  23   25 0.46
  21   36 0.55
  22   29 0.32
  28   48 0.52
  22   41 0.99
  26   44 0.84
  28   55 0.82
  20   54 0.26
   3    4 0.39
  10   25 0.84
   7   35 0.44
   9   15 0.33
  21   29 0.36
  17   45 0.27
   5   24 0.06
   5   36 0.11
   3   11 0.81
  32   40 0.47
  25   27 0.99
  30   40 0.10
  10   36 0.37
   5   19 0.98
   7   31 0.72
  16   44 0.52
  21   46 0.69
   5   18 0.82
  30   37 0.57
  24   28 0.77
  31   57 0.71
   0    9 0.94
  25   42 0.05
  12   35 0.94
  12   42 0.71
   4   17 0.80
   6   40 0.82
  18   19 0.61
  19   47 0.53
  10   41 0.02
  12   44 0.51
   0    0 0.35
   4   16 0.35
  34   57 0.37
   9   41 0.88
  22   54 0.57
   5   21 0.41
  29   61 0.31
   1   11 0.58
   7   19 0.35
  22   40 0.59
  17   46 0.41
   8   15 0.84
  20   41 0.68
   9   32 0.90
  13   27 0.49
   0   11 0.97
  12   41 0.14
  16   41 0.53
   1    5 0.84
   3   28 0.11
   1   27 0.77
  11   12 0.49
  27   38 0.38
   2    2 0.04
   4   25 0.58
   7   21 0.72
  20   30 0.05
   3    7 0.83
   9   17 0.31
  13   37 0.38

