5 40 4
6   10   4  20  10  20  10

  16   76 0.85
   7   96 0.05
  23   61 0.96
  11   20 0.39
  24   48 0.20
  32  107 0.76
  11  112 0.21
   0   70 0.13
   0   98 0.45
  17  118 0.19
   6   49 0.14
   0   57 0.48
  29  100 0.05
  21   33 0.36
  31  102 0.43
   0   42 0.89
  18  115 0.46
   1   11 0.04
   1   12 0.96
  28   90 0.88
  25  104 0.93
  25   60 0.41
  15   27 0.11
   5  113 0.59
  23  131 0.47
   9   64 0.49
  18   49 0.50
  25  113 0.92
  20  108 0.61
  31  108 0.70
   2   78 0.32
  14   31 0.09
  13   40 0.91
  12   41 0.28
  24   64 0.91
   5    6 0.95
  36   81 0.50
  31   58 0.29
  30   52 0.35
  32  112 0.76

  35   97 0.16
  20   21 0.59
  22   82 0.05
  28  103 0.04
   2   96 0.00
  31  134 0.77
  14  104 0.42
   5    7 0.70
  12   84 0.98
  35   58 0.23
   4  111 0.28
  29   54 0.83
  36   98 0.97
  26  100 0.60
  12   36 0.69
  29   40 0.87
  34  144 0.15
  17   94 0.82
  26   52 0.36
  17   88 0.23
  21   82 0.64
   6   90 0.21
   2    7 0.94
  20   83 0.62
  13  102 0.14
  23   67 0.14
   3   61 0.06
  26   70 0.42
  13   76 0.33
  10   77 0.29
  10   47 0.27
  28   90 0.02
   5  109 0.75
   9   66 0.01
  32  117 0.72
  11   61 0.87
  21   79 0.57
  13  118 0.48
  12   47 0.60
  10  119 0.32

  35   67 0.23
  23   42 0.19
  17  127 0.40
  32  114 0.21
  19   95 0.17
  33  124 0.55
  23   71 0.86
   1   34 0.82
  35   68 0.63
   9   81 0.12
  11   52 0.40
  35   63 0.51
  20   22 0.15
  14   77 0.73
  29   74 0.36
  28  132 0.63
  29   61 0.44
  27  120 0.45
  16  117 0.97
   2   53 0.10
  29  127 0.09
   6   68 0.77
  32  140 0.98
  34   71 0.15
   9   81 0.22
   6   52 0.38
  26   99 0.42
   2  108 0.07
  29   66 0.70
   6   79 0.44
  23   25 0.40
  22   99 0.34
  28  115 0.11
   7   47 0.39
  36   47 0.08
  27   47 0.67
   7  116 0.39
   9   94 0.33
  24   54 0.58
  24   71 0.15

  12  104 0.75
   8   89 0.53
  12   89 0.61
   5   75 0.09
  26  111 0.68
   3   25 0.19
   8   59 0.87
  14  122 0.37
  19   19 0.72
  10   66 0.08
  28   31 0.63
  14   27 0.37
  26  132 0.78
   5   13 0.92
  15   84 0.76
   0   41 0.99
   3   65 0.97
   6   77 0.36
  35   41 0.92
  29  102 0.21
   6  108 0.59
  31   65 0.89
  30  119 0.56
  21  121 0.98
  20   38 0.93
  10   63 0.39
   4    5 0.59
  17  120 0.38
   4   92 0.09
  24   48 0.59
  24  115 0.79
   9   61 0.51
  25  112 0.15
   5   94 0.56
  10  100 0.19
  27  123 0.09
   3   89 0.05
   4   32 0.38
   5   84 0.02
   6   80 0.68

  16   48 0.98
  14   89 0.55
  14   82 0.57
  11  103 0.44
   1   49 0.96
  34  124 0.46
  32   76 0.88
   6  105 0.34
  19   59 0.49
  32  123 0.30
  28   48 0.49
   3   19 0.29
  31  119 0.94
  16  110 0.56
  11   12 0.84
  34   85 0.06
  16   67 0.05
  13   51 0.71
   5   36 0.01
   1   55 0.88
   4   76 0.61
  24  114 0.79
  12   33 0.80
  12   25 0.50
   0   17 0.16
   7   16 0.05
  36  126 0.48
  24   26 0.75
  10  103 0.28
  32   60 0.98
  21   56 0.10
   0   39 0.35
  36   92 0.62
   4  106 0.79
  17   88 0.10
  30   91 0.27
   4   66 0.11
  28   72 0.99
  18   21 0.98
   3  101 0.60

  23  129 0.32
  32   90 0.21
   0  102 0.51
  32  111 0.74
  33  129 0.76
  23   64 0.72
  16   36 0.65
  25   68 0.67
  30   89 0.23
  27   37 0.32
  32   84 0.59
   2   58 0.85
  36  116 0.53
  18   31 0.00
  27   90 0.87
  15  106 0.68
  26  110 0.52
  29  128 0.25
   3  110 0.61
  15   23 0.06
  31   74 0.99
  27   76 0.20
  28   28 0.62
   7   62 0.48
  35  104 0.80
   4   21 0.07
   2   35 0.39
  14   15 0.94
  18  110 0.59
   2   17 0.64
   2   34 0.32
  23   70 0.80
  12  110 0.75
  17   67 0.55
  24   42 0.90
  33  101 0.17
  14   21 0.61
  25   55 0.81
  27   60 0.35
   2   68 0.21

