4 30 8
6   20   2  20   2   4  10

   7   11 0.24
   6   10 0.61
  10   13 0.51
   4   14 0.20
  12   12 0.87
   6   12 0.53
   5   11 0.61
   3    3 0.39
   1    1 0.14
  10   10 0.53
   2    6 0.62
   7   19 0.25
   1   12 0.90
   6   13 0.64
   4    5 0.45
   5   17 0.38
  11   11 0.29
   8   19 0.15
   7    9 0.80
   5   12 0.27
   6   17 0.01
   8   11 0.24
   6   18 0.53
   0    0 0.40
   9   13 0.39
   1    3 0.45
   3    7 0.11
   2   13 0.12
   4    9 0.96
   0    1 0.75

  11   21 0.18
   2    4 0.69
   4   15 0.24
   3   15 0.51
  12   17 0.48
   3   14 0.38
  10   14 0.79
   8   17 0.45
   4    4 0.17
   9   13 0.90
  11   22 0.59
  10   11 0.08
   4   16 0.67
   2   13 0.60
   8   11 0.06
   6   13 0.37
   4    6 0.58
  12   12 0.88
   0    6 0.36
   3    6 0.24
   2    6 0.90
   6   11 0.28
   9   20 0.96
   2    2 0.76
   4    9 0.66
   2   12 0.87
   6   16 0.85
   7   14 0.89
   0    2 0.49
   6   10 0.32

  10   11 0.51
  12   19 0.55
  10   22 0.35
  12   15 0.23
  12   23 0.94
   3   14 0.37
   2    9 0.85
   7   12 0.31
  10   21 0.49
   8   14 0.79
   4    9 0.32
   2    7 0.92
  10   18 0.79
   2    9 0.48
   0    4 0.12
  10   12 0.24
  11   11 0.94
   7   19 0.67
  11   20 0.08
  10   22 0.11
   2    8 0.56
   8   11 0.37
   0    9 0.57
   1    7 0.96
   9   16 0.11
   6   14 0.15
   4    6 0.67
   6   12 0.28
   9   14 0.24
   9   11 0.80

   1    1 0.62
   0    9 0.21
   8   15 0.71
   3    3 0.01
   1    9 0.25
   1    3 0.00
   1    5 0.16
   6   16 0.62
   7    9 0.80
   0    3 0.00
   7   10 0.17
   3    8 0.61
   6   12 0.80
  10   19 0.99
  12   13 0.60
   4   11 0.98
   4   14 0.60
   9   12 0.85
   7    9 0.23
   1    9 0.26
  10   12 0.60
   7   19 0.22
   6    7 0.83
   9   13 0.69
  10   15 0.77
   9   13 0.75
   1   13 0.64
   6   12 0.60
   5    6 0.47
   8   12 0.08

   5   16 0.17
   6    8 0.64
   4    6 0.14
   4   16 0.04
  12   21 0.71
   9   18 0.47
   5    9 0.21
   6   14 0.87
   5   15 0.78
   8   16 0.48
   2   13 0.35
   5    6 0.28
   1    8 0.73
  12   14 0.21
   2   13 0.08
   6   11 0.45
  12   13 0.98
   9   10 0.30
   2   11 0.66
   7   12 0.59
  11   16 0.89
   4    6 0.17
   2   14 0.83
   0    0 0.69
   5   16 0.38
   9   12 0.81
  11   15 0.66
   8   16 0.25
   9   20 0.39
   9   18 0.25

  10   17 0.08
  11   11 0.42
   3   10 0.03
   4    8 0.02
   7   18 0.22
   3   13 0.60
   8   19 0.00
   7    8 0.30
   5   12 0.28
  11   15 0.33
   2    5 0.88
   1    5 0.61
   0    2 0.16
   2   11 0.51
   6   16 0.62
  12   20 0.55
  10   21 0.35
  10   11 0.94
   5    5 0.10
  11   17 0.56
   2   11 0.16
  10   22 0.19
  12   23 0.23
   6   11 0.70
   8   15 0.51
   5   17 0.09
   1    6 0.16
   0    0 0.13
   6    8 0.32
   7   10 0.59

