3 40 8
6   16  10   2   4  20  20

  27   62 0.98
  72   83 0.16
  36   42 0.73
  16   59 0.18
  85  135 0.19
  27   67 0.65
  37   52 0.06
  33   81 0.85
  22   80 0.77
  68  117 0.61
  25   38 0.40
  52   65 0.30
  71   94 0.55
  84  113 0.31
  43   90 0.77
  65  107 0.21
  45   83 0.91
  59   67 0.47
  24   43 0.95
  28   66 0.88
  23   79 0.36
  19   78 0.55
  55   93 0.40
  52   76 0.35
  72   79 0.60
  47   80 0.59
  82  113 0.04
  37   50 0.76
  75  134 0.78
  73   78 0.26
  28   33 0.09
  33   67 0.03
  65  121 0.27
  57   98 0.22
  20   21 0.58
  57   75 0.16
  31   70 0.53
  56   81 0.50
  79  137 0.83
  46   80 0.54

  53   77 0.11
  71  126 0.10
  71   98 0.92
  47   53 0.78
  74   84 0.56
  47   64 0.35
  62  101 0.25
  84   84 0.59
  36   61 0.48
  10   10 0.28
  42   54 0.09
  24   52 0.61
  25   33 0.03
  74   86 0.12
  72   95 0.58
  21   52 0.76
  15   47 0.49
  30   74 0.41
  52  106 0.60
  61  114 0.59
  42   45 0.35
  61   73 0.77
  50   52 0.00
  72   83 0.32
  31   68 0.72
  80  121 0.91
  48   65 0.64
  10   16 0.98
  62   85 0.26
  38   90 0.69
  72  107 0.28
  66  106 0.60
  46   55 0.30
   2    3 0.16
  57   94 0.67
  55   63 0.32
  38   80 0.53
  58   71 0.35
  40   74 0.90
  58  114 0.73

   2   15 0.86
  41   83 0.44
  29   88 0.37
  61   69 0.05
  18   40 0.36
  85   88 0.03
  21   38 0.04
  38   45 0.86
  79  125 0.56
  15   27 0.89
  63   79 0.72
  89  130 0.30
  26   26 0.83
  62  101 0.05
  64   65 0.62
  67   99 0.25
  18   35 0.00
  64  111 0.33
  80  136 0.87
   1   57 0.19
  59  105 0.34
  12   40 0.07
  78  102 0.81
  63   82 0.69
  73   92 0.11
  14   42 0.32
  30   61 0.49
  20   57 0.48
  47  101 0.91
  80   88 0.52
  18   42 0.70
  75  129 0.47
  50   83 0.31
  14   60 0.44
  15   42 0.53
  68  118 0.17
  14   30 0.64
  88   95 0.30
  81   92 0.74
  54  101 0.15

  11   66 0.65
  85  116 0.15
  61   72 0.50
  46   95 0.71
  63   74 0.52
  40   85 0.97
  74  133 0.94
   6   49 0.02
   4   42 0.28
  68  103 0.62
  68   99 0.19
   7   10 0.15
  86  138 0.04
  51   80 0.75
  88  113 0.90
  64   94 0.80
  88  136 0.46
  44   86 0.62
  25   40 0.14
   2   48 0.96
   3   51 0.78
  17   68 0.03
   3   44 0.36
   3   43 0.74
  36   65 0.23
  88   89 0.84
  33   41 0.27
  77   87 0.11
  24   29 0.51
   6   50 0.83
  36   49 0.69
  46   66 0.83
  78  131 0.43
   9   20 0.07
  69  121 0.00
  40   61 0.82
  81   87 0.30
   6   32 0.99
  26   74 0.36
  70  119 0.56

  64  107 0.23
  87  101 0.10
  38   63 0.40
  48  101 0.82
  71  105 0.00
  78  126 0.83
  68   95 0.12
   3   14 0.66
  41   83 0.77
  47   76 0.81
  70  122 0.26
  79  110 0.38
  37   48 0.85
  65  118 0.98
  29   40 0.64
  88  125 0.08
  65   97 0.23
  18   64 0.00
  17   21 0.18
   2    6 0.25
  23   64 0.20
  38   48 0.19
  32   53 0.95
  22   64 0.44
  80  134 0.39
  49   77 0.00
  19   61 0.13
  49   54 0.49
   0   14 0.41
  87  113 0.17
   5   40 0.36
  40   66 0.46
  56   76 0.02
  65   72 0.87
  88  104 0.86
  79   96 0.97
  59   69 0.48
  43   71 0.33
  66   84 0.05
  50   54 0.34

  48   59 0.27
  24   37 0.82
  85  117 0.10
  19   50 0.22
  38   73 0.53
  16   74 0.73
  78  111 0.06
  78  118 0.52
  38   94 0.35
  19   48 0.39
  65   97 0.41
  34   69 0.15
   2   22 0.99
  73   83 0.21
  21   22 0.05
  36   53 0.60
   4   13 0.16
  20   48 0.75
  89   95 0.08
  78  119 0.78
  77  109 0.72
  89  103 0.57
   9   26 0.82
  89  103 0.04
  29   54 0.93
  75  122 0.44
  44   64 0.54
  11   25 0.59
  63   96 0.05
  37   83 0.54
  31   88 0.10
  47   89 0.60
  40   78 0.34
   2   27 0.34
  62   82 0.44
  74  102 0.10
  19   67 0.85
  53  107 0.30
  53  106 0.22
  25   31 0.31

