5 15 8
12    2   4  16   2  10  16   4  20   2  16  10   4

   7   13 0.83
   2    3 0.23
   1    2 0.52
  18   24 0.05
   6   12 0.65
  14   18 0.97
  12   17 0.30
   1    9 0.79
   5   12 0.70
   1    6 0.46
  13   17 0.91
   3    9 0.45
  11   18 0.93
   5    8 0.66
  24   24 0.12

   6   12 0.20
  22   24 0.64
  11   18 0.14
   7    9 0.09
  25   29 0.42
  17   23 0.65
   5   12 0.81
   5    9 0.77
   6   10 0.32
   5    7 0.92
  22   23 0.88
  14   17 0.95
  24   31 0.55
   0    5 0.53
   9   16 0.53

   5   13 0.42
  19   20 0.15
   2   10 0.24
   7   11 0.43
  24   31 0.94
   3   11 0.78
  23   29 0.70
   1    3 0.92
   8   13 0.09
  27   28 0.00
  27   27 0.54
  24   32 0.27
   1    3 0.30
  17   18 0.71
  18   21 0.36

   4   12 0.07
  17   22 0.19
  12   15 0.02
  11   15 0.85
  11   13 0.88
   9   17 0.84
  27   27 0.12
   0    4 0.87
  25   32 0.48
   0    0 0.58
  19   26 0.10
  15   21 0.67
  24   28 0.77
  13   13 0.26
  24   30 0.46

  23   25 0.00
   2   10 0.26
  26   26 0.31
  19   27 0.42
   3    5 0.38
   9   12 0.08
  20   22 0.82
  26   32 0.09
  13   13 0.31
  20   21 0.82
  13   16 0.28
  12   16 0.14
  23   27 0.53
   2    4 0.50
   3    6 0.75

  18   21 0.93
  11   11 0.93
  14   18 0.38
   2    3 0.25
   0    4 0.90
  22   25 0.22
  26   26 0.78
   4    6 0.73
   5   13 0.01
  24   27 0.18
   9   16 0.11
   2    8 0.08
  24   26 0.54
   2    2 0.92
   0    4 0.93

  23   27 0.44
  14   20 0.01
  11   19 0.34
  21   26 0.04
  22   26 0.99
  14   18 0.35
  12   20 0.49
  11   15 0.61
   0    2 0.90
   5   11 0.97
  15   15 0.45
   9   12 0.07
  16   16 0.34
  28   36 0.77
  20   23 0.52

  11   11 0.28
  22   24 0.35
   7   10 0.95
  16   24 0.73
  15   18 0.34
  11   13 0.56
  11   16 0.62
  27   30 0.26
  23   29 0.12
   4   11 0.51
  12   13 0.16
  24   24 0.89
  18   20 0.66
  13   19 0.09
  19   23 0.98

  26   26 0.30
  20   24 0.83
  14   14 0.36
  14   20 0.20
   7   12 0.13
   0    4 0.41
  11   14 0.60
  18   19 0.00
  10   16 0.02
   2    4 0.46
   3   10 0.27
   5   10 0.88
  12   16 0.15
  11   17 0.17
   3    5 0.52

  15   16 0.73
  20   21 0.85
   2    2 0.41
   3   10 0.10
  19   19 0.33
   5    8 0.27
   5    5 0.92
  13   16 0.85
   1    9 0.17
  16   18 0.66
  11   15 0.15
  13   21 0.89
  10   13 0.69
   9   16 0.72
  18   18 0.88

   0    3 0.90
  23   24 0.36
  11   15 0.22
  26   30 0.28
  13   17 0.83
  17   20 0.15
   4    6 0.75
  27   28 0.02
   0    6 0.74
  20   23 0.99
  12   16 0.92
  14   14 0.05
   1    6 0.29
   3   11 0.65
   3    4 0.78

  28   35 0.13
   7    8 0.82
  23   31 0.74
  10   12 0.10
  26   31 0.00
  22   23 0.64
   6    8 0.40
  22   24 0.03
  22   24 0.51
  28   34 0.28
  19   21 0.48
   7   15 0.00
  20   28 0.79
   3    3 0.84
  20   25 0.48

