4 40 8
6    2  10  20  10  20  16

  52   58 0.75
   0   16 0.09
   7    8 0.87
   4    5 0.25
   2    8 0.64
  11   34 0.01
  43   54 0.10
  15   15 0.19
  14   20 0.54
  10   29 0.62
  54   73 0.51
  27   30 0.24
  33   39 0.64
   9   18 0.25
  62   71 0.59
  26   33 0.35
  57   63 0.53
  52   70 0.39
   3    7 0.03
  13   22 0.97
  28   29 0.89
  41   59 0.87
  46   66 0.31
  49   65 0.60
  30   49 0.84
  68   89 0.21
  17   33 0.76
  68   71 0.48
   4   18 0.53
  34   34 0.24
  71   89 0.36
   8   11 0.45
  33   34 0.00
  43   49 0.81
  20   28 0.79
  71   74 0.34
  24   35 0.28
  58   59 0.66
  47   51 0.05
   9   23 0.61

  67   90 0.01
   7   27 0.02
  47   53 0.05
  10   11 0.30
  35   35 0.69
   7   21 0.06
  19   36 0.36
  56   66 0.76
  32   32 0.62
  10   18 0.56
  69   89 0.27
  27   35 0.66
  43   63 0.21
  54   55 0.06
  33   51 0.22
  70   91 0.27
  49   59 0.31
  51   68 0.85
  34   46 0.02
  46   63 0.81
  66   79 0.32
   6   19 0.06
  37   58 0.12
  32   32 0.19
  66   82 0.20
  18   36 0.81
   1   24 0.62
  48   53 0.53
  71   89 0.22
  36   40 0.77
  62   82 0.42
  71   79 0.55
  59   76 0.25
  69   85 0.43
  37   53 0.73
  29   42 0.49
   3    6 0.53
   6   14 0.27
  48   54 0.50
  63   86 0.33

  25   26 0.06
   0    7 0.96
   3   19 0.84
  35   39 0.73
  62   83 0.59
  50   63 0.10
  26   37 0.64
   3   13 0.91
  11   16 0.98
  63   75 0.97
  12   30 0.06
  63   73 0.11
  42   50 0.06
  54   57 0.92
  48   58 0.78
  37   47 0.37
  47   49 0.58
  28   46 0.15
  22   36 0.02
  21   38 0.06
  36   39 0.13
  24   39 0.49
  56   60 0.63
  33   39 0.15
  69   90 0.61
  61   69 0.01
  34   34 0.44
  10   27 0.91
   0   13 0.68
  62   79 0.96
  54   54 0.69
   9   14 0.93
   9   18 0.72
  37   60 0.83
   5   21 0.56
  60   65 0.59
   4   24 0.14
  28   41 0.04
  34   49 0.61
  63   77 0.93

  20   42 0.02
  56   71 0.66
   1   11 0.49
   6   11 0.17
  10   26 0.53
  35   47 0.93
  39   47 0.80
  65   68 0.97
  33   40 0.99
  42   42 0.57
  58   80 0.06
   8   21 0.50
   9   31 0.86
  71   89 0.07
  29   49 0.34
  55   78 0.04
   1   18 0.42
  55   66 0.48
  36   51 0.12
  43   62 0.70
   3   18 0.15
  62   78 0.92
  30   30 0.54
  61   66 0.64
   2   11 0.49
  33   42 0.00
  58   72 0.73
  62   73 0.35
  70   71 0.43
  61   63 0.69
  50   58 0.09
   5    8 0.56
   2    6 0.90
  40   48 0.97
  31   52 0.25
  29   33 0.15
   4   23 0.94
  61   84 0.99
  68   76 0.24
  59   68 0.17

   7   13 0.98
  19   39 0.37
   7   13 0.17
  63   81 0.84
  53   64 0.04
  16   22 0.23
  12   31 0.13
  65   77 0.43
  24   46 0.32
  66   75 0.51
  44   48 0.15
  30   42 0.06
  10   28 0.10
  47   53 0.12
  62   68 0.55
  19   26 0.07
  67   74 0.88
  62   82 0.65
  51   74 0.34
  17   38 0.81
  58   70 0.89
  69   71 0.95
  55   74 0.28
  10   33 0.60
  15   22 0.79
   4    5 0.55
  55   66 0.12
  51   72 0.57
  56   58 0.72
  43   48 0.08
  53   54 0.73
   3    8 0.00
  33   42 0.04
  64   84 0.83
  35   58 0.93
  20   20 0.04
  25   43 0.20
  44   46 0.77
  38   47 0.47
  55   68 0.66

  65   70 0.30
  14   17 0.44
  34   50 0.27
  13   17 0.85
  23   35 0.84
  32   49 0.60
  62   63 0.45
  10   21 0.69
  12   32 0.06
  49   65 0.48
   0   14 0.79
  61   73 0.49
  58   79 0.05
  59   74 0.22
  20   39 0.27
  71   74 0.01
  58   81 0.48
  31   49 0.03
  16   35 0.52
  49   67 0.00
  68   74 0.77
  21   42 0.65
  11   31 0.46
  33   55 0.71
  39   54 0.04
  49   59 0.85
  31   32 0.93
  21   43 0.15
  27   31 0.30
   2   24 0.29
  52   75 0.39
  49   59 0.36
  13   25 0.97
  61   77 0.17
  45   64 0.34
  62   72 0.97
  50   73 0.18
  66   85 0.88
  24   42 0.92
  60   69 0.82

