3 25 4
12   10  10   2   2   2  20   4   4   4   4  10   2

  28   52 0.33
  19   60 0.02
   7   75 0.24
   6   38 0.47
  20   31 0.08
  22   48 0.61
  35   55 0.86
  36   50 0.00
   9   31 0.30
  36   72 0.24
  17   80 0.37
   3   37 0.60
  35   72 0.24
  24   44 0.08
   9   72 0.37
  14   82 0.15
  15   54 0.91
  24   51 0.90
  16   32 0.29
  34  100 0.56
   5   62 0.01
   1   13 0.08
   7   39 0.53
  23   94 0.28
   0   59 0.58

  29   35 0.03
  23   76 0.10
  31  105 0.36
  11   31 0.11
  29   51 0.23
  20   64 0.93
  36  101 0.39
  23   80 0.21
  27   29 0.81
   7   49 0.64
  25   41 0.67
  31   73 0.69
  30   73 0.84
   7   27 0.63
  25   90 0.77
  30   33 0.04
   0   54 0.22
  31   95 0.84
  26   97 0.96
   5   81 0.54
  13   78 0.99
  22   30 0.50
  32   77 0.83
  13   67 0.63
  19   69 0.46

  30   35 0.10
  34   81 0.47
  27  101 0.60
  10   79 0.23
  23   26 0.37
  12   72 0.11
  34   35 0.54
  14   21 0.30
  14   48 0.29
  20   50 0.00
  24   61 0.16
  27   86 0.58
  12   24 0.43
  17   88 0.28
  30  104 0.43
  31   42 0.29
  25   58 0.38
  15   68 0.18
  15   38 0.27
  28   89 0.34
  24   60 0.57
  17   51 0.44
   2   19 0.64
  25   73 0.38
   3   53 0.29

  16   42 0.04
  37   85 0.45
  14   75 0.80
   2   65 0.32
  37   82 0.71
  25   29 0.96
  25   27 0.79
  21   74 0.57
  35   68 0.63
   7   69 0.79
  25   56 0.94
  15   67 0.86
   9   18 0.11
  32   61 0.73
   8   39 0.15
   9   19 0.06
  22   24 0.53
  26   78 0.84
  27   92 0.07
   1   17 0.47
   8   33 0.36
  23   84 0.90
  30   93 0.61
  32   68 0.48
   7   83 0.98

  10   84 0.65
  12   25 0.36
  36  112 0.54
  11   71 0.72
  26   38 0.64
   3   47 0.94
  16   92 0.73
  17   35 0.99
   3   47 0.63
  12   83 0.15
  34   74 0.88
  18   86 0.69
  33   36 0.07
   4   50 0.53
  10   40 0.05
  31   81 0.42
  35   87 0.74
  14   56 0.37
  23   34 0.90
  37   44 0.80
  22   95 0.44
  21   30 0.10
  19   73 0.87
  15   74 0.62
  21   50 0.26

   7   36 0.45
   1   56 0.65
   4   16 0.83
  16   74 0.06
   4   16 0.58
  23   50 0.95
  15   77 0.49
  14   66 0.04
  16   64 0.65
   8   24 0.24
   3    4 0.56
  18   55 0.07
  19   84 0.39
  37   82 0.08
  19   59 0.03
   1   35 0.08
  35   79 0.19
  24   71 0.66
  25   74 0.59
   9   82 0.34
  23   34 0.99
  15   82 0.81
   7   15 0.90
  17   48 0.34
  27   63 0.15

   3   31 0.90
  22   78 0.59
  36   64 0.14
   5   46 0.00
  15   19 0.14
  30   69 0.99
  23   87 0.95
  31   79 0.29
  13   74 0.01
  30   78 0.13
  17   84 0.23
  24   45 0.99
  11   37 0.06
   5   53 0.49
  25   74 0.31
  12   71 0.78
  32   81 0.41
  15   81 0.18
   0   55 0.18
  20   84 0.60
  14   61 0.57
  27   70 0.75
  13   18 0.46
  24   37 0.88
  18   67 0.94

   8   63 0.44
  33   71 0.35
  22   54 0.14
  21   53 0.14
  34   40 0.29
   3    5 0.14
   2   18 0.77
   7   45 0.70
  11   48 0.46
  35   80 0.15
  34  102 0.69
  10   29 0.88
  31   37 0.80
  32   33 0.77
   9   56 0.63
  30   61 0.03
  16   32 0.27
  10   51 0.58
  37  113 0.33
  19   35 0.71
   3   35 0.20
  11   25 0.38
  30   74 0.11
  13   65 0.97
  16   72 0.01

  24   78 0.72
  21   63 0.71
  14   67 0.38
  18   56 0.19
   6   77 0.51
  12   17 0.39
   3   76 0.75
   2   49 0.88
   9   55 0.22
  26   84 0.25
  21   75 0.88
   8   66 0.14
  10   23 0.10
   3   33 0.18
  17   58 0.58
  19   31 0.30
  37   62 0.03
  18   67 0.32
  15   20 0.09
  10   60 0.28
   8   70 0.31
  32   45 0.01
  29   90 0.66
  36   74 0.79
  25   49 0.50

   3   27 0.68
  37   44 0.72
  10   13 0.25
  29   86 0.53
  24   95 0.19
   9   71 0.58
  29   43 0.05
  20   32 0.33
  10   33 0.20
   2    8 0.61
  22   71 0.43
  33   38 0.98
  10   32 0.32
  26  102 0.94
  20   56 0.75
  26   39 0.90
  28  102 0.93
   4    6 0.51
  23   41 0.76
   3   51 0.19
  14   30 0.83
   2    9 0.93
   5   60 0.92
  10   35 0.15
  25   65 0.38

  21   54 0.01
  32   97 0.05
  24   89 0.14
  28   56 0.82
  17   43 0.95
  19   80 0.18
  31   94 0.23
  29   39 0.83
  12   35 0.22
  15   46 0.63
  31   61 0.77
  24   79 0.38
  13   44 0.70
  36   37 0.22
  22   33 0.85
  23   52 0.92
  23   87 0.67
  15   20 0.31
   8   48 0.32
  28   91 0.10
  15   23 0.44
   8   63 0.85
  22   59 0.59
  34   42 0.13
  29   66 0.14

  12   46 0.57
   0   59 0.39
  16   42 0.68
  33   78 0.28
  31   40 0.66
   4   44 0.14
  17   60 0.34
  15   41 0.51
  25   41 0.83
  34   95 0.24
  19   79 0.88
  13   24 0.06
  27   64 0.53
   0   38 0.86
  29   49 0.87
  26  101 0.29
  20   69 0.80
  18   79 0.09
  18   18 0.54
  36  101 0.59
  19   63 0.68
  20   32 0.97
  17   61 0.63
   4   52 0.56
  13   65 0.39

