3 15 4
12    2   2  16  10  16  20   2   4  16   4  16  20

  88  154 0.18
  42   50 0.58
  86  164 0.67
  51  100 0.84
  88  122 0.83
  14   44 0.89
  83  100 0.56
  58   78 0.22
  66  136 0.16
  44  103 0.20
  96  133 0.77
  63  118 0.73
  71  127 0.69
  90  125 0.96
  18   78 0.74

  83  150 0.85
  45   61 0.37
 101  159 0.85
  30   68 0.63
  33   88 0.68
  50  112 0.95
  82  147 0.83
 105  157 0.77
  19   54 0.67
  55  123 0.28
  28   92 0.56
  49   60 0.68
  63  118 0.72
  55  121 0.69
  13   33 0.48

  27  103 0.40
  89  150 0.27
  96  101 0.79
  79  138 0.82
  79  145 0.12
  97  102 0.81
  74  123 0.09
 115  177 0.73
  90  167 0.10
 111  175 0.69
  14   60 0.76
 107  138 0.62
  66   80 0.59
 110  125 0.99
  72   72 0.81

  45   81 0.68
  39   42 0.86
  47   76 0.14
  72   99 0.31
  16   19 0.64
  17   22 0.47
  15   73 0.61
  70   92 0.55
  84  162 0.43
   5   52 0.16
   2   12 0.94
  93  123 0.17
  68  117 0.92
 100  165 0.73
   9   39 0.30

   2   48 0.04
  78  151 0.86
  53   91 0.95
  97  147 0.39
  76  136 0.68
 118  174 0.66
  90  140 0.91
  69  124 0.19
  62  117 0.74
 110  165 0.30
  73  136 0.60
 118  135 0.09
  28   43 0.40
 106  133 0.78
  92  132 0.48

  49   85 0.50
  42   63 0.52
  75  134 0.78
  91  129 0.40
  42   52 0.34
  44   65 0.54
  49   66 0.59
  41   84 0.81
  55  112 0.55
  57   57 0.96
  94  158 0.37
  45  122 0.19
  38   89 0.61
  89  102 0.61
  40   77 0.98

  90  111 0.36
  91  169 0.68
  65   99 0.48
  63   64 0.34
  58   98 0.73
 100  122 0.38
  45  108 0.12
  79   84 0.75
  94  147 0.26
 111  190 0.84
  54   98 0.36
  79   94 0.69
  49   96 0.86
  78  142 0.06
  84  135 0.07

  74  143 0.52
  93  121 0.80
  72  100 0.41
  85  100 0.04
  76   93 0.65
  86  100 0.83
  19   22 0.09
  79  102 0.59
  57  133 0.51
  39   88 0.88
 104  145 0.76
 115  152 0.09
 106  135 0.04
  42   80 0.42
  31   85 0.50

  83  158 0.37
 113  181 0.27
  44   58 0.75
 108  138 0.90
 118  190 0.11
  63   81 0.71
  48  107 0.13
  34  100 0.20
   9   31 0.20
  19   95 0.68
  84  103 0.06
 102  124 0.99
  16   71 0.54
  68  100 0.25
  89  110 0.20

  38  106 0.85
  38  102 0.30
  50  121 0.70
  78   94 0.51
 107  125 0.60
  82  120 0.59
  97  109 0.82
 119  168 0.45
   3   35 0.00
  74  114 0.49
  39  115 0.52
  19   81 0.83
 108  177 0.15
  60   73 0.23
  88  119 0.30

  68  100 0.85
  45  103 0.60
 107  153 0.40
  86  140 0.27
  98  151 0.00
 110  133 0.36
  96  166 0.64
  14   67 0.94
  66   87 0.94
   3   32 0.37
 105  113 0.22
   9   60 0.42
   3   39 0.10
  51  119 0.27
 110  127 0.61

  79   96 0.03
  42   84 0.65
  87  109 0.88
  82   98 0.84
 106  113 0.77
  39  102 0.89
  73  133 0.03
  15   33 0.13
  65   70 0.69
  63   72 0.28
  51   75 0.85
  45  111 0.17
  35   92 0.69
 100  126 0.47
 113  164 0.76

