5 15 8
12   10  10  20  16   2  16   4   2  16   4  10  10

   6   37 0.83
  11   27 0.26
  10   21 0.26
   4    4 0.24
  14   24 0.83
  14   23 0.05
  11   16 0.67
  21   30 0.09
   8   13 0.78
  10   40 0.66
   6   26 0.42
  20   24 0.99
  17   31 0.77
   0   13 0.20
  19   31 0.54

  11   11 0.46
   6   27 0.42
  16   47 0.95
  16   36 0.11
   0   25 0.28
  19   27 0.32
  20   50 0.37
  12   42 0.26
   8   26 0.32
  12   12 0.57
   2    9 0.68
  10   16 0.89
   7   16 0.09
   1   26 0.06
  21   53 0.66

  11   16 0.79
  19   23 0.74
  13   35 0.58
   1    2 0.39
  19   50 0.41
   4    8 0.30
  17   36 0.17
   2   11 0.09
  15   27 0.54
  20   23 0.13
  15   43 0.04
   4   13 0.41
  15   43 0.33
   2   34 0.75
  12   24 0.08

   9   40 0.76
  12   33 0.18
   3   13 0.41
  13   26 0.92
   7    8 0.48
  14   18 0.15
  12   42 0.63
  10   37 0.49
   9   18 0.68
   5    5 0.91
   9   14 0.57
  13   16 0.93
  11   33 0.06
  10   13 0.23
  14   37 0.05

   4   16 0.24
  12   35 0.20
  14   32 0.99
   6   10 0.00
  12   34 0.21
   9   25 0.86
   9    9 0.00
   6   10 0.71
   3   16 0.64
   3   34 0.06
  11   42 0.84
  12   18 0.08
  15   24 0.59
  21   37 0.44
   5   20 0.93

  11   40 0.45
  12   23 0.27
   1    7 0.35
  12   30 0.82
  19   37 0.73
   5    5 0.57
   0   31 0.28
   9   25 0.86
   9   35 0.09
  15   17 0.85
   2   16 0.90
   9   22 0.66
   6    9 0.85
  10   23 0.82
  17   32 0.65

   4    5 0.62
   2   34 0.27
  11   14 0.58
  14   43 0.15
  14   32 0.44
  16   36 0.19
  20   26 0.39
   9   40 0.96
   1   10 0.33
  19   41 0.52
  16   30 0.03
   1   24 0.37
   1    6 0.91
   3   24 0.42
   4   13 0.44

   0   22 0.13
  14   34 0.86
  21   30 0.01
   7   35 0.67
   3   21 0.22
  16   23 0.05
   6   21 0.82
   0   15 0.46
  13   37 0.62
   6   38 0.36
  21   35 0.59
  18   21 0.35
  19   38 0.84
  13   39 0.40
  15   35 0.24

  10   40 0.16
  10   23 0.01
   9   16 0.38
  17   36 0.39
  11   28 0.09
  17   23 0.61
  19   23 0.44
  20   22 0.83
  13   13 0.28
  11   25 0.57
   7   28 0.33
   6   11 0.50
  16   25 0.79
  14   29 0.90
   3    6 0.88

  10   33 0.20
   2   34 0.46
   1    2 0.17
  18   35 0.75
  11   22 0.44
  14   24 0.95
  10   41 0.41
   1   13 0.92
   4    8 0.99
   2    9 0.86
  20   37 0.39
  20   22 0.72
   3   22 0.74
   6   37 0.64
  15   26 0.45

  12   27 0.14
  16   23 0.10
  19   20 0.08
   2    6 0.97
  18   20 0.43
  12   27 0.77
   7   39 0.80
  18   46 0.23
   8   36 0.44
   8   10 0.33
   1    8 0.29
  20   23 0.28
  20   25 0.20
   5   27 0.15
   4   19 0.42

  13   35 0.36
  10   21 0.67
   0    2 0.32
  10   10 0.01
  20   49 0.27
  16   40 0.49
  16   19 0.12
  13   18 0.83
  17   45 0.12
  16   35 0.23
  18   44 0.14
  21   23 0.93
  18   32 0.82
  18   29 0.59
  13   39 0.60

