4 100 4
3    4  20   4

 107  107 0.47
  90  172 0.10
  48  131 0.63
  34  100 0.57
 114  182 0.47
  92  145 0.35
 124  191 0.48
  82  152 0.67
  42   78 0.47
 130  179 0.63
 111  160 0.03
 107  109 0.62
  51   89 0.58
  16   27 0.85
  11   38 0.46
 112  198 0.75
  68  126 0.63
  24   49 0.80
 115  156 0.09
  98  184 0.22
  42   72 0.65
  81  150 0.79
  80  147 0.78
  74  104 0.43
  52  117 0.20
   0   58 0.02
  36   79 0.95
  79  141 0.44
  50   83 0.17
  58  127 0.93
 119  134 0.52
  41   75 0.73
 119  149 0.69
 127  127 0.84
  47   52 0.14
  15   55 0.00
   8   74 0.94
  98  105 0.51
  65   82 0.35
  10   71 0.40
  87  100 0.95
  43  102 0.78
  60   69 0.83
  44  101 0.60
  37   38 0.30
  54   73 0.32
 129  129 0.59
 103  117 0.64
 115  181 0.31
  48  108 0.64
  89  125 0.52
  65  126 0.43
 119  191 0.19
  70   93 0.76
  87   90 0.55
  38  116 0.21
  74  131 0.17
   3   58 0.30
  93  149 0.94
  91  109 0.20
  87  163 0.31
  55  113 0.12
  44   65 0.22
  18   25 0.42
  26   26 0.09
  53   70 0.19
  27   68 0.63
  97  116 0.45
  63  140 0.10
   1   77 0.23
  86  165 0.91
  67  124 0.11
  57   96 0.32
  19   70 0.73
  24   76 0.43
 104  181 0.23
  82  165 0.17
 118  177 0.33
  37   40 0.79
  15   16 0.92
  74   91 0.41
  74  145 0.37
  30   75 0.37
  19   79 0.91
 118  127 0.83
  78  145 0.66
  16   18 0.12
  65  116 0.22
  12   30 0.75
  75  147 0.30
  28   71 0.65
 111  183 0.84
  82  144 0.73
  36   83 0.22
  60  119 0.38
  61  111 0.95
  76  107 0.67
  82  164 0.01
  36   88 0.13
  82  105 0.14

 112  171 0.79
  84   93 0.92
  27   42 0.12
 105  179 0.72
  59  114 0.28
 102  115 0.67
  95  112 0.63
 110  172 0.47
 107  133 0.27
 126  211 0.01
 126  155 0.97
  15   20 0.32
  13   49 0.82
   2   79 0.24
 113  118 0.91
  35   75 0.14
  34   51 0.63
 100  120 0.72
  28  100 0.42
 116  148 0.41
  67  130 0.36
  50   92 0.73
  35  103 0.28
  58  126 0.14
  29   98 0.98
  15   47 0.98
  30   44 0.37
  59  107 0.57
 120  137 0.52
  44  119 0.59
  63   68 0.86
  70  134 0.50
  28   92 0.70
  72   99 0.97
  71  142 0.21
  60   96 0.55
  13   74 0.97
  47   50 0.57
  26   42 0.67
 128  186 0.88
 130  171 0.57
  98  157 0.43
  27  113 0.67
  12   75 0.96
  89  129 0.77
   3   18 0.65
  28   77 0.20
  32  101 0.52
  52  128 0.94
   3   14 0.83
  49  100 0.33
  80   98 0.78
  59   80 0.15
  17  103 0.52
  46   79 0.47
  86  171 0.09
 118  178 0.43
  67  123 0.16
 105  150 0.18
 130  152 0.26
  97  121 0.71
  40   58 0.12
  41  120 0.08
   9   16 0.21
  66  120 0.74
  27   38 0.75
  20   29 0.39
  58   66 0.64
 109  170 0.19
  32   63 0.91
 112  115 0.58
 105  127 0.22
  24  101 0.54
  89  159 0.72
  20   72 0.67
  90  157 0.37
  24   94 0.54
 129  158 0.83
  27   61 0.78
  99  167 0.34
   3   23 0.21
 100  125 0.54
  34   42 0.36
  79  103 0.77
 123  189 0.57
 113  160 0.38
  65   96 0.97
  13   59 0.25
  36   94 0.66
 117  169 0.53
 109  150 0.11
  83  127 0.43
  72  106 0.36
  73   83 0.17
  15   83 0.88
  31   32 0.50
 106  129 0.99
  52   52 0.34
  19   98 0.46
  29  108 0.79

  88  144 0.44
 115  199 0.32
  49  115 0.86
  27   78 0.54
  19   74 0.54
  44   53 0.59
 127  212 0.06
   5   47 0.49
  58  110 0.09
  15   34 0.46
   4   39 0.26
  19   56 0.14
  27   32 0.82
   2    4 0.06
   4   25 0.97
 130  166 0.87
 126  129 0.84
  55   55 0.20
  22   22 0.63
  26  101 0.41
  17   78 0.13
  76   93 0.49
  41  119 0.38
  12   23 0.89
  49   79 0.64
   5   69 0.93
 122  167 0.46
  96  107 0.91
  72  158 0.42
  99  164 0.73
  91  170 0.50
  19   58 0.20
  75  159 0.26
  86  131 0.60
  78  154 0.73
  79   80 0.74
  72  120 0.46
  42  116 0.13
  45  112 0.56
 118  189 0.65
  32  116 0.11
  14   78 0.80
  23   55 0.72
  40  124 0.05
   2   12 0.33
  43   79 0.90
   3   76 0.86
 123  153 0.98
  61  131 0.83
 115  124 0.33
 109  115 0.13
  50  103 0.99
 112  149 0.84
  58   81 0.43
  43  120 0.17
  18   33 0.18
  64  121 0.38
  86  153 0.66
 109  116 0.10
  69  101 0.79
  25   60 0.18
  51  113 0.96
  44  127 0.23
 101  151 0.47
  40   47 0.20
  42   77 0.36
   2    9 0.60
  33  108 0.00
  68  107 0.05
 126  180 0.06
  97  108 0.12
  99  124 0.62
 103  171 0.27
  62  140 0.50
  89  106 0.03
  91  176 0.40
  36   91 0.16
  99  157 0.91
  14   86 0.40
  88  156 0.07
   7   50 0.46
  14   98 0.30
  66   84 0.55
  58   91 0.26
 115  188 0.93
 108  190 0.76
  75  106 0.58
  97  123 0.92
  71  114 0.14
  69  148 0.44
  72   73 0.55
  89  166 0.82
   8   87 0.95
 107  129 0.37
 109  178 0.96
  35   46 0.97
  27   62 0.23
  20   91 0.36
   6   91 0.94
  71   73 0.38

