3 40 8
6    4   2  10  20  16  10

  42   43 0.04
  16   45 0.72
   1   30 0.13
  15   29 0.54
  41   83 0.43
  33   45 0.77
  22   60 0.24
   7   54 0.73
  32   66 0.34
  26   49 0.52
  10   19 0.15
  19   63 0.72
  10   41 0.76
  24   46 0.39
   0   26 0.83
  44   60 0.71
   4   34 0.51
  16   52 0.76
  48   85 0.19
   4   49 0.71
  48   94 0.83
  17   30 0.54
  38   68 0.92
  29   75 0.27
  39   79 0.89
  17   45 0.42
   6   10 0.03
  47   58 0.37
  15   35 0.32
   5    7 0.66
  33   62 0.86
  11   57 0.19
  21   51 0.20
  24   43 0.65
   0   33 0.65
  23   70 0.99
  27   59 0.72
   4   43 0.40
  29   37 0.54
   3   48 0.71

  36   81 0.47
  35   45 0.03
  17   63 0.27
  25   26 0.31
  49   66 0.37
  40   79 0.51
  41   68 0.42
   0   14 0.01
  43   73 0.52
  27   66 0.82
  25   45 0.94
   2   35 0.10
  15   26 0.72
  14   27 0.56
  21   66 0.09
  10   35 0.18
  29   38 0.38
  42   51 0.77
  40   42 0.49
  14   21 0.79
  23   43 0.00
  36   66 0.12
  49   92 0.83
   5   54 0.85
  12   22 0.12
  40   72 0.27
  12   43 0.69
  20   53 0.24
  24   39 0.76
   0   18 0.63
  16   52 0.11
  11   56 0.77
   1   21 0.17
  26   58 0.73
  24   58 0.41
  39   81 0.10
  45   85 0.39
  31   50 0.81
  31   32 0.75
  30   51 0.49

   6   25 0.99
   6   23 0.34
  10   21 0.05
  30   68 0.03
  14   18 0.55
   7   47 0.62
  35   76 0.01
  14   15 0.33
   5   24 0.07
  16   39 0.76
  27   67 0.06
  46   74 0.95
  22   28 0.41
  13   50 0.48
   7   53 0.62
  31   51 0.12
  11   38 0.14
  39   49 0.34
  40   72 0.78
   1   26 0.66
  43   46 0.53
  27   35 0.38
  19   30 0.80
   5   18 0.71
  42   56 0.04
  11   51 0.47
  23   73 0.62
   9   55 0.87
   0   10 0.77
  23   48 0.53
  14   54 0.62
  42   43 0.54
  20   33 0.26
   0   27 0.03
  20   41 0.22
  26   33 0.80
  33   42 0.00
  41   71 0.97
  23   53 0.81
   5   39 0.24

  25   66 0.74
  15   62 0.67
  11   42 0.09
  46   81 0.15
  27   55 0.33
  16   47 0.10
   0   36 0.42
  20   23 0.98
  26   51 0.20
  13   37 0.83
  43   67 0.07
  26   48 0.85
  21   24 0.08
  18   44 0.62
  41   57 0.65
   8    8 0.36
  10   26 0.96
  22   61 0.64
   7   30 0.29
  43   80 0.02
  47   87 0.86
  23   29 0.23
   1    1 0.26
  17   19 0.38
  23   35 0.89
  47   72 0.10
  35   49 0.10
  42   53 0.03
   6   14 0.16
  36   45 0.24
  50   65 0.72
  15   25 0.15
   9   38 0.33
  26   37 0.96
  42   64 0.30
  49   63 0.25
  28   60 0.34
  30   34 0.43
  11   16 0.24
  30   80 0.85

  27   37 0.12
  21   37 0.89
  39   39 0.09
  11   25 0.05
  46   93 0.54
  34   37 0.98
  30   55 0.81
  18   29 0.10
  20   42 0.69
  29   36 0.80
  32   46 0.79
  30   62 0.25
  34   46 0.44
  16   42 0.20
   0   32 0.44
  12   15 0.31
  19   44 0.94
  49   69 0.30
   8   44 0.36
  10   25 0.58
  50   54 0.85
  47   89 0.75
  47   86 0.51
   4   33 0.77
  43   68 0.42
  28   47 0.33
   1   37 0.07
  28   46 0.06
  18   31 0.43
  39   55 0.94
  18   54 0.92
  12   55 0.94
  49   96 0.64
  11   47 0.53
   2   33 0.64
   8   21 0.13
  31   41 0.41
  18   29 0.46
  31   81 0.60
   0   35 0.99

   1   42 0.55
  20   47 0.39
  32   66 0.48
  23   69 0.51
  19   25 0.34
  16   27 0.75
  11   12 0.07
  29   72 0.78
  50   99 0.82
   1   20 0.23
   8   16 0.30
  28   28 0.62
  25   75 0.97
   3   31 0.86
  17   28 0.41
   0   44 0.63
  21   25 0.11
  41   43 0.29
  28   52 0.73
  15   61 0.06
  38   50 0.28
  36   47 0.43
  20   21 0.41
  46   67 0.89
  14   48 0.75
   0   26 0.62
  40   81 0.19
   5   30 0.54
  15   36 0.99
  13   45 0.79
  30   79 0.52
  24   62 0.60
  45   61 0.82
  24   26 0.06
  49   73 0.35
  35   70 0.39
  30   33 0.79
  41   67 0.89
   4   17 0.20
  17   54 0.30

