4 15 8
12   16  16  10  10  10  16  10  16  16  20   4  16

   7    9 0.19
   0    4 0.82
  39   58 0.77
  48   90 0.87
  55   75 0.55
   9   14 0.41
  32   44 0.63
  51   85 0.90
  22   71 0.72
  25   72 0.78
  37   42 0.65
  28   34 0.15
  47   50 0.41
  55   95 0.73
  20   48 0.69

   8   27 0.94
  47   71 0.86
  20   33 0.48
  10   35 0.49
  25   62 0.75
  12   41 0.86
   7   44 0.58
   7   42 0.65
   9   19 0.20
  50   85 0.03
  36   79 0.54
  30   38 0.58
   3   40 0.58
  50   76 0.39
   2   45 0.42

  49   84 0.35
  35   39 0.82
  44   89 0.10
  51   95 0.03
  34   84 0.72
  47   68 0.43
  55   61 0.00
  46   78 0.70
  37   60 0.70
  36   56 0.34
  55   89 0.36
  44   60 0.20
  52   66 0.91
  13   21 0.21
  38   45 0.37

   7   27 0.93
  35   66 0.39
  40   63 0.09
  54   83 0.65
  33   66 0.90
   6   36 0.50
  19   34 0.58
  15   33 0.24
  26   62 0.49
   8   33 0.16
  31   78 0.68
  36   85 0.15
  51   66 0.73
  37   62 0.81
  18   64 0.51

  26   63 0.44
  19   68 0.50
   2   55 0.40
  35   61 0.30
  36   46 0.16
   7   58 0.81
   4    6 0.91
  17   61 0.47
   1   21 0.18
  22   70 0.29
  39   61 0.11
  52   54 0.82
   8   43 0.14
  29   51 0.30
  33   87 0.42

   8   37 0.25
  29   52 0.74
   8   11 0.49
  54   83 0.34
   6   11 0.28
  28   52 0.36
  41   42 0.43
  37   61 0.59
  12   29 0.06
  30   78 0.29
  37   82 0.09
   3   27 0.32
  15   51 0.62
  42   85 0.56
  36   64 0.21

   6   13 0.37
  31   44 0.25
  14   69 0.78
   1   56 0.47
  37   58 0.33
  20   34 0.11
  53  102 0.21
  35   52 0.10
  14   66 0.00
  15   62 0.68
  36   51 0.11
  10   65 0.61
  49   50 0.34
  11   39 0.25
   0   52 0.73

  53   77 0.96
  28   34 0.38
  52   80 0.04
  27   36 0.24
  26   32 0.52
  46   92 0.71
  32   36 0.53
  55   87 0.90
  54   57 0.26
  24   71 0.23
   5   25 0.77
  42   72 0.52
  47   79 0.27
  40   46 0.83
  34   34 0.55

  11   60 0.51
   8   58 0.32
   0    7 0.74
  18   68 0.61
  52   75 0.85
  53   98 0.67
  48   83 0.06
  45   92 0.33
  49   98 0.26
  31   45 0.10
  40   79 0.28
  25   40 0.52
  16   47 0.18
  49   61 0.94
  16   41 0.99

  48   65 0.75
  33   46 0.29
  18   26 0.68
  52   57 0.26
   3   41 0.76
  40   78 0.29
  45   50 0.27
  10   50 0.53
  47   52 0.06
   9   16 0.39
  24   57 0.29
  54   98 0.53
  13   36 0.69
  35   81 0.17
  49   78 0.02

   0   53 0.16
  24   44 0.88
  49   68 0.11
  46   63 0.41
  12   23 0.40
  50   81 0.16
  21   60 0.40
  46   58 0.30
  43   83 0.31
   7   36 0.36
  23   43 0.18
  27   46 0.69
   9   20 0.67
   6   58 0.53
  45   57 0.12

  11   66 0.05
  31   60 0.05
  20   29 0.72
  42   48 0.23
  15   44 0.95
   9   36 0.19
  35   62 0.34
  44   73 0.35
  26   74 0.17
  19   56 0.55
  42   73 0.37
  17   52 0.16
  37   79 0.05
  40   86 0.18
   6   17 0.56

