4 15 4
12   16  16   4  10  16  10   2  20  20   4   2  10

   3    6 0.98
   0   27 0.89
  17   44 0.87
   9   10 0.47
  19   30 0.40
  23   49 0.68
  29   51 0.52
   9   26 0.70
  10   37 0.80
   9   22 0.41
  21   49 0.71
  14   33 0.14
   9   31 0.30
   1   28 0.87
   4   19 0.31

  10   30 0.95
   9   13 0.58
   4   12 0.13
  20   23 0.05
  18   46 0.55
   1   25 0.45
  27   55 0.27
  10   19 0.92
  26   31 0.74
  24   41 0.18
   5    8 0.71
  26   27 0.78
  18   32 0.94
  14   37 0.29
  25   42 0.84

   9   21 0.17
  27   44 0.21
   8   10 0.18
  26   33 0.74
  21   30 0.55
  20   32 0.05
  28   54 0.06
   7    8 0.16
  15   25 0.94
   3    4 0.92
  22   24 0.66
  15   32 0.26
   5   20 0.70
  19   39 0.01
   7   16 0.45

   6   19 0.87
   4    7 0.05
   2   15 0.34
   1   19 0.88
   0   22 0.50
  24   42 0.60
  11   30 0.45
  18   32 0.90
   6   30 0.17
  16   22 0.75
  16   45 0.60
   6    6 0.61
  22   39 0.99
  17   26 0.87
  16   17 0.00

   7   34 0.10
  29   33 0.75
  22   43 0.58
  24   44 0.02
   4   22 0.52
   2   21 0.96
   4   31 0.91
   3   25 0.26
  24   24 0.60
  28   43 0.95
  12   35 0.75
  22   27 0.72
  22   48 0.00
   9   10 0.90
   0    3 0.12

  29   49 0.60
   9   24 0.26
  20   48 0.94
   3   16 0.92
  16   27 0.31
  16   16 0.43
  22   45 0.59
  29   29 0.60
  29   34 0.38
  26   50 0.36
  11   12 0.07
  12   14 0.49
   1   26 0.55
  22   49 0.99
  17   32 0.01

  20   33 0.31
   7   35 0.94
   0    2 0.29
  15   19 0.99
   0    4 0.61
   7   30 0.58
   8   33 0.83
   2    8 0.78
  29   31 0.05
  10   26 0.49
   5   32 0.71
  16   40 0.33
  20   40 0.80
   8   31 0.76
  25   28 0.41

   4    7 0.12
  10   39 0.16
   3   30 0.27
  15   38 0.02
  19   41 0.26
  14   37 0.45
  28   43 0.59
  12   37 0.72
   7    8 0.85
  17   39 0.45
  20   41 0.41
   0   12 0.50
  11   16 0.84
  15   39 0.40
  20   24 0.43

   8   30 0.37
  19   48 0.53
  17   37 0.46
  23   23 0.00
  26   34 0.35
  29   54 0.53
   9   24 0.02
   6    7 0.57
   1   24 0.80
  11   30 0.81
  13   33 0.99
   9   22 0.18
  11   34 0.38
  12   15 0.71
  18   47 0.06

   3    3 0.70
  27   45 0.70
  13   29 0.73
   7   18 0.64
  24   44 0.46
   2   17 0.40
  24   39 0.84
   1   21 0.92
  18   18 0.83
  11   31 0.34
  24   34 0.35
  10   19 0.15
  25   49 0.06
  28   30 0.04
   2   21 0.81

   6   33 0.82
  28   49 0.28
  10   15 0.62
  19   19 0.05
  18   39 0.28
   4    7 0.19
   3   22 0.11
   5   26 0.76
   4   31 0.97
  11   16 0.23
  27   32 0.01
  14   40 0.29
  17   30 0.42
  20   22 0.57
  10   38 0.70

  28   32 0.05
  26   47 0.91
  15   25 0.36
  29   55 0.17
  14   35 0.16
  11   38 0.66
  15   27 0.69
  19   22 0.08
  28   37 0.51
   8   37 0.72
   8   22 0.54
  17   40 0.81
  19   45 0.18
  21   34 0.33
  13   29 0.89

