3 80 4
3   20  10  10

  42   63 0.22
  34   57 0.76
 117  180 0.13
  43   48 0.30
 102  129 0.81
  77  111 0.10
  11   35 0.33
 132  196 0.65
  86   95 0.98
 114  143 0.03
 101  134 0.69
  36   94 0.44
  22   54 0.49
 123  155 0.58
 111  160 0.67
  48   98 0.48
 118  138 0.26
  80  120 0.17
  80  132 0.79
  60  116 0.30
  94  103 0.72
  16   65 0.90
 119  150 0.29
  44   56 0.45
 120  160 0.30
  90  141 0.43
  12   71 0.33
  30   65 0.99
  70  113 0.90
  55   97 0.27
  47   76 0.84
  29   36 0.56
  68  132 0.48
  29   91 0.80
   4   18 0.06
  81  100 0.39
  16   48 0.06
 102  138 0.92
  63   72 0.20
  92  100 0.33
 121  145 0.35
  18   20 0.40
  60   75 0.10
  73  135 0.84
  10   60 0.21
  20   50 0.27
  44   58 0.12
 124  155 0.27
 105  137 0.46
  68   81 0.82
 103  164 0.85
  72   76 0.67
 117  137 0.19
  98  115 0.67
  39   76 0.96
  37   96 0.18
 117  128 0.28
 118  166 0.16
  47   56 0.75
 116  160 0.17
  12   32 0.19
  21   23 0.73
  46   85 0.25
 129  135 0.08
  48   58 0.92
  66   95 0.57
   1   36 0.35
   7   16 0.69
  20   23 0.84
  97  159 0.45
  98  161 0.57
   9   17 0.17
  23   76 0.32
 116  139 0.58
 104  152 0.74
  59   65 0.54
  52   54 0.68
 132  169 0.05
  13   40 0.85
  12   25 0.36

  19   38 0.28
  13   49 0.16
  77  132 0.26
 121  181 0.31
 124  150 0.10
 123  158 0.99
 121  130 0.09
  25   26 0.73
  47   84 0.82
  63   66 0.02
  84  127 0.38
  15   28 0.41
  21   36 0.86
  30   59 0.77
 106  156 0.21
  85  101 0.35
  34   44 0.13
  97  155 0.26
  60  122 0.67
 109  172 0.94
  93   96 0.15
  75  111 0.22
   1   56 0.09
  11   50 0.34
 119  131 0.29
  79  104 0.55
  26   64 0.39
  84  129 0.74
  71   88 0.06
   1   29 0.12
  43   69 0.27
  37   47 0.61
 100  125 0.32
   4    8 0.06
  40   47 0.95
   1   11 0.67
 122  170 0.59
 132  183 0.18
 124  169 0.97
  67  124 0.11
  85  100 0.17
   4   36 0.51
  92  124 0.07
  65  110 0.15
  57  120 0.37
  90  123 0.54
  15   29 0.34
  25   83 0.92
 122  156 0.81
   1   44 0.07
  38   84 0.55
 105  166 0.63
   4   13 0.55
  87  147 0.94
  98  111 0.71
  22   28 0.99
  49   90 0.43
  50   95 0.34
  85  100 0.29
  17   44 0.48
  64  100 0.43
 122  143 0.57
  38   84 0.14
  66  113 0.83
  84  104 0.29
  90  138 0.09
  94  105 0.00
 121  180 0.35
   4   56 0.33
   1   55 0.41
  11   21 0.88
  63   87 0.93
 118  183 0.35
  84  135 0.83
 121  148 0.17
 117  145 0.31
  66   77 0.43
 115  156 0.36
  89  141 0.52
   2   60 0.90

 120  169 0.35
  46   91 0.93
  18   43 0.98
 128  164 0.76
  56   94 0.84
 118  167 0.90
  58   62 0.71
  33   90 0.51
  30   41 0.92
 100  110 0.32
  75  131 0.85
 109  128 0.19
 111  121 0.79
  73   87 0.63
  73   98 0.85
  21   71 0.14
  51  115 0.65
  64   88 0.48
  92  105 0.00
 120  154 0.35
 119  128 0.91
  91  147 0.67
  71  109 0.77
  17   52 0.04
 128  167 0.13
  36   73 0.20
  22   53 0.16
 105  116 0.20
  84   94 0.95
  33   57 0.44
  81  131 0.67
  56   66 0.36
 100  148 0.23
  15   35 0.43
  71   89 0.45
  25   34 0.40
 124  177 0.06
   6   41 0.52
 107  170 0.03
  76   89 0.25
 108  124 0.73
 127  140 0.88
 103  125 0.66
 124  166 0.13
  98  160 0.02
  53   74 0.46
  50   51 0.13
  61   82 0.58
 129  145 0.24
 111  165 0.55
   3   44 0.00
  36   85 0.83
  67   69 0.83
  63  102 0.88
   0   31 0.88
 121  147 0.31
   8   15 0.31
   6   69 0.88
  12   12 0.02
 125  148 0.32
  30   57 0.15
  27   63 0.17
  39  104 0.98
  85  137 0.67
  59   75 0.33
  13   32 0.21
  98  161 0.27
  88  143 0.41
  53  109 0.49
 103  129 0.14
  45  103 0.56
  90  152 0.86
 124  165 0.58
 122  165 0.82
  61   90 0.10
  75   85 0.28
  33   97 0.93
  10   75 0.39
  43   57 0.01
  87  149 0.83

