4 100 4
3    4  16  10

  38  128 0.45
  26   38 0.54
  33   99 0.34
  32   59 0.18
  24   46 0.50
  35   51 0.54
  33  120 0.83
   9   31 0.66
  20   61 0.37
  27   79 0.97
   3   31 0.10
  13   89 0.79
  26   95 0.85
  15   28 0.70
   2   51 0.26
   0   40 0.14
  42   71 0.20
  25   72 0.92
  27  118 0.84
  36   48 0.68
  40   66 0.88
  30   64 0.51
  13   17 0.18
  20   91 0.26
  38   54 0.98
  29  115 0.66
  23   61 0.71
  19   21 0.89
  44  130 0.19
  35   86 0.73
   9   82 0.08
   5   53 0.66
  33   87 0.74
  24   66 0.21
  39   91 0.38
   2   18 0.32
  33  107 0.45
   9   30 0.99
  22   33 0.05
   0   58 0.57
  21   94 0.12
  13   84 0.42
   4   17 0.03
  15   64 0.71
   5   33 0.82
  44   51 0.72
  14   45 0.64
  37   76 0.45
  11   95 0.53
   5   95 0.22
  25   30 0.49
  24   94 0.85
  16   24 0.73
  45   81 0.50
  44   46 0.54
  18   91 0.75
  23   62 0.69
  21  111 0.89
  33   63 0.73
  13   42 0.78
  26  116 0.86
  41  115 0.86
  16   96 0.35
  45   96 0.97
  29   69 0.90
  35   98 0.30
   8   71 0.58
  19   57 0.29
  19   43 0.91
  10   17 0.88
  34  111 0.45
  23   35 0.22
  12   68 0.00
  26   63 0.98
  15   20 0.14
  42   49 0.71
  14   66 0.08
  42   74 0.97
  33   72 0.74
  17   47 0.18
  16   26 0.83
  28  104 0.38
   0   70 0.45
  24   44 0.32
  13   15 0.13
  11   39 0.62
  41   62 0.76
  41   76 0.37
   0    5 0.37
  19   62 0.16
  15   16 0.11
  12   91 0.99
  29   30 0.77
  37   49 0.20
  33   59 0.31
  33   77 0.24
  42   86 0.22
   7   51 0.99
  16   62 0.52
  16   56 0.29

  28   98 0.31
  26   45 0.24
   1   93 0.87
  20   20 0.00
  13   60 0.26
  14   24 0.53
   4   67 0.86
  19  108 0.28
   7   43 0.63
   2    4 0.47
   1   92 0.08
  14   49 0.12
  32  108 0.08
  25  110 0.35
  24   34 0.08
  26   59 0.94
  30   66 0.04
  31   95 0.06
  18   25 0.80
   2   64 0.61
  30   43 0.86
  23   92 0.58
   1   13 0.23
   5   34 0.85
   1   61 0.57
   3   90 0.49
   4   85 0.82
  14   41 0.78
   3   55 0.75
   8   91 0.37
  22   78 0.38
  39   44 0.15
  43   51 0.43
  43   75 0.81
   3   48 0.79
  36   99 0.16
   7   10 0.62
  15  100 0.48
   5   45 0.84
  16   80 0.90
  32   41 0.39
  42   86 0.08
  28   46 0.23
  43   44 0.45
   9   53 0.73
  29   79 0.69
  34  120 0.30
  28  117 0.22
  37   85 0.34
  25   34 0.78
  31   58 0.39
   1   65 0.43
  16   46 0.10
  44   65 0.86
  43   90 0.00
  35  100 0.64
  14   63 0.19
  41  120 0.59
   3   19 0.14
  44   58 0.39
  37   74 0.98
   6   77 0.40
  34   72 0.15
  37   47 0.03
  19   93 0.93
   8   85 0.42
  27   44 0.10
  23   26 0.73
  44   69 0.55
  12   72 0.17
  27   44 0.59
  34   44 0.00
  28   92 0.95
   5   92 0.30
   4   84 0.10
  37  111 0.25
  30  100 0.02
   8   77 0.47
  32   81 0.88
  17   94 0.33
  33   76 0.86
  25  117 0.45
  26   46 0.88
  43  100 0.30
  35   45 0.80
  26   97 0.66
  28   97 0.54
  42  109 0.63
  45  109 0.12
  12   53 0.08
  28   53 0.87
  28   36 0.73
  45  133 0.54
  10   41 0.01
   2   41 0.68
  21   55 0.47
   1   75 0.82
  20   42 0.59
   7   29 0.03
  10   30 0.28

  45   90 0.03
   3   19 0.17
   2   61 0.15
  45   54 0.70
  29   79 0.13
   1   60 0.11
  15   55 0.98
   6   55 0.37
  15   65 0.94
  14  105 0.39
  26  118 0.45
  18   62 0.75
  18   81 0.05
  17   24 0.85
   6   18 0.71
   8   83 0.83
  37  120 0.43
  31   92 0.81
  14  103 0.50
  36  105 0.47
  45   63 0.87
   9   59 0.27
  10   98 0.95
  21   79 0.90
  30   63 0.18
  11   40 0.62
   6   36 0.40
  43   78 0.56
  22   57 0.33
  31   40 0.32
  14   56 0.18
  22   68 0.48
  33   50 0.40
   6   24 0.65
   9   95 0.76
  34   82 0.45
  38   78 0.71
  44  106 0.18
  23   53 0.17
  21   34 0.21
  34  122 0.31
  19   94 0.68
  12   94 0.18
   0    6 0.63
  25   56 0.00
  20   83 0.81
  17   48 0.33
  23   35 0.81
  23  113 0.64
   7   63 0.43
   6   69 0.03
  16   30 0.40
  23   42 0.87
  21   42 0.56
  31  116 0.08
  29   41 0.50
   2    3 0.05
  23   33 0.29
  36  120 0.87
  22   49 0.81
   6   30 0.68
   7   25 0.29
  24  108 0.52
  21  112 0.87
  22   63 0.51
  22   65 0.63
  39  104 0.87
  32  118 0.01
  13   32 0.10
  33   43 0.27
  31   84 0.38
  11   53 0.24
   6   63 0.99
  18   41 0.86
  37   59 0.41
  16   26 0.41
  10   69 0.36
  27   60 0.22
  24   93 0.52
  11  102 0.85
  20   35 0.47
   5   75 0.84
  27   54 0.18
  35   96 0.01
  38   90 0.47
   5   84 0.06
  15   96 0.93
  15   61 0.62
  10   28 0.12
  40   66 0.96
  26   98 0.57
  21   46 0.99
  16   31 0.69
  41   91 0.62
  10   11 0.04
   2    2 0.46
  33   83 0.32
  31  107 0.77
   8   73 0.43
   3   87 0.45

