4 80 8
3   10  16  10

  11   16 0.95
  21   48 0.37
   1   21 0.01
  19   20 0.01
  21   25 0.54
  10   17 0.02
   3   22 0.89
  19   39 0.65
   0    5 0.64
   9   19 0.38
   6   42 0.97
  10   53 0.77
  18   47 0.26
   8   31 0.17
  17   52 0.72
  14   29 0.96
   3   45 0.05
   9   51 0.17
  16   17 0.15
  16   57 0.95
  16   20 0.58
  10   47 0.43
  15   46 0.93
  18   20 0.33
  13   20 0.48
   4   16 0.56
  16   34 0.88
   5   10 0.89
   5   15 0.60
  12   28 0.56
  16   34 0.62
   1   41 0.80
   6   40 0.66
   9   44 0.23
  17   34 0.72
   8   18 0.08
  14   56 0.15
  16   60 0.44
  14   20 0.31
   7   30 0.70
  17   17 0.10
   3    4 0.15
  21   24 0.19
   8   37 0.07
   0    7 0.43
   6   43 0.73
  19   28 0.61
  20   64 0.99
   4   23 0.53
  17   57 0.25
  11   21 0.24
  12   15 0.71
  16   32 0.47
   5    6 0.83
  13   55 0.73
   0   26 0.84
   1   23 0.82
  21   56 0.13
  11   44 0.83
   3   13 0.88
   6   20 0.29
  18   36 0.07
   6   46 0.00
  21   45 0.45
  15   29 0.29
  20   58 0.31
  14   57 0.01
  19   45 0.03
   3    5 0.35
  10   19 0.21
  13   27 0.94
   7   29 0.97
   7   11 0.66
   1   39 0.82
  21   43 0.10
   9   18 0.84
  16   38 0.18
  12   51 0.00
  12   47 0.46
   3   29 0.64

  20   31 0.81
   6   26 0.77
   1   13 0.71
  21   32 0.63
   9   53 0.16
   3   32 0.48
  19   35 0.05
   6   20 0.42
  11   30 0.42
   1   23 0.77
   7   31 0.46
   8   10 0.97
  17   31 0.79
  17   48 0.19
  10   44 0.37
   8   36 0.19
   1    6 0.93
  11   17 0.79
  10   41 0.24
   2   42 0.02
   3   21 0.26
   3   16 0.07
   2   13 0.58
   8   16 0.32
  18   54 0.73
  20   63 0.88
   4   23 0.88
   7   24 0.35
  18   51 0.38
  13   50 0.48
  19   26 0.89
   2   31 0.05
  17   57 0.79
  10   26 0.23
   7   49 0.96
  17   61 0.56
   6   34 0.04
  15   57 0.80
   3   45 0.15
   5   31 0.00
   9    9 0.37
  21   45 0.75
  16   19 0.18
  11   21 0.96
   6   40 0.71
   4   41 0.01
   4   26 0.65
   0   29 0.10
  13   13 0.93
  18   48 0.48
   4   38 0.21
  11   25 0.90
  17   25 0.89
  19   38 0.48
  14   22 0.92
  14   32 0.75
  18   24 0.38
   8   14 0.41
  10   17 0.78
  10   35 0.24
  20   44 0.11
  12   34 0.82
   8   21 0.11
   4   44 0.28
  20   43 0.64
   9   29 0.73
  19   50 0.20
  19   62 0.64
  10   46 0.32
  14   20 0.01
   0   22 0.50
   5   36 0.05
   9   26 0.07
  12   13 0.97
  11   53 0.77
   4    4 0.66
   2   24 0.53
   0   37 0.37
  21   21 0.99
  16   41 0.51

  13   51 0.66
  14   44 0.14
  20   53 0.80
  11   34 0.50
  15   25 0.00
  11   46 0.69
   8   30 0.86
   7   16 0.80
  19   21 0.38
   2    2 0.77
  20   20 0.53
   4   11 0.52
  10   32 0.23
  16   25 0.10
  17   37 0.25
  19   55 0.20
   4   23 0.91
  18   21 0.37
  17   56 0.61
  15   53 0.13
   8   24 0.39
   9   26 0.05
  21   56 0.82
  14   33 0.53
  14   27 0.27
   3   13 0.61
   0   37 0.81
  12   44 0.58
  14   46 0.84
   8   39 0.59
  20   21 0.13
  16   35 0.52
  18   56 0.48
   9   46 0.13
  18   52 0.93
   0   12 0.42
  12   44 0.54
  12   15 0.74
  11   55 0.25
  16   38 0.57
   1    4 0.77
  14   37 0.27
   4   42 0.15
  10   49 0.54
  13   37 0.75
  13   29 0.15
   7    7 0.29
  16   43 0.90
  15   34 0.42
  16   49 0.45
   7   24 0.20
   4   41 0.95
   0   28 0.42
   1    8 0.72
  20   30 0.71
   7   16 0.97
  11   21 0.66
   0   19 0.12
  15   43 0.56
  17   17 0.28
   6   43 0.44
   3   33 0.06
  17   30 0.38
   2   23 0.88
  21   35 0.38
  20   61 0.44
  15   15 0.97
  12   35 0.91
  18   32 0.95
  13   16 0.47
   1   30 0.50
   0   42 0.66
  19   54 0.58
  19   30 0.53
   0    3 0.18
   2   27 0.71
  14   50 0.54
  18   55 0.99
  12   49 0.53
   3    5 0.01

