3 60 4
3   10   2   2

  27   43 0.79
  33   51 0.87
  22   56 0.84
  24   50 0.60
  23   23 0.15
  28   42 0.46
   2   28 0.51
  25   54 0.30
  19   19 0.17
  28   54 0.05
   4   34 0.06
  11   44 0.22
  17   27 0.80
  21   26 0.38
  20   39 0.51
   4   33 0.98
  18   46 0.20
  15   25 0.63
  19   28 0.68
   3   18 0.07
   2   24 0.38
  20   32 0.11
  29   33 0.32
  19   53 0.87
  30   42 0.70
   8   31 0.14
  19   31 0.95
  25   38 0.48
  21   53 0.61
  17   46 0.57
   2    2 0.85
  22   32 0.05
   9   41 0.14
  12   24 0.77
  24   50 0.42
  20   38 0.84
   6   26 0.14
   5   36 0.14
  32   57 0.45
   9   13 0.81
   2   34 0.09
  13   26 0.11
   2    5 0.45
  33   40 0.74
  16   36 0.32
  16   41 0.00
   5   10 0.99
  14   16 0.40
   5   30 0.61
  19   30 0.27
  16   30 0.01
   3   28 0.06
  25   51 0.77
  28   55 0.63
  11   44 0.99
  23   41 0.39
  13   17 0.24
  13   25 0.77
  16   37 0.17
  23   41 0.65

  26   45 0.64
   6   10 0.36
  28   47 0.81
   9   10 0.39
   2   18 0.11
   3   33 0.32
   9   40 0.41
  22   48 0.71
   3   36 0.19
  29   46 0.06
  26   41 0.03
   2   33 0.73
  19   37 0.39
   3   28 0.94
  12   46 0.71
  29   59 0.03
  24   55 0.56
  12   28 0.97
   3   24 0.66
  26   53 0.30
   5   30 0.31
  15   45 0.00
  30   35 0.13
  11   18 0.28
  34   43 0.70
  21   39 0.29
  19   44 0.03
  18   45 0.58
  34   40 0.34
   4   37 0.25
  32   50 0.47
  10   23 0.87
  32   64 0.63
  32   44 0.01
   7   18 0.60
  26   38 0.02
  23   24 0.58
  30   37 0.37
  21   47 0.43
   8   14 0.14
  32   33 0.97
   1    2 0.34
  22   36 0.79
  14   41 0.00
  29   62 0.00
   1    5 0.40
  20   22 0.54
   4    4 0.77
   0   10 0.47
   5   36 0.40
  24   33 0.63
  24   36 0.80
  13   18 0.77
  19   53 0.79
  10   16 0.54
   6   22 0.60
   6   20 0.80
  21   36 0.70
   8   30 0.92
   1   29 0.75

   2    4 0.60
   2   15 0.67
  29   51 0.24
   1   22 0.27
  30   54 0.65
  24   49 0.69
   3   29 0.82
  32   38 0.89
  21   30 0.83
  23   54 0.32
  16   43 0.86
  26   47 0.27
  28   50 0.40
   9   19 0.76
  22   30 0.15
   9   21 0.65
  20   42 0.58
  10   23 0.86
  18   21 0.04
  32   49 0.56
  29   58 0.22
  32   65 0.82
  26   50 0.95
   7   28 0.70
   9   17 0.72
  15   42 0.07
  32   42 0.17
   2   14 0.44
  25   26 0.59
   0   18 0.13
  13   18 0.10
   4   12 0.62
  34   59 0.39
  24   40 0.34
  10   20 0.02
  25   46 0.87
   8   30 0.62
  31   35 0.51
  28   41 0.66
  28   28 0.36
  13   31 0.51
   9   42 0.32
   9   23 0.19
  18   43 0.16
  33   47 0.93
  17   38 0.41
  16   25 0.20
  28   40 0.76
  29   50 0.80
  31   59 0.83
  19   32 0.79
  15   35 0.20
  19   27 0.84
  32   48 0.99
  26   37 0.66
  25   29 0.92
  33   59 0.66
   3   17 0.45
  21   29 0.42
   9   19 0.51

