4 80 8
3   10  10  10

  18   22 0.56
  14   27 0.48
  31   40 0.60
  55   72 0.84
  12   19 0.30
  49   62 0.55
  12   20 0.76
   1   12 0.68
  11   23 0.36
  30   46 0.16
  40   52 0.47
   1    2 0.17
  25   37 0.57
  42   42 0.60
  10   15 0.64
  55   58 0.32
  34   44 0.51
  54   54 0.88
  20   37 0.38
  40   52 0.22
  44   45 0.00
   5   21 0.91
   5   17 0.29
  41   56 0.62
  24   27 0.70
  48   49 0.39
  48   51 0.44
  31   34 0.71
   7   19 0.04
  22   36 0.52
  52   55 0.24
   2    5 0.60
  24   33 0.84
   6   23 0.30
  54   68 0.65
  26   35 0.80
  50   61 0.54
   9   26 0.03
  37   39 0.07
   2   15 0.77
  46   54 0.07
  11   25 0.49
  21   23 0.75
  12   28 0.60
   7   23 0.18
  10   21 0.80
  30   34 0.55
  44   46 0.48
  52   63 0.01
  33   44 0.03
  53   53 0.12
  24   35 0.71
  29   37 0.04
  30   46 0.07
  36   49 0.66
  39   55 0.91
  21   33 0.34
   2   18 0.92
  22   24 0.79
  10   12 0.94
  24   28 0.60
   1   17 0.06
  38   53 0.60
   0    2 0.75
   5   21 0.55
  26   34 0.19
  32   37 0.33
  45   50 0.93
   5   12 0.36
  32   40 0.73
   8    8 0.16
  13   20 0.05
   4   18 0.82
   2    3 0.58
   2   10 0.72
  52   59 0.69
   0   17 0.87
  46   62 0.71
   3   13 0.90
   1    8 0.44

   9   13 0.11
  44   51 0.24
  14   14 0.20
  20   29 0.12
  32   32 0.06
  42   59 0.68
   1   15 0.77
  29   32 0.36
   3   20 0.47
  11   15 0.56
  42   48 0.68
  38   54 0.50
  39   40 0.93
  37   45 0.93
  52   53 0.96
  11   23 0.79
  47   59 0.13
  27   34 0.91
  46   58 0.88
  32   44 0.93
  21   24 0.61
  47   47 0.92
  54   64 0.99
  43   43 0.68
  39   41 0.07
  27   40 0.36
  26   39 0.98
  19   34 0.04
  28   38 0.73
   9   12 0.42
  24   30 0.21
  16   31 0.66
  15   31 0.32
   0   17 0.64
  23   39 0.99
  20   37 0.05
  19   34 0.83
   1   18 0.43
   5   22 0.81
   1   10 0.08
  16   27 0.14
  43   51 0.42
  11   21 0.01
  29   29 0.38
  14   27 0.10
  27   39 0.11
   6   17 0.88
  51   55 0.24
  31   38 0.55
  47   59 0.57
  48   50 0.81
  51   65 0.93
  34   45 0.19
  21   23 0.64
  14   22 0.63
  52   55 0.70
  13   14 0.77
  46   48 0.71
  27   44 0.41
  31   39 0.01
   3   20 0.23
   8   10 0.17
   6   12 0.48
  39   39 0.45
  47   63 0.36
  36   47 0.31
  15   32 0.17
  48   50 0.83
   8   21 0.06
  36   53 0.43
  16   33 0.75
  45   46 0.06
  14   28 0.90
   0    6 0.20
  26   29 0.32
   5   16 0.95
  35   49 0.27
  10   18 0.40
  45   50 0.39
  40   54 0.90

  30   45 0.60
  32   43 0.26
  21   23 0.61
  45   45 0.13
  52   66 0.09
  42   53 0.14
  49   52 0.61
   7   23 0.11
  40   55 0.09
  20   28 0.82
  14   26 0.84
   1   18 0.68
  29   37 0.86
  13   26 0.99
  36   37 0.42
   7   13 0.04
   2   11 0.84
   0    6 0.68
  15   24 0.01
  15   17 0.16
  53   69 0.23
  26   43 0.01
  17   30 0.32
   7   10 0.92
  20   32 0.83
   4   16 0.94
  54   67 0.39
  15   21 0.34
   8    9 0.61
  43   55 0.45
  17   33 0.31
  17   22 0.78
  10   21 0.32
  22   22 0.38
  13   27 0.36
  40   56 0.14
  43   43 0.56
   7    8 0.14
  15   27 0.21
  46   48 0.76
  15   17 0.38
  52   61 0.26
  10   27 0.73
  17   17 0.90
  50   56 0.44
  15   23 0.77
  27   30 0.60
   0    5 0.25
   6   15 0.19
  12   14 0.47
  14   28 0.41
  18   35 0.22
  28   43 0.15
  43   59 0.60
  41   42 0.69
  40   42 0.45
   9   11 0.25
  55   63 0.33
  40   42 0.66
  51   57 0.07
  44   48 0.99
  45   47 0.38
  25   32 0.90
  15   27 0.14
   5   22 0.28
  47   56 0.68
  17   18 0.10
  50   50 0.94
  39   56 0.62
   2   11 0.15
  23   36 0.51
  47   47 0.43
  42   47 0.52
  47   52 0.86
  32   33 0.46
  55   57 0.89
  51   53 0.24
  23   26 0.54
  18   29 0.66
  26   31 0.79

