3 80 8
3   10   2   2

  19   40 0.66
  11   36 0.72
   8   25 0.61
  30   57 0.85
   1    6 0.84
  29   58 0.69
  28   37 0.65
  29   29 0.11
  27   58 0.34
  26   48 0.19
   7   14 0.55
  20   34 0.45
  33   40 0.31
   7   22 0.80
  31   32 0.45
  24   42 0.08
  12   20 0.51
  22   50 0.97
  19   34 0.32
  20   46 0.88
   7   16 0.86
  29   56 0.27
   4   36 0.31
   9   27 0.28
  23   53 0.50
   6   24 0.57
   8   34 0.20
  22   43 0.09
   2   17 0.19
  17   27 0.73
  25   52 0.02
   1   24 0.62
   0   14 0.28
   0    0 0.14
   7   12 0.43
  31   60 0.34
  19   19 0.04
  27   32 0.85
  32   41 0.09
   4   23 0.39
  15   31 0.63
  22   38 0.67
  26   44 0.41
  27   58 0.33
   8   16 0.01
   8   41 0.97
  32   49 0.80
  25   35 0.00
  10   20 0.52
  20   27 0.69
  16   40 0.08
  13   39 0.23
  13   28 0.81
  25   33 0.01
  17   41 0.83
   8   11 0.73
  28   60 0.84
  26   39 0.83
  27   45 0.59
  15   24 0.74
  16   26 0.89
   2    6 0.04
  14   17 0.24
  11   42 0.98
  31   41 0.05
  33   60 0.27
   0   20 0.95
   9   22 0.33
  26   41 0.57
  21   50 0.40
   6   29 0.90
  30   62 0.95
  18   36 0.76
  23   44 0.28
  22   46 0.04
  31   34 0.88
   5   11 0.40
  12   36 0.88
  25   30 0.78
  12   30 0.47

  25   49 0.39
   6   16 0.98
  15   28 0.74
  25   57 0.91
  32   61 0.79
  26   39 0.07
  10   11 0.32
  33   55 0.31
   5   28 0.31
   7   17 0.06
  22   48 0.91
  17   23 0.35
   9   33 0.91
  15   24 0.84
   5   11 0.93
  10   10 0.54
  15   30 0.05
  19   52 0.49
  26   46 0.09
  28   41 0.09
  30   60 0.65
  29   54 0.90
  21   53 0.64
  18   46 0.80
   3   11 0.34
  16   17 0.79
   1    8 0.71
  13   40 0.40
   9   25 0.71
   7   29 0.15
  13   23 0.20
  16   46 0.85
  20   35 0.34
  22   27 0.39
  30   38 0.75
   7   17 0.25
  20   29 0.86
   9   23 0.27
   9   25 0.90
   0   23 0.49
  32   35 0.46
  30   54 0.71
  29   62 0.83
  26   47 0.75
  10   30 0.24
   5   13 0.89
   1   34 0.65
  12   45 0.32
   5   29 0.96
  14   21 0.54
  19   45 0.46
  26   45 0.71
   0    7 0.90
  17   27 0.47
  16   28 0.40
   7   33 0.25
   5   11 0.93
  15   26 0.37
  33   40 0.42
  14   43 0.27
   9   35 0.33
  26   33 0.04
  12   25 0.41
   3    4 0.85
  17   46 0.51
  15   19 0.87
  32   32 0.54
  30   48 0.76
  31   47 0.23
  12   12 0.35
  30   34 0.61
  28   39 0.43
   8   34 0.51
  25   32 0.99
   8   33 0.99
  11   20 0.94
  22   25 0.33
  26   51 0.87
   0   30 0.53
   2   24 0.68

  18   42 0.73
   4   12 0.28
  27   51 0.37
  22   27 0.42
  24   25 0.45
  28   43 0.11
   8   29 0.77
  23   23 0.95
  19   33 0.01
   0   28 0.56
  30   55 0.21
  20   40 0.05
  12   27 0.43
  27   40 0.98
  17   37 0.93
  12   21 0.48
   5   36 0.35
  30   30 0.48
  14   33 0.63
  25   29 0.42
  13   34 0.22
  13   26 0.62
  21   35 0.34
  12   25 0.95
  31   36 0.88
   6    7 0.48
  19   21 0.80
   9    9 0.41
  18   35 0.74
  10   13 0.34
  15   44 0.20
  22   50 0.31
  24   55 0.29
  12   33 0.62
  26   28 0.83
  11   14 0.95
   1   32 0.14
   7   34 0.78
  10   28 0.92
   3   22 0.53
   8   10 0.02
  29   54 0.34
   2   10 0.45
  30   56 0.51
  20   48 0.29
   2    5 0.00
   6    9 0.16
  14   32 0.41
  10   29 0.25
  17   50 0.01
  11   33 0.19
  26   52 0.36
  11   41 0.27
  25   57 0.96
  32   50 0.48
   8   39 0.50
   6   39 0.02
   5   12 0.88
   4   15 0.65
  10   38 0.80
  13   20 0.47
  31   36 0.47
   6    8 0.82
  31   61 0.53
  31   52 0.85
  10   33 0.52
  30   45 0.87
  17   21 0.53
   5    8 0.32
  32   53 0.97
  16   39 0.51
  12   33 0.64
  31   55 0.04
  32   59 0.10
  31   51 0.57
  17   50 0.16
  24   39 0.31
  10   41 0.72
  17   20 0.07
  20   42 0.97

