3 40 8
6    4   2  10  10  10   4

  25   30 0.07
  29   38 0.74
   3   30 0.96
  10   55 0.51
  17   59 0.90
  26   65 0.79
  10   36 0.17
  24   55 0.79
  19   44 0.75
   0   40 0.30
  16   42 0.53
  15   60 0.58
   6   34 0.27
  22   47 0.41
   0   24 0.96
  24   48 0.49
   6   18 0.07
  14   26 0.46
  28   65 0.67
  31   65 0.99
  19   21 0.30
  29   53 0.16
  17   17 0.69
   1    5 0.83
  14   24 0.04
  20   42 0.32
  30   68 0.50
  20   48 0.08
  18   44 0.98
  28   73 0.94
  25   45 0.64
  14   61 0.82
  12   45 0.83
   2   49 0.42
  25   29 0.46
  26   58 0.19
   1   41 0.21
  17   56 0.88
  30   58 0.98
   3   17 0.95

  17   52 0.09
   9   52 0.66
  23   51 0.54
   3   16 0.88
  23   56 0.83
  24   31 0.10
   9   21 0.65
  15   22 0.22
  27   41 0.18
  22   65 0.88
   3    5 0.59
   1   18 0.10
   1   34 0.79
  24   46 0.18
  19   36 0.59
   2   45 0.12
  28   69 0.44
  17   43 0.33
  14   57 0.35
   6   27 0.82
   8   40 0.75
  23   38 0.89
   4   25 0.14
  16   27 0.43
  11   51 0.03
   5   20 0.92
  11   20 0.45
   3    6 0.28
  19   46 0.91
  15   55 0.03
  19   22 0.63
  21   39 0.05
  14   55 0.77
   6    9 0.90
   4   11 0.94
  16   21 0.19
  17   30 0.09
  15   49 0.58
   7   18 0.01
  24   64 0.97

  15   23 0.17
   2   38 0.00
  25   36 0.92
  20   60 0.79
   5   16 0.19
  15   51 0.48
  24   31 0.25
  29   34 0.47
  22   52 0.94
  11   17 0.10
  27   44 0.65
  20   43 0.39
  26   70 0.58
  28   30 0.84
   5   34 0.70
  19   35 0.94
  28   57 0.24
  21   35 0.52
  22   67 0.74
   7   23 0.35
  24   46 0.08
  30   69 0.80
  21   46 0.32
   7   36 0.03
  24   40 0.39
   4   26 0.35
  24   65 0.54
   8   13 0.45
  25   30 0.55
  27   35 0.37
  22   54 0.91
  27   36 0.99
  21   62 0.81
  21   61 0.31
  28   67 0.55
  18   30 0.54
  14   25 0.19
  18   58 0.96
   9   51 0.08
   1   40 0.46

   0   34 0.18
  18   22 0.96
  25   27 0.09
  30   56 0.84
  26   29 0.10
   6   46 0.06
   2   14 0.25
   3   14 0.09
  22   36 0.08
   3   19 0.55
  27   73 0.28
   0   23 0.08
  27   28 0.72
  18   64 0.65
   3   23 0.58
  30   61 0.81
  11   30 0.67
  16   53 0.04
  24   39 0.94
  26   63 0.43
  15   38 0.30
  15   31 0.52
   9   19 0.96
   9   23 0.16
   5   38 0.92
  15   23 0.96
  14   26 0.51
  20   32 0.59
   7   26 0.41
   6   10 0.33
  30   75 0.39
   8   23 0.67
  16   52 0.93
  19   66 0.98
  32   62 0.22
  26   65 0.97
  24   47 0.51
  30   75 0.03
  22   40 0.34
  26   71 0.54

  26   46 0.61
   5   48 0.36
  32   60 0.52
   1   17 0.95
   7   38 0.38
  27   55 0.24
  21   37 0.61
   7   30 0.97
  17   49 0.05
  28   63 0.05
  16   27 0.61
   8   42 0.33
  16   64 0.71
  12   42 0.30
   5   37 0.04
  32   72 0.27
   9   35 0.44
  22   54 0.83
  24   40 0.01
   9   47 0.98
  28   38 0.71
  28   44 0.84
   6   12 0.91
  19   52 0.60
   3   22 0.29
  30   66 0.24
  13   25 0.38
  27   44 0.38
  31   33 0.61
  32   39 0.44
  18   21 0.18
  20   62 0.26
  21   52 0.93
  13   34 0.31
  13   24 0.42
  22   55 0.19
   5   50 0.89
  16   27 0.76
  18   32 0.24
  25   25 0.62

  32   41 0.70
  21   41 0.15
  13   49 0.79
  18   52 0.83
  26   34 0.00
   7   13 0.79
   6   52 0.02
   1   23 0.46
  22   32 0.36
  14   59 0.80
   7   47 0.04
  25   42 0.50
  16   53 0.83
  23   50 0.96
   9   17 0.27
  12   47 0.06
   7   53 0.83
   4   28 0.51
   3   10 0.09
  13   30 0.79
  25   64 0.76
  22   42 0.84
  31   60 0.32
  28   64 0.13
   6   24 0.58
  16   19 0.85
  19   34 0.37
   2    9 0.54
  27   70 0.94
   0    5 0.94
  26   72 0.32
  16   60 0.87
  25   40 0.52
  14   48 0.45
   8   36 0.94
  14   18 0.01
   1   27 0.31
   3   34 0.00
  29   50 0.11
  30   38 0.39

