4 60 4
3   16  16   2

  16   76 0.48
  10   19 0.03
  22   40 0.41
  10   80 0.23
  17   30 0.23
  22   58 0.10
   8   50 0.19
   8   18 0.44
  23   74 0.65
  30   81 0.73
   7   26 0.99
   3   14 0.20
  26   71 0.65
  10   28 0.02
  19  109 0.17
  16   30 0.07
   5   18 0.13
  17   34 0.99
  19   67 0.95
  19   32 0.69
  29   62 0.08
   6   83 0.72
   0   47 0.57
  14   36 0.21
  21   50 0.02
  18  109 0.75
  14   14 0.16
  18   48 0.10
  22   52 0.25
   9   26 0.91
  24   51 0.54
  15   72 0.44
   7   38 0.06
  19   20 0.87
  14   32 0.61
  16   58 0.80
   6   94 0.96
  25   76 0.68
   8   71 0.44
   2   78 0.34
   6   43 0.67
  17   52 0.78
   7   37 0.80
  26  116 0.51
  15   99 0.31
  21   95 0.50
  27   64 0.79
  10   80 0.46
  29  106 0.02
  30   47 0.96
  15   21 0.38
  20   26 0.27
  13   27 0.03
  28   31 0.76
  23   54 0.93
  14   79 0.86
  11   51 0.53
  24   93 0.73
  30   86 0.64
  12   78 0.12

  23   82 0.25
  10   19 0.33
  24  106 0.87
  22   98 0.32
  23  111 0.79
  27   61 0.70
   4   79 0.49
  23   98 0.69
  26   73 0.07
   4   95 0.37
  22  100 0.17
  10   73 0.16
  19   83 0.90
  30   36 0.54
   4   43 0.25
  11   13 0.99
  11   20 0.93
   2   91 0.20
  13   96 0.72
   9   49 0.97
  23   60 0.02
  15   23 0.57
  22   93 0.42
  10  104 0.04
   5   78 0.81
   4   15 0.55
   4   17 0.57
  27   44 0.14
   9   96 0.98
  22   98 0.16
  18   95 0.47
   1   89 0.60
  30   52 0.76
  27  119 0.80
   7   67 0.30
  15   19 0.69
   3   33 0.12
  25   33 0.26
  18   31 0.55
  26   45 0.29
  28   80 0.36
  19  108 0.45
  10  104 0.66
  14   75 0.47
  28   35 0.06
   8   97 0.03
   3   69 0.12
   4   10 0.56
   5   65 0.97
  19   57 0.22
  18   52 0.31
  11   11 0.93
   8    8 0.14
  10   34 0.93
  19   69 0.31
  10   55 0.17
  26  101 0.89
  29   45 0.17
   3   32 0.33
  20   86 0.47

  18   31 0.80
  12   99 0.97
  16  109 0.73
   8   43 0.69
   0   85 0.37
  25   29 0.44
   6   17 0.54
  18   45 0.22
  15   85 0.65
   0   52 0.05
  19   86 0.13
  10   62 0.52
  13   85 0.33
  13   83 0.43
   8   70 0.63
  30   90 0.93
   8   40 0.00
  10   67 0.42
  10   34 0.83
   4    7 0.99
   9   58 0.80
  23   25 0.61
   9  100 0.64
   9   73 0.01
   6   98 0.57
   8   22 0.29
  16   23 0.21
  26   62 0.69
  30   91 0.07
  22   66 0.30
  29   83 0.09
  26  105 0.35
  11   65 0.60
  17   77 0.24
  27   41 0.10
   8   52 0.44
   0   24 0.02
   4   65 0.92
   9   48 0.73
  28   42 0.27
   9   77 0.81
  23   89 0.04
  29  109 0.85
   5   69 0.18
   5   29 0.08
   2   31 0.49
   1   89 0.84
  11  105 0.85
  28   96 0.08
  24   27 0.67
  26   65 0.32
  26  118 0.59
  21   77 0.21
   5   44 0.40
  26   81 0.23
   2   34 0.93
  17   96 0.99
   4   83 0.33
  16   46 0.52
  22  101 0.48

