3 100 4
3   16  10  10

  73  105 0.20
  64   83 0.95
  64   76 0.40
  56  128 0.85
  38   39 0.71
  71  113 0.47
  62  130 0.11
  13   25 0.25
  62  108 0.58
  44   73 0.67
  65   80 0.01
  21   30 0.00
  38   58 0.37
  11   39 0.66
  19   43 0.25
  47   50 0.66
   1   13 0.01
  68   77 0.13
  63   88 0.29
  16   25 0.93
  56  127 0.07
  43   88 0.06
   2    5 0.90
  17   73 0.41
  53  117 0.84
  69  139 0.40
  15   50 0.56
  19   61 0.57
  16   75 0.22
  11   22 0.19
  60   91 0.23
  51   64 0.32
  65  127 0.84
  36   52 0.43
   9   22 0.19
  17   26 0.01
   2   33 0.74
   5   47 0.53
   7   55 0.89
  15   88 0.51
   6   44 0.08
  40   66 0.78
  39  110 0.63
  71  125 0.64
  55   84 0.43
  11   22 0.19
  56  105 0.76
  63   97 0.67
  40   89 0.48
  68   69 0.40
  30  100 0.00
  28   93 0.87
   0   69 0.15
  24   37 0.59
   2    7 0.79
   9   61 0.38
   2   38 0.75
   8   46 0.92
  14   52 0.04
  54   72 0.87
  17   27 0.37
  28   71 0.03
  68   81 0.52
  47   78 0.80
  66   87 0.47
   3   31 0.10
  10   52 0.83
   9   50 0.15
  55  112 0.22
  42   48 0.92
  10   27 0.34
  17   47 0.70
  47   77 0.26
  25   63 0.69
  61  121 0.10
  63  106 0.57
  20   31 0.73
  23   47 0.64
  69  103 0.53
  26   69 0.11
  24   42 0.17
  14   73 0.73
  13   45 0.90
  49   74 0.84
  41   75 0.34
  56   85 0.63
  50  115 0.75
  61  113 0.73
   9   67 0.35
   9   15 0.69
   1    2 0.69
  42  104 0.81
  19   79 0.84
  73   73 0.95
  37   66 0.98
  60  119 0.07
  48   81 0.44
  68  135 0.72
  10   32 0.02
  34   35 0.52

  61   74 0.77
  12   16 0.86
   6   71 0.66
  59   72 0.71
  25   87 0.81
  24   92 0.70
  27  101 0.87
  62  104 0.05
  14   58 0.82
  15   51 0.92
   6   55 0.86
  46  101 0.15
  68   77 0.08
  72  129 0.01
  54  126 0.57
  57  130 0.90
   6   74 0.98
  38   45 0.28
  27   81 0.93
  12   58 0.25
   9   24 0.47
  57  131 0.94
   3   67 0.00
  11   11 0.67
  39   99 0.14
  60   82 0.94
  16   36 0.37
  61   92 0.69
  41   94 0.80
  10   16 0.28
   2   51 0.54
  58  103 0.39
  54  120 0.44
  32   51 0.33
  18   72 0.30
  18   49 0.97
  53  120 0.36
  59   85 0.99
   9   83 0.43
  43   87 0.79
  71   92 0.47
  32  106 0.45
  49  117 0.29
  61   67 0.78
  53  126 0.94
  16   31 0.08
  10   20 0.96
  15   25 0.87
  68   96 0.23
  49  122 0.39
  13   57 0.43
  16   87 0.63
  74  119 0.27
  48  117 0.53
   5   17 0.50
  34   95 0.49
  47  110 0.27
  44   62 0.78
   0    6 0.69
  67   77 0.11
  66   84 0.90
  55  104 0.44
   4   39 0.54
  22   50 0.40
  28   51 0.49
  69   80 0.74
  57  107 0.96
  25   28 0.76
   2   50 0.24
  62   86 0.72
  61  127 0.64
  24   58 0.76
  27   70 0.59
  24   88 0.05
  65  127 0.97
  68   69 0.88
  65   75 0.43
  70   80 0.02
  71  138 0.11
  67  109 0.91
  26   44 0.42
  45   75 0.64
  26   64 0.88
  24   85 0.42
  21   78 0.20
  32  103 0.60
  35   94 0.09
   1    2 0.64
  38   57 0.37
  74  105 0.01
  50  115 0.87
   4   10 0.64
  49   96 0.08
  47   89 0.42
  16   74 0.26
  73  102 0.55
  49  109 0.32
  66   82 0.65
   8   69 0.57
  62   68 0.20

  20   48 0.08
  37   65 0.03
  28   33 0.52
   4   14 0.74
  39   61 0.23
  33   38 0.65
  23   97 0.58
   5   49 0.17
  20   71 0.55
   8   49 0.91
  20   65 0.46
  49  105 0.52
  17   45 0.35
  19   62 0.11
  22   46 0.83
  63  117 0.02
  44  118 0.42
  42   55 0.88
   1   54 0.47
   6   58 0.50
  14   18 0.41
  56  122 0.32
  14   57 0.37
  53   71 0.76
  43   69 0.35
  58  122 0.43
  61   87 0.69
  19   70 0.25
  14   22 0.81
  60   81 0.37
  23   90 0.29
  59  105 0.34
  38   66 0.85
  56   92 0.63
  45   61 0.74
  25   69 0.44
  43   62 0.27
  71   83 0.32
  20   77 0.71
  57   86 0.62
  36   62 0.28
  39   99 0.06
  66  136 0.88
  61   81 0.28
  38   53 0.97
  66  104 0.35
  24   86 0.74
  25   82 0.71
   6   21 0.36
  29   46 0.09
  18   51 0.71
  49  112 0.22
  19   85 0.54
   5   66 0.46
  46   53 0.92
  21   85 0.87
  23   52 0.69
  64   79 0.27
  56  123 0.57
  28   66 0.53
  24   34 0.35
  54   89 0.36
  70  115 0.53
  26   89 0.69
  11   45 0.15
  34   97 0.51
  51   94 0.09
  32   99 0.66
  10   38 0.10
   5   56 0.24
  26   64 0.90
  42   82 0.34
   7   39 0.29
  55   88 0.77
  66   82 0.63
  34   99 0.42
  36  101 0.09
   5   69 0.69
  50  109 0.96
  35   74 0.98
  67   82 0.15
  29   30 0.87
   8   77 0.96
  25   58 0.89
  33   45 0.01
  51   53 0.05
  53   63 0.17
  23   82 0.18
  19   45 0.10
  44   64 0.38
  43  114 0.33
  20   79 0.83
  15   71 0.10
  71   94 0.48
  20   71 0.95
  52  106 0.33
  62  134 0.25
  21   80 0.96
  17   74 0.11
  15   20 0.89

