4 100 8
3    2  10   4

   4    8 0.89
   3    9 0.45
   9   13 0.54
   3   23 0.38
   4   25 0.77
   9   10 0.23
   2   15 0.19
   6   21 0.78
   2    3 0.48
   4   15 0.06
   3   37 0.69
   8   31 0.56
   6   40 0.36
  10   34 0.68
   6   37 0.14
   6   27 0.97
  11   13 0.64
   9   23 0.54
   1   36 0.43
   2   28 0.40
  11   24 0.42
   8   42 0.96
   1    2 0.70
   4   24 0.84
   5   18 0.89
   7    7 0.16
   9   26 0.78
   1   32 0.82
   2   24 0.49
  11   41 0.09
   8   28 0.92
   5   34 0.18
   0   20 0.82
  11   33 0.87
   1    3 0.52
   2   16 0.04
   1   10 0.06
   3   22 0.89
   9   45 0.94
   2   36 0.18
   3   28 0.06
   6   37 0.50
   7   16 0.21
   2   33 0.72
   8   43 0.72
   4   20 0.08
   2   12 0.40
   2   18 0.88
   0   16 0.35
   6   19 0.21
   5   29 0.44
   5   15 0.67
   1    3 0.62
   4   33 0.27
  10   14 0.69
   5   30 0.16
   6   28 0.42
  10   31 0.07
   7   18 0.09
   1    3 0.51
  11   21 0.74
   3   23 0.85
   5   35 0.01
   9   17 0.73
   4   14 0.80
   4   23 0.70
  10   35 0.10
   2   33 0.90
   1   23 0.39
   8   34 0.61
   3    4 0.19
   3   36 0.05
   1   22 0.49
   6    6 0.43
   5   36 0.72
  11   18 0.24
   2    9 0.66
   1   35 0.29
   8   18 0.30
   0   24 0.96
   8   22 0.70
   0    6 0.56
   1   10 0.52
   4   14 0.79
   1   26 0.86
   1   32 0.36
  10   40 0.43
   7   37 0.77
   0    3 0.46
   3   22 0.08
   0   24 0.53
   0   25 0.55
   4   40 0.89
   5   23 0.81
   5   30 0.15
  11   15 0.81
   3    5 0.30
   6    9 0.51
   0   20 0.47
   6   21 0.70

   7   16 0.58
   6   31 0.93
   8   38 0.27
  11   37 0.21
   9   40 0.75
  10   11 0.85
  11   47 0.56
  11   28 0.35
   8   13 0.68
   8   38 0.95
   7   25 0.90
   0    8 0.22
   4   17 0.21
   8   37 0.75
   1   35 0.93
   8   15 0.93
  10   14 0.08
   6   26 0.75
   3   14 0.39
   8   16 0.34
   7   25 0.16
   4    5 0.94
   0   34 0.03
  10   17 0.50
   2    6 0.37
   6   26 0.46
   1   34 0.34
   3   19 0.51
   9   26 0.53
   1   15 0.37
   2   36 0.32
   4   25 0.75
  11   18 0.02
   8   26 0.34
   9   38 0.46
   3   32 0.85
   6   33 0.48
   6   21 0.25
  11   33 0.22
   1   33 0.20
   3   24 0.84
   5   37 0.69
  11   40 0.82
   2   33 0.11
   3    9 0.77
   5   32 0.41
  11   44 0.73
   5    6 0.15
  10   42 0.42
   8   15 0.97
   6    7 0.66
   1    3 0.26
   3    7 0.01
   8   17 0.86
   2   21 0.31
   3    9 0.08
   3   39 0.83
   2   12 0.59
   0    0 0.86
   1   30 0.96
   2    8 0.36
  10   13 0.18
   0   34 0.09
   6    8 0.88
   5   27 0.92
   3   22 0.71
   2    9 0.95
   3   33 0.93
  11   23 0.38
   5   37 0.95
   1   30 0.97
   6    8 0.17
   5   38 0.05
   0   30 0.16
  10   10 0.63
   6   37 0.14
   4   26 0.25
   3   39 0.35
   9   40 0.09
   2   27 0.78
   8   35 0.23
   9   41 0.50
  10   11 0.92
   2    5 0.39
   8   19 0.87
   3   31 0.91
  11   45 0.52
   2   38 0.66
   0   10 0.45
   7   32 0.01
   0    7 0.58
   8   25 0.03
  11   21 0.39
   8   12 0.98
   7   37 0.34
   9   19 0.55
   1   29 0.42
   2   32 0.86
  10   44 0.96
   7   19 0.81

   6    7 0.51
  11   44 0.06
  10   43 0.19
   2   27 0.89
   7   26 0.75
  10   16 0.95
   9   25 0.21
  11   21 0.54
   5   28 0.29
   7   21 0.88
  11   11 0.96
   9   39 0.39
   8   30 0.72
   7   29 0.85
   9   42 0.49
   6    9 0.60
  11   19 0.00
   6   17 0.30
   6   28 0.28
   0   13 0.46
   1   10 0.61
  11   36 0.16
   1    4 0.03
  10   32 0.99
   2   10 0.90
   3   35 0.98
   3    8 0.75
   5   30 0.43
   7   38 0.79
   9   13 0.59
   1   18 0.23
   7   28 0.89
  10   34 0.94
   0    5 0.55
   2    4 0.38
   9   20 0.88
   1   28 0.91
   2    2 0.03
   7   19 0.04
   3    3 0.65
   1    1 0.49
   8   18 0.77
   6   37 0.08
   4    8 0.76
  10   39 0.91
  10   31 0.51
   7    7 0.29
   3   25 0.17
   2   20 0.00
   4    9 0.38
   4   23 0.29
   6   25 0.98
   3   22 0.55
   5   14 0.47
   8   10 0.66
   5   38 0.22
   4   36 0.54
   0   29 0.22
   3   25 0.11
   9   17 0.44
   3    5 0.20
   0   30 0.75
   9   20 0.17
   2   34 0.69
   2   10 0.80
   9   40 0.85
   8   37 0.15
   6   24 0.58
   4   15 0.04
   0   16 0.99
   1   30 0.87
   8   11 0.18
   7    9 0.54
   6   39 0.29
   9   35 0.63
   4    5 0.26
   3   21 0.11
   8   23 0.59
   9   36 0.87
  11   35 0.82
  10   20 0.82
   1    6 0.37
   4   36 0.40
   2    6 0.92
   0   12 0.38
   5   15 0.71
   9   12 0.52
  10   12 0.47
   5    6 0.66
   5   20 0.21
   8   41 0.31
  11   47 0.74
   1    5 0.35
   4    4 0.10
  11   29 0.14
   9   32 0.45
   8   22 0.56
   5    5 0.57
   0   26 0.90
  11   42 0.99

