5 15 4
12   16  16  16  20  10  16  10   2   2   4  16  16

  21   60 0.97
  51  102 0.57
   2   44 0.29
  10   63 0.17
  43  119 0.80
   2   59 0.70
  34   94 0.65
  19   21 0.67
  36   40 0.70
  50   89 0.24
  20   89 0.71
  47   78 0.05
  34   84 0.01
  15   81 0.76
  30   56 0.94

  36   51 0.51
  13   45 0.83
   2   71 0.76
  26   98 0.49
  12   74 0.17
  12   82 0.19
  20   61 0.00
  19   54 0.68
  29   38 0.51
   4   41 0.92
  31   87 0.61
  12   79 0.57
  11   89 0.18
  12   82 0.03
  38   48 0.97

  12   88 0.40
  28   62 0.13
  50   57 0.39
  43   57 0.46
   5   40 0.88
  51   73 0.60
  42  109 0.26
   9   44 0.52
  14   80 0.80
  28   94 0.93
  40   68 0.85
  39   68 0.32
   2   57 0.96
  35  115 0.55
  36   52 0.90

  13   29 0.26
  33   45 0.44
  39  107 0.20
  45   91 0.77
  14   58 0.82
  33  105 0.78
  51  124 0.54
  42   45 0.86
  27   96 0.83
  12   47 0.98
  47   96 0.78
  15   51 0.38
   7   55 0.60
   6   61 0.95
  50  124 0.45

  11   25 0.61
  40  110 0.67
  36   71 0.79
   7   74 0.67
  43   81 0.54
   5   41 0.55
  26   51 0.84
  20   29 0.16
  52  121 0.43
  28   99 0.41
  30   67 0.70
  51  121 0.63
   0   58 0.91
  49  127 0.42
   5   83 0.32

   8   65 0.89
   1   19 0.74
  49   60 0.67
  15   34 0.91
  16   85 0.16
  29   69 0.48
  23   79 0.96
  20   62 0.07
  12   34 0.05
  24   69 0.13
  39   40 0.65
  29   42 0.35
  53   73 0.03
   3   27 0.87
  31   95 0.51

  38   53 0.04
   2   75 0.40
  38  104 0.36
  33   99 0.51
  43  119 0.16
  11   77 0.71
  19   51 0.87
  13   90 0.97
  31   77 0.57
  29  101 0.95
  17   56 0.01
  22   50 0.90
  11   80 0.92
  44   94 0.28
  28  106 0.93

  46  111 0.38
   2    6 0.47
  51  119 0.64
  39   71 0.64
  11   37 0.92
  50  108 0.08
   3   12 0.75
  26   56 0.65
  45   94 0.47
   5   54 0.45
  41   55 0.14
  16   33 0.68
  19   65 0.55
  13   64 0.76
  25   98 0.16

  13   93 0.88
  26   96 0.44
  36   92 0.99
  42   76 0.15
  35  114 0.26
  32   42 0.85
   0    2 0.15
   8   86 0.23
  24   62 0.01
  28   97 0.11
   1   81 0.07
  12   43 0.12
  42  102 0.04
  53   92 0.35
  10   64 0.50

  17   76 0.61
   6   18 0.46
  46   49 0.29
  34   99 0.05
   6   21 0.10
  12   89 0.12
   1   64 0.12
  53  105 0.78
  18   47 0.89
  26   39 0.86
  34  101 0.59
  17   39 0.89
  32   63 0.69
  17   36 0.91
  39  104 0.13

   8   66 0.61
   3   56 0.39
  25   86 0.35
  30   67 0.19
  13   72 0.89
  24   70 0.22
  29   31 0.03
  20   42 0.52
  51  115 0.80
  25   27 0.73
  30   78 0.12
  27  101 0.06
  39   71 0.66
  29   62 0.59
   1   59 0.58

  31   56 0.55
   8   87 0.24
  12   26 0.91
  33   95 0.26
  27   99 0.63
  38   66 0.30
  33   82 0.32
  36   51 0.06
   1    3 0.49
  29   74 0.99
  24  101 0.70
  23   76 0.21
  41   79 0.19
  38   57 0.65
  48  102 0.30

