4 100 8
3   16  20  16

  36   71 0.48
  19   19 0.09
  37   60 0.34
  38   44 0.69
  21   62 0.21
  27   41 0.24
  24   60 0.23
  13   67 0.83
  16   39 0.36
  20   58 0.38
  31   52 0.62
  36  100 0.68
   9  111 0.08
   6   58 0.49
  16   24 0.01
  32   98 0.86
   9  106 0.20
  25   93 0.70
  28  130 0.11
  38   50 0.68
   7   35 0.25
  33  148 0.84
  24  137 0.75
  28   74 0.31
  14   88 0.37
  12   80 0.33
  20   64 0.17
  17   39 0.54
  16  111 0.77
   8   95 0.66
  10   66 0.99
  34   84 0.09
   2   56 0.41
   1  105 0.32
  10   42 0.51
  39   62 0.19
  33  104 0.81
   1  113 0.03
  37  139 0.78
   6  110 0.91
  37   69 0.50
   8   13 0.86
  16   28 0.56
  14  119 0.05
  27   91 0.65
   7    9 0.88
  27   69 0.55
  15   92 0.06
   9   56 0.00
   0   64 0.98
  35  137 0.70
   0   48 0.45
  21   26 0.64
   1   80 0.36
  19  123 0.04
   1  100 0.91
  23  120 0.78
   9   42 0.77
  33  136 0.36
   3   97 0.00
   8  116 0.73
  10   16 0.62
  23   39 0.02
   5  120 0.67
   9  121 0.30
   0   48 0.42
  32  122 0.66
  16  114 0.93
  32   68 0.33
  24   89 0.28
  13  132 0.63
  29  129 0.49
  24  118 0.27
  29   69 0.64
   8   23 0.03
   6   34 0.99
  23   92 0.81
  23   44 0.27
  24   96 0.29
  35  153 0.05
  29   72 0.01
   6   40 0.28
  21  103 0.80
  22  117 0.13
  11   60 0.59
  30   67 0.19
  30   88 0.23
  17   23 0.97
  26   62 0.86
  11  131 0.38
   8   61 0.72
  31  111 0.28
  22   38 0.22
  39   90 0.70
  18  103 0.33
  24  102 0.33
  25  124 0.61
  25   57 0.00
  22   22 0.08
  17   42 0.89

  11   52 0.05
  33  152 0.83
   1    2 0.30
  11   65 0.01
   9   66 0.16
  17   61 0.51
  22  102 0.26
  27   44 0.70
  29   65 0.55
  39  122 0.18
   7   90 0.75
  35   93 0.68
  23   82 0.43
  25   37 0.67
  20  108 0.68
  32   73 0.84
  17  110 0.58
   8   62 0.32
  33   58 0.91
  11   67 0.48
   8   94 0.69
  24   64 0.57
  34  151 0.29
  36  149 0.84
  17  136 0.62
  15   24 0.82
   2   28 0.31
  36   89 0.99
  26   90 0.68
  28   44 0.56
   4  106 0.40
   9   35 0.00
  10   29 0.33
  26  139 0.20
  16   67 0.42
  24   24 0.70
  10   19 0.84
  22  141 0.79
  26  123 0.50
  38   91 0.29
  29   50 0.95
   5   87 0.22
  38  105 0.57
   0   92 0.59
  13  117 0.42
  34   41 0.40
   8   39 0.31
  20  118 0.65
  23   42 0.81
  15   45 0.80
  34   69 0.17
   0   93 0.58
   1   32 0.59
  26  137 0.25
  31  101 0.14
  34   79 0.13
  11   73 0.36
  34   68 0.91
  39   77 0.90
   0    3 0.33
  11  115 0.09
  18  100 0.80
  19   63 0.55
  17  132 0.82
  21   64 0.57
  13   93 0.28
  26  125 0.52
  19   46 0.58
  25  108 0.26
   2   29 0.05
  28  138 0.31
  30   64 0.85
   6  108 0.81
  11   29 0.98
   7    7 0.57
  10   78 0.54
   0  117 0.03
  25  103 0.93
  39   62 0.28
  13  121 0.58
  21  115 0.24
   3   13 0.38
  27  104 0.57
  23   67 0.49
  13   75 0.80
  23   48 0.90
  21  101 0.67
  18   56 0.86
   2   43 0.64
  32   49 0.24
   9   26 0.15
   4  100 0.15
  21   67 0.35
   9  107 0.60
   1  113 0.13
  16   46 0.51
  19  126 0.62
  32   61 0.34
  24  101 0.55
  13   38 0.75

  32   97 0.60
  39  127 0.32
  37  109 0.56
  20   38 0.75
  25   38 0.37
  15   24 0.78
   9   18 0.10
  32   49 0.36
   7  109 0.52
  39  133 0.25
  19  127 0.52
  25  120 0.61
  18   83 0.60
   4   22 0.14
   3   78 0.50
   9   79 0.91
   4   99 0.45
  33   84 0.85
  22   77 0.26
   4   25 0.05
  23  127 0.38
  33   96 0.82
  17   50 0.60
  26   79 0.72
  16   63 0.17
  18   69 0.38
  25  137 0.73
  39   97 0.51
  38   72 0.02
   5  122 0.66
  25   48 0.32
  37   98 0.82
  29   34 0.61
  12   56 0.88
   4   45 0.81
  16   17 0.93
  39  153 0.59
  11   19 0.95
   5   43 0.58
  26  128 0.06
  36   95 0.42
  26  115 0.20
  36   40 0.26
   9   33 0.31
  32   52 0.95
  10   63 0.24
  19   55 0.16
  22   53 0.62
   5   99 0.56
   7   14 0.61
   9   89 0.28
  23   83 0.29
  10   37 0.23
   5   94 0.64
  14   85 0.33
  32  127 0.05
  20  139 0.89
  22   76 0.76
  32  111 0.91
  13   51 0.21
   4    9 0.42
   3   22 0.56
  37   41 0.46
   4    6 0.79
  16   36 0.29
  25  145 0.18
   1   11 0.91
   9  103 0.68
  37  118 0.16
  30   68 0.52
   9   70 0.33
  17  107 0.72
  37   93 0.82
  28   83 0.51
  24  133 0.43
  12  127 0.24
  37  126 0.15
  21   42 0.85
  26   69 0.97
  21  135 0.86
   1  115 0.42
   9   78 0.58
  39   47 0.08
  20   35 0.49
  11   74 0.61
   4   65 0.78
  25   96 0.86
  30  146 0.98
  17  136 0.70
   3   51 0.22
   8   60 0.93
  19  129 0.62
  14   86 0.55
  17   79 0.73
   5   79 0.10
  17   85 0.14
  11   89 0.20
   5   17 0.21
  13  114 0.06
  39   45 0.51

