5 20 4
12   20   2   2  16  16  10   4  10   2   2  16  20

  10   13 0.66
   3   56 0.14
   4   24 0.30
  23   41 0.78
  22   69 0.64
  10   44 0.54
  20   43 0.47
   9   36 0.55
  18   40 0.04
  13   20 0.71
  26   50 0.26
   6   32 0.45
   1   50 0.31
   0   41 0.07
   5   26 0.85
   9   62 0.47
   7   52 0.96
  29   64 0.69
   8   39 0.37
   2   45 0.67

  15   58 0.94
  27   31 0.57
  29   63 0.64
  26   39 0.27
  25   69 0.15
  18   26 0.00
  13   64 0.86
  19   78 0.82
   8    8 0.28
   6   35 0.57
  27   31 0.54
   0   52 0.64
   6   55 0.07
  11   39 0.17
  16   26 0.32
   0   20 0.61
  12   71 0.55
  12   40 0.82
  14   55 0.57
  15   35 0.91

  23   78 0.88
  15   26 0.27
  15   23 0.51
  24   64 0.22
  25   49 0.90
  25   32 0.74
   9   57 0.10
  11   35 0.08
  18   31 0.78
   2   21 0.82
  27   33 0.06
  20   39 0.82
   0   31 0.43
  16   70 0.46
  28   67 0.14
   3   60 0.09
  18   63 0.02
  28   35 0.98
  19   70 0.88
   5   48 0.77

   5   51 0.93
  12   54 0.89
   0    0 0.63
  27   76 0.62
  23   28 0.76
  14   24 0.75
  17   59 0.50
  20   26 0.53
   8   29 0.17
  27   67 0.28
  17   64 0.29
  10   55 0.70
  15   66 0.32
   4   39 0.36
   3   14 0.97
  24   28 0.81
  21   28 0.22
  20   25 0.84
  25   74 0.91
  21   74 0.02

  16   55 0.72
  18   39 0.06
   1   20 0.82
  26   27 0.64
  17   37 0.95
  14   32 0.69
  20   77 0.98
  16   61 0.51
  19   57 0.74
   7   50 0.48
   3   10 0.60
  19   64 0.10
  15   25 0.30
   1   32 0.92
   5   37 0.31
  16   31 0.94
  29   48 0.04
   3   58 0.91
   2   36 0.66
  17   69 0.08

  12   31 0.00
  22   72 0.51
  26   84 0.95
  21   43 0.32
  25   48 0.90
  26   79 0.30
  14   64 0.00
   4   10 0.15
  20   32 0.51
  15   50 0.67
   2   22 0.96
  28   31 0.10
   7   25 0.21
  14   29 0.49
  29   67 0.64
  10   21 0.55
   0    9 0.21
  23   66 0.94
  11   61 0.68
  16   40 0.55

   2   21 0.39
  29   45 0.35
  15   46 0.00
  17   19 0.50
   9   51 0.63
   4   24 0.87
  15   28 0.35
   1   44 0.87
  26   77 0.76
  22   49 0.74
   7   11 0.93
  25   36 0.88
  19   37 0.95
  28   34 0.31
   5   58 0.27
  22   64 0.73
  27   61 0.61
   5   17 0.12
  11   43 0.59
  27   30 0.90

  28   56 0.03
  18   71 0.64
   3    5 0.09
   6   45 0.06
   2    6 0.49
   6   18 0.46
  18   59 0.78
  12   49 0.05
  22   61 0.61
  21   60 0.40
   8   16 0.23
   3    6 0.47
  14   58 0.94
  23   49 0.11
   3   25 0.41
  28   73 0.95
  11   47 0.21
   8   25 0.41
   4   25 0.94
  10   55 0.93

   7   43 0.31
  27   62 0.59
  15   23 0.71
   4   27 0.95
  23   44 0.55
  21   29 0.25
  20   40 0.12
   7   53 0.17
   9   67 0.02
  28   39 0.83
   8   22 0.99
   0   10 0.83
   9   31 0.40
  12   28 0.70
  19   25 0.57
   1   45 0.24
   4    7 0.41
   3   54 0.01
  19   33 0.10
   3   15 0.04

  12   47 0.24
  29   63 0.76
  16   55 0.36
   1   34 0.10
  15   39 0.54
   4   38 0.23
  24   36 0.02
  15   70 0.62
   8   57 0.03
  23   70 0.40
  15   18 0.46
   8   20 0.57
   1   24 0.57
  13   54 0.51
   6   46 0.35
   6   25 0.07
  12   58 0.46
  27   55 0.77
  20   51 0.15
  15   24 0.08

  27   40 0.88
   6   14 0.38
   8   18 0.12
   2    7 0.43
  15   43 0.29
  17   75 0.90
  11   35 0.78
   0   59 0.15
  27   27 0.96
  21   55 0.20
  20   64 0.45
   2   41 0.47
  20   39 0.89
  18   28 0.82
  16   21 0.63
   7   14 0.51
  17   70 0.88
  14   24 0.87
  16   61 0.41
  22   77 0.36

  13   26 0.41
  26   30 0.45
  13   28 0.29
  23   55 0.45
   4   56 0.35
  27   53 0.86
  14   40 0.83
   5   13 0.39
  10   21 0.95
   3   49 0.10
  29   40 0.48
   4   52 0.14
   3   48 0.79
  28   86 0.46
  14   64 0.10
  11   16 0.60
   4    8 0.07
  11   43 0.51
  20   45 0.54
   5   52 0.94

