5 50 4
6   20   4   4   2  10   4

  22   25 0.92
   7   14 0.75
   8    9 0.22
   8   46 0.82
  26   45 0.05
  12   44 0.54
  14   49 0.40
  22   34 0.70
  21   23 0.40
  16   48 0.98
  23   56 0.32
  24   46 0.55
  12   21 0.54
   3   55 0.18
  11   30 0.64
   3   15 0.70
   4    5 0.09
   8   33 0.24
  24   63 0.47
   5   30 0.02
  22   34 0.15
  26   78 0.17
  18   44 0.46
  12   32 0.56
   0   29 0.83
  21   60 0.04
  14   25 0.55
   0    4 0.15
   6   18 0.41
  13   54 0.49
   4   21 0.04
  16   70 0.11
  15   54 0.66
  12   34 0.95
  14   17 0.53
   0   33 0.96
   2   44 0.13
  11   57 0.42
  15   63 0.50
  17   19 0.24
   1   46 0.20
  22   33 0.69
  17   38 0.67
  25   38 0.49
   4   15 0.31
  26   62 0.52
  23   40 0.16
  17   61 0.16
  14   36 0.82
   8   31 0.99

  15   51 0.15
   2   31 0.69
   0   39 0.73
  20   64 0.83
  11   47 0.32
   7   15 0.77
   6   54 0.88
  21   21 0.93
  15   23 0.75
  14   67 0.25
  10   30 0.15
  18   67 0.67
  22   39 0.20
   1   36 0.40
  15   30 0.60
   3   18 0.44
  16   60 0.48
  21   41 0.98
   6   16 0.38
   8   51 0.42
   9   37 0.19
  15   67 0.50
  26   31 0.13
   1   34 0.83
   9   54 0.18
   7   30 0.65
  22   40 0.52
  24   42 0.28
  19   59 0.05
  14   26 0.97
   5   27 0.02
  19   41 0.88
   2   45 0.92
   5   29 0.69
  14   53 0.20
   2   21 0.88
  23   63 0.86
   9   17 0.70
  10   39 0.86
  22   39 0.70
  10   35 0.70
  19   44 0.77
   2   30 0.73
  15   21 0.40
  12   31 0.98
  12   51 0.54
   8   57 0.04
   1   49 0.63
   1   53 0.68
  14   42 0.49

   0   41 0.34
   8   33 0.71
  20   35 0.00
  12   33 0.07
   5   22 0.95
  13   21 0.05
   1   16 0.79
   1   51 0.28
  21   74 0.17
  12   26 0.06
   2   16 0.29
  21   37 0.19
  17   36 0.97
  13   64 0.58
  13   44 0.57
  19   19 0.62
  10   62 0.10
  10   54 0.18
  11   61 0.83
  15   19 0.02
  21   59 0.98
   6   10 0.42
   2   51 0.03
  19   24 0.77
   0   40 0.03
  17   69 0.15
  20   62 0.41
   1   24 0.54
  22   67 0.20
  10   51 0.78
   6    7 0.37
  11   41 0.41
  21   29 0.60
   5   49 0.80
  26   58 0.60
   3   23 0.41
  21   46 0.30
   6   41 0.89
  12   28 0.46
  15   46 0.22
  14   37 0.34
  14   30 0.87
   4   43 0.62
  20   67 0.39
  14   16 0.51
  12   58 0.30
  10   30 0.51
  22   61 0.31
  12   12 0.10
  13   18 0.92

  25   33 0.52
  12   25 0.54
  25   65 0.34
  20   34 0.05
   4   57 0.03
  11   36 0.23
   9   53 0.33
  22   41 0.08
  26   46 0.34
  10   33 0.52
   6   10 0.54
  10   40 0.39
  22   32 0.14
   8   41 0.26
  22   58 0.48
   8   30 0.90
   3   56 0.19
  19   34 0.34
   4   41 0.74
   6   24 0.09
   6    8 0.85
   1   31 0.59
   4   50 0.83
  25   49 0.71
   7   46 0.96
   2    9 0.93
  12   54 0.40
   8   23 0.42
   2    8 0.50
  13   46 0.97
  26   44 0.20
  23   63 0.67
  14   47 0.33
  26   44 0.50
   3   26 0.64
  10   63 0.44
  19   59 0.66
  22   69 0.76
  24   36 0.31
   2   11 0.39
  11   40 0.76
   9   38 0.04
  26   65 0.44
  21   38 0.10
  12   45 0.24
  12   19 0.16
   0   51 0.06
  25   63 0.59
   1   15 0.43
   9   25 0.82

  18   46 0.75
  12   51 0.57
   0   41 0.85
   3   53 0.14
  11   14 0.88
   1   10 0.28
  18   24 0.40
  11   29 0.24
  25   61 0.61
  20   66 0.24
   2   37 0.57
  23   53 0.68
  25   61 0.52
  26   57 0.02
   2    3 0.17
  18   42 0.94
  12   24 0.11
  12   51 0.58
   9   29 0.19
   6   23 0.56
   9   28 0.05
  14   24 0.97
  15   20 0.83
  17   67 0.77
  22   58 0.17
  10   40 0.77
  12   25 0.55
  10   35 0.50
  19   71 0.82
   7   11 0.81
  21   34 0.46
   9   33 0.95
   0   25 0.37
  20   28 0.43
  14   14 0.45
   8   19 0.89
   9   52 0.10
  14   15 0.00
   5    5 0.49
  22   70 0.58
   9   28 0.04
  26   65 0.19
  26   73 0.80
  23   64 0.16
  16   36 0.26
   3   33 0.25
   5   47 0.12
   4   17 0.29
  18   21 0.26
   8   10 0.40

  16   54 0.54
  13   51 0.15
   6   19 0.72
   2   56 0.09
  18   40 0.21
  12   26 0.84
  10   27 0.57
  18   19 0.82
  20   50 0.62
  10   47 0.33
  16   42 0.32
  22   41 0.20
  21   32 0.60
  11   60 0.92
  25   79 0.57
   5   15 0.02
  24   59 0.86
   0   35 0.14
  22   43 0.83
   6   59 0.30
  18   54 0.32
  16   69 0.61
  14   20 0.82
  14   59 0.96
  22   69 0.25
  12   15 0.41
  20   71 0.66
  24   28 0.36
   9   24 0.40
  13   60 0.85
  26   78 0.83
  24   67 0.28
   7   15 0.64
  26   80 0.28
  10   19 0.54
  17   64 0.67
  15   28 0.36
  12   60 0.17
  25   77 0.71
   1    5 0.16
   7   56 0.01
  18   21 0.29
  20   38 0.52
   7   41 0.10
   2   42 0.66
  22   23 0.72
  21   70 0.49
  16   41 0.83
   2   52 0.35
  21   63 0.82

