5 25 8
12    2   2  10   2  16   4   4  10   4   4  16  10

  11   28 0.27
  11   31 0.96
   3   27 0.10
   4   22 0.63
   0   25 0.87
   2    9 0.85
   2   27 0.60
   6   21 0.16
   3   11 0.34
   6   29 0.76
  10   19 0.55
   8   18 0.75
   5    7 0.67
   0   20 0.53
  12   26 0.69
  10   13 0.45
   7   23 0.24
   4    9 0.71
   0   12 0.81
  10   12 0.04
   7   16 0.30
  11   29 0.57
   0   19 0.92
   2   17 0.07
   5   28 0.07

   4   23 0.28
   1    6 0.68
   3   17 0.44
   8   26 0.77
   6   17 0.44
   3   28 0.20
   2   12 0.42
   6   15 0.22
  12   14 0.81
   3   15 0.16
   6   11 0.51
   7   19 0.25
   6   20 0.18
   3    5 0.81
   1    2 0.44
   3    3 0.62
   8   33 0.59
   3   15 0.75
  12   37 0.30
   9   14 0.53
   1   16 0.31
   7   11 0.85
   4    6 0.00
   6   23 0.19
   7   15 0.56

   4   21 0.28
  10   34 0.03
   5   21 0.01
   8   31 0.64
  11   35 0.01
   9   22 0.96
  11   12 0.58
   6    8 0.92
  11   19 0.17
  12   16 0.41
   9   29 0.48
   5   23 0.74
   8   26 0.94
   5    8 0.49
   7    8 0.22
   8   13 0.13
  10   23 0.70
   7    7 0.34
   1   24 0.15
   8   24 0.44
   8   22 0.34
   4    8 0.68
   7   17 0.70
   6   24 0.49
   8   28 0.33

  12   18 0.18
   2   25 0.17
   0    2 0.43
   7    7 0.51
   5   20 0.85
   8   24 0.99
   0   24 0.95
   8   10 0.85
  11   35 0.63
   5   19 0.57
   2   21 0.38
   4    8 0.33
  12   34 0.03
   8   17 0.44
   2    7 0.66
   2   26 0.88
   3   11 0.58
   4   17 0.64
   7   24 0.50
   4   13 0.82
  10   27 0.79
   5   26 0.28
   8   22 0.39
   2    3 0.66
  12   31 0.90

  10   30 0.14
   3   14 0.85
   1    1 0.31
   2   17 0.78
   5   15 0.48
   3   13 0.61
   5   13 0.83
  11   30 0.66
  12   37 0.96
   5    7 0.89
   0   10 0.94
   1   10 0.74
   4   25 0.56
   3    9 0.17
   3   24 0.42
   0   14 0.70
   2    8 0.21
   7   13 0.28
   4   10 0.73
  12   17 0.90
   8   24 0.65
   6   31 0.02
   6   30 0.18
   1    4 0.75
   6   24 0.79

   6   27 0.07
  10   35 0.63
   7   27 0.65
   7   18 0.54
  10   11 0.73
   3   11 0.95
   9   20 0.09
  10   35 0.81
   6   23 0.45
   9   15 0.28
  10   20 0.49
   0   15 0.74
  10   21 0.80
   1    9 0.76
   5   17 0.42
   6   11 0.61
   5    6 0.12
   7   17 0.20
   1   18 0.62
   5   27 0.34
   1    9 0.21
   5   30 0.52
  12   13 0.47
   3    7 0.53
   2   24 0.29

   6   10 0.16
   2   15 0.50
   1    7 0.42
   3   12 0.14
   5   22 0.07
   6   30 0.84
   9   31 0.52
   2   22 0.02
   6   22 0.35
  11   31 0.33
   1   20 0.06
   2   16 0.23
  12   17 0.04
   8   27 0.50
   6   22 0.09
   7    7 0.13
  11   14 0.25
  11   13 0.49
   7   22 0.43
   9   34 0.54
   3   27 0.23
  12   32 0.22
   3    4 0.20
   7   11 0.77
   9   32 0.43

   7   29 0.69
  10   10 0.66
   1   23 0.28
   9   20 0.63
   2   15 0.25
   7   27 0.50
   4   15 0.54
   7    8 0.68
   8   31 0.28
   3   12 0.13
   2   26 0.51
   8   19 0.78
   3   13 0.13
  10   32 0.75
  10   23 0.71
  10   34 0.32
  11   23 0.28
  10   22 0.44
   3   10 0.03
   7   27 0.42
   4   21 0.84
   2   21 0.64
   7   13 0.25
   4   17 0.01
  11   12 0.70

   0   16 0.72
  12   32 0.98
   8    8 0.97
   3   11 0.22
   1   17 0.53
   5   27 0.27
   6   19 0.60
   1   22 0.03
   1   10 0.99
   1   20 0.37
   5   19 0.50
   9   18 0.14
   5   26 0.79
   0   22 0.30
   6    6 0.47
   1    7 0.26
  11   19 0.40
   4    5 0.28
   3    7 0.53
   8   29 0.98
   3   20 0.45
  12   25 0.33
  11   34 0.75
  10   30 0.59
  11   33 0.06

  10   25 0.86
   3   12 0.13
   5   30 0.85
   0   10 0.48
   6   12 0.32
   9   16 0.81
   2   23 0.60
  11   28 0.31
   4    6 0.56
  10   33 0.66
   8   10 0.02
  10   30 0.41
   4   11 0.23
   0    4 0.75
   1    4 0.68
   5   24 0.73
   4    4 0.38
   2   18 0.86
   0    0 0.57
   8   31 0.76
   1   26 0.66
   9   34 0.50
   6   15 0.74
  12   13 0.35
   4   16 0.55

   7   26 0.46
   2   14 0.51
   5   15 0.61
   0   20 0.20
   5   18 0.56
   1    2 0.53
  12   21 0.94
   9   31 0.82
   0   24 0.53
   3   13 0.72
  11   28 0.33
   4   24 0.03
   3   23 0.33
  11   35 0.59
  11   11 0.42
   0   21 0.77
   0   15 0.26
  12   34 0.90
  10   17 0.67
   0   25 0.72
   8   18 0.72
   6   31 0.52
   6   13 0.09
  10   29 0.55
   7   23 0.36

   7   28 0.42
   2   11 0.14
  12   33 0.22
  11   28 0.85
   2   20 0.22
  12   16 0.97
   4    4 0.44
   4   27 0.02
  10   34 0.24
   7   17 0.59
   6   12 0.85
  10   18 0.51
   5   17 0.97
   2   22 0.56
   5    9 0.99
   4   14 0.57
   0    8 0.69
   2   18 0.25
  12   25 0.85
   1   17 0.69
   3    7 0.31
  11   17 0.49
   6   24 0.37
  10   27 0.36
  10   11 0.59

