5 25 8
12   10  10  10   4  16   4  20  10  16  10   2  10

  42   52 0.52
  22   23 0.11
  47   54 0.25
  40   54 0.45
  53   65 0.90
  37   52 0.37
  11   17 0.11
  44   56 0.24
  28   38 0.14
  14   18 0.30
  38   55 0.06
  29   42 0.02
  34   39 0.35
  51   52 0.20
   2   16 0.16
  51   53 0.93
  39   50 0.85
   1   18 0.62
  31   45 0.39
  45   58 0.13
  42   48 0.00
  45   61 0.78
  41   41 0.19
  55   72 0.52
  14   24 0.53

  44   49 0.83
  46   64 0.71
  52   56 0.67
   4   16 0.59
  47   53 0.48
  34   46 0.65
   2   19 0.68
  15   29 0.71
   5   22 0.01
  24   39 0.76
  26   38 0.72
  51   53 0.91
   2   16 0.76
  45   47 0.67
   5   18 0.47
  22   28 0.87
  47   50 0.36
  34   40 0.51
  23   39 0.82
  52   62 0.68
  23   37 0.77
  23   37 0.12
  42   48 0.96
  45   58 0.33
  50   61 0.35

  55   63 0.16
  37   44 0.41
  33   39 0.64
  51   58 0.96
  29   29 0.88
  52   66 0.31
  31   39 0.07
   9   17 0.47
  29   46 0.43
  43   56 0.89
  47   52 0.63
  21   22 0.31
  47   62 0.64
  33   49 0.45
  50   62 0.83
  50   59 0.55
   5   22 0.63
  10   13 0.77
  20   29 0.56
  35   36 0.52
  13   26 0.67
   8    9 0.91
  32   39 0.95
  53   55 0.48
  33   48 0.95

   6   19 0.97
  22   39 0.16
   1   12 0.76
  11   23 0.49
  50   58 0.38
  31   32 0.03
  16   23 0.41
  31   39 0.87
   2   18 0.14
   4   11 0.85
  54   68 0.82
  20   27 0.01
  16   25 0.78
   5   17 0.24
  22   30 0.41
  45   56 0.22
  30   37 0.60
  24   25 0.33
  52   59 0.80
  45   59 0.34
  54   55 0.74
  19   20 0.32
  10   25 0.94
   0    1 0.55
  45   57 0.25

  16   28 0.77
   3   10 0.83
  29   35 0.87
  55   68 0.84
  56   58 0.59
   4    7 0.39
   4   19 0.86
  28   30 0.09
  30   41 0.67
   0   13 0.61
  33   46 0.73
   6   24 0.83
  54   57 0.62
  27   30 0.15
  17   26 0.46
  37   55 0.01
  33   50 0.21
  43   43 0.80
  30   31 0.73
  24   32 0.70
  28   45 0.64
  30   40 0.70
  36   38 0.31
  32   43 0.95
   1   16 0.09

  33   35 0.14
  25   27 0.05
  18   29 0.45
  16   34 0.47
  56   63 0.02
  17   22 0.80
  11   14 0.86
   4    8 0.83
  10   26 0.69
  49   54 0.15
   7   19 0.46
  12   12 0.46
  36   46 0.48
  28   39 0.28
   5    6 0.52
  26   37 0.11
   4   16 0.91
  12   29 0.34
  20   32 0.51
  45   60 0.35
  45   54 0.89
  12   15 0.91
   6   12 0.79
  54   61 0.02
  39   53 0.49

  12   27 0.30
  38   39 0.04
   1    7 0.44
  39   52 0.06
  35   52 0.63
  35   53 0.81
  56   72 0.68
   5   18 0.66
  56   65 0.87
   0    0 0.76
  30   32 0.43
  16   24 0.26
  45   57 0.62
  36   46 0.05
  37   52 0.05
   9   12 0.95
  28   31 0.50
   5   16 0.21
  56   69 0.48
  52   54 0.76
  53   65 0.93
  44   52 0.40
  22   24 0.10
  23   41 0.43
  55   63 0.65

  23   35 0.86
  15   25 0.60
  20   21 0.65
  52   59 0.72
  20   32 0.94
  42   57 0.95
   4   12 0.98
   3    6 0.10
  40   41 0.67
  15   33 0.95
  38   56 0.84
  12   13 0.31
  48   53 0.20
  20   21 0.89
   4   18 0.88
  52   61 0.34
  35   35 0.73
  30   34 0.21
  52   62 0.14
  40   55 0.20
  54   72 0.71
  12   23 0.75
  22   39 0.61
   7    9 0.37
  28   37 0.41

  45   51 0.78
  32   49 0.26
   1   14 0.72
  22   31 0.52
  35   35 0.95
   1   15 0.72
  42   56 0.42
  19   19 0.60
  48   55 0.68
  15   19 0.37
  43   56 0.42
  13   25 0.71
  27   39 0.01
   4   13 0.82
  28   44 0.98
  10   15 0.74
  24   33 0.73
   8   23 0.05
  35   45 0.12
  27   41 0.11
  32   46 0.20
  15   17 0.75
  37   46 0.11
  29   34 0.70
  51   66 0.36

  36   54 0.51
  33   40 0.67
  29   36 0.43
  42   45 0.34
  52   58 0.14
  36   44 0.64
   3    3 0.66
  19   22 0.63
   0   13 0.67
  20   36 0.62
   0   12 0.16
  16   33 0.67
  55   66 0.19
  54   57 0.85
  10   25 0.98
  37   53 0.72
   2    4 0.37
  42   45 0.76
  50   64 0.75
  44   48 0.94
  46   54 0.42
  35   47 0.22
  36   36 0.27
  56   74 0.18
  38   51 0.72

  32   46 0.13
  44   56 0.02
  41   46 0.14
  46   50 0.75
  15   24 0.93
  24   40 0.18
  15   33 0.28
  47   51 0.13
   3    3 0.80
  33   39 0.52
  20   20 0.53
  43   50 0.19
  53   62 0.99
  26   38 0.77
   2   12 0.23
  25   28 0.99
   3   15 0.79
  33   39 0.28
  28   39 0.96
  51   54 0.71
  46   55 0.94
   7   16 0.50
  20   33 0.42
  40   43 0.62
  40   54 0.48

  12   16 0.41
   5    9 0.49
  11   22 0.34
  30   30 0.86
  11   15 0.53
  55   61 0.91
  38   41 0.82
  47   64 0.32
   9   17 0.77
  44   49 0.94
  56   65 0.53
  34   48 0.70
  10   28 0.65
  10   18 0.93
  52   70 0.79
  52   53 0.92
  37   39 0.08
  55   68 0.76
  44   59 0.55
  16   21 0.54
  44   47 0.12
  35   45 0.58
  46   62 0.53
  19   37 0.07
  29   46 0.27

