3 20 4
12   16   2  16  16  10  10   2  10  16  16   2  10

  34   84 0.42
  63  160 0.90
  86  159 0.08
  55  153 0.58
  15   71 0.56
  25   96 0.23
 102  145 0.05
 104  105 0.15
  60   99 0.21
  45  105 0.68
   9   26 0.14
  89  156 0.47
  67   87 0.44
  39   89 0.72
  67  158 0.15
  30   72 0.75
  91  102 0.95
  78   78 0.86
  72   76 0.82
  57   63 0.98

  53   74 0.05
  47   52 0.47
  78  177 0.49
  70  140 0.77
   6   12 0.44
  50   98 0.32
  88  176 0.48
   8   79 0.28
  90  106 0.86
  87  157 0.44
  75  147 0.56
  67  146 0.33
  38  119 0.77
  28   54 0.09
  14   31 0.79
  22  100 0.23
  11   98 0.32
  45   95 0.99
  67  117 0.81
  34   81 0.61

  27  128 0.57
  60   98 0.78
  84  121 0.31
  39   43 0.19
  84  157 0.40
 104  193 0.04
  45  114 0.02
   6   27 0.28
  48   75 0.06
  73  164 0.91
  12   48 0.35
  34  109 0.33
  67  108 0.14
 101  201 0.91
  15   30 0.88
  90  160 0.81
  14   29 0.22
  16   53 0.87
  39   46 0.49
  62   73 0.77

  86  171 0.38
  12   25 0.16
  46   81 0.57
  43  138 0.23
  95   99 0.17
  68  166 0.29
  63   75 0.71
  34   80 0.82
  66  165 0.65
  29  105 0.33
  81  122 0.89
 103  162 0.00
  76   76 0.76
  44   47 0.55
  35  108 0.75
  56  121 0.91
  73  170 0.14
  90  127 0.02
  48   83 0.15
  52   96 0.00

  10   75 0.93
  19   91 0.32
  49  145 0.20
  83  187 0.86
  98  180 0.19
  40  104 0.82
  33   42 0.83
   3   45 0.70
  91  118 0.32
  46  102 0.76
  97  173 0.82
   5   45 0.71
  98  135 0.44
  58   96 0.77
  79  164 0.11
  31  135 0.63
  58  109 0.78
  56  120 0.22
  71   94 0.12
  92  134 0.91

  28   61 0.93
  56  116 0.76
 102  114 0.09
 101  145 0.28
  16   48 0.54
  95  167 0.07
   6   95 0.69
  87  148 0.35
  39   40 0.55
  81  150 0.57
  43   43 0.81
  11   20 0.75
  22  117 0.34
  22   27 0.34
   8   71 0.30
   4   23 0.49
  81   94 0.97
  71   87 0.97
 101  204 0.90
  51  145 0.15

   3   85 0.93
  48  138 0.76
  90  169 0.49
  55  121 0.00
  96  127 0.13
  21  104 0.92
  26   94 0.40
  23  123 0.63
  55   82 0.97
  24   98 0.96
  60  133 0.61
  40  117 0.82
  34   46 0.30
  40  138 0.58
  86  122 0.65
 101  193 0.66
   7   80 0.20
  63   83 0.45
  19   60 0.67
  64   80 0.64

  50  116 0.18
  37   48 0.09
  72  123 0.10
  32   41 0.58
   6   62 0.93
  78  114 0.53
  12   18 0.21
  18   42 0.58
  30   39 0.27
  69   99 0.24
  33   33 0.36
  37  114 0.86
  44  124 0.42
  50   76 0.62
  23   45 0.18
  67  167 0.65
  36  122 0.84
   1   85 0.76
   9  111 0.38
   2   65 0.26

  95  100 0.97
  20   89 0.54
  46  106 0.71
  26   73 0.59
  80   98 0.88
   4   67 0.27
  51   79 0.28
  50  116 0.92
  14   89 0.89
  12   45 0.46
  63  101 0.79
  97  103 0.96
  67  124 0.31
  88  180 0.47
  46   91 0.52
  37  133 0.79
  53  126 0.84
  34   94 0.08
  41  125 0.76
  91  191 0.21

  47  127 0.58
  71  140 0.34
  49  127 0.67
  54  116 0.06
  23   29 0.05
  32   48 0.44
  73  126 0.51
  86  185 0.71
  70  166 0.37
  69  102 0.94
  40  120 0.78
  28   49 0.76
  55  105 0.54
  28   49 0.00
  84  148 0.22
  73   85 0.70
  47   72 0.85
  37  126 0.16
  91  111 0.11
  65  160 0.07

  57  121 0.97
  58   92 0.18
   7   99 0.18
  57  161 0.60
  99  202 0.26
  33  117 0.79
  49   51 0.36
   6  101 0.59
  22   47 0.45
  45  120 0.20
  57  146 0.73
  68  156 0.90
  84  115 0.41
  14   72 0.84
  36  122 0.01
  54  113 0.55
  70  117 0.60
  44  133 0.95
 100  113 0.02
  25   27 0.32

 103  131 0.21
  66   72 0.57
  89  166 0.48
  13   14 0.29
 102  195 0.97
  44   71 0.39
  37   73 0.22
  43   49 0.67
 100  173 0.07
  87  181 0.01
  85  187 0.43
  46  130 0.72
  25   48 0.65
  95  148 0.00
 101  168 0.51
   1   19 0.57
  45   51 0.68
  56  108 0.20
  55   98 0.38
   9   12 0.43

