3 50 8
6    4  10  16  10   4   2

   7   19 0.38
  32   45 0.95
  25   39 0.10
  18   21 0.13
  42   43 0.72
  42   64 0.08
   3   16 0.06
  36   47 0.37
  15   34 0.34
  57   71 0.53
  21   31 0.35
  14   20 0.51
  53   53 0.33
  41   50 0.24
  13   27 0.80
  29   41 0.16
  41   54 0.22
   0   13 0.41
  17   30 0.68
  20   29 0.77
  29   39 0.70
  51   64 0.01
  20   36 0.86
   2   19 0.54
  39   47 0.59
  42   54 0.92
  63   70 0.60
  69   74 0.00
  64   72 0.42
  57   58 0.36
  26   31 0.42
  50   57 0.40
  64   66 0.57
  21   34 0.71
  41   55 0.16
  10   29 0.62
  58   79 0.15
  52   58 0.52
  51   60 0.61
  63   64 0.07
  32   51 0.33
  22   44 0.25
   0    8 0.26
  64   78 0.92
  29   38 0.84
  53   59 0.04
  36   39 0.99
  54   74 0.43
  26   40 0.93
  40   45 0.56

  38   46 0.24
  11   32 0.59
  38   52 0.16
  26   47 0.73
  41   57 0.59
   9   18 0.22
  46   59 0.09
  47   68 0.67
  53   55 0.17
  63   79 0.49
  70   86 0.95
  70   74 0.43
  40   51 0.94
  34   50 0.92
  55   65 0.86
  45   58 0.58
  41   50 0.21
  33   37 0.47
  55   68 0.86
  40   62 0.07
  24   26 0.43
  25   25 0.60
  47   62 0.09
  18   25 0.72
  31   33 0.23
  21   39 0.06
  18   18 0.74
  11   17 0.76
  50   64 0.54
   9   15 0.98
  36   56 0.30
  44   56 0.34
  38   56 0.48
  10   17 0.53
  25   31 0.27
   6   27 0.45
  49   70 0.16
  53   55 0.89
  22   31 0.67
  65   87 0.95
  62   80 0.39
   6   13 0.43
   9   24 0.87
  52   52 0.19
  66   66 0.35
   4    6 0.29
  37   41 0.29
  58   61 0.07
   8   22 0.81
  10   27 0.99

  16   23 0.19
  39   53 0.13
   5   22 0.92
  55   73 0.28
  60   63 0.28
   8   11 0.05
  17   31 0.41
  19   22 0.59
  31   35 0.38
  22   36 0.66
  69   84 0.50
  46   51 0.03
  32   40 0.69
  34   47 0.26
  34   39 0.88
  47   68 0.62
   1   18 0.80
  69   84 0.64
  28   28 0.98
  32   36 0.04
  37   56 0.22
  42   58 0.74
  53   60 0.83
  50   56 0.67
   2   15 0.78
  27   38 0.81
  42   49 0.52
  34   41 0.02
  21   22 0.58
  10   10 0.27
  64   78 0.70
  18   26 0.60
  10   24 0.05
  61   70 0.27
  29   31 0.51
  21   22 0.39
  41   42 0.63
  60   82 0.36
  12   34 0.77
  58   73 0.53
  56   67 0.02
  58   65 0.50
  62   69 0.59
  17   36 0.36
  16   24 0.58
  65   81 0.13
  49   53 0.71
  57   57 0.36
  25   26 0.09
  56   59 0.66

  65   65 0.16
  36   58 0.40
  25   38 0.64
  59   65 0.00
  29   50 0.21
  37   52 0.86
  14   21 0.25
  66   68 0.32
  36   44 0.66
  37   43 0.89
  59   64 0.93
  57   71 0.08
  62   71 0.73
  58   61 0.16
  18   20 0.24
  26   42 0.96
  53   67 0.93
  63   73 0.16
  25   41 0.63
  24   35 0.45
   5   15 0.10
  31   53 0.45
  65   78 0.81
  36   55 0.22
  18   29 0.80
  43   60 0.41
  49   63 0.18
  40   61 0.49
  46   47 0.77
  11   21 0.97
  68   81 0.76
  31   40 0.40
  23   30 0.76
  38   39 0.68
  22   43 0.98
  18   30 0.72
   2   13 0.72
  57   62 0.05
  25   38 0.02
   0   21 0.28
   1    8 0.28
  59   76 0.28
  61   61 0.22
  67   88 0.37
   2   12 0.97
  31   34 0.32
  39   49 0.48
  37   59 0.16
  20   22 0.93
  21   23 0.08

  14   19 0.14
  62   81 0.85
  31   32 0.69
  15   20 0.62
  11   28 0.15
  25   34 0.32
  63   70 0.54
  57   72 0.88
  26   30 0.39
  37   44 0.58
  28   44 0.35
  57   60 0.86
  47   56 0.27
   1   16 0.93
  69   76 0.14
  67   75 0.19
  62   78 0.29
  58   76 0.26
  27   35 0.73
  30   51 0.79
  29   30 0.15
  29   41 0.09
  54   67 0.91
  22   30 0.88
  36   55 0.10
   7   27 0.38
   1   17 0.92
  55   61 0.52
  46   50 0.05
  38   46 0.08
  41   59 0.88
  40   61 0.63
  41   53 0.78
  48   67 0.12
  26   46 0.98
  15   21 0.82
  40   48 0.68
  39   46 0.15
  28   37 0.44
  42   51 0.75
  46   55 0.58
  22   34 0.66
  10   16 0.57
   0   12 0.82
   2   15 0.07
  54   72 0.21
  10   28 0.39
  28   40 0.52
  38   44 0.76
  33   52 0.70

  62   79 0.75
  50   51 0.38
  40   48 0.54
  48   51 0.40
  60   68 0.07
  12   15 0.65
  34   44 0.27
  50   66 0.08
   3   13 0.58
  40   44 0.64
   5   13 0.47
  17   39 0.39
  45   46 0.17
  40   47 0.21
  34   53 0.25
  63   75 0.16
  37   50 0.88
   7   24 0.55
  31   47 0.28
  63   63 0.96
  16   36 0.50
   9   20 0.96
  30   46 0.84
  60   80 0.35
  45   61 0.98
  62   69 0.47
  25   32 0.45
  10   22 0.37
   0   11 0.87
  67   69 0.56
  54   62 0.90
  40   60 0.13
   0   17 0.79
   5   16 0.92
  18   22 0.69
  67   77 0.68
  46   56 0.55
  32   49 0.83
  62   75 0.54
  14   34 0.10
  66   72 0.16
   0    1 0.99
  29   31 0.18
  47   65 0.37
  52   72 0.49
  31   46 0.82
  61   65 0.97
   2    9 0.91
  51   66 0.84
  40   41 0.82

