5 30 4
6    4  10  16  16  16  10

  25   28 0.41
  16   19 0.45
  40   49 0.52
  27   41 0.85
  37   48 0.36
  25   50 0.34
  49   53 0.90
  39   41 0.42
   1   15 0.38
  33   49 0.71
  23   48 0.98
  45   71 0.89
   2   18 0.38
  39   45 0.71
  38   63 0.27
  13   29 0.05
   9   25 0.42
  29   55 0.65
  46   52 0.04
   1    4 0.85
  53   55 0.94
  27   30 0.13
   2   24 0.30
  14   36 0.99
  25   47 0.45
  25   41 0.94
  39   44 0.58
   5   10 0.47
  43   66 0.39
  14   32 0.03

  34   43 0.46
  19   25 0.50
  51   76 0.60
  39   59 0.15
  20   30 0.43
  41   45 0.24
   3    4 0.56
   9   24 0.37
  47   64 0.35
  15   22 0.43
   9   12 0.60
  31   32 0.41
  41   54 0.16
  41   56 0.49
   4   10 0.52
  53   66 0.32
  20   32 0.30
  44   44 0.88
  21   34 0.69
  47   71 0.63
  16   42 0.21
  14   34 0.08
  33   45 0.81
  36   45 0.30
  37   48 0.89
  13   37 0.09
  17   36 0.69
  13   36 0.50
  32   42 0.21
   2   21 0.31

   3   10 0.71
  36   61 0.51
  20   46 0.54
   4   28 0.34
  39   58 0.41
  22   27 0.26
  43   62 0.04
   0   16 0.94
   4   14 0.13
   2    2 0.36
  38   40 0.99
  42   57 0.06
  34   49 0.93
   4   20 0.28
  23   31 0.12
  52   71 0.67
   3   13 0.77
  33   50 0.83
  20   27 0.73
  28   54 0.00
   3   17 0.74
  35   52 0.72
  10   29 0.01
  10   27 0.39
  35   54 0.58
  28   50 0.09
  39   64 0.07
   7   33 0.27
  19   34 0.50
  47   70 0.71

  32   53 0.63
  52   75 0.61
  28   45 0.47
  49   59 0.30
  36   36 0.22
   7   18 0.80
  23   43 0.40
  34   48 0.97
   8   16 0.74
  28   51 0.60
   9   27 0.11
  14   31 0.63
  21   30 0.21
   1   22 0.16
   7   27 0.95
  11   34 0.18
  29   51 0.81
  35   45 0.71
  27   32 0.53
   5   13 0.71
  23   48 0.92
  31   40 0.08
  12   12 0.50
  20   26 0.51
  19   29 0.37
  39   54 0.82
  40   44 0.07
  27   36 0.28
  45   57 0.92
   5    5 0.16

  27   42 0.94
  52   78 0.31
  27   53 0.49
  37   54 0.56
  13   31 0.69
  12   20 0.77
   9   10 0.67
   7    8 0.18
  40   62 0.90
  39   39 0.88
   5   12 0.03
  16   25 0.98
  30   46 0.46
  25   34 0.36
   8   13 0.74
  27   45 0.21
  13   21 0.92
   4   28 0.30
  49   55 0.31
  24   41 0.04
  41   47 0.76
  25   28 0.00
  34   46 0.89
   5    5 0.82
  48   55 0.31
  48   72 0.57
  22   26 0.09
  36   40 0.53
  10   23 0.38
  10   11 0.78

  41   56 0.79
   6   23 0.03
  11   27 0.19
   5   15 0.02
  16   29 0.70
  24   48 0.14
  41   64 0.95
  43   61 0.58
  34   51 0.72
   4   20 0.12
  40   64 0.61
  48   71 0.92
  13   39 0.95
  52   73 0.63
   3   19 0.02
  42   49 0.25
  53   65 0.61
  29   46 0.93
   6   27 0.22
  48   67 0.25
  16   21 0.59
  45   70 0.20
  52   71 0.66
  37   39 0.59
  27   27 0.97
  21   27 0.12
  27   33 0.58
  45   54 0.56
  53   55 0.40
   6   30 0.44

