5 20 4
12   10   4   4   4   4   4  16  10  16   2   2  10

  43   47 0.33
  27   60 0.25
   1   17 0.32
  21   54 0.38
  37   50 0.82
  23   46 0.87
  25   49 0.42
  62   77 0.19
  12   42 0.93
  37   61 0.23
  60   63 0.51
  16   55 0.98
  22   60 0.98
  33   75 0.65
   4   23 0.46
  14   19 0.61
  41   71 0.54
  21   60 0.51
  51   51 0.39
  47   78 0.28

  23   61 0.82
  29   70 0.91
  12   19 0.62
  47   63 0.36
  28   69 0.53
  23   56 0.80
  47   83 0.27
  27   68 0.73
  22   64 0.38
  15   29 0.03
  57   76 0.69
  24   33 0.31
   4   23 0.15
  41   72 0.92
  28   55 0.42
  53   53 0.55
   2   38 0.92
  16   18 0.59
  59   96 0.59
  50   86 0.45

   4   11 0.19
  29   67 0.69
   9   33 0.85
  16   30 0.44
  18   44 0.58
  11   43 0.18
  34   72 0.23
  26   59 0.60
   3    4 0.50
  26   29 0.88
  42   69 0.89
  51   64 0.76
  61   86 0.07
   2   31 0.00
  37   52 0.72
  33   44 0.21
  44   54 0.56
  26   38 0.63
  23   62 0.48
  26   33 0.73

   2   33 0.21
   8   37 0.68
  30   40 0.23
  14   17 0.92
  46   73 0.95
  43   65 0.05
  13   34 0.70
  52   67 0.03
  31   44 0.19
   6   38 0.35
  10   24 0.37
  24   24 0.70
  59   80 0.77
  47   73 0.15
  42   60 0.38
  37   73 0.44
  28   62 0.02
  57   68 0.13
  11   41 0.71
  46   64 0.64

  11   36 0.08
  30   49 0.43
  51   60 0.77
   3   16 0.75
  63  100 0.38
  48   54 0.05
  40   42 0.08
  50   72 0.67
  24   35 0.56
   1   26 0.30
  16   25 0.40
  26   56 0.03
  23   61 0.68
  17   49 0.80
  10   21 0.87
  55   91 0.25
  33   39 0.53
  55   84 0.35
  12   33 0.12
  42   79 0.98

  52   70 0.11
  19   33 0.32
  63   78 0.76
   8   25 0.96
  41   69 0.20
  51   81 0.00
  24   60 0.11
  38   75 0.61
  44   55 0.01
   3   21 0.03
  56   96 0.18
  35   67 0.92
  55   63 0.60
  58   61 0.95
   7   15 0.19
  53   89 0.08
  22   34 0.45
   1    2 0.03
  13   23 0.96
  55   64 0.52

  22   34 0.71
  38   42 0.12
  17   18 0.44
  51   52 0.33
  15   20 0.90
   2   13 0.26
  54   56 0.02
  44   78 0.69
  21   24 0.73
  40   66 0.07
  18   30 0.36
  47   88 0.84
  58   83 0.64
  14   21 0.30
  17   42 0.68
  26   66 0.41
   6   10 0.38
  63   66 0.49
  11   23 0.48
  44   47 0.78

  57   78 0.44
   2   36 0.39
  33   61 0.20
  14   40 0.08
   1   12 0.43
   4   36 0.44
  29   42 0.43
  34   57 0.45
  56   56 0.23
  13   35 0.58
  11   11 0.29
  11   49 0.27
  32   33 0.95
  33   38 0.58
  19   52 0.08
  60  102 0.64
  33   66 0.55
  52   86 0.54
  25   37 0.40
   5   27 0.10

   2    4 0.76
  19   41 0.60
  23   43 0.58
  26   38 0.62
  39   66 0.31
  16   39 0.72
  57   81 0.04
  38   66 0.92
  11   47 0.89
  45   61 0.98
  58   62 0.37
  15   36 0.09
  61   86 0.10
  12   50 0.38
  61   99 0.92
  10   23 0.44
  32   58 0.28
  22   25 0.03
  46   52 0.52
  34   40 0.17

  30   59 0.77
  42   82 0.97
  27   48 0.95
   4   23 0.47
  45   79 0.20
   8   38 0.63
  13   54 0.63
  15   50 0.84
   5   29 0.83
  62   90 0.50
  44   67 0.65
  26   66 0.35
  32   46 0.85
  18   40 0.47
  18   53 0.73
   5   42 0.54
  52   55 0.47
  48   71 0.38
  47   89 0.34
   3    9 0.40

  46   66 0.01
  21   25 0.34
  29   66 0.82
  39   60 0.21
  47   51 0.59
  60  102 0.48
   5   46 0.79
  46   60 0.12
  12   47 0.91
   8   30 0.00
  50   74 0.63
  13   52 0.08
   0   22 0.77
  50   56 0.49
  52   92 0.06
  60  102 0.82
  53   72 0.76
  53   84 0.72
  56   56 0.47
   2   44 0.42

  51   91 0.47
  56   60 0.91
  38   61 0.01
   2   12 0.72
  40   67 0.61
  60   75 0.72
  60   63 0.18
   6    6 0.78
  25   64 0.73
   6    9 0.37
  42   67 0.36
  10   17 0.91
  40   47 0.41
  13   36 0.61
  45   46 0.58
  11   39 0.38
   8   15 0.43
  39   44 0.16
  48   49 0.57
  17   45 0.60

