3 30 4
6    4  10   4   4   4   2

  28   56 0.41
  31   65 0.53
  42   53 0.78
  18   19 0.90
  18   46 0.43
  46   57 0.88
  39   55 0.22
  27   34 0.90
  38   49 0.57
  15   37 0.78
  16   17 0.50
  49   62 0.34
  27   56 0.42
  34   67 0.71
  37   60 0.60
  35   67 0.67
  38   58 0.83
  12   27 0.17
   1   22 0.66
  23   38 0.56
  35   50 0.10
   4   22 0.40
  48   73 0.48
  10   36 0.81
  33   36 0.93
  30   30 0.31
  14   33 0.39
   6   28 0.53
  17   24 0.63
  28   37 0.33

  40   70 0.45
  45   47 0.32
  13   22 0.51
   3   36 0.07
  21   24 0.95
  42   52 0.16
  42   63 0.56
  18   28 0.42
  20   50 0.38
  14   39 0.08
  49   73 0.38
  45   71 0.47
  26   34 0.53
   9   39 0.61
  42   63 0.64
  42   67 0.09
  19   30 0.22
   1    8 0.45
  19   49 0.89
  19   53 0.28
  48   65 0.56
  46   62 0.70
  35   36 0.59
  27   58 0.16
  40   62 0.63
   8   40 0.81
   5   36 0.52
  17   32 0.96
   0   28 0.03
  49   56 0.75

  32   53 0.27
  33   61 0.28
  39   68 0.26
  14   39 0.39
  23   50 0.12
  39   68 0.91
  10   24 0.11
   3   30 0.56
  37   56 0.67
  33   57 0.22
  28   56 0.00
   5   21 0.40
  25   27 0.15
  37   48 0.05
  38   62 0.74
  48   59 0.17
   7   30 0.97
  50   52 0.47
   5   12 0.57
   2   21 0.11
  20   44 0.46
  41   44 0.25
  31   64 0.09
  27   32 0.19
  19   33 0.09
   4   12 0.14
  47   80 0.95
  37   54 0.98
  24   50 0.40
  18   43 0.17

  39   68 0.40
  35   36 0.70
   0    1 0.11
  18   35 0.78
   3   12 0.57
  33   55 0.89
  33   66 0.63
  46   48 0.67
   4    9 0.76
  21   33 0.82
   4   14 0.96
  34   44 0.23
  51   58 0.70
   0    5 0.12
  32   65 0.04
  10   43 0.80
   3   29 0.86
  51   72 0.64
  41   49 0.09
  46   79 0.73
   5    8 0.81
  21   50 0.72
  18   41 0.21
   7   21 0.16
  33   50 0.63
  17   23 0.93
   2   23 0.89
  43   57 0.53
  32   49 0.29
  11   39 0.89

  37   56 0.57
  25   44 0.24
  33   55 0.59
  43   62 0.00
  38   45 0.06
   0    3 0.77
  40   70 0.68
  45   77 0.62
  32   38 0.72
  41   46 0.89
  46   46 0.13
  21   39 0.07
  34   46 0.41
  42   52 0.90
  36   67 0.62
  51   83 0.79
  34   62 0.90
  20   53 0.96
  46   75 0.99
  32   62 0.00
  41   57 0.21
  27   31 0.18
   1   21 0.74
  13   36 0.16
  19   50 0.55
  13   40 0.03
   0   31 0.28
  44   67 0.86
  25   54 0.71
   9   42 0.34

  16   48 0.14
  49   83 0.61
  49   71 0.70
  29   29 0.35
  20   35 0.45
  43   56 0.32
  17   30 0.21
  23   54 0.95
  22   28 0.49
  28   29 0.95
  35   63 0.76
  43   67 0.38
  23   52 0.49
  45   54 0.42
  19   38 0.89
  24   54 0.43
  25   53 0.86
   6   14 0.70
  30   37 0.53
  16   19 0.04
  43   65 0.35
   9   32 0.25
  25   39 0.29
   5   15 0.95
  10   32 0.68
  28   34 0.24
  33   48 0.80
  10   15 0.16
  22   33 0.86
  32   41 0.97

