3 40 8
6   16   2  16  16  10  10

   2   87 0.91
  25   77 0.48
  28   57 0.76
  28   96 0.89
  26   80 0.32
  23  106 0.38
  21   24 0.35
  11   89 0.00
   9   87 0.06
  21   51 0.10
   6   41 0.93
   0   64 0.93
  16   49 0.99
  13   90 0.86
   9   62 0.47
  20   33 0.63
  25   32 0.66
  23   38 0.19
  22   69 0.82
  17   93 0.37
   2   23 0.00
   4   54 0.43
   6   84 0.56
  26  112 0.08
  26   39 0.14
  15   62 0.40
  24  102 0.45
  12   78 0.25
  25   37 0.60
   2    9 0.22
  26   33 0.08
   0   26 0.32
  11   41 0.57
  27   30 0.27
  15   60 0.63
   5   42 0.30
  13   94 0.98
  28   59 0.60
  23   23 0.67
  18   34 0.86

  19   73 0.20
   8   73 0.04
  12   14 0.87
  10   73 0.79
  19   49 0.19
   0   47 0.92
  17   27 0.39
  21   74 0.05
  10   40 0.55
  14   66 0.18
   0   54 0.85
  13   61 0.01
   1   56 0.45
   3   79 0.78
  15   54 0.43
  13   52 0.15
  17   68 0.82
  27  109 0.08
  26   35 0.15
  17   25 0.65
  25   51 0.66
  13   85 0.72
  18   24 0.95
   0   25 0.58
   3   69 0.56
  22   56 0.79
  18   81 0.35
  22   46 0.74
  24   55 0.28
   0    4 0.51
  27   32 0.36
   1    3 0.52
   4   88 0.37
   1   19 0.60
  10   42 0.74
   2    3 0.50
  12   55 0.12
  17   82 0.01
  12   35 0.42
  28   65 0.21

   2   14 0.85
   4   86 0.49
  24   81 0.25
  22   70 0.73
  13   25 0.09
   2   18 0.34
   0   71 0.48
   0   56 0.25
  23   73 0.48
  11   24 0.15
  13   59 0.40
  21   23 0.18
  19   37 0.93
   0   45 0.72
  18   61 0.36
   1   20 0.33
  22  104 0.51
  26   58 0.11
  11   29 0.57
  21   90 0.39
  24  104 0.89
  28   35 0.26
  17   17 0.66
  26   37 0.41
  25   84 0.40
   3   63 0.00
  12   70 0.49
  23   37 0.84
   6   15 0.71
  23   87 0.59
  23   32 0.52
  27  111 0.65
   7   68 0.03
  13   69 0.49
  25   25 0.35
   8   43 0.01
  10   82 0.85
  21   87 0.97
   5   18 0.74
  26   61 0.55

   9   69 0.33
  28   74 0.29
  10   25 0.02
   3   13 0.50
  21   93 0.41
  27   52 0.58
   2   64 0.25
  15   96 0.41
   8   14 0.42
  17   89 0.61
   9   17 0.98
  11   50 0.09
  28   33 0.97
  28   82 0.76
   1   83 0.77
  15   64 0.46
  14   97 0.85
  14   18 0.34
  23   53 0.76
  13   53 0.96
  20   98 0.03
   4   55 0.59
  27  113 0.53
  12   38 0.20
  18   58 0.90
   8   36 0.54
   2   27 0.56
   0   49 0.05
  14   30 0.80
  10   75 0.68
  13   26 0.52
  17   75 0.77
  20   84 0.89
  14   42 0.10
  16  100 0.20
  11   65 0.61
   5   31 0.27
  23   66 0.46
   2   33 0.41
  16   49 0.55

   8   68 0.94
   1   71 0.91
  19   37 0.00
  14   53 0.02
   3   60 0.49
  17   53 0.78
  23   71 0.09
  21   57 0.14
   6   13 0.21
   1   85 0.40
   2   77 0.98
   6   17 0.03
   9   69 0.97
  21   42 0.72
   3   44 0.58
  11   57 0.15
  19   94 0.62
  26   38 0.88
  12   76 0.34
   3   84 0.74
   2   43 0.83
   3   72 0.59
   7   79 0.68
   5   62 0.13
  25   97 0.00
  24   26 0.14
  26   97 0.90
  13   55 0.17
  14   54 0.47
  14   73 0.96
   1   55 0.87
   8   16 0.66
  25  104 0.03
   5   25 0.26
   1   17 0.81
  26   58 0.44
  22   24 0.61
  17   78 0.12
  10   24 0.27
  16   83 0.77

  23   33 0.32
  10   34 0.52
  18   94 0.29
  20   91 0.91
  25   91 0.60
  17   30 0.48
  17   84 0.29
   9   41 0.00
   3   48 0.30
   2   34 0.42
  23   71 0.23
   9   41 0.35
  27   33 0.34
   1    6 0.26
   4   45 0.33
  22   52 0.41
   9   34 0.80
  11   29 0.88
  11   56 0.12
  11   14 0.24
   2   57 0.80
   8   82 0.12
   7   69 0.97
   6   15 0.51
  20   32 0.96
  18   61 0.18
  25   88 0.00
   0   31 0.95
   1   81 0.28
  10   58 0.42
  14   71 0.53
  11   18 0.92
  17   66 0.01
  25   62 0.67
   2    4 0.60
  18   62 0.19
  27   96 0.45
  23   78 0.45
  20   53 0.27
  25   86 0.82

