3 80 8
3    4  16   4

  54   72 0.58
  13   23 0.92
  56   61 0.15
  40   51 0.39
  33   34 0.53
  45   61 0.09
  55   60 0.59
  40   41 0.53
  44   59 0.43
  55   59 0.43
  17   28 0.12
  20   37 0.04
  41   54 0.19
  31   35 0.13
   2    5 0.05
   4    8 0.85
  32   38 0.98
  29   36 0.43
  58   72 0.57
  35   52 0.24
  37   49 0.96
  33   38 0.76
  50   65 0.83
  57   65 0.36
  14   28 0.08
  28   47 0.47
  38   53 0.94
  11   11 0.51
  41   58 0.63
  38   39 0.12
  43   51 0.38
  52   68 0.62
  24   35 0.60
  41   43 0.01
  48   51 0.35
  29   31 0.87
  11   16 0.85
  21   25 0.77
  17   19 0.20
  43   52 0.34
  30   42 0.33
   0    5 0.27
  51   62 0.00
  56   72 0.77
   4   19 0.28
  52   61 0.06
  41   51 0.80
  16   23 0.67
   7   26 0.39
   7   21 0.16
  23   42 0.91
  25   31 0.39
  13   20 0.99
  43   59 0.94
  36   36 0.50
  17   28 0.89
  19   33 0.64
  34   47 0.30
  45   55 0.39
   7   26 0.73
  33   35 0.57
  36   36 0.87
   4   14 0.74
  23   39 0.95
   2    8 0.43
  10   23 0.20
  25   36 0.53
   2    5 0.90
  20   30 0.10
  46   51 0.98
  40   45 0.40
  42   43 0.12
  58   67 0.55
  57   63 0.24
  35   51 0.31
  58   60 0.82
  20   28 0.82
  48   57 0.16
  14   23 0.34
  25   41 0.05

  31   32 0.26
  59   65 0.41
   8   20 0.04
  55   67 0.00
  30   45 0.75
  29   33 0.77
  36   51 0.75
   0   10 0.03
  20   25 0.80
  36   47 0.20
  13   23 0.68
  32   34 0.91
  55   63 0.26
  16   18 0.10
  54   71 0.17
  31   31 0.99
  33   35 0.99
   2   11 0.60
  13   19 0.22
  19   27 0.00
  38   49 0.86
  16   26 0.18
  53   67 0.08
  55   72 0.68
  49   54 0.03
   2    4 0.91
  10   28 0.56
  41   41 0.56
  30   37 0.79
  59   74 0.94
  40   52 0.60
  34   45 0.54
  19   28 0.61
  20   20 0.33
  34   46 0.83
  33   36 0.76
  46   54 0.35
  41   58 0.59
  29   34 0.90
  37   46 0.15
  48   48 0.78
  18   22 0.98
  20   20 0.49
  31   48 0.11
  27   33 0.68
   4   23 0.29
  54   69 0.83
  36   41 0.68
  13   20 0.12
  36   51 0.78
  58   74 0.30
  55   58 0.64
  23   32 0.15
   3    8 0.84
  18   31 0.03
  58   68 0.30
  11   12 0.94
  59   65 0.39
  46   54 0.56
  42   43 0.67
   2   15 0.93
  17   18 0.25
  19   35 0.29
  12   25 0.83
  37   40 0.78
  36   36 0.64
  56   71 0.45
  46   50 0.27
  22   31 0.67
  53   56 0.04
   8   24 0.74
  13   14 0.41
  38   41 0.72
  48   61 0.06
  57   71 0.80
  28   34 0.59
  33   47 0.65
  10   29 0.33
  11   17 0.69
  29   46 0.08

  14   21 0.58
   4   11 0.92
   4   18 0.92
  39   46 0.55
  40   47 0.04
  31   39 0.13
  34   41 0.42
   1    4 0.66
  20   28 0.08
  12   18 0.01
  54   62 0.46
  12   29 0.07
  24   29 0.06
  22   35 0.32
   8   15 0.34
  27   39 0.68
  51   61 0.60
  54   64 0.90
  23   36 0.09
  30   44 0.09
  14   21 0.98
   3    9 0.78
  59   68 0.27
   8   26 0.72
  15   32 0.69
  22   24 0.99
   8   22 0.86
  22   33 0.96
  37   37 0.63
   0   14 0.13
  57   61 0.91
  19   26 0.00
  19   30 0.02
   2   18 0.65
  45   63 0.25
  26   43 0.77
  41   55 0.69
   0    0 0.59
  25   35 0.68
  49   61 0.27
  59   70 0.09
  50   52 0.60
  15   20 0.36
   0    5 0.67
  47   51 0.36
  14   14 0.71
  42   49 0.11
  58   77 0.33
  26   32 0.19
  54   71 0.56
  34   44 0.56
   2    7 0.37
  34   35 0.98
   1   18 0.91
  29   41 0.94
  21   39 0.18
  11   13 0.97
   9   16 0.89
  26   44 0.02
  50   62 0.74
  38   51 0.88
  44   55 0.61
  53   64 0.76
  26   45 0.75
  42   60 0.98
  58   66 0.54
  43   53 0.80
  25   41 0.62
   6   12 0.30
  46   63 0.13
  20   23 0.99
  53   67 0.07
  18   36 0.90
  51   61 0.88
  59   70 0.38
  30   34 0.65
   9   26 0.13
  49   63 0.74
  45   56 0.15
  57   60 0.78

