3 20 4
12    4   4   4  10  10   2  16   2  20  16  16  10

  86  150 0.37
  66  104 0.93
  25   70 0.63
  59  123 0.46
  65   94 0.68
  28  110 0.10
  27  115 0.99
  43   60 0.84
  84  187 0.94
  19   92 0.68
  13   58 0.79
  27   50 0.86
  61   89 0.23
  65  167 0.18
  82  169 0.99
  47   73 0.71
  88  156 0.08
  37  132 0.62
  86   97 0.27
   9   58 0.32

  28  104 0.14
  70  198 0.41
  13  149 0.93
  26   33 0.99
  58   76 0.99
  58  187 0.66
  24  132 0.56
   5   56 0.25
  70  101 0.65
  59  157 0.35
   9   15 0.17
  90  184 0.47
  69  199 0.76
  12   23 0.13
  20   43 0.57
  57  125 0.57
  94  132 0.51
   9   77 0.26
  81  152 0.22
  52  169 0.86

  83  132 0.71
  27   72 0.18
  40   64 0.17
  27   97 0.23
  56  190 0.96
  68  159 0.27
  21  132 0.64
  38   46 0.82
  16   54 0.16
   5  119 0.39
  64  177 0.91
  36  143 0.81
  45   72 0.92
  87  169 0.26
  87  208 0.21
  32  136 0.71
  43  145 0.96
  36  117 0.80
  41  173 0.81
   8   25 0.66

  27  147 0.27
  68  156 0.27
  79  203 0.05
   8  122 0.78
   3   97 0.95
   5  136 0.21
  49   78 0.58
  68  139 0.05
  81   83 0.02
  76  174 0.89
  86  151 0.00
  91  184 0.64
  13  127 0.98
  26   59 0.94
   7   76 0.77
  61  174 0.22
  16   83 0.05
  21   40 0.68
   7  142 0.41
  82  115 0.27

  10   15 0.64
  88  155 0.15
  33  125 0.56
  90  226 0.78
  21   48 0.30
  23  112 0.77
  30   49 0.68
  18  143 0.70
  64  153 0.59
  23  132 0.52
  10   88 0.07
  83  155 0.70
  69  207 0.66
  29   57 0.19
  47   47 0.98
  23  155 0.39
  87  217 0.11
  13  133 0.44
  19  155 0.47
  24  138 0.95

  64   84 0.53
  47   47 0.42
  27   76 0.77
   9   26 0.79
  42   70 0.39
  51  188 0.36
  86  114 0.23
  27   80 0.40
  27   82 0.88
  37   47 0.94
  81  217 0.76
  13   76 0.90
  65  104 0.41
  71   94 0.79
  29   76 0.76
  74  207 0.73
  39   88 0.39
  55  170 0.67
  87  115 0.57
  77  118 0.13

  36  156 0.69
  88  199 0.25
  68  194 0.91
  62  163 0.53
   1   25 0.47
  55   73 0.48
   4   26 0.72
  83  176 0.50
  14   82 0.43
  94  160 0.30
  85  204 0.21
  17  132 0.85
  12   58 0.58
  77  205 0.26
  65   73 0.89
  46   49 0.97
   4  139 0.95
  15   61 0.63
  27  128 0.31
  50   51 0.54

  90   92 0.00
  74  150 0.56
  83  109 0.71
  76  107 0.95
  49   67 0.66
  83  209 0.66
  29  135 0.16
  70   81 0.01
  32  168 0.51
  15   29 0.35
  52  191 0.05
  32  104 0.57
  26  132 0.77
  10  147 0.96
  51  115 0.92
  23   99 0.55
  42  154 0.48
  30   46 0.82
  20   71 0.31
  60  190 0.71

  30  141 0.15
  19   55 0.72
  62   94 0.46
  92  103 0.25
   9  115 0.63
  60  146 0.45
  72  150 0.00
   0  132 0.28
  19  105 0.01
  29   59 0.12
  92  177 0.53
  54  134 0.66
  52  114 0.50
  20   63 0.43
  49   58 0.31
  56  178 0.38
  19  100 0.00
  85  198 0.65
  78  145 0.20
   4   61 0.94

  62  144 0.50
  59  189 0.54
  85  218 0.24
   2   19 0.92
   0   83 0.39
  23  162 0.09
   4   59 0.88
  92  120 0.72
  55  113 0.08
  60  134 0.56
   3   34 0.38
  14   67 0.03
  90  217 0.88
  91  163 0.50
  12  106 0.38
  93  178 0.89
  70  185 0.92
  30  102 0.38
  42  128 0.69
  40  139 0.18

  88  141 0.66
  87  209 0.34
  38   51 0.52
   8   57 0.34
  78  183 0.65
  12   29 0.35
  25  147 0.84
  10   69 0.60
   5  109 0.33
  11   25 0.07
  61  136 0.40
  93  210 0.68
  21  162 0.09
   6   65 0.95
  82  172 0.22
  43  112 0.92
  86  185 0.80
  84  101 0.55
  47   51 0.65
  94  104 0.60

   7   90 0.48
   8   76 0.03
  33  157 0.23
  30   62 0.88
  12   42 0.24
  69  193 0.19
  44  168 0.59
   1   71 0.75
  68   96 0.59
  64   98 0.09
  46  121 0.85
  76  102 0.93
  86  160 0.28
  89  205 0.30
  56  145 0.38
  52  163 0.08
  68  172 0.29
  18  118 0.51
  50  100 0.54
  53   86 0.03

