5 15 4
12    4  10  20  10  10  10   4   2  16  10   2   4

  32   52 0.91
   7   36 0.32
  16   43 0.65
  30   78 0.48
  31   38 0.14
   2   22 0.25
  25   57 0.77
   4   56 0.60
   6    8 0.47
  18   20 0.68
  27   54 0.46
  31   38 0.69
   5   19 0.86
  20   29 0.49
  27   49 0.00

   3   22 0.15
  29   29 0.38
  23   73 0.13
  37   85 0.04
  34   50 0.10
  27   73 0.06
  32   63 0.74
  13   59 0.74
  36   72 0.49
  10   56 0.57
  16   25 0.34
  19   25 0.23
  10   16 0.98
  16   31 0.45
  15   68 0.11

  22   66 0.22
  19   19 0.45
  34   71 0.35
  24   50 0.83
   5   23 0.29
  28   41 0.55
  12   22 0.28
  19   43 0.45
  16   44 0.56
  11   55 0.86
  30   36 0.22
   6   12 0.17
  17   70 0.07
   7   22 0.82
  17   73 0.31

  21   44 0.47
   6   44 0.60
  25   31 0.14
  18   41 0.69
  16   39 0.78
  19   70 0.22
  20   25 0.23
   0   10 0.86
   1   22 0.67
  13   32 0.63
  17   55 0.52
  16   41 0.31
   5   61 0.23
   9   50 0.40
  31   80 0.16

  11   48 0.77
  33   63 0.69
  35   66 0.84
  12   16 0.52
   6   27 0.76
   7   28 0.23
  14   30 0.39
  28   67 0.00
  28   47 0.10
  18   28 0.25
  37   45 0.59
  23   60 0.76
  35   60 0.53
  16   24 0.44
  18   46 0.78

  20   52 0.42
   1   20 0.57
  10   49 0.36
  21   39 0.45
  12   17 0.67
   4   56 0.22
  29   73 0.47
  30   63 0.77
  37   71 0.26
  30   58 0.17
  37   54 0.79
  11   20 0.77
   8   64 0.28
  37   69 0.76
   6   33 0.22

  25   25 0.04
  30   37 0.65
  37   37 0.64
  30   53 0.29
  26   62 0.59
  13   41 0.46
   0   47 0.67
  28   65 0.48
  15   65 0.85
  13   47 0.96
  11   59 0.89
   8   16 0.24
  19   70 0.13
  27   45 0.96
  22   50 0.18

  35   79 0.21
   1   18 0.16
  32   42 0.07
  16   68 0.42
  28   67 0.18
  35   91 0.65
  32   45 0.28
  37   37 0.44
  31   57 0.69
   2   30 0.25
  15   37 0.64
  12   56 0.33
  12   19 0.31
  26   34 0.46
   8   26 0.21

  26   57 0.84
  12   53 0.68
   3   56 0.50
  18   29 0.91
   4    9 0.65
   5    9 0.99
  16   53 0.44
   5    6 0.71
  20   52 0.51
   4   10 0.94
  13   46 0.56
   6   27 0.53
   7    9 0.64
  15   54 0.51
  22   71 0.92

  19   41 0.68
  23   79 0.19
   8   28 0.86
   5   34 0.01
  15   22 0.72
  29   39 0.65
   3   38 0.73
  21   47 0.74
  30   61 0.99
  27   75 0.36
  24   33 0.92
  14   53 0.53
   4   54 0.55
  26   65 0.66
  29   56 0.87

  30   31 0.84
  19   26 0.64
  17   58 0.99
  10   47 0.65
  24   60 0.76
  32   37 0.77
  24   40 0.12
  20   39 0.70
  25   77 0.15
   0   43 0.63
  24   36 0.56
  24   33 0.55
  33   70 0.68
  29   33 0.33
   8   45 0.72

  29   58 0.29
  29   72 0.42
  35   36 0.70
  37   69 0.11
  29   43 0.04
  29   80 0.13
  30   74 0.41
  17   70 0.42
  33   38 0.02
   8   25 0.37
  36   77 0.82
  16   18 0.89
  34   48 0.31
   2   48 0.75
   9   10 0.93

