5 25 4
12    2  10  20  16  10  10  10   2  16   4  16   4

  15   70 0.80
  33   53 0.63
   8   58 0.44
  21   56 0.82
  32   79 0.82
  18   74 0.49
   3   45 0.29
  16   20 0.81
   5   27 0.57
  19   66 0.52
  21   24 0.70
   3   69 0.11
  26   79 0.36
  23   67 0.69
   1   48 0.88
  26   71 0.56
  31   92 0.63
  31   86 0.40
  36   70 0.70
   9   23 0.77
  22   33 0.78
   8   64 0.42
  11   22 0.42
   2   62 0.66
  19   92 0.87

  17   85 0.27
  30   71 0.78
   8   31 0.55
   5   26 0.39
  32   88 0.70
   4   35 0.27
   7   16 0.63
  13   36 0.25
  21   55 0.86
  21   35 0.54
  29   34 0.91
  30   59 0.37
  21   51 0.87
  25   91 0.82
  30   77 0.67
   9    9 0.02
  21   21 0.32
  22   25 0.38
  21   26 0.43
  19   45 0.90
  13   84 0.63
  18   26 0.75
   1   57 0.27
  22   45 0.65
  10   66 0.82

  17   26 0.16
  34   72 0.62
   3   13 0.33
  26   81 0.47
  24   24 0.60
   4   22 0.27
  35   72 0.96
   1   44 0.78
   0   40 0.48
  21   53 0.05
  25   51 0.87
  14   18 0.46
   3   23 0.54
  34  103 0.06
  18   81 0.94
  33   98 0.14
   3   22 0.17
  25   40 0.14
  24   55 0.33
   4   75 0.53
  29   45 0.75
  18   83 0.77
  19   83 0.18
  26   51 0.72
   6   37 0.48

  33   56 0.38
  17   71 0.34
   2   11 0.14
   0   33 0.28
  10   30 0.50
  20   26 0.20
  20   31 0.13
   6   11 0.18
  14   31 0.44
  25   78 0.12
  32  103 0.87
  31   59 0.58
  27   36 0.37
  27   89 0.21
  13   41 0.80
  22   80 0.64
   3   73 0.67
  27   69 0.54
   2   18 0.31
  32   88 0.27
   4   40 0.35
   2   49 0.33
  29   58 0.66
   4   34 0.61
  30   89 0.79

  18   52 0.44
  27   53 0.18
  28   46 0.96
  16   76 0.89
  20   46 0.57
   0   43 0.78
  32   76 0.73
  24   27 0.25
  28   70 0.09
   3   21 0.91
  23   96 0.62
  22   95 0.67
  17   71 0.65
  27   56 0.40
  16   50 0.98
  23   30 0.89
   8   46 0.59
   3   74 0.63
  28   95 0.92
  24   92 0.16
   6   32 0.56
  12   58 0.76
  32   83 0.80
  29   69 0.86
   6   19 0.62

  29   71 0.33
  15   16 0.85
   9   32 0.91
  19   39 0.38
   7   28 0.66
  22   52 0.06
  16   49 0.86
  23   40 0.53
  30   46 0.07
  10   17 0.08
  19   32 0.70
  18   63 0.91
  10   17 0.62
  26   50 0.80
  35   60 0.36
   1   61 0.90
  12   43 0.73
  10   59 0.06
  21   58 0.16
  28   50 0.55
  15   69 0.68
  24   67 0.10
  32   62 0.01
  35   44 0.22
  23   87 0.23

  20   49 0.65
  35   93 0.77
  29   87 0.19
   4    6 0.07
  17   26 0.42
  21   47 0.80
   0   36 0.74
  11   30 0.09
  13   24 0.49
  36   58 0.02
   4   13 0.23
  14   63 0.36
   2   11 0.36
  34   88 0.79
  24   46 0.73
   0   55 0.59
  22   84 0.21
  26   91 0.76
   5   18 0.13
  26   28 0.34
   2   33 0.63
  28   50 0.44
  32   45 0.21
  22   33 0.25
  18   47 0.37

  26   63 0.52
  21   44 0.34
  21   36 0.01
  35   39 0.67
   3   38 0.94
  31   57 0.17
  36   70 0.62
   9   16 0.26
  10   76 0.54
  29   63 0.10
   3    7 0.17
   8   26 0.91
  23   87 0.78
  17   88 0.51
  29  102 0.63
  17   72 0.47
  26   80 0.57
  35   47 0.26
  18   45 0.29
  34  105 0.62
   8   15 0.75
  17   50 0.22
   6   75 0.95
  12   25 0.85
  26   55 0.87

  11   16 0.34
  18   30 0.31
  17   27 0.44
  13   70 0.63
  11   62 0.19
  17   27 0.26
   5   69 0.36
  18   45 0.27
  16   83 0.31
  31   53 0.74
   9   76 0.13
  15   34 0.53
  15   87 0.65
  33   67 0.60
   8   31 0.35
  26   59 0.72
  12   35 0.83
   8   70 0.44
   1   26 0.31
   5   75 0.81
  12   85 0.63
  11   39 0.82
  32   68 0.55
   7   18 0.34
  26   68 0.34

  19   73 0.32
  33   63 0.25
  22   29 0.28
  23   67 0.23
  26   46 0.50
   6   69 0.69
  18   39 0.07
  28   98 0.86
  12   14 0.95
  31   40 0.40
  23   93 0.15
  22   24 0.34
  22   92 0.37
   6   35 0.38
  23   63 0.45
  24   71 0.29
  32   52 0.91
   9   27 0.15
  28   51 0.06
  11   69 0.90
  34   92 0.10
   2   74 0.60
  16   42 0.84
  26   67 0.16
  32   32 0.63

  20   32 0.61
   2   71 0.95
  13   77 0.45
  16   26 0.03
  32   62 0.93
   8   82 0.66
  31   51 0.60
  26   86 0.95
  35   63 0.25
  34   98 0.03
  20   44 0.00
   8   16 0.13
   7   81 0.81
  14   14 0.00
  12   77 0.54
  14   54 0.66
  34   39 0.99
  22   35 0.94
   5   36 0.57
  25   59 0.70
  36   44 0.50
  19   43 0.06
  19   75 0.60
   8    8 0.85
  22   78 0.75

  30   42 0.54
  19   63 0.50
  33   56 0.92
  31   99 0.53
  17   61 0.28
  16   38 0.01
  18   27 0.76
  16   59 0.07
  13   61 0.38
  16   24 0.69
   8   39 0.77
   7   63 0.88
  19   47 0.82
  12   73 0.95
   9   33 0.70
  35   38 0.90
   4   59 0.40
  26   73 0.82
  11   13 0.83
  24   26 0.08
   7   11 0.18
  16   74 0.41
  19   66 0.80
   4   14 0.93
  11   44 0.70

