5 30 4
6   16  10  10   4  10  10

   5   19 0.83
  18   40 0.17
  21   35 0.79
  13   71 0.82
   3   30 0.93
   3   24 0.21
   8   25 0.92
   8   67 0.00
  18   21 0.26
  17   46 0.43
   1   55 0.89
  11   76 0.11
   7   66 0.24
  14   50 0.03
  16   47 0.78
  10   19 0.68
   0   63 0.94
   6    6 0.34
  21   86 0.81
  16   78 0.00
   9   60 0.90
  13   44 0.37
  11   18 0.44
  14   67 0.14
  15   42 0.57
   7   69 0.05
  13   71 0.74
  14   22 0.41
  16   71 0.66
  19   37 0.45

  13   17 0.96
  18   83 0.77
   4   26 0.15
  13   24 0.15
  18   32 0.81
   2   31 0.22
  11   73 0.08
  12   67 0.23
   9   61 0.44
  13   42 0.21
  11   21 0.70
  16   60 0.97
  17   19 0.37
  15   77 0.94
  21   33 0.03
  14   14 0.20
  17   33 0.02
  18   58 0.53
  21   78 0.93
   0   60 0.24
   8   57 0.25
  13   45 0.44
  21   57 0.12
  17   82 0.04
  14   29 0.10
  13   55 0.61
  19   49 0.16
  20   77 0.58
   6   70 0.04
  11   53 0.24

  11   57 0.84
   4   53 0.23
  21   72 0.93
   2   44 0.19
   0   52 0.84
  12   20 0.18
   1   26 0.14
   2    3 0.13
  14   37 0.57
  15   79 0.65
  19   57 0.98
   3   17 0.52
  19   79 0.18
   6   66 0.43
   3   41 0.70
   7   10 0.07
  18   42 0.89
   4   55 0.52
   5   44 0.90
  18   63 0.35
   4   56 0.15
  17   31 0.81
  18   72 0.98
   8   46 0.28
   5   14 0.64
  16   24 0.10
  21   25 0.35
  19   65 0.47
  12   50 0.07
   1   34 0.94

  19   60 0.39
   3   12 0.53
  12   78 0.69
  21   60 0.66
   3   60 0.34
  16   28 0.59
   4   20 0.88
  17   82 0.96
   3   61 0.23
  20   45 0.80
   6   50 0.94
  15   25 0.10
  14   21 0.59
  17   28 0.51
  19   19 0.94
  19   42 0.78
  18   60 0.61
   8   14 0.70
   9   33 0.42
  21   36 0.08
  16   69 0.02
   8   35 0.58
  20   45 0.22
   7   35 0.79
  18   69 0.02
  19   63 0.48
  16   42 0.81
  15   61 0.95
  13   30 0.54
  14   22 0.43

   9   73 0.74
  10   27 0.63
  12   65 0.63
   3   11 0.40
  10   70 0.08
   6   70 0.18
  11   41 0.00
   5   30 0.39
  15   39 0.57
   4   56 0.23
   8   55 0.08
  21   37 0.87
  12   40 0.36
  14   49 0.42
  14   49 0.59
   0   36 0.36
   9   32 0.30
   9   41 0.76
   4   69 0.97
   2   39 0.83
   6   58 0.79
  21   37 0.26
   8   43 0.71
  19   49 0.61
  11   44 0.88
   8   17 0.93
  21   24 0.93
   5   59 0.44
  16   51 0.23
  20   23 0.88

  18   82 0.32
   9   33 0.19
  18   19 0.69
   6   41 0.23
  11   30 0.70
  19   35 0.05
  11   33 0.83
  13   46 0.71
  12   57 0.02
  10   48 0.28
  15   74 0.69
  20   68 0.43
   7   54 0.80
   7   22 0.14
  20   70 0.55
  17   70 0.97
  19   84 0.29
  12   14 0.55
   4   56 0.98
  20   82 0.76
   0   20 0.51
   4   69 0.21
   1   51 0.06
  11   33 0.25
   7   60 0.57
   3   51 0.09
  19   69 0.56
   6   14 0.35
  13   66 0.76
  14   22 0.32

