4 15 8
12   10   2   2   4   2   4  10  10  16  10  10  10

  25   31 0.84
   1    1 0.21
  16   17 0.23
   0    0 0.63
  17   17 0.41
  21   26 0.31
   2   10 0.43
  20   21 0.30
  20   26 0.64
  20   23 0.76
   4    5 0.14
   3    8 0.80
  15   20 0.67
   3    7 0.94
  27   29 0.95

   4    8 0.91
  23   31 0.65
  29   31 0.58
   7    9 0.13
  22   25 0.57
  30   32 0.79
   6   11 0.21
   6   12 0.37
   1    8 0.40
  22   23 0.98
  28   36 0.21
  28   34 0.88
   2    7 0.59
  17   25 0.78
   0    9 0.45

  18   20 0.42
  29   35 0.13
  28   34 0.62
  18   26 0.18
  12   19 0.42
   8   12 0.52
   2    4 0.16
  15   21 0.44
  10   10 0.88
   8   10 0.11
  28   32 0.30
   8   15 0.37
  22   27 0.11
  12   17 0.79
  21   25 0.22

   3    8 0.72
  18   26 0.95
  15   19 0.55
   8   15 0.26
  29   38 0.40
  28   29 0.74
   4    7 0.35
   4    6 0.51
  18   19 0.07
  14   22 0.73
   8   14 0.07
  15   20 0.39
  26   29 0.62
  11   13 0.14
  13   17 0.36

   7    7 0.33
   1    7 0.26
  13   18 0.28
   6    7 0.14
  19   25 0.25
  11   20 0.00
   1   10 0.23
   3    6 0.82
  14   19 0.87
  18   26 0.56
  21   29 0.28
  29   34 0.34
  26   34 0.40
  16   22 0.83
   1    5 0.80

  20   23 0.87
   9   10 0.91
  22   26 0.43
  22   27 0.04
   8   10 0.31
   8   14 0.04
   8   16 0.16
   8    8 0.84
  20   25 0.64
  13   13 0.20
  18   26 0.16
   1    2 0.41
  17   17 0.24
  13   15 0.32
   8   12 0.25

   2   11 0.27
   3    3 0.17
  11   14 0.42
   9   10 0.89
  29   38 0.63
  28   35 0.74
  28   31 0.09
  10   11 0.15
   8   14 0.48
  15   15 0.15
  14   23 0.51
  14   16 0.89
  14   21 0.65
   3    4 0.30
  19   20 0.89

  16   18 0.65
  29   31 0.99
  15   15 0.11
   8   13 0.18
  27   35 0.00
  12   12 0.08
  25   26 0.70
  23   31 0.64
  27   36 0.76
  23   28 0.59
  28   30 0.75
  21   27 0.16
   4    8 0.61
  19   20 0.80
  23   29 0.05

  16   25 0.48
  19   28 0.59
   0    5 0.19
  27   27 0.62
   8   12 0.30
  22   29 0.74
   5   10 0.56
  11   12 0.10
   4    5 0.38
   9   11 0.02
   8   14 0.62
  30   34 0.86
  29   36 0.71
  25   30 0.76
  25   29 0.09

   3    4 0.27
  28   32 0.94
   2    7 0.29
  16   24 0.41
  24   29 0.35
  17   23 0.48
  20   21 0.54
  20   25 0.01
   8   16 0.84
  15   20 0.89
   9    9 0.16
   4    8 0.38
   4    4 0.39
  21   26 0.41
  15   18 0.69

  23   23 0.44
  21   27 0.19
   4    8 0.15
  30   31 0.43
  11   18 0.77
  26   26 0.11
  15   18 0.59
  12   14 0.96
  29   32 0.23
  22   25 0.92
   8    8 0.25
  15   23 0.73
  11   18 0.41
  12   18 0.71
  24   31 0.15

  12   17 0.39
  20   25 0.22
   7   11 0.73
  29   32 0.58
  15   18 0.20
   4    5 0.42
  28   31 0.51
   5   11 0.59
   5   14 0.66
   6   12 0.88
  25   34 0.41
  23   24 0.84
  20   24 0.93
  15   23 0.63
  27   34 0.38

