5 60 4
3    2  10   2

   0    9 0.50
   3   10 0.30
   2    8 0.52
   5   10 0.56
   3   10 0.64
   5    7 0.97
   0    7 0.24
   8    9 0.25
   5    7 0.92
   6    6 0.18
   6   12 0.56
   8   11 0.47
   3   11 0.48
   5    8 0.57
   5   11 0.87
   5   10 0.61
   3    7 0.59
   1    5 0.14
   1    9 0.46
   8    9 0.02
   3    7 0.15
   2    6 0.19
   6   13 0.19
   6   13 0.56
   1    8 0.57
   8   12 0.56
   7    8 0.91
   6   10 0.69
   3   10 0.64
   8   15 0.85
   3    8 0.25
   2    9 0.54
   6   12 0.76
   2    4 0.88
   0    4 0.31
   5   12 0.57
   0    8 0.48
   9    9 0.56
   7    9 0.12
   8   14 0.15
   5    9 0.94
   0    9 0.09
   5   11 0.55
   5   13 0.67
   1    8 0.01
   7   15 0.93
   2   10 0.75
   9   11 0.92
   4    5 0.95
   1    9 0.38
   0    1 0.76
   7   11 0.09
   9   16 0.61
   0    3 0.54
   4    8 0.97
   7   16 0.54
   9   11 0.00
   0    3 0.68
   9   12 0.43
   6    6 0.34

   0    5 0.21
   5    5 0.48
   4    4 0.98
   9   17 0.11
   9   11 0.32
   9    9 0.12
   2    7 0.37
   3    7 0.69
   4    7 0.09
   7    7 0.28
   5    8 0.55
   1    7 0.11
   5    9 0.15
   2   11 0.84
   5    7 0.75
   7    8 0.03
   7   12 0.29
   8   14 0.76
   2   11 0.72
   5   13 0.11
   4   12 0.94
   1    3 0.41
   7   16 0.98
   0    2 0.91
   1    5 0.36
   7    7 0.82
   7   13 0.75
   3   11 0.01
   6   10 0.87
   8   10 0.48
   0    2 0.30
   2    2 0.27
   9   16 0.66
   8   13 0.22
   9   15 0.28
   1    3 0.09
   8   13 0.43
   6   14 0.24
   5    7 0.32
   9   18 0.67
   7    9 0.76
   6    8 0.62
   0    7 0.13
   4    7 0.04
   7    9 0.74
   7   10 0.84
   1    8 0.18
   2    4 0.71
   1    1 0.25
   1    9 0.96
   6    7 0.85
   0    2 0.33
   2   10 0.75
   6    6 0.19
   3   11 0.55
   3    8 0.75
   6   15 0.36
   8   10 0.76
   0    9 0.76
   4   10 0.82

   8   16 0.19
   7   16 0.66
   4    7 0.86
   0    3 0.96
   4    8 0.47
   2    9 0.68
   3   11 0.63
   7   13 0.37
   3    7 0.56
   0    1 0.66
   9   17 0.83
   2    2 0.67
   8   17 0.56
   2   11 0.50
   4   11 0.06
   8    9 0.38
   4    7 0.17
   4    8 0.41
   7   12 0.54
   4    7 0.55
   3    4 0.96
   3    4 0.19
   8   14 0.44
   8   16 0.94
   6   11 0.91
   9   17 0.36
   5   10 0.05
   6   15 0.61
   1   10 0.14
   8   16 0.16
   6    9 0.47
   8    9 0.67
   4   10 0.91
   1    1 0.84
   7   16 0.89
   2    9 0.66
   7    9 0.95
   1    6 0.94
   6    9 0.79
   1    9 0.77
   6   15 0.61
   2   11 0.84
   6    8 0.61
   1    4 0.53
   8    9 0.70
   6   12 0.64
   1    3 0.78
   9   18 0.45
   9   10 0.24
   3    5 0.83
   7   16 0.01
   3    6 0.80
   9   18 0.31
   4   13 0.58
   0    3 0.00
   4    4 0.86
   0    3 0.25
   4    6 0.44
   9   12 0.75
   3    3 0.18

