3 80 4
3    4   2   4

  40   43 0.61
   1    8 0.15
   5    5 0.54
  24   30 0.12
  38   40 0.54
  38   53 0.61
  31   46 0.88
  40   47 0.70
  45   49 0.16
  38   47 0.50
  45   47 0.84
   6    6 0.30
  33   44 0.96
  45   55 0.19
  34   49 0.02
   8   11 0.45
  41   56 0.82
  17   30 0.91
  12   19 0.21
  12   21 0.30
   0   11 0.70
  12   14 0.82
  41   46 0.32
  48   58 0.44
  41   47 0.65
  48   54 0.23
   3   10 0.00
  48   61 0.81
  35   38 0.86
  15   19 0.99
  19   28 0.90
  20   22 0.90
  28   39 0.88
  25   37 0.27
   8   16 0.70
  42   55 0.17
   8   17 0.78
  29   31 0.14
  14   20 0.52
  32   37 0.44
  17   24 0.88
  42   52 0.47
  23   32 0.19
  46   59 0.87
  26   34 0.06
  26   28 0.52
  25   34 0.54
  23   25 0.32
  17   23 0.39
  31   31 0.64
   3   13 0.13
  13   19 0.01
  14   26 0.37
  30   43 0.89
  22   29 0.60
  47   59 0.54
  16   22 0.38
   4    5 0.53
   1    1 0.98
  42   45 0.04
  19   28 0.97
   4   19 0.62
  18   23 0.90
  10   17 0.37
  48   62 0.16
  34   37 0.27
  28   32 0.21
  34   40 0.69
  34   37 0.49
   2   13 0.62
   6    6 0.47
  24   24 0.01
  38   41 0.88
  39   43 0.75
  18   21 0.87
  17   20 0.38
  26   30 0.72
   1    7 0.43
  47   52 0.95
  46   50 0.04

  36   38 0.86
  46   48 0.29
  46   59 0.05
   6    7 0.08
  37   48 0.28
  48   58 0.31
  40   48 0.55
  39   45 0.03
   1   13 0.31
  23   23 0.05
  48   56 0.78
  37   51 0.61
  31   41 0.30
  48   50 0.66
  35   50 0.34
  42   54 0.89
  32   35 0.99
  34   40 0.83
   6   18 0.08
  21   31 0.05
   0    5 0.72
  25   27 0.29
  35   40 0.84
  23   24 0.69
  30   45 0.16
  39   54 0.49
  32   38 0.64
  47   56 0.67
  41   49 0.52
   1   15 0.78
  18   28 0.17
  23   25 0.26
  45   59 0.75
   9   19 0.26
  31   39 0.89
  16   19 0.59
  34   34 0.97
  17   17 0.73
   2   17 0.92
  40   42 0.35
  12   25 0.60
  17   29 0.79
  41   46 0.91
  23   28 0.59
  43   57 0.75
  31   36 0.59
  12   25 0.63
  31   39 0.77
  45   47 0.60
   0   11 0.72
  31   39 0.46
  22   22 0.05
  23   33 0.44
  42   57 0.23
  39   52 0.40
  26   40 0.39
  19   23 0.45
  37   39 0.58
  30   42 0.43
  39   46 0.69
  44   56 0.95
  48   50 0.03
  46   46 0.75
  17   20 0.60
  14   14 0.70
   9   11 0.32
  23   26 0.04
  30   33 0.38
  20   22 0.51
  13   22 0.34
  22   28 0.84
   6   14 0.22
  13   17 0.53
  14   27 0.84
  48   49 0.70
  24   24 0.16
  15   30 0.07
  37   37 0.46
   6   14 0.80
  28   32 0.59

  21   25 0.63
  36   47 0.05
   8    8 0.36
   4    4 0.61
   2   10 0.53
  36   45 0.41
  44   45 0.26
  25   27 0.64
   4   14 0.17
  20   27 0.25
  48   59 0.63
  42   47 0.18
  36   43 0.73
  16   26 0.82
  36   51 0.93
  34   49 0.58
  43   43 0.71
  19   19 0.58
  23   29 0.42
  33   42 0.44
  13   23 0.57
  24   35 0.86
  19   23 0.07
  24   39 0.96
  36   42 0.75
  25   36 0.95
   3    6 0.94
  38   46 0.26
  25   28 0.61
  26   36 0.50
  26   35 0.94
  18   25 0.53
  32   33 0.12
  46   59 0.26
  47   59 0.89
   8   10 0.76
  39   46 0.43
  19   28 0.98
  37   44 0.19
  40   42 0.25
  43   51 0.53
   9   13 0.78
   0   13 0.14
  15   27 0.32
  20   21 0.82
  28   41 0.61
  37   51 0.93
  11   25 0.74
  22   29 0.54
  33   46 0.21
  21   30 0.77
  20   34 0.19
  32   47 0.05
  19   34 0.54
  30   31 0.36
  22   37 0.53
  41   55 0.32
  17   30 0.88
  32   34 0.28
   1    5 0.66
  28   30 0.63
  46   59 0.79
   9   15 0.72
  25   34 0.40
  42   42 0.56
  14   25 0.56
  16   20 0.38
   7   22 0.95
  26   26 0.19
  10   17 0.62
  22   31 0.58
   9   17 0.64
   4   11 0.82
  20   22 0.81
  34   43 0.33
  28   31 0.08
   0    4 0.79
  21   25 0.78
  37   44 0.92
  35   44 0.50

