3 50 4
6   16   4  16  20  10  20

  17   60 0.15
  42   99 0.40
  81  161 0.52
 164  214 0.48
  61  118 0.59
  26   62 0.46
  65  132 0.77
  43  105 0.50
 142  152 0.69
  44  115 0.85
  37   92 0.83
  23   91 0.01
  69  113 0.67
 101  188 0.23
 176  213 0.07
 109  146 0.18
  16   18 0.72
  78  155 0.31
  41  102 0.48
  89  168 0.22
 145  164 0.09
 138  163 0.43
 171  187 0.95
 110  124 0.82
  17   89 0.19
 166  229 0.13
 107  116 0.20
 104  111 0.28
 178  184 0.95
  47   88 0.20
  39  126 0.32
  41   65 0.71
 107  116 0.49
 136  206 0.56
   1   67 0.22
 151  208 0.21
  25  106 0.29
 175  178 0.01
  60  137 0.02
 168  229 0.99
 105  138 0.78
  93  117 0.52
 153  186 0.95
  31   95 0.09
 132  140 0.56
  61   76 0.63
  96  112 0.80
 143  224 0.11
   1   39 0.75
  27   81 0.06

  17   38 0.26
  28   51 0.59
 121  180 0.93
  84  132 0.90
   8   12 0.36
  79   99 0.52
  74  143 0.61
  13   97 0.06
  77  138 0.51
 111  132 0.03
 169  171 0.60
 130  161 0.87
 159  223 0.16
 113  139 0.45
  54  119 0.05
 131  186 0.56
  75  143 0.42
  78  107 0.20
  60  133 0.15
 153  200 0.14
   6   83 0.77
 154  208 0.37
   8   39 0.82
 117  163 0.08
 150  233 0.59
  15   89 0.98
  87   96 0.31
  23   82 0.31
 168  176 0.25
  18   20 0.47
   5   76 0.32
 132  133 0.85
  46   60 0.70
 161  185 0.07
 159  185 0.92
  78  129 0.91
  84  148 0.47
 119  194 0.04
  66   77 0.33
 124  186 0.36
  15   73 0.55
  85  140 0.23
 102  169 0.71
  43  108 0.34
 176  185 0.95
 154  157 0.78
 111  186 0.25
  99  128 0.59
  97  106 0.53
 157  228 0.94

  26   61 0.38
 161  220 0.45
  54   88 0.21
 155  170 0.85
 149  172 0.77
 148  202 0.70
  92  109 0.01
  80  166 0.83
  66   75 0.68
 149  173 0.43
  57  133 0.13
 146  151 0.72
  44   46 0.98
  29   34 0.58
 154  231 0.89
  13   77 0.25
  90  154 0.83
 141  155 0.58
 153  209 0.90
  82  153 0.79
  82  165 0.29
  11   47 0.79
  28   86 0.35
 107  189 0.00
 141  213 0.04
   6   58 0.14
 177  209 0.70
  36   74 0.87
  23   50 0.46
 157  163 0.30
  10   13 0.98
 129  196 0.19
   2   39 0.56
  15   28 0.26
 107  161 0.74
  81  164 0.71
  58  118 0.84
  32   75 0.41
  76  124 0.70
  95  180 0.78
 140  166 0.51
  47  103 0.52
  81  118 0.33
  16   81 0.36
  82  132 0.21
 126  155 0.39
  77  151 0.59
 122  142 0.71
 110  148 0.11
  29   72 0.76

  86  170 0.48
 161  178 0.26
  24   49 0.64
  93  128 0.31
   3   43 0.96
 165  225 0.78
  34   95 0.48
  54  112 0.46
 176  237 0.17
 170  170 0.96
 174  188 0.29
  84  159 0.59
 162  190 0.50
  57  127 0.63
 169  243 0.39
 172  235 0.90
   6   68 0.90
  49  123 0.03
 177  186 0.13
  48  122 0.09
  13   59 0.89
 157  236 0.53
  46   75 0.68
 126  155 0.45
 109  185 0.20
  47  114 0.72
  65  117 0.73
 136  221 0.92
  58  102 0.51
 176  248 0.27
 148  189 0.98
  18   59 0.60
  54   61 0.79
  35   95 0.12
 133  164 0.78
 110  172 0.41
  53  117 0.74
 145  200 0.25
  77  153 0.29
 131  179 0.86
 106  135 0.31
  55  136 0.09
  49   80 0.88
  66  101 0.88
  28   82 0.81
  13   40 0.26
  24  103 0.93
 158  175 0.40
  37  114 0.70
 163  189 0.69

 169  229 0.02
 141  149 0.51
  26   73 0.40
 120  147 0.77
 148  235 0.52
  74  159 0.47
 159  170 0.95
  90  139 0.56
  88  146 0.14
 175  220 0.67
  26  114 0.38
 172  260 0.74
  19   42 0.06
 136  141 0.34
 133  153 0.95
  60  111 0.12
  54   84 0.35
  34   58 0.44
 133  171 0.00
  22   70 0.40
 127  151 0.48
 150  211 0.62
   8   19 0.57
  75  143 0.10
 177  180 0.65
 141  163 0.76
 149  194 0.30
  43  129 0.31
  36   60 0.04
 175  187 0.16
  91  157 0.69
 177  206 0.96
  48   48 0.73
 122  171 0.94
  73  101 0.07
  88  136 0.46
 112  128 0.73
  41   49 0.20
 116  129 0.58
 168  232 0.43
  29  106 0.00
  27  106 0.38
  82  164 0.23
 149  222 0.52
 107  177 0.37
  22   53 0.54
 150  238 0.57
  56  111 0.77
 137  168 0.23
  62  134 0.29

  26   31 0.11
  21   98 0.85
  88  118 0.14
 165  207 0.71
  32  111 0.18
  71  139 0.91
 163  170 0.58
  35   44 0.08
  39   82 0.02
  44   47 0.03
   1   30 0.22
 164  210 0.27
 142  207 0.85
 160  195 0.29
 146  175 0.12
   4   74 0.22
 114  122 0.07
  53   69 0.51
  76  164 0.45
 120  161 0.94
  37   98 0.60
 129  210 0.99
 128  173 0.71
  77  149 0.61
  12   51 0.11
  78  141 0.60
 171  221 0.01
 128  134 0.49
  40   59 0.37
  38   38 0.40
 169  244 0.86
  45  125 0.39
  70  122 0.70
 102  124 0.78
  94  143 0.09
 147  230 0.44
  76   84 0.91
  75   93 0.23
 119  185 0.89
  55   78 0.47
  85  130 0.64
  27   49 0.22
 153  197 0.17
  46  120 0.20
  64  138 0.34
  26   77 0.89
  49   63 0.57
  46   53 0.67
 145  199 0.56
 117  123 0.10

