5 50 4
6   16   4  10  16   4  16

  25   95 0.33
  18   70 0.42
  23  130 0.52
  37  136 0.91
   0   32 0.12
  28  136 0.76
  28  144 0.23
  39   58 0.87
  40   95 0.30
  33   70 0.64
   6   81 0.31
   2   62 0.34
  18  135 0.52
   5    9 0.88
  32  124 0.90
  32  110 0.53
  17   72 0.32
  26  108 0.67
  39   44 0.48
  25  107 0.06
   8   29 0.75
  22   50 0.83
  31   83 0.59
  10   38 0.08
  16  118 0.05
   6   75 0.51
  36   48 0.98
  34   67 0.13
  40   82 0.46
   8   61 0.61
  15   65 0.80
  10  118 0.70
   1   56 0.50
  12  116 0.40
  28  144 0.62
  10   22 0.06
   6   30 0.92
  19   95 0.79
  31  129 0.39
   6   24 0.06
  39   54 0.63
  34   37 0.68
  12   71 0.78
  20  107 0.60
  28   81 0.21
  40  135 0.51
  19  130 0.30
   7   72 0.49
  39  108 0.46
  13  109 0.17

  29   99 0.29
  18  110 0.73
  18   26 0.27
  16   37 0.46
  39   66 0.29
  35  136 0.69
   1  100 0.82
  16   45 0.01
  19  115 0.35
  26  109 0.03
  14  131 0.09
  16  114 0.24
  16   51 0.01
   7   70 0.47
  15   97 0.81
  20   58 0.87
   5  108 0.03
  32  120 0.16
  35  115 0.02
  38  141 0.22
  38   73 0.29
   4   98 0.32
   9   80 0.09
   7   97 0.77
  30  116 0.71
  34   69 0.23
  37   56 0.09
  10   39 0.15
  30   72 0.77
   7   99 0.54
  26  117 0.25
  11   88 0.91
  29   42 0.25
  10  117 0.20
   0    4 0.73
   9   42 0.61
  30  138 0.45
  37   70 0.62
  16   47 0.35
  17   33 0.25
  15   34 0.94
   5  100 0.07
  30  112 0.88
  15   96 0.87
   7   74 0.98
  33  140 0.93
  11   43 0.23
  23   69 0.75
  31   67 0.60
  15  111 0.33

  12  116 0.33
  37  128 0.55
  18   85 0.98
  15   49 0.77
  25  100 0.94
  32   64 0.50
  21   61 0.22
  36  108 0.33
  27  124 0.48
  31   57 0.16
  28   46 0.33
   7   44 0.63
  25   33 0.02
   9   95 0.14
  19   63 0.76
  10  107 0.27
  25  117 0.51
  35  115 0.55
   0   62 0.49
  11   93 0.09
  25   48 0.11
  17   91 0.31
  32  133 0.90
  36  101 0.92
  33  134 0.73
  25   63 0.12
  21  103 0.19
  40  158 0.04
  30   57 0.78
  22  125 0.31
  11   12 0.37
  16   28 0.11
  22   88 0.05
  30  152 0.52
   3   80 0.49
  16   88 0.49
   8   44 0.24
  39   46 0.08
  25  114 0.54
  30   54 0.76
  23   63 0.58
  20   83 0.75
  29  149 0.98
   7   29 0.05
  33  127 0.22
  19  106 0.17
  26  148 0.80
  36  122 0.57
  26  105 0.27
  29  114 0.09

  36   98 0.06
  27   43 0.36
   5  100 0.00
  36   36 0.96
  38   77 0.92
  15  130 0.32
  14   46 0.50
  32   64 0.14
  23  103 0.17
  25  147 0.71
  36   37 0.95
  35   74 0.87
  19  117 0.49
   4   11 0.17
  21   95 0.63
   6   89 0.05
  25   40 0.87
  26   31 0.48
   6  111 0.38
  11  110 0.81
   5  102 0.11
   4  117 0.49
  21   77 0.83
   0   68 0.34
  35  132 0.71
   5   83 0.01
  36  157 0.31
  35  132 0.32
  30  151 0.06
  21  122 0.80
  38  141 0.56
  17   88 0.58
   3   79 0.90
  22   72 0.89
  36  122 0.00
  39  128 0.99
   0   87 0.83
  21   49 0.81
   7   99 0.90
  14  120 0.62
   8   33 0.72
  11   15 0.80
  12   41 0.27
   8   17 0.43
  16   67 0.96
  18  104 0.26
  23   30 0.73
   0    9 0.52
  23   64 0.47
  25  122 0.05

   6   11 0.55
   8   83 0.64
  11  127 0.51
  15   88 0.28
  10   87 0.96
  27   78 0.23
  16   97 0.17
  24  138 0.32
  24   50 0.55
  18   53 0.95
  18   22 0.49
   4   53 0.46
   2   78 0.17
  32   71 0.54
  38  126 0.01
  37   95 0.13
  12   31 0.13
  12   35 0.88
   1   46 0.28
  28   34 0.04
  40  161 0.92
   5   90 0.43
  15  112 0.31
  36   55 0.77
  18   25 0.65
  22  116 0.04
  24  135 0.91
  30  137 0.63
  33  109 0.60
   1   89 0.63
  20   30 0.99
  11   86 0.46
  23   61 0.33
  25  122 0.94
  36  127 0.44
  20  103 0.37
  25   49 0.51
  40   59 0.22
  13   88 0.32
  26   93 0.45
  29  132 0.88
  10   58 0.11
  20   65 0.47
  23   82 0.84
  40   86 0.80
  14   82 0.06
   9   34 0.39
  14   53 0.79
   6   90 0.86
   0  101 0.16

  36  110 0.07
   1    9 0.76
   6   80 0.46
  23   87 0.65
  13  110 0.07
  30  135 0.03
  17   81 0.44
  31   66 0.09
  11   94 0.02
  39  144 0.92
   0   66 0.04
  10   29 0.53
  19  109 0.72
  34   74 0.53
  37  119 0.03
   6   43 0.73
  20   49 0.82
  39  144 0.72
  39  119 0.01
   2   61 0.98
  38  133 0.79
   7    9 0.11
  28   77 0.04
  35   74 0.23
  15   56 0.20
   1   49 0.66
  16   66 0.72
  18  110 0.72
  34  131 0.38
  28   71 0.89
  11   54 0.71
  10   73 0.38
  28   60 0.51
  33  105 0.23
  14  106 0.95
  16   88 0.56
   6   65 0.79
  22   54 0.30
  21  122 0.38
  38  109 0.70
   5    7 0.04
  22   91 0.60
  13   87 0.46
  12  107 0.91
  23  116 0.36
  11  128 0.10
  30   83 0.05
  35  100 0.76
  36   64 0.66
  37  141 0.76

