4 50 4
6    2  16  10  16   2  10

  35  125 0.76
  39  167 0.15
  25   48 0.34
   0   74 0.45
   8   90 0.11
  33   49 0.83
   4  132 0.35
   7    9 0.28
  19  129 0.49
   7  100 0.79
   8   57 0.62
  21   22 0.77
  27   31 0.01
  25   58 0.32
  23  121 0.82
  32   92 0.29
   9  113 0.81
  42  163 0.58
  10   32 0.68
  27   29 0.75
   7   60 0.47
  17   79 0.26
  42   86 0.46
  25   48 0.33
  35  134 0.61
  29   69 0.77
  37   94 0.41
   4   29 0.87
   8  132 0.84
  40   61 0.79
   7   67 0.76
  40   90 0.76
  12  132 0.96
   1   97 0.27
   2   55 0.21
  13   47 0.97
  10  138 0.78
   3   41 0.99
   6  120 0.66
   8   74 0.43
  17  127 0.70
  30  130 0.47
  33  131 0.70
  41  100 0.87
  27  103 0.34
  22   62 0.49
  28   77 0.78
  32   44 0.88
  42  109 0.63
  33   57 0.24

  17   40 0.45
  18   98 0.16
  38   89 0.95
  12  133 0.73
  17  129 0.07
  16   39 0.07
   4   13 0.34
  18   19 0.61
   2   93 0.66
  30   32 0.81
  42  135 0.69
  29   80 0.81
  11  116 0.21
  21   43 0.77
  35   92 0.01
   3    6 0.75
  42   72 0.86
  24   43 0.14
   3   79 0.64
  11   76 0.47
  26   43 0.46
   1   96 0.53
  25  116 0.46
  22  136 0.85
   4   98 0.43
  28   29 0.32
  27  102 0.69
  26  131 0.39
   7  118 0.37
  11   58 0.37
  32   49 0.49
  22   73 0.66
  38  122 0.60
  15   44 0.34
   9   96 0.42
  26   55 0.16
   5   44 0.53
   7   60 0.00
  24   58 0.94
  27  120 0.64
  20  127 0.87
  16   85 0.06
   8  122 0.20
  26   91 0.42
   2   19 0.53
  29   66 0.72
  35  132 0.30
   8   22 0.49
   3  104 0.25
   4   61 0.07

  22  145 0.34
  10   28 0.83
  33   34 0.63
  31  108 0.87
  34  154 0.84
  23   52 0.78
  25   93 0.27
  28   84 0.03
  12   80 0.45
  15   91 0.44
  35   54 0.31
  32  152 0.40
   0  101 0.27
  24   59 0.40
  15   84 0.49
  29  138 0.04
  10   78 0.44
  42  152 0.50
  24  152 0.83
  15   90 0.84
  37   70 0.53
  21   54 0.90
  17  103 0.05
   3   99 0.69
   3   72 0.16
  38   64 0.92
  18   68 0.07
  18  146 0.16
  37  151 0.20
  40  153 0.35
  36  110 0.46
   6  103 0.24
   5   81 0.03
  12   76 0.10
  16   91 0.61
   5   88 0.92
  31  137 0.61
   8   32 0.07
  11  116 0.43
  36   51 0.92
  14   30 0.20
  20   68 0.46
  27   52 0.24
  22   26 0.75
  13   61 0.87
  24   83 0.32
  40  146 0.20
  22   76 0.11
  12  106 0.43
   7   43 0.89

  32   49 0.23
   9   31 0.84
  35   98 0.50
  18   38 0.63
  27   79 0.90
  24  120 0.82
  37   88 0.90
  41   87 0.36
  32   50 0.41
  17   72 0.85
  21   89 0.42
   3  132 0.82
   4   59 0.94
  29   43 0.82
  34  136 0.32
  37   89 0.77
  32  119 0.45
  35   55 0.04
  15   66 0.52
   0  109 0.46
  31   62 0.84
  41  101 0.31
  24   76 0.27
   2  118 0.10
  17  107 0.37
  29   72 0.84
  13  103 0.46
  20  148 0.16
  16   36 0.21
  34   96 0.05
  26  145 0.56
  18   39 0.15
  16  117 0.52
  35   55 0.79
  17  138 0.94
  11   67 0.74
  21   82 0.59
  21   88 0.62
  38   66 0.54
  27  118 0.94
   6  109 0.74
   4   34 0.76
  16   82 0.02
  31   82 0.30
  17   75 0.55
  19   68 0.00
  12  103 0.37
  35   56 0.76
  31   56 0.69
  17  119 0.12

  20   80 0.98
   0   58 0.31
   4   27 0.84
  18  109 0.53
  33   84 0.24
  26   47 0.44
  17   66 0.12
   7   67 0.18
  26   84 0.27
  24   36 0.02
  41   52 0.13
   7  130 0.77
  27  127 0.22
  12   50 0.61
  22  132 0.10
  42  169 0.01
  20   69 0.56
   2   85 0.40
  41  154 0.65
  11   45 0.92
  22   67 0.35
  38   55 0.98
   4   30 0.42
  37  106 0.71
   8   65 0.65
  11   99 0.51
  36   38 0.22
   5   94 0.02
  22   53 0.77
  14   99 0.11
  38   73 0.54
   0  100 0.91
   6  129 0.02
  15   65 0.28
   6  136 0.85
  27   51 0.29
   1   23 0.47
  36  162 0.99
  20   53 0.87
  27   45 0.90
   0  114 0.80
  16   70 0.56
  24  133 0.90
   7   43 0.16
  31   87 0.27
  18   26 0.03
   0  102 0.57
  19   89 0.67
   1   60 0.45
  11  135 0.41

  20  117 0.71
   2   27 0.96
   7   27 0.09
   6   96 0.19
  31  144 0.45
  37   43 0.73
  30   91 0.33
  19  138 0.76
   3  107 0.99
   7   22 0.17
  21   47 0.61
  35  116 0.98
   5  108 0.41
  36   50 0.01
  13   49 0.74
  27   59 0.31
   3   82 0.01
  27  114 0.63
   6   42 0.80
  31   93 0.09
  41  124 0.20
  31  159 0.59
  11   53 0.21
  38   65 0.07
  23  108 0.57
   5  109 0.52
  16   25 0.71
   3   61 0.96
   2   69 0.45
  32  139 0.48
  11   67 0.96
  22   33 0.49
   5   56 0.76
  38   81 0.62
  19  119 0.05
   6   65 0.15
  32   78 0.35
   2  114 0.03
  35  130 0.74
  17   35 0.30
   8    8 0.59
  32  151 0.04
   7   23 0.84
   2  110 0.97
   4   42 0.25
  32   55 0.91
   5  100 0.79
  34   89 0.94
  30  154 0.90
  17   77 0.68

