3 80 8
3   20  10   2

  10   25 0.18
  49   57 0.82
  45   70 0.97
  22   40 0.34
  18   21 0.17
  33   53 0.97
   7    8 0.97
  50   63 0.32
  17   34 0.15
  18   19 0.69
  37   37 0.02
  47   69 0.05
  41   57 0.59
  11   17 0.44
  18   42 0.27
  14   27 0.12
  44   69 0.18
  32   47 0.61
  36   50 0.38
  23   48 0.47
  47   59 0.11
  24   32 0.81
   0   13 0.28
  38   58 0.38
  51   67 0.41
  34   44 0.63
   2    5 0.90
   7   32 0.96
  46   65 0.85
  47   50 0.15
  30   43 0.24
  33   37 0.12
  15   32 0.96
  34   45 0.75
  22   46 0.76
   1    2 0.86
  32   47 0.69
   5   12 0.18
  42   67 0.74
  39   52 0.13
  36   38 0.14
   0    0 0.82
  38   63 0.01
   9   23 0.95
  31   46 0.43
  32   40 0.27
  10   32 0.60
  28   41 0.32
  15   37 0.92
   7   26 0.25
  42   58 0.82
  17   38 0.08
  12   24 0.73
  46   60 0.38
  24   49 0.08
  40   65 0.36
  20   24 0.79
  11   14 0.23
  48   60 0.66
   2   14 0.14
  10   31 0.89
  42   61 0.93
  12   23 0.80
   3   14 0.63
  24   33 0.99
  51   64 0.01
  18   36 0.12
   5   30 0.28
  15   17 0.10
  30   50 0.41
  43   51 0.86
  18   21 0.77
  19   42 0.41
  27   35 0.30
  43   57 0.32
  48   49 0.19
  17   24 0.71
  50   58 0.82
  20   32 0.24
  32   52 0.92

  21   27 0.72
  16   17 0.55
  19   34 0.65
   4   18 0.83
  15   22 0.36
  19   42 0.43
   6   31 0.28
  41   45 0.76
  19   34 0.14
   8    9 0.90
  22   26 0.45
  33   51 0.33
   0   12 0.02
  10   12 0.61
  49   54 0.02
   1   24 0.74
  47   57 0.22
  40   47 0.05
  23   47 0.71
  52   72 0.66
  52   72 0.21
   1    4 0.44
  20   31 0.68
   1   18 0.39
  28   38 0.45
  34   46 0.10
   6   24 0.50
  12   30 0.75
  43   56 0.97
   8   18 0.70
   4   27 0.27
   9   12 0.36
  16   35 0.67
  35   49 0.70
  41   59 0.41
  36   39 0.05
   0    4 0.09
  38   51 0.93
  17   26 0.85
  46   51 0.77
   8   16 0.96
   0   18 0.17
  16   32 0.93
   4   24 0.61
  18   36 0.53
  39   61 0.52
  50   70 0.83
  44   57 0.13
   8   26 0.90
  52   68 0.14
  30   48 0.63
  41   59 0.59
  12   31 0.01
  46   64 0.35
  29   50 0.47
  46   49 0.19
   3   25 0.40
  50   73 0.65
   1   11 0.24
  19   42 0.48
  15   16 0.68
  45   64 0.26
  31   37 0.04
   1    1 0.20
  39   51 0.23
  17   31 0.07
   5   10 0.11
  35   51 0.95
  42   52 0.50
  52   74 0.44
  17   42 0.03
  40   40 0.01
  46   57 0.76
  45   58 0.39
  33   35 0.12
  18   21 0.98
  24   24 0.64
  17   36 0.94
  47   55 0.39
  17   41 0.88

   7   24 0.37
  34   56 0.73
  18   24 0.77
  21   36 0.23
  29   51 0.39
  12   15 0.59
   2   10 0.06
  25   41 0.16
  26   43 0.49
  42   43 0.56
   7   25 0.67
  43   64 0.83
  50   67 0.09
   8   30 0.75
   6    9 0.57
  50   56 0.04
  37   58 0.58
  26   41 0.18
  12   37 0.19
  28   52 0.00
  39   57 0.41
  46   58 0.55
  29   54 0.66
  17   39 0.79
   5    5 0.75
  22   24 0.08
  19   23 0.91
  26   28 0.64
  52   55 0.06
   0   22 0.82
   2   19 0.17
  36   46 0.79
  13   26 0.62
  22   23 0.73
  46   67 0.16
   0    2 0.66
  31   38 0.73
  26   49 0.87
  34   34 0.98
   1   14 0.00
   2    2 0.25
  52   63 0.59
  33   46 0.37
   6   10 0.83
  37   50 0.74
   7   10 0.48
  52   66 0.44
  19   42 0.56
   3   25 0.24
   0    1 0.34
   1   18 0.89
   8   18 0.23
  34   44 0.82
  35   43 0.19
  12   22 0.54
  19   42 0.87
  18   28 0.51
   1   16 0.22
  29   36 0.26
  30   30 0.43
  43   68 0.39
   7   32 0.45
  42   48 0.91
  41   61 0.42
  41   49 0.38
  43   68 0.23
  14   18 0.90
   5   19 0.57
   2   16 0.97
  39   47 0.97
  17   23 0.99
  49   71 0.82
   9   28 0.30
  20   41 0.29
  48   68 0.02
  33   36 0.39
  34   35 0.94
  18   31 0.39
  23   24 0.22
  17   25 0.84

