4 30 8
6    2   2  10  16   2  20

  24   37 0.70
  18   36 0.12
   2   20 0.38
  31   44 0.34
   5   18 0.91
  27   41 0.11
  30   36 0.08
  13   35 0.50
  34   45 0.50
  29   41 0.66
  12   22 0.64
  33   44 0.87
  26   44 0.93
  35   54 0.72
  23   24 0.74
   7   22 0.48
   9   29 0.35
  32   39 0.68
   9   21 0.00
  23   28 0.04
  24   42 0.50
   0   20 0.73
   2   18 0.19
  25   37 0.61
  11   20 0.64
  31   46 0.00
   2   15 0.70
  11   30 0.93
  10   24 0.61
  22   31 0.24

   6   14 0.67
   9   10 0.56
  14   18 0.92
  25   48 0.50
   6   10 0.32
  29   44 0.55
  34   46 0.47
  25   33 0.37
  17   30 0.44
   0    1 0.92
  22   34 0.72
  16   30 0.25
   4   18 0.94
  16   26 0.19
   3   14 0.14
   1    8 0.52
  12   16 0.30
  30   37 0.43
  12   32 0.87
  12   33 0.24
  23   33 0.53
  18   32 0.55
  15   16 0.32
  14   35 0.35
   2   23 0.62
   5   13 0.75
  19   21 0.62
  21   33 0.16
  13   16 0.47
  34   38 0.42

  29   51 0.98
  27   27 0.07
  22   39 0.08
  25   30 0.26
  25   44 0.20
  28   49 0.91
   5   24 0.71
  16   22 0.99
  18   35 0.40
  17   23 0.65
  24   32 0.67
  31   35 0.68
   9   12 0.21
  19   41 0.72
  31   43 0.63
  30   42 0.10
  30   46 0.66
  16   30 0.00
  26   26 0.62
   8   29 0.85
   7   30 0.78
   4    5 0.28
   6   29 0.15
  30   47 0.57
   6    8 0.99
  31   37 0.79
  25   28 0.03
  29   29 0.66
  26   47 0.13
   9   14 0.69

  13   29 0.05
  21   25 0.95
   5   12 0.80
  18   31 0.21
  31   54 0.38
  31   34 0.28
  35   35 0.75
   3   24 0.86
  21   43 0.13
  16   33 0.41
  30   34 0.63
   1    9 0.40
  13   19 0.05
  22   28 0.69
  13   36 0.80
  33   39 0.12
   7   12 0.69
  23   31 0.11
  30   40 0.78
  11   11 0.03
  17   39 0.76
  12   30 0.27
  23   28 0.91
  20   22 0.10
  12   34 0.29
   8   20 0.41
  32   37 0.51
  14   14 0.73
  22   38 0.00
  17   20 0.86

  26   26 0.49
  18   20 0.94
  31   42 0.50
  18   37 0.04
   3   18 0.20
   4   13 0.96
  21   32 0.73
   7   26 0.56
   2   22 0.41
   1    7 0.85
  32   46 0.60
   5    7 0.29
   5   26 0.87
  14   21 0.24
  25   33 0.11
  21   37 0.39
  12   28 0.31
   7   28 0.13
  21   22 0.86
  11   27 0.07
   7   22 0.21
   7   10 0.30
  20   33 0.66
  34   53 0.37
   8   29 0.79
   3   12 0.67
  22   35 0.83
  26   41 0.03
   2   12 0.69
   4   13 0.01

  35   48 0.32
  33   35 0.72
  21   41 0.65
  32   49 0.24
  15   20 0.56
   3   12 0.58
  30   30 0.52
   4   14 0.02
  24   28 0.90
   0   21 0.92
  22   38 0.37
  27   35 0.94
   7    9 0.51
  27   42 0.15
  23   27 0.37
  30   40 0.17
   7   12 0.27
  12   14 0.78
  21   27 0.86
   0    3 0.67
  24   39 0.60
  18   20 0.56
  30   46 0.52
   8   25 0.25
  32   46 0.54
  30   33 0.05
  12   29 0.93
  21   42 0.18
  32   37 0.04
  30   34 0.16

