4 30 8
6    2   4  16  16   4   2

  18   22 0.90
   9   29 0.61
  19   31 0.40
  10   21 0.68
  11   22 0.10
  13   23 0.83
   2   14 0.76
  17   27 0.10
  19   25 0.54
  10   17 0.12
   8   11 0.37
   6   31 0.79
  14   27 0.04
  10   23 0.46
   5   24 0.24
   9   20 0.29
  17   17 0.49
  15   44 0.53
  14   36 0.70
   1   22 0.88
  12   36 0.60
  14   23 0.17
   9   11 0.92
   1    5 0.99
   8   28 0.64
   9   12 0.90
  10   37 0.44
  10   23 0.26
   9   17 0.16
  12   22 0.09

   0   23 0.45
   4   13 0.59
   8   10 0.46
   7   22 0.40
   9   32 0.59
  19   37 0.50
   5   10 0.27
  18   36 0.11
   5   32 0.40
   5   23 0.19
  11   34 0.44
  17   17 0.93
  13   16 0.00
   9   28 0.16
   1   17 0.52
  14   26 0.89
   4   28 0.84
  14   24 0.83
   4   19 0.65
  12   21 0.03
  15   40 0.26
   9   12 0.57
   4   13 0.00
  13   31 0.76
  17   40 0.16
  12   28 0.14
   8   35 0.01
  14   20 0.69
   4   32 0.03
  19   28 0.04

  16   18 0.03
  13   34 0.66
   9   26 0.44
   3   23 0.23
  14   37 0.56
  12   20 0.18
   2   22 0.21
  17   36 0.98
   1   11 0.84
   5   13 0.36
  15   29 0.26
   0    6 0.56
   4   29 0.22
  10   37 0.19
   6   18 0.69
  19   41 0.36
  19   45 0.63
   2    4 0.27
   3   26 0.97
   9   25 0.74
   2   17 0.39
  15   16 0.46
   2   15 0.25
  10   28 0.02
   7   31 0.40
   1   30 0.57
  10   14 0.74
   5   16 0.02
   1   23 0.86
  19   20 0.92

   7   26 0.91
  11   21 0.44
   0   22 0.00
  18   39 0.27
  19   34 0.52
   7   34 0.28
   7   13 0.07
  15   30 0.85
  10   32 0.51
   3   13 0.92
  12   23 0.53
  13   14 0.62
   2    3 0.18
  10   14 0.17
  19   26 0.96
   6   26 0.33
   0   29 0.59
  10   34 0.95
  10   11 0.61
   5   33 0.08
  17   46 0.73
   5   12 0.28
  11   11 0.34
   8    8 0.27
   9   34 0.86
  18   44 0.33
   7   16 0.37
   7    8 0.26
   6   22 0.54
  14   20 0.59

  15   24 0.83
   9   23 0.10
  14   16 0.04
   4    6 0.12
  12   22 0.36
   2   15 0.22
   8   18 0.03
   0    3 0.52
  19   31 0.73
  13   14 0.43
   1    5 0.27
   8   22 0.30
   5   19 0.08
   3   27 0.24
   7   12 0.08
   7   23 0.34
   7   24 0.17
   0    7 0.62
  11   16 0.42
   0   19 0.66
   1    8 0.05
  12   31 0.12
   4   24 0.73
   5   21 0.40
  12   37 0.99
  17   39 0.38
   6   28 0.83
  15   26 0.42
   6   16 0.79
  15   41 0.84

   3   29 0.21
   9   16 0.51
  18   32 0.39
  12   38 0.56
   7   27 0.63
   4    9 0.60
   4   18 0.34
  13   14 0.08
   2   12 0.75
   2   22 0.43
  19   24 0.75
  10   23 0.38
   6   25 0.86
  18   22 0.34
   4   16 0.14
  14   16 0.16
  18   46 0.64
  11   28 0.08
   0   15 0.94
  13   34 0.75
  15   26 0.50
  15   17 0.80
   1   25 0.19
  18   23 0.10
  14   41 0.94
   7   28 0.11
  13   19 0.29
   7   27 0.79
   1   11 0.51
   8   14 0.39

