3 100 8
3    2  10  16

  42   88 0.29
  22  106 0.23
  31   90 0.21
  30   82 0.98
   6   87 0.57
  55   76 0.88
  55  115 0.53
   3    3 0.84
  10   52 0.12
  50   89 0.18
  34  102 0.30
  13   49 0.25
   0    7 0.96
   5   26 0.58
  52  109 0.42
  49   63 0.87
  35   87 0.29
  46   59 0.78
  28   96 0.09
  56   56 0.99
   0    4 0.02
   1   69 0.37
   5   11 0.10
  50  134 0.34
  46   59 0.00
  26   85 0.48
  19   73 0.05
  21   52 0.19
   9   78 0.26
  35   71 0.20
   8   54 0.62
  34   81 0.88
  18   65 0.33
  37   54 0.33
  43  105 0.84
  30   69 0.45
  12   24 0.30
   2   51 0.25
  23   97 0.81
   5   68 0.29
  23   58 0.87
  18   49 0.16
  27   70 0.72
  28  107 0.14
  52  120 0.55
  25   25 0.62
  20   63 0.26
  49   69 0.28
  14   31 0.61
  30   68 0.30
  40   59 0.94
  36   88 0.25
  44  113 0.42
  47   93 0.90
  17   44 0.15
  19   34 0.17
  22   35 0.24
  32  114 0.95
   9   77 0.44
  25   48 0.75
  14   21 0.86
  31  103 0.56
  17   64 0.07
  13   57 0.26
   7   41 0.62
  13   43 0.48
  43   44 0.81
  55  127 0.73
  29   90 0.59
  51  118 0.32
  56   85 0.77
   6   64 0.39
  11   16 0.27
  49   77 0.06
  37   66 0.86
  53  135 0.00
  39   63 0.78
  37   91 0.50
  36   53 0.02
  48   89 0.28
  14   66 0.16
  12   97 0.52
  20   63 0.52
  34   71 0.17
   6   33 0.60
  44   65 0.01
  22   82 0.13
  50   52 0.60
  56  113 0.79
  36   88 0.31
   3   43 0.07
  49  105 0.47
  48   62 0.51
  35   83 0.86
  32  103 0.46
  31   60 0.26
  53  101 0.47
   2   32 0.83
  50  132 0.19
  31  105 0.75

  57  142 0.94
  23  100 0.52
   3   49 0.58
  39  106 0.46
  31   38 0.38
  31   46 0.72
  24   33 0.11
  41   68 0.85
  32   55 0.27
  53   88 0.58
  54  126 0.51
  21   38 0.47
  34   41 0.48
  36   63 0.76
  24   88 0.32
   9   76 0.27
   6   26 0.06
  22   61 0.37
   3   72 0.03
  27   50 0.60
  14   51 0.07
  52   65 0.06
  26   45 0.57
   1   77 0.43
  37  104 0.61
   4   62 0.92
  57   57 0.68
  53  117 0.33
  44   82 0.64
  40   82 0.87
  46   74 0.87
  23   91 0.54
  48   62 0.48
  34   38 0.50
  48  128 0.35
  21   63 0.78
  52   81 0.02
   0    8 0.03
  27   38 0.72
  28   86 0.78
  48  114 0.21
  47   96 0.76
  16   36 0.96
  44   53 0.41
  42   87 0.52
  12   20 0.07
  17   56 0.98
  12   27 0.79
  49   60 0.83
  18   56 0.90
  56  114 0.46
   9   19 0.09
  28   43 0.26
  26   39 0.14
  10   70 0.11
  38   55 0.79
  28   74 0.49
  32  111 0.41
  31   97 0.53
  40   60 0.16
  28   92 0.92
  31   61 0.50
  29   65 0.92
   2    9 0.28
   7   23 0.85
  41   69 0.76
  13   80 0.89
  33   79 0.90
  14   16 0.05
  32   89 0.26
  39   45 0.05
  11   54 0.03
  43   47 0.72
  51  114 0.50
  27   59 0.83
  16   67 0.25
  40  104 0.28
   2   53 0.80
  27   85 0.61
  57  119 0.13
  33  107 0.19
  14   85 0.72
  24   31 0.37
  45  105 0.95
  25   43 0.94
  48   58 0.14
  12   41 0.28
   3   63 0.51
   9   37 0.69
  42   80 0.86
  47  103 0.52
   3   23 0.04
  21   29 0.57
  25   48 0.59
  14   96 0.87
  23   53 0.55
   8   79 0.66
   4   79 0.04
   3   38 0.32
  37   99 0.00

   9   29 0.78
  11   47 0.34
  10   74 0.33
  13   59 0.95
  37   91 0.12
  53   69 0.07
   2   25 0.60
   6    9 0.12
  57   99 0.20
  54   66 0.71
  52   88 0.86
   4   82 0.76
  26   66 0.70
  12   63 0.48
  30   59 0.05
   6   25 0.30
  22   87 0.09
  22   52 0.71
  51   79 0.89
  46  102 0.31
  24   54 0.35
  22   56 0.33
  17   67 0.78
   9   91 0.24
  10   44 0.54
  56  135 0.42
  28   88 0.76
  47   56 0.77
   1   13 0.69
  10   50 0.22
  43  128 0.39
  44   84 0.86
  39   72 0.52
  28  112 0.93
  27   32 0.56
  27   77 0.32
  49  105 0.01
  47  128 0.32
  20   88 0.12
  17   32 0.10
  41  111 0.44
  15   23 0.60
  41  121 0.16
  32   78 0.65
  41   44 0.76
  13   75 0.33
  12   76 0.09
  49  127 0.58
   7   93 0.78
   3   68 0.16
  47   99 0.53
  51   69 0.70
  12   43 0.49
  35   55 0.77
  14   64 0.46
   3   46 0.31
  14   82 0.19
  25   79 0.96
   1   51 0.10
  57   91 0.08
   1   45 0.36
  41   67 0.41
  40   72 0.86
   2   54 0.21
  20   26 0.73
  43   94 0.73
  18   80 0.95
   6   45 0.04
  43   90 0.55
  39   66 0.27
  26   37 0.15
  52  124 0.51
  24   26 0.92
   7   77 0.60
  21   61 0.44
  49   69 0.84
  34   53 0.41
  31   49 0.99
  11   78 0.42
  31   33 0.50
   4   11 0.13
  27   82 0.53
  50   73 0.65
  43   77 0.65
  23   32 0.41
  29   75 0.27
  35  107 0.69
  37   51 0.04
  28   63 0.97
  36   76 0.88
  56  136 0.57
   8   42 0.77
  24   97 0.93
  28  108 0.57
  51  104 0.83
  35   59 0.40
  20  100 0.92
  51  130 0.10
  40  111 0.50
  41   41 0.80

