4 100 8
3    4   4  16

  16   30 0.80
   8   19 0.80
   1    9 0.35
  14   14 0.54
   7   20 0.47
   3   15 0.97
   6   12 0.81
   7   10 0.60
   2    9 0.40
  14   29 0.69
   1    2 0.60
   9   24 0.58
   5   14 0.19
   7   24 0.75
  10   13 0.15
  10   23 0.29
  12   25 0.51
   4   12 0.81
  15   18 0.84
   9   14 0.02
  16   20 0.09
  14   20 0.12
   7   17 0.08
  11   11 0.33
   1    2 0.38
  12   29 0.25
  13   22 0.17
  16   25 0.52
   6   14 0.61
   3   16 0.78
  17   30 0.03
   0    9 0.47
   3   13 0.54
   5   10 0.81
  12   22 0.21
   6   15 0.72
   3   13 0.93
   9    9 0.56
  11   11 0.70
   1    2 0.38
   9   23 0.50
  11   17 0.18
  15   30 0.31
   7   23 0.54
   7    9 0.93
   6   13 0.90
   3   14 0.51
   0   16 0.03
   7   17 0.01
   9   11 0.46
  17   20 0.25
  16   17 0.80
   7   24 0.69
   5   22 0.62
   9   25 0.85
  16   18 0.50
  10   21 0.99
   1   18 0.21
   7   19 0.06
   9   10 0.02
  15   31 0.59
   9   13 0.71
  10   26 0.83
   6   15 0.94
  13   17 0.38
  17   31 0.60
   1    4 0.27
  12   14 0.07
   5   13 0.84
  15   30 0.04
  15   17 0.09
   7   23 0.27
   9   19 0.35
  15   16 0.00
   5    8 0.37
  15   21 0.16
   9   17 0.05
   4    8 0.32
   1   13 0.80
   0   13 0.50
   0   12 0.36
   7   13 0.33
   1    6 0.59
   4    9 0.41
   8   23 0.76
   7   13 0.41
   2   10 0.70
  15   25 0.53
  15   28 0.61
  15   17 0.73
  15   29 0.30
   2   19 0.09
   0   11 0.63
   9   11 0.63
  16   25 0.67
   0   10 0.46
   4   17 0.74
  17   23 0.01
  12   13 0.74
  17   30 0.44

  16   27 0.38
   2   14 0.21
   0   10 0.44
   6    8 0.35
  16   33 0.50
  16   17 0.61
   6   10 0.92
  15   17 0.56
   8   10 0.07
  15   28 0.17
   9   11 0.99
   0    0 0.37
   8   18 0.32
   1    5 0.98
  17   28 0.04
   6   15 0.97
   2    4 0.59
   3   14 0.46
  14   20 0.85
   7   15 0.15
  15   29 0.31
   3   16 0.14
   5   13 0.87
  10   13 0.95
   2    9 0.45
   2   12 0.67
  13   29 0.14
   6   18 0.90
  13   22 0.72
   5    9 0.28
   0   14 0.13
   8   20 0.58
   4   12 0.56
   1    9 0.79
  14   26 0.07
  15   16 0.01
  17   21 0.80
  11   23 0.23
  15   30 0.18
  11   11 0.01
  15   26 0.31
   7   13 0.53
   9   15 0.23
  11   22 0.32
  17   18 0.60
  14   20 0.02
   4    8 0.51
  15   17 0.77
   1    1 0.54
   4   15 0.55
   5   11 0.72
   3    9 0.76
   1    7 0.40
  15   16 0.18
  12   28 0.15
  13   22 0.25
  11   11 0.92
  17   26 0.49
  14   23 0.97
  15   30 0.79
   9   15 0.30
   8   21 0.38
  15   28 0.72
  13   17 0.99
   8   10 0.14
   0    4 0.74
   9   26 0.48
   2   11 0.98
  13   23 0.37
   3   10 0.80
  10   12 0.66
  13   17 0.63
   2   10 0.16
   7   11 0.36
   5   11 0.88
   4   14 0.41
  15   16 0.86
   0    9 0.75
  16   32 0.93
   8   14 0.93
   4   11 0.77
  14   31 0.46
   8   11 0.58
  17   27 0.07
   0    4 0.11
  11   28 0.03
   3   15 0.22
  10   17 0.90
   4   10 0.02
   5   15 0.03
   1    5 0.46
  12   18 0.28
   4    7 0.76
   4   16 0.69
   8   12 0.12
   3   10 0.67
  14   19 0.31
  13   13 0.58
   0   11 0.05
   1    9 0.29

  13   30 0.61
   0    8 0.70
   2    3 0.29
   6   10 0.67
   1    8 0.84
   4   18 0.54
   9   18 0.15
   5   13 0.25
  11   17 0.68
   1   15 0.30
  15   30 0.28
   3    9 0.00
  16   33 0.88
  17   27 0.81
   4   17 0.24
   6   16 0.12
  13   18 0.69
  16   20 0.24
  14   18 0.14
  13   18 0.52
   8   21 0.49
   1   15 0.11
   2   14 0.76
   4   11 0.54
   0   13 0.04
   3    9 0.66
  15   28 0.96
  10   22 0.47
   9   11 0.09
   1   16 0.75
   9   11 0.38
   7   16 0.31
   1   13 0.88
   1    3 0.36
  17   19 0.02
   5   17 0.89
  17   25 0.97
   1   16 0.19
   3   14 0.46
  11   11 0.19
  10   13 0.27
  10   13 0.48
  15   31 0.19
  12   27 0.43
  11   21 0.58
   2   13 0.18
   7   15 0.73
  17   24 0.61
  11   26 0.94
  12   26 0.76
   9   25 0.73
   8   23 0.63
   0    3 0.22
   4   20 0.15
   5   16 0.56
   1    2 0.73
  12   16 0.65
  12   24 0.50
  10   13 0.60
  13   15 0.07
   9   11 0.90
   2    6 0.57
   9   14 0.21
  15   15 0.08
   0    2 0.13
  13   24 0.25
   1   16 0.49
  12   26 0.20
  12   18 0.68
   5   11 0.67
   5    9 0.75
  10   26 0.20
   7   20 0.15
   9   18 0.19
  12   13 0.71
  17   28 0.77
  10   22 0.04
   3    5 0.68
  12   27 0.21
  14   19 0.87
  15   28 0.98
   9   15 0.33
  12   20 0.47
   1   18 0.20
   9   11 0.85
  13   13 0.78
   6   17 0.05
   9   18 0.96
   8   25 0.38
  11   28 0.79
   9   15 0.73
  15   20 0.58
  15   22 0.31
   6   20 0.96
  10   18 0.52
  17   21 0.59
   7   12 0.61
   3    6 0.99
  12   26 0.70
  15   23 0.65

