5 40 4
6    4  20  16  20  10  20

  35  168 0.67
  35  121 0.03
  42   77 0.32
  12  141 0.71
  28  153 0.08
  42  106 0.95
  18   85 0.31
   1   23 0.11
  33  135 0.84
  37  110 0.69
  43   55 0.60
  28   78 0.62
  11  111 0.49
  19   74 0.13
  42  176 0.22
  29   38 0.82
  28   45 0.49
  40  128 0.96
  37   45 0.65
  34   98 0.81
   0   53 0.18
   3   36 0.80
  10   68 0.35
   9   31 0.09
  31  143 0.50
  26   75 0.10
  43  166 0.98
  38   43 0.38
  18  145 0.24
  21  148 0.54
   1    4 0.85
  25  143 0.46
  39   80 0.97
  10   19 0.29
  13   13 0.32
  39   76 0.74
   3   19 0.62
  33  166 0.33
  12  115 0.69
  31  162 0.26

  36   39 0.06
  34  122 0.20
  16   41 0.35
  33  160 0.27
   5   43 0.59
   4  134 0.10
  23   32 0.40
  14  107 0.43
  14  107 0.34
   2  113 0.42
  12   98 0.74
   6  107 0.42
  13   22 0.75
  33   67 0.99
  34  114 0.14
  36  125 0.58
  24   50 0.62
  43  172 0.84
  35   60 0.18
  44   79 0.64
  16   62 0.75
  26  136 0.39
  37  125 0.19
  34   92 0.73
  19   92 0.47
   4  127 0.13
  35   68 0.90
  43  172 0.10
  36   82 0.95
  30   66 0.82
  37   93 0.42
  33   96 0.72
  43  134 0.97
  31  154 0.31
  15  135 0.01
  24   65 0.83
   5  107 0.01
  34  157 0.58
  32  112 0.61
  24  118 0.74

  32  123 0.22
  36   59 0.13
  28  159 0.65
  25  105 0.35
   8   11 0.42
   3   61 0.54
  40  140 0.84
  22   37 0.04
  29  129 0.26
  21  151 0.97
  16   27 0.48
  41   81 0.41
  20   75 0.78
  28   57 0.35
  36  161 0.47
  25  108 0.06
  36  115 0.19
  19   56 0.97
  21   79 0.15
  44  176 0.19
  25   89 0.82
  23  141 0.49
   4   36 0.35
   4   49 0.39
  18   89 0.05
  31  130 0.05
  23  126 0.38
   7   23 0.98
  11   18 0.31
  29  110 0.40
  44  123 0.11
   6   11 0.79
  36   62 0.77
  32  135 0.49
  41   78 0.92
   2  104 0.65
  22   91 0.67
   5   12 0.13
  13   77 0.58
  24  115 0.73

  43   86 0.04
  17   70 0.25
  44   88 0.33
  32   87 0.84
  22   90 0.41
   3   17 0.05
   0   45 0.69
  24   77 0.37
  40  156 0.47
   5   88 0.79
   6   22 0.50
  31  159 0.69
   2   79 0.07
  25  109 0.67
  38   67 0.84
  19   46 0.29
  28  136 0.38
  14  133 0.62
  39  134 0.57
   6   50 0.36
  39  110 0.82
   5   65 0.72
   1  117 0.98
  15  107 0.10
  25  121 0.27
  42  139 0.07
  19  106 0.15
  26  123 0.65
  29   46 0.70
  38  161 0.17
  30  151 0.92
   0   47 0.10
   0  115 0.46
  31   35 0.37
  21   55 0.53
  10   89 0.70
  30   89 0.52
  22  130 0.85
  15   37 0.68
  38  172 0.05

  13   22 0.14
   0  134 0.79
   9  132 0.00
  36   95 0.56
  27  107 0.26
   5    7 0.14
  11   13 0.05
  21   77 0.23
  29  107 0.24
  35   37 0.14
  19   81 0.03
  30   90 0.53
  22   69 0.56
  41  152 0.43
  11   92 0.15
  22   42 0.62
  10   67 0.21
  25   30 0.94
  35  135 0.91
  27   77 0.61
   6   33 0.79
  29  132 0.41
  41   49 0.29
  32   50 0.30
  14  122 0.30
   2   17 0.84
  23  125 0.51
  22  125 0.03
  13  123 0.67
  23   89 0.16
  36   83 0.77
  44  151 0.32
  18   77 0.31
   7   54 0.27
  29   29 0.72
  14  135 0.71
  20  114 0.71
  15   62 0.33
  30   40 0.28
  40   91 0.76

  17  138 0.19
   8   21 0.22
  25  136 0.19
  40  112 0.68
  40   95 0.02
  33   47 0.75
  32   65 0.33
  28  137 0.09
  13  120 0.29
  19   38 0.42
  44  154 0.76
  17   24 0.73
  29   84 0.94
   0   61 0.97
  20  150 0.58
  24   68 0.67
   3   14 0.87
  43   67 0.39
  39   83 0.03
  35   66 0.51
  17  150 0.55
  40  171 0.73
  27   98 0.43
  44  124 0.76
  20   48 0.68
  43  147 0.85
  27   83 0.72
   3    5 0.67
   8  117 0.82
  31   53 0.04
  30   98 0.36
  20  132 0.30
   2   86 0.68
  17   54 0.69
  37  131 0.82
  27  120 0.62
   4   33 0.04
   9  127 0.99
   8   29 0.78
   0   40 0.01

