3 60 4
3   10   4  10

  44   47 0.44
  17   28 0.00
  56   80 0.90
  20   26 0.77
  39   55 0.84
  36   47 0.74
  17   38 0.26
  59   75 0.94
   0   13 0.87
  57   86 0.71
  17   19 0.81
  31   31 0.39
  35   41 0.46
  48   61 0.77
  40   60 0.49
  59   65 0.14
  40   56 0.43
  22   24 0.05
  18   30 0.11
  22   27 0.60
  37   57 0.62
  40   67 0.10
   0   24 0.06
  37   42 0.39
  31   46 0.28
  51   58 0.20
   2    4 0.35
  24   52 0.39
   9   37 0.50
  14   35 0.86
  41   53 0.13
   2   18 0.11
  59   80 0.90
  53   62 0.25
  46   55 0.96
  56   76 0.32
  46   71 0.91
   5   25 0.39
  43   45 0.74
  23   51 0.82
  28   33 0.18
   4   14 0.35
  21   24 0.30
  57   62 0.77
  54   61 0.78
  27   53 0.99
  14   39 0.95
  35   51 0.68
  48   60 0.68
  34   35 0.32
  32   54 0.03
  45   48 0.20
  17   30 0.02
  43   53 0.23
  13   14 0.29
  21   49 0.48
  22   35 0.26
  49   76 0.00
  33   40 0.80
  31   32 0.38

  28   35 0.73
  14   14 0.67
  17   23 0.77
  53   80 0.30
   2    8 0.17
  15   28 0.91
  46   67 0.15
  27   43 0.44
   4   17 0.59
  48   75 0.31
  38   47 0.98
  29   52 0.82
  25   53 0.13
  28   35 0.50
   1   28 0.81
  40   59 0.06
  55   61 0.60
  18   19 0.33
  10   23 0.95
  26   48 0.58
  28   34 0.52
  48   61 0.55
  12   17 0.24
  33   53 0.82
  27   28 0.47
  47   71 0.08
  39   61 0.23
  38   42 0.15
  56   69 0.03
  16   24 0.83
   4   20 0.03
  11   27 0.93
   0   29 0.27
  58   69 0.37
  56   83 0.96
  30   59 0.68
   1   15 0.86
  12   41 0.46
  11   32 0.51
  51   70 0.46
   5   12 0.35
   0   17 0.11
  57   63 0.85
  52   80 0.00
  25   33 0.55
   0   13 0.31
  16   24 0.71
  50   66 0.76
  16   23 0.56
  48   48 0.14
  10   30 0.21
  55   56 0.38
  40   65 0.80
  13   19 0.74
  57   66 0.41
  27   50 0.83
   9   33 0.49
  25   26 0.81
  22   47 0.18
  52   78 0.90

  24   45 0.24
  55   65 0.24
  54   81 0.54
  50   70 0.72
  49   60 0.27
  44   60 0.06
  22   38 0.64
  46   47 0.77
  48   54 0.40
  47   65 0.36
  30   40 0.72
  37   46 0.47
  57   60 0.72
  45   67 0.50
   9   37 0.36
  19   31 0.99
  27   35 0.48
  24   28 0.67
  11   16 0.24
  48   49 0.06
  51   69 0.62
   9   21 0.24
  52   66 0.21
  16   37 0.58
  33   55 0.58
   4   25 0.87
  19   32 0.19
   7   28 0.33
  49   63 0.26
  36   49 0.41
  13   40 0.84
  15   40 0.14
   6   33 0.68
  46   54 0.72
  16   41 0.71
  33   37 0.82
  27   43 0.58
  14   35 0.28
  50   79 0.17
  12   20 0.65
  32   56 0.44
  28   36 0.76
  11   13 0.38
  12   17 0.58
   4    7 0.92
  52   80 0.73
  30   48 0.95
  27   34 0.31
  55   68 0.49
   5   17 0.05
  50   70 0.95
  38   58 0.24
  26   41 0.18
  22   37 0.92
  52   56 0.55
  19   24 0.89
  21   22 0.41
  45   55 0.55
  19   33 0.51
  32   48 0.50

