3 50 8
6   20  10  10   4   4  10

  32   36 0.69
  11   16 0.25
  54   75 0.82
  47   58 0.65
  10   30 0.71
  30   50 0.77
   3   10 0.27
  31   32 0.49
  30   46 0.32
  36   49 0.42
  64   88 0.64
  16   23 0.48
  56   81 0.35
  56   65 0.72
  84   90 0.84
  13   37 0.72
  82   85 0.69
  30   56 0.52
  23   23 0.47
  47   61 0.04
  69   79 0.06
  65   78 0.65
  85   88 0.14
  78   96 0.12
  68   96 0.49
  30   49 0.81
   1   22 0.84
  31   48 0.91
   4    7 0.99
  22   37 0.72
  83  108 0.98
  31   51 0.75
  36   48 0.05
  25   33 0.41
   5   16 0.77
  87   97 0.77
  18   23 0.08
  75   88 0.82
  19   33 0.40
  59   60 0.30
   8   29 0.09
   5   23 0.21
  48   48 0.52
  45   47 0.81
  39   39 0.62
  13   17 0.55
  63   78 0.64
  21   47 0.37
  79   95 0.60
   7   27 0.24

  65   76 0.59
   5    9 0.06
  32   45 0.81
  41   59 0.63
  35   52 0.24
   3   15 0.44
  42   69 0.68
  48   58 0.92
  27   28 0.08
  89   99 0.48
  54   79 0.95
  23   51 0.23
  14   37 0.58
  39   60 0.02
  60   81 0.08
  79   94 0.59
  37   59 0.92
  57   72 0.46
  31   44 0.92
  75   98 0.55
   2   24 0.61
  43   64 0.62
   2   24 0.68
  24   45 0.04
  43   58 0.86
  26   28 0.84
  79   94 0.97
  44   64 0.04
  75  102 0.25
  57   62 0.76
  10   24 0.50
  40   47 0.25
  83   98 0.91
  55   74 0.36
  53   75 0.11
  51   53 0.33
  56   78 0.01
  44   72 0.19
  57   71 0.16
  37   66 0.25
  47   52 0.58
   2   11 0.91
  15   43 0.43
  87  100 0.32
  23   42 0.75
  85   86 0.51
  41   47 0.83
  49   76 0.06
  83  102 0.92
  79  102 0.88

  52   72 0.45
  78   87 0.97
  88   98 0.81
  32   55 0.94
  24   37 0.52
  61   67 0.10
  83   94 0.35
   4   29 0.70
  56   85 0.44
  29   38 0.03
  57   76 0.64
  48   52 0.21
  45   46 0.70
  74   75 0.12
  21   40 0.56
   1    7 0.08
  32   41 0.18
  31   60 0.80
  62   76 0.95
  63   66 0.62
  39   67 0.17
  20   22 0.14
  35   58 0.35
  19   26 0.09
  13   28 0.30
   2   17 0.00
   6   29 0.22
  85  104 0.10
  74   80 0.20
  45   59 0.98
  39   67 0.40
  49   71 0.47
  74   85 0.65
  76   78 0.14
  44   55 0.37
  81  105 0.54
  77   98 0.65
  16   23 0.48
  80  103 0.30
  53   57 0.42
  83   91 0.46
   0    9 0.05
  31   44 0.97
   9   24 0.84
  25   49 0.10
  81   92 0.56
  13   30 0.34
   2    4 0.28
  49   59 0.08
  14   26 0.43

  31   46 0.35
  55   71 0.73
  81   87 0.88
  59   64 0.06
  42   67 0.07
  47   72 0.59
  79  108 0.58
  17   45 0.97
  11   27 0.87
  88  103 0.78
  65   73 0.04
   3   24 0.68
  81   95 0.65
  70   91 0.94
  85  106 0.22
   6   34 0.48
   1   26 0.20
  26   44 0.82
  69   69 0.66
  89  110 0.45
  50   69 0.08
  30   40 0.70
   9   28 0.25
   3   32 0.65
  80  103 0.51
   5   16 0.16
  16   17 0.13
  82  102 0.22
   0    9 0.04
   9   16 0.01
   3   29 0.52
   1   24 0.34
  37   66 0.36
  53   67 0.96
  63   92 0.99
  50   65 0.06
  45   54 0.05
  47   74 0.18
  54   57 0.66
  76   80 0.97
   1   15 0.40
  83  105 0.65
  76  102 0.76
  12   13 0.03
  86   87 0.63
  20   45 0.30
  53   70 0.30
   0   11 0.79
  57   83 0.68
   0   21 0.61

  76   97 0.09
  76   84 0.45
  82  109 0.33
  81   97 0.12
  38   41 0.04
  40   64 0.39
  32   44 0.07
  50   65 0.87
   6   33 0.51
  37   51 0.20
  87  106 0.75
   7   25 0.90
  18   41 0.65
  30   48 0.98
  55   59 0.23
  27   44 0.54
  69   77 0.48
  33   59 0.05
  50   55 0.62
   6    8 0.65
  36   58 0.98
  54   57 0.44
  86  100 0.36
  11   38 0.93
  12   39 0.66
  82   90 0.80
  21   31 0.93
  68   74 0.20
  32   46 0.04
  71   76 0.22
  47   48 0.30
  83   92 0.89
  48   52 0.33
  73   95 0.48
  56   75 0.68
  27   32 0.61
  60   83 0.51
  46   73 0.59
  34   56 0.92
   1   10 0.71
  52   77 0.16
  11   38 0.52
  80   83 0.27
   3   17 0.89
  74   86 0.05
  64   70 0.86
  33   53 0.43
  71   92 0.17
  52   58 0.53
  70   90 0.43

   8   13 0.73
  39   52 0.03
  21   37 0.10
  39   67 0.17
  22   43 0.77
   7   34 0.63
  85  114 0.00
  84  106 0.89
  13   38 0.16
  66   76 0.49
  48   70 0.40
  61   90 0.25
  48   59 0.12
  25   42 0.72
  52   68 0.38
  18   46 0.11
  43   61 0.77
  79  106 0.33
   1   11 0.06
  89  106 0.54
  65   68 0.15
  18   37 0.61
   6   33 0.92
  38   50 0.74
  81  105 0.99
  38   61 0.52
   0    8 0.67
  11   38 0.18
  13   31 0.22
  34   40 0.63
  58   86 0.28
  89   92 0.52
  18   41 0.35
   2    6 0.95
  82   94 0.94
  80  107 0.00
   6   27 0.80
  77  103 0.87
  69   83 0.20
  17   21 0.80
  17   40 0.87
  65   85 0.40
  47   69 0.70
  51   61 0.12
  54   70 0.62
  66   88 0.27
  23   41 0.80
  83   89 0.69
   8   28 0.89
  48   64 0.76

