5 40 4
6   16  10   4   2   4   4

  40   59 0.38
  17   27 0.24
  15   19 0.40
   6    7 0.11
  30   38 0.97
  47   63 0.10
  54   71 0.90
  16   27 0.45
   9   11 0.07
   9   16 0.99
  10   11 0.84
  50   63 0.00
   4   14 0.93
  22   39 0.96
  37   44 0.60
  39   45 0.36
   0   14 0.13
  55   63 0.09
   5   21 0.30
  58   74 0.28
  14   28 0.28
   4   18 0.80
  14   20 0.53
  29   46 0.65
  18   34 0.13
  11   22 0.82
  52   59 0.60
  34   45 0.25
  20   32 0.53
  19   37 0.13
  28   39 0.12
   4   16 0.98
  57   69 0.79
  11   27 0.24
  52   65 0.53
  11   29 0.75
  57   73 0.57
  12   20 0.41
  13   32 0.06
  39   52 0.91

  15   24 0.52
   8   14 0.21
  32   33 0.09
  11   19 0.94
  21   27 0.49
   3   14 0.64
  43   53 0.27
  56   65 0.84
   8   19 0.17
  22   35 0.31
  50   64 0.48
  27   39 0.48
  10   27 0.99
  10   10 0.78
  49   52 0.98
  20   36 0.52
   2    8 0.43
  54   58 0.66
  48   61 0.47
  15   19 0.29
   0    6 0.38
  41   45 0.23
   9   14 0.08
  57   72 0.54
  31   33 0.83
   2   20 0.74
  33   45 0.95
   2   16 0.61
  51   59 0.64
  49   53 0.81
  14   24 0.63
  40   46 0.82
  27   33 0.42
  42   57 0.19
  11   27 0.71
  53   55 0.67
  14   33 0.38
  39   54 0.51
   5   18 0.93
  13   19 0.67

  24   32 0.05
  23   29 0.87
  21   22 0.44
  43   47 0.65
  56   56 0.69
  16   17 0.34
  34   40 0.92
  36   37 0.44
   4    6 0.20
  33   44 0.89
  57   73 0.45
  36   52 0.38
   9   18 0.40
  13   20 0.41
  30   32 0.06
  28   47 0.66
  24   28 0.24
   6   11 0.58
   5   19 0.59
  40   43 0.73
   0    8 0.63
  38   46 0.99
   9   11 0.41
  39   57 0.46
   5   16 0.91
  39   42 0.46
  48   64 0.24
   4   10 0.96
  20   34 0.12
  33   45 0.13
   7   22 0.09
  10   18 0.37
  44   49 0.69
   0   13 0.78
  56   74 0.82
   5   17 0.73
  33   35 0.09
  30   48 0.39
  10   15 0.63
   3   17 0.34

  48   56 0.26
  30   44 0.41
  39   49 0.66
  54   64 0.33
  47   57 0.27
  15   20 0.66
  56   59 0.90
  12   17 0.32
  33   52 0.85
  44   61 0.97
  12   25 0.80
   1    6 0.26
  43   62 0.84
  48   64 0.10
  51   62 0.51
   7   25 0.38
  28   37 0.85
  59   77 0.29
  14   29 0.72
  23   23 0.05
  47   54 0.46
   9   21 0.95
  14   18 0.24
  26   33 0.81
  12   12 0.12
  51   68 0.11
  10   15 0.09
  42   55 0.11
  41   49 0.49
  53   55 0.05
  31   33 0.38
  22   33 0.39
  13   26 0.55
   7   22 0.86
  27   32 0.44
  12   31 0.13
  41   53 0.52
   7   15 0.51
  14   20 0.46
  30   38 0.53

   1   11 0.54
  26   36 0.82
  23   25 0.83
  16   23 0.50
  18   23 0.88
  41   57 0.18
  18   19 0.37
  36   49 0.76
  34   41 0.54
  38   38 0.97
   5   16 0.36
   2    7 0.61
   3   12 0.46
  59   72 0.92
  29   33 0.54
  53   56 0.08
  28   38 0.12
   7   12 0.94
  51   70 0.86
  22   24 0.94
   4   13 0.76
  55   58 0.61
  51   58 0.46
  40   58 0.42
  20   25 0.38
  47   47 0.82
  28   44 0.21
  51   56 0.81
  28   40 0.29
  33   39 0.03
  20   37 0.51
   1    5 0.20
  14   20 0.27
  33   33 0.73
  53   67 0.67
  26   39 0.47
  47   50 0.88
  34   41 0.15
  57   73 0.12
   7   18 0.38

  17   36 0.33
  28   37 0.12
  38   44 0.88
  55   63 0.78
   8   24 0.67
  35   44 0.21
   5   24 0.78
   0    5 0.27
  55   57 0.16
  48   66 0.40
  16   30 0.56
  52   55 0.83
   6   20 0.66
  53   72 0.58
  45   47 0.47
  42   59 0.54
  54   61 0.79
  14   21 0.99
  54   60 0.57
  59   69 0.24
  24   29 0.96
   9   14 0.50
  51   58 0.88
  19   20 0.55
  50   61 0.08
  37   51 0.99
  42   49 0.22
   3   14 0.02
  55   60 0.90
  44   58 0.78
  41   45 0.52
  52   64 0.97
  10   11 0.98
  34   50 0.13
   8   18 0.11
  15   32 0.78
  33   47 0.25
  38   51 0.84
  29   47 0.12
   7   15 0.71

