4 30 8
6    4  16  20   2  10  20

  12   23 0.32
  10   17 0.49
   3   14 0.16
  13   21 0.81
   0   31 0.82
  13   19 0.19
   1   14 0.78
   6   16 0.44
   3   30 0.74
   6   32 0.20
  11   12 0.05
   1   22 0.94
   4   15 0.72
   6   18 0.70
  12   13 0.68
  13   38 0.38
  15   39 0.31
   8   32 0.90
  10   14 0.52
   9   13 0.98
   9   37 0.85
  15   34 0.16
   4    6 0.74
   2   30 0.83
  10   10 0.84
  14   24 0.90
  11   23 0.07
  10   22 0.13
  15   17 0.98
   8   40 0.37

  14   33 0.84
  10   40 0.80
   0   22 0.31
  10   29 0.32
   9   27 0.42
  10   34 0.86
  14   33 0.73
   6   21 0.64
   0   21 0.04
  14   43 0.99
   1   17 0.21
   1   27 0.36
   7   10 0.15
   3   33 0.39
   0    5 0.57
   0    1 0.05
   5   28 0.14
  11   29 0.12
   2   27 0.54
  15   23 0.37
  10   32 0.54
   5   25 0.24
   4   34 0.11
   2   20 0.34
  14   33 0.12
   1    8 0.32
  11   18 0.38
  15   47 0.74
  11   12 0.01
   3   31 0.29

  11   43 0.02
  12   18 0.76
  12   21 0.37
   6   22 0.17
   8    9 0.88
   5    9 0.55
   8   38 0.60
   3   19 0.50
  12   44 0.26
   1   19 0.26
   9   41 0.01
   2    2 0.35
  10   10 0.37
   6   31 0.02
   1    8 0.68
   1   29 0.69
   2   26 0.62
  10   21 0.15
  15   47 0.29
   2   20 0.48
   5   33 0.24
  13   23 0.12
  13   44 0.65
  10   33 0.76
  11   17 0.84
   3   23 0.58
  13   22 0.33
   8   11 0.06
   2   17 0.37
   6   33 0.59

   5   33 0.62
   3   30 0.02
   9   19 0.97
  11   38 0.56
   8   31 0.64
   8   39 0.63
  12   35 0.56
   4   25 0.07
   6   24 0.90
   2   19 0.41
   2    7 0.88
   7   21 0.53
   5   19 0.12
  10   21 0.93
   5   30 0.85
  13   41 0.44
   1   10 0.38
   1   14 0.38
   1    8 0.86
  14   46 0.05
   2   24 0.21
  12   33 0.28
   0    7 0.92
  10   21 0.21
  12   26 0.28
   0   25 0.71
   5   23 0.57
  11   11 0.28
  12   25 0.77
  15   22 0.33

   7   29 0.24
  10   14 0.05
   1   22 0.68
   2    8 0.54
  15   29 0.40
   0   13 0.19
   8   15 0.20
   8   35 0.35
   5   36 0.50
  15   19 0.79
  12   22 0.27
  13   40 0.25
   7   35 0.91
  15   36 0.07
  13   24 0.79
  14   43 0.60
  10   17 0.30
  13   32 0.23
  15   47 0.11
  13   22 0.04
   6   15 0.74
   1   12 0.27
   5   28 0.22
   0    4 0.19
  12   19 0.06
   0   28 0.01
  15   28 0.91
   0   10 0.28
  10   24 0.73
   2   23 0.23

   2   13 0.81
  14   42 0.34
   2   28 0.80
   4   18 0.35
   6   36 0.77
   8   29 0.11
   7   17 0.70
   1    5 0.89
   5   19 0.12
  14   17 0.15
   9   14 0.55
  13   36 0.89
   1   27 0.09
  14   21 0.76
   3   11 0.80
   2   17 0.59
   6   15 0.97
   7   10 0.85
   2   29 0.99
  15   29 0.91
   2   27 0.09
  12   21 0.27
   7   11 0.57
  14   29 0.77
   2   16 0.89
   6   25 0.10
   0    9 0.20
   5   25 0.16
  14   43 0.74
   0   18 0.39

