5 30 4
6   20   2  10  16   2   2

   5    8 0.30
  13   23 0.97
  31   47 0.71
  24   34 0.59
  27   44 0.80
  20   26 0.56
   7   19 0.62
  10   16 0.86
  28   46 0.07
   5   23 0.71
   6   19 0.12
  18   20 0.99
   4   14 0.78
   4    5 0.65
   9   15 0.72
  16   32 0.23
  14   29 0.91
   2    7 0.42
  36   50 0.28
  17   23 0.53
  28   36 0.48
   4   20 0.00
  34   50 0.12
  12   24 0.46
  28   34 0.72
  26   33 0.34
  24   28 0.68
  31   36 0.77
   7   11 0.03
   5   18 0.48

  27   28 0.94
   7   14 0.92
  28   29 0.76
   9   18 0.19
  15   19 0.79
   4    4 0.72
  10   12 0.49
  25   36 0.97
  34   36 0.32
   0    3 0.09
   2   14 0.69
   4   20 0.32
   7   25 0.97
  37   39 0.33
  21   30 0.81
  36   52 0.94
  36   40 0.25
  18   19 0.49
   9   27 0.48
  33   34 0.83
  34   35 0.80
  18   24 0.58
   8   13 0.68
   5    5 0.63
  33   38 0.37
  23   23 0.50
   9   20 0.40
  34   44 0.98
  19   34 0.31
  32   40 0.94

   2    3 0.52
  27   43 0.53
   6    6 0.10
  26   36 0.46
  19   23 0.74
   3    6 0.58
  15   28 0.98
  13   27 0.65
  13   18 0.23
  36   49 0.87
  25   26 0.91
  28   36 0.20
  24   25 0.13
  29   35 0.95
   3   10 0.49
  29   41 0.49
   4   12 0.38
  13   19 0.17
  30   40 0.10
  26   26 0.94
  22   36 0.53
  12   25 0.25
   0    1 0.62
  12   17 0.22
  18   20 0.68
  20   32 0.85
  27   30 0.35
  11   17 0.74
  35   48 0.06
  16   32 0.36

  26   42 0.26
  36   42 0.00
  10   27 0.91
  18   27 0.28
   0   10 0.37
  13   30 0.06
  14   19 0.29
  37   45 0.09
  27   45 0.26
   3    5 0.75
  20   23 0.35
  35   40 0.92
  38   41 0.02
   5    7 0.14
  32   35 0.32
  17   21 0.70
  32   42 0.66
  32   41 0.80
  16   28 0.48
  29   47 0.38
   7   11 0.26
  35   40 0.35
  15   20 0.91
   9   13 0.64
  10   15 0.11
  21   23 0.83
  29   32 0.08
  27   40 0.43
  14   27 0.15
  10   18 0.56

   5    7 0.95
  28   40 0.36
  33   33 0.38
   1    3 0.45
   1   10 0.55
  38   38 0.97
   4    5 0.04
  14   17 0.12
   9   14 0.44
  11   12 0.29
  28   30 0.04
  29   44 0.05
  34   42 0.44
  10   22 0.29
  31   47 0.23
  25   35 0.39
   8   16 0.13
  12   15 0.55
  18   36 0.18
  16   18 0.93
  31   49 0.20
  36   42 0.37
  16   25 0.97
  24   26 0.06
   1   13 0.82
  24   42 0.52
   4   19 0.69
   0   10 0.48
  37   41 0.99
  27   32 0.89

  13   15 0.43
  28   29 0.54
  26   39 0.31
   7   25 0.44
  26   29 0.57
  21   37 0.84
  23   25 0.65
  10   20 0.28
  26   44 0.29
   3   12 0.18
   1   18 0.88
  22   22 0.02
   7    7 0.12
   9   21 0.64
   7   22 0.16
  21   22 0.26
   1    4 0.29
   9   22 0.96
  31   35 0.13
  23   40 0.79
  16   27 0.19
  26   27 0.60
  16   31 0.50
  27   35 0.69
  28   33 0.35
  32   50 0.26
  36   36 0.09
  27   38 0.68
  13   23 0.89
   7    8 0.26

