4 60 4
3   10  20   4

  27   86 0.53
  20   41 0.20
   7   32 0.70
  25   71 0.92
  26   49 0.90
  24   35 0.48
  29   63 0.30
  26   84 0.55
  25   35 0.29
   6   33 0.85
  14   74 0.64
  17   23 0.28
  29   34 0.16
   1    8 0.01
  13   47 0.67
  30   32 0.39
  17   32 0.36
   8   59 0.62
  14   40 0.62
  16   25 0.31
  23   57 0.38
   2   46 0.33
  27   81 0.58
  18   34 0.65
   4   48 0.18
   3   31 0.43
  27   78 0.67
  23   37 0.91
   3   55 0.28
   3   61 0.79
  20   82 0.00
  24   77 0.46
  20   50 0.08
  14   42 0.27
  22   31 0.31
  25   84 0.01
  30   38 0.13
  19   40 0.71
  15   57 0.99
   5   65 0.85
   2    2 0.16
  20   30 0.94
  11   18 0.18
  13   16 0.98
   9   30 0.79
   1   31 0.78
  14   59 0.69
  17   70 0.44
  24   76 0.28
  10   42 0.19
   7   56 0.10
   4   59 0.98
   7   39 0.47
   2   50 0.03
   1   22 0.30
  20   30 0.02
   2   35 0.23
  24   65 0.70
  26   28 0.83
   1   60 0.42

   8   64 0.35
  16   77 0.11
  19   54 0.56
  29   60 0.57
  17   75 0.16
   1   18 0.09
  24   69 0.67
  18   18 0.49
  22   57 0.98
   2   59 0.15
  23   76 0.59
  17   50 0.00
  30   55 0.85
  14   64 0.60
   8   34 0.26
  27   66 0.56
   5    8 0.09
   4   45 0.28
  25   82 0.05
  16   22 0.48
   2    8 0.23
  26   40 0.59
   1    5 0.34
  16   72 0.68
  10   22 0.57
   0   49 0.16
  12   13 0.17
  23   50 0.45
  10   10 0.64
  21   55 0.13
   6   63 0.82
   3   19 0.45
  12   46 0.62
   3   32 0.35
  17   66 0.85
  20   47 0.12
   9   56 0.00
   4   31 0.13
  21   41 0.80
  16   65 0.15
  10   60 0.52
   1   14 0.05
  12   14 0.30
   9   65 0.44
  19   65 0.82
  16   73 0.79
   1   29 0.25
  17   33 0.91
  18   52 0.46
  11   30 0.17
   5   19 0.01
  11   21 0.87
  14   33 0.73
  26   77 0.10
   5    9 0.53
  13   61 0.41
  13   62 0.17
  25   75 0.85
  14   61 0.98
  13   70 0.28

  27   77 0.43
  17   35 0.37
  15   40 0.74
  20   35 0.89
   4   16 0.04
   7   52 0.55
  19   45 0.96
   8   38 0.90
  12   36 0.42
  27   71 0.13
  26   56 0.45
  30   33 0.16
  11   22 0.32
  11   64 0.49
  28   41 0.56
   8   65 0.81
  23   63 0.87
   5   51 0.15
  28   59 0.29
   8   11 0.90
  20   29 0.11
  16   36 0.54
   7   37 0.15
   7   33 0.54
  25   55 0.93
  17   70 0.92
  11   23 0.65
  25   30 0.83
   4   58 0.91
   1    3 0.37
  25   36 0.83
  25   35 0.13
   7   47 0.85
   7   50 0.02
  20   74 0.77
  15   39 0.97
   7   27 0.10
   4   29 0.23
  28   30 0.87
  19   65 0.27
  27   87 0.27
  21   76 0.79
   5   11 0.10
   9   33 0.74
  15   46 0.09
  12   68 0.26
  22   72 0.70
  25   54 0.96
  23   31 0.81
   0   34 0.87
  15   76 0.92
  23   27 0.13
  23   75 0.11
   5    7 0.99
  16   47 0.54
  22   67 0.24
  15   40 0.68
  14   68 0.88
  23   58 0.69
  17   55 0.68

