3 25 4
12   10   4  10  20  20  20   4  10   2   4  16  10

  93  206 0.43
  12   46 0.62
  84  188 0.11
   0   78 0.47
  46  157 0.84
 115  155 0.87
 106  237 0.10
 110  233 0.09
  29   39 0.17
 112  175 0.40
  23  112 0.48
  96  207 0.07
  92  179 0.00
  98  173 0.27
 106  141 0.02
   6   95 0.67
  99  171 0.33
  73  183 0.86
 103  149 0.13
  26  105 0.73
   5   49 0.15
  55  109 0.57
  61  100 0.36
  10  113 0.54
  43  144 0.36

  17  133 0.15
 102  143 0.46
 121  219 0.70
   9   96 0.52
 123  168 0.77
  59  169 0.52
  29  110 0.05
  37  138 0.29
  56  120 0.35
   2  120 0.05
  95  219 0.42
 108  235 0.23
  48  116 0.54
 107  148 0.72
 119  170 0.37
  44   55 0.23
  67  101 0.34
  47  120 0.90
 104  175 0.27
  16  124 0.93
  57  102 0.65
   3   39 0.58
  39   59 0.75
  80  186 0.83
  73  113 0.68

 103  124 0.97
  36  113 0.30
  15   66 0.31
  36  118 0.65
 116  250 0.10
  39  171 0.47
  91  119 0.68
  10   38 0.41
 101  121 0.32
 121  167 0.19
  30  100 0.52
   7   27 0.11
 112  220 0.17
 131  200 0.23
  77  121 0.41
   0   34 0.20
   3  102 0.64
 120  172 0.72
   0   69 0.38
 123  190 0.93
 106  231 0.15
  26  100 0.02
  73  191 0.32
  23   43 0.74
  92  169 0.19

  61   96 0.84
 110  236 0.08
  56  172 0.57
  95  148 0.59
 109  180 0.51
  79  167 0.71
 128  215 0.79
   0   71 0.01
 122  209 0.10
 103  181 0.79
  80  209 0.89
  48   97 0.75
 101  208 0.77
  77  110 0.72
 134  227 0.45
  21  135 0.74
  11   20 0.65
  81  176 0.48
  21   61 0.90
  43  149 0.60
 111  147 0.27
  89  154 0.06
  86  183 0.50
   1   71 0.72
 130  201 0.91

  93  127 0.69
 117  134 0.27
   1   99 0.89
  76  207 0.83
  39   54 0.96
  21   44 0.65
 115  233 0.83
  22  101 0.49
 123  171 0.57
  57   63 0.34
  31   85 0.38
   1  103 0.22
  85  143 0.47
  62  109 0.34
 131  258 0.71
  12   70 0.07
 122  242 0.32
  18  107 0.76
 121  245 0.20
  98  147 0.68
  25  137 0.47
  77  102 0.28
  82  109 0.58
  44  131 0.99
 114  170 0.05

  95  156 0.23
  17   29 0.33
 118  162 0.78
   4   62 0.73
  90  208 0.57
  18  134 0.73
  29   98 0.65
   3   16 0.85
 125  185 0.97
  81  198 0.87
  47  135 0.86
  67  186 0.23
 119  169 0.06
  71   86 0.18
  97  192 0.66
  38   85 0.29
  94  222 0.08
  59  106 0.70
  32  104 0.79
  43  153 0.25
   9   61 0.46
  94  141 0.17
  92  118 0.23
 113  246 0.29
  53  176 0.90

  72  136 0.13
 123  170 0.36
  26   73 0.73
  57  120 0.90
  48  102 0.73
  78  177 0.85
  86  124 0.61
  53  170 0.61
  59  140 0.72
   2  118 0.92
  63  138 0.40
  75  177 0.00
  77  141 0.70
 109  204 0.96
  27   60 0.97
 114  179 0.59
  44  116 0.49
  56  111 0.02
  42   87 0.74
   7   72 0.62
  24   61 0.23
   1   62 0.87
  93  127 0.11
  73   89 0.45
  72  128 0.13

  52   60 0.00
  39  121 0.29
  82   98 0.58
  41   89 0.08
 121  234 0.96
 122  237 0.82
  35   72 0.13
 102  120 0.98
  72  132 0.86
 127  200 0.90
  48   66 0.98
 113  189 0.67
  31  151 0.95
   9    9 0.23
  74  151 0.13
  76  168 0.16
  41  157 0.10
  48  128 0.98
  67  200 0.75
   3   21 0.00
  35   46 0.30
 133  225 0.50
 123  148 0.80
  19  121 0.94
   7   86 0.83

  75   80 0.28
 127  225 0.69
  75  131 0.63
 110  223 0.04
   1   42 0.95
  84   92 0.22
  23   91 0.65
  40  154 0.88
  79  141 0.74
 100  232 0.51
  47   53 0.07
 108  204 0.44
  81  206 0.36
 109  124 0.71
  94  171 0.98
 103  120 0.48
   0   37 0.87
  14  129 0.49
 113  186 0.48
  22   61 0.77
  97  190 0.67
  61   70 0.63
  17   63 0.58
  89  169 0.30
  16   33 0.52

  34  151 0.75
  61  154 0.92
  29  102 0.54
   3   75 0.59
  98  102 0.48
  46   97 0.16
  46  180 0.05
  37  123 0.18
  52  114 0.54
  19   32 0.27
 105  172 0.85
 119  126 0.10
  10   37 0.34
  47  133 0.03
  11   95 0.03
  24  146 0.60
  44  149 0.32
  90  172 0.44
  12   81 0.22
  96  114 0.42
   6  138 0.08
  89  127 0.82
   5  123 0.44
 120  187 0.07
 107  161 0.06

  44  122 0.87
  32   35 0.15
  15   86 0.42
  77  116 0.46
   9   54 0.62
  84  126 0.42
  55  143 0.32
  57  144 0.96
  51  153 0.68
  91  209 0.92
  36   75 0.40
 132  151 0.01
  93  133 0.89
  81   89 0.32
   1  126 0.31
  33  154 0.81
   2   34 0.96
 120  151 0.02
  12  114 0.87
  93  160 0.90
  34   51 0.83
   9  105 0.29
 113  126 0.07
 120  231 0.78
  23   57 0.69

  82  197 0.26
  83   98 0.52
  85  201 0.17
   3  109 0.31
  78  138 0.48
  47   88 0.79
 111  228 0.34
  24  136 0.49
  52   65 0.05
  37   92 0.95
  38   87 0.46
  74  207 0.76
   9   19 0.24
  34  165 0.49
  85  156 0.25
  77   82 0.44
 106  173 0.44
  69  144 0.49
  76   96 0.52
   2   90 0.66
  18   35 0.20
  94   98 0.39
 125  225 0.79
 125  195 0.21
   2   33 0.71

