4 25 4
12    4  20  10   2   4   2   4   2  10   2  10  16

  43   68 0.17
  18   43 0.68
  56  140 0.55
  95  106 0.32
   0   39 0.41
  63  151 0.41
  15   34 0.62
  23  101 0.21
  87  173 0.01
  12   87 0.38
  46   50 0.55
  33  107 0.94
  70   98 0.02
  34   44 0.98
  13   85 0.63
  61  105 0.06
   8    8 0.24
  90  119 0.96
  77  175 0.98
  52  116 0.11
  18   62 0.79
  22   51 0.84
   8   89 0.67
  83  111 0.39
  86  103 0.09

  41  121 0.06
  14   38 0.11
  44  137 0.43
  69  145 0.77
  53  150 0.33
  73  161 0.61
   6   26 0.40
  19   90 0.67
   1    1 0.67
  20   29 0.73
  47   95 0.84
  20   65 0.56
  63   94 0.39
  26   37 0.85
  12   18 0.98
  12   14 0.52
  26   70 0.64
   8   43 0.51
  48  141 0.93
  30   55 0.52
   5   88 0.80
  53   65 0.37
  68  107 0.67
  57  132 0.05
  50  129 0.96

  84  100 0.74
  54  110 0.17
  75   80 0.63
  29   68 0.67
  12   28 0.66
  43   93 0.49
  24   53 0.71
  23   27 0.43
  31   53 0.91
  95  180 0.07
  17   23 0.32
  36   63 0.23
  83  108 0.57
  71  119 0.85
  96  113 0.22
  91  135 0.66
   1   50 0.16
  29   57 0.34
  19   26 0.23
  54   71 0.65
  95  145 0.20
   1   13 0.24
  83  130 0.10
  21   54 0.60
   1   23 0.30

  26   39 0.37
  84   87 0.98
  84  181 0.69
  31   32 0.73
  50  108 0.10
  19  105 0.08
  51  134 0.72
  37   69 0.26
  93  112 0.85
  51  124 0.83
   5   54 0.41
  23   67 0.76
  44  102 0.41
  27   46 0.95
  29  107 0.60
  27   60 0.02
  26   76 0.32
  91  184 0.01
  71   91 0.84
  39   66 0.83
  36  120 0.48
  49   96 0.86
  23   49 0.22
  36   36 0.27
  61  128 0.22

   2   25 0.67
  77  141 0.50
  72  158 0.31
  27   98 0.11
  33   72 0.99
  25   97 0.18
  10   93 0.68
  43   88 0.76
  95  144 0.77
  21   27 0.71
  56   86 0.14
  83   92 0.00
  88  177 0.60
  80  100 0.01
  48  104 0.99
  79  146 0.95
  10  105 0.64
  50  145 0.31
  43  118 0.69
  17  112 0.41
  96  155 0.52
  84  180 0.15
  14   84 0.64
  17  100 0.92
  97  150 0.73

  17  116 0.97
  15  105 0.42
  55  114 0.59
  57  146 0.76
  69  101 0.90
  76   95 0.52
  70   82 0.64
  91  185 0.15
  30   57 0.79
   9   55 0.26
  86  154 0.67
  64   68 0.00
  97  151 0.68
  39   96 0.32
  89  122 0.43
  79   95 0.63
  54   59 0.42
  31  127 0.17
  43   54 0.25
  66  118 0.05
  62  152 0.55
  40   91 0.97
  30  117 0.31
  40  125 0.01
  21   42 0.45

  40   56 0.27
  55   81 0.31
  40   72 0.95
  19   64 0.04
  86  145 0.29
  31   76 0.72
  69  139 0.07
  59   90 0.61
  12   84 0.47
  54   72 0.01
  14   96 0.67
  74   86 0.27
  54  130 0.57
  70  118 0.48
  72   83 0.63
  60   94 0.80
  87  174 0.24
  65  140 0.17
  89  137 0.44
   1   29 0.00
   3   35 0.87
  63  153 0.74
  17   34 0.67
  43  105 0.23
  25   87 0.87

  98  130 0.33
  64  118 0.12
  91  108 0.69
  57   58 0.87
  79  168 0.85
  53  102 0.59
  24   99 0.02
  77  157 0.72
  15  109 0.86
  41  104 0.02
  66   67 0.16
  48   70 0.05
  38  102 0.29
  94  113 0.99
  60   82 0.21
  68   79 0.22
  11  100 0.18
  46   57 0.83
  17   81 0.53
  89   90 0.39
  11   97 0.70
  16  112 0.80
  36   93 0.68
  90   97 0.90
  54  129 0.15

  29  114 0.83
   5   37 0.06
  34  123 0.25
  72   96 0.78
  39   60 0.69
  94  114 0.70
  41  105 0.66
  43   69 0.97
  97  181 0.32
  98  183 0.16
  57  100 0.99
  34  124 0.57
  86  174 0.09
  57  106 0.75
  87  133 0.10
  42  134 0.02
  57   85 0.32
  61   93 0.11
  59  154 0.99
  56   87 0.25
  51   89 0.46
  76  159 0.76
  51   93 0.35
   7   54 0.05
  27   68 0.73

  46  100 0.87
  10   48 0.58
  26   65 0.66
  22  117 0.69
  45   49 0.03
  97  102 0.01
  31   35 0.02
  75  155 0.90
  82  110 0.43
  49   72 0.66
   9   19 0.73
  70  137 0.18
  41   70 0.50
  81   87 0.14
   4   30 0.07
  91  170 0.37
  52  150 0.31
  78  142 0.55
  51  116 0.88
  29   94 0.87
   0   39 0.51
  34   68 0.55
  19  114 0.67
  14   57 0.01
   9   39 0.44

  25   25 0.80
  10   12 0.66
  10   35 0.18
  80  150 0.68
  29   67 0.34
  45   61 0.56
  32  109 0.32
  14   78 0.81
   1   55 0.01
  58  144 0.48
  12   65 0.70
  95  159 0.34
  21  106 0.42
   5   16 0.79
  94  130 0.88
   3   74 0.34
  44   94 0.25
  74  163 0.85
  94  144 0.37
  99  147 0.84
  78  175 0.01
  67  150 0.17
  45  129 0.88
  55  111 0.83
   8   17 0.04

  62   88 0.24
  67  105 0.01
  88  141 0.31
  45  142 0.99
  81  177 0.93
  22   25 0.78
  53  129 0.72
  34   81 0.08
  76  146 0.62
  98  171 0.86
  66  109 0.93
   0   74 0.11
  59  132 0.50
  49   55 0.16
  44  116 0.21
  21   54 0.50
  97  169 0.01
  65  107 0.91
  14  105 0.17
  41   93 0.80
  44  108 0.36
  64  139 0.89
  80  116 0.00
  98  105 0.44
  42   74 0.12

