3 25 4
12   16   4  10  20  16   4  20  10  10  20   4   4

  14  186 0.61
  54  117 0.35
  55  176 0.38
   3   47 0.32
   7  198 0.58
  34  188 0.83
   8  156 0.17
  52  195 0.49
  11  215 0.15
  50   50 0.68
  54  252 0.04
  50  188 0.87
  16  175 0.96
   0  129 0.45
  53  216 0.32
  56  260 0.58
  70  227 0.16
  40   90 0.75
   0   71 0.31
  14  120 0.05
  35  233 0.67
   2   18 0.10
  29  157 0.44
  29  238 0.27
  10   62 0.20

   7  112 0.85
  66  191 0.21
  26  113 0.44
  65  193 0.25
  67   92 0.42
  59  211 0.94
  61  198 0.82
  60   61 0.39
  46  243 0.17
  39  215 0.73
  50   97 0.79
  26   33 0.93
  54   61 0.02
   9   83 0.57
  52   90 0.46
  58  253 0.01
  67   71 0.91
  57  148 0.81
  24  207 0.72
  60  265 0.82
  37  202 0.31
  67  184 0.98
  15  173 0.74
  27   40 0.08
  22  199 0.20

  70  243 0.58
  64   84 0.04
  47   55 0.65
  59  256 0.52
  40   93 0.85
  49  121 0.48
  34  207 0.79
  70  171 0.90
  63   79 0.99
  30  216 0.95
  41  167 0.62
  58  260 0.86
  14  193 0.16
  68  281 0.72
   6  124 0.35
  39  192 0.67
   8  111 0.38
  12  148 0.39
  63   79 0.53
  22  130 0.12
  22  155 0.17
  70  103 0.52
  49   89 0.39
  54  231 0.57
   3  171 0.84

  59  142 0.13
  60  222 0.07
  24  152 0.99
  17   55 0.21
  45   75 0.88
  40   60 0.38
  54   91 0.05
  47  224 0.81
  12  145 0.60
   6   75 0.48
  49  114 0.65
   9  135 0.98
  30  210 0.14
  41   48 0.25
  53  181 0.19
  16  179 0.09
  15   44 0.75
  47  209 0.68
  10  153 0.04
  41  188 0.28
  22   77 0.09
  26  162 0.08
  13  132 0.14
  43  161 0.23
  54  257 0.30

  40  204 0.61
  37  248 0.93
  17  142 0.13
  44  251 0.68
   5  141 0.60
  55  126 0.82
  22  133 0.50
  22   61 0.22
  55  241 0.22
  57   85 0.56
  20  106 0.19
   4  109 0.01
  21   65 0.89
  39  152 0.11
  40  102 0.22
  44  194 0.31
  12  175 0.71
  37  205 0.53
  15  126 0.07
  37  184 0.33
  57  255 0.67
  52  174 0.50
  64  206 0.30
  29  130 0.51
  65   85 0.53

   8  185 0.71
  27  110 0.66
   5  181 0.21
  54  101 0.34
  45   58 0.89
  34  221 0.81
  57   84 0.43
  51  213 0.13
  68  168 0.43
  10  207 0.41
  68  119 0.48
  28  205 0.21
  35   37 0.81
  45   80 0.11
  68   70 0.23
   9  122 0.19
  68  275 0.23
  12   86 0.50
  14  228 0.06
   4   25 0.65
  17  170 0.50
   3  120 0.99
  22  153 0.76
  13  113 0.98
  29  124 0.05

  41  237 0.11
  16  218 0.09
  16   16 0.36
   9  190 0.67
   6  179 0.09
  46  129 0.99
   5   68 0.25
  38  146 0.51
  36  186 0.49
  38   60 0.27
   7   82 0.14
  62  198 0.17
  33   48 0.28
  10  224 0.09
  44  178 0.38
  16  174 0.04
  52  211 0.41
  45  149 0.05
  57  192 0.93
  56  248 0.35
  66  166 0.91
  65   90 0.80
  24  216 0.22
  26   43 0.35
   8  177 0.88

  70  136 0.49
  64  186 0.90
  14   34 0.97
  19  132 0.57
  60  262 0.99
  62   83 0.94
  40  156 0.57
  31   97 0.24
   1   29 0.29
  38   58 0.49
  65  112 0.83
  61  117 0.19
  38  176 0.71
  54  219 0.26
  24   57 0.90
  64  146 0.02
  21  108 0.05
  19  142 0.95
  48  225 0.25
   8   52 0.71
  41  226 0.70
  31   88 0.35
   4   35 0.72
  20   97 0.28
  31  172 0.44

   7   55 0.36
  58  229 0.91
  26  190 0.45
  18   19 0.61
  17  154 0.32
  18   58 0.45
  21   36 0.15
   8  173 0.04
  11   83 0.09
   9   53 0.97
  11  183 0.68
  16   79 0.39
  57  224 0.58
  20  130 0.92
   8  139 0.36
   3   17 0.16
  46  208 0.41
   4   24 0.14
   3   21 0.28
  14  118 0.55
  38   48 0.74
  69  281 0.14
  40   40 0.33
  10  199 0.91
  31  109 0.82

  53  261 0.74
  54  170 0.83
  63  245 0.37
  52  112 0.76
  59  186 0.56
  45   67 0.03
  62   99 0.91
  53  168 0.62
  13  112 0.30
  64  116 0.22
   6   61 0.78
   6  163 0.12
  65  109 0.89
   4   47 0.60
   3  205 0.97
  54   61 0.85
  46   82 0.57
  66  140 0.04
  35  196 0.18
  40   77 0.98
  67  222 0.79
  33   68 0.48
  18   54 0.03
  45  181 0.68
  16  188 0.71

  52  212 0.00
  49  223 0.83
  60   91 0.84
  44  166 0.63
   3  167 0.58
   8  127 0.39
  61  172 0.65
  42  113 0.20
   3  165 0.29
  24  150 0.98
   4  213 0.97
   1  116 0.16
  13   83 0.70
  58  213 0.32
  65  140 0.72
  57  230 0.95
  60  248 0.98
  34   92 0.83
  39  137 0.98
  21  100 0.82
  11  218 0.62
  63  255 0.86
  60  232 0.34
  53  187 0.50
  46   72 0.56

  12  111 0.91
  46  185 0.87
  43   72 0.69
  61  257 0.40
  19  142 0.23
  47  199 0.38
  43  225 0.63
  27  225 0.22
  45  212 0.60
  43  221 0.81
  70  167 0.30
  33  129 0.40
   1  108 0.34
   2   74 0.54
   6   43 0.18
  61  220 0.03
  52  215 0.81
  24  232 0.11
  11  186 0.91
  56   91 0.17
  52  235 0.10
  29   33 0.85
  35  235 0.99
  14   69 0.13
   3  169 0.00

