4 60 8
3    2   4  16

   3   11 0.13
   5   18 0.96
   1   18 0.44
   7   21 0.00
   8   25 0.98
   5   21 0.54
   9   28 0.34
   4   19 0.43
   6    8 0.20
   9   17 0.80
   3   17 0.32
   7   15 0.50
   4    6 0.68
   8   21 0.04
   8   19 0.51
   1   16 0.48
   4   17 0.20
   2    5 0.97
   5   16 0.62
   6    8 0.43
   7   16 0.84
   0    2 0.10
   7   11 0.64
   8   12 0.71
   0   13 0.16
   3   20 0.09
   6   19 0.21
   9   11 0.07
   4   14 0.69
   6   19 0.05
   9    9 0.12
   0   11 0.36
   7   24 0.85
   4   15 0.70
   7   10 0.68
   3    9 0.76
   8   13 0.09
   6   16 0.84
   4   14 0.98
   5   19 0.09
   5   23 0.74
   6    8 0.94
   9   20 0.11
   4   22 0.35
   8   21 0.76
   4    6 0.32
   2    6 0.35
   2   13 0.82
   3   12 0.54
   7   18 0.19
   8   19 0.90
   7   10 0.67
   2   15 0.94
   3   17 0.83
   7   19 0.73
   0   19 0.09
   8   19 0.34
   0   11 0.53
   2    5 0.42
   7   10 0.07

   2   15 0.96
   5   12 0.79
   5    5 0.32
   9   26 0.97
   3    5 0.10
   2    9 0.81
   7   11 0.53
   2   18 0.35
   0    4 0.73
   0    1 0.81
   8   20 0.30
   8   15 0.29
   9   13 0.75
   6   12 0.54
   1   13 0.77
   7   20 0.55
   3   16 0.95
   4    5 0.61
   1   18 0.09
   1    2 0.39
   4    5 0.21
   5   21 0.65
   2    5 0.10
   7   24 0.22
   8   20 0.50
   7   17 0.95
   7   13 0.41
   5   21 0.44
   2   21 0.76
   8   24 0.24
   7   21 0.67
   3   16 0.03
   8   24 0.85
   5   15 0.50
   0   13 0.61
   1    4 0.57
   9   24 0.33
   3   10 0.88
   7   19 0.19
   2    3 0.99
   6   19 0.50
   2   17 0.11
   4   17 0.26
   5   10 0.53
   5   20 0.40
   4    6 0.77
   5   16 0.62
   0   16 0.68
   3   21 0.80
   2   17 0.12
   2   21 0.96
   7   23 0.48
   5    5 0.57
   5   23 0.47
   3   13 0.71
   6    9 0.03
   3    5 0.77
   0   17 0.99
   8   15 0.38
   5   23 0.44

   4   20 0.73
   2   14 0.02
   8   10 0.06
   8   20 0.39
   8   16 0.80
   2    5 0.14
   0   10 0.17
   2    2 0.72
   9   21 0.52
   9   26 0.88
   8   11 0.46
   5    6 0.02
   6   19 0.34
   1   19 0.48
   9   21 0.57
   8   17 0.99
   8    8 0.12
   6   10 0.11
   6   21 0.22
   4    8 0.37
   6    9 0.28
   0    2 0.56
   0   13 0.74
   3   21 0.87
   9   13 0.54
   3   17 0.78
   4    8 0.22
   3   18 0.77
   8   10 0.09
   3   12 0.67
   4   10 0.75
   9   22 0.33
   6   25 0.74
   3    6 0.34
   3   11 0.32
   4   16 0.99
   5    7 0.26
   7   18 0.49
   6   13 0.58
   5   10 0.18
   2   18 0.85
   8   19 0.41
   5   15 0.09
   2   13 0.83
   1    1 0.95
   5   10 0.56
   5   22 0.77
   4   18 0.33
   6   21 0.15
   3    5 0.36
   4    9 0.80
   7   20 0.66
   3    5 0.97
   0   16 0.78
   7   22 0.21
   1    1 0.62
   2    5 0.21
   5    7 0.98
   3   17 0.32
   0    5 0.22

