5 25 8
12    4   4  16  10   2  10   2   4  16   4   2  10

   6   18 0.92
   9   20 0.60
  10   15 0.49
   9   12 0.04
   7   12 0.41
  10   12 0.53
   9   16 0.35
   5   13 0.22
  10   15 0.93
  12   18 0.73
   8   20 0.41
   3    3 0.18
   3   14 0.30
   4   11 0.68
   8   20 0.55
   7    8 0.00
   5   15 0.06
  10   14 0.92
   1   13 0.23
   0    6 0.41
   0    2 0.47
  11   18 0.59
   4    6 0.08
   4   14 0.92
   6   16 0.26

   6   15 0.98
  12   15 0.20
   3    3 0.10
   2    9 0.05
   6   12 0.56
   4   14 0.50
   1    6 0.15
   6   13 0.74
   2   14 0.50
   5   17 0.30
   5    9 0.61
   8   17 0.86
   3   14 0.56
   6   11 0.58
  11   14 0.73
   1   11 0.38
   2    6 0.33
  12   16 0.78
   5    6 0.96
  12   24 0.36
   0    0 0.30
   4    4 0.51
   7    9 0.64
  11   18 0.28
   2    9 0.21

  12   21 0.77
  10   16 0.31
   7   17 0.48
   4    7 0.31
   1    6 0.30
   6    8 0.52
   4   11 0.06
   0   11 0.22
   7    7 0.05
   4   12 0.84
   4   12 0.52
   2    9 0.50
   0   10 0.83
   1    5 0.31
   1    8 0.74
   0   11 0.90
   0    5 0.88
   5    8 0.96
   0    9 0.14
   7   10 0.07
   9   20 0.89
   3    7 0.57
  11   20 0.59
   3   10 0.31
   8   17 0.01

  11   15 0.30
   6   16 0.56
   2   12 0.86
   7   11 0.49
   9   21 0.39
   1   13 0.23
   7   15 0.73
   7   18 0.85
   4    4 0.20
   4   11 0.82
   1    6 0.71
   9   14 0.08
  10   11 0.93
   3   13 0.09
   1    6 0.37
   9   21 0.61
   6    8 0.07
   1    5 0.81
   9   16 0.01
  12   23 0.19
  10   18 0.95
   2   13 0.74
  12   16 0.26
   7   19 0.46
   8   18 0.28

   6    7 0.52
   8    8 0.14
   9   20 0.52
   9    9 0.17
  12   14 0.99
  10   22 0.48
   0   12 0.96
   9   21 0.52
   5    9 0.31
   3   13 0.47
   9   20 0.84
  12   15 0.21
  10   22 0.03
   9   14 0.43
  10   13 0.65
   2   11 0.67
  11   21 0.77
   2   12 0.06
   3    8 0.69
  10   22 0.72
  11   14 0.55
  10   22 0.26
   8   17 0.52
   9   18 0.30
  11   14 0.84

   1    2 0.34
  12   12 0.16
   0    9 0.97
  10   15 0.81
   2   10 0.34
   4   16 0.90
   7   14 0.87
   5   10 0.93
   9   20 0.96
  11   12 0.47
   1    8 0.23
   6   17 0.18
   1    6 0.35
   1    7 0.37
   2   12 0.42
   4   11 0.01
   1    1 0.41
   1    2 0.42
   3    3 0.62
   0    9 0.97
   3    5 0.92
   4    5 0.29
   7    8 0.03
   9    9 0.95
   3   12 0.17

  11   19 0.23
  11   17 0.67
   8   20 0.85
   2    2 0.70
  12   16 0.70
   3   10 0.53
   8   12 0.21
   1    6 0.16
   5    8 0.80
   7   19 0.18
   6    6 0.16
   5   15 0.28
  11   13 0.62
  11   16 0.08
   6   16 0.03
  10   11 0.89
   9   12 0.85
   2    8 0.66
   1    2 0.36
   0   11 0.37
   8   13 0.33
   3    3 0.80
   2   11 0.44
  10   11 0.14
   2    2 0.49

   7   12 0.38
  10   10 0.24
   2    3 0.79
   7   18 0.59
   9   20 0.34
  12   13 0.38
  12   13 0.95
   1    2 0.52
   0    7 0.84
   6   18 0.90
  12   19 0.84
   9    9 0.34
  12   16 0.44
  11   20 0.89
  12   12 0.00
   0    7 0.29
   5    7 0.31
   9   16 0.25
   2    7 0.13
   1    7 0.71
   2   10 0.34
   6    7 0.17
   6   12 0.46
   6   14 0.59
   9   16 0.94

   8   17 0.22
   6   16 0.38
   6    6 0.20
   0    5 0.58
   1   12 0.42
   7    7 0.91
   1    9 0.78
  12   20 0.85
  10   11 0.20
   9   13 0.98
   1    3 0.21
   0    4 0.75
   3   14 0.73
   1    3 0.53
  12   23 0.85
  12   12 0.81
   8   14 0.19
  10   13 0.45
   3   13 0.30
   9   16 0.15
   1   12 0.19
  10   16 0.22
   5    7 0.56
  11   20 0.98
   7   17 0.71

   2   14 0.67
   0    0 0.85
  11   13 0.15
   3    8 0.07
   2    3 0.67
   0    8 0.69
   4    6 0.47
   4    8 0.31
   2    7 0.45
   8   13 0.90
   7    8 0.40
   9   10 0.46
   6   13 0.83
  10   22 0.45
  11   23 0.59
   8   16 0.42
   6    8 0.37
  10   16 0.48
   0    9 0.10
   1    7 0.41
   6    9 0.15
   0    2 0.66
   0    7 0.12
  12   24 0.34
   5    7 0.00

   9   20 0.64
   1    6 0.51
  10   10 0.15
   6   15 0.29
   2   14 0.68
   4   16 0.41
   9   15 0.70
   1   11 0.98
   4   15 0.31
   8   18 0.42
   8   19 0.46
   1    7 0.36
   3   11 0.63
   3    4 0.22
   0    2 0.39
  12   12 0.07
   7   18 0.70
  11   15 0.98
   4    9 0.77
  10   13 0.80
   8   15 0.13
   7   17 0.12
  12   20 0.01
   4    8 0.89
   1   13 0.36

   6   17 0.35
   2   14 0.85
   3    4 0.88
   0    1 0.11
  11   17 0.51
  11   22 0.57
  12   22 0.26
   7   11 0.77
   0   11 0.42
  11   13 0.18
   8   15 0.22
   8   19 0.51
   2    4 0.03
  10   18 0.59
  11   15 0.42
   8   20 0.71
  11   14 0.47
  12   13 0.45
   2    3 0.83
  11   19 0.33
   0    3 0.73
   6    8 0.43
   1    4 0.31
   1   12 0.14
   2    3 0.12

