3 20 4
12    2   2  10  16  10  20   4  10   4  10  10  16

  19   95 0.82
  22   70 0.70
  15  108 0.23
   9   77 0.94
  30   76 0.56
   0   86 0.59
  43  116 0.96
  41  117 0.81
   9   42 0.65
  29   51 0.85
  17   71 0.42
  15   91 0.40
  20   89 0.98
  26  110 0.80
  30  106 0.76
  11   96 0.63
  31   75 0.98
  31   72 0.67
  28  122 0.76
   1   93 0.03

  25   66 0.29
  37   98 0.04
  30   45 0.31
  27  118 0.00
  38  126 0.05
  33   83 0.38
   6   43 0.85
  33   40 0.41
  11   33 0.65
  31   73 0.55
  10   42 0.35
  34  121 0.34
  31   34 0.52
  44   91 0.59
  22   52 0.84
  30  109 0.22
  40   68 0.24
  19   88 0.56
  43   60 0.13
  46  100 0.42

  34   71 0.06
  15   45 0.65
  24   64 0.37
  17  107 0.01
  13   42 0.23
   6   88 0.73
  28   73 0.40
  39  102 0.56
  46  136 0.76
  30   65 0.88
   5   52 0.10
  34  102 0.47
  17   91 0.74
  33  112 0.64
  38  117 0.99
  32   51 0.13
  40  101 0.38
   5   42 0.60
  34   54 0.61
  38   48 0.17

  10   39 0.23
   7   61 0.18
  33   94 0.14
  18   28 0.99
  41   64 0.89
  37   50 0.26
  20   39 0.78
  37   74 0.33
  25   55 0.69
  18   93 0.90
  24   33 0.27
  30   85 0.21
  43  137 0.04
  42  104 0.68
  28   57 0.40
   2   81 0.86
  16   65 0.76
  42   48 0.73
   7   26 0.27
  46  124 0.09

  32  107 0.49
  45   56 0.83
  15   27 0.31
  41   88 0.67
  39  106 0.69
  31   90 0.50
  40   66 0.12
   5   39 0.48
  17   21 0.27
  41   62 0.90
  36  101 0.69
  20   21 0.34
  14   84 0.77
  38   81 0.28
   4   36 0.15
  18   29 0.71
   4   91 0.15
  12   84 0.43
  20   20 0.15
  17   82 0.35

  26   70 0.91
  35  128 0.85
  46   89 0.94
   2   27 0.86
  18   85 0.70
  21   68 0.86
  10   33 0.78
  39  117 0.61
  25   85 0.93
  40   50 0.20
  35  107 0.37
  20   39 0.87
   6   47 0.60
   0   52 0.00
  21   43 0.01
  32   81 0.98
   0   83 0.69
  41   76 0.32
  44  125 0.91
  21  100 0.09

  10  101 0.56
  44   95 0.80
  28  121 0.80
  33  102 0.05
  32   36 0.10
   3   65 0.61
  43  137 0.55
  32  116 0.71
  24   46 0.60
  41  132 0.65
  40  122 0.77
  42   60 0.57
  12   85 0.38
  26  117 0.60
  44   61 0.62
  22   25 0.45
  16   91 0.89
  27   77 0.25
  30   95 0.97
   9   43 0.17

   2   31 0.32
  17   61 0.89
  18  101 0.65
  30  113 0.96
  10   85 0.53
  11   11 0.01
  26   66 0.61
  30   56 0.64
  17   97 0.86
   8   21 0.46
   5   89 0.50
  19   71 0.45
   7   97 0.74
  19   26 0.21
  21   99 0.75
  19   47 0.96
  31  112 0.90
  30   68 0.93
   0   42 0.42
  35  121 0.92

  25   41 0.20
  25   84 0.64
  44  136 0.61
  11   25 0.53
  43  110 0.47
  16   18 0.04
  24  112 0.10
  19   58 0.50
  38   56 0.75
  32   83 0.39
  30   66 0.15
   2   96 0.66
  17   39 0.39
  33   77 0.56
   5   15 0.01
  29   86 0.85
  38  101 0.77
  27   35 0.69
  40  111 0.95
  13   27 0.48

  11   62 0.49
   3   73 0.97
  13   70 0.62
  13   13 0.06
  21   53 0.68
  43  111 0.29
  37   48 0.15
  38  110 0.36
   0   81 0.74
  35  120 0.95
  30   48 0.12
  21   37 0.68
  18   32 0.94
   1    4 0.30
   9   31 0.43
  46  139 0.01
  37   92 0.06
   1   52 0.36
  38   76 0.11
   9   83 0.90

  34   67 0.54
   1   65 0.64
  40  115 0.97
  15   46 0.48
  12   34 0.14
  15   21 0.27
  13  107 0.27
  13   72 0.07
  30   60 0.50
  34   86 0.30
   0   73 0.35
  15   57 0.56
  12   12 0.05
  37  106 0.53
  31   33 0.66
  38   58 0.53
  27   27 0.94
  20  100 0.65
  40   88 0.65
  44   52 0.74

  27   41 0.33
  39   54 0.07
  30   97 0.29
   4   27 0.09
  46   77 0.86
  42  110 0.60
  39  114 0.74
  29   45 0.35
  34   34 0.25
  46   80 0.73
  45   57 0.65
  46  125 0.95
  23   82 0.50
  40   84 0.53
  39   72 0.87
   0   75 0.91
  37   68 0.39
  36   43 0.39
  34   35 0.56
  26   96 0.92

