3 15 8
12   20   4  10   2  16  10   4   4   4  10  10  16

   5   38 0.81
   4   28 0.15
   2    2 0.39
  11   40 0.55
   7   29 0.78
  15   44 0.45
  12   42 0.90
   1    7 0.38
   0   22 0.92
   6   23 0.66
   6   30 0.24
  11   34 0.99
   0   20 0.56
   6   14 0.01
   5   34 0.65

   8   21 0.64
   6   18 0.53
   3   18 0.65
   9   17 0.03
  11   22 0.46
   8   22 0.10
   1   27 0.98
   5   38 0.79
  11   36 0.79
   5   19 0.81
   5    7 0.19
   8   41 0.08
  13   40 0.37
  10   41 0.60
   2   11 0.07

   2   29 0.71
   7   24 0.78
   9   22 0.67
   7   28 0.77
   5   17 0.86
  16   29 0.41
  16   31 0.74
   0   27 0.79
   4   10 0.08
   8   26 0.52
   7   10 0.76
   4    9 0.01
  13   36 0.97
   2   15 0.51
   3   23 0.20

  16   24 0.55
   8   14 0.71
  10   31 0.72
   2   23 0.52
  14   47 0.17
   1    9 0.01
   5   38 0.83
   9   36 0.64
   0   26 0.67
  10   33 0.05
   2   25 0.24
   7   35 0.73
   9   25 0.03
  16   45 0.83
   0   27 0.31

  14   14 0.45
   4    5 0.09
  14   33 0.52
   4   19 0.95
   5   33 0.88
   0   16 0.41
  14   32 0.64
   9    9 0.83
   0   17 0.72
   1   20 0.99
   9   40 0.05
  15   16 0.85
  16   35 0.61
  12   18 0.60
   0   29 0.88

   1   18 0.05
  15   22 0.53
   3   16 0.44
  13   42 0.97
   8   20 0.60
   9   22 0.98
   1    3 0.08
  15   43 0.85
  10   20 0.48
  12   44 0.80
   5   23 0.16
  10   38 0.41
  16   34 0.20
  11   18 0.17
  10   11 0.92

   9   20 0.87
  14   32 0.31
   4    5 0.26
  13   37 0.87
  11   17 0.84
  12   26 0.06
   5    5 0.33
   6   25 0.40
   4   29 0.17
   8   27 0.61
   5   38 0.80
   3   33 0.93
   9    9 0.67
   1   11 0.38
   2   18 0.56

   6   14 0.36
  14   16 0.27
   0    2 0.44
   0   19 0.01
  16   22 0.20
  14   45 0.70
   1   22 0.70
   6   13 0.60
   7   25 0.69
   8   25 0.80
  14   17 0.09
   0    4 0.23
   8   17 0.76
  13   14 0.36
  11   44 0.91

  16   26 0.15
  10   34 0.93
   0   15 0.47
  13   20 0.93
  16   37 0.88
   2    2 0.52
   0   14 0.05
   1   33 0.97
   3   35 0.13
   4   18 0.69
  11   39 0.80
   2   32 0.95
   8   31 0.79
   6   18 0.60
  14   35 0.63

  16   23 0.97
  11   41 0.51
   4   25 0.21
   8    9 0.35
   9   19 0.66
   6   29 0.86
   4   24 0.21
   5   38 0.63
  14   29 0.69
  13   42 0.88
  15   33 0.64
   2   15 0.02
   3   18 0.06
   0   23 0.56
   6   35 0.20

   0    7 0.07
  12   41 0.89
  10   24 0.19
   0   21 0.15
   1   19 0.49
  15   42 0.12
  13   39 0.15
   6   32 0.97
  10   41 0.25
   4   34 0.82
  11   27 0.57
   4   24 0.93
   6   11 0.87
   2   11 0.81
   2   19 0.52

   3   28 0.52
   2   15 0.69
  13   36 0.76
  11   11 0.96
   6   13 0.06
  12   29 0.00
  13   23 0.02
   6   16 0.60
   4   11 0.60
   2   26 0.96
  14   21 0.14
   6   11 0.57
  13   31 0.87
  10   24 0.31
   9   10 0.88

