3 60 8
3    2  10   4

   4   12 0.23
   6   11 0.92
   5   13 0.78
   5    9 0.27
   2    4 0.43
   4   10 0.79
   1    5 0.01
   9   20 0.36
   4   13 0.23
   1   13 0.87
   5   19 0.43
   8   10 0.89
   2    2 0.70
   0   14 0.52
   8   12 0.79
   1   16 0.01
   5   23 0.57
   9   15 0.21
   4    4 0.49
   8   17 0.29
   2   11 0.12
   8   12 0.77
   7   26 0.09
   8   16 0.47
   0    5 0.73
   5   22 0.86
   1    7 0.32
   7    9 0.03
   5   24 0.38
   4   23 0.13
   7   18 0.82
   5   20 0.02
   1   16 0.00
   9   16 0.61
   7   24 0.67
   2    6 0.40
   7   22 0.80
   7    9 0.49
   8   18 0.81
   0   16 0.80
   3    9 0.81
   1   10 0.31
   0    0 0.33
   5   24 0.17
   8    8 0.94
   7   22 0.55
   6   20 0.54
   5   12 0.28
   1   15 0.38
   0    4 0.07
   5   22 0.03
   8   27 0.68
   4   12 0.50
   0   11 0.73
   9   20 0.68
   7    9 0.29
   4    6 0.94
   5   13 0.42
   9   12 0.51
   0   12 0.12

   2   14 0.34
   1   12 0.88
   5   23 0.35
   9   17 0.66
   7   13 0.99
   8   15 0.42
   0    0 0.04
   4   18 0.95
   2    9 0.45
   6    8 0.15
   1   11 0.64
   4   22 0.53
   7   23 0.07
   8    8 0.41
   4   19 0.19
   7   15 0.74
   9    9 0.81
   1   20 0.95
   8    9 0.06
   4   18 0.66
   0   18 0.33
   4   23 0.74
   0    5 0.78
   1   12 0.13
   3   10 0.60
   5    7 0.03
   0   18 0.66
   4   10 0.88
   9   13 0.50
   8   21 0.32
   8   26 0.96
   0   19 0.01
   1   15 0.73
   2    2 0.40
   2   16 0.41
   5   13 0.92
   0   16 0.75
   4   19 0.40
   7   22 0.10
   7   14 0.64
   7   21 0.86
   6    8 0.60
   4   21 0.88
   0   17 0.67
   5   13 0.16
   1    8 0.30
   1    8 0.47
   2   21 0.78
   5   10 0.22
   0   17 0.30
   3   10 0.57
   7   23 0.80
   9   10 0.24
   2   17 0.77
   5   10 0.93
   9   15 0.08
   5    5 0.26
   6   23 0.09
   7   21 0.49
   8   15 0.48

   3   11 0.02
   3    5 0.33
   1   11 0.97
   5   23 0.43
   4    8 0.99
   0    8 0.30
   3   12 0.41
   9   20 0.10
   0   15 0.04
   4    5 0.59
   8   25 0.01
   1   11 0.95
   6   21 0.88
   8   26 0.45
   4   17 0.99
   6   24 0.59
   0   10 0.76
   4   12 0.69
   2   11 0.58
   6    7 0.58
   0   11 0.50
   5   14 0.29
   0   10 0.01
   6    9 0.20
   7   23 0.13
   6   14 0.69
   9   16 0.26
   5   17 0.69
   2   13 0.33
   8   24 0.43
   0   17 0.35
   3   13 0.88
   0   18 0.25
   9   19 0.53
   1    8 0.76
   7   25 0.84
   9   21 0.26
   9   27 0.74
   5   15 0.19
   1   19 0.67
   8    9 0.83
   8   19 0.34
   2    4 0.17
   3   19 0.72
   8   16 0.70
   4    6 0.86
   2    6 0.90
   6   15 0.83
   8   14 0.76
   6   11 0.35
   6   22 0.24
   4    4 0.15
   0   10 0.63
   1   16 0.46
   7   13 0.78
   1   17 0.67
   6   21 0.91
   8   26 0.01
   5   18 0.15
   5    9 0.84

