4 60 8
3   10  20  16

  13   30 0.90
  41   53 0.05
  39   52 0.15
  32   41 0.69
  34   58 0.74
   6   10 0.11
  33   45 0.78
  10   38 0.43
  17   37 0.74
   9   11 0.12
   1   24 0.08
   4   21 0.26
  33   49 0.66
  40   45 0.24
  16   44 0.18
  35   62 0.89
  38   79 0.73
  27   65 0.13
   6   16 0.12
  35   41 0.66
  41   76 0.33
  24   63 0.42
  42   54 0.54
  41   83 0.87
  21   27 0.69
  40   67 0.51
  28   36 0.95
  12   27 0.45
  42   52 0.89
  38   77 0.08
  41   81 0.28
  37   56 0.10
   7   19 0.46
   1   27 0.97
  25   67 0.36
  36   55 0.11
  29   42 0.83
  31   68 0.69
  26   47 0.82
  13   25 0.81
  22   29 0.43
   2   31 0.14
  25   65 0.37
   9   47 0.16
  33   64 0.20
   4   10 0.48
  12   27 0.52
  11   25 0.81
   8   21 0.64
  40   77 0.65
  36   59 0.65
  10   19 0.26
   9   22 0.87
  34   48 0.72
  16   39 0.07
  30   68 0.96
   0   35 0.24
  36   57 0.28
  28   52 0.61
  29   46 0.29

  17   31 0.23
  40   79 0.99
  42   68 0.74
  25   32 0.76
  17   22 0.10
  42   78 0.03
  38   55 0.14
  16   18 0.28
  39   42 0.07
   5   18 0.69
  22   29 0.70
  11   47 0.15
  12   32 0.27
   3   22 0.40
  33   49 0.48
  39   54 0.19
  17   43 0.20
  27   35 0.56
  34   46 0.88
   0   38 0.29
   3   41 0.80
   9   23 0.46
   2   22 0.94
   2   40 0.99
  32   67 0.24
  40   82 0.83
  39   67 0.44
  30   56 0.68
  42   58 0.10
  40   81 0.78
  14   40 0.42
  34   70 0.69
  15   51 0.15
  15   41 0.25
  10   29 0.93
   0   10 0.78
  18   33 0.72
  37   62 0.19
  25   50 0.64
  18   43 0.49
   5   24 0.59
   6   29 0.54
  21   60 0.06
  34   35 0.39
  41   53 0.25
  35   40 0.87
   5   34 0.89
   8   23 0.51
  35   73 0.10
  30   36 0.27
  16   43 0.73
  15   46 0.27
   4   31 0.05
   7   41 0.94
  21   37 0.88
  31   73 0.66
  33   35 0.29
   3    5 0.31
   5   44 0.04
  20   56 0.66

  37   47 0.07
  30   53 0.11
   2   22 0.74
   4   28 0.28
  31   63 0.65
  26   28 0.30
  23   38 0.58
  20   22 0.24
   0   11 0.78
   5    8 0.81
  14   16 0.79
  41   57 0.14
   9   11 0.31
   7   49 0.91
  12   43 0.05
  18   42 0.49
   2   18 0.62
  16   55 0.53
  41   55 0.48
   3    7 0.18
  24   46 0.14
   3   16 0.64
  10   14 0.39
  29   35 0.29
   4   24 0.18
   2    2 0.48
  34   36 0.69
  36   51 0.66
  36   65 0.66
  36   44 0.64
   3    7 0.79
  33   40 0.19
  11   44 0.54
  38   38 0.84
   8   43 0.23
  10   20 0.44
  30   30 0.52
  32   60 0.47
  25   62 0.96
  19   53 0.19
   5   20 0.73
  30   55 0.37
  25   67 0.50
   8   31 0.14
  18   52 0.59
   2   19 0.42
  27   40 0.67
  38   75 0.74
  17   53 0.94
  19   29 0.47
  20   35 0.82
  34   63 0.29
  19   41 0.63
   0    9 0.61
  20   61 0.75
  19   34 0.59
  12   27 0.29
  29   69 0.24
   9   51 0.67
   2   21 0.09

