4 100 4
3   16   4  10

  20  158 0.75
  14  133 0.22
  81  110 0.65
  75  167 0.03
  51  178 0.43
  39  134 0.79
  14   68 0.79
  13  121 0.09
  52   87 0.77
  59  170 0.86
  80  104 0.96
  80  102 0.16
  76  157 0.30
  36  113 0.26
  41  133 0.30
  61  117 0.88
  38  169 0.01
   8   71 0.46
  20  135 0.20
  68  127 0.66
  51  184 0.81
  46  140 0.10
  20  145 0.40
  83   85 0.56
  15   33 0.71
  32  102 0.37
  49  146 0.75
  10   61 0.65
  72  119 0.60
  12   84 0.82
  52  153 0.17
  58   58 0.08
  21   54 0.98
  31   51 0.91
  37   74 0.29
  91  135 0.54
  70  183 0.54
   3   23 0.74
  13   72 0.14
   6   74 0.32
  17   95 0.72
  43   68 0.08
  84  178 0.23
  31   34 0.18
  69  191 0.31
  53  142 0.27
  16   35 0.03
  53   98 0.41
  44   45 0.99
  63  115 0.54
  37  144 0.87
  72  152 0.24
   5   84 0.53
  44  119 0.24
   7  106 0.44
  11   38 0.58
  28   47 0.85
  56  107 0.22
  42   99 0.48
  90  206 0.97
   2   30 0.33
  15  113 0.54
  27   64 0.73
   8   20 0.42
  80  135 0.97
   1   57 0.17
  36   63 0.98
  91  180 0.56
  76  202 0.01
  52  127 0.54
  30  167 0.77
  12  143 0.98
  75  138 0.38
   2  125 0.47
  29  149 0.20
  73  207 0.37
   7   67 0.86
  50   58 0.35
  86  208 0.29
   3   42 0.62
  30   72 0.33
   6   62 0.69
  65  171 0.59
  72  161 0.96
  80  168 0.09
  73  175 0.92
  91  223 0.87
   7  126 0.02
  72  186 0.33
  70  190 0.00
  20  159 0.72
  89  204 0.22
  67  204 0.19
  61   97 0.48
  33  142 0.35
  89  170 0.20
   1   42 0.52
  26   40 0.89
  38  162 0.50
  81  118 0.93

   7   92 0.23
  46  129 0.87
  53   83 0.91
  14   83 0.63
  78  188 0.99
   7   52 0.21
  17  155 0.31
  53  132 0.86
  25   35 0.34
  20   54 0.22
  11  147 0.80
  90  135 0.04
  75   77 0.17
  52  123 0.13
  61  181 0.51
  55  130 0.29
  39   82 0.56
  36  170 0.29
  37   75 0.38
  35   48 0.40
  65   83 0.52
  88   94 0.42
  69  154 0.37
  69   77 0.25
  89  159 0.80
  48  133 0.66
  23  155 0.30
  72   91 0.44
  67  105 0.69
   5   96 0.36
  91  156 0.31
   5   42 0.66
  14  116 0.02
  88   98 0.65
  62  102 0.96
  49  167 0.46
  74  171 0.43
  48  185 0.24
  25   71 0.33
  67  153 0.57
   5   62 0.20
  17  114 0.48
  30  137 0.81
  18  119 0.14
  76  174 0.17
  92  156 0.20
  48   57 0.43
  81  129 0.44
  77  105 0.20
  21  145 0.70
  31  105 0.44
  78  113 0.93
  90  185 0.10
  47  123 0.95
  58  150 0.77
   8   84 0.70
  68   72 0.82
  31   41 0.63
  92  167 0.47
  87  174 0.75
  74  124 0.19
  67  109 0.60
  33  169 0.29
  64  194 0.23
  86  195 0.64
  63  120 0.08
  19   83 0.53
  48   63 0.31
  29   31 0.45
   5  133 0.23
  34   68 0.73
   5   36 0.53
  71  142 0.72
  30  104 0.01
  91  156 0.11
   7   13 0.73
  34  123 0.70
  58  182 0.28
  76  144 0.56
  55  132 0.16
   8   80 0.31
  52  176 0.81
   0   56 0.09
  77   85 0.13
  22   96 0.67
  79   83 0.81
  15   83 0.88
  43  120 0.40
   2   68 0.42
  87  182 0.54
  70  120 0.21
  10   61 0.47
  73  203 0.29
  43   51 0.39
  71  144 0.94
  89  203 0.31
  17  124 0.50
   8  134 0.56
  26   52 0.40
  54  128 0.71

  35   55 0.83
  49   70 0.26
  56   80 0.36
  36  155 0.35
  57   60 0.62
  74  178 0.89
  66  137 0.67
  78  110 0.97
  50  129 0.35
  52   90 0.19
  16   58 0.44
  16  155 0.35
  74   88 0.02
  85   98 0.13
   7  131 0.94
  88  152 0.52
  55  104 0.11
  82  197 0.27
  59  128 0.72
  38  122 0.99
  32   64 0.87
  78  133 0.13
  54   95 0.44
  41  169 0.56
  91  112 0.60
  85  177 0.87
  13   63 0.52
  74  193 0.35
   0   31 0.76
  50  151 0.74
  80  189 0.28
  74  187 0.18
  77   93 0.59
  53  119 0.12
  70  144 0.09
  57   81 0.07
  73   95 0.37
   9   42 0.81
  59   92 0.67
  58  125 0.29
  82  203 0.02
  92  195 0.47
  46  157 0.01
  64  149 0.05
  46   88 0.89
  76  167 0.78
  11  128 0.37
  92  199 0.56
  80  139 0.57
  30   49 0.01
  31   65 0.35
  14  107 0.92
  47   90 0.55
  16  151 0.99
  33   85 0.60
  36   63 0.61
  76  167 0.32
  17  141 0.66
  69  166 0.31
  45   92 0.66
  65   98 0.38
  65  179 0.84
  67  166 0.34
  67  197 0.83
  48   97 0.37
  28   87 0.07
  27  156 0.80
  92  147 0.88
  67  157 0.59
  32  121 0.31
  66   92 0.81
  75  134 0.81
  32   90 0.53
  26   76 0.74
  66  101 0.23
  61  187 0.47
  27   27 0.91
  69  104 0.43
  46   83 0.73
  32  109 0.44
  91  160 0.54
  31  159 0.47
  87  123 0.21
   2  135 0.51
  84  118 0.96
   3  121 0.00
  42  109 0.02
  50   93 0.27
   9   82 0.57
  51   60 0.39
  46  178 0.25
  66  174 0.69
  19  105 0.07
  81  196 0.99
  79  157 0.68
  46   61 0.19
  41  176 0.11
  58  115 0.38
  35  159 0.45
  17  126 0.82

