3 20 8
12   16  16  10   2   2  10   4  10   2  20   2  16

  19   72 0.42
  13   65 0.09
  30   31 0.43
  32   59 0.54
  16   82 0.38
  41  108 0.66
  20   29 0.76
  35   45 0.37
   4   19 0.28
  30   92 0.83
  40   55 0.41
  24   89 0.33
  43   90 0.25
  41   60 0.40
   2   23 0.16
  10   71 0.41
  22   59 0.53
  14   62 0.91
  43   53 0.60
  25   80 0.06

  30   45 0.93
  42   93 0.99
  24   62 0.37
  39   69 0.72
   2    5 0.99
   9   27 0.46
  26   27 0.30
  12   31 0.09
  12   50 0.06
  39   98 0.05
  12   38 0.01
  30   42 0.74
   0   64 0.92
  21   23 0.02
  35   55 0.85
  33   80 0.89
  17   64 0.05
  18   79 0.01
  23   42 0.25
  27   71 0.94

  15   22 0.55
  19   82 0.08
  23   39 0.52
  13   33 0.44
  32   34 0.83
  40   93 0.17
  31   95 0.43
  36   71 0.14
   6   30 0.74
  31   64 0.20
  24   74 0.99
   4   29 0.22
   6   72 0.80
  26   61 0.30
  30   45 0.24
  17   42 0.97
  19   85 0.79
  32   81 0.86
   9   21 0.17
  33   87 0.29

  30   59 0.80
   5   23 0.57
   8   21 0.97
  35   81 0.35
   1    5 0.38
  20   31 0.41
  27   76 0.89
  31   43 0.75
   0   65 0.95
   4   61 0.54
  11   14 0.24
  40   57 0.22
   8   67 0.87
  37   43 0.94
  26   90 0.72
  20   77 0.46
  33   85 0.98
  41   79 0.14
  38   47 0.22
  14   69 0.24

   5   42 0.30
  15   39 0.76
  21   43 0.76
  27   58 0.05
  42   71 0.86
  21   47 0.34
  32   99 0.20
  27   94 0.54
   7   60 0.85
  19   28 0.51
  16   27 0.84
  22   46 0.31
  26   57 0.10
   2   11 0.77
  37   95 0.77
   5   38 0.21
  34   69 0.03
  14   61 0.27
   4   27 0.25
   3   48 0.30

  31   46 0.99
  17   29 0.84
  33   63 0.28
   5   66 0.33
  40   47 0.53
  41   58 0.52
  44   63 0.69
  34   79 0.14
   5   25 0.10
  10   18 0.78
  16   68 0.64
  12   36 0.80
   5   28 0.90
   4   51 0.90
   3   47 0.40
  42   71 0.29
  39   87 0.82
  26   72 0.84
  39   39 0.71
   7   19 0.85

   7   51 0.68
   4   14 0.05
  44  100 0.01
   1   61 0.58
   7   59 0.72
  38   61 0.32
  10   20 0.92
   0   67 0.16
  38   57 0.35
  13   19 0.92
   6   49 0.51
  16   79 0.81
  11   30 0.05
  41   81 0.40
  28   90 0.02
  29   67 0.31
  26   89 0.63
  22   88 0.95
   9   15 0.75
   6   10 0.95

  20   35 0.01
  21   46 0.70
  10   76 0.59
   8   43 0.08
   9   60 0.77
  44   72 0.95
  32   95 0.98
  38   54 0.73
   7   52 0.12
  19   79 0.99
  25   90 0.63
  18   35 0.88
  24   74 0.73
  37   77 0.71
  35   53 0.94
   7   26 0.32
  23   35 0.51
  30   60 0.10
  12   47 0.40
   4   21 0.64

   3   29 0.02
  24   48 0.67
   0   32 0.92
   6   19 0.28
  11   26 0.78
  14   52 0.81
  20   86 0.27
   6   71 0.08
   2   48 0.23
  43   59 0.66
  18   18 0.17
  38   55 0.15
  41   82 0.53
  22   25 0.33
  40   54 0.41
   8   72 0.30
  18   47 0.35
   6    7 0.86
  41   89 0.24
  31   43 0.21

  32   95 0.25
  31   88 0.16
  40   70 0.97
  16   26 0.17
  27   36 0.90
  27   34 0.45
  29   39 0.88
   2   63 0.44
  12   34 0.30
  26   55 0.81
   3   35 0.59
  22   79 0.93
  26   40 0.89
  34   47 0.12
  21   75 0.32
  25   89 0.43
   9   17 0.81
  42   89 0.52
  39   90 0.21
  18   27 0.84

  31   32 0.17
  11   33 0.06
  39   60 0.48
  24   73 0.01
  39   85 0.21
   2   67 0.28
   0   20 0.91
  21   31 0.88
  14   15 0.92
   8   53 0.60
   8   45 0.80
  30   46 0.06
  28   33 0.00
  19   78 0.87
   9   53 0.17
   0   30 0.54
  12   47 0.01
  42   86 0.85
  43   53 0.66
   6   51 0.94

  39   87 0.97
   4   15 0.26
  13   23 0.02
  35   98 0.31
  30   65 0.35
   1   27 0.60
  11   32 0.51
   2   49 0.43
   8   73 0.82
  42   80 0.44
  25   49 0.88
  10   26 0.31
  38   86 0.51
  18   68 0.23
  43   84 0.85
  36   79 0.57
  37   55 0.26
  34   45 0.31
   3   32 0.65
  28   85 0.88

