4 20 4
12    2  16  10  10   4  16   4   2  16   4   4  10

  10   27 0.44
  24   43 0.80
  26  112 0.80
  17   30 0.94
   9   37 0.37
   0    4 0.46
   0   17 0.04
  24   66 0.50
  26   66 0.48
   3   93 0.51
  16   61 0.13
  28   97 0.35
  28   85 0.23
   9   39 0.61
   1   82 0.26
  15   64 0.78
   9   45 0.44
   7   48 0.22
  25  111 0.99
  24   85 0.87

  13   22 0.96
   8   21 0.06
  16   80 0.00
  12   76 0.83
   7   47 0.93
  19   63 0.09
  25   84 0.55
  13   58 0.36
  24   66 0.16
  16   43 0.75
   7   12 0.98
  17   41 0.07
  16   85 0.26
   1   34 0.43
  12   96 0.39
   4   90 0.02
   4   25 0.45
  21   32 0.09
   2   52 0.52
   5   40 0.82

  11   13 0.58
   4   33 0.04
   0    0 0.11
  29   40 0.91
  24   43 0.53
   2   27 0.00
  20   53 0.36
   3   75 0.62
  14   57 0.31
  21   58 0.85
  20   90 0.16
   6   52 0.10
  20   70 0.30
   5   59 0.12
  11   71 0.15
   7   26 0.31
  15   79 0.34
  16   35 0.16
   0   19 0.50
  26   66 0.55

   0   70 0.47
  23   88 0.48
  14   50 0.79
   6   29 0.82
  15  100 0.07
  28   36 0.23
  24   51 0.83
   1   36 0.40
   4   73 0.54
  27   62 0.88
  21   85 0.60
   4   76 0.89
   0   57 0.12
  27   89 0.08
  19   90 0.64
  16   25 0.80
  21   88 0.06
   2   58 0.61
  10   37 0.81
   1   60 0.75

   5   81 0.91
  27   97 0.69
  24  109 0.03
  24   89 0.49
  13   16 0.53
  17   63 0.30
  12   62 0.34
  25   29 0.81
  13   96 0.35
  20   51 0.67
  16  101 0.91
  22   88 0.48
   3   29 0.53
  10   85 0.91
   5   68 0.94
  29   66 0.58
   5   48 0.06
  20   28 0.41
   1   82 0.50
   6   14 0.30

   0   32 0.25
  28   50 0.88
  13   89 0.45
   3   65 0.17
  28   84 0.86
  13   70 0.68
   4   70 0.00
  10   57 0.14
   9   36 0.15
  12   82 0.65
  27  101 0.25
  25   63 0.27
  19   62 0.31
  21   36 0.34
  27   59 0.52
   2   39 0.79
  14   30 0.81
   7   92 0.10
   6   64 0.11
  24   96 0.18

  18   78 0.08
  29   46 0.22
   4   75 0.81
  25   98 0.05
   5   22 0.78
  27   82 0.25
  19   36 0.21
  17   58 0.97
   5   79 0.80
   4   62 0.64
  17   91 0.19
  29  111 0.10
   6   81 0.68
  25   65 0.41
   1   34 0.55
   5   33 0.23
   6   80 0.93
   0   24 0.36
   7   82 0.93
  12   62 0.61

   6   25 0.70
  29   55 0.67
  20   37 0.24
  12   69 0.72
  22  101 0.92
   8   39 0.26
   4   11 0.62
  22   26 0.09
  15   92 0.54
   7   53 0.33
   4   21 0.52
  24   47 0.32
  28  107 0.66
   2   37 0.56
  19  109 0.27
   1   52 0.40
  29   35 0.87
  26   47 0.06
   5   38 0.94
   8   73 0.09

   3   31 0.87
   2   89 0.77
   4   33 0.49
  26   90 0.82
   8   13 0.18
  13   27 0.14
  18   78 0.61
   7   91 0.36
   4   33 0.80
  24  100 0.75
  25   72 0.21
   7   49 0.49
  26   37 0.78
   5    5 0.88
  27   37 0.30
   8   10 0.68
   8   43 0.84
  23   54 0.66
  25   84 0.18
  13   29 0.29

   8   26 0.65
  28   89 0.18
   5    5 0.98
  10   59 0.25
  23   86 0.92
  28  106 0.62
  26  112 0.84
  25   93 0.91
  14   50 0.31
   6   39 0.53
   7   13 0.50
  28   72 0.05
  27   84 0.25
   1   77 0.12
  23  111 0.77
  12   96 0.04
  12   47 0.56
  24   83 0.03
   9   80 0.01
  11   50 0.58

   2   36 0.63
  28   89 0.37
   2   30 0.82
  11   92 0.62
  28   95 0.32
   8   15 0.12
  15   68 0.22
  23   70 0.49
  11   20 0.90
  20   58 0.65
  28   96 0.12
  19   94 0.28
   9   72 0.57
  20   71 0.78
  24   27 0.45
  26  110 0.67
  17   68 0.71
  15   59 0.11
  10   66 0.21
   3   77 0.56

  24   49 0.14
  20   64 0.15
   6   28 0.13
  16   48 0.73
  21   99 0.58
  16   30 0.52
  25   67 0.19
   6   13 0.22
  12   38 0.24
  29   66 0.42
  20   73 0.69
  27   85 0.31
  26   68 0.99
  11   59 0.87
  27   41 0.46
  28   82 0.40
  24   35 0.14
   2   80 0.58
  27   79 0.09
  26   71 0.58

