5 40 4
6   10  20  16   4   4   4

  40   40 0.53
  23   23 0.71
  23   34 0.39
  67  108 0.68
  35   74 0.09
  41   70 0.53
  27   65 0.09
  19   55 0.58
  72   97 0.95
  58   94 0.78
  64   94 0.58
  37   55 0.87
  18   35 0.83
  33   78 0.69
  21   59 0.57
  42   93 0.09
  45   90 0.52
  74   84 0.97
  81  125 0.62
  43   67 0.14
  74  102 0.14
  21   75 0.28
   2    6 0.64
   8   55 0.17
  43   88 0.48
  72  125 0.24
  69  114 0.49
  46   53 0.64
  80  129 0.07
  72   80 0.50
  40   78 0.28
  65  112 0.66
   8   54 0.16
  29   73 0.62
  59  110 0.95
  35   52 0.28
  11   40 0.31
   5   27 0.99
  84  136 0.17
  35   61 0.70

  14   51 0.03
  44   53 0.11
  25   41 0.62
  80   80 0.24
  71  116 0.45
  43   47 0.52
  49  101 0.81
  25   51 0.16
  62   88 0.17
   9   56 0.76
   7   27 0.41
  35   87 0.14
  81  132 0.82
  37   37 0.15
  79  127 0.83
  45   78 0.29
  45   91 0.21
  81  118 0.24
  48   67 0.55
  72  122 0.76
  42   88 0.60
   4   17 0.06
  15   71 0.13
  10   67 0.78
  22   51 0.01
  10   54 0.35
  83  132 0.31
  55   93 0.46
  12   14 0.06
  16   36 0.01
   9   39 0.80
  81  106 0.58
  45   72 0.18
  39   87 0.27
  26   80 0.87
  36   83 0.80
  23   23 0.17
  59   99 0.42
  82   84 0.69
  80  111 0.30

  60   81 0.15
  79   89 0.69
  36   68 0.67
   9   46 0.91
  11   61 0.39
  34   65 0.07
  70   76 0.72
  50   78 0.90
  79  127 0.41
  26   44 0.19
  82   87 0.85
  46   57 0.67
  32   45 0.25
  52  102 0.45
  15   38 0.66
  82  121 0.35
  72  104 0.91
  37   71 0.38
  52   61 0.53
  19   51 0.64
  27   39 0.74
  80  126 0.32
  16   44 0.37
  30   52 0.58
  10   30 0.62
  55   96 0.83
   8   15 0.17
  81   97 0.24
  25   47 0.75
  53   76 0.39
  66  117 0.45
  14   53 0.30
  65  120 0.39
  81  118 0.80
  10   35 0.40
  66  101 0.81
  45   52 0.76
  70  101 0.75
  23   60 0.07
   3   35 0.35

  23   28 0.53
  13   39 0.10
  47   57 0.65
  39   57 0.50
  22   72 0.79
  38   93 0.14
  32   40 0.63
  78   78 0.39
  74   96 0.23
  59   92 0.35
  68  104 0.23
   4   21 0.48
   5   32 0.10
   0   15 0.27
  78   85 0.72
  53   71 0.06
  24   26 0.64
  14   56 0.15
  18   40 0.24
  29   50 0.11
  16   70 0.68
  76   91 0.39
  40   94 0.73
  40   67 0.36
  32   79 0.64
  62   87 0.29
  63  110 0.52
  83  104 0.77
  10   10 0.85
  62   78 0.20
  48   74 0.12
   4   43 0.05
  57  101 0.49
   3   20 0.01
  27   57 0.14
   9   14 0.91
  56   60 0.37
  69  112 0.90
  34   76 0.89
  26   26 0.26

  22   64 0.12
  48   92 0.98
  35   46 0.95
  37   75 0.14
  51   51 0.55
  59  100 0.16
  32   49 0.09
   6   17 0.79
  48   70 0.11
  33   61 0.03
  85   93 0.40
  74  115 0.18
  63   83 0.40
   1   40 0.34
  13   66 0.25
   4   35 0.68
  75  113 0.15
  37   66 0.08
  38   66 0.51
  34   91 0.54
   6   34 0.91
   1   18 0.66
  25   29 0.47
  22   72 0.07
   9   24 0.68
  43   96 0.48
  76   79 0.39
  12   59 0.77
  26   77 0.73
  18   60 0.13
  15   23 0.70
   0   49 0.98
  10   33 0.59
  36   37 0.10
  56   85 0.47
  37   37 0.64
   0   37 0.49
  18   38 0.57
  63   72 0.80
  83   86 0.20

  28   46 0.32
  47   73 0.71
  61  101 0.49
  46   68 0.71
  50   51 0.66
  72   84 0.75
  82  136 0.81
  86  115 0.83
  38   62 0.00
  16   54 0.92
  17   28 0.46
  79   83 0.08
  38   49 0.14
  82  107 0.37
  36   56 0.12
   0   11 0.21
  32   44 0.03
  79   87 0.79
  18   48 0.10
  25   51 0.77
  35   90 0.31
   5   44 0.83
  57  102 0.03
  44   83 0.69
  32   53 0.43
  70   70 0.68
  12   27 0.14
  53   66 0.24
  82  129 0.62
  68  101 0.36
  67   85 0.57
  13   65 0.09
  41   41 0.78
  51  102 0.23
  63   83 0.00
  16   20 0.56
  17   71 0.91
  33   81 0.75
  58   95 0.94
   5    7 0.76

