3 20 8
12   16   2   4   2  20  10  10  16  16  10   4  16

  43   59 0.01
  72   83 0.52
  20   20 0.39
  53   53 0.79
  65   69 0.19
  61   72 0.64
  70   78 0.70
  20   24 0.43
  21   44 0.08
  28   45 0.12
   5   23 0.08
  77  100 0.77
  45   48 0.10
  51   53 0.56
  38   49 0.64
  61   64 0.03
  12   31 0.37
  27   31 0.17
  77   83 0.54
  66   83 0.49

   1   14 0.00
   8   25 0.26
  31   46 0.39
  56   56 0.82
  13   27 0.53
  61   67 0.23
  52   76 0.65
  62   85 0.90
   7   31 0.56
  16   40 0.61
  64   77 0.84
  24   48 0.67
  75   97 0.28
  14   30 0.66
   3   25 0.24
  25   34 0.65
  32   50 0.00
  17   24 0.62
  70   73 0.16
  42   51 0.97

  21   44 0.99
  36   54 0.46
  23   44 0.70
  65   75 0.64
  30   33 0.34
   7   32 0.32
  73   91 0.44
  64   86 0.94
  28   29 0.38
  45   47 0.10
  21   22 0.07
  69   90 0.84
  68   68 0.50
  35   52 0.83
  55   60 0.95
  29   42 0.73
  43   43 0.58
  23   36 0.04
  26   45 0.90
  69   76 0.77

  53   73 0.68
   6   14 0.20
  12   16 0.25
  50   62 0.58
   0   18 0.41
  77  102 0.98
  17   28 0.23
  58   78 0.28
  36   53 0.28
  33   36 0.01
  18   26 0.03
  52   76 0.54
  18   42 0.51
   8   26 0.72
  75   96 0.09
  19   19 0.66
  57   59 0.39
  49   61 0.56
  73   76 0.60
  72   87 0.26

  69   76 0.74
  46   61 0.07
   2   24 0.35
  48   60 0.92
  74   82 0.62
   7   24 0.62
  57   64 0.84
  31   47 0.87
  33   43 0.16
  12   36 0.45
  16   28 0.49
   5    8 0.14
  63   66 0.20
  61   77 0.26
   9   31 0.66
   4   29 0.37
  62   66 0.50
  55   55 0.56
  18   41 0.38
  45   51 0.42

  65   88 0.70
  48   59 0.86
  58   58 0.53
  58   74 0.83
  59   70 0.73
  69   79 0.11
  12   18 0.93
   2   17 0.45
  76   87 0.17
  30   38 0.79
  61   68 0.20
   8   15 0.95
  59   69 0.62
  47   58 0.09
  24   24 0.82
   7   32 0.31
  34   47 0.92
  65   70 0.71
  42   48 0.16
  29   45 0.24

  64   72 0.63
  77   84 0.84
  51   55 0.05
  45   61 0.01
  39   54 0.69
  29   52 0.56
  28   45 0.22
  65   69 0.14
   1   16 0.83
  28   39 0.77
  22   25 0.91
  15   21 0.57
   8   33 0.35
  45   50 0.32
  48   62 0.28
  73   73 0.74
  50   53 0.92
  22   42 0.78
  35   40 0.50
  54   78 0.42

  50   64 0.27
  72   81 0.01
  23   27 0.80
  18   28 0.53
  64   86 0.73
  19   23 0.23
  66   85 0.88
  71   71 0.75
  46   67 0.33
  32   43 0.37
  14   37 0.77
  56   73 0.04
  16   32 0.87
  64   89 0.50
  10   33 0.85
  10   26 0.83
  60   74 0.46
  19   34 0.33
  36   49 0.23
  68   74 0.19

  20   38 0.86
  26   31 0.33
   7   19 0.08
  21   46 0.96
  11   13 0.97
  55   72 0.76
  67   89 0.06
  62   73 0.77
  67   87 0.56
  13   32 0.26
  27   34 0.40
  13   35 0.34
  22   35 0.69
  43   55 0.43
  70   77 0.03
  18   41 0.76
  29   36 0.99
   0    6 0.19
   0   16 0.57
  22   39 0.62

   5   13 0.44
  71   88 0.68
  62   83 0.65
  13   23 0.39
  76   99 0.65
  46   60 0.46
  32   40 0.10
  71   93 0.38
  68   74 0.83
  40   61 0.70
  15   16 0.03
  72   78 0.74
  17   41 0.93
   5   15 0.59
  11   17 0.67
  44   59 0.86
   0   24 0.70
   4   27 0.33
  60   75 0.37
  41   44 0.35

  20   32 0.01
   9   12 0.67
  50   52 0.78
  14   25 0.07
  66   67 0.75
  26   36 0.69
  56   57 0.34
  23   29 0.64
  54   56 0.16
  63   81 0.65
  53   63 0.16
   2   21 0.14
  11   16 0.89
  10   30 0.90
  66   67 0.21
  25   30 0.66
  49   69 0.24
  53   58 0.33
   4   20 0.64
  14   15 0.60

  15   17 0.16
  67   83 0.86
  32   50 0.15
  74   81 0.26
  59   73 0.59
  18   30 0.24
  23   33 0.80
   9   12 0.01
  63   88 0.70
  16   21 0.00
  60   62 0.22
   0    7 0.75
  13   21 0.84
  37   44 0.48
  71   84 0.82
   1   19 0.23
  20   36 0.18
  58   65 0.26
  28   50 0.65
  47   53 0.10

