4 100 4
3    4  16   4

  73   96 0.53
  22   49 0.63
  29   50 0.48
  18   23 0.89
  12   22 0.11
  40   57 0.64
  72   75 0.25
  40   52 0.48
  70  101 0.25
  48   60 0.95
  24   25 0.05
  21   53 0.32
  20   51 0.04
  31   48 0.31
  62   77 0.86
  37   38 0.64
   3    6 0.11
   0   31 0.57
  19   20 0.25
  34   35 0.76
  21   57 0.90
  28   52 0.24
  54   73 0.50
  17   43 0.66
  46   48 0.67
  50   50 0.40
  15   29 0.09
  36   60 0.23
  51   60 0.64
  28   55 0.01
  70  106 0.07
  22   28 0.25
  34   57 0.68
   0   14 0.51
  64   78 0.73
  37   62 0.38
  73  103 0.26
  27   45 0.64
  50   52 0.53
  21   21 0.77
  48   74 0.39
  26   33 0.13
   1    3 0.05
  14   19 0.96
  25   36 0.86
  42   61 0.94
  19   40 0.05
  32   49 0.47
  52   86 0.73
  59   79 0.21
  62   71 0.27
  47   58 0.55
  61   78 0.61
  37   58 0.31
  12   45 0.18
  16   47 0.61
   0    3 0.30
   5   22 0.68
  23   24 0.42
   5   10 0.84
  39   72 0.37
  55   60 0.09
  55   75 0.85
  51   68 0.72
   6   28 0.07
  59   94 0.00
  28   40 0.23
  57   70 0.69
  24   27 0.83
  14   50 0.92
  15   35 0.59
  35   55 0.03
  11   12 0.61
  68   80 0.93
  44   80 0.14
  63   91 0.32
   4   35 0.84
  70   88 0.33
  55   74 0.96
  52   61 0.80
   4   19 0.10
  56   64 0.96
  46   65 0.16
  59   77 0.55
  12   25 0.06
  58   92 0.74
  18   35 0.75
  47   72 0.44
  39   54 0.07
  33   46 0.42
   6   14 0.76
  74   79 0.68
   1    2 0.86
  17   30 0.86
  64   80 0.75
  29   46 0.13
  53   70 0.68
  25   25 0.48
   6   17 0.36
   4   39 0.25

  64   75 0.30
  48   60 0.03
  10   11 0.05
  67   88 0.10
  46   70 0.45
  39   53 0.79
   1   26 0.40
  32   52 0.47
  37   59 0.50
  31   36 0.49
  36   63 0.82
  71   92 0.55
  74   91 0.01
  67   89 0.08
  49   56 0.43
  54   68 0.97
  49   71 0.93
  61   68 0.71
  11   31 0.81
  33   57 0.84
  51   62 0.16
  34   44 0.43
  71   80 0.19
  48   63 0.12
  41   64 0.75
   3    4 0.80
  17   34 0.75
  57   64 0.01
   6   29 0.16
  56   83 0.73
  58   93 0.15
  71   80 0.34
  37   61 0.58
  28   56 0.77
  19   44 0.14
  71   91 0.49
  66   99 0.05
  45   56 0.55
  16   21 0.25
  32   66 0.70
  13   25 0.84
  47   51 0.35
  44   75 0.75
  26   60 0.25
  16   35 0.92
  46   78 0.23
  44   46 0.00
  43   66 0.48
  71  101 0.69
  26   26 0.64
  74   97 0.81
  45   62 0.17
  64   94 0.02
  33   35 0.25
  16   38 0.82
  49   83 0.31
  62   94 0.72
  47   73 0.91
  17   30 0.75
   4   31 0.91
   9   24 0.39
  70   75 0.94
  53   56 0.37
  12   40 0.05
  57   74 0.05
   2   25 0.54
  27   38 0.87
  60   73 0.37
  66   95 0.51
  10   42 0.82
  50   56 0.15
  28   28 0.44
  67   98 0.62
  32   35 0.70
  12   47 0.39
   2   11 0.14
  27   35 0.17
   8   19 0.47
  39   69 0.44
  51   64 0.93
  18   23 0.96
   4   28 0.87
  26   47 0.74
  46   64 0.38
  23   58 0.40
   5   14 0.17
  35   64 0.77
  46   66 0.30
  66   69 0.92
  18   42 0.47
   8   17 0.82
   5   18 0.04
  18   30 0.56
   4   39 0.38
   8   37 0.77
  53   85 0.30
  37   71 0.17
  17   37 0.94
  27   58 0.18
  48   72 0.89

  16   41 0.21
  61   83 0.22
  38   71 0.93
  20   32 0.94
   0   31 0.39
  52   84 0.25
  55   91 0.59
  53   74 0.37
  14   32 0.45
  55   79 0.59
  27   63 0.06
  60   67 0.31
   3   20 0.08
  48   71 0.30
  48   57 0.45
  71   78 0.15
  15   34 0.32
  50   59 0.56
  21   22 0.56
  62   68 0.21
  28   64 0.32
  23   53 0.32
  25   32 0.57
  57   87 0.24
  14   31 0.81
   7   10 0.39
  54   54 0.83
  70  100 0.16
  66   84 0.55
  72  101 0.50
  41   72 0.18
  12   23 0.22
  36   65 0.16
  40   59 0.17
  32   51 0.12
  28   39 0.91
  28   43 0.16
  29   31 0.30
  61   82 0.07
  12   47 0.15
   6   29 0.68
  57   82 0.14
  61   62 0.18
  53   76 0.11
  16   43 0.53
  74   79 0.40
  64   89 0.65
  63   86 0.45
  56   65 0.08
  19   31 0.84
  56   84 0.76
  45   45 0.71
   7   39 0.65
   7   33 0.86
  43   60 0.79
  27   46 0.70
  11   13 0.88
  22   24 0.36
  66   85 0.07
  21   33 0.88
  41   58 0.23
  57   90 0.64
  17   25 0.20
  69   78 0.80
  31   41 0.27
   4   24 0.81
  65   82 0.27
  18   22 0.28
  69   85 0.37
  20   43 0.40
  16   40 0.69
  54   70 0.31
  29   46 0.41
  56   58 0.06
   1    3 0.49
  59   60 0.97
  16   44 0.61
  51   80 0.57
  53   77 0.58
  17   48 0.24
  56   83 0.93
  11   27 0.19
  36   63 0.24
  38   66 0.93
  35   56 0.36
   6   23 0.42
  52   58 0.16
  29   31 0.26
  54   68 0.14
  53   88 0.13
  47   64 0.02
  48   63 0.81
  47   50 0.68
  46   66 0.37
  61   86 0.38
  24   37 0.10
  21   44 0.80
  39   60 0.00
  69   86 0.30
  42   53 0.41

