4 30 4
6    2   4  20  10  20  10

  33   42 0.33
  18   44 0.58
  58   70 0.62
  32   34 0.43
  22   27 0.96
  41   64 0.94
  15   27 0.77
  13   13 0.57
  14   31 0.36
  21   23 0.96
  45   64 0.19
  31   54 0.66
  33   59 0.05
  35   49 0.70
  47   56 0.73
  43   56 0.13
  10   11 0.36
  51   58 0.70
  40   58 0.76
  43   62 0.80
  33   37 0.29
  22   37 0.78
   8    9 0.83
  21   49 0.04
  50   56 0.45
  18   39 0.56
  36   54 0.20
  19   44 0.20
  47   72 0.04
   1   24 0.90

  15   19 0.60
   5   29 0.18
  24   26 0.34
  13   24 0.60
  38   47 0.71
  54   62 0.87
   3   31 0.38
  22   26 0.33
  20   23 0.04
  35   57 0.28
   5    8 0.39
  32   53 0.92
   6    7 0.49
  16   24 0.53
  34   57 0.39
   7   11 0.51
  56   63 0.62
  27   27 0.85
  23   39 0.17
  14   31 0.51
  60   75 0.73
  44   63 0.19
  22   37 0.38
  41   63 0.78
  59   82 0.21
  10   21 0.00
  16   42 0.34
  38   60 0.34
   0    4 0.85
  49   53 0.73

  25   51 0.56
  42   64 0.35
  52   76 0.03
  29   47 0.58
   8    8 0.96
   9   16 0.63
   0   14 0.49
  22   24 0.39
  28   30 0.04
  35   43 0.60
  38   38 0.84
  13   34 0.59
  25   41 0.85
  22   42 0.34
   6   11 0.56
  50   70 0.34
  20   40 0.15
  21   27 0.53
  21   37 0.10
  12   40 0.60
  48   77 0.14
   7   17 0.62
   3   16 0.51
  26   28 0.02
  50   60 0.71
  56   84 0.45
  42   67 0.49
  31   48 0.35
  14   28 0.30
   2   27 0.86

  48   52 0.71
  25   50 0.64
  52   63 0.90
  45   56 0.61
  13   39 0.22
  32   35 0.48
  56   58 0.82
  28   51 0.15
   2   25 0.17
  20   40 0.12
  42   50 0.77
  44   71 0.10
  57   80 0.53
  26   37 0.37
   3    8 0.93
   8   23 0.14
  57   74 0.26
  60   67 0.50
   5   12 0.76
  16   28 0.82
  10   29 0.57
  36   45 0.71
  12   16 0.48
  34   56 0.13
  17   29 0.71
  27   34 0.42
  56   58 0.35
  36   57 0.89
  29   47 0.13
  44   72 0.38

   2   29 0.53
  46   63 0.21
   2   12 0.81
   0    1 0.54
  14   18 0.56
  22   50 0.93
  29   41 0.52
   8   11 0.19
   7    7 0.29
  24   28 0.55
   1   14 0.04
  36   44 0.21
  41   55 0.94
  53   65 0.69
   6   35 0.03
  15   23 0.34
  36   38 0.84
  11   21 0.50
  55   65 0.53
   0   24 0.44
  43   71 0.47
  15   31 0.84
   2   11 0.64
  60   81 0.80
  11   37 0.30
  20   34 0.41
  33   44 0.98
  44   48 0.55
  37   54 0.23
  23   26 0.32

  36   50 0.87
  10   18 0.60
  60   67 0.90
  54   60 0.35
  22   26 0.30
  36   48 0.70
  38   54 0.57
  14   14 0.36
   3   16 0.12
  57   85 0.24
   6    7 0.01
  27   55 0.53
  21   22 0.12
  42   65 0.82
  11   14 0.03
  59   75 0.27
  35   48 0.55
  25   41 0.47
  24   46 0.78
  56   59 0.89
  50   78 0.04
  27   40 0.64
  19   40 0.03
  17   38 0.52
  31   34 0.81
  46   72 0.62
   5   26 0.45
  30   55 0.46
  32   52 0.38
  50   79 0.59

