4 60 4
3    2  10  16

  29   51 0.08
  20   24 0.72
  13   31 0.14
  14   34 0.16
   6    7 0.44
  25   25 0.31
  48   62 0.13
  24   32 0.64
  44   61 0.37
  37   40 0.66
   9   21 0.00
  13   31 0.53
  35   45 0.06
  34   35 0.44
  40   62 0.36
  46   67 0.75
   2   23 0.10
  45   68 0.02
  37   47 0.31
  19   28 0.15
  33   51 0.55
  37   45 0.63
  10   27 0.15
  22   31 0.21
   1   24 0.38
   4   18 0.68
   9   24 0.48
   7    7 0.91
  37   37 0.11
  18   42 0.96
  40   60 0.69
  39   45 0.09
  21   27 0.47
  35   50 0.11
   8   22 0.04
  38   46 0.35
  22   25 0.71
  48   66 0.19
  33   55 0.05
   9    9 0.07
  44   66 0.46
  41   52 0.07
  10   11 0.30
   1    8 0.70
  43   62 0.98
  45   57 0.80
  24   41 0.89
  44   60 0.20
   6   31 0.56
  40   58 0.57
  31   39 0.65
  41   54 0.66
  44   69 0.66
  21   33 0.55
  14   35 0.13
  38   50 0.25
  49   56 0.57
  42   65 0.16
  11   26 0.61
  27   39 0.28

  39   50 0.11
  32   50 0.47
  50   59 0.78
   6   19 0.63
  28   28 0.77
  38   38 0.84
  35   57 0.29
  26   30 0.29
  15   20 0.28
  18   36 0.09
  12   15 0.79
  14   39 0.65
  17   26 0.73
   7   23 0.61
  44   58 0.36
   7   26 0.29
  51   62 0.51
  25   42 0.24
  49   49 0.41
  11   26 0.11
  49   70 0.33
   2   24 0.63
  37   58 0.46
  14   18 0.02
  21   39 0.76
  48   60 0.52
  23   29 0.97
   8   23 0.72
   8   25 0.26
  47   47 0.61
  47   67 0.43
   1    5 0.72
  45   47 0.62
   0    8 0.14
  48   60 0.16
  23   46 0.97
  44   66 0.23
  10   11 0.64
  29   52 0.93
  38   46 0.99
  17   22 0.84
   8   22 0.52
  18   33 0.11
  33   55 0.51
  46   69 0.70
  24   24 0.47
  44   56 0.59
  42   49 0.54
  49   68 0.20
  47   51 0.44
  50   61 0.61
  30   46 0.51
  33   41 0.73
   9   26 0.59
  34   52 0.91
  31   52 0.09
  31   34 0.68
  42   50 0.15
  12   24 0.62
  26   47 0.37

  24   39 0.60
   5   11 0.07
   5   24 0.97
   1    9 0.49
  10   17 0.55
  41   55 0.24
   3   16 0.84
  32   47 0.65
   3   23 0.91
  10   25 0.91
  34   55 0.95
  22   45 0.90
   9   10 0.74
   1   11 0.21
   3   25 0.53
  31   33 0.67
   7   10 0.79
  39   64 0.50
  25   32 0.68
  16   18 0.74
  26   31 0.97
  34   51 0.26
   8   20 0.89
  19   19 0.36
   8   14 0.25
  36   43 0.50
  34   48 0.46
   0   12 0.17
  38   54 0.98
  48   72 0.24
  43   52 0.18
  51   75 0.82
  48   73 0.27
  30   54 0.53
  44   57 0.57
  47   50 0.60
  38   53 0.47
  39   57 0.86
  18   43 0.33
  34   55 0.05
   8   19 0.44
  50   63 0.04
   4   17 0.61
  22   28 0.81
  33   48 0.38
  50   64 0.31
   6   26 0.36
  40   46 0.71
  40   54 0.98
  48   73 0.54
  16   36 0.56
  51   58 0.27
  31   50 0.11
  30   41 0.73
  15   29 0.49
  16   21 0.86
   1    6 0.96
  43   47 0.39
  26   51 0.83
   4   26 0.28

