4 50 8
6   16  10   4  10  10  10

  13   22 0.23
  12   23 0.90
  17   56 0.27
   5   15 0.74
  11   46 0.21
   5   22 0.45
  11   23 0.12
   7   35 0.24
  14   21 0.03
  10   51 0.29
   2   26 0.77
   2   45 0.08
  17   61 0.82
   8   27 0.27
  22   65 0.39
   1    2 0.36
   7   17 0.76
  12   17 0.19
  15   47 0.10
   3    6 0.81
  22   54 0.91
   6   10 0.47
  10   16 0.24
  13   49 0.75
  17   53 0.59
  10   38 0.34
  18   48 0.58
  10   23 0.80
  12   15 0.53
   1    4 0.21
   6   24 0.95
  19   37 0.49
   9   21 0.96
   1    6 0.91
   1   42 0.43
   9   27 0.58
  22   54 0.53
   6   40 0.84
  15   25 0.85
  17   44 0.20
  12   24 0.94
   3   45 0.56
   7   38 0.68
   2    7 0.52
  13   34 0.15
   9   14 0.56
  20   44 0.96
   4   38 0.78
  13   46 0.98
   4   40 0.82

  16   40 0.81
  17   26 0.10
  14   32 0.44
   6   39 0.64
  20   28 0.42
  21   22 0.94
   1   17 0.19
   6   23 0.73
  21   43 0.42
  18   26 0.64
  20   26 0.77
   7   41 0.04
  11   22 0.52
  12   27 0.13
   7   36 0.34
  15   25 0.86
  11   14 0.65
  21   34 0.15
  13   54 0.33
  20   46 0.54
   8    9 0.23
   7   11 0.99
  20   21 0.69
  15   20 0.14
  14   23 0.35
   2   14 0.67
   0   18 0.38
   4   47 0.59
  19   19 0.91
   8   22 0.22
   8   53 0.29
   0    1 0.45
   4   32 0.37
   4   26 0.36
  18   28 0.05
   2   35 0.37
  20   64 0.74
  15   25 0.92
  17   30 0.38
  16   41 0.44
  15   60 0.35
  14   32 0.43
  11   22 0.56
  21   42 0.57
   1   30 0.32
   9   29 0.71
   9   11 0.56
  16   58 0.96
   4   14 0.30
  21   23 0.16

  21   45 0.53
  10   30 0.32
   0   28 0.03
  12   17 0.34
  15   43 0.18
  13   56 0.86
  15   36 0.95
   7   37 0.99
   2   17 0.22
   0   19 0.28
  16   22 0.86
   2    2 0.07
   6   18 0.04
   3   36 0.98
  21   57 0.19
   7   17 0.94
   1   21 0.61
   8   13 0.14
  17   62 0.07
  22   26 0.17
  13   18 0.71
   4   33 0.13
   4   15 0.07
   3   43 0.52
  17   56 0.64
   7   52 0.24
   1   35 0.59
  15   22 0.54
   1   14 0.82
  11   51 0.12
   1   34 0.48
  13   49 0.33
  20   31 0.60
  18   24 0.38
  13   16 0.23
   7   41 0.16
  22   33 0.29
  18   24 0.58
   0   14 0.38
   9   45 0.74
   2   46 0.52
  11   37 0.99
  10   31 0.63
  13   19 0.26
   9   29 0.24
   8   51 0.27
  13   40 0.07
  20   31 0.96
  21   22 0.81
   6    8 0.55

   6   44 0.85
  20   25 0.06
  10   24 0.07
  21   21 0.77
   7   32 0.36
   3   17 0.95
   4   44 0.97
   6   31 0.32
  20   39 0.81
  22   52 0.50
   5   17 0.61
  13   44 0.12
  17   36 0.36
  19   24 0.11
   5   23 0.47
   7   48 0.04
   9   15 0.41
  19   39 0.21
  13   42 0.59
  18   39 0.36
   6   11 0.98
   5   23 0.44
  20   53 0.63
  19   26 0.19
   1   38 0.36
   1   35 0.90
  19   47 0.25
   5   12 0.08
   7   33 0.58
  16   28 0.51
  19   22 0.85
   3   40 0.64
  11   44 0.12
  10   13 0.78
   7   33 0.33
  20   22 0.28
   6   38 0.08
  13   15 0.80
   6   20 0.65
  22   61 0.19
  22   60 0.34
   8   45 0.96
   2   15 0.13
  16   57 0.42
  12   30 0.87
   5   14 0.28
   2   24 0.89
   5    7 0.73
   6   28 0.71
  13   18 0.50

   6   27 0.28
   5   48 0.94
  15   20 0.46
  17   19 0.04
  12   50 0.08
  11   17 0.13
  17   33 0.99
  19   58 0.63
   7   13 0.70
  18   52 0.51
  12   54 0.66
   6   48 0.74
  11   30 0.04
   1   39 0.56
  21   60 0.12
  10   36 0.73
  22   63 0.70
  15   21 0.81
  22   37 0.17
  13   13 0.52
  18   27 0.25
  11   28 0.63
  12   50 0.14
   5   14 0.50
   5   12 0.50
  19   40 0.72
   4   11 0.67
  17   20 0.35
  17   34 0.79
   7   26 0.03
  17   57 0.87
   8   35 0.86
  13   14 0.87
  16   56 0.62
   2   18 0.29
  15   26 0.50
   4   15 0.51
   8   50 0.54
   1   30 0.14
  11   40 0.65
  18   47 0.59
  17   51 0.91
  21   31 0.33
  20   37 0.17
   5    7 0.54
  14   59 0.60
  10   46 0.74
  10   48 0.87
  22   46 0.38
  19   59 0.18

  20   31 0.62
  18   28 0.26
   4   38 0.51
   9   45 0.93
   3   17 0.73
  12   35 0.59
  15   29 0.22
   9   33 0.67
  18   24 0.82
  22   25 0.49
   4   22 0.56
  11   26 0.24
  12   46 0.84
  14   39 0.65
  13   37 0.57
  11   24 0.01
   3   36 0.69
   6    7 0.78
  11   27 0.07
   4   20 0.55
   1   41 0.28
   7   19 0.01
   4   36 0.90
  19   27 0.23
   5   39 0.37
   6   37 0.33
  21   49 0.36
   5   36 0.49
  20   27 0.00
   2    9 0.01
   6   49 0.20
  17   60 0.81
  18   23 0.18
   9   43 0.51
   9   50 0.35
   7   46 0.45
   7   12 0.88
  15   50 0.84
   3    7 0.08
  10   36 0.90
   2   13 0.10
  14   57 0.28
  15   15 0.77
   6   15 0.81
  17   38 0.13
   6   50 0.11
  15   49 0.85
  20   39 0.34
   0   14 0.93
  21   51 0.61

