3 80 4
3    4  16   4

  57  106 0.61
  51   96 0.81
   6   76 0.49
  11   22 0.41
   7    7 0.52
   2   66 0.68
  51   88 0.54
  16   68 0.85
  22   63 0.55
  30   46 0.91
  43  127 0.56
  23  100 0.91
  35   79 0.03
  75  165 0.37
  65  109 0.95
   5  121 0.42
  55   84 0.17
  61  152 0.88
  75  136 0.57
  15  125 0.89
  20  116 0.18
  49   97 0.59
  33   85 0.64
  48  158 0.75
  21  110 0.68
  15  111 0.24
   7  117 0.02
  11   73 0.01
  70  152 0.34
  63   93 0.31
  24  143 0.38
  67  102 0.66
  66  104 0.44
  72   99 0.10
  68   99 0.29
  24   62 0.02
  13   42 0.23
   0   84 0.74
  60  155 0.61
  36  125 0.35
  33   49 0.91
   0   96 0.76
  43  114 0.21
  55  118 0.60
  13   43 0.23
  38   83 0.32
  23   58 0.01
  63  159 0.33
  59  178 0.31
  33  109 0.30
  41   64 0.35
  75  151 0.87
  65  138 0.21
  40   90 0.18
  41   56 0.64
  65  158 0.16
  26   99 0.37
  43  107 0.03
  30   65 0.92
  61  159 0.82
  38  137 0.30
  46   92 0.98
   5   40 0.28
  28  109 0.65
  32  124 0.70
  34  149 0.60
   0  111 0.56
  25   37 0.46
  79  118 0.28
  37  126 0.32
   1  106 0.38
  40  105 0.73
  31  125 0.44
  77  132 0.49
   7   77 0.82
  49   52 0.38
  64  116 0.67
  32  135 0.53
  57  170 0.56
  30   51 0.36

  32   32 0.80
  22   24 0.34
   1   99 0.97
  55   55 0.18
  21   32 0.03
  19  131 0.93
  27   50 0.69
  13  104 0.62
  14   43 0.36
  30  122 0.28
  14   79 0.95
  53   72 0.11
  59  150 0.58
  71  111 0.95
  25  130 0.45
  39   90 0.46
  26  119 0.21
  57  102 0.23
  50   94 0.14
  55   93 0.20
  52  131 0.08
  43   97 0.58
  28   72 0.30
  35   85 0.46
   7   53 0.75
  28   58 0.17
  40   40 0.25
  45  109 0.84
  37  114 0.13
  79  118 0.35
  78  156 0.27
  26   28 0.82
  61  172 0.18
  68   89 0.34
  59  138 0.66
  76  160 0.69
  73  184 0.87
  57   83 0.56
  61  112 0.81
  60  154 0.66
  57  134 0.49
   0   52 0.05
  77  187 0.20
  75  124 0.65
  62   81 0.59
  66  182 0.66
  29   32 0.91
  59  108 0.63
  41  113 0.51
  20   20 0.15
  50  105 0.72
  41   83 0.04
  53   97 0.31
  24   36 0.40
  52   92 0.52
  77  179 0.79
  18   23 0.56
   6   11 0.16
   4  122 0.22
   4    9 0.59
  20   53 0.27
  76   98 0.28
  62  104 0.14
  76   98 0.44
  11   71 0.39
  67  177 0.92
  15  133 0.59
   1  120 0.13
   5   64 0.55
   3   61 0.16
  40   77 0.31
  23  119 0.96
  50   59 0.68
  41   72 0.28
  37  104 0.98
  40  116 0.83
  22   32 0.69
   7   50 0.27
   7   30 0.70
  48  106 0.84

  36  106 0.29
  60   81 0.08
  41  153 0.53
  23   64 0.11
  25   40 0.93
  69   95 0.46
  33   78 0.20
  62   97 0.83
   7  124 0.39
   4   54 0.03
   5   69 0.59
  12   16 0.55
   4   45 0.78
  62   89 0.19
  49   86 0.26
  27   94 0.18
  50  146 0.84
  11   16 0.26
  70   77 0.39
  78  142 0.33
   0  106 0.49
  57  110 0.59
   5   64 0.87
  53  156 0.35
  17  123 0.69
  49  143 0.55
  44   92 0.13
  51  135 0.74
  60  116 0.83
  78  179 0.33
   1   47 0.57
  31  111 0.92
  68   97 0.03
  57  165 0.34
  61  115 0.34
  73  156 0.85
  73  120 0.17
  26   91 0.12
  59  101 0.23
  62   97 0.80
  31  108 0.84
  44  132 0.60
  33  119 0.82
  64  132 0.59
  77  136 0.26
  31   78 0.00
  15   37 0.37
  31   31 0.07
  73  171 0.41
  19   20 0.46
   6  111 0.58
  75  164 0.71
  19  108 0.74
  67  185 0.42
  58   88 0.90
  30   35 0.48
  79  151 0.67
  63  103 0.92
  12   65 0.34
  53  159 0.77
  23  117 0.59
  30   31 0.54
  65   65 0.28
  78  168 0.84
  17   49 0.65
  35   55 0.45
   7   58 0.41
  72  129 0.69
  60   72 0.25
  78  103 0.87
  42  130 0.51
  54  115 0.78
  49  126 0.66
  70  115 0.60
  50   98 0.55
  37   50 0.27
   8   18 0.59
  37  143 0.75
  16   22 0.94
  32  109 0.04

