4 15 8
12   16   4   4   2  20  10  10   4  16  16   2   4

   5    6 0.09
   8   16 0.01
   4   15 0.50
  11   18 0.15
   8   17 0.37
   5    9 0.64
   8   16 0.03
   9   20 0.08
   3    4 0.71
  11   17 0.18
  10   14 0.96
   6   10 0.48
   0    7 0.82
   7   12 0.60
   1    5 0.96

   5   13 0.86
   7   16 0.69
   0    7 0.29
  11   12 0.64
  11   11 0.21
   7    9 0.66
   0    9 0.64
   8   19 0.98
   9   16 0.51
  11   21 0.21
   0    1 0.28
   6   17 0.55
   1    4 0.36
   4   11 0.67
   6   13 0.95

   1    5 0.07
   6    9 0.69
  11   12 0.92
   5    6 0.91
   8   18 0.35
   1    3 0.44
   8    8 0.35
   1    7 0.01
   0   11 0.13
  11   20 0.35
   9   13 0.78
   6   14 0.51
   4   10 0.89
  11   19 0.87
   9   15 0.69

  10   19 0.25
   9   19 0.86
   3    8 0.16
   9   18 0.48
   9   11 0.55
   2   10 0.66
   6   10 0.35
  11   17 0.39
   8   17 0.41
   7   14 0.65
   1    6 0.87
   1    9 0.45
   4    9 0.03
   2    5 0.60
   7   11 0.07

   6    8 0.97
   1    5 0.63
   6    7 0.50
   1    5 0.87
   4   15 0.59
   7   11 0.95
   8   10 0.20
   3    9 0.81
   2    9 0.07
   8   18 0.92
   7   14 0.73
   3    9 0.10
   4   15 0.85
  10   13 0.92
   7   10 0.19

   7   17 0.05
   4    4 0.97
   7    7 0.74
   9   18 0.15
   5   16 0.03
  10   12 0.85
  10   18 0.28
   1    5 0.19
   1   10 0.88
   8   19 0.44
   0    3 0.40
  11   19 0.47
   7   18 0.06
  11   12 0.06
  11   16 0.87

  11   11 0.69
   3   14 0.44
   4    8 0.44
   6   14 0.90
   7   12 0.21
   1    6 0.69
   3   13 0.05
   2    5 0.51
  11   11 0.27
   5    7 0.41
   8   12 0.29
  11   15 0.20
   4    7 0.78
   6   17 0.59
   7   17 0.54

   6   17 0.93
   8   16 0.14
   8    8 0.04
  10   14 0.93
   5    8 0.75
   1    8 0.73
   4   14 0.31
   1    6 0.50
   4    5 0.83
  11   16 0.99
   4   15 0.18
   6    7 0.66
  11   22 0.56
   3    8 0.94
   1    6 0.64

   1    8 0.93
   8   19 0.48
   6   17 0.11
   0    4 0.24
   1    6 0.03
  11   19 0.34
   1   12 0.79
  10   19 0.85
   7   14 0.79
   4   13 0.96
   2    9 0.46
  10   17 0.50
   0    9 0.42
   8   12 0.22
   0    3 0.06

  11   15 0.00
  10   14 0.00
  11   16 0.35
  11   19 0.97
   8   16 0.65
   8   15 0.89
   4    6 0.11
  10   13 0.91
   9   12 0.45
   2    9 0.71
  10   11 0.25
   8    8 0.74
  10   19 0.00
   5   12 0.71
   1    6 0.61

   1    8 0.71
   9   15 0.69
  11   15 0.80
   4   14 0.49
   6    8 0.07
   7    7 0.93
   9   18 0.74
   2    3 0.68
   8   19 0.98
   3    8 0.86
  10   16 0.80
   7   17 0.32
   1   12 0.23
   7   16 0.66
   4   11 0.25

   5   11 0.45
   2   10 0.43
   8   16 0.04
   9   15 0.92
   3   14 0.02
   3   10 0.90
   1   11 0.05
   8   13 0.17
   1    3 0.82
   4    9 0.80
   9   15 0.43
   0   10 0.22
   8    9 0.21
   2    6 0.07
   8   16 0.85

