4 30 8
6   10   2  10  10   2  16

   1    8 0.80
   5   12 0.77
   8   11 0.69
   4   11 0.17
   0    1 0.47
   8   16 0.53
   3   11 0.28
   5   13 0.53
   8   14 0.70
   3   10 0.08
  10   16 0.47
   7   17 0.63
   1    4 0.73
   6    8 0.96
   9   18 0.66
   0    8 0.88
  10   19 0.63
   0    4 0.25
   9   18 0.46
   8   13 0.25
   1    4 0.94
   4   12 0.93
   3   11 0.76
   3   10 0.80
  10   10 0.21
   2    6 0.35
  10   11 0.62
   0    2 0.63
   0    9 0.90
   0    4 0.90

   9   10 0.27
  10   18 0.09
   7   16 0.18
   1    5 0.38
   6   15 0.16
   3   10 0.05
   0    6 0.50
   4   11 0.59
   0    7 0.89
   9   12 0.16
   7    8 0.48
   7   10 0.61
   2   11 0.69
  10   17 0.51
   5   11 0.05
   6   11 0.47
   1    8 0.73
   1    8 0.06
   3    6 0.48
   5   15 0.75
   9   13 0.78
   8   14 0.15
   1    1 0.88
   1   10 0.26
   4    9 0.93
   2   10 0.98
  10   15 0.02
   0    0 0.25
  10   17 0.35
   5    9 0.16

   6    7 0.89
  10   10 0.28
   9   15 0.93
   0    5 0.01
   8   14 0.13
   3    6 0.88
   9   15 0.50
   2    4 0.23
   0    8 0.18
   5    5 0.50
   9   17 0.39
   4    6 0.16
   7    8 0.41
   8   13 0.46
   7   17 0.15
   8   11 0.95
   1    4 0.41
   5   15 0.26
  10   20 0.72
   2    9 0.58
   8    8 0.32
   7    8 0.64
   6    7 0.76
   0    3 0.27
   8   18 0.67
   3   12 0.13
   6    9 0.16
   7   16 0.69
  10   19 0.74
   9   19 0.83

   0    8 0.57
   9   11 0.36
   4   13 0.87
   3    7 0.60
   7   12 0.96
   0    2 0.56
   4   10 0.90
   4   12 0.25
   1    4 0.23
   3   10 0.78
   2    8 0.42
   2   11 0.86
   1    1 0.40
   6    9 0.92
   8    9 0.22
  10   11 0.15
   3   12 0.99
   2   12 0.82
   3   13 0.91
   8   10 0.66
   2   11 0.87
   2    3 0.85
   6   12 0.44
   8   15 0.43
   5   13 0.22
   0    5 0.63
   8   14 0.38
   1    9 0.76
   3    3 0.77
   3    7 0.68

   7   12 0.02
   2    7 0.69
   4    7 0.48
   6   13 0.56
   9   16 0.23
   8   15 0.07
   7   15 0.14
   5   12 0.96
  10   18 0.57
   7   12 0.23
  10   10 0.40
   5   15 0.66
   6   16 0.10
  10   16 0.55
   6    6 0.27
   1   10 0.24
   3    7 0.83
   0    1 0.00
  10   17 0.84
   0    9 0.17
   4    4 0.31
   4    5 0.70
   0    2 0.19
   2    8 0.62
   1    8 0.35
   9    9 0.71
   0    2 0.15
   3    9 0.49
   4    5 0.74
  10   15 0.37

   5   14 0.80
   6   13 0.11
   1    6 0.01
   2    3 0.50
   3    4 0.88
   5    7 0.19
   0    2 0.10
   7   13 0.82
   4   11 0.00
  10   14 0.52
   0    9 0.01
   3   11 0.00
   7    8 0.95
   2    8 0.40
   3   13 0.12
   8   10 0.09
  10   14 0.41
   6    6 0.96
   1    7 0.27
   1    5 0.40
   0   10 0.93
   4   10 0.26
   6   10 0.38
   3    4 0.65
   5   14 0.74
   1   10 0.33
   7    8 0.98
   6   13 0.25
   3   13 0.79
  10   19 0.93

