5 15 8
12   10  20   2  10  16  10  10   4   4   2   4  10

  12   16 0.56
   9   27 0.42
  11   15 0.65
   2    8 0.86
   2   12 0.11
   1   25 0.76
  13   25 0.28
   7   11 0.71
   1   24 0.65
  14   37 0.97
   9   10 0.73
   7   30 0.73
   1   24 0.47
  12   24 0.92
  16   20 0.63

  13   39 0.68
  14   30 0.69
  17   20 0.09
  13   37 0.92
  17   32 0.54
   4   20 0.07
  13   24 0.70
   1    1 0.26
  17   31 0.70
  18   25 0.68
   3    4 0.48
   7   26 0.29
  12   29 0.63
   1   16 0.36
   8   27 0.98

   9   35 0.34
   3   21 0.30
   8   31 0.15
   7   23 0.51
   3    4 0.83
   7   29 0.16
  17   38 0.10
  12   34 0.16
   8   32 0.32
  15   22 0.19
  12   24 0.48
   9   23 0.21
   8   28 0.06
  12   33 0.22
  12   29 0.50

  17   24 0.29
   4   17 0.58
  18   38 0.34
   7   15 0.31
   5   25 0.63
   7   17 0.52
   4   29 0.58
  17   30 0.44
  14   17 0.67
   9   12 0.37
  16   34 0.03
   9   13 0.98
   5   32 0.56
  11   28 0.38
   5   17 0.34

   0    6 0.92
  11   31 0.28
   0    0 0.74
   8   28 0.18
   6   27 0.86
   6   16 0.08
   5    6 0.74
   8    8 0.24
  14   41 0.94
   0   19 0.85
   4   15 0.95
   6   21 0.59
  15   29 0.43
  10   23 0.52
  18   26 0.85

  12   38 0.36
   3   30 0.44
  10   18 0.96
   9   35 0.10
   7   16 0.32
  15   18 0.50
  16   26 0.58
   2   25 0.01
   4    6 0.53
   3   24 0.09
  14   38 0.04
   9   33 0.07
  11   28 0.42
   6   12 0.59
  12   24 0.95

   8   13 0.38
  18   29 0.32
   7   17 0.54
  17   24 0.30
  17   27 0.04
   3   22 0.20
  16   36 0.63
  10   28 0.31
  14   15 0.78
  15   37 0.79
  12   19 0.42
   0   16 0.40
   2    2 0.43
   1    2 0.97
  17   35 0.65

   2   25 0.09
  15   28 0.79
  17   30 0.26
   3   29 0.24
   3   10 0.93
  12   19 0.24
   3   13 0.84
   1    7 0.79
   4   13 0.58
  14   25 0.74
   4    6 0.41
   2    2 0.18
   8   28 0.29
  12   39 0.29
  12   28 0.69

  13   35 0.43
  13   13 0.17
  12   34 0.40
   0   27 0.59
  12   14 0.34
   9   18 0.14
   3   24 0.52
   6   18 0.89
   9   11 0.57
   7   34 0.30
  13   37 0.27
  13   18 0.51
  16   43 0.43
   5   15 0.24
   5   13 0.06

  11   28 0.96
  17   21 0.54
   3   23 0.45
   9   32 0.16
  13   13 0.15
  10   36 0.22
  10   34 0.35
   8   17 0.80
  13   40 0.04
   8   10 0.21
   5    7 0.26
   9   24 0.37
   7   14 0.00
  10   12 0.28
  18   34 0.41

   6   27 0.43
   9   10 0.57
  18   42 0.31
  12   12 0.37
   2    6 0.21
  17   28 0.90
  12   39 0.16
   1   21 0.04
   1    9 0.22
   5   11 0.69
  17   17 0.01
  15   16 0.21
   8   14 0.49
   9   12 0.90
  17   22 0.16

  10   33 0.91
  12   38 0.97
  11   17 0.40
   5   17 0.67
   1    5 0.11
  12   35 0.15
   4   20 0.97
  18   32 0.43
  12   39 0.86
  13   25 0.74
  16   35 0.99
   0   17 0.68
  10   17 0.59
  10   16 0.80
  11   27 0.13

