3 30 4
6   20  10   4   4   2  20

   0    0 0.02
  10   43 0.17
  34   57 0.84
  15   30 0.54
  23   47 0.68
   1   14 0.50
  34   62 0.99
  24   47 0.85
  23   55 0.92
  20   27 0.51
  15   34 0.87
  30   51 0.38
  30   44 0.83
  31   55 0.79
  14   41 0.37
  30   41 0.76
   2   14 0.79
   7   12 0.71
  29   62 0.17
  13   25 0.53
   3   29 0.72
  14   34 0.62
  28   30 0.12
   0   36 0.41
   1    8 0.36
  31   45 0.98
  31   43 0.64
  33   48 0.68
   2   20 0.32
  30   38 0.80

   8   29 0.26
  23   52 0.80
  27   59 0.30
  10   44 0.46
   7   13 0.87
   0   15 0.52
  29   65 0.24
  22   43 0.94
  17   26 0.56
  21   48 0.11
  23   34 0.21
   4   20 0.62
  14   25 0.33
  13   39 0.84
   3   38 0.11
  18   53 0.99
  24   34 0.47
  14   31 0.21
  15   45 0.21
   3   14 0.75
  17   27 0.44
  25   51 0.97
   2   16 0.38
   1   21 0.30
   4   18 0.39
   0    4 0.11
   8   44 0.42
  14   25 0.23
  14   24 0.60
  32   62 0.48

  21   21 0.88
  16   42 0.10
  36   36 0.22
  18   52 0.36
  11   42 0.16
  11   25 0.30
  11   13 0.31
  25   46 0.40
  10   21 0.58
  22   39 0.93
  31   52 0.19
  15   16 0.50
  33   65 0.71
   8   23 0.23
   8   41 0.72
  27   59 0.98
   5   19 0.10
  29   52 0.54
  34   57 0.34
  33   51 0.33
  11   30 0.42
  25   51 0.37
  33   48 0.31
  25   37 0.79
  22   27 0.62
  12   25 0.36
  12   44 0.53
  18   40 0.93
  14   21 0.65
  14   50 0.57

  26   30 0.37
  24   51 0.39
   4   22 0.40
  13   26 0.29
  34   48 0.90
  14   46 0.19
  31   33 0.25
  15   31 0.40
   9   13 0.95
   8    9 0.62
   7    8 0.25
   7   14 0.33
   7   12 0.22
  24   45 0.75
  15   19 0.69
  17   51 0.60
   1   22 0.58
   8   27 0.93
  32   46 0.64
   3   20 0.42
  10   27 0.38
  27   32 0.12
  33   34 0.37
  16   19 0.14
  24   40 0.14
   7   10 0.28
   5   19 0.71
  20   40 0.25
  21   27 0.46
  14   49 0.89

   3   14 0.16
  10   19 0.59
  30   58 0.17
   9   20 0.91
   8   34 0.63
  35   70 0.67
  22   50 0.20
  11   38 0.73
  23   44 0.88
  35   60 0.18
  28   42 0.31
  23   53 0.99
  32   53 0.94
  15   20 0.15
  25   49 0.51
  33   39 0.80
  31   49 0.39
  20   39 0.98
  34   65 0.82
   7   14 0.56
  36   38 0.11
  25   37 0.01
   1   12 0.59
  19   41 0.79
  24   24 0.06
  28   35 0.90
  33   45 0.33
  32   38 0.39
  16   16 0.42
  35   69 0.19

  35   69 0.70
   0   10 0.55
   9   35 0.36
  11   24 0.50
  23   49 0.99
  29   52 0.59
  33   40 0.18
  15   15 0.41
  32   59 0.86
  14   33 0.26
  22   55 0.34
   5   19 0.26
   0   34 0.68
  15   35 0.34
  33   41 0.49
  24   57 0.51
  27   41 0.20
  24   39 0.11
  12   41 0.43
  11   15 0.20
  29   46 0.44
  15   28 0.07
  26   26 0.00
  26   35 0.84
   8   15 0.53
   8   27 0.05
  32   42 0.42
  25   31 0.77
  11   16 0.37
  32   43 0.16

