4 60 8
3    4  20  20

  17   50 0.37
  12   21 0.89
   1   40 0.38
  13   37 0.84
  15   46 0.25
   5   14 0.44
  15   36 0.35
  13   31 0.94
  13   41 0.85
  16   56 0.01
  12   45 0.88
  12   17 0.85
   1   21 0.93
   4   27 0.76
  14   40 0.60
   2   39 0.22
   4   25 0.57
   6   10 0.97
   4   40 0.77
   3    4 0.12
  13   43 0.77
  19   59 0.11
  19   26 0.86
   8    9 0.16
  15   48 0.20
  14   30 0.35
  16   16 0.97
  17   20 0.35
  10   21 0.38
   7   17 0.69
   8   23 0.17
   4   41 0.86
   9   17 0.59
  18   53 0.13
   7   25 0.51
  13   36 0.53
  18   37 0.80
  18   51 0.09
  18   21 0.34
   4   40 0.31
   6   21 0.83
  11   36 0.53
  19   39 0.44
   3   26 0.41
   5   14 0.38
   6   26 0.99
  15   52 0.19
   9   47 0.82
  17   24 0.23
   9   38 0.17
   6   25 0.72
  14   53 0.50
  16   42 0.52
  12   34 0.84
   5   13 0.70
  13   34 0.99
  19   29 0.73
  10   11 0.94
   9   35 0.59
   6   19 0.39

  17   54 0.61
  15   55 0.47
  14   27 0.75
  16   30 0.74
   5   33 0.09
  13   15 0.72
   7   11 0.92
  10   10 0.11
   3   21 0.59
   8   46 0.28
  16   52 0.57
   4   14 0.21
   4   16 0.87
   6   31 0.42
   8   44 0.13
  13   18 0.96
  13   24 0.66
  11   20 0.19
   5    7 0.43
  11   49 0.68
   1    1 0.87
  14   32 0.36
   1    8 0.92
   7   15 0.82
  10   14 0.41
  13   29 0.72
  14   50 0.37
   9   20 0.09
   9   47 0.37
  18   18 0.56
   8   22 0.34
  19   41 0.87
  15   38 0.22
   6   20 0.82
   2   20 0.02
  13   27 0.20
   7   35 0.51
  17   45 0.98
   7   14 0.44
   8   19 0.50
   3    3 0.25
  10   31 0.62
  14   45 0.66
  16   28 0.98
  19   32 0.41
   9   28 0.77
   0   20 0.64
   6   26 0.31
   8   41 0.06
  18   28 0.39
  16   32 0.64
  10   15 0.04
   0   13 0.46
   8   11 0.12
  12   14 0.91
   0    6 0.15
  17   49 0.54
  18   34 0.30
  15   24 0.95
  14   49 0.03

  19   57 0.40
   5    9 0.67
  11   45 0.79
   6   36 0.22
  10   41 0.13
  19   42 0.29
  19   45 0.62
   4   38 0.20
   9   16 0.18
   6   38 0.04
   4   40 0.40
  18   47 0.91
  16   39 0.98
   0   23 0.66
   4   32 0.22
  11   29 0.39
  16   20 0.57
  10   30 0.78
   7   22 0.09
   1   37 0.80
   0   22 0.80
  11   39 0.32
  10   16 0.09
   3    7 0.26
   2   19 0.02
   7   20 0.78
  12   13 0.43
   6   12 0.81
  15   31 0.86
   7   22 0.18
   3    8 0.51
  18   20 0.46
  15   45 0.48
   3   34 0.23
  11   29 0.30
   7   23 0.08
   9   14 0.44
  18   27 0.73
   6   36 0.47
  13   38 0.46
   2    5 0.13
   9   34 0.86
  17   18 0.89
   1    2 0.76
  16   48 0.83
  15   22 0.33
  13   33 0.77
  18   50 0.65
   1   20 0.88
  15   29 0.48
   0   12 0.08
  19   24 0.72
  16   38 0.60
   6   23 0.65
   9   38 0.03
  18   56 0.39
  15   39 0.62
  19   34 0.25
  17   35 0.94
  12   23 0.32

