5 100 8
3   10   4  16

   6   27 0.36
  31   53 0.32
  18   67 0.01
  27   62 0.49
   2    9 0.76
   2   15 0.98
  18   50 0.29
  16   24 0.94
  36   71 0.28
  10   17 0.89
  10   47 0.30
   1   46 0.42
   4   10 0.31
  34   54 0.06
  36   75 0.08
  12   48 0.46
   3   10 0.02
  13   63 0.87
  18   62 0.23
   3   29 0.06
   0   29 0.68
  19   27 0.81
  27   72 0.23
  17   69 0.11
  17   37 0.28
  17   35 0.27
  19   43 0.30
   7    8 0.27
  11   45 0.40
   6   29 0.46
  12   26 0.91
   0    8 0.14
  21   26 0.52
  16   41 0.95
   1   16 0.98
  32   67 0.80
  29   36 0.62
   9   37 0.92
  35   54 0.77
   4   22 0.04
  12   65 0.61
  24   74 0.03
  14   17 0.06
   9   37 0.32
  33   69 0.92
  14   60 0.23
   4   59 0.39
  29   32 0.93
  25   55 0.91
  17   32 0.09
  27   76 0.01
  32   62 0.60
  36   64 0.78
  16   70 0.47
   9   58 0.56
   9   30 0.85
  12   64 0.13
  24   67 0.47
  27   70 0.06
  18   33 0.79
  35   40 0.16
  12   24 0.46
   1   48 0.02
  28   67 0.72
  24   73 0.09
   8   46 0.34
  15   31 0.39
   3   11 0.51
  25   76 0.38
   4    5 0.97
   2   49 0.34
  27   49 0.28
  32   57 0.08
   5   51 0.63
  13   45 0.12
   4   27 0.11
  14   49 0.37
  34   85 0.90
   7   60 0.80
   5   37 0.52
  33   54 0.56
  10   20 0.35
   8   35 0.20
   7   43 0.62
  24   50 0.11
   3   25 0.12
   5    7 0.98
  32   41 0.93
  33   59 0.48
  32   63 0.77
  31   40 0.49
  19   56 0.56
   0   38 0.76
  10   26 0.00
  24   50 0.16
  30   55 0.87
  27   44 0.48
  15   61 0.32
   0   17 0.30
  19   71 0.90

  11   52 0.10
  21   23 0.04
   5   16 0.51
   7    9 0.06
  23   46 0.52
  24   74 0.32
  20   25 0.46
  22   27 0.40
   2   22 0.18
   1   45 0.00
   6   25 0.40
  35   80 0.84
  22   27 0.33
  15   43 0.85
  36   54 0.32
  27   30 0.15
  25   40 0.02
   9   17 0.16
  21   61 0.83
  23   58 0.91
  28   82 0.92
   3   12 0.36
  33   84 0.15
   2   21 0.47
   6   58 0.21
  15   58 0.66
  27   82 0.71
  27   57 0.86
  14   28 0.64
  15   55 0.15
   0   13 0.37
  31   84 0.43
   9   28 0.79
  21   62 0.70
  28   76 0.47
  22   61 0.47
  12   19 0.62
  16   62 0.87
   1   42 0.86
  11   51 0.34
  36   57 0.16
  36   76 0.48
  30   44 0.93
  19   27 0.56
  30   50 0.05
   6   10 0.58
  17   56 0.13
  18   62 0.43
   6   18 0.56
  30   56 0.95
   7   17 0.89
  19   61 0.76
  31   64 0.85
  15   61 0.57
  10   18 0.48
  14   54 0.27
  24   46 0.82
   6   28 0.65
   9   40 0.52
  33   78 0.69
  11   65 0.30
   8   60 0.21
  11   44 0.82
  18   22 0.80
   1   33 0.83
  13   34 0.75
  20   74 0.88
  17   39 0.98
  18   27 0.85
  21   48 0.80
  27   40 0.10
  29   43 0.30
  24   47 0.15
  16   47 0.85
   2   27 0.28
  20   38 0.32
   8   27 0.36
  12   31 0.99
  12   30 0.63
  32   79 0.90
  35   82 0.08
  16   46 0.12
  21   70 0.99
   8   13 0.11
   8   17 0.21
  10   50 0.80
  21   30 0.16
   9   14 0.92
  27   33 0.60
   4   12 0.81
  24   34 0.80
  22   70 0.04
  17   44 0.05
  20   23 0.36
   2   10 0.44
  33   82 0.20
  24   64 0.90
  22   61 0.99
  36   48 0.45
  14   58 0.07

   9   47 0.90
   8   40 0.79
  24   65 0.13
  23   39 0.15
   9   52 0.94
   1   43 0.22
   8   34 0.06
  34   44 0.85
  21   72 0.11
  25   80 0.33
  21   31 0.42
  29   41 0.89
  31   41 0.27
   8   11 0.24
   1    5 0.37
  17   63 0.97
  32   47 0.37
  30   84 0.29
   4    9 0.15
  19   37 0.54
   1   36 0.51
  31   64 0.58
  19   58 0.54
  30   75 0.00
  18   69 0.27
   7   35 0.50
  29   69 0.90
   7   43 0.72
  36   47 0.67
  26   80 0.46
  11   61 0.62
  31   51 0.27
  10   54 0.21
  23   52 0.92
   2    6 0.51
  32   86 0.29
   0   47 0.66
  27   67 0.04
  29   70 0.58
   3   45 0.22
   1   11 0.58
  21   39 0.21
   5   29 0.31
   1    4 0.55
   9   12 0.45
  23   57 0.19
  19   39 0.34
  10   21 0.05
  22   33 0.56
  29   77 0.67
  16   45 0.26
  17   72 0.50
  34   39 0.14
  17   35 0.67
  24   47 0.09
  21   58 0.28
  12   52 0.84
  27   74 0.39
  33   42 0.18
  17   21 0.59
  19   60 0.15
  35   77 0.83
  20   53 0.90
   1   45 0.81
  30   34 0.77
   4   55 0.74
  29   60 0.67
  25   33 0.00
  19   40 0.10
   6   39 0.31
  28   75 0.27
  25   41 0.87
  15   49 0.92
  35   79 0.46
  24   35 0.00
  32   35 0.25
  35   87 0.61
  21   55 0.77
  28   37 0.64
  14   42 0.07
  32   46 0.48
  24   79 0.08
  29   54 0.91
  32   44 0.99
   6   42 0.81
  28   30 0.10
   6   23 0.27
   7   47 0.05
   3   35 0.81
   6   18 0.53
  30   43 0.43
  22   65 0.65
  32   50 0.66
  10   62 0.72
  10   43 0.23
  20   34 0.57
  33   40 0.35
  18   26 0.59
  29   30 0.35
  18   39 0.77

