5 100 8
3   20  10   4

  22   24 0.99
  54   63 0.38
  36   47 0.67
  40   51 0.45
  14   21 0.10
  41   53 0.62
  35   47 0.27
  15   32 0.03
   9    9 0.13
   3   22 0.96
  57   76 0.50
  10   20 0.12
   2   16 0.36
   2    7 0.57
  29   40 0.17
  56   72 0.87
  60   61 0.92
  43   56 0.04
  56   69 0.58
  15   26 0.76
  46   56 0.67
  52   60 0.48
  43   51 0.12
  37   51 0.88
  19   29 0.84
  45   55 0.85
  19   21 0.86
  49   58 0.70
  13   13 0.47
  47   67 0.03
  19   26 0.79
  12   24 0.11
  36   55 0.84
  42   47 0.02
  10   14 0.42
  43   58 0.23
  20   21 0.14
  17   34 0.18
  23   41 0.59
  22   31 0.13
   2   14 0.18
  54   72 0.58
  49   57 0.94
  50   67 0.62
  51   61 0.88
  62   62 0.46
  49   68 0.58
  25   26 0.45
  39   46 0.66
  21   29 0.41
  14   19 0.49
  10   26 0.30
  46   49 0.51
  27   28 0.63
   1   10 0.78
   4   13 0.43
  31   44 0.01
   2   16 0.60
  56   56 0.64
  36   54 0.58
  36   53 0.18
  48   58 0.82
  56   75 0.02
   6   26 0.05
  36   46 0.72
  57   76 0.00
   6   22 0.10
  16   16 0.07
  42   52 0.24
  49   66 0.86
  18   24 0.46
  23   36 0.40
  14   30 0.33
  27   42 0.51
  38   50 0.44
  62   69 0.90
  38   57 0.80
  56   57 0.97
   1    7 0.09
  52   71 0.05
  36   42 0.18
  45   45 0.72
  24   39 0.28
  36   36 0.85
  24   44 0.44
  46   60 0.31
  31   33 0.44
  30   31 0.02
   3   15 0.64
  19   36 0.58
   5   20 0.32
  47   57 0.73
  13   23 0.45
  21   39 0.91
  20   30 0.02
   7   19 0.16
   4   11 0.71
  10   16 0.34
  39   49 0.79
   2    8 0.43

  57   72 0.12
  60   65 0.91
  39   47 0.96
  59   61 0.05
  25   32 0.60
  24   41 0.92
  54   56 0.60
  53   59 0.25
  37   40 0.80
  41   48 0.31
   6    9 0.01
  33   45 0.55
  22   35 0.54
  24   26 0.61
   1   16 0.52
  27   28 0.52
  54   54 0.24
  46   64 0.42
   3    8 0.41
  46   64 0.97
   2   15 0.19
  19   28 0.40
  44   57 0.87
  33   51 0.22
  44   49 0.84
  14   34 0.35
  46   46 0.88
   2   10 0.94
  23   40 0.81
  17   25 0.70
  59   59 0.88
  61   73 0.08
  40   59 0.86
  52   58 0.56
  57   65 0.02
   6   13 0.47
  29   29 0.93
  26   28 0.16
  59   63 0.39
   3    5 0.87
  23   23 0.65
  35   48 0.66
  45   55 0.51
  58   62 0.30
  26   40 0.01
  17   28 0.26
   1   16 0.44
  51   59 0.41
  31   44 0.38
  31   51 0.58
  62   71 0.54
  50   52 0.36
   7   25 0.39
  56   69 0.84
  58   60 0.20
  49   63 0.07
  34   40 0.32
  44   50 0.52
  48   66 0.83
  13   20 0.61
  41   55 0.59
   6   24 0.84
  22   32 0.09
  26   33 0.42
  60   67 0.34
  35   51 0.45
  15   30 0.68
  56   64 0.77
  29   48 0.47
  39   51 0.11
  32   43 0.73
  18   27 0.92
  44   53 0.81
  38   51 0.32
  22   41 0.90
  51   63 0.11
   2   17 0.42
  36   42 0.77
  19   28 0.93
  62   74 0.86
  53   59 0.74
  25   31 0.43
  48   54 0.11
   1   15 0.70
  58   62 0.16
  20   27 0.88
   6   24 0.24
  17   32 0.26
   4   15 0.55
  18   28 0.88
  13   16 0.93
  47   56 0.19
  37   37 0.15
  51   53 0.10
  37   41 0.48
  33   40 0.44
  11   24 0.80
  51   59 0.58
  44   45 0.17
   4    4 0.22

  50   57 0.94
  14   18 0.86
  57   76 0.85
  35   54 0.20
  36   36 0.53
  35   45 0.24
   8   21 0.31
  23   23 0.54
  17   34 0.87
  30   30 0.06
  28   47 0.87
  31   45 0.84
  52   61 0.29
   9   26 0.31
   7   10 0.59
   5   21 0.32
  40   55 0.39
  53   71 0.40
  58   67 0.90
   4    9 0.04
  61   74 0.99
  40   52 0.91
   9   28 0.71
  37   49 0.46
  59   78 0.22
   5   10 0.66
  54   71 0.06
   6   17 0.44
  33   41 0.24
  16   36 0.28
  41   54 0.86
  62   81 0.51
  22   41 0.66
  52   59 0.04
  12   31 0.67
  62   78 0.42
  29   48 0.46
  22   31 0.39
   4   21 0.05
  49   52 0.95
  37   45 0.35
  44   61 0.23
  51   54 0.77
   9   12 0.63
  36   41 0.05
  39   57 0.92
  11   17 0.62
  55   68 0.98
  22   28 0.14
  14   30 0.42
  12   21 0.43
  34   41 0.61
  12   19 0.14
  50   70 0.08
   0   16 0.23
  24   36 0.34
  54   71 0.41
  29   40 0.60
   4   19 0.22
   7   12 0.96
   2   20 0.74
  60   74 0.62
  38   47 0.98
  61   71 0.80
  47   52 0.51
  18   36 0.45
  53   63 0.45
   9   29 0.59
  43   44 0.30
  47   47 0.80
  57   67 0.21
  35   37 0.14
  45   51 0.10
   2    4 0.30
  28   48 0.16
   3   10 0.74
  34   49 0.79
  58   66 0.65
  13   17 0.29
  18   32 0.20
  44   49 0.42
  22   26 0.20
  24   35 0.39
  26   46 0.76
  48   63 0.94
  40   47 0.95
  11   15 0.01
  40   41 0.21
  47   66 0.22
   6   21 0.82
  61   75 0.62
  51   53 0.85
  33   42 0.42
  11   28 0.01
  38   54 0.86
   6   22 0.69
  14   20 0.61
  29   44 0.78
   0   15 0.36
  54   60 0.35

