4 25 8
12   16  10  10   4  10   4   2   2   4  16   4  16

   7   30 0.39
  10   19 0.40
  18   20 0.72
   9   25 0.60
  13   32 0.61
  10   33 0.28
  15   50 0.78
  14   21 0.03
  10   27 0.21
   3   18 0.78
   4    8 0.26
  14   41 0.25
  12   28 0.18
  11   15 0.31
   6   31 0.18
  10   31 0.77
   7   10 0.93
   1   20 0.99
  18   39 0.07
   8   33 0.06
  13   16 0.54
   8   31 0.95
   5   15 0.29
  15   18 0.03
  13   39 0.45

   4   31 0.87
  10   29 0.30
   7   23 0.03
   3    3 0.13
   1   29 0.25
   1   37 0.34
  14   46 0.27
   9   41 0.80
   4   28 0.30
   4   41 0.94
   4   24 0.30
  13   33 0.19
   6   15 0.44
   2   16 0.14
  12   16 0.65
   4   37 0.11
   9   11 0.04
  11   42 0.63
  13   33 0.63
   8    9 0.13
  12   39 0.17
  16   33 0.25
   7   14 0.51
   0   13 0.51
  14   26 0.85

   7   33 0.84
   4   21 0.28
  10   15 0.44
   5   35 0.78
  13   48 0.58
   9   18 0.48
   3   31 0.88
  13   42 0.52
  17   38 0.49
  16   46 0.68
   0    4 0.86
  12   16 0.53
  18   49 0.78
   3   16 0.28
  10   27 0.42
  10   47 0.29
   1   16 0.49
   5   26 0.30
   6   15 0.42
   6   43 0.80
   4    4 0.10
  16   24 0.36
  12   48 0.34
   0    8 0.85
  10   23 0.23

  11   16 0.85
  14   37 0.39
  16   18 0.17
  16   17 0.99
   2   23 0.32
   5   30 0.59
   1   17 0.23
   2   11 0.35
   2   26 0.08
   8   16 0.22
   8   45 0.57
  18   20 0.95
  10   22 0.79
   3    6 0.91
  10   37 0.71
   3   36 0.52
   3   13 0.58
  15   48 0.10
   1   26 0.63
  18   21 0.67
   5   20 0.07
  10   35 0.37
  10   21 0.77
  11   17 0.77
   4   28 0.44

  18   28 0.57
  18   49 0.08
   2   32 0.09
  17   31 0.32
  14   14 0.07
   9   12 0.49
  17   30 0.22
  16   45 0.08
   8   28 0.55
  17   38 0.62
   6   20 0.86
  12   41 0.04
  11   47 0.23
   7    7 0.70
  12   22 0.62
   2   36 0.70
   2   30 0.20
   0    2 0.96
   3    8 0.95
   7   39 0.22
   3   10 0.85
   2    7 0.41
   7   36 0.65
  16   31 0.75
   8   28 0.64

  14   32 0.62
   7   11 0.39
   1   14 0.13
  10   30 0.33
   6   40 0.77
  17   25 0.09
   2   38 0.32
   4   22 0.29
  14   47 0.83
  10   15 0.73
   4   21 0.92
  17   50 0.08
   1   34 0.19
  13   29 0.71
   2   25 0.86
   8   17 0.21
   4   31 0.33
  10   11 0.75
   0    0 0.74
   3   37 0.38
  11   17 0.14
  11   34 0.30
  16   36 0.74
   7   17 0.38
   6   33 0.74

   2   39 0.88
  17   27 0.98
   5    7 0.22
   9   14 0.49
   6   39 0.49
   2    5 0.28
  13   44 0.25
   2    6 0.03
   6   30 0.04
  17   41 0.14
   7   17 0.15
   4    6 0.02
  14   50 0.43
  16   29 0.94
   5   12 0.92
   0    1 0.78
   6   35 0.04
  10   12 0.82
  17   23 0.64
  13   27 0.88
  16   16 0.44
  14   48 0.85
   1   19 0.38
   9   29 0.26
   6   36 0.70

   1   31 0.12
  17   20 0.13
  18   44 0.42
   6   24 0.31
   9   20 0.92
  14   50 0.81
   2    4 0.55
  10   43 0.84
   2   20 0.48
   0    4 0.75
  14   47 0.88
   6    7 0.23
   6   27 0.38
  17   29 0.79
  12   37 0.89
  16   51 0.54
  17   42 0.07
  15   21 0.91
   3   28 0.83
  14   17 0.97
   6   20 0.71
   4   39 0.88
  17   42 0.12
   7   30 0.83
  13   31 0.89

  15   44 0.91
   9   21 0.43
  16   26 0.39
   8   44 0.75
  10   23 0.41
   3   18 0.52
   1   16 0.51
  16   37 0.05
  13   29 0.50
  13   22 0.02
  13   19 0.84
   7   16 0.68
   4   40 0.89
  11   48 0.16
   2   15 0.36
   9   20 0.38
  12   29 0.67
   7    8 0.14
   9   38 0.37
   3   33 0.59
  13   30 0.45
  16   24 0.09
   9   24 0.27
   7   30 0.10
   9   15 0.83

  17   24 0.93
   3   33 0.60
   8   20 0.73
  10   33 0.57
   2   24 0.22
  17   37 0.38
   7   20 0.93
   5   26 0.58
   0    3 0.09
   2   17 0.21
  14   40 0.02
  16   35 0.98
   1   33 0.71
  13   30 0.09
   1   27 0.33
   0   33 0.32
   8   24 0.83
  13   38 0.07
   6   11 0.19
   0    1 0.36
  10   30 0.85
   1   11 0.76
   0   26 0.62
   4    8 0.10
   3   14 0.14

   5   40 0.65
  16   19 0.61
   8   36 0.12
   7    8 0.62
   7   15 0.69
  17   40 0.97
  11   42 0.73
   5   22 0.64
  11   34 0.76
   0   16 0.93
   4   33 0.10
   1   37 0.92
  17   52 0.40
   7   18 0.62
  15   45 0.83
   7    7 0.37
  10   11 0.78
   7   38 0.84
   0   16 0.21
  15   22 0.60
   8   39 0.82
  16   29 0.36
  15   52 0.68
  17   38 0.33
  18   35 0.74

   2   31 0.71
  11   38 0.04
  13   19 0.69
  15   26 0.15
   9   17 0.30
   2   30 0.69
   1   37 0.09
  12   47 0.13
   0   19 0.47
   3   25 0.42
   0   18 0.01
  11   23 0.74
   0   34 0.71
   6   35 0.24
   5   10 0.95
   5   13 0.53
  17   44 0.24
   6   31 0.95
   7   39 0.21
   3    7 0.71
   4   21 0.88
   9   19 0.77
  15   50 0.84
  12   45 0.97
   2    2 0.83

