5 50 8
6   10  20  16   2  10   2

   1   20 0.67
   1   16 0.03
  31   66 0.18
  12   37 0.30
  31   48 0.51
  21   21 0.93
  16   24 0.50
  18   19 0.37
  24   34 0.51
   4   30 0.77
   4   32 0.83
   0    4 0.33
  13   40 0.05
   1    3 0.28
  10   29 0.78
  15   33 0.83
  33   34 0.63
   5   41 0.66
  34   56 0.85
  19   42 0.40
  25   58 0.65
  29   33 0.66
   2    8 0.36
   1    5 0.62
  35   71 0.26
   8   34 0.01
   8   41 0.68
  23   40 0.44
   6   23 0.29
  29   62 0.30
  21   43 0.23
  10   27 0.06
  28   46 0.02
   5   38 0.97
  20   35 0.30
  32   34 0.21
  34   42 0.13
  14   49 0.60
  15   33 0.35
  15   50 0.20
   2   27 0.32
   4   27 0.21
  20   40 0.14
  13   14 0.92
   7   33 0.92
  27   46 0.58
  23   44 0.74
  23   32 0.00
   2   16 0.79
  25   28 0.06

  33   66 0.03
  22   57 0.77
  17   33 0.36
   9   33 0.05
  17   21 0.14
  12   36 0.39
  11   14 0.48
  22   45 0.01
   7   25 0.32
  17   39 0.31
  32   41 0.63
  18   37 0.26
  21   28 0.12
  21   38 0.65
   0   15 0.97
  21   43 0.24
  17   37 0.44
   0   28 0.13
  19   55 0.15
  13   17 0.31
  24   43 0.89
  27   59 0.42
  16   32 0.77
  36   71 0.24
   9   21 0.25
   5   39 0.29
  31   63 0.97
  24   39 0.06
   5   29 0.37
  33   60 0.39
  24   36 0.99
  28   49 0.62
  10   29 0.55
   2    2 0.61
  16   30 0.43
  21   49 0.15
  16   38 0.62
  16   51 0.44
  31   33 0.45
  24   33 0.72
  16   27 0.60
  28   50 0.17
  21   42 0.79
  18   53 0.44
  16   43 0.40
  16   29 0.29
   9   13 0.77
   8   30 0.27
  12   28 0.00
   3   10 0.96

  33   41 0.88
  33   49 0.34
   5   15 0.92
  23   35 0.96
  15   21 0.47
  28   61 0.58
  11   29 0.04
  22   31 0.81
  32   32 0.27
   0   23 0.83
  19   37 0.67
   0   31 0.91
  34   55 0.00
   0    0 0.79
  30   48 0.17
   7   14 0.22
  15   34 0.09
  34   59 0.96
   5   38 0.03
  35   51 0.80
  28   43 0.76
   5   29 0.02
   4   33 0.28
  24   35 0.52
  21   42 0.93
  24   43 0.51
  36   69 0.66
  13   17 0.87
  13   16 0.65
  23   53 0.16
  11   11 0.46
   9   12 0.32
  10   43 0.49
  17   17 0.13
  29   61 0.49
   7   43 0.92
   2   23 0.69
  34   63 0.94
   0   24 0.47
   1    5 0.22
  20   52 0.38
  21   45 0.15
  30   48 0.52
  18   32 0.36
  18   33 0.54
  26   62 0.29
  21   24 0.41
  18   40 0.23
  19   19 0.11
  20   47 0.98

  23   23 0.21
   8   29 0.35
   3   20 0.01
  32   67 0.07
   5    9 0.53
   8    9 0.66
   7   41 0.68
  26   45 0.96
   4   13 0.12
   1   23 0.10
   3   22 0.82
  22   24 0.93
   7   24 0.70
   7   25 0.85
  29   62 0.93
  11   44 0.19
   3   38 0.86
  29   34 0.32
  13   20 0.00
  11   21 0.61
  22   47 0.23
   1   23 0.63
  20   48 0.03
  30   37 0.68
   2   22 0.09
   9   20 0.74
  13   21 0.64
  27   42 0.79
  31   47 0.87
  22   28 0.92
  14   41 0.00
   5   13 0.47
  11   27 0.55
  28   43 0.86
  30   52 0.45
  15   27 0.99
  34   53 0.89
  35   69 0.19
  16   46 0.85
  28   42 0.67
   7   30 0.85
  26   45 0.58
   9   16 0.83
  31   61 0.55
  13   26 0.36
   1   15 0.21
  16   50 0.37
   1   21 0.17
   3    9 0.24
  29   34 0.32

   4   31 0.03
  20   55 0.51
   9   14 0.42
   9   34 0.17
  35   62 0.78
  15   18 0.55
   8   18 0.04
  30   40 0.58
  18   29 0.67
  16   39 0.91
  11   47 0.88
  27   37 0.02
   6   37 0.85
   4   15 0.45
   2   27 0.39
  34   34 0.92
  12   39 0.00
   5   28 0.49
  25   28 0.01
  34   54 0.77
  16   35 0.08
  27   32 0.00
  33   61 0.17
   0   36 0.43
  24   26 0.22
  26   48 0.94
  19   19 0.12
  17   53 0.46
  28   55 0.73
  28   35 0.16
  16   38 0.72
  20   54 0.30
  32   49 0.96
  13   38 0.52
   7    9 0.90
   0   36 0.70
   6    9 0.66
  22   27 0.36
  21   39 0.66
  13   19 0.28
  16   44 0.34
  22   26 0.87
  29   59 0.50
  33   36 0.24
  35   65 0.49
  27   30 0.74
   2   38 0.24
  35   47 0.37
  28   59 0.53
   4   12 0.26

  27   41 0.62
   1   13 0.42
  34   34 0.80
  19   19 0.43
   3   33 0.64
  19   25 0.66
   5   29 0.48
  17   29 0.97
  23   25 0.11
   0   11 0.63
   9   24 0.48
  33   50 0.38
  36   50 0.96
  29   55 0.20
  20   36 0.39
  21   41 0.43
  35   41 0.89
  21   31 0.05
   0    8 0.52
   9   37 0.78
   0   12 0.16
  31   42 0.06
  35   44 0.98
  18   46 0.84
  25   31 0.54
  11   23 0.31
  17   50 0.97
  33   50 0.26
  30   37 0.90
  34   61 0.22
   8   20 0.29
  32   57 0.58
  11   14 0.82
   1   15 0.85
  28   61 0.29
  12   41 0.88
  16   39 0.74
   1   33 0.10
  26   42 0.47
   7    7 0.14
   0   31 0.15
  15   36 0.53
  30   48 0.55
  20   38 0.79
   9   29 0.54
  22   52 0.46
  10   21 0.85
   2   29 0.70
  11   26 0.73
  12   24 0.14

