5 60 8
3   10   4  10

   6   15 0.25
  12   27 0.17
   0    1 0.79
  26   30 0.09
   0   14 0.46
   1    8 0.06
  19   25 0.14
  16   22 0.56
   9   13 0.96
  14   29 0.02
   8   15 0.49
   4   20 0.07
  17   33 0.56
   7    7 0.38
  23   32 0.21
  10   16 0.07
  18   19 0.75
  18   35 0.15
  21   33 0.47
  11   12 0.18
  24   36 0.64
   8   20 0.50
   8   10 0.46
  18   32 0.04
  26   31 0.56
  22   24 0.62
  25   39 0.57
  18   24 0.55
  13   28 0.33
  11   19 0.21
   2    8 0.54
  25   29 0.47
  15   25 0.41
  12   13 0.03
  12   18 0.36
   6   18 0.58
   0    7 0.43
   7    7 0.03
   5    6 0.67
  20   24 0.78
  22   35 0.90
   6    8 0.22
  12   13 0.66
  21   26 0.59
  14   26 0.82
  10   21 0.26
   1    6 0.16
   6   18 0.15
   6   19 0.88
  23   40 0.38
   4    6 0.23
  22   24 0.96
  10   18 0.94
  24   38 0.23
   6   23 0.69
  18   25 0.45
  17   29 0.42
   5   18 0.91
   9   10 0.43
   7   12 0.59

   5   15 0.94
   8   21 0.51
  16   17 0.71
  26   38 0.10
  13   28 0.77
   3    7 0.18
  20   33 0.92
   9   25 0.14
  14   29 0.48
  14   30 0.81
  24   36 0.05
  22   36 0.88
  23   36 0.91
   0    1 0.01
   9   16 0.91
  20   27 0.94
  17   24 0.37
   8   24 0.04
  15   28 0.83
   5   14 0.85
   5   10 0.17
   4    9 0.99
  21   33 0.72
   5    7 0.09
   2    8 0.63
  25   27 0.47
   2   17 0.68
  11   22 0.61
   4    7 0.96
  19   19 0.14
  13   14 0.65
  11   25 0.46
  19   27 0.17
  17   21 0.47
  23   29 0.90
  20   21 0.13
  17   29 0.57
  17   24 0.86
  14   28 0.74
   9   22 0.63
  20   32 0.96
  24   34 0.78
  21   25 0.92
  14   14 0.73
   3   17 0.63
   8   13 0.91
  25   41 0.64
   8   20 0.43
   3   12 0.30
  24   32 0.92
   1    9 0.05
  16   32 0.01
  15   25 0.71
   3   19 0.84
  14   19 0.92
  20   37 0.80
   1    3 0.32
  20   22 0.03
  13   14 0.21
  24   37 0.81

  24   41 0.47
   0    2 0.28
   8    9 0.15
  20   31 0.31
  21   24 0.18
   5   13 0.85
  13   13 0.57
   8   23 0.74
   3   13 0.43
   6   13 0.91
  14   16 0.14
  15   23 0.93
  11   12 0.04
   7   14 0.15
   0    0 0.84
  16   22 0.05
   0   15 0.65
  22   34 0.36
   8   15 0.65
  14   30 0.74
  22   28 0.20
  25   42 0.26
  22   37 0.91
   0    1 0.37
   6   16 0.58
  26   37 0.78
  24   40 0.86
  17   24 0.30
  16   21 0.77
  24   32 0.83
   3    6 0.62
  16   32 0.87
  26   37 0.90
   3   16 0.61
  13   21 0.61
  23   23 0.98
   6   13 0.64
  20   36 0.57
   8   10 0.74
   7   14 0.93
   4   17 0.88
  11   15 0.81
   3    8 0.88
  20   32 0.27
  11   17 0.39
  10   16 0.20
   7    8 0.30
  14   27 0.44
  22   26 0.94
  11   24 0.12
  22   23 0.51
  14   19 0.23
  17   25 0.16
  18   18 0.17
  18   18 0.71
   9   23 0.55
  11   17 0.85
  16   31 0.89
  24   33 0.98
  26   31 0.53

