5 30 4
6   16   4   4  10   4   2

  11   22 0.09
  10   19 0.48
  22   27 0.65
   1    2 0.38
  11   21 0.17
   2   13 0.05
  17   25 0.56
  15   22 0.04
  25   31 0.22
  20   34 0.74
  18   20 0.92
   0   12 0.40
  13   13 0.07
   3   17 0.62
   1    8 0.35
  17   29 0.51
   7   10 0.24
  12   22 0.40
  26   39 0.19
   4    4 0.34
  18   30 0.19
  27   29 0.90
  19   31 0.13
  23   35 0.75
   3    7 0.12
   0    2 0.32
  11   11 0.89
   1    4 0.93
  24   35 0.96
  15   28 0.64

  27   41 0.28
  12   16 0.92
  26   27 0.95
   0    2 0.00
  20   26 0.22
  13   13 0.24
  23   36 0.89
   5    6 0.69
  28   40 0.45
   0    3 0.82
  14   28 0.81
  14   23 0.43
  28   32 0.25
   6    6 0.51
  19   31 0.15
  24   38 0.81
  24   35 0.02
  17   24 0.55
  15   28 0.01
  28   38 0.11
  19   19 0.52
  20   28 0.03
  15   17 0.48
   1   10 0.94
  27   38 0.34
  18   28 0.68
  27   34 0.24
  16   22 0.83
  11   15 0.05
   5   14 0.64

   2   15 0.56
  24   31 0.10
  17   18 0.97
  24   28 0.14
  13   18 0.07
   4   18 0.28
   4    8 0.17
   8   21 0.64
  26   32 0.20
   0   11 0.71
   6   10 0.31
  15   18 0.34
  27   35 0.32
  24   27 0.78
   7   15 0.51
  13   20 0.02
   3    8 0.42
  19   28 0.41
   1    5 0.01
  20   20 0.99
   7    7 0.78
  24   32 0.38
  14   28 0.63
  25   35 0.36
   0    5 0.37
  20   25 0.84
  21   21 0.88
   2   16 0.06
  18   19 0.23
  29   37 0.91

  12   25 0.38
   1    8 0.10
   8   16 0.07
   8   17 0.84
  19   22 0.55
  10   20 0.55
  26   31 0.08
  14   24 0.71
  12   18 0.39
  15   22 0.86
  24   35 0.32
   3   16 0.11
   8   16 0.63
  11   20 0.08
  17   19 0.54
  28   37 0.81
   0    9 0.33
  23   36 0.59
  27   37 0.94
   2    8 0.92
  24   35 0.63
   1    5 0.55
  17   26 0.28
  11   14 0.00
  19   27 0.37
  20   27 0.03
   1    2 0.94
  18   18 0.80
   5   14 0.96
  20   27 0.61

  11   15 0.18
  26   32 0.20
  19   28 0.67
  26   30 0.30
   1    8 0.63
   8   11 0.43
  27   39 0.56
   0    9 0.28
   4   16 0.81
  10   23 0.18
   0   14 0.03
  14   16 0.48
  14   20 0.20
   0    9 0.90
  10   16 0.05
   9   10 0.32
   7   18 0.86
  26   26 0.47
  18   30 0.36
   0    7 0.12
   8   14 0.93
  25   37 0.28
  15   25 0.01
  15   22 0.07
   9   11 0.51
  27   33 0.97
  29   42 0.26
  10   23 0.77
   6   11 0.66
  15   15 0.67

   1    7 0.65
  23   23 0.51
  25   35 0.43
   7   18 0.55
   1    1 0.05
  14   16 0.11
  17   20 0.14
  22   23 0.10
  27   36 0.36
   5   13 0.89
   9   14 0.72
  16   27 0.12
  23   27 0.26
   6   19 0.32
   0    0 0.84
   7   15 0.15
  20   33 0.04
  24   33 0.41
  21   29 0.90
   4    7 0.17
  17   23 0.19
   7    7 0.14
   2    7 0.25
  28   33 0.41
  20   24 0.78
   5   17 0.83
   7   11 0.36
   9   22 0.17
   1   11 0.77
   9   10 0.22

