4 80 4
3    4  20  20

  23  178 0.78
  42  156 0.12
   0  156 0.99
  35  102 0.34
  14   87 0.24
  47  199 0.26
   6  170 0.92
  34  134 0.11
  43  104 0.81
  22  178 0.33
  23  148 0.15
   3  119 0.19
  17  145 0.89
  28  110 0.32
  43  171 0.59
  46  210 0.01
  13  150 0.94
  51  117 0.95
  47  206 0.40
  37   89 0.58
  52  112 0.76
  31   98 0.77
  33  123 0.08
  40  193 0.88
  23  178 0.64
   5  122 0.36
   5  125 0.19
   6   85 0.12
  54   78 0.28
  52   57 0.05
  11  124 0.92
  49   69 0.87
  35  165 0.45
  33   70 0.75
  38  145 0.99
  49  121 0.54
  29  101 0.64
  20  128 0.79
   5   98 0.04
  13   79 0.50
  41  136 0.78
  43   83 0.69
  20  163 0.88
  25  173 0.49
  22  150 0.27
   4  131 0.96
   1  117 0.75
  44  191 0.75
   1   21 0.68
  51   89 0.62
  34   92 0.18
  45  140 0.92
   4  108 0.24
  41  130 0.91
  38  145 0.87
  31   63 0.63
  16  102 0.27
  10   92 0.40
  17   84 0.26
  45   93 0.47
  23  169 0.32
  42  105 0.11
  20  179 0.33
   6   30 0.56
  29   47 0.17
   3   22 0.89
  53   68 0.02
  18  107 0.48
  54  218 0.13
   1  113 0.73
  12  166 0.23
  32   70 0.75
   1   30 0.38
  42  110 0.55
   6   30 0.42
  51   87 0.88
  34   60 0.91
  12   16 0.01
  14   50 0.03
  12   23 0.57

  48  106 0.07
  43  163 0.25
  25   27 0.83
   5  124 0.53
  35  179 0.63
   4   98 0.40
  54  155 0.79
  32  133 0.24
  32  103 0.97
  33  164 0.05
   9   54 0.37
  39   84 0.67
  39   65 0.46
  10   56 0.49
  26  186 0.05
  28  110 0.97
  53  179 0.46
  51  203 0.70
  39  122 0.31
  40  114 0.18
   5   43 0.73
  35   67 0.78
  35  192 0.59
  43  160 0.02
  43   94 0.21
   8    9 0.22
  44   66 0.29
  39  170 0.24
  41  188 0.89
  22  144 0.54
  17   60 0.86
  46  206 0.03
  43   97 0.12
  54  155 0.07
  50  213 0.23
  54  119 0.21
  13   90 0.87
  36  196 0.75
  32   38 0.73
  37   77 0.71
  49   93 0.27
  16   84 0.28
  19   82 0.57
  47  136 0.88
  45   68 0.51
   5  132 0.60
  27   41 0.13
   2  101 0.70
   1   80 0.80
   6  119 0.87
  14  131 0.43
  14   66 0.26
   6   73 0.90
   9  168 0.65
   6  166 0.40
  49   75 0.86
  31   63 0.39
   1   79 0.58
  47  111 0.64
  44  201 0.72
  22  171 0.09
  10   99 0.32
  48  130 0.53
  53   82 0.77
  45  191 0.05
  26  168 0.52
  49   65 0.25
  53  129 0.39
  14  144 0.58
  40  141 0.88
  21   25 0.68
  32  145 0.51
  16  122 0.23
   8   44 0.84
  51  215 0.85
  25   32 0.90
  21  174 0.33
  44  192 0.54
  47  118 0.41
  28   63 0.79

  46  116 0.19
  47   70 0.59
  38  163 0.57
  29  181 0.96
  33   90 0.82
  34   92 0.75
  40   81 0.44
  52  190 0.33
  16  164 0.96
  23   44 0.31
   4   51 0.32
   1   10 0.09
   1   16 0.08
  14   56 0.46
  41  152 0.79
  27   30 0.91
   1  154 0.36
  51  206 0.25
  18   51 0.46
  49  120 0.80
   9   28 0.18
  23   45 0.04
  49  213 0.49
  42  151 0.58
  47   89 0.55
   7   69 0.73
   0   96 0.54
  24   84 0.13
   6  104 0.53
   3   49 0.81
  49   86 0.20
  41  108 0.07
  18   22 0.91
  48  163 0.94
  30   44 0.94
   3  150 0.46
   6   78 0.11
  54  200 0.87
  49   73 0.92
  31  186 0.57
   8   63 0.88
   6  133 0.38
  11  142 0.16
   3   55 0.07
   6  121 0.84
   9  125 0.80
  12   88 0.57
  48  103 0.64
  45   82 0.76
  20  119 0.45
  48  203 0.01
  21  125 0.08
  46  198 0.46
  26  120 0.86
  40   49 0.16
  48   86 0.62
  23   34 0.78
   8  131 0.79
   1   36 0.96
  53  206 0.24
  40  165 0.52
  11  160 0.25
  14   42 0.02
  39   39 0.16
  10   72 0.12
   3  141 0.20
  28  120 0.05
  18   30 0.90
  12  114 0.76
  28  141 0.13
  37   61 0.62
  20   83 0.51
  30  175 0.67
  51  198 0.86
  45   92 0.29
  16  108 0.98
  47  168 0.79
   4   14 0.87
   2   75 0.58
  17  165 0.97

