4 15 4
12   10   4  10  10  10   4   2   2   4  10  20  10

  13   40 0.33
  17   57 0.78
  35   69 0.05
  16   72 0.15
  39   90 0.38
  22   51 0.99
  10   25 0.91
  24   31 0.30
  15   39 0.58
  36   73 0.57
  27   79 0.36
  25   63 0.11
  25   73 0.76
  29   92 0.34
  34   49 0.57

  36   92 0.40
  39   80 0.92
  10   65 0.28
  41   81 0.47
  22   80 0.72
  30   45 0.58
   2   61 0.20
  19   65 0.34
   1    2 0.19
  23   74 0.08
  19   73 0.39
   2   27 0.70
  43   68 0.68
  11   73 0.28
  31   92 0.37

  17   42 0.49
  18   51 0.36
  23   29 0.54
  32   68 0.98
  10   20 0.17
  37  103 0.47
  44   78 0.05
   1   41 0.36
  21   81 0.29
   1   14 0.71
  38   97 0.40
  28   81 0.33
   4   21 0.77
  26   87 0.88
  14   79 0.95

  43   99 0.10
  38   48 0.06
   3   21 0.46
  32   58 0.00
  41   60 0.68
   8   69 0.31
  38   95 0.52
   6   24 0.73
  40   75 0.90
  38   97 0.23
  16   29 0.33
  38  102 0.13
  34   58 0.70
   3   30 0.63
  42   61 0.73

  33   46 0.01
   2    5 0.75
  10   70 0.34
  32   93 0.45
   5   60 0.60
  27   69 0.28
  21   54 0.59
  28   73 0.86
  43   60 0.94
   0   21 0.80
   4   26 0.42
   6   53 0.64
   7   36 0.92
   1    6 0.81
   4   62 0.31

  34   48 0.50
  43   79 0.58
  28   57 0.93
  41   75 0.46
  24   52 0.25
   7   70 0.16
  44  103 0.90
  16   36 0.26
  22   59 0.69
  31   94 0.23
  15   28 0.53
  38   56 0.81
  35   74 0.70
  11   20 0.26
  32   73 0.66

   4   51 0.76
  24   35 0.99
  30   54 0.39
  31   66 0.94
  32   88 0.16
   5   49 0.24
  34   89 0.12
  37   59 0.89
   2   52 0.40
  17   63 0.74
   3   33 0.98
  21   67 0.49
  34   37 0.88
  13   59 0.76
  35   83 0.45

  38   40 0.66
  25   75 0.70
  40   86 0.95
   9   44 0.81
  12   13 0.84
   6   62 0.31
   9   58 0.37
  16   67 0.15
  10   36 0.15
  12   41 0.48
  34   41 0.45
  38   76 0.19
  34   90 0.66
  17   24 0.89
  11   56 0.27

  25   85 0.73
  37   40 0.38
   8   69 0.14
   4    8 0.12
  12   15 0.25
   8   70 0.51
  26   41 0.81
  20   25 0.79
  22   35 0.96
  23   50 0.64
   3   55 0.56
  27   75 0.22
   3   40 0.44
  25   68 0.39
  24   37 0.04

  11   74 0.94
  32   98 0.20
   1   45 0.20
  39   66 0.97
  44   76 0.57
  34   38 0.48
   4   32 0.99
  15   54 0.51
  11   23 0.66
  40   60 0.58
  20   61 0.62
  42   62 0.80
   3   60 0.50
  10   65 0.73
  25   44 0.04

  41   89 0.07
  11   45 0.86
   5   19 0.65
  18   29 0.71
   3   28 0.77
  41   57 0.50
  15   78 0.44
  36   75 0.21
  27   90 0.30
  33   87 0.08
  30   63 0.15
   7   67 0.42
   1   59 0.03
   0   37 0.18
  41   60 0.00

  23   76 0.03
  21   32 0.06
  10   63 0.04
  28   38 0.52
  28   36 0.74
  18   76 0.41
  11   57 0.82
   4   40 0.80
   4   33 0.69
  13   20 0.47
  34   61 0.20
  25   55 0.24
   7   60 0.48
  16   32 0.28
   1   11 0.91

