5 30 4
6    2  10  16   2   4  16

  52   63 0.83
  47   57 0.50
  36   36 0.42
  52   56 0.11
  49   63 0.89
   5   17 0.55
   9   11 0.51
  18   26 0.16
  30   35 0.90
  18   32 0.44
   6   10 0.25
   5   16 0.43
  16   33 0.18
  30   39 0.08
  40   47 0.40
   4   12 0.88
  17   20 0.78
  40   47 0.79
  21   32 0.16
  34   37 0.45
  33   36 0.35
  27   40 0.07
  24   33 0.14
  55   67 0.06
  47   55 0.94
  37   39 0.37
  38   48 0.22
  22   32 0.12
  35   51 0.25
  20   29 0.06

  39   47 0.55
  31   42 0.20
  48   51 0.77
  19   25 0.87
  32   35 0.28
   6    6 0.74
   0   15 0.74
  28   43 0.76
   8   22 0.68
  12   15 0.95
  39   53 0.63
  54   58 0.74
  33   37 0.85
  44   48 0.88
  19   22 0.97
  41   55 0.24
   8   22 0.25
   1   13 0.76
  27   33 0.17
  31   33 0.74
  48   64 0.78
  46   52 0.41
  47   49 0.80
   5   22 0.55
  43   43 0.10
  14   17 0.02
  41   54 0.31
   3   11 0.47
  26   38 0.45
  38   44 0.27

   2   14 0.03
   9   14 0.40
  14   27 0.85
  16   22 0.52
  22   27 0.15
  11   22 0.47
   7   12 0.35
  25   28 0.91
   4   17 0.60
  38   47 0.21
  52   55 0.05
   6   16 0.93
  24   36 0.53
  52   66 0.31
  20   23 0.88
  35   44 0.88
   3   17 0.16
  20   26 0.06
  28   33 0.31
  44   44 0.18
  28   44 0.83
   6    8 0.39
  32   37 0.84
  31   46 0.09
  16   33 0.82
  30   38 0.99
  39   43 0.38
   2   19 0.09
  47   61 0.44
   7   11 0.81

  25   29 0.06
  33   46 0.85
   8   10 0.37
  50   60 0.88
  52   62 0.26
  35   49 0.74
   8   10 0.20
  39   46 0.43
  15   26 0.91
  55   68 0.61
  54   71 0.53
   4   10 0.74
  54   63 0.42
  17   29 0.08
   2    5 0.44
  44   50 0.08
  31   35 0.86
  33   47 0.18
  54   70 0.42
  10   12 0.02
  42   56 0.32
  37   42 0.06
  12   20 0.28
  45   51 0.17
  31   33 0.47
  38   40 0.86
  10   18 0.83
  14   19 0.55
  12   25 0.73
  26   38 0.28

  26   26 0.63
  41   43 0.42
  14   15 0.26
  48   62 0.82
  54   61 0.15
   9   17 0.18
  33   40 0.56
  25   41 0.70
  12   24 0.39
   7   17 0.49
  10   27 0.95
  45   48 0.15
  38   53 0.95
  36   42 0.56
   5    9 0.46
   4   21 0.42
  28   31 0.76
  53   53 0.52
  26   33 0.30
  23   29 0.23
  21   26 0.85
  40   48 0.64
  52   61 0.49
  14   26 0.12
  35   46 0.96
  52   58 0.05
  52   54 0.14
   3    6 0.63
  29   36 0.61
  21   36 0.16

  35   47 0.72
  54   64 0.71
  35   38 0.07
  33   35 0.91
  30   37 0.20
   3   19 0.70
   4    7 0.65
  45   51 0.67
  46   47 0.75
  18   26 0.64
  51   57 0.46
  27   30 0.56
  40   46 0.44
  53   67 0.78
  19   30 0.04
  16   29 0.90
   9   25 0.30
  24   24 0.80
  32   49 0.50
  17   33 0.63
  54   66 0.36
   4   10 0.40
   8   19 0.24
  55   59 0.13
   2    6 0.89
  36   38 0.52
   0   12 0.20
  20   32 0.90
  24   39 0.98
  37   41 0.98

