3 50 8
6   20  16   2   4  16  16

  33   62 0.29
  20   25 0.00
  19   41 0.39
  28   43 0.33
   0   14 0.77
   4   39 0.79
   3   37 0.47
  32   62 0.03
   1   25 0.25
  10   27 0.11
  11   16 0.86
  29   47 0.18
  11   22 0.33
  11   44 0.68
  33   48 0.15
  33   50 0.88
  24   28 0.46
  14   16 0.72
   7   30 0.53
   7   42 0.12
  24   41 0.61
  36   50 0.88
  19   32 0.05
  20   47 0.22
  13   41 0.47
  28   60 0.55
  29   49 0.28
  11   32 0.46
   8   44 0.45
  11   41 0.47
  35   43 0.21
  29   57 0.32
  20   44 0.62
  24   32 0.10
  37   51 0.10
  35   69 0.87
  29   33 0.37
  14   37 0.80
  19   26 0.25
   8   39 0.67
   3   35 0.39
  21   36 0.77
  15   40 0.57
  13   46 0.87
  14   46 0.45
   2   19 0.69
  23   25 0.53
  15   15 0.95
  25   62 0.02
  37   65 0.47

  19   42 0.08
  17   35 0.75
  35   61 0.68
  27   42 0.16
  19   25 0.94
  27   29 0.52
  24   30 0.36
  20   36 0.68
  32   43 0.50
  32   64 0.55
  17   31 0.35
   2   37 0.74
  11   38 0.25
  31   31 0.36
  36   50 0.02
   5   37 0.95
  36   60 0.94
  23   41 0.35
  11   11 0.05
  34   70 0.87
   0   29 0.19
  26   45 0.81
  16   16 0.91
  11   22 0.88
   5   35 0.39
  19   24 0.14
  14   28 0.90
  13   37 0.52
   2   18 0.72
  20   57 0.46
  17   54 0.97
  15   15 0.25
  32   64 0.99
   4   33 0.28
  19   20 0.86
   8   26 0.02
  14   41 0.34
  36   71 0.73
   5    5 0.54
  33   43 0.52
   5   12 0.35
  23   47 0.73
  10   37 0.57
  32   67 0.05
   0    3 0.62
   0   33 0.72
  15   18 0.02
  34   52 0.89
   1   38 0.71
   0   29 0.68

  25   29 0.15
  24   29 0.38
   6   37 0.04
  21   44 0.42
  25   25 0.25
  23   59 0.46
  37   55 0.76
   1   37 0.05
  15   24 0.99
  35   40 0.03
  33   39 0.22
  28   37 0.73
  26   59 0.40
  17   39 0.44
   1   22 0.16
  25   62 0.41
  24   60 0.86
  32   62 0.63
  18   52 0.59
   3    4 0.28
  15   38 0.49
  32   49 0.25
  22   31 0.90
  10   11 0.01
  18   49 0.59
  16   28 0.26
   7   39 0.86
  19   30 0.40
  12   16 0.26
   6   39 0.02
  10   44 0.05
  11   29 0.63
  21   26 0.03
  27   56 0.27
  37   47 0.66
   3    8 0.45
   4   26 0.64
   1   23 0.25
  10   10 0.72
   5   35 0.23
  19   48 0.37
  31   44 0.03
  22   33 0.25
  19   22 0.80
  16   50 0.54
   4   25 0.54
  16   36 0.06
  16   51 0.33
  29   45 0.69
  20   22 0.43

   1   25 0.04
   4   12 0.69
  35   62 0.54
   4   12 0.88
  35   46 0.81
   9   22 0.94
  14   45 0.55
  28   45 0.83
   8   41 0.55
   3   17 0.77
  16   50 0.21
   6   29 0.23
  33   49 0.57
  32   43 0.18
   9   25 0.70
  20   52 0.80
  13   14 0.28
  18   49 0.59
   9   17 0.13
  18   28 0.45
  19   36 0.52
   8   19 0.49
  23   30 0.99
  21   37 0.99
  29   63 0.11
  35   63 0.04
  32   56 0.80
  24   42 0.84
  31   31 0.37
   5   23 0.45
  11   26 0.70
  28   37 0.13
   0   21 0.81
   5   24 0.13
  13   20 0.85
   4   21 0.48
  27   53 0.95
  30   43 0.92
   6    9 0.90
  21   32 0.17
  18   20 0.07
  15   29 0.90
  35   58 0.88
  21   45 0.52
   0   30 0.05
  31   38 0.16
  34   55 0.52
  10   41 0.83
  33   48 0.22
  35   45 0.87

   8   40 0.64
  20   44 0.08
  26   59 0.34
   0   19 0.17
  36   53 0.50
  32   55 0.97
  23   39 0.18
  12   46 0.56
  31   52 0.38
  24   31 0.38
  33   38 0.68
  12   17 0.04
   5   10 0.54
  17   36 0.43
  36   46 0.74
  29   33 0.15
  14   15 0.69
  10   45 0.63
  26   27 0.44
  35   49 0.91
  13   26 0.79
   8   18 0.00
  15   17 0.12
   7   33 0.55
  28   37 0.70
  12   26 0.69
  31   32 0.90
   4   24 0.62
  21   37 0.44
  14   33 0.17
  18   19 0.20
  32   40 0.69
  34   67 0.15
  30   53 0.56
   9   45 0.91
  28   34 0.14
  21   34 0.18
  24   31 0.27
   2   38 0.24
  14   15 0.81
  23   28 0.99
  30   32 0.35
  14   38 0.21
  11   12 0.22
  19   37 0.20
  32   33 0.23
  19   25 0.11
  33   56 0.35
  16   18 0.18
  14   50 0.63

  28   31 0.32
   5   23 0.04
  10   29 0.63
  34   57 0.28
  11   42 0.56
   2   37 0.88
  20   41 0.96
  30   36 0.61
  28   46 0.77
   3   37 0.43
  20   51 0.15
  18   34 0.57
  16   40 0.02
  24   33 0.81
  23   26 0.93
  11   33 0.11
  19   54 0.88
   6   29 0.48
  16   27 0.62
  14   22 0.22
  34   59 0.16
   0   17 0.25
  36   40 0.84
  32   62 0.05
  23   24 0.35
  18   29 0.99
   5   13 0.33
  24   27 0.14
   7   41 0.24
  15   48 0.34
  14   18 0.30
  11   42 0.29
  21   52 0.51
  36   47 0.98
  33   54 0.21
  26   45 0.61
  33   59 0.26
   7   24 0.38
   1   29 0.45
  14   50 0.97
  35   57 0.16
  22   34 0.71
  28   50 0.60
  13   35 0.41
   9   45 0.88
  11   25 0.72
  27   57 0.96
  12   49 0.07
   8   16 0.15
  27   58 0.48

