5 30 8
6    4  20  20   2  16  16

  28   39 0.85
  14   22 0.33
  15   20 0.01
  12   25 0.13
   7   20 0.88
  26   30 0.53
  13   20 0.89
  25   27 0.36
  19   26 0.04
  24   36 0.83
  14   14 0.92
  14   24 0.47
   9   21 0.48
  28   28 0.16
  23   31 0.22
  18   23 0.70
  27   40 0.43
  10   10 0.67
   8   21 0.46
  22   32 0.43
  16   25 0.52
  23   32 0.36
   9   14 0.47
   5   18 0.69
  20   25 0.19
  19   31 0.23
  24   34 0.90
  13   13 0.18
   9   20 0.75
  11   21 0.45

  17   18 0.51
   3   10 0.42
   3    5 0.31
  23   31 0.48
  28   41 0.14
   2    7 0.28
  19   25 0.16
  18   26 0.70
  10   23 0.57
  11   23 0.41
   7   13 0.55
  26   32 0.21
  28   34 0.55
  24   31 0.62
  23   33 0.56
  14   26 0.32
   1   10 0.15
  11   15 0.82
  13   19 0.99
   6   19 0.93
  17   21 0.66
   6    9 0.00
  18   22 0.79
  20   26 0.09
  26   38 0.01
  14   18 0.66
  15   17 0.27
  24   32 0.79
  16   20 0.67
   8   15 0.31

  28   37 0.19
   4   17 0.61
   9    9 0.93
  26   36 0.05
  18   31 0.07
   9   17 0.35
   5   18 0.03
  24   31 0.70
  22   27 0.18
   1    6 0.57
   9   14 0.35
  21   30 0.44
  21   33 0.51
   2    8 0.44
   4    9 0.88
  14   18 0.02
   9   14 0.23
  27   39 0.29
   9   16 0.05
  26   31 0.14
   2   12 0.62
  14   18 0.50
   9   19 0.50
  28   37 0.24
  11   15 0.99
  11   19 0.40
  16   16 0.94
  10   22 0.73
  13   16 0.68
  18   25 0.99

  24   33 0.34
  27   39 0.40
   0    8 0.23
  19   23 0.76
  16   29 0.13
  28   29 0.91
  16   16 0.90
  24   25 0.08
   0    7 0.12
  19   28 0.38
  20   25 0.30
  15   16 0.42
  26   32 0.57
  10   16 0.76
  12   15 0.99
  11   15 0.20
   4   12 0.43
  12   24 0.07
  27   34 0.18
  15   16 0.05
  20   23 0.32
  22   28 0.85
  23   29 0.43
  28   33 0.97
  15   25 0.62
  20   27 0.34
   6   18 0.20
  18   22 0.44
  23   35 0.86
  15   27 0.48

  10   22 0.66
   1    7 0.84
  17   22 0.46
  28   39 0.21
  17   28 0.78
  17   27 0.31
   9   21 0.61
  25   31 0.65
  16   22 0.27
   6    9 0.76
   5   11 0.93
  16   29 0.68
   2    5 0.67
   4    4 0.65
  18   24 0.05
  13   18 0.53
  26   31 0.08
  21   26 0.76
  12   25 0.76
  19   24 0.47
  11   12 0.24
  12   15 0.09
  25   25 0.92
  17   21 0.07
  27   39 0.18
   5   14 0.28
  19   30 0.74
   0   11 0.51
   6   13 0.03
  23   27 0.87

   9   11 0.93
   1    7 0.01
  24   36 0.44
  24   31 0.94
  16   16 0.97
   5   18 0.15
  20   22 0.26
   7    9 0.45
  10   22 0.79
  19   19 0.14
  19   30 0.27
  23   29 0.47
  13   14 0.39
  25   27 0.33
  12   14 0.62
  26   34 0.09
   7   16 0.93
   1    1 0.80
  12   21 0.49
  23   35 0.74
   8   13 0.19
  22   31 0.36
  18   27 0.74
  10   17 0.64
  25   29 0.73
  21   30 0.73
  10   17 0.69
  17   23 0.61
   2    3 0.66
  28   37 0.98

