3 30 8
6   16   4   2   4   4  20

  14   34 0.14
  14   35 0.76
   5   27 0.46
  10   37 0.99
   0   30 0.86
  12   32 0.23
   3   31 0.16
   9   22 0.35
   0   29 0.10
   7   33 0.24
   2   31 0.37
  11   29 0.18
   9   17 0.22
  11   25 0.31
   6   34 0.82
   2    9 0.88
   2   14 0.42
   3    9 0.42
   7   37 0.10
   2   31 0.07
  11   35 0.56
   6   33 0.63
  14   26 0.18
   1   26 0.86
   3   10 0.99
  13   20 0.08
  11   22 0.89
   4   34 0.34
   3   20 0.12
  10   24 0.62

   3   15 0.06
  13   32 0.11
   6   24 0.50
   1   27 0.79
  12   42 0.67
   8    9 0.65
   3   19 0.49
   8   27 0.10
   6   14 0.15
   2   11 0.64
   8    8 0.78
   9   32 0.02
   8   34 0.66
   7   37 0.01
  11   41 0.81
  12   24 0.17
   8   23 0.31
   8   35 0.67
   9   20 0.00
  10   20 0.26
   4   13 0.19
  10   39 0.13
  14   40 0.40
   3   20 0.63
   4   32 0.57
   9   17 0.09
   9   35 0.72
  10   22 0.77
   4    7 0.10
   7   28 0.60

   2   12 0.12
  14   34 0.12
   4   33 0.01
   9   23 0.71
   6   10 0.23
   8   13 0.16
  12   33 0.18
   5   27 0.30
  13   29 0.91
  12   31 0.88
  10   35 0.39
   2   12 0.71
   5   20 0.42
  12   27 0.43
  13   28 0.92
  10   31 0.14
   9   18 0.79
   1   22 0.40
  12   15 0.92
   2    4 0.42
   9   22 0.98
   9   10 0.87
   1   22 0.71
   9    9 0.26
  11   14 0.87
   3   18 0.13
   1   11 0.13
   5   19 0.01
   9   33 0.00
  11   22 0.95

  13   33 0.23
   4   16 0.88
  14   22 0.74
   3   12 0.66
   0   18 0.21
   2    8 0.27
   4   30 0.56
   9   10 0.13
  13   37 0.68
   6   23 0.93
   0   27 0.34
   5    7 0.76
   0   18 0.17
  12   29 0.43
  12   28 0.09
   5   20 0.40
  10   25 0.90
  12   21 0.54
  14   27 0.55
  10   16 0.43
  10   20 0.12
   6   12 0.56
   0   26 0.13
   2   12 0.90
  14   16 0.97
   4   16 0.62
  12   37 0.03
   2   23 0.85
   7   19 0.23
  12   33 0.76

   6   15 0.56
  14   40 0.14
  12   13 0.24
   0   22 0.16
   9   21 0.41
  11   17 0.68
   7   13 0.04
   2   31 0.30
   1   20 0.39
  11   18 0.85
   5   13 0.12
   1   13 0.52
   3   11 0.01
   7   22 0.66
  14   18 0.97
   8   29 0.14
  10   24 0.51
   1   16 0.07
   7   19 0.41
   1   20 0.24
   9   19 0.24
   8   30 0.39
   5   11 0.52
   8   13 0.03
   8   11 0.06
  13   37 0.61
   6   20 0.97
  14   31 0.29
   7    8 0.03
  10   10 0.23

   5   21 0.75
  12   15 0.52
   2   28 0.38
   0   22 0.10
   6   21 0.74
  13   28 0.73
   9   28 0.35
  14   16 0.03
   0    3 0.35
   3   20 0.42
   8   29 0.11
  12   12 0.65
  13   17 0.83
   5   13 0.61
  10   13 0.60
  10   17 0.87
  12   30 0.70
   0    2 0.94
   3   31 0.28
  13   33 0.11
  13   41 0.52
  11   25 0.83
  10   35 0.12
  11   40 0.79
  13   25 0.23
   4   23 0.13
  14   18 0.95
   7   15 0.43
   6   33 0.37
   1    1 0.98

