4 60 8
3   20  10   2

   8    9 0.88
   8   12 0.28
   0    6 0.77
   3   31 0.63
   5   30 0.53
   4    6 0.06
  13   15 0.47
   4   29 0.54
   6   20 0.06
   2   24 0.63
   7   16 0.79
  12   21 0.38
   0   24 0.40
   6   15 0.38
  14   40 0.65
   4   19 0.30
   1    2 0.31
  11   31 0.52
   6   13 0.46
   3   16 0.35
   7   30 0.01
   3   15 0.50
  10   35 0.46
   4   31 0.83
   4    5 0.38
  12   25 0.09
   7   33 0.99
   1   24 0.67
  14   22 0.57
   8   35 0.60
   5   14 0.16
   9   14 0.25
   1    5 0.58
  13   17 0.38
   6   25 0.09
  13   26 0.29
   1   10 0.89
  14   42 0.95
   0   26 0.98
   8   36 0.75
   4   29 0.78
  11   11 0.85
  10   38 0.25
   2    3 0.61
   3   25 0.06
  14   22 0.58
   3    8 0.55
   9   13 0.77
  12   31 0.77
   0   15 0.31
   6   35 0.73
   0   15 0.17
  13   18 0.45
   3   21 0.86
   9   34 0.44
   2   16 0.25
   5    8 0.54
   3   13 0.08
  10   16 0.47
   2   14 0.21

  14   33 0.26
   9   13 0.46
   5    9 0.81
   7   11 0.04
   8   12 0.83
   6    7 0.82
  10   34 0.21
  12   21 0.16
  14   33 0.83
   6   24 0.52
   1   14 0.08
  12   21 0.40
   5   22 0.08
  12   21 0.86
   9   12 0.13
   1   18 0.23
   3    3 0.80
   7   23 0.80
   8   33 0.27
   8   29 0.01
   6    8 0.87
   6   29 0.72
   8   18 0.13
   4   31 0.07
   0    3 0.90
  11   32 0.42
   5   25 0.57
  12   14 0.66
   6   20 0.43
   4   16 0.66
   3    6 0.37
   4    9 0.33
   6   19 0.39
   1   20 0.99
   2   18 0.22
   8   12 0.92
   9   18 0.99
  12   31 0.38
   0   11 0.58
   6   23 0.56
   1    7 0.50
   6   21 0.26
   4    9 0.42
   9   38 0.72
   6    8 0.90
   8   33 0.23
   3   16 0.71
   3   19 0.31
   8   37 0.74
   1    4 0.17
  11   13 0.01
  13   37 0.56
   7   32 0.23
   4   18 0.51
   9   17 0.89
   1   29 0.02
  11   13 0.90
   6   29 0.67
   4   30 0.69
   2   26 0.36

   3   10 0.13
  14   22 0.84
  10   16 0.02
   4   22 0.28
   8   23 0.00
  10   11 0.45
   7   16 0.70
  14   14 0.02
   2   30 0.34
   0   16 0.08
   0    0 0.96
  11   30 0.09
  10   29 0.80
   9   28 0.32
   2   13 0.75
   3    8 0.73
   3    3 0.46
   0   17 0.39
   0   13 0.33
  10   25 0.91
   7    8 0.76
   3    5 0.79
   2   22 0.80
   6   23 0.08
   8   16 0.42
  13   27 0.59
   1   10 0.30
   9   36 0.90
   0   27 0.72
  12   25 0.48
   2   19 0.86
  14   40 0.77
  12   15 0.64
   1    1 0.45
   2    7 0.06
   6   16 0.58
  13   29 0.13
   8   22 0.18
   1   12 0.98
   5   26 0.90
  10   32 0.04
   6   19 0.80
   4   23 0.78
   7   19 0.94
  13   26 0.36
   6   16 0.90
   9   20 0.68
   1    8 0.21
  12   20 0.86
   0   29 0.63
  12   23 0.25
   0   13 0.33
  12   23 0.78
  13   25 0.52
   1   18 0.12
   3   10 0.69
   1   13 0.89
   2   16 0.76
   5   24 0.27
   5   18 0.91

