3 15 4
12    4  10  20  10  16   2  10  10  20   4  10  10

  33   52 0.66
  17   81 0.15
   3   33 0.32
  48   51 0.63
  21   88 0.24
   3   58 0.19
  56  133 0.69
  37  111 0.69
  16   31 0.05
  12   58 0.35
  75  143 0.74
  58  112 0.40
   0   32 0.93
   6   29 0.50
   1   47 0.83

  30   88 0.94
  28   80 0.89
  44  100 0.66
  34   56 0.55
  17   52 0.50
   9   62 0.56
  37  107 0.85
  45   99 0.65
   4   67 0.70
  46   47 0.43
  66   99 0.08
  26   55 0.90
  74  132 0.00
  63  117 0.90
   1   38 0.95

  48   53 0.88
  42   50 0.17
   7   55 0.31
  14   49 0.84
  42   63 0.87
  32   70 0.99
  43   58 0.23
   1   31 0.46
  50   82 0.25
  18   44 0.69
  72  106 0.40
  53   66 0.32
  12   83 0.48
  70   97 0.77
  70  112 0.33

  11   17 0.70
  10   61 0.27
   9   39 0.06
  39   83 0.20
  64   82 0.34
  51  109 0.01
  45   63 0.26
  28   72 0.78
  51   70 0.27
  39   85 0.82
   1   16 0.90
  64   87 0.79
  68   95 0.07
   0   38 0.58
  42  108 0.20

  75   88 0.52
  55  121 0.18
  17   88 0.28
  14   57 0.76
  19   75 0.45
  52  126 0.94
  51   90 0.30
  52  101 0.14
  17   57 0.71
  61  133 0.08
   7    7 0.94
   6   81 0.18
   6   16 0.66
   2    6 0.03
  36   52 0.48

  75  118 0.82
  39   57 0.55
   8   69 0.12
  44   46 0.73
  25   37 0.05
  58   90 0.60
  57  116 0.99
  46   95 0.40
  21   95 0.53
  14   83 0.73
  44  103 0.92
  43  104 0.27
  24   25 0.46
  18   25 0.98
  28   36 0.29

  45   66 0.41
  66  101 0.27
  77   90 0.12
  30   67 0.06
  73  118 0.46
  18   58 0.73
   5   80 0.17
  63  133 0.40
  12   71 0.27
  56  123 0.46
   7   10 0.90
  60  106 0.38
  10   17 0.82
  43   75 0.61
  14   86 0.32

  11   48 0.01
  72   85 0.84
  16   24 0.99
  37   82 0.43
  36  102 0.96
   2   37 0.93
  16   63 0.67
  63   89 0.42
  26   35 0.40
  14   43 0.32
  75  127 0.77
   3   38 0.27
  45   61 0.05
  43   74 0.76
  62  108 0.60

  72   93 0.56
  43   55 0.89
  71   82 0.95
  56   63 0.87
   3   78 0.39
  19   58 0.27
  37   60 0.69
  21   89 0.82
  47   99 0.34
  39   85 0.19
  74   76 0.36
  36   56 0.49
   5   71 0.70
  12   77 0.16
  58   77 0.38

  71  102 0.24
  40   57 0.01
  75  117 0.42
  31  103 0.90
  75  120 0.40
  40   45 0.50
  29   45 0.30
  73   85 0.02
  30   58 0.61
  46  102 0.81
  30   58 0.02
  18   23 0.69
  60  121 0.88
  41   69 0.70
  61  107 0.70

  66  129 0.53
  65  129 0.11
  76  128 0.98
  43   82 0.04
   1    7 0.35
  36   91 0.31
  52   81 0.40
  23   47 0.58
  20   36 0.71
  29   34 0.30
  39   77 0.77
  24   64 0.26
  10   38 0.42
  43   58 0.14
  42   71 0.71

  60   72 0.05
   8   16 0.25
  55  101 0.00
   4    5 0.30
  47   88 0.09
   2   25 0.99
  55   61 0.97
  50  112 0.35
  26   67 0.33
   8   68 0.30
  30   53 0.09
  68  124 0.49
   0   52 0.33
   8   24 0.30
  48  100 0.45

