4 30 4
6   10  16   2  20   4  16

  44   90 0.37
  21   25 0.48
  43   97 0.50
   9   10 0.11
  56   92 0.59
   2   16 0.37
  39   66 0.61
  52  111 0.18
  37   83 0.02
  35   60 0.68
   8   19 0.31
  49   95 0.57
   7   51 0.85
  33   90 0.01
  29   86 0.12
  34   78 0.58
  17   53 0.69
  58   66 0.77
  36   58 0.88
  20   63 0.54
   2   59 0.27
  41   49 0.59
  43   97 0.16
  42   67 0.37
   7   37 0.17
  35   93 0.70
  29   88 0.51
  18   27 0.57
  31   60 0.74
  54   72 0.55

  32   85 0.23
  60  108 0.04
  40  102 0.95
  13   53 0.66
  43   56 0.51
  59  104 0.96
  29   87 0.72
  25   38 0.96
  51   84 0.24
  39   55 0.31
  40   45 0.91
  53   97 0.04
  14   41 0.71
  27   89 0.62
  34   92 0.75
  56   89 0.79
  50  104 0.58
  38   64 0.01
  55   98 0.04
  20   32 0.21
  39   93 0.83
   2   41 0.60
   7   58 0.33
  41   55 0.53
  55   70 0.84
  48   62 0.49
  24   47 0.10
  47   92 0.46
  48   88 0.48
  30   73 0.59

  45   54 0.36
  38   72 0.75
   4   22 0.16
  42   73 0.25
  40   42 0.54
  33   62 0.69
  50  107 0.50
  50  108 0.02
  18   77 0.57
  12   40 0.28
  53   86 0.15
  37   46 0.39
  36   43 0.46
  40  100 0.23
  18   44 0.60
   7   44 0.46
  17   53 0.27
  14   72 0.67
  41   73 0.18
   1   28 0.54
  40   53 0.44
  21   36 0.17
  18   63 0.48
  19   79 0.67
  16   61 0.99
  12   15 0.67
   8   62 0.89
  39   61 0.08
  49  111 0.34
   5   37 0.34

  29   54 0.17
  41   82 0.22
  50   95 0.47
  50   71 0.57
  54   78 0.37
  27   39 0.04
   8   33 0.17
   4   18 0.33
   5   40 0.36
  47  107 0.48
  34   52 0.94
  17   35 0.23
  51  112 0.31
   7   64 0.31
   8   11 0.40
   7   62 0.65
  62   77 0.96
  59   81 0.07
  34   77 0.28
   9   10 0.09
   0   30 0.73
  33   74 0.04
  41   77 0.04
  48   64 0.70
  34   80 0.76
  13   41 0.62
  19   72 0.60
  22   74 0.69
  19   35 0.02
  10   31 0.14

  57  118 0.96
  28   87 0.52
   4   40 0.79
   4   51 0.32
  29   52 0.36
   0   10 0.01
  25   29 0.25
  13   29 0.23
   1   19 0.52
   0   32 0.25
   2   15 0.35
  53   94 0.22
  19   53 0.42
  44   76 0.22
  31   32 0.89
  21   43 0.46
  45   80 0.45
   6   43 0.94
  38   71 0.89
  53  115 0.51
  59   89 0.47
  61  102 0.21
  10   11 0.92
  62   67 0.60
  31   52 0.05
  57   59 0.16
  17   23 0.61
   0   37 0.37
   4   21 0.37
   2   58 0.99

  35   36 0.85
  19   21 0.84
  41   85 0.69
  23   70 0.45
  23   64 0.96
  50   51 0.76
  58   88 0.79
  51   92 0.47
  34   70 0.12
  11   19 0.21
  32   55 0.28
  33   74 0.47
  11   14 0.80
  39   67 0.52
  19   19 0.46
  47   59 0.04
  28   68 0.59
  25   42 0.12
  45   60 0.00
  27   51 0.01
  44   96 0.53
  36   36 0.18
  22   61 0.35
  54   74 0.70
  43   55 0.33
  41  103 0.17
  49   76 0.62
  16   68 0.51
  49  108 0.76
   3   36 0.21

