4 60 4
3   16  20   2

  65   89 0.45
  58   88 0.88
   2    9 0.15
  30   41 0.20
  39   53 0.15
  19   27 0.46
  11   43 0.00
  22   42 0.66
  23   42 0.52
  54   87 0.47
  38   40 0.09
  43   76 0.65
  36   56 0.69
  47   76 0.20
  49   69 0.20
  28   53 0.26
  70   76 0.83
  66   69 0.32
   9   26 0.05
   8   24 0.11
  23   40 0.84
  57   69 0.01
  59   92 0.02
  16   20 0.98
  70   79 0.86
  46   67 0.08
  43   76 0.60
  50   65 0.90
  17   41 0.16
  22   37 0.01
  38   63 0.89
   2   17 0.75
  39   63 0.79
  59   77 0.98
   1   32 0.00
  38   58 0.20
  64   83 0.19
  48   59 0.28
  57   57 0.34
  43   64 0.86
   5   18 0.82
   1   17 0.55
  25   39 0.07
  49   58 0.63
  21   33 0.28
  13   29 0.44
  59   70 0.29
  24   26 0.08
  62   64 0.40
  42   46 0.48
  10   35 0.12
  63   70 0.27
  69   97 0.30
  32   53 0.31
  13   39 0.17
  11   25 0.32
  41   66 0.22
  46   62 0.81
  10   40 0.07
  34   43 0.63

  65   93 0.00
  52   78 0.51
  58   85 0.87
  28   54 0.98
  18   34 0.61
  26   57 0.06
  62   89 0.35
  69   75 0.47
  48   60 0.41
  64   78 0.36
  41   50 0.73
  49   62 0.92
  54   66 0.81
  28   46 0.07
  37   66 0.21
  60   93 0.69
   7   16 0.39
   3   31 0.63
  12   23 0.05
   6   22 0.98
  42   62 0.97
  25   28 0.38
  25   56 0.56
   2   29 0.14
  22   31 0.95
  62   92 0.78
   2    4 0.34
  29   29 0.63
  55   81 0.95
  37   56 0.22
  44   69 0.21
  43   50 0.72
  56   79 0.05
  49   55 0.33
  45   74 0.47
  17   31 0.68
  68   69 0.31
  43   60 0.84
  24   36 0.22
  42   46 0.75
  22   45 0.54
  10   12 0.57
  18   32 0.77
  48   58 0.14
  50   57 0.31
  32   45 0.16
  63   63 0.22
  38   53 0.34
  62   77 0.52
  39   48 0.25
   7   14 0.79
  10   15 0.58
  41   55 0.14
  50   54 0.30
  23   37 0.49
  15   37 0.38
  29   37 0.47
  44   73 0.23
  38   60 0.30
  33   47 0.91

  10   12 0.23
  52   65 0.47
  32   51 0.95
  43   54 0.08
  15   24 0.28
   6   31 0.34
   7   33 0.34
  48   82 0.28
   0   13 0.01
  17   30 0.76
  16   32 0.52
  26   44 0.94
  38   38 0.27
  17   24 0.31
  32   41 0.09
  69   87 0.49
  15   45 0.15
  12   38 0.60
  26   47 0.63
  21   49 0.88
  21   38 0.78
  11   38 0.98
  29   43 0.16
  19   38 0.09
  10   39 0.23
   0   30 0.17
  16   44 0.21
  46   57 0.08
   5   32 0.82
  24   29 0.33
  20   40 0.84
   8   35 0.40
  52   79 0.93
  15   49 0.05
   6   24 0.40
  32   38 0.04
  52   82 0.87
  65   77 0.30
  46   53 0.79
   9   39 0.84
  20   26 0.91
  60   69 0.63
  36   57 0.23
  17   30 0.38
  54   68 0.10
  20   31 0.87
  47   66 0.26
  52   81 0.89
  43   60 0.93
  25   55 0.61
  37   66 0.11
  45   73 0.05
  58   78 0.13
   1    9 0.99
  18   28 0.48
   4   21 0.39
  13   27 0.00
   4   10 0.98
  56   57 0.78
  41   54 0.16

