4 25 4
12   16  10  10   2   4  16  10  16   4   2  10   2

  18   53 0.26
  23   61 0.46
  44   73 0.02
  22   38 0.14
   2    6 0.81
  51   57 0.78
  45   80 0.66
  36   55 0.08
   7    8 0.28
  21   34 0.84
  61   76 0.46
  37   53 0.97
  56   60 0.16
  24   37 0.30
  23   52 0.30
  36   54 0.92
  39   41 0.26
  46   67 0.68
   4   37 0.14
   7   14 0.58
  58   79 0.26
  39   64 0.99
  73   98 0.79
  18   34 0.02
   2   39 0.65

  65  102 0.68
  72  101 0.98
  75   95 0.61
  38   59 0.45
  59   72 0.18
  16   27 0.90
  19   51 0.33
  51   72 0.09
  63   76 0.75
  36   71 0.16
   2   10 0.01
  55   56 0.68
  23   52 0.58
  45   66 0.93
  60   75 0.59
  63   86 0.65
  52   76 0.29
  20   47 0.52
  32   49 0.17
  69   88 0.37
  36   39 0.28
  61   95 0.21
  71   89 0.68
  78   97 0.96
  43   76 0.34

  22   28 0.26
  34   53 0.27
  20   43 0.02
  53   83 0.51
  60   82 0.80
  48   86 0.79
  45   77 0.93
  56   82 0.82
  71  107 0.01
  59   80 0.75
  20   51 0.26
  77   85 0.51
   7   25 0.63
  63   74 0.86
  69   99 0.81
   8   21 0.56
  44   72 0.63
  17   53 0.14
  42   56 0.71
  17   37 0.88
  21   49 0.11
  19   25 0.16
  70  105 0.86
   7   28 0.09
  61   78 0.97

  64   88 0.50
   1   10 0.68
   9   40 0.07
  68   93 0.50
  35   38 0.96
  31   31 0.68
   1    9 0.01
  64   79 0.95
  61   96 0.78
  12   18 0.82
  51   60 0.30
  77  101 0.49
   5   10 0.57
   5   21 0.08
   1    3 0.94
  36   58 0.74
  45   59 0.93
  24   49 0.57
  23   43 0.59
  47   55 0.06
  61   65 0.42
  50   82 0.38
  61   89 0.18
  56   66 0.27
  47   48 0.42

  14   22 0.94
  74   84 0.59
  50   57 0.02
  52   65 0.22
  25   28 0.42
  47   58 0.92
  10   38 0.61
  32   44 0.31
  39   50 0.89
  22   58 0.00
  41   65 0.85
  44   78 0.35
  68   99 0.61
   4   22 0.48
  78  101 0.64
  42   74 0.04
  39   61 0.07
  43   69 0.85
  46   52 0.75
  54   88 0.64
  23   27 0.07
  56   86 0.05
  40   70 0.10
  51   52 0.71
  12   50 0.07

  25   35 0.79
  74   92 0.07
  30   33 0.93
  51   84 0.92
  77   77 0.93
  31   58 0.52
  65  102 0.48
  30   53 0.78
  18   42 0.45
   9    9 0.28
  36   54 0.48
  65  103 0.10
  69   72 0.13
  34   45 0.48
  32   51 0.72
  10   17 0.89
  72   94 0.55
  75   89 0.34
  67   71 0.09
  20   27 0.83
  74   91 0.88
  18   28 0.10
  16   36 0.40
  62   88 0.48
  25   25 0.80

  36   52 0.91
  69   91 0.81
  59   83 0.73
  16   17 0.83
  73   95 0.61
  66   76 0.76
  33   65 0.43
  32   47 0.38
  25   48 0.97
  13   51 0.24
  45   65 0.12
   8   23 0.08
  27   62 0.09
  53   83 0.03
  73   83 0.94
   0   27 0.66
   4   14 0.93
   1   25 0.20
  42   79 0.49
  63   79 0.37
   3   41 0.57
  76   83 0.24
  16   46 0.55
  66   76 0.99
  68  101 0.84

  64   71 0.97
  17   48 0.30
  30   34 0.00
   1   39 0.69
  33   67 0.57
   2   27 0.17
  24   40 0.26
  28   50 0.76
  77  101 0.46
  11   49 0.43
  68   83 0.59
  14   46 0.43
  29   58 0.14
  27   54 0.09
  62   70 0.02
  56   78 0.90
  61   93 0.09
  64   81 0.53
  12   48 0.59
  46   53 0.68
  63   92 0.85
  38   59 0.91
  33   58 0.27
   0   16 0.19
  61   86 0.25

   9   39 0.71
  53   54 0.64
  47   84 0.86
  13   51 0.81
  70  102 0.11
   4    8 0.45
  62   92 0.05
   4   34 0.01
  77  100 0.15
   4   12 0.29
  54   79 0.73
  56   78 0.41
  48   71 0.27
  22   28 0.88
  54   83 0.21
  48   48 0.89
  25   32 0.40
  55   93 0.66
  50   85 0.64
  42   64 0.64
  24   39 0.45
  53   81 0.27
  50   84 0.04
  16   37 0.45
  30   66 0.55

  72   85 0.39
  28   42 0.55
  67   97 0.81
  43   66 0.15
  37   48 0.48
  32   37 0.64
  31   37 0.35
  45   54 0.76
  62   67 0.89
  14   28 0.89
  58   69 0.42
  15   17 0.22
  30   33 0.88
  57   69 0.71
  39   74 0.48
   6   42 0.73
  38   39 0.50
  66   81 0.13
  73   83 0.11
  39   53 0.60
  49   51 0.42
  42   76 0.93
  43   49 0.64
  38   76 0.08
  57   91 0.99

  54   56 0.59
  30   31 0.79
  65   82 0.00
  70   85 0.14
  30   31 0.76
  55   70 0.89
  34   60 0.79
   1    9 0.76
  17   45 0.27
   5   10 0.82
  29   55 0.53
  10   14 0.96
  62   78 0.38
  75   91 0.50
  23   36 0.85
  40   47 0.44
   9   47 0.51
   0   18 0.16
  59   85 0.83
   6   22 0.73
  75   86 0.07
  62   79 0.90
  36   74 0.56
  16   41 0.72
  11   44 0.78

  19   52 0.67
   0   19 0.71
  42   79 0.79
  47   50 0.37
  35   67 0.81
  15   51 0.07
  61   82 0.23
  35   52 0.98
  50   69 0.21
  36   37 0.57
  23   35 0.15
  63   68 0.82
  54   75 0.20
  68   72 0.72
  24   44 0.93
  59   93 0.03
  40   59 0.90
  55   92 0.90
  47   53 0.24
  54   81 0.59
  37   57 0.26
  52   67 0.37
  58   78 0.59
  35   54 0.51
  73   73 0.49

