4 100 8
3   16   2  20

  26   50 0.99
  81   81 0.63
  76  101 0.57
  52   78 0.90
  46   52 0.44
   0   26 0.33
  71   78 0.16
  58   75 0.55
  10   19 0.88
  49   49 0.78
  41   58 0.60
   7   13 0.43
  16   25 0.01
  22   43 0.73
   4    9 0.65
  77   79 0.93
  76   98 0.40
   7   33 0.79
   9   14 0.32
  55   68 0.65
  55   69 0.92
  70   86 0.77
  53   67 0.88
  11   23 0.86
  22   49 0.05
  49   76 0.47
  35   38 0.27
  50   74 0.16
  46   67 0.60
  75   92 0.84
   2   27 0.21
  39   67 0.02
  34   56 0.61
  45   60 0.23
  82  103 0.12
  64   90 0.32
  40   68 0.98
  50   51 0.26
  75   94 0.61
  73   75 0.41
  32   55 0.39
  25   51 0.25
  46   70 0.79
   7    8 0.64
  78   90 0.50
  54   64 0.78
  87   87 0.69
  84   90 0.69
   1   12 0.35
  27   29 0.91
  74   98 0.45
  38   66 0.85
  37   45 0.78
  82  106 0.79
  61   80 0.38
  85   93 0.12
  85  106 0.00
  71   98 0.08
  22   28 0.94
   5    6 0.66
   3   23 0.60
  53   78 0.72
  13   13 0.25
   1    4 0.25
  20   46 0.39
  78   91 0.00
  20   46 0.29
  49   74 0.46
  47   67 0.07
  23   50 0.86
  70   84 0.14
  22   32 0.38
  30   58 0.23
  27   41 0.74
  77   88 0.72
  19   29 0.14
  40   68 0.54
  63   82 0.63
  24   36 0.99
  86   97 0.21
  53   69 0.58
  47   63 0.58
  12   23 0.15
  40   68 0.89
  58   85 0.47
  79   88 0.35
  25   42 0.13
  57   76 0.57
  87  111 0.40
  36   64 0.47
  56   79 0.04
  16   43 0.90
  87   99 0.76
  52   78 0.41
  50   57 0.31
  34   51 0.56
  55   58 0.93
  59   68 0.68
  36   51 0.14
  49   50 0.66

  73   74 0.62
  72   82 0.69
  41   49 0.92
  47   71 0.29
  19   36 0.14
  16   41 0.13
  48   48 0.68
  35   51 0.65
  35   38 0.52
  18   44 0.85
  31   55 0.64
  67   86 0.89
  69   85 0.28
  83   98 0.29
  71   97 0.98
  35   45 0.57
  16   41 0.18
  51   64 0.78
  57   73 0.15
  46   47 0.88
  12   16 0.06
  39   42 0.44
  72   89 0.81
  19   37 0.51
  64   65 0.61
   8   14 0.11
  57   68 0.47
   9   29 0.03
  75   96 0.02
  61   70 0.16
  16   31 0.37
  22   23 0.86
  48   51 0.87
  61   89 0.86
  20   42 0.21
  77   80 0.66
  71   92 0.25
  16   41 0.14
  45   58 0.20
  63   65 0.46
  17   31 0.42
  54   82 0.96
  44   47 0.10
  20   32 0.49
  35   51 0.14
  32   32 0.32
  42   46 0.06
  65   71 0.55
  70   89 0.16
   6   34 0.04
  53   69 0.26
  28   28 0.77
  37   62 0.90
  73   93 0.58
  56   58 0.73
   6    8 0.01
  24   40 0.62
  11   13 0.97
  58   79 0.94
  56   75 0.74
  72   77 0.59
   3    5 0.39
  33   49 0.20
  10   18 0.18
  68   68 0.35
  69   92 0.83
  39   50 0.99
  72   95 0.41
   2   24 0.31
  58   82 0.56
  52   53 0.02
   7   22 0.32
   9   34 0.24
  28   40 0.40
  62   67 0.26
   7    8 0.78
  30   39 0.68
  70   84 0.70
  46   68 0.07
  73   87 0.41
  84   92 0.60
   1    6 0.37
  85   94 0.96
  35   41 0.33
   1   17 0.67
  42   45 0.59
  78   98 0.52
  57   66 0.13
  86  101 0.99
  58   65 0.41
  76   92 0.26
  14   41 0.86
  15   28 0.07
  54   79 0.19
  78   86 0.45
  84   98 0.24
   3   15 0.94
   1   16 0.30
  57   62 0.65
  17   32 0.11

  53   66 0.78
  79   97 0.33
   7    9 0.48
  43   58 0.23
  19   34 0.35
  36   42 0.25
  70   91 0.41
  45   72 0.23
  30   56 0.89
  36   63 0.61
  36   45 0.29
   2   12 0.54
  75  100 0.71
  52   52 0.29
  40   56 0.19
   3   12 0.98
  25   26 0.98
  65   89 0.93
  75   90 0.10
   4   19 0.77
  19   43 0.22
  72   98 0.49
   8    9 0.13
   3   31 0.18
  71   88 0.03
  53   66 0.74
  41   41 0.82
  67   71 0.90
  39   44 0.51
   1    7 0.60
  68   77 0.66
  38   38 0.07
  47   66 0.66
  38   60 0.47
  53   71 0.81
  67   86 0.71
  16   41 0.03
  53   81 0.86
  84   91 0.57
  79   97 0.36
  68   88 0.93
   2    2 0.63
   2   28 0.88
  54   81 0.55
  26   27 0.01
  54   82 0.59
  63   83 0.94
  44   44 0.23
  36   48 0.22
  22   29 0.89
  55   73 0.35
  71   97 0.39
  62   77 0.09
   2    5 0.85
   6    6 0.25
  63   72 0.91
  64   71 0.22
  33   45 0.74
  16   42 0.97
  33   35 0.19
  79   96 0.91
  68   93 0.33
  46   62 0.24
  57   57 0.61
  81  105 0.12
  56   62 0.15
  53   70 0.16
  79   98 0.13
  15   34 0.27
   7   31 0.21
  72   99 0.84
  27   45 0.38
  31   36 0.81
  58   82 0.17
  64   85 0.60
  52   66 0.59
  42   60 0.01
  24   27 0.36
   2   28 0.97
  38   41 0.89
  42   51 0.96
  74   74 0.15
  26   47 0.03
  26   45 0.99
  15   18 0.08
  19   25 0.47
  46   50 0.44
  18   31 0.92
  43   43 0.21
  50   63 0.93
  20   20 0.41
   5    8 0.36
  20   23 0.29
  66   82 0.05
   0   19 0.66
  25   36 0.10
  65   78 0.12
  44   61 0.60
  48   66 0.91
  23   34 0.40

