4 100 8
3    4  10   2

  20   20 0.81
  10   12 0.64
  11   14 0.12
   0   10 0.75
  13   15 0.28
  18   27 0.52
  23   31 0.20
   4    6 0.54
  20   27 0.02
  21   28 0.24
  10   12 0.19
   5    5 0.06
  22   25 0.97
  18   25 0.04
  11   15 0.74
   0    9 0.88
   9   14 0.85
   4    9 0.66
   6    8 0.04
   1    4 0.01
   2   12 0.76
  16   24 0.95
  10   13 0.13
  12   16 0.65
  10   12 0.33
   1   11 0.23
  22   27 0.68
   0   11 0.78
  22   28 0.98
  15   26 0.36
  23   23 0.86
  13   14 0.46
   7   16 0.27
  23   32 0.89
  11   20 0.24
  24   33 0.13
   7   16 0.54
   5    5 0.50
  20   24 0.03
  18   20 0.95
   1   10 0.60
  15   25 0.55
  15   19 0.34
   3   14 0.25
  18   20 0.62
   5    9 0.83
  21   28 0.71
   3   10 0.37
  16   27 0.68
   9   15 0.42
  14   16 0.59
  10   17 0.24
   0    8 0.44
   1    1 0.41
   0    2 0.91
   1    2 0.34
  13   18 0.90
  20   26 0.92
   1    8 0.80
   8   11 0.65
  16   18 0.91
  22   32 0.77
  21   21 0.46
  19   26 0.30
  16   22 0.65
  23   26 0.55
  15   15 0.78
   7    7 0.51
  21   26 0.30
   5    9 0.18
   1    1 0.86
   6   11 0.26
  21   31 0.11
   5   14 0.09
   8   17 0.44
   6   15 0.69
   2    8 0.73
  16   25 0.36
  11   18 0.52
  13   20 0.79
  12   21 0.73
   9   15 0.08
  16   26 0.51
   8   11 0.93
   3    5 0.85
   8   18 0.07
  11   15 0.14
   1    2 0.37
  21   23 0.44
  15   17 0.85
   1    1 0.91
   2    2 0.84
  22   22 0.56
  23   26 0.68
  16   26 0.85
   0    2 0.98
  20   20 0.92
  14   25 0.03
  18   29 0.02
   9   15 0.39

   5    5 0.90
  15   20 0.73
  12   15 0.15
   4   15 0.63
   0   10 0.37
  13   17 0.75
  13   16 0.03
   3    6 0.17
   4   12 0.76
  10   16 0.08
   2   10 0.39
  24   35 0.28
  17   26 0.85
   1    5 0.07
  14   24 0.01
  23   33 0.26
  19   28 0.28
   1    9 0.63
  17   27 0.58
  10   12 0.63
   6    8 0.82
  16   26 0.82
  12   15 0.94
   8   10 0.96
  14   22 0.47
  15   15 0.18
  23   32 0.38
  15   20 0.83
  13   20 0.74
  11   16 0.84
  12   18 0.08
   8   16 0.90
  16   19 0.93
  13   24 0.70
   3    4 0.64
  22   29 0.30
  15   16 0.64
  11   19 0.56
  10   19 0.41
  22   26 0.43
  13   17 0.71
  12   13 0.02
   1    4 0.49
  12   15 0.74
   3    4 0.86
   7    7 0.36
  17   27 0.04
  11   15 0.62
  12   23 0.56
  14   22 0.10
   0   10 0.59
  24   35 0.02
  21   22 0.92
  14   25 0.74
  12   20 0.61
   1    4 0.18
  10   20 0.38
   6   13 0.98
  15   24 0.39
   5   14 0.92
  17   27 0.82
   3   12 0.03
  24   34 0.44
  13   22 0.41
   4    6 0.12
  17   19 0.91
  20   22 0.98
   3    8 0.92
  14   17 0.80
  17   28 0.37
  10   18 0.02
  11   13 0.42
   1    6 0.40
  13   16 0.91
  23   34 0.62
   1    5 0.75
  20   30 0.67
   5   15 0.39
  14   25 0.38
  12   18 0.97
   7   15 0.37
  21   29 0.50
  21   28 0.48
  11   17 0.91
   0    7 0.03
  11   22 0.41
  14   14 0.04
  12   20 0.88
  19   24 0.92
  24   26 0.14
  19   30 0.14
  23   28 0.76
   4   11 0.88
   4   11 0.43
   1    7 0.77
  21   23 0.14
  17   26 0.09
  11   13 0.88
   9   20 0.81
  23   26 0.51

  15   18 0.16
   2   12 0.54
  18   28 0.08
  19   28 0.66
  20   28 0.89
  10   14 0.14
  12   16 0.18
  16   22 0.69
   4    8 0.49
   8   10 0.07
   6   10 0.21
   8   12 0.87
  16   18 0.28
  22   32 0.15
   2   12 0.86
  15   22 0.39
   8   12 0.10
  12   19 0.09
  22   32 0.86
  21   21 0.40
   4   10 0.90
  20   28 0.67
  16   26 0.49
  19   29 0.89
  13   17 0.69
   2    9 0.73
  10   16 0.49
  16   27 0.63
  15   22 0.67
   2   10 0.78
  24   31 0.68
   6   13 0.88
  24   30 0.00
  15   20 0.22
  11   13 0.58
  20   26 0.60
  13   15 0.42
  23   31 0.40
   4   15 0.85
  18   26 0.99
  11   21 0.30
   7    7 0.16
   7   13 0.50
   8    9 0.44
  19   26 0.35
  19   28 0.72
   4    5 0.62
  11   14 0.60
   7    7 0.45
   3   11 0.51
  10   20 0.13
   3    3 0.29
  14   15 0.99
  14   19 0.63
  16   22 0.94
  17   25 0.29
  21   23 0.04
   9   18 0.08
   5   16 0.46
  13   16 0.59
  20   29 0.87
  24   30 0.41
  16   26 0.49
   9   10 0.56
   4    4 0.68
   8   13 0.41
  15   23 0.95
  15   20 0.54
  16   21 0.09
  13   21 0.04
   3   10 0.58
  18   25 0.48
  18   24 0.05
  14   18 0.24
  23   23 0.37
  10   20 0.69
   1    2 0.20
  20   21 0.18
   2    9 0.89
   7    9 0.12
  15   17 0.44
  13   17 0.58
  12   17 0.31
  21   28 0.66
  21   27 0.71
  16   16 0.70
  12   16 0.94
   7   13 0.34
   1    2 0.09
  19   24 0.13
  24   32 0.01
   8   10 0.33
   8   12 0.24
  15   16 0.92
  21   30 0.34
  18   28 0.14
  10   11 0.57
  19   19 0.60
  19   24 0.76
  11   20 0.41

