4 100 4
3    4  10  16

  41  110 0.08
  42   59 0.47
  36   98 0.40
  86  126 0.33
  57  127 0.58
  65   86 0.93
  28   44 0.24
   4   22 0.58
 128  142 0.46
  35   83 0.14
 130  199 0.03
  81  155 0.44
  34   65 0.57
  72  135 0.97
  69   78 0.19
  69  137 0.96
  84  115 0.53
  79  154 0.02
  16   16 0.74
  33  113 0.47
  62   73 0.31
  82  119 0.54
  56   91 0.28
  67   88 0.26
 129  153 0.46
 101  193 0.96
  83  168 0.30
 137  149 0.52
  28   72 0.11
  78   95 0.83
 105  153 0.65
  43   53 0.51
 114  202 0.02
 124  197 0.72
  26   75 0.48
  34   77 0.91
   8   41 0.56
  96  181 0.82
 120  196 0.34
  31   75 0.87
 120  194 0.30
  60  111 0.79
  87  129 0.15
 131  196 0.37
 113  205 0.45
  97  169 0.77
  54   69 0.21
  57   87 0.09
  72   73 0.95
   3   26 0.45
 128  167 0.25
  65  128 0.53
  98  159 0.72
  58   63 0.71
  52   67 0.87
   2   85 0.08
  19  111 0.04
  79  148 0.14
 109  167 0.22
  19   79 0.32
  75   87 0.33
  75   85 0.14
 117  175 0.48
  85  141 0.08
  59  107 0.69
  92  139 0.75
  43   81 0.58
  41   74 0.38
  27  103 0.06
 110  166 0.48
 114  127 0.83
  64  118 0.49
  30   52 0.72
  57  111 0.29
  28   93 0.59
  50  134 0.38
  89  124 0.70
 116  137 0.01
  44   45 0.46
 123  138 0.48
  24  110 0.28
   0   74 0.02
  92  162 0.37
  60   81 0.41
 129  210 0.76
  17  109 0.89
 106  120 0.98
  91  181 0.23
  47   85 0.40
  32   49 0.81
  40   68 0.19
 121  153 0.11
  43   55 0.20
  99  137 0.04
  93  176 0.45
   3   53 0.72
  20   68 0.83
  88  103 0.45
  43  118 0.18
  66  127 0.76

  12   77 0.35
 129  142 0.76
  30   51 0.30
 110  137 0.51
  53   66 0.88
  16   53 0.87
  23   52 0.49
  62  145 0.23
  22   77 0.36
 126  215 0.11
 137  167 0.53
  70  143 0.87
   7   64 0.17
  10   53 0.14
  39   76 0.98
   5   20 0.98
  39   70 0.00
  25   40 0.52
  71  160 0.34
  25   87 0.43
  64  138 0.38
  56  127 0.28
 125  175 0.58
  16   46 0.71
  11   53 0.19
  36   93 0.41
  86  122 0.84
   8   95 0.23
 120  145 0.93
 122  207 0.41
  47   52 0.23
  25  100 0.51
  13  101 0.94
  96  178 0.73
 113  129 0.61
 114  132 0.62
 126  198 0.98
 107  178 0.85
  95  184 0.84
  90   93 0.11
   4   50 0.72
  61  127 0.09
  99  147 0.03
 100  142 0.20
  79   96 0.62
   1   50 0.92
  41   70 0.17
  41   75 0.61
  24   31 0.54
  37   63 0.61
  21   37 0.98
  32  111 0.68
  91  128 0.59
 127  178 0.52
 138  145 0.65
  95  115 0.02
  76   94 0.40
 103  135 0.02
 139  153 0.90
  17   44 0.09
 109  141 0.92
 129  179 0.59
  21   52 0.90
 103  145 0.20
  84  142 0.25
 134  161 0.63
 122  191 0.32
  27   44 0.46
  49   78 0.66
  12   50 0.91
  37   82 0.78
  22  108 0.00
 118  153 0.60
 138  142 0.79
  66  157 0.19
 106  119 0.72
  66   98 0.44
   1   23 0.81
  87  108 0.46
 108  165 0.10
 139  156 0.43
  56  139 0.35
  87  156 0.63
  54   99 0.25
 136  200 0.33
   9   62 0.23
  69  118 0.76
  39   61 0.42
  46   64 0.14
 137  142 0.14
  45   70 0.87
  53   62 0.65
 133  157 0.42
  88  128 0.64
   8   38 0.47
  20   96 0.87
   9   93 0.95
 121  210 0.63
  17   84 0.64
  34   86 0.63

  62  143 0.29
 121  184 0.42
  24   46 0.91
   8   11 0.00
  54  114 0.45
  78  168 0.91
  92  135 0.58
 111  130 0.99
  49   54 0.77
  82  130 0.00
 127  136 0.56
 133  215 0.69
  45  125 0.64
 120  151 0.14
  90  177 0.96
 112  196 0.71
  79   84 0.01
  55   72 0.11
 118  179 0.11
  35  107 0.05
  32   96 0.93
  21   50 0.57
 131  206 0.30
 109  191 0.28
  81  154 0.81
  17   76 0.91
 125  206 0.05
  44  103 0.96
   2    2 0.60
 128  156 0.00
 139  161 0.73
  23   58 0.33
 113  128 0.97
  49  102 0.78
  16   24 0.05
  17   51 0.64
  58   97 0.28
  76  164 0.07
  39   42 0.43
  83   89 0.12
 136  220 0.55
  64   81 0.01
  48   83 0.00
  24   57 0.42
  94  101 0.31
  48  116 0.23
  40   78 0.66
  77  121 0.58
 115  133 0.11
 107  112 0.60
  20   61 0.72
 128  174 0.83
   0   69 0.25
 106  186 0.36
  85  105 0.44
   5   62 0.94
 133  158 0.19
 115  132 0.12
  30   34 0.24
   1   85 0.74
   2   29 0.32
 127  175 0.30
  63   72 0.10
 129  132 0.03
  45   59 0.19
   8   76 0.73
  77   86 0.09
 136  152 0.23
 115  173 0.31
  79  167 0.35
 131  206 0.64
 132  180 0.25
  11   76 0.08
 116  127 0.08
  83  148 0.13
  74  119 0.08
  86  107 0.58
 104  170 0.72
  44   86 0.40
  87   87 0.30
 126  129 0.52
  54   94 0.81
   3   33 0.78
  38   57 0.50
  76  148 0.10
  70   88 0.70
 107  129 0.49
 128  216 0.19
  52  144 0.46
  66   70 0.68
 126  132 0.49
  90  135 0.91
 104  183 0.51
 130  220 0.89
   1   73 0.28
  45  106 0.18
 104  142 0.24
 114  122 0.77
  40  114 0.82
  30   85 0.91

