5 100 4
3   10   4  10

   8   45 0.37
  21   40 0.41
   4   48 0.85
   7   39 0.64
  22   61 0.65
  14   20 0.84
   9   17 0.23
  19   44 0.03
  27   68 0.09
  27   81 0.54
  18   19 0.88
   5   61 0.84
   4    9 0.08
   8   21 0.52
  11   47 0.18
   8   16 0.12
   2   59 0.55
   8   67 0.62
  11   29 0.08
  10   11 0.94
  25   51 0.88
  17   56 0.32
   5   35 0.79
  27   61 0.75
   2   43 0.72
  14   59 0.95
  21   65 0.42
  10   11 0.45
  19   42 0.32
  18   73 0.07
   4   38 0.77
  15   24 0.03
   6   17 0.69
  13   36 0.17
  20   79 0.41
   6   26 0.01
  12   21 0.10
   3   45 0.96
  16   38 0.18
   5   41 0.73
  23   75 0.47
   0    6 0.64
   4   28 0.01
  17   48 0.53
  17   46 0.91
  21   38 0.69
  26   44 0.75
  13   22 0.58
  14   47 0.69
  11   67 0.41
  17   54 0.54
   7   20 0.13
  21   63 0.99
   1    6 0.76
  21   80 0.99
  12   43 0.27
  17   71 0.07
  27   60 0.48
  19   73 0.40
  26   31 0.91
  26   27 0.00
  15   52 0.57
  29   75 0.11
  10   53 0.63
   9   37 0.31
  20   55 0.01
  12   16 0.62
  28   51 0.51
  10   42 0.81
   3   51 0.52
  23   31 0.29
  21   78 0.46
  25   41 0.85
   2   58 0.82
  25   72 0.25
   6   50 0.37
   9   56 0.37
   5   39 0.45
   8   54 0.23
  25   63 0.38
   3   36 0.62
   8   37 0.17
  27   45 0.00
   5   34 0.92
  17   33 0.60
  29   55 0.97
  20   32 0.98
   9   39 0.23
  21   22 0.43
   3   62 0.24
   6   45 0.96
  29   58 0.11
   3   15 0.23
  25   32 0.17
  16   68 0.14
  11   64 0.49
   6   38 0.29
  24   39 0.11
  15   52 0.52
  29   35 0.50

  27   62 0.39
   8   25 0.76
  22   56 0.19
  24   33 0.63
  28   74 0.40
  23   55 0.51
   7   31 0.64
   7   62 0.36
  15   43 0.20
  28   31 0.83
  27   47 0.63
  20   36 0.71
   3   47 0.71
  17   51 0.34
  12   51 0.31
  16   73 0.00
  14   70 0.36
   4   13 0.55
  25   58 0.29
   7   23 0.71
  17   42 0.76
  12   42 0.40
  17   60 0.83
  27   42 0.18
  28   87 0.67
  13   71 0.07
   2   18 0.94
  25   37 0.36
   9   41 0.94
  28   39 0.82
   2   50 0.78
  19   67 0.97
   9   17 0.82
  23   36 0.61
  29   77 0.97
   1   59 0.72
  22   80 0.21
  22   31 0.31
   1   54 0.57
  29   79 0.09
  22   37 0.22
  23   57 0.56
   9   29 0.82
  29   63 0.23
  20   27 0.87
  26   32 0.53
  25   82 0.67
   7   63 0.33
   6   54 0.97
   7   30 0.41
   9   11 0.92
   2   49 0.95
  20   66 0.26
   1   49 0.35
   9   19 0.72
   3   54 0.52
  29   64 0.98
  27   41 0.20
   1   39 0.49
   9   44 0.78
   4   40 0.46
  12   15 0.03
   1   25 0.41
  15   49 0.54
  18   77 0.55
  22   26 0.37
  27   50 0.22
  19   65 0.32
  15   18 0.90
  10   51 0.03
   2   31 0.40
  21   44 0.09
  12   70 0.33
  20   53 0.38
  27   57 0.78
  25   77 0.68
  12   62 0.93
  17   56 0.57
  24   80 0.87
  15   57 0.14
  21   79 0.24
  14   19 0.87
  26   38 0.38
  15   37 0.90
  17   66 0.01
  15   18 0.65
  12   12 0.32
  29   68 0.80
  15   42 0.94
   2   48 0.51
  17   31 0.48
  21   36 0.05
  16   27 0.98
  18   48 0.13
  13   38 0.04
  10   40 0.71
   5   18 0.39
  18   47 0.03
  28   45 0.71
   9   17 0.49

  24   58 0.37
   1   51 0.34
  27   83 0.50
  26   63 0.88
   7   36 0.84
  27   68 0.79
  22   48 0.03
   5   28 0.27
  28   84 0.63
   0   35 0.47
  28   80 0.07
   3   18 0.29
  28   78 0.02
  22   43 0.29
   1   10 0.67
  24   26 0.38
  12   22 0.37
   4   44 0.43
  17   35 0.66
   0   49 0.68
  11   27 0.06
   0   40 0.28
   7   59 0.53
  12   51 0.94
   9   47 0.84
  12   61 0.76
   6   61 0.00
  25   31 0.00
  10   44 0.56
  29   55 0.28
  26   29 0.99
  26   75 0.05
  13   16 0.09
  14   27 0.12
   4   42 0.23
  28   57 0.22
  10   39 0.11
   8   62 0.59
   3   47 0.54
   8   58 0.00
  10   31 0.28
  25   44 0.10
  26   64 0.76
   7   55 0.24
  11   32 0.89
  12   55 0.04
  19   54 0.61
  27   56 0.93
  13   57 0.59
   7   18 0.64
  25   27 0.76
  15   39 0.06
  17   74 0.58
  25   47 0.87
  28   40 0.36
  23   70 0.33
  13   33 0.65
   6   14 0.72
   7   16 0.92
   5   23 0.87
   5   30 0.72
   9   18 0.18
  20   34 0.79
   8   12 0.29
  12   69 0.06
   9   10 0.77
  14   33 0.59
  27   69 0.83
   5   15 0.26
   9   28 0.64
   2    2 0.47
  11   24 0.27
  28   66 0.43
   6   57 0.22
  25   69 0.38
  22   65 0.76
  20   42 0.23
   9   58 0.50
  14   58 0.81
   4   14 0.20
  10   22 0.13
  24   75 0.44
  14   40 0.27
  27   40 0.79
  19   62 0.13
  20   37 0.33
  24   35 0.85
  16   55 0.85
  27   69 0.57
   5   32 0.38
   9   22 0.09
  14   18 0.03
  12   55 0.22
  15   50 0.48
  21   42 0.67
   4   21 0.60
  20   20 0.23
  14   50 0.90
  10   49 0.56
  22   50 0.70

