4 30 4
6   10  10   2  10  16   2

  50   64 0.86
  63   68 0.38
   7   14 0.89
  58   74 0.56
   8   29 0.05
  67   87 0.91
  48   63 0.44
  12   18 0.03
  53   71 0.76
  15   31 0.61
  36   48 0.44
  42   64 0.65
  10   32 0.96
  20   24 0.51
   9   20 0.00
  40   58 0.20
  16   16 0.39
  55   55 0.38
  35   49 0.33
  16   18 0.40
  18   26 0.21
  35   51 0.88
  60   75 0.12
  64   78 0.77
  51   63 0.20
  38   49 0.87
  39   58 0.65
  62   74 0.71
  16   16 0.23
  66   74 0.87

   4    6 0.60
  11   15 0.82
  15   31 0.06
  17   18 0.69
  24   28 0.41
  61   78 0.53
  34   52 0.80
  48   54 0.32
  48   67 0.20
   4   23 0.17
  58   71 0.37
  11   23 0.64
  41   47 0.90
  40   48 0.28
  24   24 0.46
  36   46 0.10
  33   33 0.59
  20   39 0.03
  55   58 0.26
   0   17 0.00
  68   80 0.36
  30   30 0.40
  16   34 0.62
  41   55 0.82
   4   11 0.59
  14   36 0.08
  47   63 0.51
  46   60 0.68
  59   72 0.58
  29   50 0.93

  50   51 0.99
  28   36 0.41
   3   14 0.57
  47   58 0.02
   3   13 0.46
  14   24 0.51
  26   44 0.06
  23   41 0.67
  40   53 0.54
  51   72 0.81
  28   50 0.09
   4   14 0.58
   5   19 0.45
  62   76 0.38
  24   46 0.68
  68   70 0.78
  40   53 0.50
  29   36 0.42
  41   41 0.68
  51   70 0.97
  38   39 0.29
  63   63 0.02
   4   15 0.34
  33   40 0.76
  66   73 0.91
  34   42 0.08
  44   45 0.04
  67   74 0.46
   7   23 0.66
  36   40 0.40

   5   25 0.87
  12   14 0.61
  18   29 0.93
  41   50 0.37
   2   12 0.01
  36   58 0.51
   6   15 0.51
  18   22 0.51
  68   84 0.70
  15   29 0.44
  50   70 0.92
  64   64 0.29
  24   39 0.76
  43   57 0.15
  44   62 0.64
  54   68 0.22
  23   28 0.22
  60   79 0.23
  41   49 0.63
  66   67 0.37
  20   32 0.61
  29   35 0.07
  14   23 0.09
   7   12 0.05
   6   27 0.42
  40   42 0.97
  60   61 0.96
  18   34 0.93
  59   61 0.86
  43   43 0.24

  42   49 0.63
  61   83 0.95
  54   71 0.52
  44   49 0.39
  28   38 0.32
   8   30 0.88
  60   71 0.19
  23   39 0.61
  55   67 0.28
  48   57 0.28
  61   64 0.52
  55   73 0.02
  48   59 0.02
  20   21 0.10
  26   30 0.71
  13   15 0.99
  16   29 0.93
  58   78 0.90
  33   45 0.72
  14   33 0.42
  36   52 0.86
  45   45 0.61
  41   60 0.24
  36   41 0.95
  10   22 0.94
  28   36 0.33
   3   15 0.20
  38   38 0.54
  67   71 0.08
  48   68 0.46

  15   18 0.05
  58   77 0.29
  16   21 0.03
  63   68 0.81
  64   80 0.93
  13   25 0.92
  58   58 0.25
   1   21 0.11
  65   68 0.98
  41   56 0.20
  40   44 0.90
  16   27 0.69
  35   37 0.16
  63   68 0.60
  18   22 0.11
  52   62 0.38
  60   61 0.08
  54   62 0.07
  39   58 0.25
  38   53 0.04
  33   38 0.46
  49   58 0.51
  39   40 0.71
  66   76 0.27
  13   30 0.07
  26   33 0.08
  27   39 0.39
  25   44 0.38
   9   28 0.67
  27   41 0.99

