5 15 4
12   10   4  10  16   2   4  10  16   4  16   4   2

  34   35 0.18
  29   50 0.12
   1   30 0.72
   8   36 0.47
  21   25 0.37
  12   24 0.83
  18   57 0.28
   4   24 0.83
  16   64 0.62
  14   22 0.30
  27   37 0.65
  30   57 0.94
  18   45 0.16
   1   50 0.31
  24   32 0.60

   4   12 0.73
  24   75 0.35
  34   44 0.78
  29   69 0.56
  17   68 0.25
  25   64 0.58
  23   48 0.85
   5   16 0.29
  30   75 0.64
  35   41 0.07
  27   27 0.31
  33   70 0.97
  33   54 0.12
  20   70 0.71
   0   22 0.53

  25   28 0.62
  27   51 0.91
   9   55 0.24
  11   37 0.77
   5   57 0.91
  14   43 0.64
  19   46 0.81
  24   36 0.25
  23   65 0.47
  28   52 0.45
  30   33 0.06
  12   44 0.81
   8   33 0.86
   6   21 0.46
  19   72 0.40

   4   33 0.45
  20   23 0.86
  16   53 0.37
  29   35 0.82
   6   36 0.73
  34   34 0.61
  34   61 0.10
  13   28 0.35
  14   27 0.17
  23   55 0.08
  27   35 0.57
  30   76 0.86
  29   38 0.71
  18   34 0.24
   4   28 0.54

  18   36 0.29
  21   31 0.39
   8   36 0.14
  19   28 0.28
  34   65 0.22
  30   71 0.25
  17   55 0.49
  12   36 0.38
  14   41 0.47
  24   63 0.33
  24   55 0.83
   8   61 0.90
  13   41 0.07
   9   14 0.36
  34   55 0.32

  29   79 0.64
  24   48 0.88
  32   40 0.42
  21   68 0.35
  13   45 0.46
  16   40 0.00
   2   53 0.56
  26   52 0.61
  23   23 0.23
   6    6 0.00
  32   33 0.46
  28   42 0.72
  26   36 0.97
   1   53 0.75
  10   28 0.96

  16   53 0.19
  16   56 0.34
  19   56 0.38
  31   52 0.49
  20   34 0.59
  19   45 0.59
  17   34 0.67
  26   27 0.56
  17   56 0.86
  14   33 0.12
  30   60 0.48
   3   46 0.63
  35   87 0.25
   2   10 0.87
  11   25 0.05

   8   47 0.57
   2   28 0.32
  13   57 0.00
  35   66 0.77
  30   67 0.43
   6   15 0.73
  15   18 0.08
  30   60 0.21
  19   32 0.57
  19   47 0.77
   7   12 0.28
   3   44 0.78
   6   12 0.98
  27   27 0.98
   5   27 0.44

  29   34 0.05
  10   55 0.81
  32   41 0.44
   2   43 0.40
  23   25 0.16
   2   45 0.94
   1   29 0.63
   4   28 0.34
  10   27 0.35
  21   66 0.65
  28   61 0.73
  19   56 0.74
  32   55 0.94
   5   46 0.14
  24   25 0.05

  31   82 0.54
  30   31 0.29
  18   70 0.33
   0   48 0.75
  31   37 0.81
  21   43 0.90
   0   26 0.79
   4   31 0.70
   1   26 0.23
  21   61 0.34
   0   17 0.05
  30   49 0.58
  31   73 0.01
   2   13 0.03
  15   23 0.51

  29   82 0.42
  18   27 0.82
  32   66 0.32
  31   77 0.03
  17   21 0.49
   2    3 0.04
  18   58 0.50
  35   52 0.35
  30   52 0.39
  22   46 0.67
  13   40 0.90
  17   26 0.49
  30   73 0.43
  28   67 0.85
   2    4 0.71

   3   39 0.39
  20   33 0.03
  15   50 0.05
  32   75 0.58
   5   29 0.58
  23   65 0.80
  31   69 0.41
  19   54 0.83
  13   55 0.39
  22   37 0.47
   4   33 0.47
  22   32 0.42
  13   54 0.31
  10   30 0.55
   7   60 0.23

