3 40 8
6    4  10  16  16   4   4

   2   39 0.64
  44   69 0.58
  37   57 0.10
   6   72 0.37
  44   70 0.12
  11   60 0.15
  11   72 0.32
  33   57 0.63
  20   32 0.93
   5   22 0.02
  40   90 0.02
  15   53 0.07
  23   23 0.19
   5   60 0.57
  16   79 0.53
  42   57 0.29
   9   75 0.35
  25   46 0.76
   0   34 0.54
  12   23 0.09
  36   64 0.74
  21   48 0.92
  21   69 0.00
   0   53 0.37
  30   37 0.12
  27   60 0.82
  37   59 0.14
  44   78 0.00
   4   24 0.95
   3   54 0.02
  38   78 0.60
  24   55 0.35
   1    5 0.65
  38   95 0.72
   5   59 0.51
  40   84 0.11
  14   19 0.09
   8   33 0.64
   9   57 0.91
  34   86 0.23

   5   45 0.70
   2    5 0.82
  19   80 0.69
  37   40 0.39
  18   30 0.33
  25   59 0.20
  11   66 0.14
  44  102 0.25
  20   41 0.47
  17   41 0.35
  14   19 0.99
  11   35 0.64
   5   54 0.80
  27   75 0.55
  11   27 0.13
   5    7 0.35
  34   60 0.67
  19   31 0.34
  42   82 0.87
  41   82 0.63
  28   79 0.02
  34   70 0.31
  41   86 0.86
  20   74 0.80
  19   61 0.82
  38   69 0.31
  13   46 0.89
  29   92 0.16
  17   17 0.11
  31   66 0.23
   3   39 0.70
  38  102 0.56
   2   36 0.65
  15   66 0.72
   3    5 0.11
  24   59 0.12
   4   69 0.87
  32   48 0.80
  13   26 0.80
  38   43 0.89

   3   18 0.23
  14   45 0.63
  15   62 0.00
  37   71 0.50
  17   31 0.89
   4    8 0.85
  17   48 0.31
  30   64 0.55
  31   42 0.27
  19   32 0.00
  44  102 0.44
  17   65 0.72
   3   61 0.90
  19   57 0.36
   3   61 0.35
   5   31 0.73
  27   46 0.99
  20   63 0.93
   3   25 0.76
   8   12 0.80
  44  109 0.73
  25   36 0.70
  28   73 0.04
  12   57 0.45
  10   55 0.85
  12   54 0.32
  44   53 0.48
  44   48 0.38
  29   31 0.30
  34   45 0.37
  28   41 0.93
  31   75 0.06
   8   18 0.02
  21   63 0.26
  20   33 0.23
   1   27 0.71
  11   75 0.89
   3   43 0.42
  42   54 0.41
  12   75 0.97

  18   25 0.77
   8   70 0.28
  41   72 0.96
   2   45 0.30
  27   89 0.90
  33   90 0.14
  16   45 0.45
  35   65 0.67
  27   76 0.79
  43   91 0.99
  32   91 0.52
  42   46 0.52
  29   36 0.45
  10   58 0.15
   7   37 0.03
   2   46 0.71
   0   40 0.87
  19   71 0.66
  24   76 0.89
  44   69 0.81
   1   13 0.09
  13   14 0.51
  38  101 0.63
  11   40 0.99
  36   43 0.09
   8   35 0.69
  36   93 0.51
  32   48 0.83
   4   19 0.27
  20   24 0.81
  23   30 0.39
   8   23 0.62
  41   89 0.81
  14   45 0.09
   2   12 0.14
  36  101 0.61
   5   30 0.99
  11   63 0.94
  21   57 0.38
  20   59 0.21

   1   36 0.71
  41   94 0.33
  39   49 0.18
   9   38 0.31
  32   33 0.44
  40  104 0.27
  11   20 0.14
   6   58 0.56
  16   58 0.42
  36   62 0.89
  25   83 0.00
  42   99 0.26
  39   85 0.69
  23   72 0.45
  32   82 0.16
   9   47 0.92
  29   30 0.16
  23   69 0.48
  12   41 0.64
  19   79 0.31
  42   89 0.56
  33   60 0.20
   2   19 0.57
  39   58 0.89
  23   32 0.50
  30   80 0.53
  43   59 0.96
  27   30 0.77
   9   10 0.44
  26   27 0.89
   3   34 0.37
   5   34 0.59
  25   83 0.70
   2   14 0.55
  19   68 0.60
  34   76 0.70
   5   26 0.21
  19   21 0.02
  13   26 0.25
  40   48 0.91

  27   91 0.39
  40   71 0.95
  39   53 0.06
  43   90 0.76
  32   91 0.90
  28   81 0.05
  31   87 0.75
  18   42 0.81
  36   82 0.42
  26   91 0.30
  12   38 0.62
  24   34 0.10
  39   53 0.56
   5   12 0.37
  25   56 0.07
   5   23 0.86
   5   29 0.80
  42   96 0.38
  12   53 0.29
  30   75 0.75
   5    5 0.22
   7   51 0.86
   8   36 0.73
  13   62 0.13
  26   91 0.21
  30   84 0.72
  31   90 0.59
  18   51 0.76
  18   20 0.20
  28   77 0.68
  14   17 0.32
  27   89 0.68
  11   39 0.13
  29   81 0.90
  25   80 0.56
  35   73 0.24
  25   60 0.79
  29   31 0.05
  36   73 0.79
   2    8 0.99

