3 50 4
6    4  16  16   4  20  16

  77  118 0.31
  68   77 0.65
  63  127 0.28
  21   97 0.14
 217  286 0.68
 115  115 0.98
 102  143 0.85
  27   59 0.76
  34   85 0.46
  85  124 0.87
  10   24 0.19
 134  169 0.22
  31   61 0.53
 227  243 0.19
   4   54 0.23
  95  137 0.77
 215  275 0.66
 220  298 0.62
 106  173 0.03
 137  214 0.59
 132  196 0.60
  93  114 0.50
   8   25 0.47
 101  109 0.84
 172  201 0.28
  98  154 0.74
 175  199 0.76
 148  197 0.78
 175  179 0.74
  45  123 0.27
 172  247 0.05
 171  220 0.85
 220  292 0.40
 109  130 0.92
  29   56 0.80
 109  150 0.71
 235  302 0.39
 221  222 0.02
 113  120 0.13
 169  205 0.83
 175  239 0.76
 216  275 0.76
  25   39 0.70
 200  210 0.65
 150  220 0.66
 205  262 0.75
  40   46 0.43
 141  198 0.58
 117  136 0.33
   9   30 0.86

  11   84 0.11
 211  221 0.48
 123  180 0.93
  93  100 0.89
 128  149 0.07
  76  149 0.68
 198  274 0.11
 203  249 0.71
  20   89 0.50
  67  114 0.26
 149  160 0.39
  39   41 0.05
 184  251 0.97
  55   70 0.18
  71   80 0.71
 101  150 0.72
 165  202 0.03
 171  177 0.41
 204  262 0.79
  27   67 0.37
  76   81 0.64
  79  112 0.42
 188  223 0.71
  41  110 0.39
  53  111 0.14
   4   82 0.17
 177  229 0.21
  73   82 0.85
 123  126 0.88
 199  249 0.59
 173  222 0.38
  60   77 0.59
 124  182 0.36
 234  276 0.08
  60  111 0.38
 101  133 0.18
 197  228 0.74
 224  252 0.67
 145  207 0.46
  66  140 0.23
   2   26 0.14
 217  278 0.96
  77  106 0.47
 185  210 0.76
 164  178 0.81
  43  101 0.67
  47   99 0.36
 157  216 0.55
 208  238 0.26
 191  198 0.70

  66  144 0.57
  37   46 0.04
  85  134 0.81
   0    0 0.91
  90  112 0.89
 100  153 0.41
  55   90 0.24
  19   33 0.75
 208  241 0.07
 173  192 0.48
 185  188 0.78
 110  126 0.30
 170  238 0.33
 142  151 0.32
 133  136 0.99
 100  112 0.93
 122  183 0.77
  82  109 0.51
  67  117 0.24
 216  274 0.00
  22   25 0.46
 143  169 0.12
  64   93 0.47
  14   16 0.08
  97  110 0.46
  67   79 0.68
   7   79 0.94
 207  259 0.40
  68  119 0.24
 170  243 0.63
 222  282 0.29
  32   81 0.15
  73  148 0.31
 217  285 0.25
  48   85 0.37
  34   75 0.02
 178  207 0.32
 123  189 0.44
   9   47 0.87
 137  204 0.47
  63  135 0.69
 167  173 0.88
 135  213 0.65
 113  179 0.73
  48   56 0.75
 216  250 0.93
 231  255 0.71
   4   47 0.33
  96   98 0.13
 225  301 0.52

  60  121 0.60
 165  209 0.20
 227  254 0.65
 139  203 0.56
 232  248 0.46
 174  226 0.26
  57   77 0.44
 148  211 0.98
 184  221 0.72
 117  173 0.43
 156  182 0.25
 230  287 0.83
  43  100 0.71
 212  256 0.16
 187  193 0.19
 213  265 0.42
 168  205 0.04
  72   97 0.41
 128  205 0.74
  30   78 0.91
  48  106 0.72
   5    6 0.84
 216  231 0.41
 186  244 0.82
 130  156 0.31
 232  240 0.57
 199  232 0.26
  19   71 0.02
  33   67 0.70
  74  130 0.04
  65  121 0.42
  60  126 0.39
 141  168 0.23
 159  237 0.07
 199  235 0.33
 135  194 0.78
 137  178 0.87
 172  228 0.89
 112  157 0.37
 166  228 0.01
 164  206 0.82
 139  213 0.38
 186  216 0.76
  19   38 0.12
  22   30 0.33
   4   80 0.21
 200  216 0.59
  19   78 0.82
 229  230 0.21
 162  222 0.66

  79   99 0.33
 113  150 0.51
  76  100 0.30
  46   80 0.20
 204  247 0.17
 107  139 0.57
 189  260 0.31
  54   57 0.78
 168  240 0.59
  25   49 0.88
  17   20 0.64
 153  156 0.96
 124  160 0.84
 103  105 0.18
 144  148 0.84
  23   72 0.65
 117  176 0.53
 226  292 0.35
  28   75 0.61
 134  144 0.87
  16   90 0.13
 200  277 0.34
 178  230 0.57
 202  274 0.23
 199  273 0.18
 141  213 0.09
 169  207 0.70
 109  138 0.89
 218  227 0.85
  32   50 0.94
 183  194 0.56
  79  127 0.99
  23   57 0.63
  32   86 0.34
 214  265 0.30
  40   97 0.93
 111  135 0.11
 213  291 0.29
  95  162 0.11
  24   44 0.28
 191  268 0.87
 121  161 0.46
 146  185 0.70
 138  211 0.76
  23   96 0.15
  37   47 0.45
  82  145 0.12
 203  248 0.66
  86  152 0.32
 222  258 0.54

 122  172 0.12
 192  253 0.82
  57   63 0.84
 138  181 0.36
 147  184 0.28
 144  167 0.48
 214  279 0.33
 193  243 0.10
 161  182 0.27
  45   83 0.62
 166  243 0.51
 158  171 0.45
  37   67 0.83
 167  172 0.22
 118  161 0.94
 172  204 0.87
  64  109 0.19
 170  210 0.60
 202  273 0.33
  59   69 0.98
  39   52 0.56
 147  223 0.90
   7   71 0.60
  99  126 0.12
 111  155 0.88
 231  262 0.83
 173  178 0.68
  54  123 0.30
 139  154 0.43
 107  144 0.69
 192  259 0.56
  20   61 0.67
   7   11 0.30
 182  215 0.19
   3   27 0.86
 212  258 0.35
   0   33 0.28
 190  213 0.98
  50   89 0.79
  96  100 0.15
 180  242 0.91
  36   85 0.86
 226  293 0.03
 114  157 0.87
  93  112 0.67
  34   71 0.11
  77  105 0.65
 168  239 0.58
  84  103 0.98
 100  101 0.53

