4 40 4
6   10   4   2   4  10  16

  24   45 0.58
  14   63 0.49
  14   65 0.20
   1   35 0.55
  26   75 0.43
  24   24 0.27
  24   58 0.67
  18   45 0.94
  27   66 0.64
  16   32 0.69
  18   34 0.28
  20   63 0.09
  21   70 0.65
  25   46 0.13
  26   73 0.75
  11   67 0.87
  10   41 0.20
  20   30 0.96
   2   25 0.30
  23   73 0.66
  19   38 0.18
  15   23 0.95
  27   50 0.99
  22   37 0.76
   3   11 0.57
  25   40 0.15
   4   51 0.68
  19   23 0.95
  15   27 0.46
   5   37 0.66
   5    8 0.10
   0   20 0.61
  17   27 0.89
   1   28 0.37
   7   26 0.07
  15   40 0.15
  10   54 0.43
   6   14 0.03
  10   45 0.17
   8   22 0.40

   1   14 0.95
   1   31 0.36
  16   26 0.74
  17   46 0.49
  13   43 0.93
   0   26 0.99
   8   16 0.98
  17   70 0.67
  25   40 0.71
  25   46 0.12
  16   71 0.02
  25   48 0.24
  14   67 0.21
  18   27 0.81
  19   72 0.87
   9   32 0.30
  20   64 0.27
   2   11 0.89
  23   47 0.31
  27   41 0.89
  17   35 0.96
  16   57 0.74
   0    7 0.26
  18   18 0.28
  23   33 0.01
  26   36 0.48
  24   64 0.71
  17   41 0.94
  25   81 0.63
  24   59 0.66
  23   69 0.12
  25   77 0.77
  25   79 0.26
  25   47 0.01
  17   34 0.72
   3   10 0.74
  15   53 0.51
   1   25 0.38
  24   26 0.72
   9   37 0.78

  12   35 0.15
   4   36 0.23
  27   74 0.05
  16   56 0.22
  16   39 0.20
  14   52 0.53
  15   63 0.72
  22   70 0.14
  17   72 0.36
  20   76 0.57
   0   39 0.58
   1   10 0.23
  25   70 0.32
  22   78 0.78
   2   23 0.09
   9   62 0.82
  18   45 0.51
  25   36 0.22
  26   31 0.11
  14   44 0.95
  13   48 0.91
   3   45 0.95
  23   52 0.21
  12   55 0.71
   4   28 0.07
  13   32 0.90
   5   14 0.47
  14   21 0.72
   7   50 0.31
   9   32 0.45
   1   19 0.03
  24   57 0.26
  17   57 0.52
   9   30 0.82
   9   18 0.03
   1   51 0.41
  10   32 0.23
  27   63 0.76
   6   30 0.99
   2   41 0.52

  16   59 0.68
  13   44 0.03
  19   73 0.94
  21   53 0.55
  11   32 0.86
  19   23 0.34
  24   73 0.88
  16   49 0.00
   2   50 0.13
  18   20 0.23
  20   33 0.20
  26   77 0.51
   0   31 0.19
   0   35 0.42
  23   52 0.96
  26   71 0.67
  18   40 0.56
   2   24 0.17
  23   26 0.26
  15   58 0.63
   1   17 0.33
   1   20 0.44
  23   58 0.72
  17   33 0.29
  14   16 0.38
  20   52 0.96
   4   14 0.23
  27   70 0.64
   4   39 0.42
   1   22 0.82
  24   26 0.27
   8   26 0.76
  15   23 0.31
   7   60 0.33
   5   34 0.78
  10   19 0.31
  15   37 0.94
   2   22 0.30
   4   23 0.71
  23   72 0.10

  11   47 0.57
  22   29 0.36
  14   44 0.97
  14   29 0.23
  27   49 0.83
  25   54 0.23
   2   56 0.04
  19   47 0.20
   6    9 0.40
  14   66 0.82
  27   44 0.66
  14   24 0.58
   9   21 0.64
  19   50 0.92
  15   60 0.14
   6   14 0.84
  16   57 0.53
  21   76 0.22
  16   29 0.93
  16   30 0.62
  14   60 0.34
  12   28 0.77
  26   63 0.65
  25   59 0.34
   8   49 0.57
   8    9 0.77
  26   65 0.51
   8   43 0.64
  25   80 0.68
   2   51 0.59
  17   19 0.81
   3    4 0.12
   4   12 0.74
  23   39 0.60
   1   57 0.00
  18   36 0.97
   5   18 0.92
   4   55 0.31
   0   25 0.58
  18   20 0.68

  10   33 0.54
   3   20 0.71
  17   26 0.54
   3   26 0.35
  22   36 0.06
  17   22 0.16
   3   24 0.43
  11   20 0.66
   7   35 0.34
   5   36 0.06
  23   45 0.75
   0   39 0.06
  16   41 0.61
   0   32 0.35
   7   40 0.69
   0   32 0.13
  23   75 0.02
  18   37 0.79
   8   55 0.85
   0   15 0.90
  12   62 0.92
  12   19 0.16
  12   43 0.26
  20   49 0.54
   7   19 0.16
  10   20 0.19
   7   10 0.89
  13   39 0.57
  12   44 0.60
   3    9 0.89
   9   30 0.25
   3   33 0.53
  20   28 0.48
  16   32 0.58
  26   26 0.83
   4   25 0.92
  21   63 0.51
  21   48 0.80
  26   35 0.23
  21   39 0.29

