3 40 4
6   10  10   2  20  16  10

   6   33 0.85
 110  165 0.93
  85   85 0.80
  38   49 0.02
  41   71 0.90
  33   44 0.16
  32   66 0.10
   5   53 0.14
  60  112 0.96
   0   42 0.07
   9    9 0.86
  69   93 0.03
  42   90 0.51
  93  102 0.97
  23   74 0.90
  43   62 0.67
  12   28 0.11
  85  139 0.88
  68  109 0.31
  48   78 0.21
  58   62 0.63
  37   73 0.84
  15   43 0.26
  10   15 0.85
  65   69 0.55
 103  110 0.33
  99  142 0.36
  72   73 0.98
   9   46 0.14
   5    5 0.62
  74  122 0.88
  77   99 0.52
  25   70 0.94
  80   89 0.69
  15   57 0.74
  57  105 0.01
  31   35 0.53
  75   95 0.12
  45   89 0.15
   4   50 0.29

   0   14 0.16
  48   89 0.79
  76   82 0.70
  68   83 0.33
  18   58 0.73
  21   59 0.75
 100  126 0.10
  35   46 0.51
  24   79 0.03
  38   89 0.71
  54   56 0.33
 107  127 0.79
  82  137 0.57
  91  121 0.34
  90  115 0.67
  40   61 0.04
   9   27 0.21
  89  132 0.00
 105  121 0.52
  48   59 0.79
  43   59 0.46
  28   44 0.92
  51   53 0.02
  24   51 0.79
 107  146 0.65
  67   98 0.89
   6   40 0.79
  67  103 0.97
  61   64 0.39
  19   23 0.84
  52   87 0.69
 110  140 0.07
  51   59 0.54
  71   88 0.10
  77   85 0.23
  49   67 0.54
  65  102 0.29
   0   15 0.87
  84   98 0.16
  86  105 0.68

   6   17 0.33
  77   85 0.67
  25   48 0.94
  76   80 0.58
 104  119 0.90
  95  145 0.47
  80   96 0.57
   7   34 0.23
  99  143 0.49
  70   91 0.61
  38   43 0.44
  15   69 0.85
  54   99 0.68
  84  132 0.52
  79  131 0.51
  43   63 0.13
  75   77 0.27
  83  107 0.46
  12   44 0.13
  50   65 0.13
  31   72 0.33
  30   40 0.16
  85  109 0.72
  93  101 0.16
   8   24 0.27
  35   86 0.04
  45  100 0.60
   1   19 0.21
  39   71 0.26
  11   31 0.13
  60  113 0.45
  48   51 0.35
  24   36 0.75
  70   81 0.95
  39   69 0.97
   4   19 0.81
 104  106 0.66
  14   30 0.79
  59   84 0.08
  24   55 0.49

  43   84 0.92
  99  111 0.02
  32   52 0.80
  20   69 0.22
  89  110 0.59
  76  108 0.81
  60   82 0.30
 101  142 0.63
  13   68 0.43
  79   83 0.92
  87  132 0.66
   9   17 0.41
 106  122 0.62
 108  138 0.72
  41   43 0.45
  72   75 0.40
  55   95 0.50
  87  108 0.25
 110  136 0.37
  32   39 0.22
  58   59 0.17
 101  123 0.80
  88  103 0.22
  16   58 0.23
  66   68 0.09
  63   93 0.76
  23   70 0.73
  60   65 0.44
  95   97 0.74
 110  150 0.00
  87  106 0.19
  96  144 0.14
  34   67 0.98
  67  100 0.33
  93  143 0.36
  11   24 0.34
   2   56 0.16
  79  104 0.29
 102  149 0.61
  71   89 0.59

  39   92 0.38
  83  119 0.43
  27   44 0.05
  54   62 0.46
  38   61 0.39
  93  142 0.23
  20   62 0.66
  57   65 0.56
  63   85 0.71
  92  134 0.33
  36   71 0.82
  38   70 0.17
  46   79 0.06
  38   74 0.61
  96  125 0.57
  84   86 0.89
  43   72 0.13
  55   95 0.54
 106  117 0.56
  83   88 0.80
  12   26 0.82
  31   82 0.84
  81   96 0.84
  13   60 0.34
  76   97 0.46
  49   76 0.95
  91  133 0.28
  51   93 0.95
  15   48 0.14
   9   27 0.22
  67   67 0.19
  54  108 0.20
  80   83 0.75
  66   89 0.06
  67   86 0.34
  85  108 0.27
  62  107 0.23
   3   45 0.23
 106  129 0.09
  66  105 0.87

  52   56 0.40
  96  135 0.47
  26   57 0.67
  30   77 0.71
  80  102 0.44
 112  135 0.40
 102  157 0.28
  20   61 0.43
  13   50 0.28
 107  109 0.69
  55   64 0.57
  27   52 0.56
  53   58 0.77
  47   63 0.61
  61   89 0.18
  22   74 0.46
  97  100 0.84
  61   71 0.88
 100  110 0.80
  99  147 0.23
  56   95 0.82
  71  107 0.33
  17   25 0.72
  43   97 0.82
 102  153 0.44
  62   75 0.55
  76   80 0.33
   5   58 0.88
 107  111 0.59
  26   67 0.98
  18   52 0.00
  13   13 0.82
  80   89 0.67
  96  118 0.17
  27   51 0.68
  27   53 0.83
  47   73 0.67
 103  148 0.45
 107  111 0.93
  49   81 0.83

