3 60 4
3   16   4  10

  32   58 0.14
  22   68 0.91
   1   71 0.42
  24   76 0.05
  32  103 0.08
  13   50 0.78
  18   27 0.01
  11   24 0.81
  14   16 0.21
  30   85 0.22
  13   25 0.35
  13   76 0.90
   7   68 0.92
   4   71 0.80
   2   34 0.21
  20   27 0.26
  19   58 0.06
  25   47 0.06
   9   57 0.51
  22   76 0.61
  24   47 0.31
   2    7 0.18
  27   59 0.54
  28   37 0.78
  19   89 0.10
  32   80 0.70
  20   61 0.37
   3   72 0.78
  23   57 0.78
   5   37 0.25
  25   33 0.06
  13   26 0.46
  27   62 0.18
  16   23 0.97
  32   40 0.19
  34   59 0.03
  17   23 0.51
  27   44 0.18
   3   74 0.71
   3   44 0.22
  34   77 0.40
  16   22 0.49
   2   47 0.55
  19   79 0.02
  12   58 0.43
   0   67 0.69
  24   56 0.45
  31   61 0.53
  25   44 0.94
   1   40 0.66
  31   56 0.12
  17   69 0.81
  36   94 0.23
   8   73 0.19
  33   71 0.16
   9   35 0.16
  13   51 0.44
   7   59 0.47
  22   44 0.76
  36   63 0.49

   3   50 0.02
  13   44 0.38
  14   88 0.86
  34   35 0.66
  32  105 0.48
   6   22 0.37
   6   17 0.26
   9   25 0.22
  28  100 0.99
  29   82 0.67
   1    6 0.65
  35   35 0.46
   3   48 0.20
   7   66 0.41
  17   71 0.95
  28   50 0.68
   1    6 0.61
  17   73 0.61
  26   33 0.99
  16   39 0.63
   6   24 0.96
  21   26 0.62
  33   43 0.75
   9   46 0.05
  10   68 0.16
   0   65 0.71
  22   84 0.87
  19   78 0.81
  17   78 0.26
  27   77 0.73
  11   17 0.67
  13   76 0.76
  22   30 0.68
  20   74 0.36
   7   49 0.63
  11   34 0.63
  36   57 0.00
  17   55 0.53
  12   58 0.10
  33   71 0.30
   8   52 0.87
  20   35 0.86
  11   23 0.75
  21   55 0.14
  27   30 0.62
  10   80 0.15
  18   81 0.62
  19   35 0.28
  35   98 0.42
  11   60 0.02
  36   98 0.55
  12   56 0.89
   1   55 0.31
   3   22 0.28
   9   19 0.46
  35   49 0.18
   0    8 0.82
  31  100 0.72
  27   48 0.59
  19   22 0.94

  22   31 0.32
  35   36 0.76
  16   21 0.56
   4   31 0.60
   4   55 0.53
  22   82 0.45
   4   53 0.96
   3   62 0.13
  17   64 0.49
  21   42 0.40
  33   89 0.07
  25   39 0.26
  30   86 0.17
   0   46 0.43
  28   41 0.62
  25   26 0.70
  12   61 0.85
  25   56 0.09
  29   93 0.84
  31  100 0.19
   5   64 0.81
   9   50 0.38
  13   24 0.85
  19   49 0.18
  10   71 0.97
  11   34 0.90
  34   81 0.55
  23   46 0.72
  35  106 0.13
   2   52 0.27
   0   49 0.91
  18   72 0.22
  14   70 0.49
  22   33 0.76
   5   72 0.53
  28   85 0.08
  18   49 0.33
  11   64 0.03
  17   41 0.74
   1   44 0.09
  31   88 0.49
  12   54 0.86
  33   46 0.05
  24   83 0.79
  31   31 0.47
  13   87 0.47
  29  103 0.20
  16   76 0.73
  15   89 0.48
  21   26 0.57
  19   40 0.42
  24   52 0.81
   6   20 0.99
  20   45 0.59
   1   35 0.66
  29   77 0.16
  24   52 0.36
  20   57 0.30
  27   74 0.17
  23   55 0.46

