3 20 8
12    4   2   4  10  20  16   4  10  10  10   4  16

  10   31 0.79
  59   75 0.18
  16   19 0.00
  21   28 0.42
  26   35 0.40
  56   75 0.04
  11   15 0.92
  14   32 0.83
  14   29 0.03
  65   70 0.90
  21   23 0.41
  23   31 0.78
  65   73 0.96
  20   20 0.98
  60   73 0.63
   6   11 0.78
  63   84 0.48
  19   34 0.89
  41   49 0.64
  31   48 0.06

  45   50 0.90
  32   38 0.90
  62   63 0.79
  34   51 0.24
  66   75 0.98
  24   42 0.04
  24   43 0.06
  66   69 0.56
  67   84 0.57
  65   73 0.03
  33   36 0.89
  20   25 0.45
  53   54 0.49
  21   35 0.62
  36   40 0.13
  18   21 0.97
  44   48 0.38
   4   23 0.37
  51   66 0.55
  52   67 0.66

  58   66 0.78
  54   66 0.55
  39   41 0.22
  23   34 0.24
  36   36 0.38
  21   37 0.15
  40   54 0.31
  17   31 0.69
  33   35 0.33
  12   21 0.03
  35   50 0.51
  49   56 0.00
   5   15 0.73
  29   43 0.54
  11   12 0.40
  40   54 0.26
  36   50 0.91
  59   63 0.39
  53   69 0.04
  50   52 0.69

  47   65 0.14
  43   64 0.41
  16   17 0.10
   9   12 0.50
  38   57 0.48
  32   33 0.29
  49   65 0.31
  15   36 0.92
  24   39 0.40
  41   53 0.24
  44   45 0.05
  39   40 0.21
   7   27 0.91
  18   36 0.86
  46   64 0.49
  50   69 0.13
  32   37 0.97
  34   37 0.12
  45   62 0.23
  30   38 0.62

  21   32 0.91
  55   70 0.77
   5   19 0.25
  59   66 0.87
  47   48 0.39
  34   49 0.00
  60   63 0.84
   1    2 0.84
  67   70 0.95
  14   23 0.67
   1   20 0.63
  38   39 0.09
  64   70 0.57
   7   23 0.83
  45   55 0.56
   8   27 0.56
   7   11 0.38
  60   68 0.47
  23   42 0.68
  21   22 0.33

  42   54 0.37
  21   42 0.79
  12   31 0.65
  45   63 0.20
  61   71 0.03
  45   66 0.34
   5    7 0.38
  40   49 0.18
  67   84 0.82
  44   53 0.70
  67   85 0.12
  41   47 0.01
   8   25 0.89
   7   11 0.98
  52   53 0.47
  47   47 0.83
  59   77 0.93
   0    1 0.40
  17   19 0.11
  38   41 0.22

  47   62 0.56
  24   41 0.49
  40   41 0.20
   4    7 0.44
   0   15 0.90
  22   22 0.54
  35   55 0.30
   5   21 0.45
  55   59 0.26
  54   56 0.25
  17   20 0.89
  32   34 0.10
  62   77 0.78
  46   54 0.16
  15   22 0.48
  59   60 0.71
   9   12 0.49
  32   51 0.68
  26   33 0.17
  61   61 0.01

  54   62 0.56
  65   78 0.60
  16   27 0.01
   6   15 0.01
   3    4 0.31
  20   22 0.31
  67   71 0.17
  27   38 0.96
  66   67 0.58
  38   58 0.56
  66   79 0.53
  15   25 0.72
  19   20 0.61
  41   45 0.28
  33   45 0.62
  41   50 0.30
  53   66 0.67
  55   58 0.14
   7   23 0.97
  24   45 0.04

  26   32 0.49
  21   30 0.90
  55   75 0.34
  48   62 0.13
  32   32 0.58
  19   19 0.43
  15   27 0.34
  53   64 0.27
  65   72 0.98
  62   64 0.03
  13   29 0.94
  41   49 0.84
  34   54 0.71
   4   23 0.59
  29   32 0.52
  17   18 0.56
   8   12 0.94
  63   79 0.27
  27   33 0.15
  28   47 0.55

  14   19 0.75
  57   58 0.89
  17   18 0.97
  20   39 0.38
  33   40 0.27
  29   39 0.93
  29   34 0.83
  33   52 0.83
  53   67 0.34
  14   26 0.18
  17   23 0.85
   4    9 0.93
   8   28 0.17
  25   25 0.16
  14   32 0.23
  48   55 0.81
  53   63 0.33
  29   30 0.41
  21   36 0.91
  67   80 0.14

  27   43 0.88
  63   65 0.39
  15   16 0.84
  15   22 0.42
  62   73 0.96
  57   67 0.70
  21   40 0.23
  21   42 0.61
  33   45 0.21
  46   52 0.19
  16   28 0.33
  58   61 0.14
  20   32 0.06
   3   19 0.85
  53   53 0.32
  21   39 0.01
  48   57 0.16
  65   79 0.20
  39   46 0.57
  40   48 0.11

  54   72 0.87
  28   35 0.55
  36   57 0.50
  39   55 0.48
  65   69 0.77
  38   59 0.92
  58   74 0.52
  53   63 0.13
  19   38 0.39
  11   20 0.86
   0    6 0.23
  48   56 0.29
  49   61 0.29
  16   18 0.26
   0   15 0.53
   8   17 0.79
  41   45 0.54
  21   24 0.02
   6   17 0.68
  12   30 0.24

