5 15 4
12    4  10  10  10  10   4  16   4  10   2  10   2

   3   16 0.47
  16   24 0.20
   3   11 0.01
   4   16 0.90
  17   31 0.47
   5   14 0.94
  15   16 0.95
  29   32 0.19
   8   19 0.37
  11   27 0.51
   3   14 0.82
   1    6 0.76
  23   29 0.94
  24   38 0.66
  33   39 0.04

  23   28 0.25
   5   11 0.83
  30   30 0.75
  18   23 0.45
  29   45 0.66
  11   13 0.31
  18   31 0.38
  26   35 0.58
  18   27 0.05
   8   22 0.98
   3    5 0.56
  25   35 0.99
   2   11 0.49
  32   42 0.46
   1   16 0.21

  21   36 0.93
  23   32 0.46
  22   23 0.33
   6    6 0.86
  12   28 0.06
  26   38 0.03
   6   18 0.48
   7   21 0.96
  16   26 0.15
  11   26 0.71
   5   14 0.22
   4    9 0.08
   1   12 0.62
  31   44 0.63
  15   19 0.88

  10   12 0.68
  18   34 0.04
  31   42 0.79
  28   36 0.27
  23   28 0.26
   4   18 0.22
   7   18 0.32
  27   27 0.72
  18   32 0.20
  19   19 0.33
   8   20 0.45
  21   21 0.40
  12   13 0.61
   7   16 0.02
  26   38 0.69

  15   27 0.07
  28   40 0.74
  32   34 0.46
  15   29 0.48
  19   27 0.50
  27   41 0.43
   2    3 0.29
   5   16 0.92
  14   29 0.06
   7   21 0.11
  19   24 0.17
  21   22 0.62
   8   22 0.76
  16   17 0.65
  17   22 0.74

  29   31 0.61
  23   32 0.62
  25   41 0.29
  29   35 0.85
  24   29 0.79
  29   32 0.56
  19   22 0.95
  11   18 0.85
   6   13 0.02
  24   35 0.38
  16   25 0.79
   6   18 0.33
  23   38 0.57
   1   13 0.36
   2   15 0.29

  15   28 0.50
  26   27 0.83
   6   10 0.72
   3    7 0.22
  24   24 0.79
  13   20 0.03
   6    7 0.87
  25   29 0.23
  24   40 0.23
   3    6 0.97
  27   37 0.23
  16   24 0.84
  23   34 0.57
  33   37 0.44
  24   27 0.55

  19   33 0.99
   4    9 0.04
  31   35 0.97
  18   21 0.36
  20   29 0.42
  18   33 0.25
   2   10 0.68
  13   22 0.67
  11   16 0.15
  17   33 0.68
  19   21 0.68
   7   20 0.79
   5   11 0.04
  18   22 0.03
  25   31 0.52

   4    9 0.65
   5   12 0.55
  20   28 0.31
   4    4 0.91
  33   49 0.93
   5   21 0.50
  12   26 0.12
  29   39 0.99
  20   28 0.15
   9   15 0.21
  19   29 0.99
  27   27 0.66
  25   30 0.66
   0    9 0.06
  31   34 0.03

   5    7 0.57
  15   24 0.00
   5   21 0.86
   5    5 0.02
  13   18 0.43
  28   35 0.35
   8   10 0.15
  22   27 0.49
  29   37 0.13
  14   18 0.42
   9   17 0.46
  13   28 0.97
  14   17 0.34
   8   19 0.47
   0    0 0.58

  24   30 0.66
  13   16 0.65
  12   23 0.27
  29   39 0.60
  23   27 0.88
  14   25 0.33
  12   21 0.63
  25   39 0.89
  11   24 0.41
   1    3 0.48
  11   17 0.26
   6   20 0.29
  16   16 0.67
  23   27 0.87
  28   43 0.72

  20   24 0.54
  20   31 0.67
  22   38 0.02
   5    5 0.34
  29   41 0.29
  28   29 0.45
   5   18 0.43
  33   41 0.81
  31   41 0.07
   6    9 0.24
   4    5 0.08
  27   42 0.16
  22   30 0.79
  25   31 0.93
  19   26 0.09

