3 100 4
3   20   2   4

  16  102 0.86
  42   86 0.28
  45  115 0.14
  10   75 0.51
  24  114 0.85
  13   49 0.19
  49   57 0.85
  49  129 0.31
  53  130 0.72
  21   80 0.00
  40   63 0.37
  51  103 0.14
  37  144 0.23
  15   50 0.31
  13   28 0.50
  30   93 0.70
  35   99 0.37
  28   49 0.51
  50  127 0.09
  39   48 0.05
   8   65 0.18
  35  138 0.43
  39  105 0.44
   9   61 0.35
  22  129 0.54
  23  130 0.38
  23   27 0.92
   0   35 0.00
   4   71 0.81
  41   50 0.88
  13   34 0.03
  48   72 0.62
  11   60 0.24
   0   31 0.78
  23   45 0.52
   3   76 0.48
  36   86 0.11
  37   55 0.84
   1   83 0.04
  47  145 0.46
  47   99 0.31
  12   16 0.62
  36   47 0.42
  25  129 0.17
  38   78 0.90
  32   41 0.08
  28   80 0.13
  32   37 0.97
  30  124 0.17
   5   52 0.31
  12   45 0.37
  19  119 0.25
  29  132 0.74
   6   92 0.84
  21   68 0.88
   5   28 0.60
   4   40 0.23
  31   94 0.09
  49  120 0.02
  43  117 0.66
  45   50 0.82
  46  101 0.19
  31   84 0.07
   3   44 0.98
  18   75 0.85
  46   48 0.01
  49  149 0.55
   1   79 0.65
  27   84 0.07
   1   77 0.79
  33   49 0.99
  33   93 0.05
  25   59 0.12
  22   95 0.59
  12  103 0.63
  13   76 0.60
  44   74 0.74
  50  135 0.55
   8   49 0.39
  30   78 0.11
   4   70 0.98
  26  112 0.68
  12   54 0.62
  19   19 0.55
  42   55 0.70
  49  154 0.26
  31  120 0.92
  11  112 0.93
  39   51 0.22
  19   80 0.96
  38  140 0.39
  48   63 0.28
  29  135 0.52
   0   82 0.49
  40   72 0.05
  32   44 0.64
  41  111 0.26
  16   26 0.51
  11   47 0.16
  15   81 0.69

  24   51 0.83
  38   92 0.19
   2   10 0.75
  39   92 0.78
  45  115 0.44
  35   63 0.18
  33   40 0.95
  35  120 0.15
  46   73 0.60
  49  143 0.14
  34  123 0.68
  22   34 0.79
  42   67 0.54
  33  115 0.00
  27   81 0.53
  29   96 0.83
  40  106 0.72
  26   86 0.13
   6   62 0.77
   2   76 0.03
  25   36 0.15
  50  141 0.27
  35  125 0.56
  46   77 0.62
   9   97 0.87
  35   91 0.66
   7   77 0.02
  21   89 0.73
   4   11 0.08
  41  144 0.15
  17   51 0.15
  14   73 0.67
   5   26 0.34
  10  114 0.08
  41   42 0.63
   4   17 0.96
  50  115 0.57
  43  101 0.60
  14   78 0.46
  49   81 0.30
  47   83 0.22
  25   95 0.81
  14  109 0.35
   7   73 0.95
  15   61 0.35
  47  105 0.67
  12  108 0.29
  10   37 0.72
  31   90 0.42
  35  129 0.06
  21   57 0.59
  45   96 0.18
  50  126 0.07
  47  114 0.63
   9   74 0.89
   7   72 0.88
  33   84 0.39
  50   61 0.07
  20   27 0.06
  29   50 0.65
  31  104 0.34
  15   80 0.18
  44  146 0.75
   3   91 0.46
   8   79 0.49
  46   84 0.67
  50  148 0.32
   3   55 0.54
  14   45 0.96
  35   81 0.19
   9    9 0.78
   3  109 0.32
  42  102 0.90
  32   59 0.34
  11   24 0.13
  32   41 0.45
  21   96 0.95
  53  128 0.11
  31  100 0.91
  14   82 0.31
  29  136 0.26
  42   99 0.20
  47  133 0.89
  25   40 0.30
  24  128 0.44
  46  144 0.35
  48   64 0.53
  22  119 0.05
  23   27 0.52
  28  124 0.64
  38   98 0.15
  24   76 0.07
  37  144 0.11
  36   56 0.55
   7   59 0.40
   3    4 0.39
  12   16 0.38
  46  109 0.02
  26  115 0.81
  13   80 0.05

  33   60 0.42
  35  101 0.26
   3   11 0.96
  23   86 0.59
  48  136 0.87
  29   39 0.43
  20  126 0.37
   7   60 0.78
  30  134 0.68
  11   96 0.78
  21   84 0.54
  28   28 0.81
  43  142 0.02
  33   92 0.92
  40  112 0.79
   4  102 0.22
  47  149 0.80
  21   69 0.76
   5   21 0.48
  45   52 0.27
   8  103 0.58
  29  128 0.11
  30  137 0.36
  22  122 0.65
   7  113 0.93
   4   71 0.22
   0   16 0.00
  48   55 0.86
  25  102 0.38
  38   42 0.12
  30   39 0.07
  29   46 0.65
  48   58 0.53
  28   60 0.50
  39  100 0.95
  34  115 0.61
  14  121 0.24
  20  111 0.27
  39   81 0.44
   5   92 0.38
  53   55 0.89
  11   43 0.52
  35   94 0.51
  35  136 0.87
  46   53 0.65
  34   83 0.41
   6   73 0.78
  35   60 0.43
   9  112 0.05
  24   61 0.24
  45   48 0.55
  16   96 0.40
  32   47 0.17
  12   64 0.82
  23   80 0.35
  26   27 0.61
  41   42 0.03
  33  116 0.87
   7   25 0.60
  23  128 0.43
   7  108 0.41
  27   64 0.74
  28   38 0.73
  46  104 0.13
  17   40 0.59
  43   73 0.98
  37  102 0.77
  28   78 0.99
  25   96 0.07
  49   51 0.95
  44   81 0.65
  42  128 0.65
  40   89 0.02
  30   38 0.83
  33  134 0.62
  31   85 0.92
  17   87 0.02
  27  134 0.75
  35  123 0.66
  36  139 0.34
  12   91 0.89
  15  108 0.53
   0    3 0.06
  12   79 0.45
  36  129 0.10
  51   86 0.92
  29   96 0.45
  17   61 0.16
  51   64 0.05
  53  125 0.55
   6   65 0.11
  45   73 0.42
   7   44 0.31
  25   67 0.94
  28   64 0.08
  43   46 0.87
  33   64 0.62
   6   16 0.42
  22  100 0.98
  44   85 0.12

