5 50 8
6   10   4   2   2   4  10

   8    8 0.46
   4   12 0.93
  10   11 0.95
   1    7 0.21
   0    5 0.83
  13   16 0.93
  15   16 0.09
  12   20 0.16
   6    8 0.37
   0    3 0.13
  19   24 0.51
  13   16 0.08
   4   10 0.20
  16   25 0.22
   8   11 0.06
   3    3 0.10
  17   18 0.50
  14   15 0.73
   6   15 0.61
  10   11 0.59
  17   26 0.51
  14   18 0.23
   8   14 0.11
  12   12 0.64
   4    6 0.23
  11   20 0.58
   3    3 0.82
  11   17 0.45
  14   14 0.86
  13   13 0.61
  19   20 0.51
   8   14 0.79
  14   19 0.62
   6   15 0.42
   7   13 0.88
   2    4 0.08
   5    6 0.91
   7   16 0.26
  15   24 0.53
   3    9 0.27
  10   16 0.75
  16   19 0.45
  16   19 0.10
  18   23 0.92
  16   17 0.36
   9   18 0.11
   9   13 0.88
  18   21 0.34
  11   13 0.47
   7   16 0.15

   0    4 0.43
   6    6 0.82
   3    6 0.78
  11   11 0.42
  15   21 0.95
   2    5 0.05
  17   18 0.25
  13   16 0.34
   3   10 0.06
  10   11 0.57
   6   15 0.68
   0    7 0.27
  17   22 0.21
   1    8 0.72
   2    7 0.13
  16   16 0.38
   4   10 0.37
  19   20 0.90
  17   23 0.28
   4   10 0.09
  15   24 0.00
   2    6 0.48
   0    8 0.94
   2    9 0.75
   3    3 0.52
  17   24 0.89
  14   19 0.43
  16   16 0.00
  19   23 0.87
  19   21 0.28
  13   18 0.42
   8   17 0.47
  14   17 0.93
   3    5 0.59
   4    7 0.67
  10   18 0.31
   9   18 0.66
  12   14 0.63
  14   22 0.03
   9   11 0.99
   2    2 0.48
   4   12 0.64
   0    7 0.14
   0    8 0.73
  12   19 0.67
   0    0 0.95
   1    9 0.34
   2    7 0.85
  17   22 0.86
  14   17 0.85

   9   15 0.07
   4    5 0.18
   1    5 0.06
  13   17 0.86
  13   17 0.38
   9   10 0.09
  16   18 0.76
   4   13 0.74
  14   18 0.38
  11   12 0.93
   1    7 0.20
  18   27 0.43
  12   14 0.36
   8    9 0.22
   8   17 0.11
   5    8 0.27
   4    9 0.09
  12   13 0.21
  13   22 0.41
   7   14 0.75
   8   10 0.22
  10   17 0.92
   3    9 0.79
   9    9 0.77
  19   19 0.44
  12   21 0.71
  12   13 0.51
  13   13 0.74
  17   17 0.90
   3   10 0.82
  18   22 0.55
  13   20 0.51
   0    4 0.27
  10   15 0.08
   6   12 0.15
   8   14 0.34
   7   15 0.86
   2    7 0.84
  10   14 0.57
  10   15 0.55
   6   14 0.68
  18   18 0.66
  13   16 0.25
  11   18 0.80
  19   22 0.28
   4    5 0.56
  18   25 0.69
  13   16 0.93
  16   18 0.73
   0    7 0.58

   1    3 0.26
   9   11 0.60
  17   18 0.42
  16   23 0.46
   9   11 0.45
   9   18 0.37
   3    9 0.29
   8   17 0.05
  17   21 0.24
  16   16 0.24
   1    6 0.80
  15   22 0.26
  10   10 0.35
  18   26 0.44
  11   16 0.96
  18   23 0.45
   9   10 0.98
   8   11 0.06
   0    0 0.83
  16   21 0.31
  11   16 0.45
   7   14 0.13
  12   20 0.62
  18   24 0.74
  13   17 0.00
   6    7 0.33
   6   10 0.15
   4   12 0.57
   3    5 0.11
   5    5 0.33
  11   15 0.47
  15   23 0.28
  11   16 0.87
  15   19 0.27
   0    4 0.58
   4   10 0.26
   1    4 0.65
  17   21 0.62
  13   20 0.89
   2   11 0.38
  11   20 0.94
   5    8 0.46
  14   15 0.69
  12   20 0.74
  11   11 0.61
  16   25 0.58
   8   11 0.80
   5   10 0.39
  12   12 0.49
   3    8 0.36

   3    7 0.05
   8   11 0.44
   9   17 0.27
  10   17 0.99
   4    7 0.95
   2    6 0.23
  10   18 0.95
   7   10 0.41
  18   21 0.28
  19   24 0.60
  16   18 0.61
   2    5 0.96
  17   20 0.98
   4   10 0.00
  12   20 0.46
  18   18 0.34
  10   15 0.95
   6   13 0.18
  15   19 0.99
   3    6 0.03
  16   20 0.26
   7   14 0.11
   5    8 0.93
   8   11 0.22
  10   12 0.21
   7    9 0.75
  11   12 0.38
   3   12 0.95
   9   15 0.84
   3    4 0.47
  17   19 0.51
  10   10 0.48
   5    8 0.27
   9   13 0.09
  13   17 0.35
   1    6 0.65
   0    5 0.96
  11   19 0.23
  12   14 0.92
  14   17 0.69
  10   17 0.64
  13   19 0.34
   9   13 0.43
  13   19 0.29
  15   24 0.10
  12   13 0.50
  16   16 0.49
   4    8 0.63
  17   20 0.44
  13   22 0.74

   7   11 0.78
   0    6 0.80
   0    1 0.57
   2   11 0.08
  12   17 0.77
   9   15 0.94
   3    4 0.63
  19   20 0.76
   3    7 0.15
   3   10 0.86
  10   10 0.71
  19   25 0.36
  18   25 0.13
   2    5 0.76
  17   23 0.57
   4    7 0.43
  10   18 0.37
  19   26 0.67
   6   15 0.05
   9   10 0.99
  14   14 0.57
  16   17 0.99
   2    9 0.50
   3    9 0.40
  14   17 0.93
  12   13 0.21
   0    0 0.21
   7   12 0.37
   6    6 0.66
   3   11 0.14
   7    7 0.30
  10   18 0.44
   1    6 0.12
  17   19 0.54
   1   10 0.49
   1    5 0.93
   8   12 0.94
   0    2 0.22
   5   11 0.24
  18   20 0.20
  19   27 0.48
  12   14 0.72
   1    6 0.47
   6    9 0.52
   9   10 0.65
   9   17 0.18
   7    8 0.36
  13   16 0.22
   6   11 0.13
   8   15 0.98

