4 80 4
3   20  16   4

  84  188 0.23
   6  106 0.45
  96  244 0.96
  16   35 0.26
  29   74 0.40
 117  121 0.94
   3  134 0.13
  90  174 0.74
  26  111 0.21
  53  198 0.38
  45   99 0.55
 136  198 0.29
  35   99 0.26
  42   81 0.96
 126  265 0.10
  90  193 0.52
  59  186 0.48
 128  230 0.00
   4   42 0.22
  48   76 0.66
 136  205 0.19
  99  102 0.53
 108  181 0.06
 146  219 0.30
  41   61 0.16
 133  196 0.67
 129  264 0.77
 130  222 0.76
 131  175 0.84
  10  104 0.68
  96  162 0.01
  81  132 0.16
  44   50 0.93
 138  187 0.28
 103  132 0.32
  32  130 0.26
 111  145 0.63
  93  149 0.02
  86  227 0.84
 147  251 0.29
 116  134 0.62
  74  146 0.03
  73  216 0.22
  30  138 0.19
  87  138 0.79
  83   96 0.34
 112  192 0.94
  92  183 0.37
 147  207 0.90
  26  174 0.58
  93  166 0.40
 143  166 0.28
 104  224 0.94
  15   54 0.38
  82  228 0.02
 127  258 0.67
  83  121 0.55
 123  237 0.35
  86  110 0.13
  72   75 0.58
  49  198 0.80
 116  246 0.05
 106  197 0.46
  21   57 0.39
  77  122 0.98
  66  138 0.71
  47  174 0.03
 130  147 0.11
 138  198 0.23
  76  168 0.09
  21   67 0.69
  97  189 0.71
  75  128 0.51
  78  224 0.47
 142  166 0.35
  45  113 0.67
 130  245 0.87
  72  105 0.88
  41   77 0.66
  75  196 0.71

  31   76 0.07
  45  194 0.28
  45   92 0.58
 148  286 0.81
  43   65 0.50
  29  168 0.70
   4  118 0.94
  89  185 0.31
  18  126 0.07
 139  142 0.13
  54  137 0.68
  64  213 0.18
 127  161 0.87
  98  111 0.43
  77  181 0.40
  92   94 0.74
  49  191 0.08
  62  173 0.22
  35   70 0.25
 120  142 0.39
  66   80 0.36
 110  168 0.07
  24   45 0.20
 113  245 0.79
  44  187 0.87
 115  225 0.81
 123  255 0.01
 127  222 0.65
  80  143 0.02
  85  137 0.37
  30  135 0.43
   2   38 0.54
  99  222 0.69
  87  229 0.98
  30   68 0.84
  26  148 0.59
 104  109 0.46
  22  109 0.21
  76  187 0.31
   4   55 0.82
 142  245 0.27
  59  151 0.65
  29   29 0.24
  31  166 0.04
 127  170 0.20
  84  156 0.23
 106  140 0.10
 146  284 0.50
  37   43 0.33
  40  174 0.38
   0   22 0.32
  10   56 0.83
 147  162 0.79
  12  106 0.13
 119  209 0.54
  11  112 0.95
 125  232 0.12
  59  132 0.58
  69   90 0.09
  35  129 0.85
  53  134 0.68
   3  121 0.10
 143  284 0.04
 133  201 0.14
  19   84 0.26
  42   54 0.89
  89  143 0.05
  17  161 0.72
 122  270 0.72
 132  279 0.80
  22  131 0.32
 116  173 0.76
  62  153 0.11
  53  154 0.28
 110  127 0.10
   4   21 0.44
  28  149 0.17
 143  236 0.68
  45  143 0.21
 116  235 0.96

 132  177 0.23
  70   81 0.42
  74  218 0.69
  25  153 0.27
  43   61 0.46
   4  142 0.59
  31   54 0.91
 109  163 0.53
  82  180 0.09
  72   89 0.65
 109  115 0.66
 134  256 0.43
  52  171 0.18
  12  134 0.93
  88  128 0.62
 139  241 0.38
  21   51 0.29
  60   81 0.92
 131  184 0.29
  10  152 0.76
 105  250 0.03
  52   65 0.89
  85  207 0.47
  15  101 0.96
  13   34 0.91
 112  223 0.41
 100  171 0.73
  41  178 0.73
 118  263 0.41
  49   91 0.23
  19  121 0.68
  54  159 0.93
 118  244 0.36
  97  193 0.26
 110  129 0.99
  20   42 0.99
 147  217 0.62
 138  173 0.31
   1   79 0.10
 135  138 0.86
  23  105 0.98
 126  264 0.26
  35   63 0.57
  15   56 0.30
  51  167 0.10
   9   46 0.25
 120  174 0.61
  44  153 0.12
  92   95 0.41
 130  175 0.72
  86  159 0.41
  78  187 0.41
 111  248 0.07
  84  202 0.15
  28   84 0.56
 142  219 0.56
  45  139 0.11
 133  264 0.44
 137  173 0.09
  70  130 0.77
  13  137 0.76
 119  265 0.50
 137  281 0.12
  37   82 0.60
  91  130 0.39
  68  115 0.23
 115  217 0.68
  67  122 0.06
 142  168 0.08
 148  260 0.03
  79  202 0.28
 106  205 0.85
  17   59 0.11
 100  128 0.65
  99  146 0.21
  39  138 0.55
  44  130 0.58
 130  259 0.26
  68   95 0.12
   7   20 0.46

