4 50 8
6   16   4  10   2   4   2

   7   12 0.87
   6   11 0.24
   4    9 0.44
  13   18 0.90
   5    8 0.95
   9   13 0.95
  10   16 0.23
   6   10 0.25
   9   20 0.44
   1   12 0.86
  10   18 0.89
  11   17 0.88
  10   18 0.95
  10   11 0.39
   5   11 0.58
   9   18 0.67
   2    7 0.44
   9   16 0.78
  10   23 0.26
   5   10 0.67
  10   12 0.35
  13   22 0.12
   0    9 0.18
   7   10 0.01
   5   10 0.24
   8   11 0.02
   6    7 0.12
   9   14 0.16
  12   19 0.86
   1    5 0.01
   8    8 0.79
   8    9 0.80
  10   13 0.13
   3    5 0.00
   5    6 0.74
   1    4 0.22
   1   10 0.92
   1    7 0.32
   3   14 0.86
   3    7 0.49
   8   13 0.84
   5   14 0.10
   7   18 0.45
   6   12 0.56
   7   11 0.70
  12   21 0.14
  10   18 0.33
   6   16 0.13
  11   13 0.38
   3   14 0.56

   6    7 0.84
   4   12 0.14
   0    8 0.13
   4    6 0.25
   9   10 0.45
  12   22 0.14
   4   17 0.24
  13   19 0.63
   2   11 0.43
   1    1 0.66
  10   15 0.81
  12   23 0.35
   1    2 0.40
  11   19 0.82
   0    0 0.65
   0   13 0.37
   3   15 0.09
  13   24 0.90
   5    9 0.92
   3    5 0.65
   4    6 0.41
   9   20 0.09
  13   16 0.17
   6   19 0.46
  12   15 0.00
   9   13 0.35
   5   12 0.70
  11   15 0.33
  10   18 0.97
  11   16 0.93
   6   10 0.47
   9    9 0.15
  11   13 0.30
   9   19 0.17
   3   10 0.00
   8    8 0.93
  12   23 0.18
  13   15 0.67
  10   15 0.44
  10   12 0.71
   4    4 0.28
  12   15 0.16
  12   13 0.35
   4    5 0.83
  11   14 0.54
   4    4 0.01
  11   14 0.73
   8    8 0.64
   7   19 0.65
   5    5 0.91

   0   13 0.33
   9    9 0.91
   0   13 0.87
   2    9 0.92
  12   13 0.31
   7    9 0.29
   3    4 0.57
   1    9 0.65
  12   23 0.97
   9   10 0.53
   7   13 0.43
   8   18 0.94
   7    7 0.23
   9   13 0.12
  10   21 0.97
   8   16 0.01
  12   22 0.05
   5    5 0.14
   8   10 0.00
   9   13 0.87
   3    5 0.86
  10   23 0.43
   9   10 0.39
   1   11 0.52
  11   15 0.70
  10   13 0.22
   3   13 0.90
   4   15 0.46
   9   12 0.20
   7   19 0.28
  12   12 0.57
   6   16 0.48
  11   22 0.28
  10   21 0.73
  13   18 0.78
  13   22 0.00
  12   12 0.03
   9   16 0.19
   9   20 0.21
   2    2 0.49
   2    7 0.29
   4   12 0.68
   9   13 0.47
  12   19 0.45
   3   14 0.46
   9   12 0.18
   8   16 0.84
   0   10 0.58
   8   13 0.45
   5    5 0.87

   9   11 0.96
   3    9 0.48
   0   13 0.69
  13   21 0.10
   9   15 0.14
   2    8 0.55
   0    9 0.17
   6    9 0.95
   4    6 0.64
  12   23 0.05
  11   20 0.09
  13   22 0.66
   4   10 0.01
   4    7 0.47
   4   13 0.98
   9   14 0.11
  10   10 0.11
   7    8 0.07
   7   11 0.31
   0    4 0.93
   5   15 0.28
  12   22 0.49
  13   19 0.81
   4   13 0.77
  11   17 0.64
   1   12 0.26
  10   16 0.84
   9   18 0.97
   2   14 0.88
  12   24 0.00
   9   20 0.06
   6   16 0.49
   1    1 0.33
  10   17 0.64
   7   18 0.72
   0    1 0.28
   9   17 0.50
  10   10 0.05
  10   23 0.12
   8    8 0.54
   5   15 0.75
  11   15 0.10
   6   19 0.10
   6   13 0.97
  12   17 0.79
  12   22 0.66
   5   15 0.65
   4   14 0.10
   4   10 0.00
   7    7 0.70

   3    8 0.08
   5    8 0.14
   3   16 0.45
   0    7 0.23
  13   22 0.12
   9   13 0.13
   4    6 0.03
   6    9 0.21
   6   18 0.97
   5    9 0.97
   8   19 0.72
   2   12 0.07
  13   15 0.22
   6   10 0.02
   3   12 0.49
   6   13 0.64
  12   19 0.33
   7   11 0.37
   0    3 0.86
   9   22 0.74
  13   25 0.34
   4   13 0.16
   4   10 0.35
  10   13 0.69
   7    7 0.06
   5    6 0.97
   0    2 0.68
   9   17 0.50
   2    8 0.35
   3    7 0.45
   2    7 0.45
   8   11 0.57
  12   22 0.50
   0   10 0.66
   0   10 0.04
   9   19 0.24
   5   16 0.20
   9   10 0.46
   2    7 0.83
   2   12 0.97
   0    6 0.38
   1    7 0.19
   3   12 0.01
   8   10 0.82
   2    8 0.28
   7   17 0.93
  12   17 0.64
   2    7 0.88
  10   11 0.79
   6   16 0.30

  12   17 0.52
  10   15 0.93
   7   14 0.69
   6   16 0.04
  11   20 0.78
  12   15 0.05
  10   11 0.13
   6   16 0.26
  11   16 0.83
  12   21 0.67
  10   22 0.47
   9   11 0.92
   2    7 0.89
  13   24 0.12
  13   19 0.94
   9   17 0.85
  13   20 0.74
   3   11 0.68
   4   12 0.44
  10   13 0.19
  10   15 0.77
   0   10 0.00
   8   10 0.77
   6   11 0.50
   7   13 0.35
   5   17 0.63
   8   11 0.03
  13   13 0.31
  10   18 0.51
  12   20 0.19
   7   17 0.94
   9   12 0.22
   0   12 0.48
   7    8 0.59
   4    9 0.08
  13   14 0.10
  12   21 0.77
   7   20 0.52
   3   16 0.98
   9   21 0.33
   4    8 0.65
   0    5 0.49
  13   19 0.48
   4   11 0.64
   8   14 0.97
   1   13 0.58
  13   14 0.38
  12   20 0.96
  10   16 0.51
   0   11 0.95

