5 80 8
3    2   2  10

   8   20 0.59
   0    9 0.38
   3   11 0.39
   7    9 0.81
  11   18 0.99
  11   16 0.51
   3   11 0.55
   1   12 0.38
   8   11 0.54
   3   16 0.06
  11   17 0.53
  11   18 0.76
   6   17 0.79
   5   18 0.48
   5    6 0.46
  10   14 0.34
   3   15 0.82
   1   13 0.39
   4   16 0.30
   4   10 0.30
   2    3 0.31
   9   15 0.58
   9   17 0.68
   0   10 0.35
   5    5 0.57
   2    5 0.65
   9   21 0.94
  10   17 0.66
  10   20 0.83
   9   22 0.33
   8   15 0.15
  12   25 0.35
  10   20 0.47
   1    7 0.76
   0   11 0.55
  13   19 0.33
   9   15 0.06
   3    9 0.95
   6    7 0.54
   0    9 0.72
   9   19 0.04
   8   15 0.53
   4    7 0.68
  13   26 0.42
  11   11 0.41
  11   24 0.24
   7   19 0.43
  12   24 0.96
  11   20 0.34
   0   10 0.82
  11   15 0.73
   5    7 0.98
  12   18 0.80
  13   21 0.46
   5    8 0.25
  10   19 0.60
  11   13 0.90
   5   15 0.67
   9   14 0.96
  12   24 0.23
  13   26 0.98
   7   11 0.37
   4   12 0.45
   9    9 0.52
   4   11 0.66
   1   13 0.10
   8   11 0.53
   5    8 0.15
   0    2 0.19
   9   21 0.06
   8   13 0.58
  10   21 0.39
   5    7 0.78
   9   17 0.82
   9   20 0.87
   2    8 0.64
   9   10 0.74
   6    8 0.30
  13   26 0.16
   1    3 0.93

  11   23 0.57
  10   23 0.61
   4   13 0.11
  10   13 0.96
   3    3 0.59
   4   13 0.86
  10   20 0.23
   5    7 0.23
   4    7 0.19
  12   25 0.64
   3    7 0.51
   1   13 0.56
   8   18 0.16
   9   18 0.14
   0    8 0.50
  11   12 0.63
   7   11 0.12
   4   10 0.36
   9   12 0.85
   7   20 0.39
   5    5 0.54
   0    2 0.44
   5    6 0.92
  11   21 0.62
   7   14 0.09
   3   14 0.77
   4   13 0.18
   9   16 0.66
  10   12 0.19
   9    9 0.16
   1   10 0.63
  11   15 0.01
   0    4 0.95
   6   15 0.60
   9   18 0.76
  13   24 0.07
   1    8 0.71
   6   16 0.64
  12   21 0.10
   8   14 0.61
   7   20 0.74
   6   19 0.79
   6    9 0.01
  11   11 0.44
  12   18 0.50
  10   11 0.60
   7   20 0.42
  12   21 0.77
  13   26 0.40
   1    4 0.94
   7   20 0.07
   1    2 0.27
   5   15 0.06
   6   14 0.89
   7   14 0.67
  10   16 0.67
   9   19 0.25
   8   11 0.02
   2    5 0.38
   8   10 0.23
   1    1 0.95
   4   17 0.92
   6   18 0.38
   6   11 0.31
   2   12 0.52
  13   22 0.72
   8   10 0.74
   5   12 0.64
   1   13 0.70
   2    6 0.58
  11   11 0.59
   9    9 0.17
   5   15 0.45
   3   16 0.12
   9   22 0.56
   3   13 0.56
   8   10 0.91
   0    1 0.95
  11   12 0.50
   3   14 0.73

   4    8 0.39
   7   20 0.64
   0   13 0.08
  13   19 0.54
  13   19 0.49
  13   20 0.82
  10   20 0.43
  10   13 0.07
   0   10 0.46
   2    9 0.57
   1   10 0.90
   5    8 0.91
   1   12 0.68
   3    7 0.57
   2    8 0.13
   6    9 0.27
   9   13 0.28
   3    7 0.27
  11   11 0.83
   7   13 0.14
  10   10 0.18
   5    9 0.71
   7    7 0.57
   9   19 0.61
   0    3 0.86
   1    6 0.99
  13   24 0.32
   2    8 0.71
   7    8 0.77
   1    4 0.99
   4    6 0.21
  12   17 0.60
   3    8 0.22
   8   21 0.31
   4   16 0.83
  10   20 0.42
   4   17 0.01
   5    8 0.17
  10   22 0.05
  12   15 0.36
   1   11 0.55
   2    8 0.18
  12   24 0.91
   6   14 0.44
  13   26 0.76
   1    7 0.98
   7   19 0.46
  12   22 0.62
   2   14 0.83
   2    4 0.66
   2   11 0.15
   5   17 0.22
   3    7 0.88
  11   22 0.59
   5   12 0.48
   1   13 0.97
   4    7 0.75
   3   14 0.20
  13   24 0.11
   3    7 0.54
  13   20 0.54
  12   16 0.09
   6   18 0.92
   1   11 0.45
   0   11 0.63
   6    6 0.21
   7   13 0.97
   3    9 0.28
   5    9 0.91
  11   23 0.51
   7    8 0.56
   2   12 0.78
  11   12 0.34
   6   14 0.69
   9   13 0.92
   6   11 0.99
   6    8 0.77
   0   10 0.01
   5    9 0.15
  13   19 0.80

