4 100 4
3   10   2  10

  31   34 0.84
  13  111 0.56
  32   71 0.51
  25   59 0.19
  24   96 0.08
  23   47 0.81
   0   12 0.91
  26   65 0.19
  31  125 0.92
  17  112 0.71
  15   68 0.69
   0   71 0.00
  28   85 0.81
  11   16 0.01
   8   72 0.42
   9   88 0.90
   9    9 0.15
  25  120 0.31
   3   10 0.50
  17   73 0.81
  26  106 0.49
   8   96 0.46
  21   37 0.93
  10   60 0.86
  29  125 0.45
  26  127 0.70
  30  103 0.12
   9   73 0.52
   9   51 0.21
  11   33 0.60
  21   21 0.13
   8   88 0.74
  33   83 0.47
  18   24 0.30
  20   83 0.43
   2   34 0.84
  12   25 0.29
  19   99 0.28
   2   91 0.56
  31   86 0.02
  23   72 0.12
  13   87 0.72
  11   82 0.25
  15   79 0.96
  32   69 0.98
   1   96 0.01
   8   41 0.76
   4   58 0.38
  12   70 0.78
  15   29 0.68
  14   70 0.68
  18   54 0.86
  17  117 0.20
  32   59 0.36
   5   17 0.01
  32  126 0.41
  23  108 0.33
   6   89 0.94
  12   19 0.80
  12   29 0.39
  31  105 0.23
  23  112 0.79
  12   23 0.14
   0   68 0.74
  33  116 0.56
  12   41 0.17
  15   83 0.92
  22   48 0.00
  22   40 0.00
   4  104 0.87
  26   51 0.86
  29  109 0.06
  13   81 0.29
   3   81 0.90
   9  107 0.29
  18   96 0.12
  18   74 0.31
  21   28 0.80
  30  110 0.45
  13   44 0.63
  24   79 0.91
   3   21 0.11
  19   49 0.51
  30  111 0.91
   4   47 0.44
  30   33 0.46
  18   49 0.02
   3   17 0.70
  32   57 0.08
   7   85 0.94
  15   41 0.25
  12   71 0.39
   5   16 0.28
  29   64 0.21
  27  128 0.13
  13   96 0.30
  23   72 0.19
  15   91 0.81
  23   74 0.84
  17   50 0.87

   6   29 0.15
   4   12 0.23
   9    9 0.93
  30   74 0.33
  15   51 0.37
   4   29 0.31
  24   83 0.84
   1   75 0.34
  11   44 0.19
   3   64 0.86
  13   41 0.41
   5   50 0.60
  29  113 0.83
   7   80 0.63
  15   21 0.41
  26   35 0.10
  20   57 0.45
  16   85 0.53
  25  122 0.41
  22   40 0.76
   7   16 0.72
  16   92 0.74
   7  106 0.62
  30  122 0.12
  33  113 0.21
  30  100 0.01
  10   65 0.83
  23   66 0.58
   4   67 0.17
   8   56 0.00
  31   49 0.45
   0   58 0.21
   1   14 0.60
  33   43 0.60
   2   13 0.88
  15   67 0.54
  18   71 0.38
  18   18 0.59
  16   32 0.12
  23   46 0.60
  25   93 0.90
  16   65 0.67
  31   35 0.83
  28   80 0.33
  32   57 0.80
  31   44 0.77
   6  102 0.16
   0   85 0.49
  19   99 0.00
  12  113 0.33
  10   37 0.23
   1   33 0.37
  10   29 0.24
  10   14 0.17
   2   50 0.78
   2   84 0.74
  11   86 0.05
  32   82 0.99
   7   91 0.92
  12  104 0.50
   0   70 0.97
  16   55 0.32
   8   41 0.16
  17   29 0.70
  33  112 0.07
  25   37 0.25
  23  123 0.41
  32  113 0.49
  32  113 0.99
  28   30 0.83
  10   99 0.07
   4   38 0.56
   9   64 0.88
  23   43 0.33
  16   66 0.89
  26  107 0.27
  15   63 0.84
  19   85 0.53
  16   53 0.08
   2  100 0.70
  17   38 0.40
   5   63 0.61
  24   85 0.19
   6   63 0.68
  17   90 0.04
  23  110 0.92
   4   91 0.42
   0   76 0.29
  15   33 0.00
  18   57 0.60
  16   29 0.36
   7   52 0.38
   5   92 0.43
  25   34 0.53
   3   18 0.12
  30   52 0.58
  12   69 0.42
  18   69 0.42
  23   44 0.18
  11   89 0.70

  21   65 0.97
   7   58 0.94
  30   78 0.10
  11   34 0.36
  29   99 0.82
  22   50 0.31
   6   85 0.33
  14   97 0.24
   0   34 0.99
  33   57 0.74
  30   60 0.23
  14   14 0.27
  18   84 0.81
  30   60 0.78
   4   36 0.24
   1   42 0.93
  22   22 0.85
  24  109 0.82
  11   90 0.70
  29   90 0.77
  26  113 0.18
  32   88 0.96
   7  100 0.38
  10  102 0.90
   7   18 0.75
   8   68 0.56
   7   48 0.31
  10   82 0.33
  22   59 0.79
  13   78 0.00
   6   16 0.12
  27   43 0.81
  21   78 0.71
  27   53 0.02
  22   76 0.41
  18  111 0.46
  33   68 0.87
   0   79 0.39
  28   72 0.56
  23  106 0.17
  27   30 0.95
  24   72 0.41
  24   79 0.12
  10   73 0.31
   4   17 0.60
   3   89 0.23
  31   46 0.29
  19   48 0.12
   9    9 0.78
   7    8 0.20
  26   73 0.17
  11   16 0.70
  16   41 0.20
  31  100 0.50
  19  105 0.20
   6   71 0.23
  16   77 0.86
  24   56 0.12
  13  109 0.11
  33   86 0.71
  33  120 0.46
  19   67 0.23
  23   89 0.47
  30   46 0.14
  20   42 0.69
  18   73 0.28
  27   46 0.95
  25  104 0.49
   2   53 0.79
   1   31 0.65
  31  132 0.89
   3    5 0.74
   0   15 0.50
  33   94 0.33
  19   68 0.70
  16   19 0.81
  21   64 0.00
  17  109 0.01
  20  106 0.19
   2   18 0.61
  14   19 0.31
   9   94 0.17
  25   97 0.89
  27  117 0.20
   0   63 0.21
  12   92 0.99
  18   72 0.60
   9   35 0.87
  30   40 0.35
  33   95 0.47
  32  124 0.06
  18   63 0.33
  10  104 0.25
  17   65 0.98
  14   70 0.02
   2   47 0.81
  28   83 0.71
  25  103 0.78
  14   27 0.18
  23   51 0.37

