4 30 4
6   10   2   2  10  16  16

  11   53 0.22
  16   17 0.68
   3   78 0.82
  14   73 0.24
  12   27 0.20
  11   73 0.80
  14   26 0.71
   2   45 0.55
   5   18 0.98
  25   25 0.89
  19   77 0.78
  21   35 0.08
  18   50 0.14
  24   83 0.11
  12   17 0.22
  23   54 0.76
  23   84 0.93
  11   79 0.84
   5   42 0.58
  13   28 0.22
  14   24 0.98
   0   51 0.79
   8   17 0.16
   0   67 0.58
  14   74 0.96
  20   31 0.90
   2    7 0.52
  23   52 0.01
   1   19 0.95
  19   64 0.65

   2   17 0.77
  11   36 0.01
  25   65 0.34
   2   78 0.53
   0   77 0.29
   6   44 0.86
   8   33 0.37
   3   26 0.31
  24   79 0.30
  24   44 0.78
  14   44 0.31
   1   29 0.42
   5   70 0.16
   6   14 0.14
  21   73 0.15
  18   74 0.35
   9   85 0.21
  15   49 0.41
  18   73 0.75
   3   12 0.43
  17   76 0.44
  11   21 0.69
   9   55 0.46
  17   20 0.28
   8   82 0.94
   8   60 0.31
  17   89 0.99
   7   49 0.60
   8   56 0.25
  11   55 0.22

  15   72 0.17
   2   37 0.74
  13   82 0.58
  24   59 0.12
  24  101 0.69
  25   59 0.43
  11   78 0.84
  14   59 0.84
   3    3 0.08
  14   33 0.37
   9   46 0.61
   9   69 0.71
   2   18 0.30
  10   22 0.41
  22   81 0.65
  12   59 0.69
  20   43 0.64
  25   28 0.15
  10   54 0.58
  17   92 0.79
  13   68 0.17
   5   33 0.89
   7   32 0.91
   3   54 0.99
  20   47 0.76
   6   47 0.60
  13   90 0.28
  25   72 0.15
  18   33 0.95
  25   26 0.91

  20   87 0.25
   2   50 0.61
  23   27 0.43
  19   49 0.76
   0   43 0.40
   3   11 0.82
   8   64 0.87
  11   30 0.52
   1   60 0.17
  24   34 0.45
  21   82 0.15
   8   57 0.85
  13   65 0.68
   5   53 0.31
  11   70 0.78
   5   43 0.02
  16   55 0.30
   3   18 0.18
  18   67 0.38
  21   59 0.60
  25   65 0.73
   4    5 0.57
  17   93 0.38
  16   21 0.83
   1    1 0.47
  21   37 0.17
  14   51 0.68
  11   19 0.43
  22   69 0.42
   5   22 0.56

  14   57 0.45
   6   35 0.20
  12   73 0.84
  20   45 0.58
  12   34 0.66
  17   91 0.38
   7   77 0.05
   3   41 0.50
  10   60 0.01
  13   60 0.77
  10   56 0.54
  10   19 0.82
   4   42 0.68
  23   96 0.24
   5   42 0.95
   3   70 0.57
  12   35 0.80
  12   87 0.53
  19   41 0.05
   4   58 0.56
  15   34 0.80
  14   63 0.69
  12   53 0.49
  19   38 0.47
  24   34 0.07
  17   39 0.25
  17   26 0.52
  16   31 0.10
   2   16 0.68
  12   21 0.73

   7   11 0.68
  25   92 0.41
  25   71 0.24
   3    9 0.34
  17   60 0.30
  11   18 0.99
   1   36 0.10
  17   69 0.93
  10   73 0.40
   2   50 0.21
   7   78 0.66
  25   63 0.94
   4   62 0.49
  20   96 0.26
  17   89 0.47
  25   69 0.98
   5   30 0.95
  17   22 0.86
  24   32 0.83
  15   19 0.02
  23   45 0.48
  20   92 0.67
  12   67 0.63
  19   68 0.76
  25   72 0.80
   8   12 0.90
   7   71 0.71
   5   73 0.95
  20   91 0.71
   4   25 0.91

