3 100 8
3   10  16   4

   9   27 0.51
  22   23 0.77
   9   25 0.63
  16   28 0.75
   5   26 0.84
  14   41 0.18
  10   48 0.26
  17   58 0.78
  10   50 0.87
   0   25 0.62
  28   72 0.60
  11   62 0.40
   0    3 0.89
  10   60 0.01
   4   24 0.66
  12   37 0.48
   5   36 0.85
  21   80 0.68
   0    1 0.21
   6    7 0.38
  21   64 0.12
  21   48 0.70
  11   57 0.57
  16   39 0.23
  18   53 0.86
  20   30 0.85
  10   46 0.69
  27   37 0.27
  20   24 0.49
   6    8 0.84
  27   42 0.68
   7   16 0.97
   6   25 0.69
  20   64 0.62
  30   62 0.54
  22   81 0.02
  11   72 0.80
  16   54 0.10
   6   64 0.48
  18   53 0.21
  24   52 0.19
   5   57 0.05
  27   85 0.84
  27   82 0.25
   1   55 0.44
  29   71 0.52
  11   45 0.45
  16   31 0.28
  19   61 0.94
   0   41 0.91
   4   46 0.01
  25   57 0.07
  30   74 0.59
   8   68 0.81
  11   43 0.20
  23   35 0.01
  30   32 0.77
  18   36 0.93
  18   58 0.28
  27   70 0.29
  27   81 0.54
  24   62 0.61
  12   14 0.58
  30   59 0.91
  28   73 0.04
  15   29 0.61
  12   20 0.80
   2   27 0.91
  11   47 0.16
  16   59 0.63
  13   29 0.12
   5   22 0.40
  22   42 0.46
   6   40 0.60
   1   15 0.33
  24   24 0.82
  10   68 0.78
  11   16 0.26
  20   48 0.63
   2   27 0.62
   7   36 0.25
  30   62 0.16
  29   88 0.56
  26   44 0.85
  30   31 0.58
  13   33 0.89
  13   35 0.92
  13   72 0.52
  13   38 0.55
  15   73 0.78
  26   36 0.12
  17   39 0.86
   6   30 0.71
  21   42 0.81
  27   52 0.03
  28   76 0.95
  27   75 0.45
  12   22 0.86
  21   68 0.46
  30   84 0.60

   3   35 0.97
  11   15 0.40
   3   53 0.50
  28   82 0.72
  25   63 0.05
  28   78 0.32
   2   24 0.02
   6   59 0.38
  14   67 0.15
  30   79 0.62
   5   56 0.85
   5   66 0.14
  18   74 0.74
  19   71 0.11
  17   20 0.86
  28   41 0.52
  12   58 0.94
  26   50 0.22
  12   39 0.78
   2   44 0.47
   4   49 0.80
  18   66 0.46
  12   54 0.30
  23   64 0.03
  14   62 0.90
  15   64 0.32
  18   70 0.53
  23   81 0.62
  25   46 0.27
   8   10 0.61
  28   72 0.10
   9   29 0.84
   6   21 0.58
  11   26 0.30
  22   36 0.02
   7   60 0.20
  25   57 0.15
  21   37 0.67
  21   35 0.81
  26   45 0.09
  16   31 0.78
  14   23 0.29
  10   28 0.84
   0    4 0.21
  11   60 0.20
  22   37 0.24
  29   51 0.46
   5   61 0.09
  24   31 0.87
  12   28 0.64
  14   64 0.22
  10   32 0.90
  15   61 0.65
  23   75 0.86
   8   33 0.80
  28   80 0.03
   4   43 0.99
   0   34 0.61
   7   47 0.66
   7   51 0.43
  15   51 0.39
  27   66 0.58
   2   58 0.94
  16   16 0.84
  28   42 0.68
   2   54 0.17
   5   34 0.49
  27   73 0.28
  22   82 0.81
  27   47 0.94
  12   33 0.49
  26   54 0.64
  12   59 0.88
  25   59 0.23
   2   59 0.02
  25   35 0.55
  14   24 0.55
  30   43 0.46
   3   26 0.18
  12   54 0.07
   6   56 0.52
   6   37 0.30
   7   65 0.08
  25   52 0.62
   2   37 0.38
  18   51 0.97
  15   29 0.88
   1   19 0.98
  12   48 0.55
  11   33 0.14
  29   35 0.76
   1   57 0.95
  26   85 0.48
  20   24 0.88
  28   56 0.04
  19   38 0.10
   7   30 0.26
   5   65 0.13
  26   86 0.13
  13   38 0.05

  19   60 0.19
  18   69 0.80
  20   75 0.74
   0    2 0.90
  17   50 0.32
  11   41 0.32
  19   26 0.61
  27   42 0.22
  28   51 0.56
  21   22 0.15
  22   70 0.74
  24   29 0.51
  13   48 0.10
  23   76 0.65
  23   64 0.97
   4   55 0.06
  14   46 0.74
  19   19 0.21
  30   38 0.68
  17   28 0.21
   1   54 0.10
  29   89 0.25
   4   22 0.21
   1   11 0.44
  30   72 0.71
  28   79 0.13
   9   42 0.42
   2   25 0.25
  24   37 0.33
  27   82 0.94
  12   42 0.55
  16   31 0.34
  26   29 0.64
  18   68 0.79
  28   41 0.17
  16   21 0.27
   3   17 0.67
  15   17 0.76
  24   68 0.20
  16   63 0.68
  26   26 0.15
   2   21 0.77
  18   38 0.40
   3   52 0.32
  26   65 0.72
  23   58 0.74
  13   57 0.51
   0   53 0.38
  18   30 0.30
   3   52 0.48
  18   66 0.58
  18   67 0.87
  16   21 0.51
  14   30 0.95
  24   40 0.15
  30   39 0.20
   6   19 0.75
  21   32 0.67
  28   32 0.30
  28   58 0.82
  24   36 0.53
  16   71 0.27
  30   76 0.80
  28   34 0.32
  22   75 0.64
  17   33 0.49
  11   58 0.60
   8   53 0.03
  27   29 0.09
   4   55 0.34
  17   75 0.10
   2    5 0.72
  22   47 0.07
   1   35 0.25
  11   41 0.69
  21   37 0.62
  19   63 0.55
   8    8 0.54
   4   47 0.12
   4   27 0.46
  16   43 0.14
  30   74 0.43
   0   25 0.89
  20   33 0.00
  30   58 0.63
  26   66 0.84
   5   30 0.13
  23   54 0.23
  26   76 0.41
  26   73 0.66
   8    9 0.50
  23   36 0.83
   3   56 0.17
  24   79 0.10
   5   21 0.94
   8   22 0.85
  29   67 0.53
  26   82 0.63
   7   15 0.80
  15   37 0.99

