3 40 8
6   10  20   4   2  10   4

  34   60 0.74
   7   43 0.40
  27   31 0.95
  31   51 0.43
  25   65 0.59
  40   50 0.57
  38   73 0.50
   2   10 0.53
  36   68 0.68
  20   53 0.58
  12   29 0.58
  27   54 0.74
  35   48 0.81
  36   73 0.09
  20   30 0.86
  30   64 0.18
  22   51 0.60
  11   33 0.89
  24   51 0.19
  34   67 0.22
   1   22 0.72
  40   55 0.86
   2   35 0.73
  39   74 0.92
  26   63 0.99
  22   50 0.03
  17   23 0.54
  28   50 0.19
  13   21 0.22
  37   46 0.86
   9   10 0.87
  34   68 0.33
  28   62 0.71
   7   27 0.94
  32   35 0.70
   1    3 0.70
  39   79 0.46
   4   38 0.90
  30   60 0.11
  18   36 0.64

   4   37 0.25
  38   48 0.93
  27   42 0.37
  23   41 0.72
  18   34 0.06
   3   14 0.00
  13   44 0.59
  39   77 0.03
  19   34 0.85
   4   24 0.00
  34   60 0.67
   7   29 0.29
  35   66 0.11
  21   60 0.17
  22   38 0.26
   0   16 0.48
  27   36 0.63
  34   40 0.06
  16   41 0.34
  30   65 0.25
   8   30 0.14
  26   59 0.38
  38   68 0.40
  34   63 0.99
  30   62 0.30
  22   26 0.94
  27   52 0.12
  10   40 0.72
  30   39 0.67
  37   77 0.25
  28   35 0.27
  39   55 0.96
   0   11 0.27
  19   22 0.53
  39   72 0.91
  29   66 0.43
   7   22 0.67
  30   63 0.27
   9   42 0.53
  36   48 0.71

  22   50 0.53
  27   40 0.97
   6   15 0.98
   2   11 0.71
   5    7 0.07
  40   45 0.73
   5   41 0.63
   6   14 0.46
   4   44 0.36
   3   26 0.05
  38   63 0.12
   0   17 0.35
  37   58 0.54
  30   69 0.90
  12   35 0.02
  20   52 0.36
  25   42 0.20
  34   39 0.42
  11   22 0.75
  10   15 0.36
  21   31 0.49
  31   53 0.13
  27   61 0.42
  24   29 0.46
   5   14 0.85
  24   25 0.42
  25   47 0.95
  19   20 0.63
  27   44 0.11
  31   40 0.65
   4   26 0.09
   6   41 0.95
  28   44 0.95
  23   53 0.65
  33   48 0.54
  12   21 0.19
  16   54 0.01
   9   20 0.00
  35   55 0.90
  24   50 0.05

  19   50 0.46
   6   19 0.38
  24   60 0.67
   1   30 0.97
  40   68 0.49
  28   54 0.61
  20   30 0.89
  12   38 0.24
  22   34 0.05
   8   13 0.96
  25   27 0.82
  27   48 0.54
  39   66 0.73
  11   15 0.23
  30   70 0.28
  29   36 0.24
   9   41 0.44
  22   47 0.24
  29   32 0.28
   9   10 0.10
  29   46 0.99
   8   20 0.08
   7   18 0.53
  13   29 0.62
   6    6 0.44
  39   67 0.11
  30   39 0.78
  30   36 0.53
   9   33 0.76
  22   62 0.52
  17   36 0.73
  25   50 0.02
  23   37 0.88
  19   43 0.31
  23   47 0.17
  32   62 0.24
  26   41 0.15
  37   38 0.81
  24   58 0.45
  31   66 0.95

  21   33 0.48
  34   54 0.49
  23   40 0.01
   9   43 0.55
  16   46 0.98
   7   20 0.32
  15   19 0.77
  35   47 0.00
  14   54 0.79
  39   69 0.22
  18   39 0.16
   9   11 0.70
   7   36 0.10
   3   40 0.54
  19   31 0.75
  17   17 0.16
  12   29 0.63
  12   23 0.73
  34   46 0.26
  36   65 0.50
  19   43 0.69
  24   29 0.30
  11   17 0.98
  18   28 0.27
  37   71 0.18
  33   44 0.41
  33   67 0.57
   6   10 0.35
  38   73 0.58
  28   65 0.56
  35   37 0.66
  13   47 0.70
  18   47 0.81
   6   27 0.85
  21   41 0.40
  31   51 0.02
   0   22 0.37
  24   45 0.62
  31   42 0.73
  12   38 0.94

   2   35 0.35
  18   58 0.61
  24   40 0.54
  36   72 0.94
  21   27 0.69
   2   34 0.52
  16   25 0.17
  40   50 0.53
   7   12 0.49
  12   19 0.17
  38   48 0.91
  12   45 0.29
  26   58 0.32
  39   75 0.10
  27   39 0.15
   1   24 0.98
  26   34 0.66
  18   43 0.19
   3   29 0.51
   2    2 0.18
  24   38 0.59
  23   62 0.71
  30   68 0.12
   9   42 0.88
  12   37 0.65
  38   76 0.16
  21   42 0.80
  20   44 0.31
  17   27 0.13
  33   51 0.13
  22   45 0.24
  22   59 0.80
  37   41 0.52
  38   48 0.90
   4   33 0.14
  16   40 0.39
  39   47 0.52
  38   77 0.58
  36   41 0.17
  29   58 0.90

