5 15 4
12   10   2  10   4   4   4   4  10   4   4  20   2

  21   51 0.58
  11   12 0.90
  11   37 0.63
  14   36 0.79
  17   31 0.50
  26   33 0.81
  17   25 0.93
   3   40 0.12
  26   51 0.52
  10   23 0.12
   9   19 0.54
   6   24 0.56
  10   48 0.47
  21   47 0.02
   8   18 0.29

  17   44 0.76
   7   45 0.95
  28   63 0.21
  28   35 0.87
   4    7 0.08
   3   20 0.66
  12   21 0.87
   4    7 0.60
  21   47 0.10
   0    4 0.57
  14   14 0.12
  22   47 0.41
   5   36 0.64
  16   56 0.14
  12   15 0.89

  28   45 0.04
   4   36 0.86
  11   53 0.82
  20   38 0.80
  26   54 0.03
  10   33 0.52
  26   63 0.30
  25   37 0.59
  14   32 0.05
  13   52 0.18
  23   58 0.54
  19   25 0.10
  10   45 0.06
  19   31 0.53
  15   57 0.99

  14   31 0.38
   6   41 0.85
  14   36 0.10
   7   14 0.72
  23   57 0.46
  28   29 0.47
   4    4 0.85
   4   32 0.36
   8   37 0.16
  23   55 0.37
   7   35 0.64
   8   37 0.20
  15   27 0.36
  19   55 0.59
  19   44 0.07

  15   36 0.53
  28   35 0.55
  12   16 0.92
  18   27 0.67
  26   33 0.23
   3   32 0.67
   5   43 0.21
   4   36 0.02
  17   49 0.29
  18   60 0.41
  17   27 0.09
  10   43 0.82
  28   31 0.79
  28   33 0.31
  23   39 0.76

  22   22 0.34
  24   59 0.50
  26   39 0.27
  25   44 0.71
  24   56 0.91
  10   52 0.11
  18   36 0.24
  14   25 0.15
   5   18 0.55
   8   45 0.56
  18   30 0.52
  14   32 0.98
  14   15 0.55
   9   38 0.86
  27   46 0.63

  10   24 0.79
  20   34 0.63
  23   65 0.10
  16   18 0.70
  11   21 0.29
  14   49 0.71
  28   67 0.25
   9   45 0.78
  24   44 0.66
   8   47 0.23
  21   34 0.14
   7   24 0.86
   6    9 0.33
  10   36 0.90
  23   28 0.15

  12   37 0.58
   2   30 0.64
   6   30 0.23
   4   26 0.87
  18   35 0.90
   2   39 0.14
  28   42 0.12
  10   46 0.15
  27   61 0.99
  10   36 0.41
   7   25 0.16
   9   35 0.83
  24   41 0.84
  28   55 0.11
   6    8 0.83

  16   48 0.51
  25   52 0.40
   9   15 0.14
  13   38 0.39
  28   68 0.25
  23   30 0.63
   3   26 0.00
   4   31 0.50
   7   27 0.85
  17   17 0.74
  16   41 0.57
  12   17 0.14
   4   22 0.42
  13   29 0.43
  16   35 0.52

   2   39 0.91
   2   17 0.35
   1   33 0.04
   9   20 0.28
  12   17 0.80
  16   52 0.07
  17   38 0.31
  14   51 0.19
  11   37 0.51
   4   35 0.41
  22   57 0.46
  27   57 0.71
  13   23 0.35
  19   20 0.87
  24   38 0.12

  25   66 0.55
   1   18 0.72
  27   69 0.31
  26   29 0.16
  18   45 0.69
  27   35 0.19
  26   43 0.11
   1   32 0.45
  18   50 0.34
   0    8 0.16
   1   29 0.86
  23   61 0.82
  19   40 0.01
   5   44 0.78
  17   36 0.51

  10   39 0.03
  21   59 0.83
   7   24 0.54
  21   52 0.34
   6   29 0.52
  22   24 0.55
   3   12 0.77
  19   27 0.36
  11   20 0.01
  15   24 0.70
  13   23 0.50
   6   16 0.67
  21   27 0.78
  13   29 0.78
   1   36 0.88

