4 20 4
12   16   2  10  16   2   4   2   4  16  16  20   4

  84   84 0.90
   3   19 0.68
  43   46 0.69
   5   28 0.74
 101  126 0.71
  72   87 0.53
  25   36 0.34
  51   57 0.13
  69   76 0.66
 104  126 0.52
  94   97 0.57
  65   81 0.59
  86   95 0.45
  89  102 0.17
  99  116 0.29
  75   80 0.80
  62   76 0.97
  52   73 0.05
  18   46 0.73
  20   30 0.62

  67  101 0.86
 101  117 0.24
  20   37 0.83
  12   20 0.41
  65   97 0.21
  48   80 0.16
  91  106 0.03
  25   42 0.56
  39   45 0.75
 103  117 0.69
  11   35 0.56
  68   96 0.80
  68   82 0.04
   3   27 0.24
  16   40 0.19
  62   72 0.74
  48   82 0.28
 100  101 0.40
  53   73 0.39
  13   18 0.34

  38   50 0.17
   4   19 0.50
  89  110 0.40
  52   81 0.77
  48   82 0.45
  91  102 0.07
  26   44 0.23
  98  117 0.35
  36   55 0.69
  29   30 0.52
  99  120 0.66
  61   68 0.85
  36   70 0.55
   1    8 0.62
  46   61 0.77
  33   66 0.65
  32   48 0.20
  16   38 0.92
  33   60 0.92
  48   62 0.09

  21   21 0.21
  10   27 0.53
  68   85 0.66
  71   89 0.21
  71  103 0.96
  49   81 0.84
   0   10 0.78
   0   10 0.31
  94   94 0.49
  27   56 0.94
  46   66 0.24
  15   39 0.95
   1    4 0.90
  97  122 0.78
  33   46 0.82
   1   30 0.03
   8   16 0.75
  25   59 0.87
  26   27 0.64
 103  124 0.00

  80   91 0.82
 101  129 0.68
 102  117 0.20
  15   44 0.79
  40   59 0.39
   2    8 0.87
  22   44 0.75
  82   99 0.10
  71   76 0.90
  30   47 0.70
   7   17 0.28
 100  108 0.73
  39   55 0.30
  11   44 0.22
  80   81 0.91
  20   26 0.00
  39   69 0.12
  46   77 0.93
  40   42 0.09
  65   98 0.95

  64   95 0.15
  53   64 0.44
  67  101 0.80
 103  115 0.58
  58   68 0.11
  98  118 0.69
  56   65 0.59
 104  130 0.13
  72   83 0.47
  40   52 0.09
  59   91 0.06
  80   98 0.09
  28   31 0.09
   2    4 0.44
  70   97 0.00
  55   69 0.59
   9   41 0.20
  36   46 0.55
  87  118 0.04
  20   30 0.52

  61   61 0.96
  46   51 0.79
   8   34 0.68
  98  107 0.51
  58   73 0.60
  72   80 0.38
  78   97 0.73
  49   82 0.15
  87  105 0.54
 101  126 0.27
  30   47 0.06
  40   61 0.21
  87  105 0.73
  60   75 0.69
  36   36 0.41
  65   86 0.77
  69   81 0.55
   9   17 0.86
  61   93 0.38
  23   56 0.31

  89  122 0.42
 100  100 0.44
  31   56 0.82
   3   33 0.48
  80   86 0.76
  85  111 0.09
  94   98 0.92
   7   33 0.85
  54   76 0.85
   0   10 0.00
  72  103 0.05
   3   28 0.23
  45   64 0.24
   4   38 0.51
  42   55 0.61
  53   81 0.80
  26   26 0.77
   1   22 0.42
  80   84 0.69
  67   92 0.13

  12   26 0.42
  52   68 0.61
  80  108 0.55
   3   25 0.05
  43   64 0.79
  97  106 0.94
  81  103 0.53
  97  127 0.62
  66   66 0.19
  19   30 0.58
  33   40 0.20
  10   12 0.81
  84  116 0.07
  88  115 0.72
  56   86 0.04
  44   58 0.99
  23   38 0.33
  25   27 0.54
  46   63 0.16
  94  119 0.24

  45   73 0.86
   1    1 0.71
  61   73 0.66
  49   62 0.79
  60   76 0.16
  37   43 0.13
  73  100 0.54
  45   72 0.41
  67   95 0.84
  23   43 0.29
  67   87 0.78
  81   84 0.07
  82   90 0.14
  61   92 0.03
  28   32 0.05
 104  115 0.83
   1   33 0.21
  63   88 0.95
  67  100 0.09
  44   64 0.15

  60   64 0.85
  95  120 0.48
  31   45 0.34
  76   91 0.99
  85  106 0.63
  30   64 0.99
   1   27 0.95
  16   21 0.96
   6   27 0.12
  21   36 0.68
  75   99 0.86
  96  116 0.18
  36   58 0.48
  81   97 0.71
  32   51 0.47
  51   79 0.68
  97  126 0.64
  29   60 0.26
  36   47 0.90
  33   37 0.58

  69   92 0.50
 102  107 0.37
  18   21 0.82
  35   60 0.23
  47   48 0.00
  28   51 0.26
  26   42 0.68
  69  100 0.35
  13   22 0.92
  87  118 0.95
  56   56 0.41
  66   99 0.30
  53   67 0.55
  55   70 0.49
  73   89 0.98
  15   23 0.61
  66   66 0.64
  57   63 0.02
  35   66 0.89
  23   32 0.69

