4 80 8
3   16  10  10

  31   46 0.41
  61   78 0.23
  29   44 0.64
  10   31 0.75
   4   20 0.16
  14   25 0.61
  15   29 0.55
  48   68 0.70
   5   21 0.79
  44   63 0.84
  41   57 0.99
  51   71 0.94
  65   69 0.17
  36   41 0.97
  66   72 0.39
  64   77 0.61
  40   56 0.14
  53   57 0.04
  20   36 0.71
  41   42 0.39
  32   35 0.38
  26   32 0.30
  57   66 0.28
  53   74 0.28
  55   76 0.17
  62   82 0.99
  17   27 0.28
  55   65 0.85
  25   39 0.63
  38   57 0.85
  18   30 0.06
  11   29 0.72
  56   59 0.24
  48   52 0.62
  66   82 0.70
  15   31 0.91
  35   48 0.85
  50   58 0.94
  21   25 0.43
  63   74 0.04
  35   35 0.35
   6   17 0.39
  16   32 0.04
  66   76 0.46
  11   18 0.76
  48   63 0.17
  19   36 0.61
  43   60 0.70
  62   67 0.12
   0    0 0.37
   2    5 0.07
  28   36 0.83
  63   82 0.42
  22   34 0.59
  33   40 0.78
  21   29 0.47
  39   42 0.99
  58   65 0.32
  47   49 0.02
  38   59 0.24
  13   32 0.75
   6   13 0.67
   1   14 0.96
  35   36 0.10
  61   80 0.74
   4    8 0.87
  19   20 0.09
  48   60 0.90
   2    4 0.05
  24   33 0.84
   8   16 0.09
  21   39 0.58
  12   16 0.97
  14   16 0.31
  48   69 0.25
   3   10 0.22
  14   14 0.15
  59   75 0.00
  65   66 0.81
  43   50 0.83

   8   20 0.54
  56   68 0.69
  33   39 0.84
  43   48 0.66
  40   51 0.12
  59   63 0.29
  21   39 0.13
  26   39 0.39
  32   43 0.64
  17   25 0.08
  57   70 0.44
  60   79 0.47
  33   36 0.68
  14   26 0.89
  47   54 0.40
  13   16 0.11
  59   71 0.81
  22   31 0.70
  28   28 0.26
  60   80 0.38
   0    5 0.16
  62   74 0.72
   5   12 0.34
  52   55 0.45
  17   17 0.26
  26   44 0.03
  45   47 0.01
  34   50 0.01
   5    5 0.84
  61   67 0.42
  27   44 0.20
  55   68 0.34
  19   39 0.79
  35   47 0.22
  32   37 0.87
  52   54 0.14
  46   50 0.50
  20   29 0.04
  30   50 0.64
  43   57 0.44
   3    3 0.38
  47   65 0.45
  50   71 0.85
  59   78 0.69
  17   24 0.02
  40   40 0.22
  52   54 0.27
  17   20 0.27
  28   29 0.36
  23   32 0.24
  62   71 0.13
  20   35 0.84
  22   41 0.10
  20   26 0.81
  54   62 0.69
  43   52 0.33
  41   48 0.20
  26   42 0.07
  18   24 0.93
  62   75 0.37
  62   62 0.85
  21   33 0.64
  58   69 0.97
  31   33 0.56
  66   73 0.69
  26   33 0.94
  21   41 0.47
  15   35 0.64
  36   49 0.47
  54   67 0.04
  42   46 0.31
   3   16 0.97
  25   44 0.59
   7   10 0.27
  33   46 0.09
  45   55 0.83
  56   67 0.93
  46   66 0.63
  26   45 0.72
  18   38 0.69

  16   37 0.38
   9   20 0.28
  54   70 0.41
  31   36 0.56
  60   79 0.75
  62   68 0.55
  42   51 0.59
  44   64 0.58
  48   63 0.85
  13   19 0.28
  59   62 0.41
  65   72 0.96
   6    7 0.84
  34   38 0.66
  46   48 0.65
  32   33 0.45
  44   62 0.43
  13   20 0.85
  47   68 0.81
  34   36 0.64
  42   58 0.14
  20   22 0.34
  59   63 0.80
  22   38 0.64
  28   37 0.37
  30   33 0.40
  54   62 0.50
  28   46 0.29
  40   56 0.85
  54   56 0.23
  49   59 0.96
  28   40 0.14
  21   40 0.97
   1    1 0.03
  33   52 0.03
  62   75 0.90
  49   69 0.19
  20   26 0.94
  54   61 0.87
  11   13 0.12
  58   73 0.35
   5   19 0.20
  31   40 0.00
  21   24 0.91
   6   24 0.32
  39   51 0.74
   1   11 0.07
  14   33 0.20
  12   29 0.97
  59   70 0.61
  49   58 0.53
  14   14 0.42
  41   41 0.25
  33   44 0.85
  56   60 0.04
  31   46 0.67
  42   58 0.22
  19   31 0.42
  51   63 0.85
  21   31 0.59
   3   16 0.07
  58   65 0.70
   3   24 0.83
  18   27 0.98
  33   51 0.60
  39   49 0.00
  56   65 0.02
   8    8 0.02
  10   15 0.79
  25   39 0.15
  37   47 0.63
  16   29 0.51
  55   71 0.92
  40   51 0.45
  14   22 0.74
  37   46 0.10
  39   54 0.73
  35   46 0.30
  56   59 0.72
  33   39 0.35

