4 40 4
6   10  10  20  20  16  20

   7   10 0.03
  81   96 0.25
  94  108 0.27
  61  114 0.34
  50   86 0.34
  21   41 0.12
 116  144 0.08
  11   45 0.89
  28   29 0.00
   4   13 0.10
 107  119 0.65
   3    7 0.11
  73   85 0.48
  29   45 0.30
  80   94 0.18
 112  144 0.28
  11   68 0.09
   0    2 0.15
  86  125 0.56
 105  110 0.89
  86  140 0.35
  89   94 0.68
   8   28 0.20
  18   23 0.27
  65   71 0.99
 118  169 0.86
  56   98 0.79
  36   42 0.99
  10   33 0.66
  29   30 0.04
  55  101 0.92
 106  151 0.97
   2   40 0.83
  97  149 0.29
  37   96 0.79
  54   92 0.95
  27   62 0.81
  15   50 0.68
  10   60 0.95
  52   84 0.02

  46   63 0.37
 116  169 0.08
  77   95 0.67
   5   48 0.45
  57   63 0.65
 106  163 0.87
 117  121 0.84
 111  154 0.44
  80  115 0.17
  35   73 0.79
  14   31 0.07
  90  149 0.71
  58  101 0.66
  53   64 0.90
 117  131 0.45
   7   49 0.17
  31   41 0.87
 111  158 0.27
 119  146 0.38
 109  162 0.24
 112  144 0.26
   2   43 0.13
  54   81 0.30
  76  118 0.41
  79  129 0.08
   4    8 0.13
  44   47 0.26
  38   62 0.30
 104  110 0.29
  26   64 0.62
   4   50 0.60
  59   78 0.06
 119  177 0.22
 100  121 0.39
 102  102 0.69
  28   37 0.53
  19   62 0.16
  30   71 0.11
  59  109 0.02
  66   71 0.09

  26   33 0.29
 116  167 0.64
   2   47 0.08
  48   59 0.85
  38   96 0.29
  69  114 0.18
  42   92 0.11
   6   62 0.48
  96  140 0.31
  52  100 0.10
  40   65 0.98
  16   60 0.60
  11   14 0.19
   3   30 0.91
  50   83 0.33
  55   61 0.81
 108  111 0.30
  41   94 0.48
  19   65 0.39
 110  141 0.15
  72  102 0.12
  70  119 0.18
  89  121 0.94
   8   50 0.87
  94  131 0.43
  20   56 0.59
  30   46 0.72
  48   58 0.57
  14   56 0.78
  64  119 0.32
 115  172 0.99
  74   87 0.82
  97  134 0.79
  66  100 0.79
  59  104 0.31
  41   73 0.49
  66   71 0.83
  66  107 0.65
  94  130 0.55
  64   99 0.62

  44   79 0.45
   5   30 0.50
  99  103 0.42
  12   14 0.02
  61  118 0.59
  38   62 0.69
  51   69 0.51
  18   38 0.84
   2   12 0.61
 112  121 0.58
  91  144 0.55
  70  110 0.52
  85  115 0.76
  90   92 0.65
  74  130 0.05
  28   29 0.78
  76   76 0.78
  60  116 0.09
  91   96 0.07
   3   58 0.14
  91  108 0.65
  66   79 0.49
   4   35 0.84
 110  129 0.66
 108  159 0.21
  87  118 0.26
 112  140 0.14
 117  147 0.48
  53   57 0.58
  29   34 0.42
  73   89 0.56
  28   33 0.45
  74   75 0.39
  26   35 0.16
 113  170 0.82
  90  146 0.01
 116  153 0.64
  69  101 0.15
  50   57 0.49
 118  123 0.95

  73  104 0.33
 112  134 0.87
  91  117 0.10
  85  119 0.03
  53   84 0.68
  97  108 0.98
  94  116 0.87
  31   76 0.19
 113  132 0.28
  28   79 0.52
  55   86 0.39
  51   58 0.72
  34   35 0.67
 100  153 0.31
 103  117 0.12
 103  127 0.14
  44   96 0.69
  26   44 0.60
 105  139 0.22
  45   75 0.90
  16   68 0.57
 116  133 0.97
 107  125 0.83
  11   15 0.98
  91  149 0.76
  67   84 0.62
  41   87 0.04
  98  110 0.36
  33   49 0.28
 102  125 0.66
 102  127 0.74
  34   49 0.02
  97  122 0.71
  67   79 0.68
  67  109 0.71
  36   77 0.62
 113  133 0.16
  64  110 0.54
  13   52 0.77
  96  141 0.66

  69   75 0.21
   4   26 0.69
  65  115 0.99
  96  122 0.43
   3   31 0.82
  12   60 0.85
  34   54 0.92
   5   48 0.54
  58  104 0.90
  67   82 0.22
 102  157 0.26
  73   96 0.82
  83  108 0.24
  81  108 0.51
  21   63 0.16
  44   83 0.28
  31   83 0.11
  64  113 0.62
 107  163 0.17
  91  123 0.16
   3   17 0.17
  99  124 0.97
 111  153 0.26
  95  115 0.05
   9   18 0.89
 112  153 0.48
 116  170 0.38
  18   51 0.79
   9   43 0.16
 112  121 0.68
 111  144 0.98
  88  106 0.19
  87  131 0.73
  61   90 0.58
  58   64 0.16
 115  116 0.66
 117  135 0.80
 115  125 0.19
  87  118 0.76
  15   55 0.90

