4 80 4
3    2  10   4

  38   86 0.33
  29   70 0.08
  23   26 0.40
  28   61 0.22
  16   20 0.64
   5   46 0.66
   4   55 0.66
  34   43 0.10
  39   94 0.53
  26   63 0.21
   7   47 0.02
  24   71 0.36
   7   23 0.40
  27   72 0.12
  10   14 0.38
   7   22 0.67
  36   60 0.15
  21   21 0.89
  24   77 0.01
  35   73 0.83
  32   88 0.19
  31   88 0.98
   1   41 0.06
   6   32 0.14
  10   36 0.57
  35   83 0.77
  34   50 0.82
  32   39 0.66
  26   83 0.04
  14   48 0.63
  12   57 0.58
  14   42 0.05
  26   48 0.48
  19   44 0.87
   4   31 0.55
  10   59 0.64
   8   50 0.91
  12   56 0.32
  28   66 0.97
  28   55 0.68
  26   54 0.00
   1   38 0.61
  33   33 0.29
   6   56 0.31
   9   38 0.33
  38   38 0.64
   4    9 0.01
  21   75 0.62
   1    8 0.54
  23   54 0.62
  13   71 0.93
  38   54 0.15
   8   28 0.91
  31   46 0.76
  29   85 0.64
  39   80 0.61
  21   57 0.13
  25   80 0.53
  26   41 0.09
  31   74 0.82
  35   35 0.13
  29   47 0.83
  17   56 0.31
  31   90 0.77
   7   15 0.56
  31   81 0.51
  31   81 0.74
  10   62 0.88
  30   48 0.79
  11   42 0.86
   9   63 0.72
  26   44 0.67
  35   39 0.65
  29   61 0.60
  29   62 0.50
  36   50 0.34
  16   64 0.13
  39   51 0.22
  17   23 0.75
  30   86 0.48

  11   29 0.26
  12   52 0.79
  19   69 0.42
  24   41 0.33
   3    5 0.76
  20   73 0.31
  33   52 0.06
  32   46 0.26
   3   46 0.53
  32   89 0.28
  18   30 0.23
  34   91 0.78
  22   54 0.45
  23   64 0.85
  28   45 0.07
  14   45 0.71
   3    4 0.10
  17   34 0.88
  31   43 0.74
  11   52 0.10
  12   41 0.91
  36   94 0.74
   3    8 0.67
  13   20 0.76
   2   43 0.26
  36   63 0.09
  30   53 0.67
  10   13 0.09
  36   83 0.51
  16   47 0.46
   0    8 0.46
  34   76 0.13
   0   37 0.11
  18   36 0.12
   3    8 0.51
  23   23 0.53
   1    9 0.69
   6   53 0.68
  13   45 0.48
  26   67 0.60
   2   55 0.33
  22   56 0.98
  25   66 0.40
  32   91 0.71
  17   74 0.23
  37   83 0.96
  22   26 0.64
  37   43 0.09
   8   43 0.49
  26   58 0.53
  37   83 0.92
  22   43 0.50
   8   10 0.55
  38   83 0.63
  33   84 0.33
  36   62 0.57
  16   21 0.82
  16   60 0.69
   2   56 0.10
  39   39 0.57
  37   52 0.91
  24   44 0.39
  10   59 0.84
   1   25 0.06
  26   69 0.10
  11   48 0.71
  37   84 0.22
  36   70 0.03
  18   54 0.03
   6   59 0.77
  35   47 0.13
  29   86 0.66
  35   79 0.59
  38   60 0.18
  32   80 0.72
  35   92 0.83
  22   24 0.11
  22   75 0.65
  14   45 0.59
   2   26 0.30

  29   49 0.01
  33   45 0.34
  33   44 0.22
  12   23 0.40
  12   23 0.40
  18   30 0.67
  19   26 0.71
  25   31 0.63
  19   25 0.85
  17   38 0.95
  34   85 0.04
  29   50 0.56
  27   51 0.49
  24   71 0.57
  23   82 0.35
  26   43 0.29
  32   33 0.74
  22   23 0.53
   8   13 0.82
  31   70 0.48
  38   53 0.13
  19   42 0.62
  17   51 0.38
  17   76 0.78
   7   56 0.97
  13   14 0.80
  14   71 0.90
   1   25 0.79
  36   61 0.73
  34   55 0.55
  13   55 0.28
   5   11 0.02
  26   67 0.43
  30   36 0.84
  10   38 0.57
  10   14 0.81
  15   33 0.49
  30   37 0.78
  10   23 0.53
   2   38 0.03
  21   25 0.08
   5   53 0.80
  37   54 0.37
  34   82 0.24
  38   68 0.74
  23   39 0.70
   6   40 0.55
  30   68 0.43
   2   33 0.75
   4   38 0.65
  13   55 0.54
  16   50 0.62
   5   37 0.71
  14   35 0.11
  15   17 0.07
  22   68 0.51
  12   52 0.59
  21   52 0.42
   4   54 0.63
  35   58 0.64
   2   54 0.46
   2   34 0.43
  34   84 0.51
   8   47 0.13
   6   44 0.74
  26   31 0.55
   0   48 0.52
   3   27 0.51
  33   45 0.54
  28   78 0.78
  14   67 0.03
  32   83 0.75
  13   42 0.74
  38   49 0.80
  27   63 0.88
   7   53 0.51
  39   60 0.85
  13   24 0.63
   8   24 0.18
   5    7 0.01

