3 50 4
6   10  10  10   2  10   4

  37  158 0.18
  74   95 0.54
  85  108 0.96
  36  164 0.21
  64  127 0.86
  93  117 0.43
  30   51 0.10
  10   45 0.92
  19   40 0.39
  45  112 0.63
  35   38 0.64
  81  114 0.43
  26  167 0.52
  78  191 0.88
  60  128 0.62
  94  142 0.23
   6   93 0.26
  65   65 0.16
  47   70 0.17
  83  188 0.84
  55  148 0.90
  47  181 0.32
  38   88 0.07
  65  133 0.08
  64   84 0.26
  66  203 0.60
  72  119 0.44
  45   88 0.94
  62  106 0.08
   4   25 0.16
  91  104 0.83
  67   76 0.39
  42  181 0.02
  34   98 0.94
  15   69 0.45
  85  112 0.54
  93  186 0.43
  18   38 0.37
  41   60 0.04
  43  142 0.92
  13  109 0.09
  85  126 0.00
  34   66 0.86
  19   32 0.66
  13  129 0.52
  72  124 0.70
  44   80 0.99
  13  121 0.94
   2   17 0.13
   7   50 0.56

  39  149 0.69
  44  177 0.11
  16   52 0.75
  36  167 0.04
  93  196 0.55
  64  117 0.20
  57  141 0.90
  34  112 0.17
  11   75 0.04
  79  214 0.11
   3  134 0.25
  14   52 0.79
  74  108 0.49
  38   52 0.54
  29   97 0.79
  54  188 0.57
  76  195 0.72
  47  176 0.01
  84  128 0.77
  92  176 0.16
  15  134 0.43
  43  129 0.74
  22  105 0.62
  13  141 0.06
  24  135 0.93
   0  107 0.50
   4  112 0.41
  79  162 0.83
  53   82 0.83
  72  121 0.81
  28  111 0.46
  68  101 0.56
  84  214 0.39
  33  132 0.29
  49   80 0.11
  17  142 0.45
  15  125 0.16
  34   54 0.01
  85  112 0.38
   1   37 0.15
  30  110 0.33
  52  172 0.20
  82  222 0.09
  86  223 0.22
   8  130 0.74
  20   36 0.04
  66  144 0.53
  64  175 0.75
   6   91 0.19
  82  103 0.11

  49   89 0.10
  83  103 0.02
  19   45 0.24
  32   86 0.01
  36   71 0.70
  34  127 0.30
  79  188 0.53
   0   29 0.99
  57  152 0.48
  67  179 0.54
  48  180 0.43
  79  186 0.56
  42  128 0.07
  43  177 0.55
  73  145 0.67
  24   49 0.33
  19   70 0.44
   1  102 0.61
  21   65 0.59
  55  191 0.73
  72  108 0.04
  93  153 0.63
  23  131 0.14
  88  192 0.22
  81  179 0.22
  73  130 0.05
  30  148 0.11
  30  145 0.69
  93  188 0.52
  27   99 0.69
  63  191 0.88
  79  197 0.64
  26  134 0.36
  61  178 0.82
  93  115 0.90
  58  156 0.15
  79  126 0.65
   4  107 0.40
   6   85 0.01
  22  137 0.76
  55  171 0.09
  65  205 0.04
  61  125 0.23
   8   48 0.31
  71  197 0.38
  60   69 0.49
  41  174 0.26
   4  133 0.85
  14  126 0.20
  86  165 0.92

  94  220 0.35
  74  208 0.98
  71  107 0.82
  92  119 0.88
  25  126 0.67
  43  167 0.81
  82  203 0.05
   5  145 0.89
  67  199 0.95
  76  193 0.35
  27   57 0.28
  21   89 0.74
  58   97 0.51
  22   94 0.68
  58  108 0.57
  58  143 0.13
   8  132 0.67
  51  150 0.34
  86  164 0.67
  13  109 0.90
  62  160 0.02
  50  173 0.10
  76  147 0.97
   0   78 0.35
  20  162 0.14
  63   93 0.69
   1  104 0.69
  70  163 0.87
  58  165 0.52
  51  162 0.39
  45   53 0.29
  51   99 0.12
  43  174 0.13
  84  211 0.54
  49   84 0.18
  91  102 0.38
  12   86 0.05
  50  138 0.52
  66  144 0.35
  71  101 0.05
  62   72 0.43
  87  155 0.37
  31   71 0.93
  70   86 0.82
  41   61 0.13
  87  187 0.23
   9  108 0.51
  86  138 0.58
  68  135 0.28
  66  118 0.59

  16   39 0.88
  58  136 0.90
  43   43 0.55
  85  134 0.22
  36   85 0.62
  63   96 0.42
  52   59 0.25
  16  104 0.76
  79  184 0.58
  48  166 0.99
  43  137 0.48
  59  191 0.76
  35  162 0.02
  45  161 0.03
  37  178 0.72
  23  118 0.91
  92  136 0.90
   7   45 0.17
  93  203 0.80
  69  149 0.89
  57   85 0.30
  77  152 0.53
  13   83 0.87
  74  178 0.82
  29   29 0.47
   4   17 0.70
  80  108 0.41
  58  185 0.60
  50  135 0.69
  41   41 0.13
  23  144 0.68
  28  119 0.98
  10   59 0.32
  85  220 0.67
  68  100 0.93
  30   53 0.93
  52  109 0.62
  30  156 0.98
  64  166 0.12
  94  102 0.98
  41  181 0.48
  93  166 0.76
  59   92 0.83
   6   66 0.08
  21  127 0.43
  10  125 0.13
  53  173 0.81
  88  164 0.10
  88  166 0.93
  91  116 0.78

  28  137 0.03
  53  165 0.38
  83  174 0.20
  75  141 0.06
  43  126 0.42
  70  162 0.95
  38  109 0.14
   3  108 0.69
  28   74 0.72
  32  140 0.05
  89  151 0.98
  90  172 0.46
  71   73 0.56
  24   35 0.39
  66  144 0.23
  56   90 0.69
  38  112 0.12
  83  189 0.70
  56  181 0.23
  57   98 0.38
  56   72 0.82
  72  105 0.00
  55  170 0.42
  45  148 0.23
   6   77 0.56
  88  152 0.74
  49   79 0.27
  47  140 0.60
  45  120 0.20
  41  179 0.86
  72  203 0.82
  29   92 0.96
  10  144 0.22
  43  114 0.40
  81  145 0.71
  19   88 0.35
  34  119 0.05
  88  202 0.76
  31   61 0.43
  59  165 0.95
  30  110 0.38
   5   36 0.40
  34  123 0.08
  87  106 0.62
  35   61 0.51
  62  196 0.14
  72  191 0.46
  58  187 0.65
  44   53 0.07
  64  152 0.24

