4 100 4
3    4  10   2

   8   34 0.02
   9   75 0.83
  31   58 0.06
   5   59 0.22
  24   25 0.91
   7   10 0.25
  44   51 0.07
  21   29 0.48
  25   39 0.80
  23   72 0.92
  39   88 0.66
  25   56 0.75
   9   27 0.13
  40   57 0.29
  44   81 0.88
  25   39 0.73
  39   64 0.66
  26   51 0.05
  11   64 0.00
   0    0 0.97
  14   79 0.28
  27   90 0.17
  39   97 0.93
  16   20 0.10
   8   62 0.47
   6   41 0.89
  47   64 0.95
  11   21 0.10
  44  114 0.78
  30   95 0.31
  38   61 0.61
  12   28 0.72
  22   51 0.57
  37  103 0.75
   8   12 0.01
  26   81 0.87
  21   58 0.10
   9   64 0.37
   6   55 0.92
  15   34 0.24
  22   65 0.79
  40  101 0.43
  42   69 0.06
  42   84 0.62
  17   36 0.93
  37   42 0.44
  28   64 0.69
  27   56 0.28
  46   86 0.36
  21   90 0.32
  13   44 0.23
   6   75 0.73
   0   33 0.57
  13   18 0.26
  27   60 0.61
  31   82 0.07
   4   55 0.92
  39   98 0.18
  18   84 0.38
  23   75 0.78
   1   21 0.77
  43   89 0.31
  37   46 0.45
  33   37 0.51
  46  114 0.93
  22   80 0.16
  38   91 0.70
  11   21 0.81
  21   76 0.89
   7   80 0.97
  22   76 0.98
  40   95 0.27
  49   85 0.92
   0   15 0.45
  41  115 0.54
   2   39 0.02
  44   89 0.39
  35   94 0.54
  37   79 0.41
  39   49 0.80
  16   16 0.54
  10   49 0.25
  10   13 0.97
  11   58 0.06
  32   41 0.63
  32   91 0.26
  38   72 0.55
  38   79 0.78
  17   67 0.72
   0   74 0.66
  12   23 0.08
  35  109 0.57
  11   70 0.81
  24   46 0.64
  25   88 0.55
  30  104 0.95
  37   51 0.25
  32   98 0.30
   9   22 0.90
  38  101 0.67

  44   79 0.79
  29   58 0.04
   2   38 0.33
  13   56 0.81
   3   27 0.88
  40   59 0.65
  15   79 0.85
  15   30 0.93
  25   70 0.95
  13   24 0.89
  29   96 0.48
  13   54 0.74
  41   42 0.86
  36   48 0.70
  13   18 0.00
  27   97 0.95
  25   36 0.52
  47   54 0.91
  48   97 0.29
  44   90 0.25
  46   79 0.58
  31   85 0.49
  29   65 0.71
  17   65 0.90
  34   78 0.42
  41   75 0.19
   3   63 0.33
  25   66 0.08
  25   52 0.69
  20   87 0.00
   2   63 0.47
  49  113 0.81
  21   68 0.12
  48   48 0.04
   5   14 0.66
  28   74 0.98
  37   46 0.02
  11   53 0.69
  39   87 0.53
  29   78 0.30
  27   57 0.16
  33   81 0.94
   4   31 0.26
  37   64 0.01
  39   64 0.94
  28   43 0.52
  12   41 0.90
   4   59 0.09
  34   52 0.16
  48   69 0.03
  42   77 0.65
  45   80 0.67
   9   34 0.83
   7   69 0.11
  16   89 0.30
  13   22 0.29
  18   36 0.57
  18   63 0.60
  39   89 0.42
  44  100 0.11
  27   33 0.06
  40  106 0.43
  49   61 0.35
  38  106 0.28
  15   38 0.05
  43   47 0.83
  48  106 0.19
  19   25 0.07
   5   51 0.71
  31  105 0.79
  31   71 0.13
  16   16 0.82
  24   79 0.43
  26   67 0.89
  26   31 0.35
  30  103 0.78
  43   78 0.10
  26   40 0.46
   5   49 0.65
  34   41 0.87
  13   81 0.60
  41   52 0.23
  39   80 0.62
  28   40 0.13
  14   46 0.50
   6   27 0.24
  31   31 0.29
  23   92 0.59
  28   40 0.74
   3   72 0.99
   7   56 0.38
  39   53 0.43
  11   57 0.48
  21   25 0.31
  36   58 0.20
  27   34 0.79
  24   81 0.54
  33  103 0.78
  11   47 0.41
  41  113 0.59

  48   65 0.59
   0   64 0.84
  21   95 0.97
  26   54 0.52
  24   33 0.31
   4   10 0.73
   1   57 0.60
   8    8 0.71
  24   74 0.63
  39   56 0.94
  24   42 0.95
  15   88 0.69
  26   33 0.39
  37   61 0.59
  13   36 0.84
  21   42 0.22
   2   29 0.24
  33   76 0.87
  44   55 0.56
  43  110 0.35
  15   37 0.56
   5   38 0.87
  48   69 0.32
   2   67 0.69
  18   87 0.42
  14   14 0.36
   0   69 0.12
   9   39 0.78
   3   39 0.38
  11   58 0.96
  34  105 0.73
  11   41 0.59
   9   77 0.33
  16   66 0.96
  19   33 0.77
  11   74 0.80
  24   62 0.17
  24   95 0.24
  30   37 0.07
  20   21 0.71
  40   89 0.81
  39   61 0.94
  22   74 0.59
  37   57 0.03
   0   60 0.58
  38   63 0.58
   6   79 0.47
  10   74 0.06
  38   70 0.05
  48   56 0.98
  33   88 0.67
  36   74 0.81
  37   71 0.15
  36   95 0.93
  12   35 0.94
  34   69 0.00
  23   80 0.97
  34   71 0.54
  20   72 0.58
   1   62 0.74
  25   95 0.86
  15   15 0.67
  39   44 0.09
  34   54 0.94
   4   26 0.58
  27   33 0.91
  42   71 0.01
  15   60 0.10
  21   78 0.89
  31   31 0.28
  30   87 0.74
  18   77 0.15
  18   92 0.91
   1    2 0.43
  20   62 0.08
  28   34 0.38
   2    9 0.69
  17   44 0.54
  47  120 0.27
  35   75 0.01
   3   67 0.88
   4   78 0.43
   9   24 0.98
  25   55 0.62
   1   50 0.81
  35   80 0.62
  40   70 0.19
   5    9 0.36
  38   68 0.57
  28   76 0.13
  37   41 0.82
  29   59 0.82
  48  118 0.10
  31   83 0.53
   4   41 0.71
  23   34 0.76
  32  101 0.65
  48   65 0.40
  40   66 0.21
  43  102 0.87

