4 60 4
3   20  10   2

  52  113 0.01
  35   69 0.58
   4   54 0.42
  40  102 0.63
  10   89 0.10
  54   89 0.62
  12   31 0.47
  17   58 0.56
  25   29 0.73
   3   67 0.86
  51   72 0.82
  38   93 0.00
   9    9 0.33
   4   73 0.06
   4   21 0.53
  21   93 0.80
  31   59 0.89
  33   62 0.06
   8   16 0.50
  59  141 0.10
   5   36 0.27
   6   23 0.68
  48  100 0.68
  17   71 0.83
  42   51 0.71
  45   63 0.93
  50  111 0.61
   9   21 0.10
  49  111 0.29
  20   55 0.26
  19   92 0.23
  48   93 0.88
  12   97 0.32
   6   58 0.32
  52  106 0.61
  23   47 0.78
  24  107 0.88
  47   63 0.19
  43  107 0.08
  24   88 0.20
  20   24 0.50
  24   33 0.54
  47   96 0.65
  47  128 0.83
  44  131 0.74
  49  106 0.86
  11   70 0.20
   5   77 0.42
  27   80 0.74
  26   68 0.58
  41  119 0.90
  52  140 0.33
  11   89 0.28
  51   97 0.74
  43  112 0.40
  47  118 0.91
  55   98 0.16
  23   38 0.95
  58  133 0.96
   3   89 0.89

  53  113 0.28
  31   61 0.38
  21   27 0.32
  50  113 0.02
  54  115 0.96
  27   30 0.83
  27   33 0.04
  59   94 0.36
  15   47 0.30
  22   26 0.97
  56   95 0.52
  39   73 0.31
  10   82 0.78
   1   50 0.19
  57  137 0.26
  28   69 0.33
  48   90 0.93
  36  124 0.01
  26   29 0.05
  59   65 0.46
  56  110 0.75
  53  127 0.15
  52   53 0.11
  14   37 0.68
  37   99 0.77
  25   75 0.81
   8   38 0.07
   5   26 0.10
  23   77 0.24
  53  141 0.73
  15   56 0.70
   4   54 0.34
   0   30 0.61
  32   70 0.01
  15   22 0.35
  10   24 0.20
   5   42 0.69
   2   68 0.77
  41   60 0.44
   5   70 0.10
  55   56 0.32
  53  127 0.67
  19   81 0.19
   7   84 0.88
  47   87 0.60
  38  106 0.24
  12   73 0.18
   7   68 0.27
  32   69 0.02
  14   73 0.07
   1    8 0.15
  39   71 0.69
   3   19 0.37
  22   96 0.11
   3   77 0.52
   5   16 0.43
   0   30 0.74
  52   92 0.70
  35   76 0.53
  48  129 0.72

  36   42 0.48
  23   95 0.59
  13   95 0.18
   8   13 0.00
  46   48 0.23
  57  133 0.00
  13   59 0.98
  45   75 0.07
  38   95 0.27
  15   51 0.17
  38   83 0.20
  44   64 0.55
  59  103 0.34
  57  131 0.23
  20   58 0.02
  31  114 0.92
  24   37 0.34
  31   44 0.89
  19   23 0.64
  18   54 0.63
   6   65 0.20
  43   59 0.47
  53   86 0.79
   6   82 0.58
   4   33 0.28
  56   74 0.89
  45   98 0.25
  18   32 0.73
   3   62 0.31
   3   48 0.79
  20   31 0.14
  31   64 0.08
  44   94 0.33
  37  107 0.57
   5   27 0.48
  32   37 0.24
  42   51 0.96
  48   64 0.41
  35  119 0.11
  46  135 0.23
   1   46 0.65
  57   57 0.82
   2   84 0.81
  20   49 0.40
  43   80 0.84
  34  101 0.16
  35  105 0.80
  43  109 0.74
  21  101 0.58
   7   94 0.06
  12   31 0.20
  53  137 0.21
   6   11 0.49
  43   59 0.27
  28   54 0.75
  35   39 0.22
  23   74 0.80
  24   39 0.60
  17   31 0.75
  40   84 0.51

