4 80 8
3    4  10  10

  43   43 0.59
  17   27 0.60
   1    6 0.87
  23   28 0.77
  31   43 0.57
  39   40 0.33
  28   39 0.13
  36   42 0.57
   1   12 0.51
  18   28 0.58
  14   25 0.43
  33   43 0.68
  42   53 0.25
  22   30 0.57
  42   54 0.77
  19   22 0.18
  40   44 0.60
  30   39 0.31
  24   37 0.22
  16   29 0.91
  16   17 0.79
  44   50 0.12
  26   37 0.82
  28   33 0.10
  19   28 0.86
   9   23 0.86
  11   15 0.88
  18   21 0.52
  20   32 0.57
  28   34 0.96
  42   47 0.64
  10   11 0.61
  39   43 0.94
  11   25 0.20
  28   42 0.19
   4    5 0.35
  44   55 0.65
  40   43 0.69
   7    8 0.05
  17   20 0.08
  13   20 0.99
  40   47 0.61
   0   10 0.94
   3    9 0.10
  34   37 0.56
  26   32 0.66
   8   18 0.77
  11   24 0.27
   0    1 0.00
   1    8 0.44
  18   24 0.65
  38   38 0.94
  20   24 0.30
  21   23 0.35
  43   49 0.89
  16   26 0.19
  32   34 0.72
  20   27 0.97
  21   24 0.37
  35   44 0.58
  11   13 0.45
  43   43 0.47
   1    6 0.94
  42   45 0.35
   8   18 0.03
  44   54 0.79
  41   42 0.75
  24   33 0.45
   3    8 0.16
   6   10 0.21
  28   35 0.17
  37   45 0.85
   2   10 0.60
  19   22 0.94
  19   22 0.92
  43   46 0.25
  25   36 0.04
  14   17 0.60
  26   40 0.98
  23   24 0.57

   9   14 0.81
  42   53 0.12
  40   42 0.28
  40   53 0.48
  14   27 0.10
   5   11 0.37
  32   44 0.12
  34   42 0.46
  20   25 0.59
  39   49 0.54
  11   13 0.98
  33   36 0.25
   5   10 0.67
  42   47 0.86
  16   23 0.89
  14   18 0.70
  43   57 0.04
  36   39 0.94
  19   28 0.12
   8   16 0.34
   9   11 0.77
  39   47 0.47
  37   38 0.08
   3   16 0.57
  12   14 0.75
  11   14 0.41
   3   17 0.33
  30   38 0.93
  17   30 0.32
   9   11 0.19
  37   41 0.42
  10   23 0.46
  22   33 0.41
  21   26 0.64
  37   45 0.17
  20   25 0.25
   7   10 0.90
  41   42 0.58
  21   24 0.94
  41   55 0.44
  30   40 0.63
  44   44 0.65
  23   25 0.22
  16   17 0.61
   9   18 0.00
  36   43 0.22
  24   27 0.19
  15   17 0.41
   4    5 0.25
  15   27 0.33
  40   40 0.14
  18   18 0.54
   2   15 0.80
  21   24 0.68
  12   25 0.76
   7   18 0.26
  30   38 0.99
  24   33 0.69
  19   26 0.34
  43   49 0.83
  36   41 0.05
  31   40 0.14
  29   43 0.08
  27   41 0.73
  27   31 0.00
  12   13 0.40
  16   16 0.23
   6   15 0.54
  15   23 0.00
  23   37 0.29
  40   48 0.89
  13   15 0.68
  29   31 0.82
  18   27 0.53
   2   13 0.89
  20   29 0.26
  38   49 0.91
   5   10 0.91
  35   49 0.91
  38   42 0.56

  29   34 0.13
  18   32 0.40
  13   21 0.86
  40   53 0.09
   9   19 0.26
  37   47 0.96
  35   40 0.28
  16   16 0.67
  29   33 0.37
   6   19 0.24
  14   26 0.33
  36   41 0.50
  17   21 0.15
  35   37 0.79
  15   27 0.11
  36   38 0.79
  32   42 0.31
  37   51 0.23
   0   10 0.98
  11   12 0.14
  29   33 0.72
  44   55 0.47
  15   21 0.88
  39   46 0.42
   9   10 0.93
  12   20 0.52
  10   15 0.02
  26   39 0.01
  25   26 0.17
  24   35 0.25
  33   39 0.52
  21   29 0.96
  20   24 0.65
  10   17 0.38
  38   38 0.22
  32   43 0.56
  23   27 0.47
  22   33 0.75
   8    9 0.40
  11   20 0.21
  28   38 0.77
  21   34 0.92
   9   19 0.64
  11   21 0.98
  13   20 0.25
  23   35 0.44
  40   51 0.69
   5   16 0.82
  15   16 0.86
  12   25 0.43
  36   40 0.18
  41   53 0.38
  36   45 0.71
  23   27 0.36
  32   39 0.59
  10   19 0.95
  40   40 0.91
  18   19 0.04
  25   28 0.87
  25   34 0.21
  17   17 0.89
  10   15 0.15
   3   17 0.28
  25   31 0.80
  14   24 0.89
  39   48 0.96
  38   48 0.80
   3    3 0.02
  24   37 0.07
   1    9 0.76
  25   38 0.36
  41   47 0.38
   9    9 0.50
  36   41 0.06
   8   20 0.81
  27   38 0.92
  20   21 0.92
  20   23 0.30
  29   43 0.09
  44   51 0.97

