3 15 4
12    4  10  10  16   2   4   4  16   2  16  10   2

  13   93 0.33
   3   29 0.96
  16   43 0.35
  48  126 0.48
   2   68 0.21
  11   35 0.57
  20   28 0.21
  41  115 0.21
  54  102 0.80
  36   60 0.20
  44  101 0.85
  53   57 0.72
  32  110 0.87
   4   81 0.76
  57   79 0.36

  14   31 0.67
   9   47 0.74
  41  115 0.77
  22   50 0.94
  18  106 0.44
  58  128 0.05
   0   85 0.14
  20   87 0.70
  23  109 0.13
  52  107 0.14
   6   12 0.07
   0   86 0.55
  29   69 0.61
  24   33 0.44
   6   26 0.97

  23   93 0.80
  15   63 0.37
  10   28 0.18
  43   63 0.27
  48  119 0.94
  18   78 0.39
  59  119 0.15
  24   78 0.30
  51  133 0.49
   2   73 0.04
  18   38 0.00
  45  108 0.75
  32   85 0.40
  51  102 0.49
  55  113 0.71

  41   98 0.44
  26   37 0.00
  12   33 0.47
  40   64 0.83
  17   18 0.13
  26   79 0.70
  46   56 0.93
  12   14 0.92
  38   39 0.92
   7   87 0.72
  39   82 0.66
   4   13 0.09
   2   32 0.91
  11   74 0.71
  12   96 0.42

  30   98 0.67
  59   65 0.48
  22   27 0.62
   0   45 0.02
  32   54 0.13
  21   87 0.78
   2   10 0.62
  58  129 0.01
  31   87 0.65
  50   67 0.03
  27   62 0.24
  53  127 0.92
  53   97 0.52
  47   57 0.21
  16  102 0.34

  50   88 0.89
   8   24 0.84
  20   27 0.77
  38   87 0.98
  57   78 0.70
  46   55 0.73
   7   38 0.53
  32   93 0.55
  36  100 0.21
  16   63 0.51
  30   74 0.81
  23   72 0.10
  49  112 0.43
   3   60 0.67
  43   44 0.97

  42   92 0.65
  11   71 0.68
  58   62 0.85
   8   72 0.61
  21   94 0.22
  32   35 0.18
  14   42 0.32
  38  124 0.53
  22   57 0.10
  16   84 0.24
  10   65 0.27
  17   78 0.71
  32  111 0.51
  52  126 0.06
  41   64 0.11

  17  106 0.94
   4   52 0.31
  43  101 0.70
  33   93 0.28
  44  103 0.12
   9   17 0.86
  17   35 0.09
  17   29 0.53
  20   92 0.18
  51   66 0.49
  20   57 0.90
   3   25 0.38
  26   99 0.70
  39   72 0.28
  56  131 0.74

  39   40 0.41
   0   23 0.62
  25   35 0.18
  22  100 0.97
  27  100 0.89
  47   77 0.12
  14   14 0.68
  58  103 0.81
  56  134 0.78
  53   94 0.17
  47  106 0.72
  23   42 0.45
  23   76 0.29
  25   48 0.11
  53  103 0.45

   4   21 0.16
  56   67 0.05
   7   45 0.01
  39   57 0.90
  29   59 0.38
  55  125 0.79
  42   89 0.32
  30   50 0.59
  12   71 0.18
   8   66 0.50
  11   69 0.55
  56  101 0.48
  41   49 0.05
  37   42 0.18
  24   98 0.91

  59   76 0.46
  35   77 0.79
  10   86 0.66
   9   71 0.25
  39   68 0.70
  32  111 0.67
  29  106 0.68
  35   99 0.60
  45  112 0.19
  31   82 0.47
  42  118 0.04
  34   58 0.06
  46  131 0.70
   8   24 0.73
   0   18 0.00

  59   98 0.82
  51  111 0.68
  52  119 0.56
  33  107 0.83
  50  110 0.10
  58  105 0.00
  39   76 0.19
  47   70 0.75
  44  125 0.74
  22   67 0.26
   6   44 0.83
   7   68 0.48
  21   69 0.17
  11   24 0.76
  40   40 0.79

