5 25 8
12   16  20  16  16   4  16  16   4   4  16  10   4

  55   81 0.14
  39   72 0.81
  28   50 0.63
  35   72 0.80
   2   24 0.10
  60   65 0.43
  62   68 0.55
  20   45 0.95
  11   11 0.51
  58   67 0.41
  11   54 0.41
  23   57 0.01
  15   42 0.60
  47   67 0.39
  13   24 0.08
  41   67 0.52
  35   75 0.56
  54   92 0.22
  27   37 0.24
   9   38 0.63
  48   56 0.72
  39   60 0.65
  56   80 0.06
  65   69 0.17
   6   38 0.85

  10   26 0.15
  25   25 0.14
   2    2 0.91
  42   60 0.05
  55   80 0.78
  31   48 0.26
   2   37 0.75
  17   43 0.10
  45   50 0.43
  11   27 0.46
  46   67 0.58
  62  102 0.51
  45   67 0.29
  21   28 0.02
  19   39 0.99
  51   77 0.18
  56   92 0.15
   1    5 0.55
  21   41 0.04
  41   62 0.25
  54   77 0.22
  61   70 0.59
   1   10 0.32
  20   51 0.46
   6   18 0.63

  37   76 0.02
   2   43 0.54
  19   22 0.08
  65  103 0.13
  35   76 0.18
   2   41 0.69
   8   13 0.56
  33   49 0.23
  24   31 0.34
   1   10 0.57
  59   67 0.21
  49   85 0.91
  63   69 0.32
  14   23 0.65
  21   43 0.28
  19   53 0.65
   9   39 0.01
   6   33 0.98
   0   33 0.23
  13   51 0.66
  11   41 0.72
  34   50 0.40
  42   61 0.84
  36   66 0.36
  30   53 0.80

  31   61 0.58
   4    7 0.52
  16   32 0.51
  39   54 0.83
  35   66 0.39
  17   30 0.45
  60   98 0.41
  39   62 0.78
  54   86 0.58
  55   80 0.44
  42   46 0.38
  63   83 0.73
  48   51 0.38
  56   95 0.83
  29   51 0.09
  58   61 0.09
  17   28 0.39
  58   84 0.62
  46   55 0.98
  14   29 0.29
  64   86 0.95
  55   96 0.63
  53   53 0.17
  10   49 0.70
   8    8 0.97

   0   26 0.76
  33   67 0.23
   1    4 0.83
   3   46 0.10
  46   79 0.57
  59   90 0.59
  18   52 0.04
  28   34 0.93
  57   68 0.54
  55   94 0.18
  46   64 0.65
  14   20 0.69
  26   34 0.78
   7    9 0.03
   8   15 0.22
  50   91 0.41
  10   20 0.32
  62   67 0.29
  25   58 0.61
  58   91 0.95
  39   42 0.49
   3   15 0.62
  17   49 0.39
  36   73 0.48
  11   24 0.26

  36   45 0.99
  11   44 0.51
  22   45 0.88
  27   51 0.36
  32   48 0.60
  11   46 0.88
  26   37 0.89
  16   33 0.94
  21   52 0.48
  22   48 0.61
  61   63 0.61
  46   75 0.66
  10   50 0.68
  59   62 0.70
  35   60 0.72
  62   69 0.78
  64   68 0.62
   6   42 0.29
  34   37 0.42
  59   77 0.56
  54   65 0.66
  27   57 0.67
  22   47 0.09
   2   43 0.25
  57   95 0.61

  63   76 0.80
  52   85 0.06
  65  102 0.26
  49   66 0.30
   2   45 0.84
  52   57 0.06
  26   39 0.45
  49   63 0.73
   7   18 0.15
  48   72 0.91
  25   40 0.50
  57   73 0.92
  50   53 0.50
  14   15 0.52
  34   36 0.63
  60   91 0.40
  29   53 0.79
  11   30 0.33
  40   75 0.89
  57   64 0.48
  24   65 0.56
  22   28 0.39
   9   50 0.41
  42   50 0.40
   2    6 0.47

  59   68 0.34
  18   46 0.44
  33   50 0.42
  25   49 0.08
  12   55 0.12
  21   60 0.09
   0   28 0.88
  45   56 0.75
  10   24 0.22
  57   70 0.71
  50   63 0.01
  53   55 0.00
  42   58 0.08
  12   26 0.21
  20   45 0.20
  48   61 0.12
  37   49 0.78
  57   71 0.29
  22   59 0.45
  44   78 0.49
  38   75 0.36
  44   87 0.09
  42   78 0.12
   5   37 0.21
  49   75 0.59

  44   46 0.29
  65   87 0.51
  26   51 0.28
   7   50 0.73
  56   71 0.30
  60  101 0.24
   8   11 0.66
  46   60 0.46
  17   39 0.24
  64   72 0.10
   5   43 0.67
  43   59 0.32
  22   50 0.46
  30   68 0.50
  34   77 0.02
  13   53 0.19
  59   89 0.58
  44   44 0.53
  55   59 0.02
  30   46 0.22
  12   55 0.60
  54   60 0.85
   7   35 0.84
  15   55 0.44
  51   76 0.53

   8   16 0.46
  48   84 0.37
  47   84 0.67
  35   41 0.92
  60  100 0.59
  23   41 0.15
   3   26 0.61
  60   60 0.71
  13   32 0.24
  55   65 0.86
  18   34 0.32
  64   82 0.69
  24   48 0.69
  62   73 0.84
  53   95 0.68
  26   37 0.70
  24   52 0.14
  13   40 0.62
  23   54 0.03
  59   99 0.96
  63  102 0.68
  18   35 0.28
  34   46 0.00
  29   31 0.22
  58   60 0.73

  36   58 0.71
  19   40 0.56
  38   55 0.70
  64   98 0.32
  48   87 0.45
   0    3 0.73
  15   47 0.51
  50   50 0.56
  65   75 0.98
  37   75 0.08
  28   53 0.74
  49   62 0.30
  52   79 0.00
  31   67 0.84
   6   45 0.89
  39   51 0.16
  41   65 0.56
   0   30 0.11
  29   62 0.18
  18   48 0.43
  58   81 0.35
  32   50 0.14
  30   71 0.38
  40   73 0.67
   2   29 0.70

  34   39 0.24
  27   34 0.58
  20   29 0.78
  42   60 0.35
  49   83 0.23
  45   64 0.08
  39   82 0.39
   0   18 0.12
  27   29 0.62
   1    1 0.29
  32   51 0.04
  30   72 0.56
  12   30 0.77
  12   42 0.06
  40   80 0.35
   4   31 0.71
  46   68 0.66
  19   45 0.89
  47   65 0.48
  18   44 0.30
  53   73 0.33
  18   22 0.10
   4   39 0.74
  61   64 0.93
  43   60 0.82

