3 60 4
3   10  20  16

  83  131 0.24
  35  106 0.17
   4  116 0.45
  69  176 0.89
  24  159 0.57
 112  134 0.47
 102  107 0.04
 109  208 0.67
   1   83 0.93
  19  170 0.23
  51   62 0.27
  85  180 0.23
  66  190 0.70
  48  216 0.79
  48  147 0.84
   3   70 0.38
  75  169 0.94
  59  203 0.96
  11  174 0.31
  43  158 0.38
  31   57 0.70
  97  224 0.76
 108  212 0.16
  45  167 0.27
   1   84 0.50
  42   49 0.45
  83  247 0.91
  86  150 0.55
  24  174 0.34
  64  125 0.16
  37  181 0.72
  46  127 0.56
  76   83 0.45
  10  136 0.94
  33  189 0.02
 103  255 0.80
  24  180 0.49
  51  159 0.87
   5   18 0.28
  44  158 0.17
  34  107 0.10
  30  163 0.08
  46   82 0.15
  16  102 0.95
  24   25 0.95
  85  243 0.27
  70  171 0.33
  92  223 0.20
  41   59 0.89
   9   47 0.28
  32  175 0.58
  49  153 0.15
 106  141 0.29
  72   72 0.39
  28  148 0.36
  74  154 0.18
   5  116 0.85
  66  189 0.51
  62  126 0.64
  87  102 0.00

  72   77 0.98
  34  107 0.58
  73  138 0.39
  92  208 0.17
  34  153 0.48
  96  110 0.91
  53  175 0.41
  65  236 0.45
  99  201 0.66
  86  164 0.22
  80  228 0.70
  18   79 0.97
  95  159 0.20
 110  255 0.18
 106  131 0.62
 109  195 0.11
  58  225 0.99
 112  125 0.28
  69  221 0.10
 103  213 0.72
  43  107 0.11
  45  127 0.48
 101  137 0.91
 107  151 0.77
  70  231 0.82
  26   43 0.29
 106  183 0.57
  69  132 0.43
  44   58 0.96
  10   19 0.32
  51  206 0.69
  84  250 0.96
   4   70 0.21
  52   86 0.88
  97  217 0.30
  59  104 0.18
   6  126 0.55
 108  211 0.12
   6  111 0.95
 101  246 0.35
  26  167 0.61
  79  211 0.25
  39   91 0.04
  13  114 0.80
  50  139 0.99
  43  194 0.63
  43   51 0.38
  35   89 0.22
  20  157 0.07
  78  157 0.66
  15   84 0.81
 111  199 0.38
 101  132 0.96
  22  176 0.12
  91  217 0.79
  87  108 0.85
  73  167 0.33
  69  190 0.50
  75  192 0.19
  97  151 0.60

 110  126 0.88
 111  149 0.35
  88  181 0.42
  21  130 0.20
   0   21 0.36
  20  101 0.00
  43  200 0.21
  32  190 0.37
  70  113 0.80
  62  186 0.01
  42  102 0.95
  52  148 0.18
   3   98 0.62
  40   89 0.59
   7  122 0.64
  29  155 0.76
  31  173 0.79
  58  226 0.94
 104  231 0.15
 106  268 0.29
 103  127 0.19
  62  168 0.13
  50  218 0.72
   0   49 0.67
 114  137 0.72
 111  213 0.52
 102  135 0.73
  42  115 0.46
  17   69 0.34
 110  215 0.90
  77  186 0.11
  86  113 0.93
 105  155 0.62
  15   60 0.80
  72  145 0.56
  11  166 0.64
   9  164 0.15
  96  198 0.12
  10  106 0.47
   6   60 0.18
  82  225 0.68
  68  114 0.74
  77  213 0.45
  54  132 0.11
  83  217 0.09
   5  147 0.75
   5   31 0.98
  66  174 0.25
  59  149 0.91
  18  118 0.67
  76  192 0.99
   2   95 0.83
  91  209 0.51
  85  207 0.65
   1  141 0.59
  86  232 0.35
  13  110 0.30
   2    5 0.41
  87  175 0.94
  93  108 0.53

