4 15 4
12   16  16  16   2  16  16  16  10  16   2  10   4

  14   27 0.41
  23   64 0.71
  14   18 0.67
  10  104 0.78
  22   92 0.43
  16  104 0.13
   7   81 0.57
  18  103 0.13
   9   61 0.21
  31  105 0.22
   5   95 0.33
   5   66 0.98
  13   15 0.67
  27   50 0.34
  28  112 0.70

  14   65 0.91
  27   91 0.94
  20  117 0.43
  10   20 0.76
   3   92 0.41
  30   72 0.56
   8   41 0.85
  20   87 0.81
  17   30 0.67
  12   18 0.64
   6   19 0.70
   2   10 0.93
   7  103 0.82
   4   58 0.54
   1   46 0.91

  24   45 0.00
   4   99 0.16
   9   23 0.85
  25  119 0.76
  23   87 0.80
   4   62 0.52
  30  102 0.10
   6   88 0.68
  20   80 0.36
   9   43 0.85
   3   60 0.30
   5   53 0.95
  23   47 0.69
   6   53 0.77
  16  102 0.35

   7   81 0.56
  23  106 0.44
  17   68 0.93
  16   45 0.95
  24   89 0.25
  20   47 0.43
   8   61 0.02
  31  102 0.30
  12   41 0.98
  21   43 0.47
   4   92 0.46
   7   87 0.57
  16   92 0.69
   3   59 0.98
  30  109 0.15

  24   37 0.71
  15   49 0.71
   6   56 0.41
  30   89 0.08
   6   48 0.75
   3   54 0.59
   0   24 0.84
  10   60 0.66
   8   40 0.91
  31   79 0.17
   7   11 0.01
  14   58 0.33
  14   34 0.32
  26   47 0.94
   6   93 0.62

   9  106 0.47
   2    7 0.90
  29   75 0.06
  22   32 0.50
  24   81 0.92
   3    9 0.34
  15   37 0.91
  25   33 0.30
   5   65 0.35
  30   42 0.09
   0   77 0.52
  24   57 0.92
  18   43 0.40
  14   78 0.43
  21   51 0.41

  31   75 0.44
   2   77 0.71
  22   76 0.00
  19   93 0.01
  21  118 0.02
   9   22 0.20
  29   70 0.62
  14   84 0.20
   0   20 0.68
  20  106 0.20
  10  103 0.23
  19   49 0.15
  25   52 0.20
  27   79 0.39
   0   91 0.64

  20   93 0.13
  11   33 0.84
   5   31 0.78
  27   66 0.43
  20   43 0.03
  18   27 0.92
  28   75 0.52
  12   13 0.41
  19   89 0.71
  18   58 0.36
  18   89 0.60
  18   85 0.51
  27   34 0.08
  22   99 0.35
  19   93 0.25

  25  117 0.82
  11   61 0.29
  11   13 0.31
  13   36 0.89
  24   43 0.85
   3   16 0.32
  29   75 0.94
  28   37 0.61
   6   49 0.47
  17   28 0.92
  16   46 0.09
  26   88 0.86
  29  124 0.45
  27   28 0.31
   1   22 0.00

   6   56 0.44
  18  102 0.45
  13   57 0.80
  30  104 0.02
  20   27 0.16
  19   61 0.03
   4   53 0.53
   3   28 0.21
  21   95 0.20
   3    6 0.27
  27   62 0.33
  23   27 0.56
   7  103 0.01
  18   36 0.79
  21   27 0.14

   7   44 0.75
  31   45 0.73
   1   77 0.55
  12   97 0.14
   2   72 0.59
  21   76 0.16
  21   89 0.07
  25  120 0.21
  21   67 0.75
  16   45 0.60
  25   83 0.56
   4   62 0.75
   7   14 0.54
  19   60 0.76
  25   38 0.69

  14   17 0.89
  24  108 0.34
   8   15 0.81
  28  108 0.84
  28   94 0.25
  22   81 0.77
  12   72 0.80
   3    7 0.88
   6    8 0.41
   0   53 0.35
  26   52 0.42
   0   13 0.93
   0   45 0.74
  31  102 0.47
  27   98 0.58

