4 25 8
12    2  16  20  10   2  10   2  16  16  10  10  10

  13   20 0.51
  22   38 0.39
   3    7 0.84
   9   14 0.17
   7   11 0.50
  18   34 0.40
  17   24 0.08
  23   28 0.06
   0   16 0.43
  22   45 0.81
  23   23 0.92
   6   29 0.24
   0   12 0.64
  13   14 0.87
  23   44 0.44
   3    7 0.65
   0   13 0.01
  17   19 0.84
   3    7 0.09
  14   34 0.85
   5   27 0.85
  19   33 0.65
  15   18 0.66
  23   24 0.02
  10   33 0.40

   3   15 0.16
  11   30 0.82
   7   26 0.75
  19   33 0.18
  10   30 0.30
  20   31 0.56
   8   14 0.17
   7   27 0.69
   5   17 0.95
   3   14 0.23
   1    3 0.29
  23   33 0.42
   3   24 0.93
  15   30 0.38
   4    6 0.80
  21   41 0.00
   2   21 0.86
  23   37 0.23
  10   25 0.37
   6   28 0.75
   7   12 0.47
  10   30 0.98
  10   24 0.56
  19   25 0.71
   4   22 0.46

  19   39 0.78
  12   35 0.67
  12   14 0.07
  14   35 0.74
  23   40 0.54
  12   27 0.93
   7   26 0.72
  23   42 0.77
  18   31 0.98
  12   21 0.53
   8   25 0.45
   8   19 0.73
  17   19 0.32
   9   10 0.08
  10   10 0.01
   2   15 0.72
   1   10 0.67
  11   29 0.35
  21   39 0.91
  22   44 0.21
  16   33 0.95
  23   39 0.31
  16   30 0.21
   3    5 0.18
   3    5 0.65

   7   15 0.50
   1    2 0.44
  16   28 0.60
   8   18 0.22
  11   34 0.14
   3    6 0.26
  10   21 0.40
   4   27 0.55
  16   33 0.55
   7   28 0.18
  15   28 0.15
  17   22 0.51
   1   12 0.66
  14   15 0.63
  19   36 0.93
   0   17 0.08
  21   24 0.11
   7   24 0.14
   2   17 0.10
   5   19 0.09
  17   40 0.91
  12   32 0.62
  22   41 0.25
   4   11 0.32
   7   19 0.03

  10   23 0.49
   3   22 0.09
  15   37 0.68
  22   30 0.15
  17   23 0.77
  16   21 0.72
  18   22 0.30
   3   21 0.43
   1   14 0.43
   8   12 0.18
   0    1 0.84
   7   23 0.79
  14   34 0.39
  10   31 0.06
   7   12 0.25
   2    3 0.53
  13   28 0.36
  13   34 0.96
  18   25 0.79
   8   13 0.87
   0    1 0.62
  23   37 0.23
  14   28 0.69
  10   28 0.85
   6   28 0.81

  23   33 0.08
   0   22 0.13
   8   17 0.68
   7   23 0.16
   8   30 0.47
   5    9 0.97
   4   12 0.73
  15   19 0.74
   8   12 0.88
  18   31 0.17
  10   19 0.13
  17   37 0.60
  10   12 0.09
  13   32 0.25
   6   18 0.40
  14   23 0.40
   8   31 0.98
  11   27 0.28
  22   38 0.83
   6   23 0.05
  20   35 0.53
  12   19 0.96
   1    9 0.05
  22   29 0.23
   0   21 0.76

  12   28 0.74
  23   35 0.18
  19   29 0.72
  11   12 0.96
   4   25 0.05
  19   24 0.51
   7   15 0.35
  23   26 0.48
   1   11 0.43
  13   35 0.37
   9   29 0.20
   8   15 0.25
  19   20 0.72
   4   11 0.93
  10   30 0.28
  15   31 0.75
  17   23 0.86
   3    7 0.95
  22   37 0.83
  23   25 0.56
  19   34 0.20
  18   24 0.01
   8   15 0.44
  15   35 0.87
  17   32 0.45

  16   17 0.82
   9   19 0.36
  16   19 0.85
  18   30 0.40
  23   36 0.63
  18   40 0.42
  16   29 0.92
  15   23 0.86
  16   17 0.74
   8   21 0.49
  16   20 0.04
   1   13 0.32
  15   20 0.58
   8   31 0.99
  18   35 0.29
   9   20 0.46
  17   40 0.45
  12   19 0.77
   7   11 0.16
  23   44 0.59
  13   30 0.19
   5   13 0.75
  15   24 0.33
  13   30 0.26
   1   18 0.90

  17   17 0.13
  17   39 0.38
  13   29 0.45
  22   23 0.99
  15   20 0.66
  13   31 0.95
  16   23 0.36
   5    5 0.24
   1   23 0.65
  23   23 0.05
  18   31 0.24
  18   19 0.19
  18   30 0.90
   6   11 0.03
  18   31 0.37
   1    4 0.27
   0   11 0.66
  13   19 0.74
  22   43 0.93
   0    1 0.28
  19   38 0.37
  17   23 0.64
  23   31 0.11
  20   31 0.36
  23   33 0.79

  20   43 0.08
   1   17 0.87
   0   13 0.79
  23   46 0.81
   1   16 0.43
  14   29 0.70
   3   10 0.82
  19   26 0.67
   8   28 0.14
  19   34 0.93
  17   22 0.08
  19   31 0.19
  19   22 0.39
  19   42 0.49
   4   19 0.46
  21   35 0.11
  16   30 0.54
  19   28 0.10
  19   23 0.73
   4    5 0.69
   9   30 0.10
   6   23 0.33
  11   30 0.08
   1   18 0.54
  11   18 0.27

  11   27 0.30
   4    6 0.94
   7   26 0.14
  12   13 0.16
  20   37 0.42
   6   17 0.42
  18   40 0.43
  15   37 0.20
  16   34 0.84
  13   17 0.77
   7    7 0.84
  19   19 0.69
  19   26 0.27
  18   32 0.16
  10   22 0.15
  10   24 0.41
  12   31 0.16
  20   29 0.14
   5   16 0.85
  23   29 0.57
   8    8 0.40
   6   12 0.74
   5   24 0.46
   4    9 0.31
   6   22 0.20

  18   23 0.65
   1   14 0.53
   2   23 0.36
   3   14 0.20
  21   21 0.07
   5   15 0.93
  17   40 0.22
  22   25 0.41
  20   28 0.93
  20   36 0.33
   9   27 0.30
  15   29 0.51
  15   22 0.87
   4    5 0.64
   9   12 0.36
  20   40 0.02
  20   34 0.89
  15   27 0.24
   8   13 0.86
  13   14 0.50
   7    7 0.22
  16   39 0.51
   1   12 0.75
  17   37 0.61
  15   29 0.39

