5 15 8
12    2   4   2  20  16   2  10   2  10  20   2  16

   0    5 0.38
   9   17 0.04
  11   17 0.30
  14   18 0.06
   6    7 0.88
   9   13 0.05
  19   23 0.51
   5   11 0.54
  20   21 0.03
   9   10 0.11
  20   27 0.23
   6   10 0.84
  21   29 0.40
  23   31 0.78
   2    3 0.04

  20   22 0.76
  11   13 0.35
   8   15 0.18
  14   21 0.52
   4   12 0.18
   0    6 0.25
  11   11 0.36
  13   14 0.48
  23   28 0.69
   7    9 0.71
   3   10 0.27
  25   27 0.32
   9   15 0.13
  24   25 0.31
  15   23 0.82

   1    7 0.08
  12   19 0.62
  23   27 0.61
   0    6 0.90
  24   28 0.47
   5    9 0.50
  23   27 0.22
  11   19 0.82
  11   17 0.74
  21   25 0.07
  11   17 0.72
   0    8 0.71
  24   29 0.71
  27   34 0.77
  24   24 0.15

  25   29 0.78
  13   14 0.46
   5   12 0.03
  26   33 0.23
   1    8 0.38
  17   25 0.96
  25   26 0.48
   3    9 0.82
  16   16 0.23
   5    7 0.86
   6    6 0.53
  27   34 0.75
  23   30 0.47
  10   15 0.21
   4   11 0.00

  28   33 0.63
  22   22 0.87
   7    8 0.25
  26   29 0.59
   3    7 0.31
  20   20 0.26
   2    9 0.34
  14   17 0.45
  22   28 0.23
   3    8 0.48
  26   26 0.38
   6    8 0.28
   5   11 0.22
   8   12 0.55
  25   25 0.87

  21   28 0.84
   6   11 0.14
  26   28 0.61
   2    6 0.39
   8   12 0.64
  11   12 0.90
  23   23 0.01
  10   17 0.74
  25   30 0.51
   9   14 0.69
  11   17 0.67
  11   18 0.27
  17   22 0.64
   3    9 0.28
  11   15 0.28

   0    1 0.35
   2    9 0.85
  13   17 0.84
  13   14 0.19
   3    8 0.57
  12   19 0.33
   9   10 0.41
  19   27 0.25
   5    5 0.53
  11   17 0.00
   3    7 0.35
  19   24 0.00
  18   20 0.84
  11   18 0.08
  25   28 0.29

  15   15 0.03
   9   17 0.56
  27   28 0.49
  27   30 0.90
  11   11 0.56
  14   18 0.37
  27   30 0.61
  13   14 0.68
  18   19 0.50
  21   24 0.95
  16   22 0.85
   9    9 0.15
  17   25 0.36
  27   34 0.33
  24   25 0.23

  21   24 0.35
   1    2 0.90
   1    1 0.49
   6   14 0.16
   2    5 0.77
   1    9 0.03
  14   18 0.89
   5    8 0.00
  10   11 0.02
  23   26 0.91
   6   12 0.26
  27   30 0.28
   0    6 0.72
   6   14 0.18
   0    8 0.32

   4    7 0.95
  17   20 0.22
  23   29 0.16
   3    6 0.50
   9   14 0.92
  13   16 0.62
  28   29 0.43
  26   32 0.94
  13   17 0.87
   5    7 0.50
  28   30 0.58
  19   25 0.30
  19   20 0.51
   8   12 0.54
  14   14 0.55

  17   24 0.45
  26   26 0.72
   6   12 0.16
  13   13 0.53
  15   22 0.40
  17   24 0.85
   0    3 0.98
  21   24 0.06
   4    9 0.53
   9   16 0.96
  14   18 0.78
  10   18 0.99
  24   28 0.38
   6    6 0.51
  11   12 0.88

   6   14 0.61
   7   13 0.46
   9   15 0.97
   0    4 0.16
  19   25 0.30
  10   10 0.08
  11   12 0.10
  14   22 0.54
   6    8 0.81
  16   19 0.83
  23   27 0.27
  26   33 0.07
   4   10 0.33
  22   27 0.77
  18   22 0.26

