5 100 4
3    4  10  20

  66  105 0.23
  39   57 0.84
  43   46 0.07
  73  121 0.46
  65  106 0.00
  14   80 0.74
  75  110 0.43
  45   50 0.01
  36   67 0.85
  87  108 0.12
  79  123 0.74
 117  128 0.41
  50   82 0.52
  19   40 0.66
  79  137 0.63
  27   49 0.71
   8   56 0.97
  33  107 0.87
 118  118 0.73
  45   80 0.84
 108  169 0.35
 104  133 0.93
 104  162 0.68
   4   82 0.19
  53   61 0.50
  62   94 0.81
  25   78 0.02
  63  123 0.64
 126  141 0.63
  13   65 0.06
  75  158 0.25
  37   46 0.66
  66  110 0.71
  99  147 0.28
  27   74 0.63
 125  186 0.90
  57   89 0.20
 115  161 0.72
 114  134 0.48
 126  168 0.05
  36   53 0.30
  36   36 0.47
  15   78 0.55
 108  149 0.45
  54   78 0.62
  68  133 0.75
 105  146 0.36
 100  103 0.04
  93  170 0.09
   0   16 0.09
   4   63 0.76
  29   55 0.34
  34   84 0.56
  48  126 0.32
  45   69 0.74
  11   83 0.40
  78  160 0.82
  14   70 0.81
 124  169 0.45
  20   70 0.35
  29   37 0.05
 118  187 0.56
  59  133 0.38
  96  119 0.58
  36  103 0.85
  70   81 0.86
   8   25 0.96
 106  165 0.20
  51   89 0.61
 116  168 0.20
  56  119 0.77
  97  153 0.09
  97  173 0.87
 112  141 0.71
 123  202 0.19
 116  118 0.75
   0   30 0.27
 107  182 0.89
  46   94 0.51
  33  104 0.55
  28   95 0.55
  39   52 0.62
  70  133 0.85
  32  109 0.29
 106  165 0.66
  80   96 0.06
 121  184 0.72
 111  168 0.40
  55  129 0.78
  11   76 0.55
 101  169 0.44
  88  128 0.30
  12   23 0.66
  78  115 0.79
  83  100 0.61
  22  101 0.84
 105  162 0.88
  13   26 0.96
   3   75 0.70
  47   78 0.89

  34   46 0.67
  99  135 0.94
 115  136 0.55
  59  131 0.77
  53  110 0.20
  80   99 0.64
  40  118 0.27
 118  128 0.96
  56  135 0.86
  19   64 0.62
  88  112 0.12
 106  167 0.67
  43   75 0.83
  67  112 0.42
  17   65 0.95
  39   92 0.44
  96  167 0.09
  74   87 0.22
  45   50 0.19
  53   81 0.45
  44   90 0.73
  63  137 0.26
  42   48 0.02
  74  113 0.39
  27   88 0.66
  82  143 0.49
  81  100 0.87
 113  119 0.92
  95  103 0.18
  86  120 0.53
  36   76 0.74
  17   77 0.24
  69  121 0.13
 116  163 0.06
   7   88 0.77
  37   92 0.91
  60  124 0.05
  66  112 0.98
  43   54 0.21
   2   56 0.99
  80   83 0.45
  45   69 0.23
  42   75 0.96
 125  169 0.28
  62  133 0.80
 108  151 0.10
  63   82 0.50
  79  116 0.84
 101  151 0.57
  11   95 0.68
  40   52 0.46
   2   52 0.60
  49   65 0.81
  25   73 0.45
  37   88 0.39
  77  139 0.90
  90   91 0.53
  41   48 0.15
 122  175 0.71
  69  149 0.81
  29   68 0.49
  48  132 0.04
  10   23 0.47
   2   63 0.43
  37  104 0.68
  73  140 0.48
  87  122 0.39
  87  126 0.86
  94  124 0.57
  43   51 0.02
  40   52 0.03
  80   85 0.45
 126  166 0.30
  19   51 0.08
 110  189 0.78
  64  143 0.79
  78  145 0.83
  33   91 0.40
  51   79 0.19
  92  123 0.52
  33   92 0.10
 103  151 0.37
  89  148 0.50
  37   77 0.07
  14   57 0.60
 113  146 0.18
  61  123 0.68
 112  155 0.08
  39  118 0.75
  94  103 0.70
  32  109 0.77
  10   18 0.64
 125  137 0.42
   9   49 0.63
  89  141 0.13
  23  102 0.34
  10   36 0.64
 106  111 0.80
  87  134 0.41
  57   97 0.04

  74   88 0.46
  84  137 0.26
  72  123 0.57
  68  140 0.89
  69  133 0.02
   6   27 0.62
 119  151 0.07
  65  140 0.08
  27  101 0.40
  71   77 0.73
  91  148 0.53
  58   99 0.21
   9   68 0.95
  24   59 0.91
  54  124 0.33
  23   51 0.26
  87  103 0.16
  10   75 0.76
  98  135 0.80
 104  151 0.17
  38   47 0.35
 105  110 0.76
  20   99 0.38
  99  132 0.05
  40   40 0.65
  63  135 0.93
  68   79 0.21
  14   52 0.86
  15   19 0.93
  70  112 0.75
   1   12 0.56
  87  145 0.09
 121  194 0.78
 118  142 0.79
  60   85 0.21
 102  151 0.24
 104  157 0.49
  49   90 0.35
  33   34 0.98
  53   65 0.18
  44  103 0.39
  46  100 0.70
  41   47 0.24
 121  155 0.58
  82  151 0.69
  68   87 0.07
  60  143 0.69
 123  191 0.37
 104  180 0.27
  11   16 0.75
   6   73 0.91
  19   35 0.40
  69  102 0.34
  41   73 0.71
  56  135 0.53
  27  108 0.79
   8   41 0.66
  22   66 0.50
   4   15 0.02
  84  118 0.83
  17   29 0.07
  53   84 0.39
  80  147 0.88
  98  129 0.47
  39   89 0.74
  44   55 0.98
  63  113 0.53
 103  129 0.05
 122  170 0.82
  36   67 0.85
  74  116 0.03
 123  186 0.62
  84  155 0.52
  13   74 0.81
  25   27 0.25
  86  110 0.32
   4   50 0.16
 116  147 0.97
 106  147 0.98
  23   50 0.38
  99  166 0.21
   7   12 0.91
  39  123 0.70
 113  179 0.34
  52  128 0.36
  95  150 0.65
 115  158 0.62
  34   56 0.82
  80   93 0.00
  52  122 0.50
  85  139 0.40
 113  154 0.08
  52  130 0.89
 117  129 0.93
  82  126 0.47
  57  110 0.75
  90   91 0.65
 121  136 0.69
  18  101 0.33
  35   52 0.22

