4 80 8
3    2  10   4

   6   17 0.82
   9   23 0.72
   1    8 0.00
  12   24 0.64
  25   43 0.23
  26   26 0.68
   2   17 0.91
  28   40 0.18
  17   24 0.66
  15   33 0.49
  23   23 0.18
  17   20 0.64
   3    6 0.75
  12   23 0.92
   7   26 0.44
  22   34 0.55
  13   24 0.96
   1    3 0.42
  25   31 0.36
  18   34 0.12
   4    9 0.64
  11   12 0.51
  14   22 0.48
   6    6 0.54
  20   36 0.55
  22   39 0.76
   8   22 0.98
  10   24 0.64
  23   24 0.02
  16   24 0.45
  19   34 0.09
   6   13 0.11
  25   28 0.03
   2   19 0.84
  19   27 0.11
  17   33 0.21
   2   17 0.96
  24   31 0.22
   2   13 0.51
  28   35 0.17
  17   34 0.29
  29   48 0.35
   2    2 0.88
  27   40 0.86
  27   45 0.87
   4   12 0.16
  19   28 0.34
  22   30 0.47
   3   14 0.07
  15   23 0.78
  28   37 0.94
  15   25 0.73
  17   30 0.18
  15   20 0.22
  13   23 0.29
  10   18 0.47
  26   39 0.79
  21   37 0.20
  15   24 0.14
  12   15 0.20
   0   14 0.70
   1   10 0.26
   2   12 0.44
   0    6 0.47
  11   24 0.42
   1   12 0.61
  29   45 0.88
   9   21 0.59
  24   25 0.18
  10   12 0.32
   2    7 0.60
  15   27 0.74
   6   17 0.51
   8   14 0.03
  13   27 0.40
  24   41 0.78
  17   17 0.62
  17   23 0.94
  17   19 0.61
  22   40 0.89

  14   27 0.24
  20   29 0.40
  22   23 0.98
   6   20 0.62
  10   24 0.73
  18   22 0.95
   9   16 0.57
   3    3 0.64
  13   27 0.49
  21   26 0.56
  10   15 0.59
  21   32 0.40
  15   33 0.17
  19   26 0.65
  13   26 0.96
  23   32 0.37
   3   16 0.75
   0    2 0.13
   8   25 0.97
  19   23 0.46
   7   26 0.24
  13   13 0.64
   6   24 0.87
  17   33 0.14
   8   21 0.09
  29   37 0.36
  25   35 0.80
  25   31 0.07
   3   19 0.71
  29   39 0.52
  27   44 0.72
  18   18 0.57
  25   34 0.34
   9   12 0.59
  13   24 0.74
   9   28 0.77
   7   23 0.13
   1   16 0.31
  16   18 0.34
  28   42 0.34
  15   31 0.00
   4   21 0.40
  13   31 0.85
  14   26 0.95
  16   25 0.46
  23   25 0.70
   9   22 0.35
  15   31 0.73
  14   21 0.61
  27   28 0.58
  27   35 0.26
   7   26 0.06
   9   24 0.15
   9   18 0.76
  17   34 0.41
  13   27 0.03
  24   28 0.62
   1    5 0.93
  16   32 0.42
  27   44 0.82
  10   22 0.86
  20   35 0.12
  29   37 0.22
  21   21 0.24
   9   20 0.38
   1    7 0.45
  11   25 0.04
  28   40 0.65
  26   29 0.85
   9   14 0.89
  20   24 0.42
  23   26 0.88
  26   27 0.14
   5   20 0.03
   5   14 0.68
  15   31 0.73
   6   14 0.62
   9   12 0.43
  24   29 0.03
   9   10 0.48

  27   42 0.08
   1   13 0.29
  27   46 0.17
  13   28 0.80
  28   36 0.54
   4   18 0.57
  16   24 0.04
  11   23 0.36
  11   25 0.87
  21   31 0.13
   3   17 0.44
   6   24 0.41
   9   24 0.77
   0   13 0.55
   8   23 0.77
  24   36 0.05
  22   25 0.83
   7   23 0.84
   5   21 0.30
  21   29 0.63
  26   34 0.05
   5   16 0.20
  25   41 0.31
  18   37 0.26
   9   23 0.60
  19   27 0.90
  20   38 0.76
   1   10 0.22
   2   19 0.01
  24   29 0.82
  20   34 0.51
   2    8 0.61
  11   12 0.42
   0   12 0.34
  26   28 0.75
  11   13 0.63
  14   28 0.74
   6   20 0.23
   5   17 0.66
   7   23 0.86
  24   33 0.71
  16   35 0.13
   1   12 0.36
  11   24 0.03
  26   39 0.77
  16   25 0.93
   5   12 0.40
  27   35 0.48
  18   27 0.70
  14   33 0.09
  12   25 0.83
  22   26 0.57
   4   21 0.55
  25   44 0.39
  16   19 0.63
  11   13 0.53
  11   23 0.17
   3    5 0.57
  22   30 0.34
  28   35 0.71
  16   21 0.62
   1    5 0.77
  14   17 0.03
   3   16 0.13
  10   20 0.00
  27   31 0.29
   8   25 0.92
  21   38 0.36
  12   21 0.38
   1   14 0.18
  16   31 0.57
   5   16 0.24
  23   26 0.23
   6   24 0.53
  21   38 0.53
  10   24 0.41
  29   43 0.89
   8   18 0.97
   4    4 0.55
   2    8 0.74

