4 25 4
12   16   4   4   2  20   4   4  10  10  10   4  16

  35   74 0.90
  45  104 0.23
  57   77 0.97
  65  109 0.89
  73  128 0.88
  76   91 0.04
  52  100 0.14
  64  124 0.24
  68  122 0.64
  71   83 0.88
  61  135 0.50
  10   54 0.70
  68  144 0.34
  36   67 0.58
  74  144 0.63
  24  104 0.70
  38   66 0.75
  11   32 0.51
  32   78 0.66
   8   34 0.85
   2   67 0.49
  79   99 0.45
  72   75 0.77
  37  113 0.85
  33  105 0.56

  70  130 0.12
  27   50 0.68
  25   56 0.65
  21   69 0.73
   4   50 0.65
  40   62 0.41
   3   59 0.12
  53  130 0.86
   9   23 0.96
  62   79 0.08
  10   38 0.96
  13   36 0.34
  27   50 0.09
  72  121 0.39
  19   34 0.21
  17   62 0.92
  31  108 0.05
  50  122 0.49
  36   84 0.38
  14   83 0.82
   7   42 0.26
  42  107 0.89
  72  105 0.72
  75   84 0.71
  47   75 0.49

  27   87 0.54
  54   75 0.57
  65   76 0.88
   6   36 0.59
   4   34 0.65
  66  110 0.59
  51  109 0.98
  75  114 0.18
  22   41 0.03
  47  104 0.34
  32   84 0.49
  46   98 0.05
  18   47 0.20
  16   32 0.38
  57  112 0.28
  50   77 0.65
   2   79 0.44
  40  115 0.20
  61  136 0.13
  27   40 0.50
  36  113 0.08
  42  102 0.31
   8   53 0.62
   4   60 0.50
  46   97 0.55

  58  116 0.78
  16   63 0.01
  73  153 0.80
  31   89 0.57
   3   12 0.73
  57  103 0.52
  45   55 0.68
  12   64 0.91
  35   58 0.88
  67  109 0.60
   5   49 0.41
  12   83 0.25
  80  103 0.79
   8   69 0.15
  67   85 0.87
  73   81 0.82
  48   87 0.82
   5   13 0.84
  62  125 0.82
  33   66 0.26
  77  128 0.83
  30  104 0.98
  16   80 0.79
  13   40 0.60
  50   90 0.51

  59   78 0.16
  15   86 0.31
  72  116 0.41
  29   76 0.30
  80   80 0.20
  11   88 0.05
   7   29 0.51
  29   84 0.90
  43   91 0.30
  42   82 0.99
  34   58 0.07
  36  103 0.33
  62   95 0.94
  32   77 0.35
  70  108 0.29
  19   68 0.32
  65   69 0.92
  66   74 0.22
  53  108 0.21
  68   85 0.31
   9   40 0.28
  66   79 0.70
  28   30 0.98
  12   76 0.67
  18   87 0.33

  50   84 0.81
  30   88 0.21
  64  120 0.04
  14   78 0.34
  31   93 0.14
  50  130 0.74
  47  107 0.84
  19   70 0.40
  73  110 0.71
  34   91 0.73
   7   15 0.86
   1   73 0.29
  29   99 0.50
  23   37 0.18
  40   66 0.18
   2   77 0.77
  19   92 0.12
  43   68 0.54
  58  129 0.40
  73   85 0.30
  65   82 0.79
  28   40 0.52
  67  144 0.59
  70  131 0.45
  76  133 0.79

  39   97 0.93
  21   28 0.29
  65   95 0.43
  51   51 0.80
  69   70 0.14
  29   38 0.16
  76  116 0.88
  67  102 0.42
  41   80 0.75
   5   47 0.15
  15   27 0.96
  50   60 0.13
   5   21 0.64
  19   98 0.54
  13   85 0.47
  51  116 0.74
  28   30 0.18
  52   85 0.91
  76  139 0.06
  76  151 0.02
  53  117 0.60
  21   92 0.46
  48   56 0.22
  46  123 0.30
  11   83 0.59

   5   80 0.38
  60  109 0.75
   5   62 0.59
  51  121 0.68
  61   63 0.72
  45   73 0.22
  51  131 0.07
  13   50 0.56
  50  130 0.43
  26   96 0.55
  71   89 0.32
   1   53 0.17
  11   91 0.01
   1   56 0.82
  63  108 0.48
  63  129 0.06
  69   93 0.22
  15   38 0.59
  76  151 0.52
  33  105 0.03
  66  140 0.03
  37   39 0.07
  56  109 0.93
  64   93 0.98
  80  117 0.61

  15   83 0.53
  38   39 0.73
  33  108 0.81
  74   90 0.30
  65  132 0.78
  62   96 0.14
  49  103 0.62
  28   98 0.59
  71  150 0.01
  63  142 0.00
   4   39 0.12
  73   82 0.19
  22   28 0.23
  68   94 0.15
   9   83 0.43
  79  133 0.67
  49   67 0.09
  57  131 0.39
  59  124 0.86
  62  109 0.99
  25   68 0.46
  80  149 0.99
  48  115 0.75
  62   74 0.19
  80  103 0.19

  54  122 0.09
   0   71 0.26
  68  130 0.82
  17   22 0.24
  55  108 0.96
  43  107 0.50
  53   90 0.00
  21   39 0.60
  40   62 0.74
  41  121 0.09
  15   65 0.34
  26   90 0.32
  61  125 0.03
  72   87 0.79
  37  116 0.95
  26   83 0.65
  52   91 0.62
  23   59 0.53
  78  115 0.52
  25   83 0.57
  67   83 0.63
  71  139 0.26
  75   92 0.19
  44  105 0.03
  10   25 0.12

   3   42 0.34
  26   59 0.92
  31  101 0.16
  27  106 0.49
  31   74 0.21
  38   68 0.64
  63  103 0.60
  57   67 0.22
  15   94 0.31
  16   44 0.15
  63   70 0.40
  33   65 0.31
  71  141 0.18
  67   90 0.08
  77  104 0.03
  47   95 0.85
  14   66 0.68
  48  122 0.30
   7   40 0.69
  55  102 0.26
  38  117 0.73
  69  119 0.30
  70  124 0.42
  61  132 0.00
  49   60 0.51

  35  106 0.99
  79  139 0.62
  33   92 0.58
  40   52 0.93
  54   87 0.09
  75  117 0.24
  51  128 0.28
  33   69 0.65
  62   71 0.09
  68  114 0.33
  16   31 0.27
  47   86 0.30
  60  105 0.96
  44   63 0.87
  72  134 0.63
  27   97 0.08
  44   80 0.34
  34   62 0.97
  64   92 0.96
  43   59 0.30
  17   74 0.37
  79  153 0.77
  57  118 0.16
  38   53 0.77
  73  116 0.99

