5 30 8
6    2   4  16   4  10   4

  12   26 0.11
   4   13 0.49
   9   17 0.25
  14   18 0.21
  10   15 0.93
   9   14 0.74
   7    9 0.54
   2    4 0.63
  16   22 0.50
   3    9 0.04
   4   17 0.69
  17   18 0.60
   6   17 0.79
  17   28 0.69
   3   14 0.23
   7   14 0.41
   5    5 0.07
   0    0 0.16
  13   23 0.47
  15   16 0.93
  12   12 0.48
   4   11 0.10
  15   21 0.34
  14   24 0.44
   1   14 0.15
  16   20 0.82
   2    9 0.05
  11   21 0.68
   8   14 0.20
   1   11 0.81

   2   15 0.32
  17   22 0.33
   8   10 0.46
  13   22 0.67
   8   12 0.16
  13   23 0.72
  12   26 0.26
  19   26 0.23
   8   11 0.27
  16   19 0.85
   7   21 0.02
   1    3 0.37
  10   13 0.39
   2   13 0.34
  18   25 0.32
   3    8 0.89
   4    8 0.76
   0    3 0.38
   8   15 0.03
  20   33 0.26
  15   23 0.55
   6    6 0.66
  16   19 0.62
   5   18 0.33
  19   20 0.63
   2    8 0.41
   8    9 0.31
  15   17 0.39
   4   18 0.22
  13   13 0.71

  18   25 0.34
   9   23 0.97
   0   11 0.36
  21   31 0.24
   7   16 0.42
   4   18 0.59
   4    6 0.65
   9   20 0.29
  10   24 0.38
  11   15 0.90
  13   23 0.09
   2   16 0.04
   2    3 0.04
  21   33 0.15
  20   28 0.68
   8   18 0.35
   1   11 0.83
  18   29 0.27
  15   18 0.37
   3   16 0.85
  10   24 0.08
  11   25 0.51
   4   14 0.08
   7   15 0.49
   1    2 0.15
  18   32 0.37
  14   22 0.97
   0    0 0.55
  21   22 0.17
   5   16 0.19

  17   28 0.38
  10   21 0.13
   6   15 0.92
   0   10 0.97
   5   12 0.62
   6    8 0.70
  14   28 0.09
  14   28 0.05
  20   31 0.60
  12   21 0.36
   0   13 0.70
   0   11 0.25
  16   26 0.72
   7   15 0.83
  17   31 0.56
   9   19 0.04
  19   21 0.61
  11   16 0.68
   7   16 0.59
   0    0 0.13
   1    5 0.91
   7   15 0.92
  12   26 0.16
  12   13 0.21
  12   19 0.34
  21   35 0.10
  17   18 0.39
   0    5 0.70
   0    2 0.87
   1    1 0.78

   2    2 0.09
  12   23 0.28
   4   13 0.17
   3    8 0.39
   6    9 0.71
  18   29 0.19
   1   14 0.67
  13   20 0.58
  13   24 0.32
   1   11 0.22
   1   10 0.04
  21   30 0.85
   4    9 0.80
   0    7 0.03
  13   20 0.84
   2    7 0.79
  18   23 0.31
   4   13 0.14
   0    4 0.37
  18   23 0.49
   8   12 0.16
  13   23 0.27
  21   27 0.00
  15   18 0.89
   4   16 0.33
   1    1 0.38
   3   15 0.14
  15   23 0.29
   6    9 0.90
   9   10 0.97

   9   12 0.85
  19   20 0.66
  15   28 0.84
  17   21 0.06
  10   24 0.04
   7    9 0.69
  14   22 0.40
   7   21 0.57
  18   20 0.75
   4   15 0.70
   2   16 0.36
   1   13 0.97
   1   15 0.50
  20   27 0.12
   9   12 0.90
  10   17 0.49
  21   31 0.79
  20   21 0.77
  12   14 0.75
  10   12 0.17
   3    7 0.65
  11   24 0.02
   3    5 0.98
  21   35 0.71
  17   30 0.16
   4   12 0.41
  14   28 0.05
  19   33 0.41
  20   27 0.08
  11   15 0.65

