3 80 8
3    4   4  20

  65   66 0.10
  29   82 0.30
  25   52 0.90
  65   69 0.94
  56  124 0.70
  66   71 0.64
  56   89 0.50
  11   14 0.46
  47   85 0.09
   1    2 0.76
  25   79 0.77
   6   59 0.20
  31   77 0.60
  11   29 0.36
   5   69 0.23
  45   64 0.42
  31   62 0.79
  45   93 0.22
  40   73 0.48
   3   60 0.66
  53   72 0.69
  10   10 0.73
   8   49 0.67
  47   74 0.05
  15   82 0.82
  10   48 0.62
  43  108 0.81
  25   45 0.21
  44  103 0.00
  46   65 0.98
  40   41 0.83
  15   22 0.50
  10   14 0.68
  50   82 0.09
  65  109 0.91
  22   36 0.72
  20   53 0.78
  18   43 0.61
   3   69 0.51
   9   44 0.44
  35   36 0.78
  17   25 0.60
  37   79 0.68
  24   48 0.97
  48  110 0.44
  32   73 0.10
  29   85 0.37
  43   59 0.29
  68  116 0.17
  53  107 0.15
  11   26 0.14
  51   79 0.72
   9   72 0.88
  28   86 0.96
  35   58 0.03
  53   93 0.99
  38  105 0.56
  31   82 0.35
  38   88 0.44
  45   96 0.73
  32   43 0.30
  42   61 0.69
  13   21 0.15
  33   69 0.84
  50   72 0.50
   4   18 0.50
  61  106 0.09
  47  107 0.58
  53   63 0.81
  37  104 0.48
  18   83 0.77
   7   46 0.85
  55   73 0.79
  26   87 0.40
  15   69 0.53
  47   70 0.63
  52   73 0.46
  57   59 0.40
   9   65 0.21
  51   88 0.84

  10   56 0.53
  59  121 0.06
  42  104 0.09
  43   97 0.19
  30   93 0.46
  65  119 0.68
   7   27 0.39
  66   68 0.69
  56   64 0.09
  34   80 0.77
   8   43 0.33
  42   91 0.63
  57   75 0.79
  55   69 0.42
  23   59 0.41
  63   73 0.70
   0   49 0.73
  61   99 0.33
   1   39 0.58
  33   42 0.51
  18   48 0.97
   9   50 0.91
  25   71 0.25
  13   48 0.09
  33   51 0.54
  48   56 0.77
  31   63 0.64
  27   30 0.26
  40   87 0.66
  40   70 0.12
   4   22 0.42
  18   32 0.24
  11   62 0.29
  63  100 0.11
  48  110 0.84
  23   80 0.92
  46   89 0.64
   5   33 0.37
  17   25 0.22
  66  123 0.88
   0   35 0.28
  11   25 0.66
  46  107 0.97
   9   76 0.03
   0   23 0.60
  53   97 0.71
  39   68 0.87
  46   72 0.77
   3   34 0.77
  41   84 0.47
  59  119 0.28
  15   61 0.95
  61  104 0.48
  19   52 0.83
  48   81 0.21
  40   83 0.23
  43   67 0.71
   4   70 0.05
   9   20 0.34
   4   11 0.40
   2   29 0.76
  33   72 0.71
  38   77 0.92
  15   35 0.72
   0   53 0.19
  62  125 0.18
  58  118 0.95
  35   84 0.30
  55  121 0.06
  46   82 0.06
  10   53 0.80
   7   21 0.62
  56   99 0.66
  52   95 0.24
  44   67 0.87
  29   49 0.88
  45   61 0.76
  30   45 0.27
  65   80 0.39
  52  109 0.09

  35   81 0.66
  56   78 0.14
  54  100 0.74
  47   61 0.19
  41   72 0.07
  14   57 0.77
  59  103 0.03
  61  129 0.31
  21   30 0.64
  48   82 0.98
  66  128 0.98
  22   79 0.06
   6   52 0.64
  41   71 0.54
  13   30 0.44
  32   87 0.77
   7   50 0.89
  50  109 0.28
  25   27 0.98
   0   59 0.83
   3   50 0.84
  42   52 0.05
  55   95 0.34
  34   36 0.31
  30   37 0.67
   7   69 0.13
  66   98 0.59
  55  112 0.62
  13   36 0.66
  19   69 0.06
  42   73 0.64
  56  104 0.65
  36   41 0.39
  46   93 0.39
   7   39 0.57
  67  129 0.99
  44   87 0.90
  63   92 0.43
  68   87 0.02
  47   65 0.42
   2    8 0.91
  37   45 0.06
  35   51 0.64
  10   39 0.43
  67   99 0.25
  42  107 0.83
   0   30 0.28
  32   57 0.91
  24   51 0.36
  19   66 0.43
  25   47 0.90
   3   25 0.19
  50   73 0.50
  56   86 0.53
  23   66 0.87
  61   76 0.99
  51   96 0.07
  18   49 0.03
  63  104 0.38
  59   75 0.50
  21   27 0.49
  12   69 0.64
  21   33 0.51
   3   19 0.46
   5   25 0.89
  46  112 0.63
  55   73 0.72
  25   52 0.62
  35   68 0.88
  54   61 0.15
  23   64 0.63
   0   29 0.24
  62   94 0.73
  33   99 0.19
  28   31 0.09
  47   87 0.17
  55   76 0.36
  49   69 0.12
  15   59 0.27
  38   78 0.61

