3 15 4
12   16   2   4   2  10  16  16   4  16  20   2  10

  58  105 0.35
  36   39 0.92
  53   79 0.52
  14   29 0.41
  37   62 0.19
  20   64 0.94
  21   86 0.45
   3   66 0.96
  56  119 0.84
  15   70 0.71
  51   72 0.64
  12   16 0.52
  21   41 0.36
  13   40 0.43
  41  104 0.43

  58   92 0.98
  56   88 0.34
  17   43 0.71
  27   78 0.66
  23   26 0.86
   6   58 0.10
  13   64 0.68
  65  129 0.83
  38   99 0.15
  37   51 0.84
  38   98 0.74
  32   70 0.17
  70  137 0.48
  35  105 0.66
  41   75 0.07

  66   66 0.52
  63  134 0.61
  38   82 0.80
  33   35 0.99
  46  117 0.25
  14   68 0.46
  12   71 0.64
  54   87 0.05
  10   79 0.38
   0    7 0.71
  28   99 0.83
  35  107 0.58
  42   42 0.52
   1   48 0.22
  56   63 0.25

  31   33 0.36
   0   60 0.47
  56   97 0.45
  18   71 0.49
  27   50 0.02
  34   75 0.35
   0   55 0.24
   1   31 0.34
  14   19 0.02
  10   78 0.61
  22   87 0.57
   5   45 0.84
  12   17 0.60
   8   65 0.52
  16   43 0.57

  51   65 0.85
  39  102 0.50
  58  118 0.49
  40   87 0.03
  19   80 0.86
   5   36 0.75
  50  101 0.03
  10   75 0.14
  32   99 0.49
  60  124 0.24
  58  108 0.75
  39   72 0.36
  29   71 0.97
  11   55 0.71
   4   35 0.31

  18   36 0.56
  55   82 0.09
   5   23 0.83
  40   96 0.78
  12   36 0.68
  19   91 0.61
  34  101 0.49
  70   75 0.96
  26   70 0.32
  56  102 0.14
  38   77 0.72
  65   80 0.67
  35   93 0.93
  14   19 0.03
  47  107 0.08

  10   64 0.21
  65  107 0.82
  43   51 0.43
  12   54 0.98
  10   55 0.15
  60  102 0.55
  18   32 0.49
  29   60 0.31
  13   76 0.22
  20   85 0.88
  69   76 0.18
  48  103 0.94
  70   91 0.68
  57  129 0.29
   7   42 0.31

   3   39 0.75
   7   69 0.53
  18   60 0.94
  16   25 0.95
   3   51 0.86
  24   36 0.46
  25   93 0.73
  33   83 0.26
  12   46 0.40
   0    2 0.87
  41   72 0.89
  49   52 0.98
   8   74 0.49
  28   59 0.49
  11   11 0.06

  11   15 0.21
  37   87 0.82
  58  115 0.86
  53   73 0.83
  48   79 0.00
  12   19 0.68
  39   82 0.87
  51   96 0.19
  47   50 0.82
  27   50 0.12
  27   41 0.14
  63   84 0.47
  33   97 0.52
   9   35 0.80
  63  119 0.04

  24   26 0.79
  45   48 0.39
  68  119 0.02
  56  112 0.90
  49   70 0.48
  37  103 0.60
  62   74 0.00
  22   48 0.73
  62   66 0.93
  23   82 0.16
  29   41 0.37
  18   69 0.34
  31   84 0.13
   6   49 0.67
  19   34 0.86

  56  119 0.38
  64   69 0.72
  59  102 0.70
  29   96 0.15
  69  110 0.37
  27   85 0.60
  56  114 0.82
  29   78 0.51
   1    3 0.41
  71   81 0.58
  54  122 0.52
  34   77 0.29
  67   96 0.02
   9   79 0.49
  67   95 0.66

  54  109 0.25
  36   77 0.21
  67  112 0.75
  22   78 0.00
  69  139 0.47
  27   89 0.81
  62  105 0.06
  38   90 0.50
  50   56 0.27
  61   69 0.93
   1   46 0.17
  29   85 0.60
  69  115 0.65
  43   63 0.26
   7   77 0.99

