4 60 8
3   20  16   2

  11   50 0.98
   3   38 0.32
   2   12 0.46
   4   18 0.47
  16   54 0.88
   0   34 0.77
  15   56 0.32
   6   23 0.05
   6   26 0.31
   4   12 0.33
  13   46 0.21
  12   15 0.15
   0   45 0.36
   4   43 0.01
  14   58 0.45
   9   11 0.33
  10   17 0.18
  16   33 0.67
   6   12 0.99
   4   25 0.71
  12   14 0.54
  13   56 0.07
   0   17 0.56
  16   66 0.36
   2   34 0.91
   3    5 0.30
   6    7 0.35
   5    7 0.45
  16   64 0.11
  16   28 0.66
  16   52 0.17
   7   54 0.28
   4   33 0.23
  11   13 0.47
  12   34 0.26
   9   35 0.05
   1   39 0.63
   8    9 0.69
  11   43 0.17
  15   52 0.05
  16   47 0.50
   5   32 0.94
   5   23 0.79
  10   41 0.86
   4    9 0.33
  13   38 0.45
  11   11 0.66
   4   16 0.70
   6   28 0.65
  11   18 0.47
  16   20 0.51
   5   19 0.88
   5    9 0.43
   2   45 0.05
  10   56 0.45
  13   30 0.79
   1   10 0.02
   1   50 0.07
  12   52 0.77
  11   31 0.25

   5   10 0.56
   8   14 0.80
   1   34 0.21
   3   40 0.92
   6   50 0.50
   2   34 0.03
  12   37 0.94
   7   47 0.15
   2   16 0.95
   6   46 0.52
   0   40 0.52
   3   40 0.71
  15   37 0.28
  15   55 0.97
   4   23 0.67
   8   27 0.58
   8   54 0.80
   0   10 0.87
   0    9 0.19
  12   64 0.96
  14   31 0.99
   9   51 0.96
   8   13 0.40
   0    0 0.84
   1    4 0.00
   7   12 0.23
   0   47 0.68
   1   11 0.18
   8   57 0.62
   2   50 0.11
  11   26 0.77
  12   58 0.51
   7   51 0.16
   4   37 0.99
   3    7 0.62
   5   18 0.05
   2   42 0.59
  16   62 0.82
  13   41 0.81
  10   18 0.24
  11   43 0.21
  10   13 0.30
  12   52 0.45
   0   39 0.12
   1    3 0.63
  10   48 0.43
   0    3 0.89
   8    8 0.60
   8   17 0.62
   1   40 0.61
   3   45 0.61
   0   43 0.54
   9   53 0.02
   8   43 0.01
  15   52 0.83
   2   25 0.12
   1   48 0.39
   6   16 0.40
   6    6 0.66
   6   19 0.43

  16   56 0.17
   2   36 0.88
  15   41 0.14
  13   20 0.11
  11   48 0.07
   7   27 0.52
  10   62 0.07
  16   26 0.43
  11   12 0.02
   8   58 0.38
  12   27 0.31
   0    6 0.93
   2   50 0.31
  10   37 0.92
  10   24 0.05
   2   47 0.64
  11   36 0.85
   3   37 0.62
   3   48 0.32
  12   17 0.00
   8   57 0.28
   6   16 0.94
   0   37 0.75
   7   35 0.85
   2    8 0.99
  15   17 0.14
   6   28 0.55
  13   42 0.36
   0   49 0.31
   7   49 0.20
  16   21 0.10
   7   25 0.72
  10   50 0.57
  16   60 0.24
   6   29 0.85
   9   36 0.01
   7   43 0.69
   5   24 0.54
   2    3 0.61
  15   58 0.41
   9   40 0.75
   0   24 0.62
   9   36 0.41
   9   36 0.58
  10   34 0.11
   2   37 0.77
  11   50 0.67
   2   11 0.26
   1   11 0.72
  12   12 0.61
  16   28 0.65
  16   43 0.29
  12   21 0.08
   9   50 0.23
   3   30 0.82
   3   48 0.25
  12   32 0.54
  10   45 0.27
   2   36 0.70
  10   40 0.68

