4 30 8
6    4  16  16  20  16  10

  31   81 0.86
  50   54 0.92
   3   45 0.55
  10   41 0.18
  53   70 0.38
   0   46 0.71
   1    1 0.08
  25   79 0.10
  52   87 0.00
  55  109 0.76
  27   40 0.97
   3   16 0.34
   0    3 0.28
  48  100 0.51
  44   52 0.93
  23   36 0.40
  18   19 0.30
  24   52 0.42
   8   19 0.83
  45   75 0.25
  47   82 0.29
  12   46 0.88
  12   37 0.31
   0   29 0.43
  35   62 0.60
  29   45 0.57
   8   33 0.28
  54   87 0.73
  22   32 0.22
  46   86 0.89

   9   60 0.63
  38   88 0.00
  25   32 0.19
  51   96 0.52
  17   28 0.07
  44   98 0.09
  40   42 0.46
  19   55 0.97
  38   94 0.94
  52   65 0.15
  11   33 0.36
  31   77 0.50
  17   33 0.19
   2   48 0.47
  33   80 0.77
  14   33 0.32
  42   68 0.92
  53   59 0.05
   3   36 0.46
  39   60 0.11
  30   53 0.55
  34   59 0.25
  43   44 0.35
  52   66 0.73
  27   69 0.48
  26   58 0.90
  27   38 0.99
  52   57 0.54
  48   57 0.49
  29   32 0.26

   5   41 0.84
   1   24 0.87
   7   16 0.29
   9   10 0.15
  43   94 0.51
   4   42 0.60
  16   63 0.73
  21   46 0.80
  26   50 0.72
  14   26 0.66
  31   49 0.36
  54   83 0.63
  24   55 0.10
  12   25 0.81
  43   95 0.85
  43   51 0.09
   3   31 0.79
  21   47 0.21
  33   69 0.50
  10   19 0.99
  30   50 0.50
   8   36 0.08
  13   13 0.36
  55   60 0.57
  38   39 0.60
  12   37 0.80
  47   47 0.73
  17   29 0.16
  35   59 0.35
   2   40 0.02

  53   90 0.89
  12   49 0.84
  43   94 0.12
  14   32 0.94
  45   61 0.05
  22   78 0.93
  19   52 0.08
  42   93 0.20
  11   55 0.11
   9   50 0.98
  55   67 0.41
  21   21 0.34
   7   62 0.42
  30   38 0.08
  32   78 0.70
  41   43 0.39
  24   40 0.53
  21   39 0.73
  22   38 0.89
  14   31 0.96
  34   64 0.46
  24   77 0.17
  37   67 0.84
  12   51 0.73
  43   50 0.34
  41   95 0.31
   2    5 0.95
  10   61 0.78
  10   29 0.02
  37   73 0.60

  12   39 0.24
  13   26 0.87
  49   54 0.72
  42   53 0.27
  50   55 0.43
   7   58 0.50
  27   72 0.75
  44   67 0.65
   5   53 0.95
  33   87 0.43
  28   35 0.39
  31   57 0.19
  49   92 0.81
  49   76 0.85
  10   27 0.60
  38   71 0.76
  23   37 0.47
  10   47 0.02
  15   67 0.77
   0   54 0.78
   2   28 0.64
  29   67 0.55
  52   79 0.37
  48   95 0.23
  13   28 0.87
  34   38 0.25
  40   65 0.41
   9   42 0.49
  10   59 0.01
  13   58 0.32

  38   51 0.40
  14   48 0.34
  30   41 0.07
   0   12 0.14
  53   92 0.11
   6   28 0.56
  31   48 0.15
  20   39 0.18
  47   79 0.99
  25   43 0.28
  51   94 0.70
  23   63 0.23
  42   60 0.96
  54   99 0.52
  24   80 0.15
  48   55 0.94
  28   73 0.83
   2   23 0.31
  12   42 0.22
  31   57 0.27
  19   36 0.64
  43   78 0.16
  28   45 0.92
  46   51 0.99
   3   49 0.85
  44   99 0.18
  53   97 0.33
  20   33 0.98
  26   52 0.10
  10   47 0.95

