5 100 8
3    2  10  10

  11   22 0.26
   4    5 0.89
  12   18 0.12
  11   15 0.44
   3   13 0.28
   9   20 0.75
  12   22 0.25
   2   13 0.58
   3    4 0.95
   6    8 0.45
   7    9 0.15
  12   17 0.12
   9   18 0.84
   7   12 0.66
   2    4 0.05
   0   10 0.19
   7   15 0.51
   8   16 0.33
  11   15 0.80
  11   17 0.53
   6   13 0.02
   3    8 0.37
   5   14 0.51
   9    9 0.38
   2    7 0.01
   2    6 0.63
   0    9 0.46
   4   14 0.25
   6    7 0.82
  12   12 0.13
   8   12 0.14
  11   17 0.35
   8   16 0.36
   0    5 0.99
   1    8 0.41
   2    4 0.70
   2    3 0.06
   0   10 0.79
   6   10 0.72
  11   18 0.54
   9   10 0.77
  12   21 0.97
   2    6 0.68
   7   16 0.12
  10   10 0.55
   0    8 0.78
   0    5 0.65
   6   14 0.02
   3   11 0.41
   3   14 0.81
  10   12 0.12
  12   15 0.94
  12   14 0.56
  10   13 0.72
   1   11 0.25
   2    9 0.54
  12   23 0.07
   8   12 0.04
   6   11 0.85
   5   12 0.60
   7   14 0.00
   0   10 0.96
   9   18 0.60
   4   16 0.14
   2   12 0.60
   2    6 0.22
   6   16 0.94
   0    7 0.80
   5    5 0.71
   0    8 0.51
   5   16 0.06
  12   23 0.09
   7   16 0.68
   2    3 0.72
   0    3 0.39
   2    9 0.00
   6   14 0.89
   5    9 0.77
   5    7 0.07
   0    2 0.83
  11   18 0.10
  10   14 0.41
   1    4 0.77
   7    8 0.83
   0    3 0.09
   8   11 0.07
   1   12 0.62
   0   10 0.70
   9   19 0.09
   6    9 0.04
   9   16 0.42
  12   20 0.62
   4    5 0.37
   5    6 0.61
  11   12 0.88
   0    7 0.59
   8   18 0.83
   2    7 0.82
   0    5 0.40
  11   12 0.91

  11   18 0.05
   2    9 0.99
   5   12 0.32
   3   12 0.52
   5    9 0.44
   6   18 0.07
   6    8 0.53
   0    5 0.66
   7   11 0.36
   0    0 0.70
   9    9 0.27
   4   11 0.85
   2    5 0.06
   3    4 0.68
   6   18 0.26
  10   20 0.02
   6    6 0.43
   5   13 0.18
  10   18 0.87
   3   10 0.53
  10   19 0.01
  10   11 0.75
  12   15 0.06
   1   10 0.06
   1    5 0.95
   6   18 0.64
  11   22 0.66
   9   20 0.17
   8   10 0.50
   6   11 0.92
   8   20 0.78
  11   12 0.51
  12   18 0.61
   4    4 0.68
   8   13 0.33
  12   19 0.18
  12   24 0.77
   6   11 0.21
  11   21 0.29
  12   22 0.70
  12   17 0.46
   8   19 0.30
   1    6 0.64
   5   13 0.46
   5    5 0.33
   2    8 0.67
  10   13 0.44
  10   15 0.61
   6   18 0.19
   7   12 0.86
   1    8 0.11
   8   18 0.81
   7   14 0.29
   6   10 0.82
  10   16 0.65
   3    8 0.97
   3    9 0.45
  10   13 0.66
   5    5 0.08
   5   16 0.49
   3    7 0.60
   8   15 0.83
   2    5 0.77
   5    5 0.99
   6    8 0.04
   9   20 0.05
  10   10 0.42
  10   22 0.93
   6    6 0.59
  10   16 0.22
  12   21 0.88
   8   20 0.98
   7   10 0.45
   7   15 0.36
  12   12 0.79
   5   14 0.48
   2   11 0.88
   1   12 0.28
   4   10 0.46
   6   18 0.97
  11   18 0.02
   4   12 0.95
   9   21 0.59
   6   16 0.40
   8   15 0.67
  12   15 0.08
   0   12 0.70
   5   10 0.03
   2    4 0.66
  11   12 0.94
   6   17 0.53
   6   10 0.92
   5   11 0.68
   8   12 0.08
  12   22 0.33
   6   16 0.05
   7   16 0.68
   1    4 0.94
   8   15 0.11
   3   15 0.35

   7    8 0.75
   2    3 0.71
   5   12 0.50
   8   19 0.61
   3    5 0.68
   5   13 0.36
   7   10 0.79
   5   15 0.16
   8   14 0.53
   6   18 0.98
   2   12 0.45
  12   13 0.10
   9   13 0.30
   1    9 0.27
  12   15 0.70
  11   17 0.31
   7    7 0.10
   8   18 0.57
   4   12 0.74
   7   18 0.16
   2    6 0.48
   2    8 0.16
   7   14 0.11
  11   13 0.91
   8   19 0.24
   7   15 0.70
   7   17 0.77
  12   23 0.63
   7   12 0.63
   9   14 0.24
   1    1 0.03
   9   13 0.17
  10   21 0.31
   0    4 0.82
  11   15 0.98
   4    8 0.02
   8   20 0.55
  10   17 0.78
   4    9 0.53
   5   10 0.54
  10   15 0.05
   5   14 0.74
   2   11 0.56
   8   19 0.28
   0   11 0.53
   6    6 0.08
   5    6 0.69
   9   19 0.98
   0    3 0.09
   1    5 0.54
   7    9 0.60
   8   19 0.92
   5   10 0.18
   3    4 0.33
   2    6 0.83
   3    6 0.45
   9   12 0.31
   4    8 0.61
   2    7 0.74
  10   10 0.02
   6   13 0.07
  12   16 0.18
   6    8 0.31
   9   18 0.91
   0    1 0.92
  11   18 0.22
  10   17 0.17
   1    8 0.22
   1    1 0.22
  11   11 0.51
   8   16 0.72
  11   18 0.45
   2    8 0.80
  11   17 0.06
   3   15 0.92
   6   11 0.06
   6   18 0.57
   2    2 0.29
   3    4 0.92
   1    3 0.33
   6   18 0.78
  10   16 0.73
   3   12 0.45
  12   20 0.46
   1    3 0.76
   2   10 0.84
   0    3 0.80
  11   22 0.21
   9   21 0.53
   2    7 0.25
   2   13 0.83
   1   10 0.38
   8   12 0.26
   4    8 0.36
   2    4 0.26
   3    4 0.17
   0    4 0.82
   1   10 0.44
   3    6 0.54
   7   12 0.21

