5 25 4
12   10   4   4  16  20   2   4  20   2   4   2  10

   3   14 0.82
  40   44 0.98
   2   51 0.04
  56   69 0.40
   5   42 0.72
   3   63 0.82
  17   39 0.75
  53   93 0.02
  12   20 0.24
   4   14 0.07
  17   26 0.62
  34   83 0.90
   7    8 0.83
  37   69 0.93
  42   85 0.75
   0    5 0.79
  41   70 0.39
  48   65 0.21
  35   50 0.35
  59   84 0.69
  24   36 0.60
  21   31 0.02
   5   44 0.26
  13   59 0.90
   1   30 0.46

  42   57 0.51
  28   55 0.77
   0    6 0.58
  50   61 0.28
  50   83 0.39
  13   18 0.02
   5   50 0.73
   3   45 0.44
  36   84 0.86
   2   29 0.48
  14   31 0.86
  10   20 0.90
  35   56 0.82
   2   11 0.80
  41   62 0.67
   7    7 0.33
  19   40 0.89
  56   97 0.39
   4   17 0.38
  29   34 0.08
  40   53 0.65
  13   63 0.70
  22   59 0.66
  18   28 0.14
  21   30 0.00

   7   16 0.38
   9    9 0.07
  58   96 0.85
  29   69 0.25
  25   40 0.92
  36   36 0.98
  60   69 0.92
   1   13 0.19
   6   32 0.52
  60   94 0.66
   9   51 0.99
  40   83 0.05
  16   23 0.65
  36   90 0.02
  33   56 0.66
   0   32 0.98
  15   17 0.97
  35   69 0.86
  32   62 0.13
  40   70 0.58
  57   67 0.45
   2   12 0.57
  32   82 0.34
  44   49 0.52
  29   79 0.39

  36   42 0.55
  41   42 0.63
  38   87 0.75
  57  108 0.03
   4   12 0.28
  15   32 0.62
  39   43 0.11
  29   39 0.91
  10   33 0.95
  25   76 0.99
  27   86 0.40
  55   70 0.46
  37   54 0.84
  40   88 0.26
  46   55 0.17
  32   54 0.99
  57  104 0.37
  43   82 0.96
  11   71 0.33
  49  102 0.73
  28   70 0.03
  25   65 0.98
   3   42 0.02
  35   79 0.95
   2   40 0.93

  11   27 0.51
   9   20 0.30
  46   69 0.74
  46   96 0.40
  58  110 0.14
  54   58 0.87
  26   46 0.22
  59   80 0.95
  59   74 0.89
  16   30 0.30
  13   24 0.73
  12   43 0.33
  48   66 0.24
  56   69 0.38
  11   32 0.68
   2   50 0.26
  57   82 0.81
  17   36 0.90
  36   89 0.68
  38   92 0.63
  51  105 0.10
  25   27 0.65
   5   37 0.52
  60  112 0.09
  33   84 0.12

  46   85 0.37
   2   52 0.52
  43   61 0.42
  34   65 0.35
  38   82 0.31
  55   83 0.49
  47   82 0.69
   7   14 0.54
   3   35 0.97
  48   51 0.82
  52  107 0.12
  15   58 0.81
  28   43 0.12
  54   80 0.04
  52   93 0.84
   0    0 0.33
  57  117 0.90
  56   79 0.33
  37   77 0.45
  39   50 0.23
  10   19 0.99
  33   64 0.42
   2   10 0.30
   7   40 0.15
  34   87 0.68

  37   87 0.77
  44  100 0.38
   7   20 0.98
  27   35 0.17
  57   91 0.80
  54  113 0.29
  27   59 0.42
  55  107 0.88
  39   66 0.72
  56   93 0.13
  16   34 0.98
  26   58 0.17
   5   42 0.97
  32   41 0.84
   3    5 0.06
  54   56 0.07
  23   83 0.99
  15   60 0.21
  29   45 0.96
  46   98 0.11
  19   51 0.64
  43   52 0.89
   9   54 0.39
  54   89 0.97
  35   78 0.39

  19   56 0.49
  50   93 0.39
  41   90 0.40
  16   61 0.77
  51   91 0.49
  42   60 0.53
  22   27 0.78
  59  109 0.74
  24   64 0.07
  53   66 0.57
  41   60 0.58
  26   37 0.07
  52   67 0.84
  25   39 0.18
  39   78 0.96
  47   51 0.14
   9   45 0.59
  22   49 0.21
  12   45 0.55
  21   39 0.33
  33   37 0.48
  23   40 0.93
  44   44 0.62
   0   21 0.95
  24   54 0.43

  44   60 0.06
  27   52 0.37
  52   73 0.79
   5   23 0.50
  26   62 0.59
  44   76 0.73
   0    2 0.31
   9   36 0.87
  27   35 0.68
  56  112 0.41
  18   72 0.69
  49   53 0.61
  50   80 0.52
  18   61 0.11
  10   37 0.71
  32   33 0.21
  25   42 0.48
  27   33 0.39
   1    8 0.24
   8   48 0.36
  27   78 0.77
  57   93 0.29
  20   43 0.73
  40   57 0.88
  21   78 0.66

  31   87 0.78
  23   79 0.18
  29   44 0.79
  24   70 0.73
  60   92 0.39
  60   97 0.55
  51   77 0.42
  27   78 0.43
  45   70 0.74
   5   49 0.85
  18   28 0.83
  36   42 0.14
  36   54 0.22
  54   98 0.56
   2    2 0.60
   6   25 0.95
  56   79 0.15
  40   64 0.73
  53   61 0.56
   0   28 0.35
  37   83 0.71
  60   76 0.56
  20   33 0.91
  43   61 0.46
  50   57 0.09

   5   64 0.49
  23   51 0.20
  57  115 0.58
   7   23 0.65
  16   42 0.87
  48   87 0.59
  38   47 0.09
  47   83 0.45
  24   63 0.36
  23   78 0.68
  54   75 0.73
  22   62 0.37
  59  119 0.38
  49   70 0.75
  51   64 0.63
  60   88 0.37
  20   25 0.78
  48   98 0.44
   3   18 0.95
  34   42 0.33
  55   72 0.44
  56   89 0.93
  18   27 0.59
  10   29 0.06
  39   48 0.06

   4   37 0.61
  37   46 0.99
  10   44 0.79
  17   63 0.65
  22   57 0.87
  17   54 0.47
  50   76 0.51
  54  112 0.92
  46   95 0.12
  51   98 0.01
   1   51 0.33
  25   48 0.70
  43   46 0.62
  39   69 0.81
  27   63 0.53
  13   48 0.35
  24   59 0.46
   6   21 0.90
   0   15 0.97
  39   77 0.22
  28   81 0.20
  46   94 0.39
   4   40 0.75
  10   56 0.86
  11   16 0.61

