3 100 4
3   10  10  16

  57  105 0.07
  60   77 0.94
 182  224 0.58
  29  153 0.44
 111  229 0.84
   3  102 0.02
 100  188 0.38
 165  292 0.96
  44  152 0.73
  18   35 0.65
 153  203 0.68
  30   49 0.90
 130  261 0.26
 132  223 0.81
 104  134 0.33
  19  116 0.96
 129  253 0.79
 189  269 0.23
  39   97 0.02
 160  284 0.29
 128  207 0.39
 188  211 0.36
 118  245 0.64
 135  258 0.40
  22   52 0.56
   2  104 0.84
  79  170 0.40
  24  155 0.34
  54  114 0.93
 201  217 0.15
 127  209 0.98
 216  346 0.47
  28  147 0.14
 134  248 0.04
 130  181 0.69
  28  172 0.22
 200  234 0.51
 138  249 0.82
 183  239 0.47
 205  340 0.00
 116  239 0.07
  39  136 0.13
 161  198 0.69
 198  198 0.52
  71  146 0.03
 162  281 0.65
 107  252 0.41
  79  210 0.00
 203  279 0.38
  34  135 0.81
 170  284 0.74
  41  144 0.04
  59   83 0.15
  17   80 0.03
 133  141 0.21
  75  196 0.81
 153  228 0.50
 148  215 0.42
  72   90 0.58
  93  199 0.23
 120  125 0.54
  91  198 0.21
  75  107 0.61
  10   49 0.19
 114  160 0.15
 119  244 0.51
 175  281 0.77
  31  167 0.66
  86  134 0.27
  99  143 0.30
  46  160 0.25
 101  224 0.38
 198  260 0.26
 145  149 0.32
 187  331 0.86
 173  257 0.03
 152  251 0.95
  55  130 0.63
 223  358 0.16
 212  361 0.21
 214  236 0.04
  37  121 0.28
   2   78 0.05
 190  213 0.17
 159  264 0.05
  86  110 0.31
 123  149 0.54
 207  322 0.23
  57  136 0.48
 146  272 0.13
 111  204 0.60
 105  159 0.98
 106  159 0.35
  29   61 0.22
 102  108 0.50
  95   98 0.50
  41  173 0.71
 113  135 0.20
 107  194 0.08
  21   33 0.78

 181  308 0.44
  87  116 0.47
   2   43 0.11
  60  110 0.75
 195  287 0.45
  33  171 0.23
  83  196 0.02
  42   70 0.35
  20  126 0.42
 115  153 0.28
 130  265 0.09
 130  203 0.50
  95  161 0.87
 137  142 0.25
 139  249 0.09
 136  280 0.29
  53   64 0.36
  38  150 0.35
   0   60 0.68
 133  247 0.00
 194  195 0.98
 206  340 0.19
 150  228 0.69
 208  266 0.98
  35  116 0.55
  87  201 0.37
  94  173 0.98
 130  169 0.26
 174  181 0.77
  99  185 0.10
 114  207 0.32
 201  222 0.44
 223  330 0.54
 126  172 0.65
  68  141 0.43
  39   94 0.09
 140  243 0.80
 143  221 0.70
 206  232 0.11
 219  255 0.32
 159  267 0.73
 101  215 0.11
 170  264 0.34
 200  338 0.22
  46   79 0.38
 198  210 0.11
 213  214 0.47
  82  215 0.60
 206  255 0.84
 215  271 0.96
 174  195 0.63
  84  228 0.18
  23   40 0.88
 198  285 0.36
  88   96 0.18
  78  207 0.18
 180  203 0.82
 221  340 0.19
  94  224 0.33
 203  305 0.30
 180  227 0.97
  66  151 0.38
 193  290 0.98
 180  319 0.82
 115  157 0.30
 163  255 0.47
 111  128 0.15
  93  158 0.54
 186  235 0.88
 143  250 0.36
  83  199 0.51
 131  208 0.03
  94  189 0.34
  44  142 0.33
   3  107 0.97
 147  246 0.79
  23  135 0.70
  48   64 0.11
  51  155 0.87
  21   50 0.86
  41  106 0.49
 149  229 0.61
  26   31 0.66
 103  161 0.91
  27  118 0.07
 163  237 0.53
 165  231 0.19
 100  214 0.44
 137  280 0.41
 169  256 0.83
 135  259 0.74
 213  241 0.90
  79  185 0.04
 113  225 0.32
   3   90 0.65
 173  186 0.95
  89  162 0.95
 111  127 0.22
 191  203 0.20
  28  162 0.92

  21  133 0.56
  76  193 0.70
 196  250 0.07
 182  220 0.10
 190  279 0.60
  44  100 0.10
  14   87 0.71
  43   81 0.68
 106  228 0.73
 116  241 0.60
 107  119 0.80
   6   88 0.76
 190  193 0.80
 155  234 0.43
 176  209 0.35
 126  155 0.73
 220  324 0.14
  85  195 0.41
 183  291 0.60
 105  126 0.87
  57  123 0.42
 167  199 0.14
 158  273 0.43
  96  162 0.77
 155  202 0.33
 118  221 0.07
 116  140 0.39
   5  124 0.47
 133  162 0.26
 116  190 0.53
 156  210 0.78
 136  169 0.81
 129  230 0.80
  13  121 0.67
  75  120 0.06
 182  202 0.78
 220  223 0.68
 185  285 0.89
  91  171 0.84
 138  195 0.45
  49   90 0.70
  37   85 0.15
 190  323 0.88
  21  167 0.84
 179  180 0.16
 106  193 0.54
 129  219 0.84
 211  307 0.26
  45   59 0.70
 201  295 0.89
  78  219 0.77
  22  149 0.15
  92  237 0.84
 149  241 0.59
  35  159 0.14
 132  167 0.65
 162  261 0.60
  69  154 0.92
 174  244 0.02
 192  276 0.22
 193  251 0.21
 205  255 0.01
 215  239 0.37
  13   30 0.88
 136  205 0.57
  50  135 0.72
 102  201 0.90
  97  139 0.20
  40   52 0.68
 149  175 0.19
  90  230 0.64
 129  134 0.38
  99  227 0.53
 152  200 0.80
 143  244 0.13
  71  173 0.59
 213  303 0.81
  63  162 0.69
 202  288 0.26
 142  188 0.85
 212  314 0.05
  80   81 0.65
 164  305 0.13
 143  252 0.52
  27   40 0.80
  77   88 0.67
 142  167 0.96
  23  121 0.05
  21  153 0.97
 125  229 0.62
 136  228 0.83
  59  140 0.32
 158  302 0.99
  24   37 0.57
  53  174 0.72
 167  306 0.17
  20  138 0.18
 147  208 0.80
  97  109 0.09
 178  230 0.06

