4 30 4
6   10  20  10  20  10  10

  53  116 0.06
  21   26 0.50
  57  120 0.71
  71  122 0.19
   0   68 0.12
  72  125 0.95
  45   60 0.58
  14   84 0.21
  54   62 0.41
  45   88 0.16
   5   14 0.98
  71  140 0.64
  24   70 0.14
   1   81 0.32
  31  115 0.79
  57  124 0.41
  66  136 0.13
  46   64 0.31
  29   52 0.85
   6   26 0.77
  12   19 0.92
  62  126 0.63
  65  106 0.12
  35   95 0.02
  35  113 0.30
   0   87 0.39
  52  158 0.31
  65   92 0.43
   5   11 0.88
  56  100 0.00

  18   19 0.59
  26   66 0.02
  38   47 0.29
   8   82 0.91
  40  127 0.37
  71  116 0.21
  39  141 0.04
   3   81 0.71
  22  122 0.88
  35   86 0.84
  72  107 0.00
  55  135 0.12
  33   90 0.28
  45   59 0.77
  25  111 0.52
  13   81 0.67
  11   25 0.72
  43   71 0.34
  65   96 0.37
  22   39 0.87
  57  103 0.45
  70  175 0.01
  16   56 0.77
  20   37 0.99
   3   34 0.28
  19   57 0.78
  51  131 0.49
  67  157 0.93
   6  108 0.85
  63  106 0.13

   9   29 0.53
  48   59 0.03
  43  150 0.81
  55   64 0.86
  69  100 0.07
   7   17 0.12
  16  105 0.61
   4   40 0.22
  13   33 0.14
  26  118 0.58
  74  100 0.87
  56   56 0.86
  37  110 0.81
  54   60 0.50
  16   97 0.28
  22   33 0.94
  55  110 0.95
   1   85 0.43
  13  116 0.95
  38  145 0.87
   4   20 0.03
  15   22 0.67
   9   35 0.74
  58   67 0.85
  66  162 0.27
   6   25 0.50
  50  149 0.96
  32  125 0.28
  66  154 0.42
  50   74 0.37

  14   37 0.62
   7   82 0.44
  50   72 0.75
  19   84 0.66
  59  139 0.04
  44  153 0.23
  66   91 0.85
  20  111 0.97
  73  118 0.49
  67  117 0.18
  50  102 0.79
   7   79 0.15
  40   80 0.37
  67  138 0.31
   9  106 0.99
  73  173 0.25
  50   57 0.28
  60  144 0.49
   1   26 0.94
  36   58 0.24
  21   43 0.53
  24   65 0.29
  30   79 0.14
  44  119 0.26
  13  112 0.60
  29   71 0.96
  69   76 0.17
  20  114 0.24
   8   98 0.83
  67  140 0.77

  11  121 0.68
   8   84 0.22
  11   29 0.50
  59   77 0.24
  22   76 0.86
  51   57 0.18
  27   35 0.05
  70  146 0.76
  41  152 0.22
   8   79 0.38
  16   58 0.67
  19  128 0.89
  44   60 0.39
  45  102 0.63
  34   89 0.28
  57  103 0.62
  45   97 0.91
   3    5 0.50
   2    8 0.06
  11   27 0.89
  24  108 0.30
  14   82 0.65
  52   88 0.56
  15   30 0.23
  24  131 0.84
   4   57 0.30
  71   73 0.80
  43   80 0.26
  45  115 0.13
   5  112 0.56

  74   88 0.67
   9   90 0.84
  10   52 0.35
  45  136 0.81
  20  101 0.61
  42   52 0.62
  45  136 0.18
  29   64 0.12
  30  104 0.65
  27   88 0.77
  37  143 0.91
  24  126 0.06
  13   22 0.69
   6   84 0.72
  15   94 0.29
  61  148 0.18
  74  153 0.91
  60  122 0.59
  12   68 0.04
  67  172 0.77
  34  102 0.40
  29   70 0.15
  29   30 0.87
  70   76 0.88
  20   77 0.26
  10   93 0.05
  31   67 0.82
  46   59 0.57
   6   69 0.00
  28  110 0.88

