4 15 8
12    4   4   4   2  10   2  10  10  10  10   2  16

  15   27 0.27
  23   37 0.31
  23   30 0.72
  15   22 0.42
  23   35 0.68
   9   23 0.18
  19   22 0.15
   4    5 0.89
  12   30 0.97
  11   19 0.02
   9   24 0.22
   8   22 0.28
  20   33 0.22
   1   13 0.01
  15   24 0.90

  28   36 0.02
  24   42 0.48
  25   27 0.73
  16   24 0.91
   5   18 0.83
   2    9 0.33
   8   21 0.02
  23   35 0.86
  17   21 0.05
   2   16 0.95
   8   10 0.23
  28   40 0.04
  18   29 0.10
  11   27 0.71
   0   18 0.13

  12   20 0.89
  17   34 0.24
   0    8 0.91
  25   36 0.20
   2   10 0.52
  12   15 0.93
   6   19 0.68
  23   38 0.97
   5   13 0.07
  13   31 0.28
  24   42 0.08
  21   34 0.08
  26   27 0.78
  24   39 0.32
   8   26 0.60

  14   29 0.83
   8   12 0.39
   7   25 0.94
  13   22 0.20
  17   27 0.94
   3   11 0.69
  21   22 0.00
   9   19 0.91
   6   21 0.41
  23   34 0.29
   6    9 0.25
   9   13 0.73
   9   10 0.68
  18   34 0.69
   2   15 0.59

  25   39 0.10
  15   22 0.10
  20   27 0.27
   7   16 0.33
   4   12 0.29
  18   21 0.36
  23   31 0.25
  12   19 0.06
  11   23 0.33
   0    8 0.23
  10   10 0.71
  15   28 0.20
  21   30 0.63
  10   16 0.43
  16   22 0.92

   6    6 0.56
  26   26 0.64
  27   37 0.94
  11   20 0.01
  18   34 0.53
  25   43 0.97
  23   41 0.65
  15   15 0.15
  11   28 0.75
   5   10 0.89
  16   30 0.76
  27   28 0.76
   2   19 0.67
  21   22 0.18
  10   26 0.12

  26   34 0.11
  17   32 0.25
   6   11 0.42
  19   26 0.01
  14   32 0.64
  17   32 0.33
   8   12 0.07
   9   21 0.22
  17   26 0.14
  26   41 0.49
  25   38 0.06
  27   44 0.61
  28   41 0.31
   6   18 0.85
   4   11 0.56

   3   11 0.54
  25   37 0.53
  20   27 0.44
  14   18 0.27
  27   29 0.74
   3   18 0.86
  23   30 0.51
  16   27 0.07
  13   14 0.39
   7   20 0.17
   3   19 0.76
  22   39 0.39
  21   25 0.27
  18   21 0.22
   2    8 0.98

  19   31 0.02
   4   10 0.31
   4   16 0.65
   1    7 0.38
   4    6 0.13
  11   26 0.33
  14   24 0.30
  14   29 0.92
   1    8 0.19
  27   32 0.48
   2   19 0.40
   6    9 0.26
   9   22 0.35
  13   19 0.58
  23   40 0.22

  17   32 0.36
  16   32 0.37
  17   21 0.82
  28   40 0.06
  22   38 0.17
  18   36 0.40
  19   34 0.80
  22   33 0.76
  19   32 0.17
   6   11 0.03
   5   15 0.06
  26   43 0.61
  24   40 0.80
  16   25 0.57
  20   29 0.01

  24   37 0.45
   7   14 0.74
  17   28 0.86
  27   28 0.68
  14   28 0.26
  14   14 0.07
  21   25 0.35
   1    6 0.03
   5    7 0.98
  18   19 0.01
   6   21 0.72
  23   24 0.50
  15   23 0.83
  27   29 0.49
  28   32 0.37

  21   28 0.79
   7   20 0.61
  22   36 0.39
  16   17 0.74
  23   32 0.02
  26   38 0.93
   0    6 0.01
  25   35 0.04
  18   25 0.16
   7   19 0.00
  28   43 0.05
  26   31 0.52
   8   12 0.86
  17   25 0.21
  18   23 0.01

