5 15 4
12    2  20  16  10  16  10  16   2  16  10   2   4

  14   25 0.66
  19   53 0.88
  42   60 0.35
  30   47 0.24
  19   54 0.42
  39   69 0.21
  25   68 0.05
  34   34 0.82
  29   36 0.06
  27   34 0.81
  35   66 0.34
  13   48 0.00
  30   61 0.16
  13   19 0.15
  28   38 0.40

  31   49 0.54
  38   78 0.05
   9   24 0.36
   8    8 0.71
  38   41 0.67
   6   10 0.44
  14   40 0.91
  37   69 0.20
  31   63 0.41
  39   46 0.69
  44   84 0.57
  21   57 0.45
  35   54 0.56
  10   34 0.34
   6   36 0.26

  31   58 0.15
  44   74 0.86
  39   84 0.53
  35   65 0.76
  43   69 0.01
  20   46 0.53
  40   60 0.06
   4   47 0.03
   0   29 0.82
  37   73 0.94
  29   66 0.78
  32   77 0.73
  16   30 0.09
  30   65 0.94
  22   40 0.72

   8   32 0.43
  35   78 0.71
   7   13 0.21
  44   77 0.31
  38   38 0.23
  33   53 0.89
  41   86 0.13
  36   43 0.56
  38   43 0.68
   4    6 0.03
  37   69 0.64
  26   47 0.86
  41   61 0.12
  43   87 0.53
  21   60 0.22

  41   51 0.72
  25   54 0.33
  23   40 0.64
  38   62 0.98
  27   49 0.87
   9   40 0.73
  27   27 0.06
  29   74 0.94
  43   61 0.96
   4   30 0.10
   8   11 0.42
  38   50 0.88
   8   38 0.54
   9   37 0.61
  33   55 0.34

  43   76 0.62
   1    7 0.31
  42   69 0.38
  40   73 0.51
   6   37 0.62
  21   65 0.07
  43   77 0.77
   4   45 0.51
  35   56 0.31
  23   41 0.51
  43   69 0.07
  36   67 0.24
  34   47 0.11
  24   62 0.93
   6   44 0.75

  24   25 0.09
   4   27 0.98
  28   46 0.11
  26   44 0.67
  21   51 0.24
  45   57 0.82
  36   69 0.52
  33   39 0.74
  22   58 0.42
  10   46 0.88
  17   34 0.24
  10   27 0.63
  14   43 0.99
   8   19 0.69
  36   60 0.56

   2   20 0.86
   2   20 0.35
   0   41 0.05
  35   50 0.31
  13   18 0.73
   4   41 0.50
  34   72 0.08
  11   52 0.95
   4   41 0.26
  24   47 0.63
  41   47 0.86
  22   60 0.91
  23   67 0.72
   5   13 0.19
  14   55 0.49

  27   58 0.32
   3   11 0.67
  11   27 0.41
  27   69 0.20
  27   54 0.22
   1   36 0.56
   4   40 0.72
  22   64 0.15
  10   28 0.89
   6   47 0.33
  26   46 0.61
  21   54 0.53
  22   51 0.43
  37   65 0.65
  11   36 0.41

  34   44 0.34
  14   30 0.23
  17   28 0.47
   7   46 0.70
   5   24 0.25
  22   49 0.43
  35   66 0.67
  16   25 0.17
  15   53 0.11
  24   36 0.11
  14   33 0.57
  14   17 0.59
  21   40 0.16
  25   27 0.14
   1   22 0.74

  34   50 0.68
   8   10 0.34
  16   38 0.05
  24   32 0.72
  32   72 0.03
  41   46 0.01
  23   33 0.77
  15   47 0.45
  22   61 0.28
  44   51 0.98
  31   57 0.21
  45   67 0.06
  34   36 0.79
  34   59 0.47
   8    8 0.04

  21   50 0.37
  27   33 0.42
   1   33 0.65
   4    8 0.80
  19   20 0.81
  38   54 0.21
  28   52 0.07
  25   28 0.75
  35   78 0.57
   7   24 0.76
  20   59 0.51
   4   42 0.85
  34   34 0.27
  33   47 0.33
  45   59 0.31

