5 30 4
6    2  10  10  16  16  20

   6   11 0.47
  82  127 0.26
   6   18 0.55
  27   77 0.73
  34   65 0.76
  39   66 0.42
  28   71 0.28
  12   20 0.99
  12   13 0.02
  46  100 0.38
  72  126 0.89
  30   53 0.68
  44   72 0.78
  68  105 0.69
   7   16 0.95
  71  104 0.26
  10   30 0.00
  77  119 0.17
  81   89 0.13
  43   57 0.21
  47   60 0.37
   8   59 0.54
  10   58 0.93
  63  109 0.12
  42   88 0.57
  54  101 0.97
  18   56 0.74
   4   58 0.69
  68   96 0.75
  75   78 0.07

  22   36 0.39
  53   59 0.32
  49   76 0.52
   0   32 0.25
  79  109 0.61
  24   70 0.47
  51   68 0.97
   7   11 0.15
  27   57 0.51
  81  118 0.81
  34   44 0.00
  45   47 0.65
   2   31 0.13
   6   10 0.48
   8   41 0.75
   5   13 0.16
  69   88 0.74
  64   91 0.51
   3   15 0.22
  52   64 0.24
  78  104 0.75
  57   71 0.72
  36   48 0.34
  72   87 0.00
  28   65 0.79
  40   46 0.18
   0    1 0.15
  21   32 0.55
   7   59 0.65
   8   12 0.90

   6   27 0.61
  35   62 0.18
  36   37 0.47
  51   56 0.36
  56   71 0.01
   0   47 0.71
  14   17 0.57
  25   64 0.43
  42   54 0.17
  40   57 0.05
   4   54 0.70
  70  101 0.52
   4   49 0.28
  72  121 0.08
  71  122 0.37
   4   52 0.68
  13   33 0.74
  42   46 0.02
  23   31 0.11
  64   97 0.07
  64  115 0.12
   7   39 0.66
  48   58 0.15
  17   28 0.90
  53   61 0.47
  51   86 0.92
  16   46 0.06
  60   75 0.88
   3   38 0.99
  50   76 0.21

  11   55 0.64
  42   77 0.35
  52  100 0.91
  47   56 0.01
  52   87 0.19
  36   90 0.94
  11   62 0.58
  74  115 0.03
  68   71 0.31
  46   98 0.84
  13   43 0.92
   8   44 0.56
  32   77 0.26
  11   30 0.20
  34   51 0.38
  71   99 0.63
  41   59 0.01
  31   70 0.75
  14   26 0.90
  42   57 0.19
  53   85 0.02
  27   49 0.74
  12   55 0.87
  78  132 0.98
   1   26 0.96
  24   49 0.85
  31   85 0.27
  40   70 0.01
  63  112 0.65
  46   66 0.59

  32   34 0.66
   2   13 0.27
  47   52 0.03
  62   73 0.23
   4    5 0.58
  77   95 0.19
  51   52 0.76
  74   74 0.71
  82  103 0.28
  42   54 0.33
  24   44 0.54
  75  128 0.03
  52   60 0.34
  62   91 0.69
  48   67 0.22
  55   97 0.17
  21   59 0.22
  48   61 0.26
  35   44 0.24
  45   48 0.26
   0   37 0.63
  12   17 0.08
  70   75 0.72
  14   30 0.00
  78   78 0.01
  52  105 0.84
  40   41 0.67
  50   88 0.82
  64   77 0.82
  43   89 0.87

  14   65 0.40
  75  115 0.27
  65  119 0.42
  78   96 0.06
  57   72 0.61
  29   72 0.88
  56   73 0.50
  22   31 0.24
  39   69 0.45
  52  100 0.59
  50  100 0.17
   1   49 0.41
   1   45 0.51
   2    9 0.16
  30   52 0.16
  45   51 0.94
   8   43 0.31
  72  124 0.02
  10   48 0.48
  21   50 0.02
  47   49 0.47
  42   84 0.62
  41   47 0.24
  51   85 0.96
  27   55 0.77
  21   28 0.20
  12   15 0.51
  39   78 0.56
  24   38 0.56
  54   79 0.49

