5 20 8
12   10   4  10  10   4   4   2  20   4  16  10  10

  22   24 0.71
  10   11 0.91
  15   25 0.86
  13   23 0.24
   7   15 0.97
   6   26 0.94
  20   39 0.06
  15   25 0.90
   9   32 0.03
   0    2 0.97
  14   37 0.37
  13   30 0.88
   7   24 0.58
  16   40 0.86
  10   35 0.63
   2   23 0.77
  19   34 0.04
  14   18 0.42
   8   10 0.63
   3    7 0.86

  20   28 0.81
  22   34 0.82
   0   19 0.64
  22   26 0.43
   4   18 0.23
   7   27 0.64
   1    3 0.71
  18   21 0.19
   0   19 0.99
  22   41 0.54
  10   18 0.65
  25   26 0.71
  15   21 0.41
   3    7 0.41
  14   23 0.69
   7   22 0.88
  20   21 0.39
  17   24 0.76
   1   13 0.76
   4   25 0.51

  13   38 0.85
   3    9 0.98
   9   29 0.11
   5   13 0.93
  19   39 0.27
  12   29 0.82
  13   13 0.41
   7   11 0.04
  14   34 0.04
  16   18 0.81
  25   27 0.18
  10   14 0.84
   6   14 0.74
  21   42 0.86
   6   26 0.31
  17   18 0.02
  19   28 0.75
  19   36 0.26
  23   45 0.80
  20   35 0.29

   0   19 0.14
  17   41 0.33
   2   16 0.55
  22   35 0.94
  16   16 0.57
   3   19 0.16
   5   27 0.01
   5    8 0.83
  16   40 0.50
   2   27 0.39
  12   20 0.78
  16   33 0.14
   1   23 0.64
   3   15 0.86
  23   35 0.32
   4    6 0.75
  11   32 0.76
   6    7 0.35
  13   30 0.25
  19   42 0.62

  22   41 0.47
   4   17 0.98
  13   23 0.38
   2    2 0.18
  23   27 0.17
   2    3 0.74
   4   29 0.55
   8   23 0.75
   3    5 0.51
  10   10 0.71
   2    4 0.84
   4    8 0.05
  12   28 0.85
  23   28 0.55
   6   22 0.88
  20   41 0.97
  25   30 0.28
  20   41 0.17
  15   36 0.68
   1   21 0.52

   3   16 0.99
  17   36 0.22
   8    9 0.38
  21   26 0.11
   9   15 0.19
  25   43 0.26
  18   42 0.26
   4   26 0.90
   6   15 0.67
  17   30 0.60
  12   27 0.37
   4   14 0.32
  19   24 0.88
  24   35 0.01
   5   14 0.65
   3    4 0.22
  15   28 0.41
  10   28 0.03
  21   40 0.60
  14   32 0.62

  24   28 0.95
  21   36 0.23
  16   40 0.17
   0   13 0.78
   3   19 0.16
   5   14 0.64
  23   42 0.95
   6   10 0.45
  20   42 0.61
  10   23 0.91
   0   17 0.64
  25   47 0.65
  23   38 0.09
  25   34 0.66
   3   23 0.06
  19   31 0.14
  15   40 0.30
  20   20 0.33
  15   39 0.64
  21   39 0.83

  22   33 0.50
  10   19 0.94
  11   30 0.55
  12   30 0.66
   7   20 0.55
  13   20 0.77
   0    8 0.49
  24   35 0.29
  16   19 0.95
   3   11 0.60
  10   31 0.26
   4   13 0.39
  12   36 0.23
  18   30 0.24
  13   32 0.17
  20   29 0.72
  19   21 0.34
  25   25 0.67
  24   27 0.74
  25   42 0.12

   2    7 0.68
  14   19 0.35
   1    4 0.66
  11   20 0.45
   0   11 0.56
   9   30 0.07
  25   29 0.63
  23   48 0.35
  24   42 0.46
  25   27 0.04
   0   25 0.57
   6    7 0.88
  25   34 0.61
  23   36 0.84
   2    7 0.56
  19   38 0.25
   8   25 0.12
   2    3 0.99
  22   33 0.87
  15   21 0.60

   9   17 0.82
  16   29 0.34
  14   16 0.00
  24   34 0.90
  21   30 0.56
  14   21 0.91
   7   21 0.41
  14   39 0.67
  12   22 0.83
   3   25 0.40
  16   32 0.11
  22   43 0.12
  20   34 0.98
  20   29 0.28
   7   26 0.90
  13   21 0.44
   6   22 0.68
  23   32 0.48
  21   41 0.53
  19   28 0.26

  15   33 0.22
  15   35 0.51
   3    3 0.34
  13   18 0.98
   1   22 0.86
   3   22 0.32
   0   14 0.08
  13   33 0.75
   3   12 0.92
   2    9 0.18
  16   32 0.87
  12   25 0.25
  10   23 0.90
  18   25 0.40
   2   14 0.87
  16   28 0.03
   1   23 0.13
   6   10 0.31
  25   38 0.53
  16   24 0.02

   6   20 0.59
  24   39 0.89
  21   46 0.60
   1   19 0.63
  20   33 0.70
   0   25 0.99
   5   26 0.68
  13   20 0.66
  10   17 0.62
  20   21 0.57
  25   28 0.11
   0   12 0.84
  14   32 0.82
   4   18 0.01
  15   16 0.31
   0    8 0.98
  24   45 0.35
  19   28 0.46
  22   30 0.10
   5   15 0.94

