3 50 4
6   10  16  16   2   4  16

  53   77 0.84
  10   74 0.93
  14   24 0.47
  57   62 0.22
  56   58 0.63
  50   86 0.09
  45   91 0.71
  44   68 0.22
  34   78 0.74
  31   79 0.41
  20   51 0.60
   7   60 0.52
   4   40 0.82
  38   48 0.44
  59  109 0.12
  31   34 0.78
  46   74 0.46
  28   57 0.39
  63   65 0.78
  63   77 0.47
   1   23 0.51
  40   90 0.20
   8   60 0.35
  39   43 0.34
  34   92 0.82
  63  102 0.59
  36   86 0.42
  46   62 0.02
  41   59 0.78
  18   77 0.69
   7   52 0.66
   6   48 0.05
  51   68 0.43
  44   70 0.76
  65   82 0.99
  60  122 0.18
  47   74 0.64
  15   59 0.98
  47  112 0.54
  45   68 0.07
  32   95 0.75
  17   67 0.90
  44   49 0.21
  49   58 0.42
  36   60 0.74
  18   65 0.36
  21   78 0.51
  11   35 0.43
  25   31 0.33
   5   57 0.87

   9   48 0.30
  57   77 0.45
  42   93 0.31
  30   67 0.76
  18   77 0.34
  42   83 0.42
   5   25 0.41
  10   74 0.25
  43   71 0.34
  53   78 0.77
  62  111 0.45
  11   58 0.23
  40   81 0.45
  12   17 0.44
  48   51 0.55
  27   42 0.40
  30   89 0.38
  28   76 0.76
  17   20 0.21
  53   62 0.24
  25   61 0.31
  45   79 0.91
  57   87 0.67
  27   79 0.98
   0   46 0.91
   2    9 0.52
  10   23 0.22
   8   41 0.70
  10   54 0.46
   1    6 0.30
   5   18 0.01
   0   54 0.97
  55  118 0.70
  61  111 0.12
  30   70 0.36
  61  108 0.97
  64   82 0.55
  39   75 0.05
   3   41 0.76
  55   80 0.38
  59   82 0.23
  39   70 0.79
  45  105 0.59
  65  122 0.00
  24   24 0.51
  14   15 0.90
  59   88 0.89
   7   55 0.14
   9   40 0.89
  29   80 0.67

  53  105 0.55
  34   58 0.30
  37   84 0.50
  40   96 0.28
  13   38 0.71
  42   73 0.87
  25   66 0.82
  40   51 0.57
  49  104 0.67
   6   71 0.71
  35   57 0.78
  36   64 0.55
   4   29 0.30
  58  120 0.21
  65  103 0.81
  51   88 0.45
  47   80 0.69
  19   29 0.23
  60   74 0.19
  59  112 0.77
  53   89 0.99
  29   53 0.23
   3   44 0.06
   6   60 0.61
  61   70 0.95
  18   58 0.36
  38   45 0.86
  60  125 0.42
  36   63 0.68
  55   85 0.42
  62   99 0.26
  16   56 0.43
  36   70 0.85
  30   50 0.26
  17   66 0.36
  63   81 0.05
   8   22 0.58
   8   58 0.19
  16   64 0.66
  25   90 0.57
  32   39 0.83
  51   66 0.24
  14   38 0.65
  51   96 0.39
  11   76 0.81
  48  107 0.55
  37   75 0.35
  52   71 0.59
  29   33 0.98
  35   94 0.25

  64  124 0.16
   3   55 0.13
  48  104 0.37
  20   73 0.20
  20   51 0.29
  38  102 0.66
  63   75 0.57
  45   63 0.30
   8   55 0.56
  41  104 0.68
  40   87 0.93
   5   24 0.75
  18   74 0.19
  55  120 0.16
  62  103 0.96
  59   61 0.42
  15   35 0.51
  46   92 0.14
  23   38 0.13
  56  120 0.06
   7   45 0.71
  33   94 0.05
  59  114 0.42
  27   84 0.07
  45   93 0.73
  54   54 0.34
  52   95 0.65
  33   49 0.42
  60   76 0.96
  46   68 0.22
   8   39 0.92
  14   49 0.37
  15   46 0.83
   3   61 0.10
  57   82 0.67
  43  106 0.77
  24   75 0.70
  41   81 0.54
  65  128 0.86
  37   59 0.76
   6   33 0.47
  44   97 0.44
  32   89 0.15
  48   49 0.11
  65  110 0.94
   4   62 0.15
  55   57 0.71
  52   62 0.42
  60   85 0.36
  24   52 0.84

  43  106 0.40
  16   64 0.70
  20   43 0.17
  62   96 0.36
  54  112 0.16
  27   67 0.24
   8   53 0.01
  48   81 0.66
  64   81 0.76
  34   59 0.36
  55   55 0.20
  60  110 0.23
  29   86 0.19
  38   87 0.81
   2   25 0.29
  62  118 0.27
  48   97 0.48
  39   60 0.53
  55   55 0.55
   2   11 0.06
   1   52 0.50
  55   72 0.92
  17   65 0.45
  57   86 0.79
  16   25 0.71
   4   47 0.92
  57   59 0.01
  65  125 0.19
  59  100 0.95
  42   68 0.52
  31   92 0.36
  34   51 0.46
  26   34 0.18
  41   71 0.09
  14   72 0.48
  25   62 0.74
  62  100 0.72
  19   70 0.49
  28   59 0.92
  39   61 0.61
  48   81 0.19
  32   34 0.99
  41   66 0.51
  42   61 0.04
  65  126 0.74
   1   18 0.82
  23   50 0.00
  48   50 0.64
  34   93 0.89
   8   59 0.22

  18   41 0.78
  58   72 0.57
  58   92 0.88
  42   51 0.95
   8   12 0.16
   6   15 0.84
  63  102 0.40
  16   58 0.71
  43   77 0.47
  28   92 0.65
  37   94 0.48
  12   16 0.55
  50   97 0.69
  42   73 0.00
   3   25 0.15
  45  109 0.01
  41   50 0.96
  52   54 0.32
  50   74 0.46
  14   27 0.41
  12   58 0.32
  35   68 0.86
  16   67 0.89
  35   53 0.76
  34   72 0.58
  24   84 0.28
   9   66 0.58
  34   95 0.88
  26   86 0.58
  65  103 0.26
  62   96 0.45
   9   44 0.98
  16   22 0.82
   3   46 0.27
  50   53 0.33
  44   87 0.97
  26   38 0.63
  45   56 0.75
  55   90 0.91
  53   62 0.16
   4   31 0.27
  33   40 0.08
  11   58 0.77
  16   48 0.98
  55   87 0.29
  54   68 0.51
   7   64 0.49
  65   90 0.00
  53   68 0.53
  26   65 0.73

