5 60 4
3   10   4  10

  16   63 0.29
  15   43 0.37
  35   39 0.56
  13   55 0.81
   3    4 0.56
   5   37 0.37
  11   11 0.24
   8   52 0.55
  13   40 0.21
  28   61 0.22
  17   22 0.24
  32   68 0.79
  10   61 0.50
  16   40 0.58
  17   32 0.88
   0   36 0.75
  21   53 0.70
  35   67 0.42
  23   55 0.66
  10   10 0.52
  20   40 0.00
   5   26 0.51
  13   35 0.74
  19   42 0.17
  24   61 0.09
  10   59 0.01
   9   42 0.59
  25   65 0.12
  31   45 0.22
  13   59 0.23
  10   45 0.73
   7   39 0.85
  31   81 0.57
  11   23 0.09
  14   14 0.80
  12   24 0.69
  25   40 0.43
   8   61 0.25
  20   51 0.04
  27   68 0.88
  14   41 0.19
   9   25 0.11
  13   28 0.38
  19   72 0.29
   9   44 0.33
  34   67 0.71
  16   68 0.78
  23   73 0.22
  34   40 0.42
  32   59 0.50
  27   67 0.06
   3   13 0.86
  29   54 0.90
   2   29 0.36
  32   38 0.02
  32   70 0.86
   7   38 0.13
   3   54 0.93
   8   29 0.16
   9   30 0.57

   4   36 0.75
  32   54 0.12
   6   18 0.94
  35   53 0.67
  28   58 0.10
  20   52 0.83
  19   28 0.78
  22   69 0.16
  16   43 0.50
  16   23 0.80
   6   16 0.14
  13   47 0.44
  16   28 0.16
  13   31 0.24
  33   67 0.41
  15   21 0.94
   3   49 0.70
  31   67 0.90
  30   82 0.36
   6   45 0.97
   5   35 0.30
  27   77 0.59
   3   34 0.28
  28   62 0.45
   0   24 0.15
   7   12 0.88
   7   17 0.72
   8   52 0.71
  17   22 0.80
   1   28 0.07
  19   24 0.62
   6   22 0.59
   1   44 0.73
  13   18 0.86
  16   29 0.75
  15   33 0.75
   0   47 0.87
  31   56 0.13
  18   22 0.91
   4   13 0.60
   0   51 0.28
  13   44 0.83
  24   48 0.41
  16   61 0.03
  30   50 0.99
  21   67 0.27
   5   15 0.67
  23   24 0.45
  25   78 0.08
  18   71 0.95
  23   74 0.81
  17   69 0.66
  15   32 0.86
  28   56 0.20
  18   63 0.40
  20   68 0.01
  12   55 0.88
  21   56 0.64
   7   54 0.82
  25   74 0.95

  28   81 0.34
  33   58 0.29
  22   44 0.19
  25   68 0.41
  25   71 0.05
  25   32 0.83
   1   36 0.30
  19   61 0.99
   2   33 0.25
   8   22 0.16
  35   83 0.97
  28   63 0.45
  34   82 0.82
  22   38 0.30
   0    5 0.97
  22   71 0.02
  12   25 0.93
  24   61 0.49
   9   45 0.30
  25   46 0.86
   1   33 0.39
  20   39 0.77
   6   40 0.97
   0    3 0.48
  19   69 0.95
  22   49 0.83
  27   74 0.95
  19   36 0.64
  10   60 0.01
   3   17 0.96
  32   82 0.26
  25   33 0.70
  32   57 0.62
  26   73 0.97
  29   66 0.57
  28   66 0.24
  13   20 0.02
   3   49 0.49
   1   40 0.37
  15   64 0.21
  34   83 0.24
   1   44 0.72
   5    5 0.53
  23   68 0.14
  21   37 0.64
  27   32 0.88
   0   11 0.86
  13   31 0.59
  26   52 0.49
  32   73 0.14
  13   28 0.16
  28   62 0.57
  26   39 0.72
  20   71 0.74
  21   42 0.52
  19   68 0.16
  13   44 0.73
   2   41 0.58
   5   56 0.15
   1   50 0.48

