4 20 4
12    4  10  10   2  16  16  10   4   4  10  16  10

  30   64 0.44
   4   54 0.86
   2   41 0.04
  16   73 0.89
   6   22 0.68
  10   55 0.60
  21   63 0.44
  30   68 0.24
   6   15 0.11
   8   74 0.32
  26   52 0.93
   1   29 0.52
  16   58 0.13
  11   15 0.84
   5   37 0.51
  14   61 0.85
  10   31 0.67
  26   83 0.21
  17   22 0.15
  18   80 0.13

  30   64 0.82
   2   39 0.36
  29   91 0.88
   8   68 0.79
  23   38 0.91
  10   74 0.03
  25   74 0.56
   2   60 0.42
   6   35 0.30
  10   45 0.71
  25   80 0.29
  19   70 0.21
  25   42 0.26
   2    7 0.49
  22   69 0.16
  32   51 0.53
  14   16 0.84
  16   80 0.65
  25   61 0.94
  32   57 0.46

   9   63 0.34
  26   84 0.31
  30   56 0.62
  29   73 0.39
  32   42 0.25
  30   40 0.51
  21   41 0.18
  15   29 0.38
   6   12 0.72
   1   43 0.08
  26   34 0.58
  21   83 0.42
  31   33 0.52
  27   33 0.39
  12   34 0.13
  22   53 0.97
   0   55 0.09
   1   10 0.02
  22   40 0.09
   2   14 0.76

  19   39 0.63
  12   47 0.83
   4    5 0.22
   6   73 0.69
  14   68 0.97
   6   42 0.30
  13   48 0.82
  29   82 0.93
   8   17 0.69
   9   46 0.26
  33   64 0.77
   5   58 0.98
  28   71 0.09
  25   36 0.14
  15   58 0.78
   6   12 0.67
   8   40 0.36
  27   42 0.87
  33   33 0.44
  27   90 0.82

  32   87 0.64
   9   74 0.73
   6   52 0.06
  22   77 0.46
  15   78 0.55
  28   62 0.40
   1   35 0.43
  21   69 0.49
  31   51 0.67
  19   83 0.16
   3   44 0.51
   3   21 0.92
  15   79 0.43
  33   80 0.14
   3   38 0.14
   3   65 0.09
   1   44 0.55
  26   37 0.28
   8   52 0.75
   8   62 0.32

  25   32 0.76
  30   50 0.75
  34   49 0.60
  10   31 0.85
  33   92 0.20
  14   39 0.33
   3    4 0.02
  17   73 0.52
  22   27 0.75
  30   34 0.83
   6   39 0.08
  26   31 0.87
   0   12 0.26
  17   27 0.91
  24   25 0.52
  28   86 0.45
   4   49 0.71
   1   62 0.53
  15   74 0.78
   2   54 0.44

   5   54 0.18
   3   13 0.53
   4   18 0.48
  12   69 0.20
  26   90 0.42
  34   44 0.16
  27   50 0.33
  11   60 0.28
  23   63 0.64
  29   54 0.60
  22   78 0.40
   9   59 0.49
  18   62 0.07
   3   42 0.78
  19   76 0.08
  22   89 0.13
   7   66 0.88
  27   76 0.51
   3   34 0.06
  20   27 0.03

   7   59 0.89
   5   32 0.53
  33   52 0.20
   1   58 0.60
   6   11 0.39
  22   25 0.51
  27   57 0.00
   3   19 0.47
  22   23 0.64
  28   37 0.90
  24   31 0.78
   8   48 0.60
  22   49 0.17
  31   54 0.70
  21   55 0.45
  19   45 0.82
   9   20 0.85
   0    2 0.40
  10   73 0.35
   7   76 0.56

  25   50 0.26
  31   63 0.90
  25   90 0.72
  21   27 0.18
  23   50 0.88
  25   77 0.60
   7   47 0.13
  12   27 0.04
  16   74 0.04
  17   19 0.49
   9   16 0.74
  11   51 0.50
  14   24 0.78
  23   65 0.82
   7   39 0.46
  12   48 0.49
  15   40 0.25
  29   30 0.24
  23   56 0.33
  20   51 0.21

  12   77 0.51
   9   63 0.32
   2   57 0.66
  15   44 0.87
  25   27 0.88
  12   63 0.70
  13   38 0.98
  32   85 0.85
  23   42 0.15
  17   76 0.35
  12   54 0.67
   7   16 0.60
   1   15 0.15
  10   23 0.61
   9   70 0.10
  16   58 0.34
  30   51 0.31
  33   57 0.88
  21   57 0.27
  24   68 0.13

  27   52 0.28
  34   93 0.90
  18   37 0.34
   6   58 0.50
  32   51 0.94
  20   67 0.85
   6    7 0.18
   9   35 0.10
   9   25 0.74
   0   22 0.67
  17   50 0.77
  26   77 0.57
  20   29 0.71
  29   87 0.91
  29   83 0.92
   6   52 0.84
  14   82 0.27
  10   10 0.10
  17   48 0.74
  21   84 0.65

  27   59 0.60
  11   78 0.49
  16   31 0.10
  22   39 0.16
  16   27 0.70
  18   23 0.06
   9   69 0.69
  14   33 0.49
  24   52 0.99
  11   77 0.19
  27   31 0.66
  11   65 0.71
  28   45 0.57
  10   25 0.19
  17   41 0.94
  18   46 0.48
  33   50 0.14
   3    5 0.78
   5    8 0.98
   2   22 0.39

