5 15 8
12   16  16   2  10  16   2  20  10  10   2  16  10

   3    8 0.27
  10   19 0.07
   6    6 0.28
   3    4 0.51
   5   16 0.99
   4   15 0.21
   1    2 0.01
   8   12 0.05
   3    9 0.30
   5   12 0.70
   8   15 0.02
   4   12 0.89
   6   11 0.33
   2    2 0.33
   2    3 0.08

   1    2 0.56
   1   10 0.83
   2    7 0.49
   8   13 0.15
  10   13 0.93
   2    8 0.19
   1   10 0.11
  10   17 0.11
   4   12 0.63
   6   10 0.54
   1    3 0.58
   4    4 0.87
   7   17 0.99
   9    9 0.00
   7   12 0.26

  11   14 0.29
  11   16 0.08
  10   14 0.19
   5   14 0.27
   1    7 0.45
   0    8 0.21
   2    7 0.70
   3    3 0.34
   6   15 0.05
  11   19 0.38
  11   22 0.47
   8   16 0.45
   9   16 0.28
   3   12 0.02
   3    7 0.63

   3   10 0.07
  11   12 0.23
  11   18 0.13
   1    6 0.74
   6   10 0.99
   3    3 0.97
   1    9 0.14
   3    5 0.79
  10   20 0.73
   2    3 0.14
  10   12 0.02
   9   10 0.21
  11   13 0.65
   0    3 0.86
  11   22 0.61

  10   19 0.59
   9   19 0.07
   2   10 0.29
   4    4 0.85
   9   16 0.55
   3    4 0.12
  10   18 0.18
  11   20 0.18
   6    7 0.29
   7   12 0.67
   0    7 0.77
   3    8 0.57
   0    6 0.03
   3    4 0.54
   2    6 0.14

   2    7 0.48
   9   14 0.48
   3    6 0.35
   7   13 0.87
   4   14 0.72
   5   14 0.66
   0    4 0.73
   7   13 0.56
   9   17 0.96
   0    9 0.72
  11   13 0.15
   7   13 0.37
   6    7 0.78
   7   15 0.92
   5    6 0.95

   7   15 0.92
  11   16 0.12
   0   11 0.48
   2    3 0.39
   4   10 0.68
  11   14 0.93
   8   10 0.22
   3   10 0.81
   4   13 0.97
   7   16 0.24
   8   12 0.53
   5   15 0.80
   2    6 0.17
   8   12 0.16
   8   18 0.10

   6   15 0.18
   2   13 0.02
   0   11 0.89
   9   11 0.76
   3   10 0.52
   1   12 0.18
   0    0 0.43
   1   10 0.04
   0    9 0.71
   1    5 0.04
   4   10 0.96
  11   21 0.04
   7    9 0.57
   9    9 0.52
   6   15 0.31

   3    3 0.90
   7   18 0.71
  10   12 0.61
  10   18 0.02
  11   17 0.75
   2   12 0.28
   5    5 0.84
  10   20 0.00
   3    4 0.21
   9   11 0.83
   7   12 0.24
   1    9 0.32
  10   12 0.89
   8   12 0.48
   9   20 0.69

  10   10 0.33
  10   14 0.65
   6   17 0.25
   2   13 0.30
   7   16 0.67
   5   10 0.05
   6   14 0.11
   6    6 0.38
   7   16 0.92
   5   13 0.87
   2   13 0.94
   9   14 0.85
   0    7 0.43
   6   12 0.61
  11   21 0.98

   7   13 0.42
  11   14 0.85
   4   10 0.87
  10   14 0.78
   9   19 0.44
   2   13 0.61
   3   12 0.21
   1    6 0.03
   8   11 0.90
   3    7 0.70
   2   13 0.14
   6   11 0.33
   1    2 0.72
   6    7 0.75
   7   13 0.85

   0    1 0.96
   1    9 0.52
   9   19 0.42
  10   15 0.19
  10   15 0.26
   2    6 0.96
   1   12 0.29
   7    7 0.33
   4   15 0.75
   5   11 0.52
   4    6 0.77
   5    9 0.32
  11   22 0.74
  10   19 0.30
  10   21 0.39

