3 100 8
3   10  20   2

  12   18 0.56
  11   27 0.31
  15   65 0.61
  11   22 0.25
  21   26 0.12
  23   73 0.38
  30   49 0.49
  26   28 0.18
   0   23 0.18
  22   61 0.27
   6   30 0.61
   3   27 0.76
   0    5 0.29
  25   52 0.33
  29   30 0.18
   3   30 0.45
  22   28 0.46
   5   11 0.90
   9   18 0.75
  22   64 0.34
   5   22 0.26
   7   58 0.83
  31   50 0.27
   2   15 0.16
   4   68 0.36
   7   27 0.07
  10   53 0.91
  27   51 0.35
  18   61 0.74
  11   13 0.98
  24   81 0.51
   2   10 0.73
  20   30 0.60
   2   31 0.10
  18   78 0.35
  30   30 0.28
   3   55 0.75
  18   37 0.37
   7   18 0.53
  11   17 0.52
   3    8 0.87
   7   46 0.92
  11   36 0.86
  30   65 0.73
  10   59 0.86
  24   82 0.20
  31   85 0.53
  17   78 0.88
   0   51 0.58
  23   47 0.88
  25   64 0.43
  24   47 0.95
  23   77 0.01
  27   76 0.51
  14   24 0.96
  13   70 0.87
  20   46 0.16
  27   76 0.02
   4   18 0.65
   1    3 0.46
   3   18 0.31
  14   71 0.52
  11   43 0.19
  19   78 0.72
   1    6 0.67
  21   48 0.56
  29   46 0.23
  30   75 0.49
  12   68 0.36
  16   68 0.87
  19   35 0.46
  17   44 0.29
  28   29 0.29
   1   12 0.76
  19   38 0.67
   5   64 0.87
  32   34 0.80
   6   18 0.52
  22   40 0.39
  15   60 0.32
  12   23 0.26
  12   72 0.25
  21   41 0.12
   0   13 0.67
  30   70 0.07
  32   95 0.49
  23   35 0.58
  16   54 0.88
  24   42 0.90
  24   31 0.59
  31   35 0.86
  24   31 0.98
  21   63 0.57
  22   22 0.79
  12   63 0.00
   0   14 0.51
  31   46 0.18
   2   36 0.11
  25   89 0.11
  17   39 0.58

   3   43 0.69
  24   46 0.00
  31   91 0.87
   4   57 0.60
  15   64 0.96
  14   61 0.65
  12   61 0.10
  13   68 0.91
  29   56 0.27
  17   24 0.12
  23   69 0.62
  31   57 0.45
  24   44 0.14
  17   17 0.15
  17   34 0.15
  15   25 0.62
  27   27 0.80
  32   51 0.79
   1   64 0.96
  18   43 0.51
  24   63 0.81
   6   34 0.86
   5   27 0.58
  29   67 0.55
  32   38 0.14
   3   51 0.99
   7   34 0.20
  15   68 0.79
  26   81 0.04
   3   63 0.21
   4   27 0.81
  14   65 0.06
  21   85 0.39
  24   30 0.56
  24   86 0.84
  27   63 0.61
  10   47 0.21
  17   47 0.24
   6   71 0.81
  29   57 0.36
  25   43 0.70
  14   16 0.82
   5   24 0.48
   6   25 0.29
   3    5 0.05
  11   62 0.76
  31   68 0.74
  16   40 0.13
   2   26 0.87
  16   28 0.27
   0   31 0.02
  28   45 0.76
   5   36 0.98
   6   14 0.03
   6   33 0.06
  30   37 0.97
  17   70 0.37
   1   32 0.20
  24   64 0.05
   1   55 0.95
   8   30 0.30
   9   54 0.15
  32   51 0.00
  30   66 0.02
  30   87 0.81
   9   28 0.27
  23   25 0.12
  11   67 0.53
  32   68 0.48
   4   66 0.64
   9   69 0.67
  10   69 0.98
  27   70 0.26
  27   53 0.04
  18   26 0.99
   7    8 0.58
  21   80 0.96
  27   69 0.77
   8   71 0.42
   5   54 0.67
  30   39 0.28
  12   23 0.50
  20   24 0.39
  21   33 0.36
  18   45 0.92
  14   39 0.78
   8   23 0.48
  29   33 0.25
  11   76 0.52
   1   49 0.81
   3   61 0.29
  30   90 0.39
   1   29 0.52
   0   42 0.33
   6   64 0.64
  23   46 0.05
  21   32 0.28
  11   28 0.44
   2   52 0.25
  19   79 0.54

   4   40 0.44
   1    2 0.39
  30   35 0.48
   0   49 0.05
  32   64 0.06
  32   79 0.79
  29   44 0.89
  10   53 0.44
  24   41 0.98
  21   46 0.97
  29   83 0.87
  32   56 0.29
  12   62 0.04
  26   83 0.60
   8   11 0.81
  10   14 0.02
  23   33 0.72
  20   36 0.18
  18   46 0.57
  11   12 0.94
  10   68 0.55
   0    4 0.51
   0   11 0.71
  11   54 0.91
   4   11 0.73
  13   45 0.58
  18   39 0.57
   3   44 0.95
   3   59 0.79
  10   35 0.04
  15   52 0.82
  10   65 0.27
  18   28 0.17
  20   47 0.83
   6   49 0.92
  24   67 0.70
  28   81 0.19
  12   52 0.06
  14   41 0.01
  21   71 0.65
  29   43 0.08
  12   19 0.26
  31   78 0.10
   0    0 0.22
   3   45 0.11
   9   71 0.01
  24   62 0.75
   3   18 0.19
  17   27 0.54
  32   37 0.48
   5   54 0.66
   8   23 0.12
  24   74 0.72
   3    8 0.59
  14   31 0.47
  15   19 0.68
  19   27 0.14
  11   25 0.88
  23   55 0.87
  32   33 0.40
   6   28 0.64
  25   32 0.32
  28   50 0.15
  12   28 0.97
  11   28 0.65
   3   44 0.05
   6   37 0.27
  28   90 0.28
  23   29 0.44
  27   75 0.79
  30   62 0.55
  15   74 0.07
  24   36 0.69
  10   57 0.30
  22   41 0.61
  26   68 0.22
   9   25 0.80
  16   58 0.40
   7   51 0.05
  16   16 0.65
   3   47 0.09
  21   25 0.68
   2    8 0.29
  11   23 0.04
  23   82 0.96
  24   25 0.58
  28   87 0.52
  19   28 0.85
  20   85 0.10
  18   62 0.61
   9   65 0.86
  19   76 0.25
  18   58 0.48
  18   22 0.09
  23   42 0.32
  23   31 0.98
  20   53 0.62
  17   53 0.97
  26   58 0.37
   7   56 0.31

