5 30 8
6   16  10   2  16  20   4

  18   25 0.94
  23   33 0.13
  10   25 0.72
  21   21 0.37
  15   31 0.09
  24   44 0.32
   8   14 0.08
  17   36 0.11
  13   23 0.76
   6   22 0.64
  20   43 0.45
   8   19 0.93
  23   34 0.19
   1   16 0.99
  24   30 0.03
   0   14 0.70
  20   41 0.70
   6   24 0.04
   0   18 0.90
   0    8 0.42
   1   11 0.83
   7   25 0.10
  16   18 0.95
  15   21 0.08
   0   22 0.95
   7   12 0.44
  12   28 0.35
  13   35 0.29
  19   21 0.82
  20   44 0.52

  16   23 0.45
  20   42 0.51
  17   29 0.82
  19   34 0.90
  17   29 0.91
  12   17 0.59
  20   27 0.29
   4   14 0.38
   5   22 0.59
   4    9 0.05
   2   11 0.64
  21   29 0.76
  14   17 0.94
  13   35 0.61
  22   36 0.63
  24   43 0.76
  14   28 0.70
  12   23 0.42
   2   14 0.31
   7    8 0.33
  13   18 0.57
   0   23 0.41
  14   15 0.64
  15   26 0.10
  20   36 0.14
   6   10 0.78
   4    5 0.04
   9   10 0.48
   0   13 0.43
   5    7 0.33

   3   25 0.98
   6   30 0.25
   9   19 0.42
  18   37 0.06
  17   32 0.86
   6   29 0.17
   7   19 0.72
   9   21 0.10
  12   19 0.96
   6   10 0.38
  24   42 0.55
  24   28 0.16
  10   21 0.67
  11   15 0.77
   4    4 0.19
   0   16 0.05
  13   29 0.21
   1   22 0.87
   6    9 0.32
   7   14 0.14
  10   26 0.56
  11   30 0.68
   6   26 0.86
  21   35 0.67
   3   23 0.67
  17   22 0.36
   7   30 0.97
  17   21 0.56
  21   28 0.82
  18   37 0.35

  22   22 0.14
  23   35 0.50
  14   23 0.95
  13   15 0.66
  16   26 0.78
  12   32 0.04
  23   38 0.90
   5    7 0.42
   7   22 0.58
   1   18 0.87
   2   20 0.86
   5   27 0.47
   7   27 0.19
  19   30 0.20
  11   21 0.56
  22   28 0.66
   0   20 0.47
  21   28 0.40
   0    8 0.27
   4    7 0.63
   1   23 0.68
  23   25 0.37
  18   35 0.49
   3    8 0.10
  24   45 0.92
  15   21 0.70
  11   28 0.66
  19   28 0.95
  19   43 0.88
   0   12 0.83

  22   30 0.75
  22   26 0.75
  17   35 0.01
  11   30 0.02
   7   18 0.57
   9   11 0.09
  22   26 0.33
  14   34 0.13
   1   10 0.50
  23   28 0.46
  19   19 0.42
  16   19 0.62
  14   35 0.67
   6   30 0.69
  23   28 0.12
  16   36 0.20
  16   26 0.79
  15   37 0.47
  21   44 0.91
   8   19 0.99
  11   25 0.43
  17   33 0.13
  16   36 0.59
  24   34 0.62
  10   21 0.23
  18   40 0.54
  15   38 0.79
   3   22 0.11
  15   22 0.23
  24   28 0.19

  21   37 0.29
   4    9 0.62
   6   27 0.30
  14   38 0.40
  14   29 0.04
  15   28 0.58
   4    9 0.56
  23   35 0.80
   6   22 0.86
   4   15 0.29
  18   21 0.30
  16   37 0.12
  16   24 0.67
  23   42 0.51
  21   33 0.63
   4   24 0.29
  21   36 0.58
   3   25 0.17
   5    5 0.88
  10   27 0.61
  18   23 0.39
  20   30 0.54
   5   26 0.55
   3    6 0.71
   2   19 0.16
  10   16 0.98
   6   24 0.60
  22   36 0.04
   9   12 0.97
   8   28 0.29

