5 60 4
3   16   4   4

  34   45 0.59
  18   24 0.14
  19   51 0.61
  31   53 0.85
  17   22 0.53
  31   38 0.47
   4   48 0.02
  19   49 0.85
  23   51 0.78
  24   54 0.63
  19   48 0.04
   8   33 0.83
  21   53 0.89
  17   66 0.88
  14   39 0.47
  26   66 0.37
   9   49 0.43
  25   74 0.32
   7   19 0.53
   1   46 0.24
  34   55 0.73
   8   42 0.51
   8   21 0.39
  25   27 0.35
  35   35 0.32
  26   29 0.10
  22   22 0.93
  34   73 0.36
  19   66 0.14
  13   55 0.70
  30   31 0.00
  24   59 0.01
   1   11 0.10
  29   67 0.88
  14   20 0.19
  19   25 0.22
  13   48 0.27
  18   42 0.00
  10   42 0.38
  10   44 0.85
  15   50 0.04
   5   22 0.31
  31   71 0.01
  13   25 0.66
   2   29 0.34
  27   45 0.36
  11   35 0.64
  11   64 0.53
  32   35 0.21
  19   62 0.56
  19   33 0.73
   8   25 0.01
  32   58 0.08
  19   43 0.70
   5   19 0.43
   0   35 0.67
  13   50 0.12
   2   21 0.24
  25   49 0.91
  21   65 0.30

   2   24 0.87
   3   21 0.30
   6   54 0.09
  14   18 0.53
  13   21 0.82
   4   37 0.42
  12   12 0.12
   7    8 0.26
  28   39 0.11
   0    7 0.74
  12   31 0.96
  27   80 0.51
  29   38 0.12
  10   34 0.55
   7   56 0.82
  12   19 0.75
   9   61 0.72
   3   19 0.75
  12   44 0.18
  34   49 0.46
  23   28 0.95
   2    8 0.28
  17   41 0.69
  35   80 0.33
  18   50 0.57
   6   32 0.45
  11   22 0.22
  10   27 0.57
  33   35 0.18
  28   72 0.00
   8   14 0.42
  18   22 0.06
  30   64 0.37
  27   51 0.77
  25   42 0.61
  28   62 0.75
  30   62 0.85
  20   54 0.30
   8   36 0.00
  20   48 0.80
  30   71 0.99
  14   36 0.28
  20   24 0.81
  24   36 0.15
   9   52 0.25
  29   31 0.74
   7    7 0.05
   1   47 0.67
  13   64 0.95
   1   48 0.23
  24   24 0.32
  11   39 0.57
  31   66 0.81
   1   10 0.49
  21   56 0.40
  27   52 0.36
  19   54 0.93
   5   48 0.91
   6   57 0.27
  35   57 0.44

   0   17 0.97
  26   53 0.75
  27   37 0.31
  17   64 0.06
  24   70 0.51
  12   35 0.29
  27   45 0.19
  16   66 0.42
  35   49 0.75
   1   12 0.63
  14   47 0.92
   5    6 0.33
   0   14 0.06
  12   31 0.30
  21   48 0.95
  16   23 0.20
   0   38 0.85
  23   37 0.84
  11   44 0.50
  25   30 0.41
   7   13 0.87
   8   28 0.70
  18   48 0.34
  20   34 0.21
   7   28 0.75
  34   73 0.75
   3   20 0.75
  15   62 0.93
  20   66 0.44
  24   70 0.66
  14   48 0.18
  20   69 0.49
   1   42 0.47
  14   40 0.38
   6   35 0.61
   7   16 0.74
  20   73 0.83
  24   24 0.52
  24   31 0.72
  34   41 0.04
  24   30 0.22
  27   70 0.09
  22   41 0.51
  30   42 0.36
   6   43 0.07
  13   48 0.24
   2   12 0.17
  35   72 0.99
  10   33 0.06
  31   80 0.68
   4   10 0.12
   3   47 0.90
  26   69 0.32
   6   47 0.83
  28   68 0.88
  23   74 0.47
  12   44 0.16
  11   24 0.51
  27   45 0.45
  15   18 0.85

