3 30 8
6   20  10   4  16   2  10

  21   66 0.11
  17   28 0.35
  32   53 0.26
  29   82 0.80
  13   54 0.39
   5    6 0.27
  33   44 0.36
  32   67 0.76
  26   64 0.84
   7   63 0.94
  20   35 0.06
   9   24 0.40
  34   64 0.11
  25   81 0.77
   0   26 0.37
  31   67 0.79
  21   24 0.31
  16   68 0.81
   3   18 0.97
  14   54 0.58
   9   57 0.46
  24   70 0.01
  13   39 0.29
  21   56 0.95
  24   26 0.53
   4   55 0.67
  27   62 0.87
   1   38 0.43
   3   57 0.69
   9   39 0.12

  22   23 0.35
  36   62 0.33
  36   90 0.95
  25   53 0.30
  12   59 0.34
  35   63 0.80
   2   42 0.21
   1   43 0.49
  21   44 0.22
   3   50 0.59
   2    8 0.09
  10   16 0.96
  34   73 0.25
  25   27 0.75
   3   37 0.25
   5    7 0.82
  26   52 0.80
   5   37 0.73
   3   30 0.40
  14   15 0.64
   7   26 0.09
  13   36 0.92
  17   19 0.97
  32   71 0.13
  13   47 0.63
  22   47 0.61
  34   42 0.70
  36   71 0.12
  16   30 0.88
  36   71 0.90

  20   31 0.27
   1   30 0.17
  13   48 0.31
   9   32 0.69
  34   47 0.95
  35   69 0.71
  29   62 0.40
  32   52 0.22
  33   85 0.86
   8   39 0.01
  25   56 0.94
   0    7 0.34
   0   23 0.36
  20   59 0.94
  28   56 0.07
   9   14 0.21
  35   82 0.01
  37   72 0.61
  20   67 0.97
  25   44 0.25
  10   55 0.38
   2   12 0.93
  35   43 0.35
  18   58 0.64
  23   45 0.15
  37   89 0.78
  29   42 0.97
  32   79 0.64
  34   76 0.33
   3   58 0.57

   6   37 0.53
  14   28 0.22
  19   56 0.54
   6   13 0.90
  26   45 0.43
  32   54 0.92
  17   56 0.40
   0   46 0.54
  26   51 0.52
  26   67 0.70
  12   59 0.91
   3   31 0.17
  15   21 0.33
  24   34 0.15
  26   34 0.81
  27   44 0.41
  31   73 0.41
   2    7 0.99
  16   30 0.18
  20   46 0.64
   1   24 0.29
  21   73 0.92
  19   48 0.03
  11   38 0.81
  10   21 0.50
  30   80 0.62
  35   69 0.48
  29   81 0.25
  29   35 0.36
   2   56 0.80

  10   59 0.63
   6   15 0.91
   0    4 0.62
  26   81 0.29
  35   45 0.11
  25   42 0.85
  34   71 0.45
   0   44 0.06
  33   80 0.96
  22   24 0.16
  34   84 0.21
  12   32 0.64
  37   49 0.10
  19   38 0.56
  35   87 0.62
  36   50 0.40
   8   25 0.33
  33   67 0.24
   4    8 0.63
  33   53 0.09
  14   24 0.16
   9   48 0.87
  34   62 0.83
  32   67 0.59
  16   61 0.25
  35   43 0.47
  37   75 0.87
  14   57 0.14
  19   24 0.36
  35   85 0.37

  30   80 0.16
  16   52 0.45
  36   37 0.50
  23   34 0.70
  15   36 0.74
   1   29 0.16
   6    9 0.12
  25   53 0.12
  18   29 0.09
  19   34 0.42
   7   61 0.05
  35   72 0.24
  25   62 0.16
   1   56 0.92
  37   88 0.80
  32   59 0.55
  22   45 0.99
  29   74 0.42
  26   56 0.22
  13   14 0.35
   7   34 0.23
  19   75 0.59
   0    1 0.55
  11   41 0.80
   3   59 0.32
  28   80 0.36
   1   25 0.30
  13   48 0.79
   5   56 0.86
  25   54 0.64

