3 50 4
6   10   2  10  20   2  16

   6   12 0.57
  35   57 0.53
  24   35 0.91
  61   93 0.19
 131  137 0.35
   1   42 0.79
  57  107 0.36
 179  230 0.94
 124  168 0.87
  92  141 0.27
  59   90 0.73
  66   81 0.96
  49  104 0.52
 134  144 0.15
   7   48 0.27
  62  103 0.09
  79  136 0.20
 156  210 0.79
  55   87 0.51
 127  154 0.20
  56   64 0.01
  92  146 0.63
  61   65 0.45
 117  117 0.33
 101  113 0.70
 168  224 0.23
  31   92 0.37
  73  123 0.44
 127  139 0.06
  98  136 0.65
  90  110 0.71
 177  203 0.91
 178  186 0.96
  20   21 0.38
  91  113 0.42
 128  144 0.97
 117  150 0.12
 149  181 0.84
 168  215 0.53
  42   64 0.18
 152  200 0.81
  20   64 0.38
 105  148 0.11
 167  179 0.82
  61   76 0.28
 122  183 0.69
 141  188 0.56
  58  103 0.45
   5    6 0.64
  13   39 0.86

   2   46 0.87
  74   81 0.10
  99  127 0.59
  64  104 0.24
 138  148 0.73
 143  144 0.95
 165  175 0.12
  35   85 0.32
  83  136 0.42
 163  167 0.37
  14   38 0.05
  41   46 0.98
  64   71 0.75
 173  181 0.60
 111  135 0.84
  63   90 0.46
  60  120 0.00
  69  101 0.06
  26   85 0.25
 170  190 0.79
 172  229 0.76
 100  102 0.95
  71  132 0.46
 160  161 0.11
 180  237 0.21
 164  176 0.16
  54  105 0.86
  88   98 0.44
  93  102 0.00
 163  209 0.13
 124  183 0.38
  14   70 0.57
  43  100 0.89
  12   58 0.95
  56   77 0.89
 113  136 0.44
  28   29 0.55
  28   63 0.30
   4   23 0.82
  25   79 0.06
   7   28 0.84
  22   31 0.54
  60   62 0.47
 144  149 0.44
 176  185 0.15
  54   73 0.41
  51  104 0.65
  90  107 0.02
 124  159 0.93
  20   49 0.53

 162  207 0.98
 116  152 0.69
 140  150 0.12
  19   23 0.39
 103  138 0.14
 168  225 0.73
 102  136 0.81
 100  128 0.43
  81  125 0.38
  64   91 0.66
 109  166 0.53
  13   14 0.81
 122  124 0.00
 142  195 0.91
 163  206 0.18
 128  151 0.95
  98  120 0.67
 155  206 0.45
 146  197 0.07
 173  233 0.44
  72  101 0.70
  53  109 0.66
   3   34 0.50
  85  103 0.73
  55   64 0.11
  90  140 0.30
  98  140 0.05
 128  136 0.74
  62  106 0.11
   2   62 0.84
 117  161 0.80
 160  219 0.07
  29   70 0.91
 129  148 0.61
 169  206 0.17
 142  197 0.04
  73  130 0.09
  91  143 0.36
 165  225 0.92
  70   83 0.67
  86  136 0.68
  42  100 0.98
  89  150 0.20
 174  216 0.96
 168  214 0.68
 112  117 0.12
 129  137 0.02
  41   77 0.94
  42   44 0.41
  98  142 0.53

  86  124 0.92
 125  177 0.11
  68   72 0.30
 113  136 0.83
  82   85 0.65
 109  127 0.60
  13   50 0.54
 122  178 0.88
   2   45 0.44
 125  135 0.10
  84  128 0.50
 131  169 0.94
  57   86 0.22
 170  222 0.01
 147  173 0.09
  24   50 0.99
  97  102 0.00
  55  108 0.27
 185  220 0.76
 140  193 0.69
  56   91 0.96
 180  200 0.23
 151  211 0.36
  45   63 0.05
  48  107 0.23
 157  201 0.52
 164  209 0.49
  88  120 0.61
 168  186 0.64
  44   47 0.35
 171  184 0.36
 122  163 0.64
 118  157 0.59
 159  202 0.24
 100  142 0.37
  69   70 0.17
  25   30 0.49
 175  176 0.48
 126  138 0.70
 144  202 0.51
  32   62 0.78
   0   17 0.51
 124  176 0.03
 140  173 0.48
 149  209 0.43
 103  110 0.57
  89  125 0.26
  76   94 0.95
  79   97 0.81
 161  198 0.88

 106  146 0.53
  22   37 0.23
  66  113 0.61
 174  218 0.05
 162  218 0.74
  99  102 0.89
 171  184 0.02
 157  181 0.51
 158  201 0.39
 104  125 0.01
 132  181 0.97
 150  184 0.60
 100  108 0.46
  83  135 0.08
  79  105 0.04
 159  211 0.19
  37   73 0.23
 176  220 0.13
  29   80 0.53
 146  205 0.29
  60   94 0.96
  60  120 0.22
 127  163 0.03
  62  105 0.35
   4   14 0.08
 165  210 0.16
  37   86 0.97
 121  140 0.63
  27   33 0.64
 134  182 0.70
 136  143 0.63
 155  160 0.11
 109  138 0.70
  80  115 0.02
  25   55 0.91
 160  213 0.03
 126  141 0.22
 175  190 0.21
  54   83 0.41
  82  134 0.42
 182  186 0.26
  86  141 0.12
 161  178 0.88
  53   76 0.99
 140  169 0.81
 110  157 0.23
   4   51 0.02
  89  147 0.76
 100  137 0.12
  19   56 0.06

  17   42 0.97
 167  206 0.54
  77  125 0.76
   8   68 0.09
  57   72 0.97
 128  156 0.87
 174  229 0.03
 133  161 0.60
  24   62 0.11
 109  111 0.01
  81  100 0.77
  92  135 0.07
  49   65 0.67
 129  169 0.64
 160  221 0.41
 159  220 0.35
 180  222 0.52
  90  143 0.34
  42   73 0.29
   3   54 0.45
  24   31 0.10
   3   33 0.17
  25   48 0.22
 102  120 0.31
 119  171 0.94
  17   77 0.85
 119  166 0.47
  91  152 0.44
  18   62 0.49
  83  139 0.18
 141  190 0.84
  31   59 0.12
  56   93 0.67
  61   71 0.41
  14   64 0.62
 157  182 0.53
  46   82 0.53
 153  207 0.02
  68  122 0.42
  86  125 0.55
 140  142 0.71
  50   83 0.45
 118  146 0.67
 164  210 0.30
  38   47 0.92
  69   94 0.62
  58  105 0.12
 118  176 0.96
  85  134 0.47
  93  116 0.10

