4 40 8
6   10  10  16   4   4   2

  10   16 0.85
  41   49 0.27
  31   39 0.80
  28   41 0.82
  10   10 0.15
  27   39 0.71
  22   31 0.79
  33   39 0.68
   8   10 0.80
   2   15 0.38
  41   50 0.65
  11   12 0.20
  23   35 0.84
  27   27 0.40
  17   29 0.67
  24   36 0.46
  35   46 0.53
  36   44 0.54
   2    8 0.20
  34   43 0.56
  28   36 0.66
   8   12 0.58
  35   43 0.07
  19   21 0.23
  40   48 0.51
   6   18 0.86
  27   27 0.74
  40   44 0.90
  25   25 0.24
  35   40 0.16
   0   13 0.58
  10   17 0.99
  11   17 0.07
  34   39 0.37
  23   28 0.86
  38   40 0.99
  18   30 0.40
  37   40 0.32
  30   34 0.42
  13   19 0.68

  36   43 0.99
  14   17 0.26
  32   38 0.73
   6    7 0.77
  25   35 0.13
   8   14 0.09
  33   45 0.69
  22   25 0.63
  32   37 0.84
  15   19 0.80
   0    7 0.37
   3    5 0.98
   4    7 0.90
   6    7 0.52
  31   43 0.95
  36   41 0.66
  31   33 0.85
   4   14 0.63
   7   13 0.24
   5   11 0.91
  39   39 0.55
   9   15 0.41
   1    4 0.49
  40   51 0.09
  22   25 0.64
   8    9 0.29
  27   30 0.04
  26   34 0.16
   1   10 0.53
   1    7 0.53
  13   26 0.35
   4    4 0.75
   4   14 0.54
  12   18 0.96
  33   43 0.83
  41   41 0.40
  10   11 0.68
  31   44 0.19
  40   52 0.55
   3   11 0.96

  41   49 0.92
  18   26 0.34
  17   24 0.18
   0    9 0.40
  20   22 0.79
  19   25 0.05
  33   38 0.43
  11   15 0.72
  38   51 0.47
  26   28 0.00
  24   25 0.87
   8   11 0.57
  28   40 0.89
   2    4 0.62
  10   20 0.13
  36   39 0.28
   1   13 0.39
  21   32 0.72
  30   30 0.89
  16   29 0.41
  19   30 0.08
  17   30 0.65
  38   43 0.70
  20   29 0.33
  32   38 0.98
   4   14 0.53
  35   46 0.78
   8   21 0.17
  22   31 0.07
  25   26 0.18
  25   25 0.98
  24   26 0.75
  40   44 0.71
   3    4 0.93
  24   29 0.78
  36   49 0.26
  13   17 0.66
  27   35 0.94
  22   22 0.92
  30   42 0.32

  37   43 0.09
  16   20 0.50
   6   15 0.20
  32   40 0.54
  26   36 0.74
  38   43 0.89
  23   26 0.69
  20   31 0.20
  37   45 0.28
   3   16 0.44
   0    1 0.55
   5   18 0.58
   7    9 0.44
  28   39 0.52
  32   44 0.92
   4   10 0.14
  28   36 0.21
  18   23 0.67
   2   11 0.90
  40   52 0.91
  40   44 0.05
  21   29 0.11
  34   43 0.37
  14   18 0.90
   4   16 0.52
  16   17 0.64
   9   16 0.82
   9   10 0.48
  29   37 0.01
  25   28 0.13
   2   11 0.20
  26   39 0.31
  28   31 0.84
  41   49 0.71
  20   21 0.31
  40   48 0.20
   9   16 0.82
  23   34 0.18
  29   39 0.42
  31   35 0.37

  18   19 0.99
  36   45 0.24
   1   13 0.51
   3   12 0.35
  40   47 0.96
   2    6 0.90
   4   14 0.77
   7   10 0.18
  23   34 0.24
  10   15 0.16
  29   32 0.69
   7   17 0.60
  31   35 0.30
  28   37 0.53
  40   40 0.13
  25   33 0.95
   9   12 0.39
   5   18 0.95
  13   18 0.13
  40   43 0.09
   0    4 0.65
  12   23 0.80
  23   23 0.03
  29   34 0.86
  32   39 0.90
  34   37 0.90
  28   30 0.75
  27   34 0.41
  41   48 0.46
  22   34 0.31
   7   11 0.19
  20   29 0.31
   4    8 0.28
   6   10 0.61
   2   11 0.55
   7   11 0.75
  16   20 0.86
  41   43 0.68
  40   45 0.32
   8   11 0.73

  41   51 0.48
  40   42 0.43
  11   19 0.45
  10   14 0.30
  13   22 0.41
  36   41 0.88
  30   43 0.30
  19   32 0.36
  17   19 0.13
  40   41 0.39
  41   42 0.68
  21   21 0.59
  35   36 0.58
  28   35 0.31
   7   10 0.49
  14   21 0.03
  38   50 0.56
  17   18 0.71
  36   48 0.25
   9   21 0.79
  27   39 0.48
  20   26 0.66
  21   24 0.89
  12   20 0.45
  38   45 0.31
  27   33 0.05
  34   34 0.19
  14   25 0.03
  13   14 0.97
   3    5 0.33
   0    5 0.65
   2    2 0.34
  16   28 0.71
  13   22 0.01
  18   30 0.62
  22   30 0.86
  40   40 0.20
  28   39 0.77
  26   26 0.55
  37   47 0.89

