4 80 8
3   16   2  10

  12   22 0.47
   1    9 0.90
  18   20 0.64
  13   26 0.30
  20   23 0.22
   4   20 0.89
   3    9 0.77
  20   34 0.39
   3   17 0.23
  17   33 0.07
  13   27 0.82
  34   37 0.84
  21   28 0.33
  32   36 0.17
  32   33 0.14
  34   34 0.38
  12   24 0.55
   0    9 0.33
   3   16 0.02
   4    6 0.32
  27   28 0.41
   6    8 0.81
   9   20 0.12
  26   28 0.12
  20   36 0.73
  12   13 0.09
   4   12 0.32
   5   21 0.79
  28   37 0.35
  22   25 0.12
   8   21 0.92
  26   38 0.06
  11   19 0.94
   9   19 0.85
  30   37 0.15
   0   13 0.01
   3   15 0.80
   7   15 0.22
  17   27 0.86
  29   32 0.76
  26   42 0.31
  22   31 0.96
   3   18 0.54
  31   46 0.35
  20   36 0.95
  17   30 0.53
  17   19 0.37
  31   38 0.34
  20   20 0.09
  16   18 0.43
  31   44 0.15
   3    7 0.09
  19   22 0.21
  23   29 0.94
  29   35 0.87
  19   31 0.73
  18   22 0.14
   5   15 0.20
  30   44 0.15
  22   24 0.51
   7   12 0.88
  31   31 0.55
  10   11 0.68
  23   27 0.61
  30   33 0.56
   2   17 0.59
  17   24 0.97
   8   11 0.46
  13   23 0.87
  21   29 0.40
   3    3 0.78
  12   17 0.26
  27   28 0.65
  24   38 0.47
   6    7 0.64
  20   33 0.79
  15   27 0.19
   4    5 0.52
   9   16 0.72
  12   25 0.49

   1    3 0.41
  12   25 0.59
  33   49 0.05
  21   34 0.40
  30   46 0.90
  10   23 0.52
  28   31 0.62
  25   26 0.62
   0    4 0.57
  28   38 0.76
   1   13 0.75
  18   22 0.92
  22   38 0.58
  22   36 0.53
  20   31 0.89
   6   20 0.75
   9   21 0.20
  12   21 0.68
   7   15 0.00
  28   42 0.74
   6    6 0.20
  20   21 0.17
  32   44 0.57
  32   37 0.29
  16   29 0.38
  31   35 0.34
   9   17 0.73
  30   39 0.26
  23   33 0.16
  15   21 0.60
  16   32 0.01
   7   16 0.80
  19   34 0.08
   0   11 0.55
  19   27 0.42
   7   18 0.82
  20   29 0.65
  22   24 0.81
  13   15 0.35
  14   19 0.50
   3    6 0.32
  33   37 0.52
   9   21 0.77
   5   20 0.49
  12   20 0.43
  20   23 0.24
  27   31 0.15
   5   16 0.92
  31   47 0.75
   2   15 0.63
   1   14 0.83
  14   16 0.96
   9   20 0.03
  22   26 0.31
   7   18 0.19
  28   37 0.10
  26   34 0.37
  33   40 0.30
  32   36 0.43
  29   44 0.63
  33   34 0.07
  31   35 0.31
  21   30 0.94
  19   24 0.46
  28   29 0.93
  24   37 0.29
  14   18 0.08
  20   30 0.34
  15   26 0.14
  30   34 0.51
   1   16 0.64
  31   44 0.18
  21   32 0.04
  19   26 0.50
  17   21 0.26
  11   12 0.06
  27   28 0.60
   1   13 0.94
   8   24 0.30
  26   37 0.05

  11   24 0.36
   2   15 0.94
  17   25 0.77
  10   19 0.92
  24   37 0.43
   0    0 0.43
  13   26 0.16
  11   22 0.80
   3   16 0.72
   9   10 0.35
  20   23 0.84
   2   11 0.71
  18   24 0.71
  18   27 0.67
  26   33 0.49
  18   20 0.83
  28   36 0.17
  19   32 0.73
  24   40 0.58
   8    9 0.92
  28   36 0.84
  33   45 0.11
   1    5 0.96
  29   39 0.04
  26   31 0.36
  11   17 0.00
  19   22 0.60
  31   40 0.52
  17   24 0.72
  12   23 0.68
  29   41 0.10
  21   28 0.29
  19   35 0.25
  21   23 0.67
  30   46 0.60
  15   17 0.78
  13   29 0.65
  27   38 0.89
  32   44 0.57
  17   26 0.72
  25   27 0.91
  33   35 0.09
  32   40 0.74
  23   36 0.08
  16   32 0.26
   7   20 0.42
  18   26 0.17
  23   35 0.48
   8   20 0.63
  32   37 0.13
   3    8 0.84
   5   20 0.61
  21   25 0.71
   8   18 0.88
   7    8 0.02
   2   16 0.35
  34   46 0.60
  20   23 0.59
  21   32 0.01
  14   18 0.10
  24   32 0.27
  27   28 0.66
  12   13 0.52
  25   29 0.28
  33   43 0.55
  26   31 0.83
   3   13 0.11
  21   27 0.11
  16   32 0.05
  21   22 0.20
   0    9 0.76
  22   22 0.00
   6    7 0.07
   9   21 0.07
   1   14 0.35
   5   20 0.33
  19   28 0.12
  27   40 0.48
  14   27 0.78
  23   25 0.52

