4 20 8
12    2  16  10   2  10  16   2  16  16  10  10  10

  32   35 0.02
  10   26 0.76
  16   31 0.06
  26   42 0.80
   8   15 0.32
  11   23 0.46
  50   65 0.02
  42   45 0.29
  27   37 0.09
  40   55 0.39
  50   63 0.72
   7    7 0.36
  12   29 0.84
  54   60 0.52
  38   52 0.41
  26   27 0.52
  11   17 0.36
  52   55 0.47
  25   35 0.34
  19   26 0.03

  38   42 0.25
  13   19 0.28
   1    7 0.57
  20   33 0.54
  19   20 0.99
   7   10 0.80
  19   27 0.26
  49   59 0.62
  43   45 0.87
  44   46 0.31
  22   32 0.01
  14   26 0.28
   8   10 0.62
   8   25 0.99
  13   22 0.16
  16   26 0.59
  42   43 0.89
   4    8 0.80
  26   26 0.44
   8    9 0.56

  15   15 0.75
  26   38 0.34
  47   54 0.59
  45   57 0.09
  18   28 0.81
  17   32 0.00
  14   19 0.64
  42   45 0.73
  15   24 0.68
  11   14 0.98
  29   46 0.87
  23   24 0.95
  36   43 0.11
  36   43 0.41
  10   19 0.95
  34   48 0.05
  49   52 0.84
  37   44 0.26
  54   56 0.93
  24   38 0.64

  27   33 0.24
  41   45 0.09
  47   54 0.26
  24   31 0.61
  21   32 0.33
  14   23 0.20
  14   30 0.17
  25   26 0.54
  49   62 0.67
  32   49 0.79
  11   19 0.10
  13   30 0.53
  38   46 0.13
  42   51 0.40
  37   41 0.81
  21   37 0.48
  27   33 0.38
  37   42 0.50
  23   31 0.34
  21   27 0.18

  51   62 0.23
  37   37 0.82
  15   25 0.37
  34   51 0.22
  17   24 0.15
  18   28 0.87
   9   19 0.37
  27   29 0.66
  15   24 0.09
  52   61 0.92
  37   52 0.61
  45   50 0.26
  49   63 0.69
  34   50 0.98
  12   15 0.79
  43   44 0.21
  23   25 0.06
  51   58 0.58
  25   31 0.59
  21   21 0.27

  52   52 0.47
  46   55 0.30
  29   45 0.54
  15   27 0.96
  49   56 0.03
  46   54 0.31
  11   21 0.48
  45   56 0.76
   5   15 0.45
  33   45 0.11
  23   31 0.79
  37   50 0.64
  17   32 0.13
  11   25 0.32
  41   57 0.93
  52   64 0.44
  39   41 0.12
  38   55 0.06
   6   22 0.32
  37   37 0.17

  11   28 0.27
  52   61 0.09
   8   21 0.12
  39   41 0.53
  46   54 0.90
  15   31 0.73
   5   14 0.01
  45   61 0.69
  47   49 0.82
  16   25 0.53
   6    7 0.71
  35   41 0.99
  42   55 0.99
   6   16 0.22
  42   53 0.50
  55   61 0.01
  46   49 0.34
  33   48 0.24
  42   55 0.46
  22   38 0.73

  18   20 0.80
   6   14 0.91
  14   15 0.54
   8   25 0.21
  16   20 0.20
  53   69 0.28
  24   34 0.71
  29   32 0.77
  37   49 0.99
  24   30 0.65
   0   10 0.88
   1   11 0.46
   7   10 0.56
   6   15 0.53
  48   48 0.71
  45   50 0.38
  48   56 0.05
  25   39 0.07
  41   55 0.31
  47   50 0.74

   3   15 0.23
  52   53 0.27
  22   27 0.97
  52   64 0.83
  13   17 0.14
  24   38 0.38
   7   18 0.40
  45   61 0.24
  54   68 0.25
  16   18 0.26
  10   20 0.40
  23   33 0.79
   0    6 0.11
  19   36 0.29
  13   15 0.76
  39   43 0.47
  23   36 0.62
  33   43 0.29
   7    8 0.03
  45   57 0.93

  11   11 0.91
  49   66 0.32
  15   30 0.08
  38   44 0.46
  34   36 0.55
  25   41 0.89
  21   37 0.42
   8   21 0.27
   9   19 0.60
  39   43 0.40
  33   43 0.32
  33   36 0.42
  20   28 0.03
  31   44 0.13
  25   41 0.52
   1   10 0.45
  52   59 0.65
  29   46 0.31
  31   43 0.90
  48   49 0.98

  41   42 0.68
  21   37 0.55
  42   46 0.06
  26   40 0.54
  49   62 0.20
  24   31 0.98
  19   21 0.25
   9   10 0.68
   8   14 0.62
  25   35 0.79
  36   42 0.64
  43   51 0.56
  25   35 0.56
  40   56 0.13
  53   54 0.94
  38   41 0.51
  12   24 0.81
   6   14 0.93
  30   33 0.41
  48   57 0.66

   0    9 0.14
  17   17 0.43
  20   32 0.63
  35   40 0.23
  43   45 0.94
  34   49 0.66
  38   42 0.06
   7    7 0.79
  23   37 0.82
  12   12 0.52
   8   13 0.96
   2   14 0.25
  40   48 0.92
  55   62 0.11
  18   33 0.99
   5    5 0.18
  20   37 0.45
   5   13 0.33
  17   22 0.09
  32   38 0.22

