5 100 4
3    4   2   4

   0   10 0.42
  34   35 0.34
  31   36 0.99
   3    4 0.37
  25   29 0.27
   5    7 0.59
  19   19 0.13
  22   32 0.21
  28   29 0.81
   1   11 0.81
  17   28 0.22
  19   26 0.40
  25   36 0.90
  30   41 0.11
   5   15 0.38
  14   22 0.67
   1    9 0.23
  11   22 0.39
   9   13 0.91
  29   35 0.46
   4    7 0.79
  34   34 0.46
   7    7 0.29
  25   36 0.23
  21   27 0.85
   8   13 0.84
   6   13 0.56
  23   34 0.00
  13   16 0.77
  18   22 0.45
  36   45 0.80
  34   37 0.75
  13   19 0.53
   7    8 0.17
  25   26 0.41
  18   22 0.45
  17   19 0.07
  15   24 0.79
   7   12 0.20
  25   31 0.70
  19   23 0.74
   5    8 0.76
  24   27 0.56
  30   40 0.56
  16   26 0.78
   6   15 0.63
  35   40 0.24
  10   11 0.34
   6    7 0.16
   5   12 0.59
  20   24 0.44
  34   41 0.02
  16   16 0.90
  35   35 0.21
   6   14 0.95
  28   35 0.73
   5   10 0.27
  17   26 0.30
  21   27 0.56
  30   41 0.59
  34   44 0.70
  24   35 0.96
   5   11 0.97
  31   42 0.87
  32   42 0.80
  32   43 0.44
  27   33 0.88
  23   28 0.80
  13   15 0.42
  17   21 0.10
  22   33 0.98
  33   33 0.85
  20   29 0.92
   4   12 0.33
  25   28 0.17
  21   30 0.05
  13   16 0.51
  10   17 0.73
  36   38 0.64
  17   18 0.97
  30   36 0.66
  35   36 0.63
  22   23 0.94
  36   45 0.90
  11   20 0.20
   2    7 0.55
  16   21 0.52
  19   22 0.50
  23   33 0.59
  35   37 0.11
  31   31 0.04
  21   28 0.75
  23   29 0.08
  17   18 0.23
  29   31 0.71
   4    5 0.36
  21   32 0.90
  19   27 0.07
  10   19 0.20
  35   38 0.79

  26   35 0.20
  22   27 0.12
  30   35 0.93
   3    5 0.70
  14   22 0.95
   3    9 0.80
  17   19 0.53
  14   22 0.07
  13   14 0.60
  31   35 0.51
  11   17 0.43
   8   12 0.33
   9   20 0.30
  18   24 0.51
  21   29 0.30
  24   26 0.85
   8   13 0.92
   7   11 0.55
  20   26 0.70
  10   11 0.46
  32   33 0.84
   8   11 0.37
  34   36 0.42
  16   27 0.29
  23   26 0.90
  33   36 0.38
   2   10 0.91
   4   10 0.00
   9   20 0.35
  12   19 0.09
  23   24 0.05
  11   11 0.93
  30   37 0.65
  24   24 0.77
  17   20 0.23
   0    8 0.69
   8   13 0.60
  28   36 0.84
   6   10 0.32
   8   10 0.66
   3   10 0.22
  26   26 0.79
  15   16 0.51
  33   43 0.21
  35   36 0.87
   0    9 0.30
  17   25 0.35
   2   10 0.52
  11   22 0.26
  15   15 0.94
  15   23 0.52
  29   36 0.83
  29   35 0.19
  11   19 0.70
  25   32 0.36
   2    8 0.84
  20   25 0.18
   2   10 0.83
  29   30 0.86
  12   23 0.29
  24   27 0.48
   8    8 0.04
   8   12 0.35
  32   34 0.98
  21   29 0.92
  26   37 0.89
  34   45 0.82
  21   25 0.59
   0    8 0.47
  33   40 0.94
  14   25 0.86
  20   25 0.11
  33   40 0.52
  32   40 0.91
  34   36 0.22
  11   14 0.09
   3    9 0.26
   1   11 0.26
  13   15 0.44
  20   24 0.42
   6   11 0.75
   0    5 0.04
  12   14 0.77
   1    7 0.27
   3   13 0.64
  31   41 0.80
  10   10 0.77
  35   44 0.93
   3    8 0.53
  15   23 0.61
  17   25 0.90
  10   16 0.39
   2    2 0.81
  12   19 0.82
  25   32 0.30
  18   24 0.23
  14   19 0.57
  36   36 0.95
  29   31 0.37
  35   39 0.55

  17   26 0.27
  27   36 0.70
   5    9 0.99
   6   13 0.49
  20   24 0.99
  12   15 0.56
   3    5 0.94
  11   21 0.86
  34   37 0.58
  14   24 0.69
  23   25 0.91
  24   30 0.59
  10   16 0.91
  10   10 0.81
   5    7 0.35
   0    2 0.10
  26   29 0.34
  25   25 0.80
   4    9 0.12
   4   12 0.59
  17   26 0.29
   8   12 0.99
  22   32 0.49
   1    8 0.84
   1    5 0.29
  32   41 0.16
  29   29 0.30
  24   28 0.78
  32   40 0.09
   9   19 0.37
  15   18 0.96
   2    4 0.06
  10   19 0.25
  28   33 0.16
  12   18 0.47
  24   33 0.81
  32   34 0.43
   9   10 0.65
  25   29 0.17
  11   19 0.70
  24   29 0.01
   2   10 0.72
  19   26 0.59
   3    9 0.60
  16   26 0.58
  30   37 0.77
  11   16 0.21
  16   27 0.98
   5    7 0.25
   1    7 0.65
   1    6 0.47
  15   22 0.42
   9   19 0.74
  30   41 0.58
  18   28 0.13
  31   39 0.90
   6   11 0.09
   0    1 0.58
  28   31 0.00
  21   28 0.66
  32   35 0.68
  11   21 0.49
  11   19 0.38
  25   29 0.67
  34   40 0.13
  28   36 0.15
  10   13 0.99
  20   27 0.89
  24   33 0.95
   6   13 0.76
   9   14 0.09
  34   39 0.91
  15   26 0.95
   4    4 0.91
  26   31 0.92
  25   28 0.55
   7    8 0.58
  24   33 0.11
   1   10 0.67
  13   17 0.33
   7   10 0.86
  36   37 0.41
   2   11 0.77
   7    9 0.50
  31   36 0.51
  24   29 0.90
  35   41 0.72
  29   40 0.81
   8   13 0.48
  32   39 0.68
  20   24 0.62
   3    8 0.40
  27   31 0.45
  18   29 0.95
  14   19 0.89
   4    7 0.94
  30   31 0.10
   8   12 0.61
  27   34 0.77
  23   23 0.79

