3 20 8
12    2   4  16   2  10  10   2  10  10  16  10  16

  58   70 0.60
  48   60 0.97
   9   17 0.79
  64   80 0.02
  28   44 0.19
  65   77 0.33
  34   39 0.01
  51   51 0.95
  25   25 0.04
  29   43 0.61
  43   48 0.65
   5   10 0.96
   0   18 0.10
  61   74 0.62
   9   13 0.32
   4   13 0.37
   3    7 0.08
  49   61 0.85
  30   39 0.37
  62   64 0.60

  44   63 0.68
  10   23 0.70
   7   20 0.10
  10   30 0.36
  15   32 0.16
   3   16 0.50
   8   14 0.09
   9   28 0.43
  56   62 0.96
  46   56 0.59
  16   16 0.02
  28   30 0.16
  33   54 0.97
  63   77 0.10
   3   12 0.53
   4   10 0.44
  39   39 0.85
  39   58 0.59
  39   49 0.91
  43   45 0.91

  26   40 0.75
  54   73 0.43
  23   27 0.32
  65   76 0.57
  64   74 0.69
  17   33 0.59
  38   54 0.16
  66   78 0.20
  15   25 0.15
  58   78 0.11
  16   24 0.35
  13   26 0.80
   6   17 0.69
  42   48 0.54
  23   31 0.45
  61   65 0.02
  33   51 0.12
  10   19 0.09
  15   17 0.27
  55   64 0.58

  25   39 0.10
  39   54 0.65
  23   31 0.02
  39   53 0.20
  49   49 0.40
   4    7 0.12
   4   17 0.21
  46   62 0.76
   3   13 0.12
  31   36 0.83
  52   70 0.65
   6   26 0.01
  66   85 0.95
  14   26 0.89
  58   62 0.47
  43   52 0.91
  51   59 0.39
  58   58 0.03
  27   29 0.95
  62   81 0.79

  25   25 0.64
  39   48 0.64
  36   53 0.11
  58   70 0.23
   9   11 0.80
  21   39 0.79
  10   31 0.85
  23   29 0.14
  37   39 0.09
  23   38 0.63
  55   62 0.61
  51   66 0.14
  43   48 0.58
   8   22 0.29
  35   48 0.41
  36   43 0.52
  21   38 0.45
  26   33 0.73
  19   40 0.07
  25   37 0.68

  28   44 0.36
  58   71 0.90
  16   27 0.37
  58   58 0.33
  42   53 0.54
  30   36 0.30
  40   59 0.06
   2    6 0.78
  53   70 0.80
  47   55 0.58
  47   56 0.08
  28   29 0.34
  41   52 0.28
  52   63 0.50
  38   52 0.44
  53   56 0.54
  47   59 0.96
  49   70 0.16
  24   25 0.38
  34   47 0.16

  11   25 0.30
  35   46 0.37
  57   71 0.78
   5   25 0.66
  49   60 0.10
  26   42 0.44
  66   70 0.43
  22   26 0.20
  60   77 0.01
  45   45 0.06
   0   21 0.42
  53   58 0.83
   0    2 0.10
  54   63 0.07
  28   35 0.45
   5   26 0.67
   0   10 0.82
  54   65 0.19
  62   76 0.17
  10   23 0.58

   9   10 0.73
  61   67 0.47
  14   35 0.93
  25   43 0.17
  28   32 0.45
  65   67 0.93
  43   44 0.92
  28   39 0.95
  41   42 0.93
  40   49 0.74
  28   42 0.76
  59   71 0.28
  10   31 0.03
  10   23 0.71
   5   22 0.60
  60   79 0.68
  58   74 0.90
  18   29 0.38
  55   60 0.56
   3    5 0.41

  42   61 0.31
   1    2 0.10
  33   39 0.75
  48   62 0.37
  55   74 0.73
  29   43 0.20
  38   47 0.62
  49   64 0.27
   9   25 0.43
  48   48 0.84
  11   30 0.99
  16   36 0.23
  47   61 0.13
  18   38 0.99
  61   81 0.76
  44   55 0.29
  32   46 0.29
  66   69 0.34
  62   63 0.89
  65   69 0.95

  13   28 0.76
  21   31 0.88
   9   29 0.35
  52   70 0.74
  41   50 0.96
   3   18 0.52
  31   39 0.33
  32   33 0.59
  40   51 0.37
  47   60 0.34
  15   23 0.91
   4    6 0.37
  59   78 0.67
   9   25 0.99
   3   19 0.63
   9   22 0.05
  56   69 0.85
  51   60 0.17
  21   23 0.16
  33   34 0.73

  24   34 0.67
  29   34 0.40
  54   57 0.86
  46   58 0.94
  12   25 0.88
  45   53 0.69
  39   52 0.54
  41   47 0.48
  57   62 0.24
  11   25 0.25
  56   67 0.48
  12   20 0.54
  52   70 0.60
  26   46 0.63
  66   74 0.06
  10   15 0.55
   6    8 0.78
  33   46 0.53
   2    6 0.99
  19   22 0.35

  49   69 0.14
  21   25 0.25
  12   27 0.54
  50   69 0.05
  15   32 0.74
  54   66 0.33
   4   14 0.39
  17   22 0.53
  41   47 0.91
  34   50 0.19
  48   69 0.67
  31   37 0.77
  23   31 0.28
  19   20 0.47
  20   37 0.84
   6    7 0.45
   4    6 0.03
  51   69 0.50
  18   29 0.42
  16   37 0.24

