5 15 8
12   16   4   4   4  20  10  20  10   2  20  20  10

  15   16 0.62
  25   28 0.32
   9   16 0.42
   9   18 0.67
  12   21 0.49
  20   20 0.83
   5    8 0.25
   4    5 0.09
  17   27 0.97
  21   30 0.76
  12   22 0.36
   9   18 0.68
   8   16 0.86
  15   26 0.01
  15   18 0.68

  10   10 0.89
   1   10 0.03
  10   11 0.47
  14   18 0.66
   9   14 0.81
  12   15 0.06
  17   29 0.06
   3   12 0.39
  12   17 0.70
  19   19 0.28
  17   21 0.28
  18   22 0.59
  12   22 0.23
  12   24 0.60
  10   19 0.30

   7   13 0.93
  19   19 0.97
  16   20 0.60
  21   30 0.87
  24   36 0.18
   9   15 0.19
  12   22 0.83
   6   17 0.44
  24   28 0.10
   7    7 0.03
  22   33 0.81
   7   11 0.44
   0    5 0.66
   6   10 0.42
  25   29 0.91

  23   34 0.29
   4   10 0.93
   3   12 0.08
   7   17 0.85
  11   13 0.28
  24   26 0.64
  20   20 0.96
   2    8 0.10
   9   13 0.85
  16   23 0.00
  24   25 0.07
   0    4 0.63
   9   12 0.57
  15   27 0.98
   3   13 0.47

   5   11 0.82
  12   22 0.95
  11   19 0.09
  19   31 0.30
   7   18 0.69
  12   21 0.92
   1   13 0.96
  15   24 0.39
   9   18 0.34
  25   26 0.27
  19   31 0.96
   7   19 0.20
   8   12 0.33
   5   13 0.53
   9   15 0.73

  21   27 0.73
  17   25 0.65
   5   14 0.53
   8   14 0.37
  14   15 0.81
  18   29 0.90
  23   31 0.15
  24   25 0.41
   5   14 0.59
  10   17 0.39
  23   29 0.49
  22   25 0.02
   2   11 0.55
  21   23 0.15
   7    9 0.91

   5   16 0.46
   1    1 0.76
   0    1 0.81
   9    9 0.32
  16   22 0.15
  20   22 0.56
  20   20 0.41
   0    3 0.52
  11   14 0.61
  23   27 0.23
   1    1 0.72
   7   15 0.19
  25   32 0.17
   3    7 0.09
  16   18 0.55

   0    8 0.30
   2    5 0.61
   5   13 0.67
   8   10 0.47
  15   24 0.29
   6   12 0.40
   6   11 0.35
   9   17 0.11
  24   31 0.09
  25   25 0.64
   8   12 0.22
  10   11 0.19
   4   14 0.27
  20   22 0.67
   1    7 0.26

   1    7 0.44
  20   24 0.41
   3   12 0.03
   4    4 0.52
  18   26 0.65
  18   18 0.20
   5   17 0.26
  17   19 0.16
  17   23 0.44
   5    8 0.62
  17   20 0.29
  23   23 0.43
  20   25 0.72
  11   23 0.25
  15   22 0.15

   9   17 0.76
  14   25 0.02
  23   29 0.71
   3   11 0.61
   0    2 0.03
   6   12 0.49
  24   32 0.60
  13   15 0.88
  25   32 0.22
   4   13 0.27
  17   19 0.41
   2   14 0.94
  15   26 0.77
   7   16 0.73
  11   15 0.31

  18   19 0.93
   8   16 0.87
   8    9 0.99
   5   10 0.52
  18   30 0.37
   8   14 0.90
  11   20 0.80
   0    8 0.88
  13   20 0.65
  11   11 0.04
  16   16 0.39
  17   28 0.54
  11   22 0.76
   2    7 0.15
   6    6 0.42

   6    9 0.32
  24   32 0.48
  23   30 0.55
   3    4 0.46
   2    6 0.69
  23   29 0.06
   2    2 0.96
  22   30 0.88
   3    9 0.99
  14   23 0.75
   6   11 0.14
  25   26 0.75
  19   25 0.76
   8   10 0.55
   1   12 0.92

