3 100 4
3    2  10  10

  40   77 0.25
  11   25 0.42
  35   50 0.96
  18   36 0.54
  12   24 0.17
  29   43 0.27
  15   33 0.96
  10   47 0.78
  10   36 0.85
  13   42 0.73
  41   71 0.91
  42   69 0.27
  41   70 0.72
  22   45 0.75
   1   29 0.53
  31   73 0.68
  41   73 0.91
  35   57 0.33
  28   44 0.28
  43   86 0.89
   1    4 0.54
  28   56 0.26
  31   58 0.69
  22   56 0.70
  42   65 0.59
  39   59 0.38
  18   52 0.57
   6   17 0.25
   3   13 0.34
   0    6 0.57
  40   81 0.95
  22   24 0.98
  41   71 0.98
  44   84 0.92
   6   44 0.75
  38   51 0.72
  35   40 0.61
  37   57 0.22
   0   28 0.36
  29   39 0.90
  26   63 0.41
   2   20 0.94
  23   50 0.18
   2   29 0.61
  42   86 0.89
  31   51 0.01
   9   28 0.74
  25   25 0.52
  38   73 0.11
   0    4 0.27
  33   64 0.35
  16   25 0.02
  28   54 0.41
  26   47 0.61
   3    8 0.41
   0   14 0.51
  26   35 0.78
  37   40 0.22
   3   15 0.75
  21   41 0.22
  12   53 0.93
  35   40 0.27
  15   32 0.33
  42   63 0.89
  14   22 0.34
  40   59 0.75
   1   32 0.88
  21   59 0.94
  22   22 0.65
  29   36 0.67
   3   45 0.42
  28   65 0.81
  29   38 0.32
  39   61 0.34
  12   45 0.25
  17   53 0.18
  10   21 0.25
   4   31 0.57
  21   49 0.93
   6   37 0.25
   0   41 0.71
   2    2 0.01
   9   12 0.08
   5   46 0.63
  39   54 0.07
  15   22 0.24
   5   37 0.42
  26   33 0.39
   3   23 0.59
  34   47 0.56
  42   44 0.85
  22   29 0.09
  42   70 0.51
  33   37 0.66
  15   21 0.95
  26   34 0.85
   2   34 0.32
  27   56 0.11
  42   70 0.26
   4   37 0.48

  36   53 0.24
  30   61 0.61
  43   82 0.68
   5   15 0.03
  32   59 0.05
  28   29 0.89
  17   45 0.36
  29   38 0.53
  42   62 0.66
  28   56 0.06
  22   34 0.35
   6   17 0.59
  41   65 0.11
  16   23 0.40
  19   42 0.74
  14   28 0.00
   9   29 0.10
   0   31 0.82
  19   62 0.72
  27   71 0.62
  43   43 0.50
  38   57 0.86
  25   39 0.27
  15   44 0.30
  15   55 0.01
  41   56 0.91
  11   43 0.68
  29   42 0.51
   8   21 0.85
  31   72 0.80
   0   43 0.87
  26   59 0.98
   9   33 0.51
  17   50 0.43
  20   38 0.64
  41   78 0.97
  23   65 0.09
  13   21 0.82
  21   55 0.47
   6   45 0.26
  26   50 0.84
  28   72 0.53
  32   43 0.81
   2   26 0.10
  18   35 0.80
  16   54 0.57
   6   42 0.71
  14   32 0.78
  39   50 0.83
  20   30 0.81
  14   39 0.55
  14   39 0.40
   9   39 0.68
  25   35 0.50
  38   81 0.21
  21   29 0.29
  26   70 0.22
   2   10 0.95
  27   33 0.28
  35   48 0.38
  38   65 0.52
  18   40 0.25
  10   36 0.78
   2   45 0.77
  28   34 0.05
  43   48 0.64
  26   37 0.96
  14   52 0.90
  23   43 0.59
   7   26 0.39
   0   22 0.94
  41   79 0.70
   0    1 0.96
  28   50 0.46
   5    7 0.69
  41   83 0.23
  25   40 0.50
   2    2 0.22
  26   36 0.74
  16   16 0.32
  30   31 0.12
  35   72 0.79
  40   62 0.43
  25   42 0.06
  42   59 0.93
  22   30 0.49
  36   57 0.55
  14   18 0.55
  24   61 0.07
   6   36 0.84
  43   76 0.75
  17   50 0.51
  40   48 0.27
  42   54 0.84
  26   41 0.11
  31   70 0.89
  36   72 0.31
   4    9 0.21
  13   39 0.62
  29   67 0.59

  37   59 0.00
  21   34 0.38
   2   25 0.21
  25   54 0.48
   6   26 0.06
  17   43 0.17
  42   47 0.97
  36   72 0.29
  13   34 0.32
  37   66 0.39
  13   18 0.99
  12   46 0.66
  17   51 0.65
  22   30 0.77
  41   55 0.72
  33   66 0.51
  21   55 0.68
   0   19 0.14
  35   39 0.61
  10   11 0.59
  41   85 0.67
  26   47 0.42
  24   57 0.69
  43   71 0.76
  36   55 0.98
  41   46 0.23
   7   48 0.42
  16   16 0.04
  17   26 0.21
  18   27 0.54
  10   26 0.44
  38   76 0.38
  28   39 0.43
   3   40 0.24
  34   78 0.80
  38   64 0.64
   0   27 0.93
   2   21 0.02
  19   36 0.84
   1   15 0.76
  31   49 0.99
  26   45 0.70
  20   28 0.06
  16   51 0.89
  17   37 0.57
  22   33 0.23
  42   43 0.42
  19   51 0.52
  21   32 0.06
  37   45 0.03
   5   12 0.12
   6   19 0.62
  31   40 0.56
   9   10 0.99
  25   65 0.90
  19   62 0.27
  35   58 0.58
  27   46 0.67
  25   44 0.63
  42   65 0.68
  28   41 0.82
   8   12 0.15
   0   35 0.88
  34   72 0.14
  28   38 0.01
  37   81 0.01
  21   21 0.63
   2   40 0.91
  11   33 0.26
  42   62 0.20
   7   39 0.73
  16   58 0.69
  11   43 0.23
  14   33 0.73
  17   20 0.23
  19   63 0.44
  30   47 0.89
  20   55 0.73
  26   60 0.05
  24   58 0.67
  38   40 0.50
  33   38 0.34
  35   58 0.50
  17   43 0.55
  16   44 0.50
  17   60 0.93
  23   42 0.47
  28   53 0.32
  12   13 0.95
  28   49 0.08
  25   66 0.10
  17   34 0.24
  18   60 0.03
  29   58 0.03
  32   67 0.89
  24   33 0.24
  16   56 0.14
   0   21 0.37
  43   87 0.03
  12   13 0.04

