4 25 8
12    2   2  16   2   4  16  16  10   2  20  10   4

  10   27 0.96
  26   64 0.58
   1   23 0.49
  49   73 0.04
  18   27 0.00
  52   83 0.20
  56   58 0.89
   2   18 0.87
  53   79 0.72
  37   69 0.96
  57   60 0.18
  46   56 0.13
  20   50 0.14
   3    8 0.85
  11   33 0.08
  34   63 0.73
  53   83 0.48
  59   85 0.29
  24   55 0.47
  50   59 0.49
  57   73 0.36
  41   49 0.90
  37   38 0.37
  34   65 0.62
  44   67 0.73

  37   68 0.64
  45   79 0.52
  49   70 0.50
  33   60 0.35
  50   62 0.21
   8   26 0.65
  39   46 0.17
  50   51 0.90
   5   26 0.17
   9   13 0.16
   9   36 0.84
  47   69 0.03
  51   70 0.72
  26   57 0.72
  33   60 0.10
  56   79 0.14
  21   37 0.45
  30   60 0.70
   3   36 0.83
   4    8 0.60
  35   61 0.29
  32   54 0.02
  48   86 0.90
  39   53 0.31
  39   69 0.79

  22   61 0.69
  41   45 0.45
  33   62 0.38
   8   40 0.73
  45   52 0.58
  43   80 0.80
  21   43 0.40
  11   14 0.71
  31   57 0.06
  48   84 0.23
  31   59 0.23
  17   30 0.95
  33   70 0.34
   1    4 0.69
   9   15 0.06
   9   14 0.61
  11   32 0.43
   2   30 0.50
  11   36 0.86
  20   59 0.56
   5    7 0.16
   5   41 0.61
   9   47 0.96
  50   81 0.48
  52   86 0.48

  39   52 0.26
  22   29 0.48
  11   23 0.54
  31   66 0.29
  48   67 0.69
  14   19 0.92
  22   54 0.74
  34   41 0.57
   6    8 0.28
  20   41 0.49
  32   45 0.51
  29   43 0.94
  20   26 0.16
  12   39 0.86
  21   31 0.65
   2   41 0.59
  52   55 0.29
   7   45 0.93
  43   58 0.26
  53   78 0.05
  29   67 0.51
  53   67 0.42
   4   34 0.29
  51   84 0.96
  13   17 0.94

  14   17 0.13
  14   25 0.91
  36   56 0.11
  22   24 0.50
  37   61 0.92
  19   32 0.95
   8   31 0.98
  16   21 0.60
  17   39 0.42
   2   39 0.45
  34   53 0.14
  23   35 0.52
  13   49 0.58
  35   49 0.37
  32   38 0.05
  45   47 0.24
  37   68 0.67
  30   45 0.41
  57   65 0.79
  27   43 0.20
  10   24 0.63
  15   20 0.69
   7   17 0.71
  15   34 0.74
  39   56 0.93

  21   49 0.70
  28   57 0.26
  21   23 0.32
  45   64 0.20
  57   73 0.90
  12   45 0.69
  26   61 0.16
   0   12 0.21
  41   64 0.50
  32   52 0.27
  40   70 0.72
  14   41 0.32
  49   67 0.43
   5   26 0.58
   8   34 0.86
  24   51 0.75
   4   24 0.93
  26   59 0.57
  17   17 0.06
  20   24 0.06
  38   56 0.21
  59   88 0.74
   2    7 0.38
  58   86 0.30
  49   61 0.39

   7   43 0.87
  42   54 0.37
  21   28 0.76
  10   12 0.40
  24   26 0.94
  14   25 0.80
  40   61 0.72
  26   29 0.33
  33   58 0.53
  39   43 0.77
  28   47 0.11
  53   64 0.15
  47   75 0.20
   1   25 0.56
  21   49 0.81
  53   80 0.52
  48   66 0.14
  47   79 0.15
   6   37 0.64
  58   88 0.50
   1   22 0.30
  32   60 0.09
  49   77 0.45
   9   10 0.79
  30   56 0.42

  10   17 0.51
  34   61 0.35
  32   34 0.10
  23   33 0.83
  21   23 0.46
  42   79 0.45
  29   34 0.52
   8   34 0.39
  26   27 0.00
  39   69 0.16
  53   56 0.70
  41   73 0.44
  57   85 0.69
  46   64 0.17
  34   70 0.64
  40   70 0.90
  32   71 0.68
  48   79 0.40
  30   69 0.37
  43   45 0.99
  17   53 0.95
  22   48 0.02
   3   10 0.66
   1   32 0.28
  58   72 0.91

   8   46 0.54
  37   54 0.04
  36   74 0.40
  12   14 0.71
  39   49 0.95
  46   66 0.31
  44   68 0.56
  21   23 0.71
  41   66 0.65
  32   40 0.23
  42   49 0.50
  49   67 0.69
  29   45 0.89
  58   76 0.45
  47   66 0.66
  11   11 0.63
  27   61 0.95
  28   59 0.78
  53   87 0.28
   8   37 0.43
  14   21 0.53
  57   96 0.02
  18   45 0.16
  40   41 0.83
  44   74 0.54

  35   47 0.92
   1    5 0.19
  12   34 0.87
   1   17 0.26
  54   66 0.12
  27   60 0.11
  39   42 0.04
  39   61 0.60
   3   14 0.61
  23   23 0.48
  59   79 0.62
  58   63 0.62
  34   55 0.88
  48   66 0.41
  59   76 0.02
  40   64 0.69
  10   45 0.09
  17   37 0.13
  36   57 0.61
   2   23 0.73
  13   24 0.57
  41   71 0.14
   1   17 0.12
  36   73 0.09
  16   38 0.84

  53   55 0.87
  30   61 0.04
   2   15 0.70
  52   56 0.61
   3   19 0.24
  31   33 0.52
  16   26 0.49
  33   44 0.11
  53   54 0.51
  40   71 0.61
  40   68 0.71
  54   78 0.21
  37   72 0.78
  40   53 0.46
  53   53 0.53
  46   51 0.72
  14   26 0.72
  23   51 0.05
  54   66 0.92
  34   38 0.79
  31   56 0.07
  52   79 0.40
  23   53 0.01
   7   34 0.83
  35   74 0.81

   8   34 0.91
  55   93 0.81
  57   82 0.49
  41   44 0.37
  47   49 0.50
  40   77 0.11
  52   83 0.09
  41   56 0.85
  32   33 0.02
  36   72 0.98
  46   49 0.73
  27   57 0.86
  44   79 0.01
  16   17 0.13
  26   28 0.26
   6   24 0.69
  30   68 0.54
  17   56 0.21
  52   64 0.77
  52   78 0.88
   2    7 0.33
   1    5 0.30
  29   66 0.89
  52   60 0.90
  58   81 0.36

