4 60 4
3    4  10  20

   6   11 0.93
   6   29 0.22
   2   14 0.04
  26   44 0.67
  21   27 0.68
   3   19 0.31
  22   49 0.95
   8   26 0.39
   0   27 0.65
  27   33 0.17
  10   15 0.91
   4   34 0.42
   3   22 0.66
  25   25 0.21
  18   31 0.86
  20   25 0.44
  13   14 0.03
   9   25 0.07
   0   13 0.32
   5   27 0.76
  22   36 0.09
   1   21 0.70
  13   25 0.64
  11   36 0.39
  25   52 0.50
  26   52 0.05
  17   21 0.16
  26   49 0.69
  16   23 0.05
   1   18 0.59
   2   24 0.84
  22   48 0.91
  28   46 0.58
  15   19 0.14
  10   18 0.20
  19   44 0.45
  10   11 0.24
   1   30 0.60
  26   33 0.74
  16   17 0.78
  19   30 0.67
  23   38 0.23
   0    2 0.31
  25   47 0.96
  14   39 0.89
  20   47 0.91
   7   19 0.85
  29   42 0.24
  12   28 0.47
   1   17 0.12
   1    5 0.55
  14   43 0.02
  10   38 0.82
  21   37 0.32
  25   42 0.71
   6   27 0.33
   8   12 0.42
   8   31 0.22
  21   43 0.86
  20   29 0.75

  17   44 0.03
  19   35 0.13
   8   30 0.73
  25   27 0.78
  18   47 0.63
   2   14 0.19
   3   14 0.40
  19   40 0.34
  19   47 0.00
  20   22 0.49
  16   28 0.88
  18   43 0.22
   7   25 0.31
  20   50 0.15
  21   37 0.17
  17   47 0.08
  13   13 0.52
  14   24 0.23
   4   16 0.36
  27   50 0.04
  23   44 0.22
  19   27 0.91
   6    9 0.97
  23   25 0.31
   3   32 0.50
  20   39 0.11
  16   46 0.65
   2   25 0.89
  22   26 0.40
  25   29 0.43
  15   32 0.30
  24   25 0.49
  20   25 0.13
  18   30 0.57
  17   19 0.75
   0   15 0.41
  30   53 0.52
  11   39 0.42
  22   37 0.74
  25   37 0.93
  11   25 0.30
   2   16 0.27
  10   18 0.08
  20   26 0.95
  14   30 0.80
  28   43 0.18
  19   29 0.92
  30   46 0.47
  15   42 0.91
  19   23 0.33
  24   45 0.35
  26   51 0.24
  21   43 0.42
  27   49 0.27
  19   49 0.15
   8   14 0.59
  25   47 0.96
   5   35 0.53
  19   23 0.05
   6   36 0.06

  19   26 0.23
  23   49 0.55
  16   35 0.19
  21   26 0.80
  26   50 0.73
  26   55 0.47
  15   45 0.85
   5    8 0.80
  20   22 0.40
  26   33 0.41
   3   30 0.56
  19   21 0.15
  14   26 0.11
  21   36 0.96
  28   52 0.46
   0   29 0.38
  21   47 0.51
  27   29 0.12
  19   38 0.25
  14   18 0.55
   7    7 0.44
  21   23 0.49
  21   37 0.14
   8   37 0.07
   1   18 0.65
  21   26 0.91
  26   44 0.15
  24   39 0.73
  21   41 0.34
  30   39 0.83
  11   19 0.51
   1   27 0.29
   7   19 0.16
   8   11 0.30
  29   40 0.81
  16   18 0.88
  15   30 0.81
  26   47 0.11
  18   35 0.40
  12   26 0.74
  30   50 0.96
  24   31 0.69
  17   21 0.06
   9   36 0.59
   6   27 0.03
  14   23 0.02
  27   47 0.82
   6   16 0.39
   0   25 0.56
  18   48 0.34
   4    6 0.67
  28   49 0.68
  23   32 0.69
  27   44 0.03
  13   14 0.10
  27   54 0.90
  18   42 0.28
  25   27 0.17
   2   12 0.95
  28   35 0.34

