3 15 8
12   10   2   2  16  10  10   2  16  16  10   4  20

  52   63 0.28
  11   28 0.11
  29   60 0.99
  25   41 0.48
  31   51 0.39
  46   67 0.62
  52   63 0.02
  26   50 0.95
  23   28 0.94
  30   37 0.79
  51   83 0.73
   5   24 0.71
  45   58 0.18
  26   43 0.08
  29   59 0.51

  41   72 0.81
  32   55 0.87
   8   12 0.02
   4   15 0.11
  27   59 0.90
  31   57 0.30
  51   69 0.33
  20   48 0.75
  35   40 0.37
  36   39 0.71
  39   40 0.13
   2   27 0.43
  53   68 0.44
   7   33 0.98
  42   49 0.22

  52   60 0.70
  12   29 0.12
  22   43 0.82
  48   73 0.07
  38   57 0.10
  39   67 0.43
  16   26 0.00
  24   56 0.22
   6   22 0.42
  46   49 0.90
  45   53 0.53
  36   63 0.39
  10   39 0.21
  11   25 0.63
  33   58 0.54

  13   44 0.46
   4   39 0.05
  17   52 0.05
  19   20 0.76
  10   37 0.03
  44   74 0.98
  52   73 0.58
  51   60 0.68
  42   56 0.33
  45   75 0.00
  12   21 0.60
  37   57 0.59
  45   55 0.01
  41   42 0.63
  31   57 0.12

  20   46 0.77
  20   26 0.71
  41   74 0.85
  44   64 0.39
  41   66 0.40
  35   43 0.98
   9   24 0.35
  31   31 0.18
  47   80 0.68
  44   52 0.96
  11   44 0.76
  11   37 0.80
  34   53 0.65
  42   54 0.17
   3    7 0.46

  25   44 0.77
   2   13 0.91
  51   64 0.32
  18   52 0.31
  43   55 0.18
  14   14 0.04
  14   46 0.06
  24   34 0.60
   6   36 0.10
  25   42 0.47
  20   37 0.82
  36   68 0.48
  15   15 0.79
  27   41 0.49
   6    6 0.33

   3   18 0.51
  52   75 0.50
  35   40 0.01
  13   30 0.60
  10   14 0.07
  49   58 0.47
  10   44 0.16
   9   15 0.11
   0   13 0.12
  15   43 0.33
  44   76 0.82
   3   34 0.03
  52   70 0.63
  29   53 0.21
  46   79 0.46

  47   65 0.82
  45   73 0.20
  28   50 0.65
  24   56 0.24
  17   20 0.06
   3   22 0.77
  47   78 0.35
  26   55 0.60
  51   52 0.39
  31   59 0.81
  29   49 0.30
  43   68 0.29
  36   46 0.14
   5   40 0.97
   9   40 0.77

  50   50 0.44
  22   22 0.98
  31   60 0.08
  49   56 0.10
  32   51 0.66
  21   37 0.21
  44   46 0.22
   1   25 0.33
  12   37 0.08
  37   69 0.71
  30   55 0.67
   2   27 0.61
  21   25 0.86
  49   61 0.84
  46   54 0.04

  17   19 0.93
   2   18 0.61
  26   35 0.08
  27   57 0.43
  31   31 0.87
  18   46 0.18
   9   10 0.55
  23   26 0.66
   0    3 0.98
  47   64 0.82
   0    9 0.64
  28   39 0.68
  35   62 0.75
  48   71 0.74
  21   41 0.75

   0    6 0.72
   8   14 0.30
  15   36 0.04
  43   51 0.16
  13   31 0.34
   2    3 0.24
  30   37 0.38
   0    7 0.65
  35   52 0.28
  47   71 0.79
  39   61 0.68
  28   56 0.69
  23   25 0.29
   9   16 0.44
  27   60 0.28

  17   44 0.63
  51   69 0.11
  23   34 0.33
   5    7 0.60
  11   32 0.31
  26   26 0.74
  28   33 0.07
  40   67 0.75
   4   11 0.84
  36   57 0.71
   6   39 0.70
  39   65 0.04
  44   68 0.66
  32   63 0.99
  13   15 0.39

