5 80 4
3    4  10  20

  29   38 0.41
  29   85 0.73
  10   20 0.11
  10   51 0.19
  14   79 0.67
  22   84 0.27
  30   48 0.84
  15   54 0.97
  24   27 0.69
  17   72 0.29
  22   84 0.19
   9   15 0.94
  19   69 0.11
  30   58 0.12
  33   41 0.87
  26   45 0.11
  15   19 0.21
  11   31 0.18
  13   67 0.24
   4   43 0.58
   0   15 0.19
  13   51 0.66
   2    3 0.11
   7    7 0.94
   4   63 0.87
  24   45 0.59
  18   78 0.74
  19   21 0.99
   0   59 0.06
   8   25 0.68
   4   57 0.93
  14   51 0.78
  24   85 0.40
  25   80 0.39
  17   20 0.06
  30   79 0.24
  29   52 0.95
  24   53 0.60
  10   76 0.59
  24   76 0.22
  30   34 0.21
  13   65 0.39
   2   61 0.02
  13   16 0.28
  31   82 0.83
  30   32 0.44
  31   38 0.20
  10   38 0.07
  31   42 0.29
   3    7 0.03
   1   27 0.07
  25   31 0.99
  21   79 0.16
  17   83 0.55
  11   22 0.02
  12   61 0.21
  24   62 0.04
  29   50 0.44
   1    3 0.01
  33   37 0.40
  15   31 0.78
  17   60 0.80
   5   46 0.05
  24   38 0.19
  25   72 0.07
  21   34 0.80
   8   68 0.11
   4   21 0.63
   9   39 0.35
  30   79 0.19
   9   24 0.32
  18   78 0.93
  28   70 0.63
   5   45 0.67
  14   39 0.82
  32   54 0.11
  30   85 0.98
  22   48 0.41
  32   70 0.33
  25   31 0.26

  21   60 0.94
  23   72 0.79
  29   81 0.05
  20   82 0.39
  17   67 0.73
  28   56 0.26
  29   55 0.22
  22   58 0.90
  11   27 0.23
   0   21 0.09
  25   38 0.80
  28   59 0.90
  20   32 0.17
  14   77 0.15
   6   59 0.17
  18   55 0.87
  30   77 0.36
   0   44 0.81
  14   37 0.43
  27   90 0.45
   2   23 0.67
   7   65 0.48
  16   54 0.46
   0   38 0.39
   0   43 0.41
  22   47 0.96
   4   43 0.18
  33   94 0.18
   5   54 0.27
  11   44 0.66
  22   38 0.54
   5   12 0.21
  17   33 0.21
   3   19 0.42
  30   56 0.29
  30   49 0.29
  11   26 0.26
  25   88 0.08
  24   47 0.92
  14   40 0.85
   3   56 0.50
  20   32 0.00
  10   23 0.52
  23   71 0.21
   3   70 0.30
  27   86 0.79
  28   28 0.80
  21   35 0.40
  13   29 0.74
   2   63 0.40
   4   25 0.14
   2    8 0.38
  28   85 0.51
  21   33 0.64
  22   50 0.94
   6   53 0.29
  14   69 0.54
  22   23 0.94
  19   78 0.35
  24   75 0.23
  22   32 0.18
  17   52 0.91
  33   96 0.58
   1   68 0.89
  31   58 0.68
  10   15 0.36
   9   40 0.96
  29   95 0.18
   8   32 0.87
  24   86 0.68
  11   34 0.12
   7   27 0.34
   0   58 0.79
  17   72 0.12
   9   64 0.60
  19   64 0.37
   4   48 0.69
  15   64 0.40
  27   51 0.95
  26   91 0.12

   0   47 0.94
  26   62 0.52
  22   56 0.35
  18   81 0.02
  17   27 0.83
  32   59 0.51
  21   73 0.88
   4   45 0.18
  10   53 0.95
  33   42 0.22
   2   46 0.25
   0   37 0.88
  19   32 0.91
  20   52 0.21
  24   74 0.37
  11   75 0.68
  15   19 0.57
  24   72 0.30
   6   40 0.82
   4   22 0.87
  12   66 0.41
  30   72 0.43
  33   66 0.97
  25   76 0.77
  24   51 0.32
  33   91 0.29
  24   89 0.77
  11   48 0.98
   5   48 0.22
  33   91 0.73
   5   49 0.13
   2   21 0.51
   9   49 0.26
  20   80 0.22
  26   28 0.51
  24   40 0.96
  15   26 0.35
  20   46 0.95
   4   13 0.15
  31   86 0.33
  32   82 0.78
  13   42 0.87
  13   23 0.11
  15   81 0.42
   3   58 0.06
  22   77 0.66
  33   70 0.00
  14   38 0.46
  24   74 0.95
  18   34 0.07
  25   78 0.30
   9   29 0.69
  13   49 0.78
  26   41 0.35
  16   36 0.16
  29   52 0.29
   8   15 0.51
  20   61 0.56
   5   41 0.10
  22   67 0.31
  21   75 0.89
   3   33 0.90
   3    7 0.99
  23   66 0.15
  15   36 0.91
  33   92 0.48
  25   67 0.41
   4    7 0.74
   0   28 0.87
  29   80 0.54
   4   33 0.83
  16   37 0.13
   4   49 0.08
  16   24 0.53
  11   19 0.82
  10   20 0.72
  17   20 0.99
  29   42 0.05
   4   28 0.35
  30   92 0.53

