4 40 8
6   10  16  10  10   2   4

   4    8 0.71
  14   22 0.80
  13   36 0.39
  13   29 0.66
   0   39 0.79
  15   55 0.22
   1   45 0.27
   6   39 0.53
  12   39 0.19
  15   57 0.70
  11   13 0.48
  15   26 0.67
   0    1 0.84
  10   27 0.63
  15   48 0.10
   7   27 0.90
   3   26 0.88
   7   20 0.85
   8   30 0.23
   2   14 0.67
   1   26 0.43
   0   27 0.12
   7   38 0.83
   7   37 0.82
  11   16 0.14
   1    1 0.17
  13   18 0.90
  12   21 0.10
  15   44 0.32
  14   31 0.48
  11   37 0.07
   0   32 0.96
   9   44 0.61
  10   48 0.18
   9   45 0.35
  10   10 0.08
  10   10 0.96
   5   37 0.93
   5   29 0.73
   0   17 0.19

   7   45 0.27
   7   14 0.56
  14   56 0.07
  11   44 0.28
   5   44 0.26
  11   19 0.10
   1   38 0.05
   9   37 0.12
   2   40 0.65
  13   27 0.49
   3   42 0.97
   3   34 0.00
   7   20 0.79
   7   23 0.32
  15   62 0.75
   1   16 0.69
  12   26 0.08
   9   52 0.00
   2   43 0.66
  11   47 0.78
  11   25 0.91
   7    7 0.26
   4   13 0.14
   2   46 0.26
   9   24 0.56
   8   25 0.66
   9   47 0.12
  13   26 0.83
   2   15 0.07
  12   35 0.42
   8   18 0.00
   8   49 0.51
   4   16 0.54
  14   53 0.51
  10   49 0.29
  11   51 0.04
  14   14 0.86
  10   15 0.36
   7   35 0.55
   8   25 0.01

  10   23 0.07
   1   41 0.27
  13   22 0.96
   7   34 0.03
   7    7 0.09
  11   27 0.40
   2    2 0.23
   5   24 0.50
  11   25 0.48
  12   49 0.27
  12   25 0.61
  10   40 0.61
   8   52 0.20
  11   13 0.18
  13   52 0.33
  10   43 0.96
  14   29 0.78
  15   31 0.52
   4   43 0.87
   0   29 0.48
   1   39 0.90
  11   17 0.28
   1   25 0.59
   6   22 0.43
  11   47 0.62
  11   12 0.53
   8    9 0.95
   7   33 0.29
   5   39 0.82
   0   16 0.25
   9   56 0.47
   9   21 0.49
   1    6 0.56
   9   12 0.35
  15   21 0.76
   6   45 0.56
  11   39 0.74
   3    8 0.22
   7   49 0.32
  10   29 0.51

   0   13 0.98
   2    8 0.03
   3   12 0.12
   2   16 0.01
  14   46 0.82
   0   13 0.22
  15   43 0.53
   3   10 0.08
  14   58 0.24
   6   35 0.09
   2   48 0.19
   8   19 0.07
  15   49 0.76
  10   16 0.64
   8   20 0.07
   1   16 0.24
   4   27 0.88
   8   38 0.00
  15   45 0.69
   9   39 0.77
   0   22 0.23
   3    4 0.18
   0   20 0.74
   6   26 0.08
   0    5 0.66
  14   53 0.90
   0    5 0.39
   7   34 0.47
   9   15 0.35
   6   11 0.17
   7   28 0.37
   9   15 0.62
   3   21 0.66
   3   25 0.63
  15   52 0.74
  10   22 0.44
   5    7 0.33
   0   25 0.50
   0    0 0.32
   3   42 0.32

   2   48 0.67
   7   53 0.39
  11   30 0.57
   0   12 0.40
   4   29 0.21
   0   29 0.81
   6   18 0.60
   1   45 0.77
   7   35 0.08
  12   19 0.31
   7   46 0.26
   6   34 0.69
   8   43 0.42
  13   13 0.38
   3   24 0.60
   7    9 0.26
  15   21 0.91
   8   36 0.11
   8   54 0.38
   2   34 0.16
  10   51 0.74
  14   23 0.18
   8   49 0.07
   9   45 0.69
  11   17 0.33
   8   36 0.84
   9   18 0.48
  11   44 0.82
   4   28 0.17
   2    2 0.36
  11   54 0.26
   2   26 0.62
   2   46 0.49
   9   37 0.13
   8   54 0.93
  14   40 0.02
   7   11 0.73
   7   42 0.99
   2    4 0.69
   0   33 0.20

  11   55 0.75
  15   49 0.91
   8   28 0.95
   9   22 0.36
   5    7 0.97
   5   41 0.29
  10   19 0.56
   3   31 0.46
   6   37 0.01
   0    9 0.55
  15   24 0.44
   0   13 0.06
   6   17 0.05
   2   26 0.36
   5   35 0.42
   3    9 0.49
   2    2 0.21
   7   41 0.76
   8   54 0.86
  13   32 0.21
   5   50 0.70
  13   53 0.38
   5   10 0.55
   9   11 0.54
   5   19 0.60
   4   35 0.72
   0   23 0.02
  10   38 0.35
   1   44 0.36
   6    8 0.23
   4   41 0.19
   3    9 0.95
  10   25 0.79
   8   47 0.59
  11   40 0.83
   7   31 0.24
  15   25 0.70
   2    9 0.23
  14   54 0.18
   3   31 0.41

