5 60 8
3   20  10  16

  18   29 0.87
  48   54 0.63
   2   20 0.62
  45   57 0.43
  42   53 0.12
  11   40 0.37
   2    3 0.11
   0   11 0.03
  24   25 0.44
   4    9 0.16
  43   43 0.96
   7    9 0.95
  33   41 0.53
  22   42 0.60
  24   48 0.23
  20   37 0.66
  12   32 0.38
  50   78 0.95
  44   54 0.04
  10   41 0.33
  15   25 0.68
   5   19 0.85
  44   72 0.29
  25   43 0.07
  38   41 0.84
  17   48 0.96
   3   25 0.60
  38   69 0.35
  36   53 0.49
  26   51 0.04
  21   52 0.17
   7   28 0.24
  32   35 0.39
  38   65 0.97
  28   41 0.10
   1   10 0.49
  36   48 0.19
  14   22 0.14
  41   47 0.52
  37   54 0.83
  42   62 0.20
  45   49 0.28
   3    9 0.29
  27   32 0.96
  23   43 0.21
  16   27 0.88
  25   43 0.83
  37   42 0.33
   4   12 0.36
  32   35 0.77
  30   50 0.78
   5   35 0.54
  10   10 0.23
  15   30 0.38
  41   60 0.53
  25   42 0.85
  48   56 0.97
   4   24 0.79
  49   66 0.53
  18   22 0.29

  17   31 0.32
  43   72 0.46
  23   47 0.75
  19   34 0.13
  46   78 0.09
   9   22 0.81
  13   41 0.68
  37   47 0.32
  11   40 0.27
   4   34 0.17
  14   29 0.05
  43   51 0.94
  45   62 0.64
  14   28 0.57
  42   60 0.88
   5    8 0.67
  21   41 0.32
  41   71 0.31
  38   43 0.33
  31   50 0.30
  36   47 0.32
   2   25 0.94
  45   73 0.81
  28   41 0.69
  33   37 0.98
  20   24 0.58
  19   42 0.81
  39   48 0.51
   7   31 0.50
   3   10 0.08
  13   18 0.09
  27   48 0.18
   5    6 0.45
  49   51 0.05
  25   34 0.95
  11   32 0.63
  42   42 0.60
  46   54 0.45
  50   57 0.94
  36   58 0.43
   1   19 0.00
  17   29 0.18
   6   11 0.31
  21   22 0.36
  32   65 0.95
  42   73 0.23
  37   50 0.43
  40   66 0.48
  10   42 0.58
   1   20 0.91
  18   29 0.65
  39   64 0.48
  38   46 0.13
  24   44 0.70
   0    7 0.02
   4    7 0.43
   9   17 0.86
   9   30 0.51
  28   44 0.10
  33   56 0.64

  23   37 0.35
   9   10 0.46
   9   39 0.09
  15   40 0.06
  13   45 0.41
  34   48 0.00
   8   38 0.54
  45   50 0.07
   0   19 0.01
  43   43 0.35
  46   49 0.75
  16   27 0.64
  49   79 0.25
  16   33 0.30
   3    4 0.29
  47   49 0.94
   0   31 0.15
  42   62 0.70
  11   25 0.85
   9   41 0.08
  32   54 0.34
  24   38 0.11
  28   59 0.08
  43   75 0.96
  14   43 0.44
  50   74 0.50
  26   43 0.16
  41   61 0.11
  48   80 0.43
  18   31 0.66
  19   28 0.39
  39   59 0.65
   5    5 0.23
  31   55 0.48
  42   73 0.20
  39   53 0.28
  12   45 0.04
  42   46 0.30
  38   56 0.95
  22   39 0.28
  28   55 0.88
  34   48 0.93
   0   22 0.76
   2   10 0.08
   4   11 0.24
  41   41 0.71
  48   68 0.64
  10   12 0.68
  42   42 0.66
  18   25 0.30
  27   28 0.59
  48   58 0.82
  37   51 0.26
  41   59 0.74
  31   40 0.25
  19   21 0.97
  43   54 0.01
  21   39 0.68
  41   73 0.15
  29   57 0.35

