4 15 8
12   10   2  16  10   4  10   2  20  10  10  16   4

  24   44 0.41
   7   37 0.47
  17   29 0.55
  23   58 0.66
   7   29 0.95
  16   27 0.27
   2   27 0.22
  13   29 0.72
   7   37 0.00
  17   39 0.91
  20   36 0.58
  13   43 0.46
  21   51 0.78
   1   32 0.55
  17   31 0.16

  23   40 0.17
  14   23 0.21
   4   38 0.29
  21   45 0.44
  12   29 0.18
  14   27 0.71
   0   20 0.49
  20   57 0.71
  15   36 0.84
   1   37 0.97
   5   31 0.03
  13   28 0.82
  11   39 0.98
  18   53 0.94
  16   34 0.91

  25   41 0.24
   6   26 0.74
  15   26 0.38
   8   35 0.38
   6   29 0.25
   3   29 0.48
  25   26 0.67
  11   38 0.16
  15   30 0.52
  12   40 0.13
  18   49 0.95
   1    6 0.78
  10   19 0.86
  10   38 0.83
  25   26 0.30

   3   36 0.92
  14   19 0.49
  15   17 0.65
   1   31 0.66
   9   15 0.26
   4   12 0.40
   5   25 0.82
  19   31 0.65
  12   25 0.19
  22   45 0.40
  16   35 0.99
  20   20 0.45
  10   39 0.06
   0   25 0.90
  22   46 0.48

   2    3 0.42
  19   21 0.65
   2    2 0.78
  25   58 0.31
  11   46 0.20
   3   11 0.98
  24   45 0.36
  12   49 0.19
  25   45 0.68
  10   10 0.76
  14   44 0.89
  16   31 0.11
   9   34 0.80
   6   36 0.87
   4   35 0.17

  14   34 0.84
   7   23 0.17
   5   21 0.23
   7   41 0.99
   6   40 0.24
   1   29 0.40
  24   57 0.87
   8   17 0.53
  11   36 0.07
  24   53 0.83
   5    5 0.28
  13   32 0.56
  19   27 0.62
   0   31 0.38
  24   60 0.59

   9   40 0.06
  18   54 0.90
  23   55 0.25
  18   29 0.64
   6   16 0.58
  14   47 0.62
  19   21 0.48
  12   44 0.19
   8   16 0.44
  10   27 0.73
   7    7 0.13
  13   25 0.13
  20   21 0.43
   0    7 0.66
  24   36 0.77

   0   37 0.46
  24   46 0.03
  10   41 0.89
  20   24 0.38
   6   15 0.92
  20   23 0.87
  19   22 0.78
  16   34 0.99
  22   54 0.89
   1   29 0.34
  21   50 0.95
  21   59 0.09
  16   27 0.37
  24   38 0.64
   8   42 0.87

  11   40 0.05
  18   44 0.91
  22   39 0.56
  23   53 0.52
  16   28 0.58
   1   23 0.40
  16   48 0.44
  15   40 0.81
  24   54 0.37
  12   27 0.60
  11   35 0.01
  21   36 0.77
   2   40 0.58
  17   46 0.76
   8   45 0.96

   7   40 0.34
  20   55 0.25
  19   19 0.88
  20   41 0.24
  10   48 0.46
   6   19 0.61
  16   43 0.59
  25   27 0.49
  23   55 0.03
   6    6 0.48
   2   19 0.40
  18   49 0.68
   4    7 0.81
  19   56 0.35
  10   23 0.86

  19   24 0.92
  15   52 0.08
  12   15 0.96
   8   19 0.29
   6   35 0.37
   0   11 0.34
  25   62 0.94
  22   52 0.95
  20   28 0.92
   2   37 0.26
  24   36 0.51
   0   15 0.78
  22   53 0.55
  19   54 0.71
  25   35 0.28

  25   29 0.32
  17   39 0.13
   5   35 0.96
  23   40 0.48
  11   44 0.05
  21   50 0.19
   0   10 0.12
  13   41 0.91
   6   31 0.95
  15   47 0.28
  16   48 0.63
   1   33 0.14
   2   36 0.11
   9   20 0.31
  22   29 0.09

