3 25 4
12   10   4   4  10   2   2  16   4  20   2  20  16

  54  107 0.95
  42  132 0.58
  11   44 0.73
  48  120 0.21
   4   55 0.56
  28  121 0.40
  45   48 0.53
  11   37 0.53
  31  131 0.97
  26  132 0.21
  36  137 0.49
  49  132 0.43
  31  141 0.60
  35   65 0.61
  34   89 0.64
  32  105 0.50
  50   72 0.09
  48  120 0.57
   3   52 0.86
   0   34 0.07
  51  137 0.63
  33   33 0.55
  11   81 0.46
  39  110 0.46
  11   33 0.89

  55   92 0.37
   2   92 0.31
  28   83 0.71
  17   58 0.10
  32   83 0.60
  41  131 0.43
  25  108 0.32
  20   36 0.81
  47   98 0.73
  54   64 0.84
  38  126 0.76
  33  118 0.08
  12  103 0.28
  12   26 0.33
  17   92 0.66
  41  128 0.22
  29   84 0.45
  47  148 0.83
  46  112 0.47
  33   43 0.26
  31   81 0.47
  36  120 0.09
  10   24 0.24
  28   58 0.98
   7   76 0.21

  47   91 0.33
  47  150 0.76
   1  110 0.40
  32   59 0.87
  22  131 0.61
   2   40 0.24
   6  105 0.09
  22  110 0.05
  17   68 0.77
  32   62 0.76
  55  119 0.88
  23  120 0.31
   8  120 0.06
  44  133 0.46
  47   61 0.56
  13   96 0.81
  28   39 0.18
  35   58 0.01
  16   65 0.40
  29  125 0.91
  50  161 0.97
   7  106 0.40
  56  136 0.21
  13   40 0.24
  15   47 0.20

  31   97 0.47
  41   88 0.82
  30  131 0.07
  43  121 0.20
   1   91 0.01
  27  114 0.20
  26  113 0.98
  17   21 0.54
  12   31 0.67
  38   81 0.70
  13   56 0.95
   9   73 0.48
  37   46 0.44
  28   92 0.75
  50   99 0.28
  51   65 0.51
  16   73 0.33
  56  105 0.16
  17  113 0.90
  52   67 0.07
  39  121 0.68
  33   46 0.48
  34  100 0.57
   3   29 0.78
  27   69 0.44

  11   60 0.92
  56  118 0.30
  16   19 0.81
   7  106 0.83
   1   27 0.16
  55  124 0.69
  19  114 0.88
  42   84 0.39
  12  108 0.12
  24  107 0.52
  14   45 0.77
  56  150 0.09
   4   75 0.00
  28  139 0.80
  16   18 0.43
  47  108 0.00
  14   24 0.27
   3   63 0.67
   8   80 0.15
  10   46 0.57
  36   59 0.85
   6   45 0.53
  17  119 0.59
  51   83 0.95
  46   89 0.94

  46  134 0.23
  48  138 0.18
   8  107 0.80
  42   62 0.41
  17   60 0.74
  33   79 0.27
  25  122 0.97
   0  108 0.05
  25   31 0.60
  18   28 0.33
   9   23 0.23
  24   37 0.19
  28   73 0.57
  16   24 0.78
   5   24 0.63
  44   64 0.05
  24   32 0.71
  52   66 0.44
  43  121 0.28
  56  106 0.81
  50  127 0.90
  31  130 0.97
  46   93 0.03
  51  124 0.21
  32   35 0.14

  18   80 0.14
  38   76 0.70
   4   59 0.58
   9   71 0.89
  25  127 0.42
  18   63 0.16
   3  101 0.31
  12   87 0.62
  19   86 0.90
  22   29 0.96
  23  101 0.40
  43   45 0.71
  31   57 0.56
  24   80 0.24
  45   99 0.22
  13   53 0.50
  42   42 0.77
  17   55 0.17
  40  103 0.89
   2  114 0.67
  39   56 0.44
  55   90 0.32
  41  149 0.51
   8   58 0.72
  31   31 0.28

  56  159 0.99
  15  111 0.59
  56  136 0.16
  40   95 0.36
  44  133 0.12
  12  101 0.95
  11  117 0.88
  33   69 0.09
   5   51 0.85
   8   59 0.34
  20  104 0.80
   5   71 0.31
   7   39 0.33
  56   86 0.34
  36   79 0.54
  53   58 0.20
  55  154 0.51
  34  113 0.99
  41  137 0.21
   8   59 0.82
  10   84 0.65
  18  117 0.23
  27  105 0.12
  51   62 0.16
  19   40 0.07

  41   75 0.42
  16   85 0.72
  33   83 0.96
  51   78 0.96
  26   99 0.12
  16   20 0.78
  19  122 0.46
  37   58 0.16
  32  141 0.51
   8   58 0.48
  34  124 0.11
  10  110 0.35
   8   29 0.02
   9   22 0.67
  16   84 0.43
  18   75 0.25
   9   98 0.38
  30   71 0.01
  42  146 0.56
  17  112 0.51
   1   31 0.83
  13   18 0.64
  12   81 0.16
  12   90 0.69
  30  107 0.97

  30  128 0.28
  41   60 0.57
  32   52 0.64
   3   21 0.61
  30   30 0.09
   2  104 0.64
  26  100 0.30
  39   49 0.14
   1   67 0.83
  52   89 0.47
  27   89 0.84
  21   60 0.52
  14   52 0.93
  29   29 0.62
  44  132 0.68
  39  148 0.60
  15  108 0.03
  26   35 0.00
  43   85 0.56
  13   75 0.24
  32   50 0.00
   3   94 0.01
  32   48 0.70
   9   80 0.49
  31   90 0.93

  31   53 0.39
  37  124 0.16
  35  127 0.26
  50  155 0.04
   9   64 0.62
  34  135 0.66
   8   47 0.27
  28   54 0.95
  39   71 0.85
  19   46 0.09
   6   42 0.55
  16   60 0.53
  52   65 0.47
  51  112 0.47
  22  124 0.94
  22   49 0.37
  10   26 0.97
  34   61 0.65
  43  115 0.02
  23   67 0.70
  39   50 0.52
  23   90 0.68
  22   94 0.06
  32   39 0.04
  38   49 0.09

   2   84 0.63
  32   57 0.83
   6   31 0.62
  22  131 0.83
   8  120 0.92
  43  144 0.63
  52   72 0.27
  29  113 0.30
  15  102 0.86
  54  116 0.48
  16   27 0.69
  56  129 0.22
  56  134 0.81
  10   29 0.39
  37  143 0.22
  43   90 0.74
  52  108 0.29
  50  156 0.93
  34   70 0.41
  15   27 0.70
  45  114 0.36
   5   70 0.21
   6   41 0.10
  40   53 0.13
  43   74 0.77

