4 15 4
12   16  10   2  10  10   2  20   4   4  16   4  20

  52   75 0.04
  73  108 0.46
  15   27 0.84
  31   41 0.92
  51   67 0.05
   2   39 0.61
  61  109 0.08
  28   57 0.55
  11   63 0.24
  28   52 0.36
  20   33 0.70
  41   88 0.17
  13   13 0.37
   9   54 0.71
  25   46 0.13

  29   64 0.88
  27   44 0.75
  28   56 0.01
  22   64 0.94
  56  108 0.04
  38   41 0.20
  23   53 0.27
  10   46 0.27
  71   78 0.92
  13   37 0.07
  26   35 0.51
   1    2 0.93
  12   60 0.63
  18   29 0.90
  62   64 0.13

  67  121 0.54
  58   80 0.76
  52   60 0.58
  75   83 0.55
  41   95 0.82
  21   35 0.73
  55   55 0.89
  79  125 0.93
  11   23 0.60
  14   31 0.17
  54   62 0.70
  80  115 0.80
   0   45 0.52
   0    5 0.92
  39   39 0.00

  23   76 0.55
  56  110 0.75
  27   68 0.28
   1   31 0.54
  30   72 0.10
  65   89 0.71
  54   92 0.13
   3   23 0.99
  33   63 0.18
  67   75 0.00
   7   39 0.25
  59   63 0.29
  47   95 0.09
  47   99 0.02
  12   49 0.65

  56   89 0.60
  37   50 0.47
  33   46 0.64
  41   79 0.43
  47   56 0.77
  21   31 0.09
   2   48 0.28
  17   64 0.64
  56   84 0.26
  57  108 0.05
  58  111 0.25
  59   83 0.00
  10   24 0.47
  17   28 0.53
   4   29 0.01

  57   87 0.36
  32   64 0.33
  40   73 0.32
  24   62 0.83
  53   74 0.39
  63  106 0.99
  45   50 0.79
   5    8 0.53
  36   77 0.97
  67   72 0.87
  71  115 0.65
  81  111 0.13
  35   70 0.16
  16   61 0.99
  45   80 0.89

  30   51 0.02
  14   35 0.96
  66   66 0.36
  10   61 0.90
  75  106 0.60
  38   48 0.64
   0   19 0.49
  20   42 0.59
  20   51 0.96
  47   75 0.22
   7   58 0.03
  66   94 0.32
  58   92 0.01
  26   60 0.76
  53   68 0.51

  20   71 0.97
  77   86 0.02
   4   28 0.03
   5    7 0.57
  39   59 0.99
   6   51 0.37
  53   57 0.61
  58   99 0.25
  39   50 0.44
  33   57 0.11
  44   93 0.50
  39   43 0.07
  70   83 0.27
  14   31 0.70
  74  118 0.15

   2   42 0.24
  63   85 0.63
  75  126 0.60
  40   88 0.30
  69   92 0.54
  64   65 0.47
  79   93 0.61
  68  107 0.09
  49   93 0.18
  62   66 0.90
  73   96 0.52
  35   45 0.09
  48   55 0.12
   9   14 0.27
  60  104 0.32

   7   44 0.41
  49   50 0.35
  41   63 0.84
  19   62 0.65
   7   15 0.91
  50   59 0.28
   0   54 0.99
  11   33 0.76
   0   20 0.90
  22   59 0.00
  66   74 0.42
  74  123 0.79
  15   30 0.05
  31   74 0.52
  51   92 0.13

  71   77 0.87
  22   60 0.64
  13   47 0.32
  29   30 0.36
  67  119 0.70
  54  102 0.17
  76   92 0.54
  80  119 0.69
  80  123 0.33
  43   70 0.68
  42   55 0.45
  65   71 0.85
   4   35 0.24
  32   59 0.98
  80  119 0.82

   5   56 0.94
  16   27 0.72
  34   46 0.79
   6   48 0.70
  70   94 0.18
  23   40 0.30
  46   76 0.99
   0   52 0.68
  58   77 0.58
  48   55 0.54
   7   38 0.82
  76  112 0.81
   1   26 0.37
  54   89 0.79
  80   82 0.39

