3 30 4
6   10   4  20  10   2  16

  68  132 0.44
  71  134 0.44
  38   58 0.44
   4   72 0.24
  46  111 0.61
  18   21 0.18
 105  123 0.25
  31  135 0.71
 106  119 0.21
  66  151 0.36
 109  130 0.40
  59   68 0.55
  56   95 0.48
  18  119 0.11
  84  124 0.06
  91   92 0.16
  15   87 0.43
  45   97 0.54
   8   55 0.29
  41   62 0.72
  77  154 0.84
  28   96 0.60
 107  207 0.85
   6   91 0.59
  89  182 0.11
  16   31 0.59
  18  112 0.46
 114  204 0.39
  68  122 0.08
   2   75 0.62

  44  115 0.12
 112  166 0.33
  31   68 0.06
  74   83 0.77
  77  106 0.40
  56  137 0.86
  43   97 0.68
 104  154 0.72
  35   52 0.59
  51  108 0.70
 107  208 0.02
   0   95 0.42
  48  121 0.60
  12   19 0.07
   6   24 0.36
  64   86 0.53
  28   62 0.24
  36   44 0.92
 103  105 0.35
  21   69 0.37
 110  135 0.28
  10   43 0.52
  65  143 0.09
 106  147 0.97
  42   87 0.49
   7   94 0.17
  34   94 0.14
  69  119 0.34
  52  108 0.12
 100  102 0.41

   8   56 0.09
  32   37 0.32
  59  127 0.23
  54   71 0.40
  50   83 0.82
  53  105 0.56
  79   95 0.32
  61   99 0.18
  48  157 0.89
  92  101 0.19
   4   19 0.44
 104  191 0.67
  46   79 0.43
  99  111 0.76
  13  124 0.55
  12   92 0.92
   5   98 0.76
  90  156 0.40
  21  115 0.82
  68  117 0.52
  47  121 0.57
  33   57 0.71
 107  109 0.19
  76  114 0.42
  29   30 0.80
 103  175 0.72
  95  193 0.77
  69  167 0.93
  77  157 0.56
  45  153 0.81

  87  100 0.32
  24   69 0.31
   1    3 0.26
 106  161 0.01
  63   65 0.55
  13   71 0.26
  89  169 0.96
   4   12 0.55
 105  120 0.17
  54  150 0.85
  57  103 0.84
  19  115 0.32
  72  141 0.12
  17  121 0.72
   7  122 0.01
  80  180 0.30
  20   36 0.59
  98  129 0.77
 114  198 0.64
  49   69 0.78
  66  146 0.57
 101  181 0.66
 100  202 0.34
  24  118 0.40
  72  161 0.87
  35  143 0.27
  59   69 0.00
  98  180 0.73
  91  174 0.31
 115  211 0.27

  39  136 0.40
  33  114 0.22
  11   71 0.46
   7   86 0.45
  55   64 0.10
  16   47 0.54
  36   85 0.64
  31   32 0.39
 101  171 0.74
  34  148 0.72
  71  165 0.65
   1   13 0.57
  84  117 0.00
  68  176 0.54
  59  174 0.87
  38   87 0.87
  11  124 0.60
  55  111 0.58
  60   96 0.17
   4   77 0.70
  48   51 0.43
  85  145 0.24
  52   67 0.18
  57  137 0.60
  88  201 0.22
  39  141 0.95
  57   68 0.90
  15  102 0.26
  38   91 0.90
  79  112 0.39

  86  130 0.29
  21   63 0.09
  14  117 0.68
  56  109 0.07
  30   56 0.02
  89  173 0.59
  71  178 0.98
  39  117 0.15
  69  155 0.30
  30  139 0.48
  85  137 0.33
  19  124 0.72
  41   91 0.22
  73   77 0.05
 103  181 0.61
  32   36 0.47
  24   44 0.49
  19   28 0.63
 113  174 0.03
  19   78 0.42
  95  137 0.49
  81  151 0.47
  16   50 0.42
  25   28 0.41
 103  143 0.19
 102  169 0.46
  70  128 0.08
   5   79 0.78
  22   65 0.62
   5   51 0.64

