3 60 4
3   10  10  20

 100  130 0.37
 140  146 0.05
 109  134 0.69
   3   17 0.23
  28   66 0.38
 126  126 0.79
  22   66 0.64
  49   68 0.77
 101  117 0.16
 139  152 0.26
  13   27 0.77
  97  113 0.72
  90  110 0.01
  37   72 0.38
 107  128 0.62
 113  154 0.34
  88  104 0.27
  82  125 0.29
  61   63 0.32
  64   65 0.95
  89  107 0.50
   2   44 0.53
  98  131 0.05
  55   75 0.75
  57   88 0.92
  92  103 0.35
  84   92 0.53
  56   89 0.15
 138  175 0.09
  78  122 0.39
  92  131 0.84
  48   61 0.36
  68  102 0.13
 126  149 0.56
  48   70 0.67
  11   50 0.97
 143  161 0.07
 111  115 0.23
  69  104 0.22
  44   59 0.23
 142  160 0.48
 148  165 0.32
 147  188 0.49
 136  154 0.04
 123  133 0.79
  78   94 0.24
  65  113 0.70
 107  139 0.16
  31   46 0.18
 105  147 0.30
  35   76 0.42
  32   36 0.86
  60   81 0.21
  49   78 0.03
 106  150 0.06
 141  172 0.78
  81   90 0.22
  35   38 0.12
  70   74 0.92
  58   96 0.22

 127  171 0.09
 136  161 0.50
  78  110 0.86
 143  153 0.99
  88  136 0.25
 121  153 0.60
  44   45 0.27
  98  110 0.94
  45   49 0.51
 127  137 0.01
 143  150 0.32
  56  100 0.79
  97  126 0.33
  40   74 0.63
  75  107 0.13
  53   62 0.33
  95  136 0.26
  62   70 0.52
 108  150 0.12
 117  155 0.06
  63  103 0.13
  53   74 0.74
 125  150 0.33
  83  116 0.40
   7   17 0.67
  75  105 0.28
  80   85 0.19
  98  115 0.32
  48   68 0.49
 123  157 0.51
 118  152 0.91
  12   16 0.35
  28   75 0.21
 124  156 0.31
  73   91 0.47
  80  114 0.07
  38   62 0.28
 124  169 0.75
  21   58 0.52
 149  175 0.91
 133  143 0.93
  98  113 0.27
   0   33 0.15
  72   85 0.41
 100  106 0.88
  32   63 0.44
  64   93 0.80
  11   21 0.15
  88   88 0.62
  73   76 0.16
  89  135 0.80
 121  131 0.73
  84  111 0.23
  92  137 0.58
  82  125 0.58
  38   42 0.77
  77  100 0.11
  66   89 0.20
  13   24 0.21
 126  162 0.85

 131  170 0.94
  10   20 0.32
  58  107 0.20
  65   86 0.05
  23   48 0.50
  97  128 0.08
  40   49 0.65
  96  113 0.63
 127  127 0.59
 100  129 0.71
  77   86 0.42
   3   21 0.83
  76  111 0.93
 112  121 0.39
  22   64 0.37
 124  170 0.10
  70  113 0.73
 143  187 0.79
  76   87 0.78
  48   48 0.30
  18   31 0.06
  58  103 0.44
  26   67 0.47
  96  129 0.84
  69   75 0.12
 119  150 0.59
  21   48 0.23
  40   53 0.66
  93   97 0.78
 103  124 0.67
  94  113 0.62
 100  138 0.84
  64   96 0.96
  77  112 0.79
  66   66 0.76
 129  170 0.40
  62   81 0.63
  96  113 0.07
  81  115 0.81
 101  124 0.39
  40   48 0.05
 113  145 0.62
   6   31 0.49
   9   34 0.50
 148  152 0.41
  10   41 0.39
 120  160 0.68
  79  102 0.85
  16   62 0.35
  40   86 0.12
  15   31 0.67
  43   78 0.47
  17   51 0.78
  83  104 0.22
 145  184 0.23
  33   67 0.83
  39   83 0.89
  65   95 0.63
  15   43 0.97
   6   38 0.02

