4 40 4
6    4  10  10  20  10  20

   5   32 0.14
  29   48 0.66
  30   44 0.86
  26   28 0.53
  42   86 0.43
  27   56 0.10
  34   79 0.92
  33   66 0.95
  35   42 0.15
  21   32 0.20
   3   14 0.33
   9   36 0.16
  39   56 0.78
  44   54 0.79
  20   65 0.64
  16   52 0.28
  23   51 0.89
  32   62 0.50
  21   45 0.16
  34   77 0.67
  44   61 0.84
  34   65 0.66
  14   54 0.15
  25   68 0.75
   5   25 0.00
   7   40 0.08
  13   42 0.22
   8   25 0.82
  42   42 0.76
  35   38 0.14
  44   51 0.62
  16   51 0.84
  28   73 0.39
  20   28 0.09
  25   49 0.29
  11   23 0.82
  22   35 0.42
  31   73 0.15
   7   17 0.93
  31   53 0.71

  45   53 0.38
   3   39 0.09
  35   38 0.65
  32   68 0.67
  28   62 0.65
  19   60 0.43
   0   22 0.94
  45   78 0.81
  36   48 0.90
   9   33 0.79
  43   77 0.24
  44   58 0.66
   6   12 0.34
  40   59 0.55
  20   43 0.57
  13   15 0.59
  42   64 0.18
  45   65 0.34
  39   62 0.41
  23   31 0.93
  13   42 0.45
  45   52 0.09
  27   33 0.31
  45   72 0.88
  31   72 0.86
  13   27 0.06
  45   88 0.43
  28   56 0.56
   3   16 0.13
  38   50 0.53
  12   57 0.57
  35   62 0.96
  28   38 0.61
   0   33 0.98
  22   59 0.09
   9   34 0.01
  24   61 0.31
  43   82 0.14
  20   26 0.04
  29   31 0.89

  14   15 0.89
  19   36 0.06
  14   28 0.46
   8   47 0.45
   0   40 0.69
   1   32 0.00
   7   18 0.00
  24   28 0.75
  17   30 0.99
  25   62 0.75
  45   45 0.77
  40   72 0.24
  41   86 0.29
  44   46 0.82
   4   35 0.32
   9   44 0.57
  28   33 0.18
   3   20 0.81
  28   56 0.40
  34   74 0.04
  39   64 0.34
  21   42 0.96
  40   77 0.91
  35   37 0.14
   1   30 0.99
  43   51 0.94
  41   67 0.38
  36   71 0.54
  19   25 0.07
  17   40 0.72
  34   39 0.66
  18   36 0.91
  38   73 0.89
  21   55 0.74
  27   70 0.91
  38   48 0.62
  41   84 0.85
   3   38 0.03
  11   34 0.58
  14   23 0.71

  39   81 0.48
  32   33 0.49
  31   50 0.13
  13   54 0.54
   3   41 0.28
  11   14 0.67
  31   50 0.57
  25   32 0.50
  31   67 0.80
   7   32 0.97
  12   24 0.24
  19   29 0.05
  10   50 0.83
  43   70 0.40
   9   41 0.42
  32   65 0.71
  43   56 0.13
   5    9 0.59
  13   20 0.49
  17   53 0.51
  25   46 0.58
  11   35 0.93
  31   49 0.60
  14   22 0.64
   3   30 0.10
   0   29 0.40
   5   23 0.92
   5    9 0.89
  10   25 0.09
  27   37 0.26
  28   54 0.82
  14   28 0.60
  33   43 0.85
   1    6 0.18
  39   71 0.59
  36   55 0.84
  16   28 0.37
  15   57 0.82
  43   78 0.06
  41   48 0.28

  32   70 0.67
  21   38 0.67
  44   44 0.87
  40   63 0.95
   0   17 0.36
  31   32 0.44
   5   28 0.68
  38   39 0.53
   0   17 0.78
  12   22 0.23
  38   83 0.28
  10   22 0.99
  44   84 0.47
   2   13 0.80
  17   42 0.38
   2   24 0.86
   4   34 0.89
   8   48 0.68
  16   37 0.03
  43   83 0.85
  10   36 0.66
  23   34 0.58
   8   50 0.32
   2   17 0.93
  12   21 0.77
  33   72 0.56
  25   31 0.46
  27   72 0.33
  31   61 0.20
   5   47 0.48
   9   25 0.19
  30   64 0.89
  27   72 0.24
  30   58 0.47
  16   57 0.81
  36   68 0.58
  37   57 0.02
   4   25 0.98
  27   40 0.64
  30   74 0.43

  24   66 0.91
  27   61 0.35
  26   51 0.53
  33   76 0.31
  10   24 0.71
  16   45 0.67
   0   13 0.96
  36   74 0.43
  23   61 0.42
  28   62 0.06
  32   55 0.38
  17   52 0.66
  26   50 0.15
   2   33 0.19
  11   17 0.08
  18   18 0.94
  36   46 0.77
  33   72 0.13
  37   55 0.99
  44   61 0.73
  22   32 0.06
  20   36 0.08
  23   23 0.12
  24   43 0.36
   8   37 0.06
   2   21 0.05
  42   60 0.46
  25   46 0.71
  35   35 0.88
  27   50 0.16
  29   40 0.02
  16   33 0.98
  36   38 0.92
   8    9 0.19
  33   48 0.59
   3   18 0.26
   0   15 0.25
  33   45 0.12
   5   13 0.02
   1   34 0.87

