3 50 4
6   20   2  16  10   2   2

  60   98 0.36
   8   75 0.73
  96  109 0.92
   3    5 0.29
  87  190 0.83
   7   50 0.00
  63  159 0.07
  89  107 0.01
  13   62 0.29
  80  107 0.47
  26  123 0.38
 100  169 0.85
  87  163 0.79
  70  115 0.19
   7   53 0.45
   4   72 0.16
   2   61 0.19
  33  125 0.99
 104  146 0.05
  49  122 0.48
  28   67 0.06
   6   74 0.07
  42  126 0.91
  62   97 0.71
  81  147 0.58
  69  100 0.00
   4  107 0.45
  59  143 0.19
  30  109 0.96
  42   93 0.73
  62  117 0.20
  49  153 0.30
  57   60 0.52
  35   69 0.72
  85  101 0.62
  69  145 0.81
  55   89 0.35
  28   39 0.36
  73  161 0.49
  83   98 0.23
  67  113 0.36
  52  146 0.06
   1   35 0.55
  69  116 0.85
  28   68 0.95
   8   17 0.09
  50  127 0.60
  83  123 0.04
 105  149 0.94
   2    6 0.11

  11   16 0.97
  96  184 0.62
  19   88 0.25
  33   60 0.65
   3   19 0.63
  44   87 0.89
  46  116 0.59
  26   52 0.67
  67  111 0.00
  68  146 0.53
  48  110 0.82
  89  151 0.08
  10   43 0.40
  83  185 0.77
  47  105 0.28
  20   46 0.95
  59   76 0.14
 107  114 0.76
 102  203 0.03
   6   57 0.78
  10   73 0.56
  68  152 0.80
  75   86 0.87
   9   85 0.62
 106  166 0.29
  11   87 0.30
  26  101 0.36
  18   83 0.68
 101  168 0.51
  10   91 0.99
  92  186 0.42
 101  159 0.87
  77  116 0.24
  14  111 0.39
  85  176 0.04
  21   56 0.58
  58  133 0.56
  25  108 0.81
  99  193 0.80
  47  101 0.27
   0   73 0.91
  49   49 0.19
  48  111 0.18
  34   74 0.60
  63  158 0.15
  46  132 0.19
  34   89 0.22
  87  143 0.17
  96  146 0.82
 104  127 0.21

  94  194 0.75
  38  127 0.71
  42   53 0.02
 103  180 0.70
  42   94 0.72
  33   79 0.12
  61  120 0.88
  22   79 0.40
  54  142 0.64
  10   94 0.47
  30   56 0.17
   6  112 0.07
  53   60 0.31
  43   97 0.77
  68  160 0.86
  92  103 0.31
  19   97 0.83
  57  113 0.53
  29  108 0.47
 101  137 0.35
  14   19 0.04
  53   78 0.00
  36  128 0.95
  45   98 0.43
  46  112 0.35
  11   28 0.12
  14  118 0.42
   9   61 0.37
  82  183 0.08
  32   68 0.35
  34  100 0.24
  40   45 0.45
   9   14 0.79
  74  181 0.98
  98  132 0.00
  61  116 0.69
  12   44 0.69
  53  134 0.67
  51   62 0.55
   0   41 0.03
  24   56 0.78
  77  158 0.03
  49  114 0.79
  58   74 0.46
  26   70 0.81
  34   70 0.56
  39  140 0.74
   1   72 0.86
   9   99 0.42
  47  141 0.82

  40   62 0.60
  23   96 0.19
  61  113 0.40
  66  162 0.27
  30   82 0.20
 106  180 0.71
   2  107 0.03
  51  156 0.57
  42  140 0.93
   4    9 0.87
  99  155 0.24
  83  181 0.63
 104  196 0.04
  84  156 0.13
  48  117 0.47
  36  142 0.11
  85  184 0.52
  74   95 0.71
  88  112 0.48
 106  152 0.27
  55  112 0.87
  22  102 0.62
  71  110 0.86
  64  157 0.58
  24  124 0.00
   7  100 0.81
  68  144 0.40
  63  115 0.49
  98  130 0.85
  58   74 0.76
  31  133 0.37
  54  114 0.17
  41  104 0.37
  48   82 0.45
  26   48 0.18
  92  175 0.99
  66  131 0.05
  40   46 0.80
  31  113 0.01
   2   89 0.86
  47   71 0.95
  25   73 0.05
   8   42 0.92
  13   90 0.71
  99  113 0.83
  92  112 0.74
   6   21 0.91
  86  168 0.35
  63   84 0.42
 105  120 0.75

  68  139 0.71
  51   83 0.13
  46  109 0.07
  15   25 0.95
  13   81 0.68
 101  185 0.06
  85  152 0.97
  40   64 0.51
  15   64 0.12
  75  124 0.02
  46  100 0.78
  94  180 0.04
  69   99 0.65
  86  185 0.67
  50  151 0.69
  19  110 0.36
  17   82 0.95
  41  106 0.32
  45  124 0.90
  17   70 0.10
  63  164 0.13
   0   25 0.27
  17   39 0.53
  45  146 0.06
  55  107 0.98
  44  142 0.83
  82  109 0.21
  87  145 0.15
  13   29 0.60
  34   61 0.61
  29   31 0.97
  78  143 0.60
  66  168 0.21
  27  117 0.32
  46   61 0.72
  65   81 0.36
  60  144 0.80
   6  107 0.46
  99  193 0.01
   6   11 0.78
  86  181 0.93
  96  100 0.46
  78  102 0.46
  42  131 0.99
   2   77 0.60
   8   36 0.07
  86  188 0.26
   5   70 0.61
  52   90 0.19
 107  175 0.23

  93  143 0.13
  86  161 0.92
  52   83 0.32
  61  162 0.80
  49  149 0.22
  23  119 0.48
   2   39 0.81
  53  151 0.37
  61  116 0.41
  62  151 0.79
  47   86 0.08
  82  158 0.85
  22   47 0.02
  95  199 0.51
  87  187 0.42
   0   19 0.40
  93  128 0.02
  80  145 0.82
  85   95 0.18
 102  180 0.11
  67   72 0.93
  77  170 0.92
  67  130 0.68
  67  116 0.01
 102  186 0.48
  22  116 0.89
  43  116 0.67
  38   83 0.86
  58  127 0.33
  10   53 0.32
  33   64 0.59
  49  103 0.27
  93  123 0.75
  13   54 0.56
  47   71 0.56
  38   38 0.14
   2   72 0.07
   1  107 0.01
  41  139 0.73
  65  144 0.99
 101  131 0.35
  49  135 0.73
  97  103 0.01
  12   75 0.04
  38   88 0.17
  41   73 0.16
 107  109 0.97
  61   73 0.54
  19  124 0.48
   5   23 0.93

