3 50 8
6   10  16  10  20   4  16

  21   43 0.03
  91  129 0.89
  10   38 0.55
  18   21 0.56
  21   31 0.99
   9   12 0.28
  31   60 0.23
  79   82 0.82
  81   97 0.00
  48   67 0.17
  78   91 0.39
  43   50 0.81
 110  132 0.44
 100  111 0.70
  21   25 0.19
  49   56 0.77
  71   73 0.12
  31   62 0.53
  72  103 0.64
  13   17 0.85
  89   93 0.67
  72   79 0.36
  15   34 0.02
  35   36 0.08
  68   95 0.47
  18   18 0.86
  91   94 0.07
 105  125 0.82
  54   73 0.32
  29   53 0.29
  95  130 0.73
  38   55 0.47
  79  114 0.97
  91  128 0.66
  93  104 0.69
  73   91 0.28
 100  136 0.68
 114  139 0.61
  11   31 0.49
 110  118 0.39
   8   32 0.70
  72   85 0.14
  42   72 0.80
  86   99 0.65
  45   61 0.26
  50   84 0.16
   8   33 0.27
  90   93 0.41
  19   56 0.54
  42   42 0.96

  37   67 0.26
  88  110 0.90
  29   43 0.75
  38   60 0.80
  82  111 0.16
  47   58 0.40
  32   50 0.84
  50   80 0.57
 112  113 0.56
  70   78 0.31
  81   92 0.33
  92  120 0.61
 114  125 0.68
  64   84 0.57
  34   35 0.53
  33   40 0.50
  35   57 0.58
  31   63 0.34
  22   32 0.46
  60   87 0.23
  38   66 0.97
   8   21 0.16
  47   80 0.04
  93  110 0.36
  64  101 0.66
  69  103 0.92
 105  129 0.08
  39   43 0.17
   4   32 0.67
  41   79 0.47
  98   98 0.73
  34   34 0.61
  57   79 0.92
  43   78 0.01
  56   72 0.04
  68   84 0.73
 112  128 0.36
  53   64 0.04
 117  151 0.37
  76  111 0.91
  32   63 0.53
  51   87 0.47
  41   60 0.17
  42   50 0.05
  28   65 0.07
  77   85 0.65
  36   50 0.78
  99  124 0.11
  85   90 0.35
   5   32 0.40

  53   91 0.36
  86  110 0.46
  88  113 0.27
  31   44 0.82
   9   45 0.25
   6    8 0.73
 115  124 0.37
  63   86 0.39
 107  134 0.48
  26   26 0.48
 111  144 0.96
  80   82 0.59
  87  104 0.82
  72   79 0.09
  44   69 0.69
  17   50 0.14
  83   97 0.37
  42   58 0.47
   7   18 0.58
  99  121 0.01
  24   25 0.85
  21   55 0.90
 100  135 0.19
  19   24 0.15
  62   89 0.76
  51   71 0.83
   1   15 0.99
  11   44 0.19
  91  100 0.24
 103  110 0.26
  19   26 0.02
  52   84 0.32
  38   56 0.75
  77   86 0.25
  38   38 0.71
   9   20 0.35
  34   35 0.38
  56   63 0.31
   7   43 0.56
   8   31 0.01
  54   62 0.71
  78   82 0.51
  61   84 0.44
 108  140 0.41
  55   78 0.08
  73   86 0.37
 106  131 0.25
  96  123 0.71
  16   26 0.63
  61   67 0.94

  50   50 0.50
   0   22 0.69
  49   56 0.24
  48   72 0.92
  46   76 0.63
  31   54 0.05
  88  105 0.33
  69   72 0.83
  70   83 0.62
  54   55 0.04
  88  120 0.32
  90   97 0.87
   5   24 0.89
  48   86 0.85
  52   89 0.66
  24   34 0.17
  57   94 0.37
  88  107 0.50
  26   61 0.62
  44   45 0.56
  56   56 0.81
  54   89 0.58
  44   51 0.32
  96  106 0.92
  29   64 0.85
  70  105 0.30
 109  138 0.00
  18   28 0.64
  39   45 0.80
  71  109 0.06
  98  126 0.34
 111  147 0.34
  18   48 0.56
  32   58 0.47
  59   89 0.31
  33   65 0.86
 100  124 0.51
  98  128 0.11
 105  106 0.44
  43   57 0.87
  49   55 0.54
  65   85 0.39
  43   81 0.86
  16   53 0.97
  82  116 0.14
  46   50 0.56
 113  118 0.78
  72  107 0.07
  98  114 0.06
  59   69 0.00

 100  124 0.34
  75  105 0.08
  19   34 0.87
 102  104 0.47
  10   45 0.88
  18   31 0.00
  13   25 0.93
  30   65 0.98
  10   32 0.82
 110  112 0.45
  50   62 0.50
  68   92 0.70
  44   56 0.01
  37   62 0.14
  33   36 0.97
  88  109 0.44
  96  132 0.02
  38   53 0.71
  29   37 0.09
  50   56 0.76
 115  144 0.30
  30   55 0.37
  74   84 0.73
  72   80 0.81
  16   21 0.22
 102  129 0.06
  58   86 0.87
  90   96 0.56
 107  137 0.43
  72   90 0.04
  82   86 0.96
  72  104 0.31
  15   40 0.70
  11   11 0.61
  98  109 0.46
  33   56 0.55
  32   59 0.58
 111  139 0.67
  24   32 0.90
  93  104 0.83
  84  102 0.97
  83   88 0.83
  11   39 0.71
  75  103 0.04
  70   84 0.13
  39   60 0.48
  99  101 0.95
  26   29 0.42
  39   46 0.44
  79   92 0.25

  56   94 0.15
  94   96 0.33
  28   64 0.47
  37   37 0.39
  32   37 0.61
  59   87 0.20
  35   69 0.54
  57   93 0.68
   9   11 0.38
  40   60 0.85
  74   75 0.28
  40   44 0.87
  65   80 0.41
 115  151 0.22
  49   80 0.73
  61   86 0.94
 113  120 0.50
 101  136 0.54
  55   61 0.31
  65   92 0.08
  54   67 0.02
  45   58 0.67
  57   57 0.37
  80   93 0.27
  48   66 0.07
 106  114 0.31
  66  104 0.85
  66   95 0.02
  93  120 0.84
  89  111 0.88
  93  102 0.50
   4   16 0.34
  13   34 0.11
  63   93 0.97
 104  129 0.46
  63   83 0.23
  16   49 0.97
  14   44 0.22
  53   90 0.53
  44   48 0.24
  78  112 0.61
  90  125 0.27
  61   68 0.65
  39   49 0.55
  51   75 0.39
  26   27 0.93
  19   34 0.55
  30   63 0.70
 103  131 0.84
  75  104 0.41

