5 25 8
12   10  16  10  10   2  10  10  16   2  10   4  20

  29   35 0.16
   4    9 0.99
  18   19 0.34
  29   34 0.68
  35   45 0.51
  28   45 0.54
   1    6 0.11
  33   46 0.92
  36   49 0.06
  31   37 0.68
   3   14 0.34
  13   15 0.58
  18   33 0.00
   9   18 0.60
  35   47 0.72
   5   12 0.50
  14   21 0.11
  27   32 0.72
  25   37 0.40
  16   17 0.92
  12   26 0.56
  14   28 0.47
  13   24 0.91
   1   11 0.75
  28   40 0.41

  26   41 0.49
  26   38 0.58
   3   17 0.01
  28   32 0.35
  35   37 0.37
  16   17 0.89
  24   35 0.50
  25   30 0.25
   6   22 0.10
   2   11 0.84
  10   17 0.35
  21   34 0.82
  15   21 0.30
  13   27 0.88
  27   39 0.21
  28   37 0.23
  18   19 0.04
  20   27 0.85
  32   32 0.58
  32   48 0.70
  13   17 0.30
   0   13 0.29
  29   45 0.24
  33   36 0.36
  12   12 0.93

  30   33 0.24
  10   15 0.05
  18   29 0.73
  29   31 0.23
  24   24 0.10
   4    9 0.34
   7   16 0.24
  11   14 0.14
   2   17 0.41
  20   27 0.62
  13   13 0.69
  21   38 0.40
  35   52 0.28
  23   40 0.52
  31   41 0.68
  35   51 0.86
  33   45 0.99
  24   29 0.88
   0    4 0.99
  21   29 0.09
   1   16 0.48
  19   31 0.55
  20   33 0.06
  31   45 0.14
  11   13 0.25

  28   43 0.23
   6   10 0.81
  25   33 0.54
  20   24 0.32
  30   46 0.61
  32   39 0.75
  14   24 0.98
  11   12 0.52
  29   41 0.91
  23   39 0.46
  36   47 0.71
   6   18 0.33
   4   16 0.09
  35   43 0.46
  14   23 0.56
  20   36 0.38
  16   22 0.75
  34   44 0.05
  15   32 0.11
   5    7 0.21
   8   22 0.54
  17   26 0.72
   7   23 0.66
  35   48 0.47
  28   36 0.11

  18   18 0.71
  34   36 0.28
  27   27 0.60
  16   26 0.66
   7   19 0.50
  28   39 0.79
   4   21 0.89
  19   19 0.47
  21   27 0.56
   7   14 0.75
  27   37 0.65
   6    6 0.53
  11   20 0.14
  28   31 0.11
  22   31 0.57
   1   16 0.04
  33   42 0.16
  28   36 0.47
  29   38 0.68
  34   37 0.86
   8    8 0.08
  22   37 0.54
   9   15 0.62
   7   17 0.92
  23   23 0.12

  15   17 0.36
  14   18 0.39
  23   40 0.07
   8   20 0.89
  27   43 0.59
  11   16 0.23
   2    4 0.60
  20   29 0.72
  33   33 0.02
  15   23 0.04
   9   16 0.51
   5   18 0.92
  11   22 0.11
  29   31 0.32
  24   25 0.03
  18   32 0.44
  24   39 0.18
  20   32 0.87
   4   16 0.17
   6   15 0.99
  34   36 0.57
  11   21 0.67
   4   15 0.03
  22   35 0.58
   8    9 0.26

   9   20 0.67
  19   22 0.40
  36   43 0.61
  15   31 0.18
  13   15 0.17
   6   12 0.38
  29   46 0.28
   2    4 0.47
  18   20 0.68
  17   18 0.54
  24   25 0.56
  23   30 0.05
   2   11 0.53
  28   32 0.35
   0    7 0.81
  35   49 0.64
  21   33 0.72
   2   11 0.64
   1    4 0.30
  27   34 0.17
  23   36 0.05
   8   22 0.03
  10   20 0.39
  33   48 0.22
   2    5 0.76

  33   48 0.23
   8   25 0.25
  34   51 0.92
  28   42 0.02
  11   23 0.60
  10   13 0.84
  33   33 0.96
   7   20 0.61
   5   16 0.70
  28   39 0.77
  32   38 0.24
  12   28 0.03
   3   14 0.79
   2    4 0.31
  18   20 0.23
  23   28 0.02
  31   32 0.33
   1   15 0.60
  33   37 0.74
   3   17 0.87
  32   33 0.72
  23   35 0.42
  23   37 0.61
  15   27 0.99
  35   49 0.82

  33   35 0.79
   8   19 0.74
  10   26 0.57
  15   24 0.00
  32   37 0.68
  24   36 0.45
  15   32 0.82
  22   31 0.36
  12   22 0.09
  12   19 0.03
  24   27 0.14
  26   41 0.47
  31   43 0.10
  22   37 0.67
  36   52 0.92
  13   21 0.34
  22   23 0.49
  20   23 0.50
  30   43 0.79
  20   32 0.88
  13   20 0.32
  20   20 0.97
  26   33 0.50
  25   25 0.67
   1    3 0.13

  26   43 0.05
  25   29 0.42
   5   15 0.19
  17   19 0.43
  33   33 0.90
  13   22 0.02
   7   22 0.41
  16   16 0.07
  28   41 0.58
  12   24 0.96
  18   33 0.56
  34   49 0.59
   6   22 0.88
  32   44 0.34
  28   34 0.08
   2    4 0.54
  11   21 0.11
  23   27 0.78
   7   19 0.49
  31   33 0.21
  25   25 0.56
  13   26 0.78
  35   48 0.11
  25   26 0.56
  23   38 0.65

  12   24 0.71
  21   21 0.46
  12   24 0.80
   3   19 0.49
   8   17 0.64
   3   10 0.72
  30   36 0.43
  16   22 0.32
  35   38 0.26
  12   22 0.96
   9   17 0.69
  11   13 0.31
  35   45 0.38
   9   11 0.70
   2    9 0.71
  35   46 0.39
   6   23 0.26
   9   22 0.36
  36   42 0.49
  17   19 0.41
  30   40 0.40
   7   20 0.20
   0   17 0.80
   7    7 0.99
  22   28 0.71

   6   10 0.56
  36   45 0.40
  16   23 0.02
   6   18 0.20
  30   45 0.41
  29   38 0.26
   2    6 0.79
  31   32 0.61
  25   34 0.07
  35   41 0.94
  19   34 0.70
  32   34 0.40
   4   12 0.88
  32   38 0.67
  16   21 0.28
  13   23 0.74
  13   23 0.63
  20   31 0.76
  20   26 0.43
   7    9 0.45
  11   11 0.15
   3   16 0.78
  10   11 0.28
  21   34 0.11
  23   27 0.17

