5 50 4
6   10  10   2  10   4  10

  13   77 0.93
  27   45 0.84
   4   38 0.67
   2   36 0.88
  23   58 0.68
  10   39 0.14
  21   44 0.08
  15   84 0.52
  13   34 0.84
   8   93 0.06
   2   20 0.32
  13   38 0.47
  15   59 0.60
   6   29 0.19
   0   75 0.60
   3   59 0.72
  23   31 0.48
   9   78 0.14
  27   79 0.63
  27   89 0.49
   0    5 0.11
  27   84 0.45
   1   78 0.18
   1   67 0.02
  25   47 0.52
   5   47 0.96
   1   51 0.46
   8   92 0.81
   8   19 0.17
  18   72 0.78
  24   51 0.31
  13   91 0.96
  16   72 0.31
   3   46 0.19
  19   71 0.50
   9   60 0.49
  12   68 0.21
  15  100 0.97
  17   97 0.69
  23  103 0.76
  26   68 0.43
   5   63 0.33
   6   79 0.62
  17   34 0.47
   3   31 0.61
  17   41 0.80
   8   11 0.81
  18   39 0.34
  23  102 0.60
   0   77 0.38

  22   26 0.50
  16   46 0.67
  15   36 0.92
   3   27 0.49
   3   47 0.39
  27   43 0.53
  10   67 0.16
  21  102 0.74
   5   84 0.94
  14   71 0.33
  21   42 0.66
  23   35 0.63
   1   47 0.06
   8   63 0.09
  27  105 0.74
  23   78 0.81
  16   48 0.03
  23   91 0.31
  24   83 0.33
  25   54 0.21
  15   30 0.79
  16   82 0.80
  20   34 0.49
   6   69 0.20
  12   25 0.98
   6   84 0.01
  19   25 0.19
  10   86 0.80
  17   44 0.17
  20   90 0.72
   3   42 0.28
   0   32 0.84
   9   31 0.99
   8   87 0.00
  14   19 0.61
  11   68 0.83
  16   44 0.40
  10   22 0.56
   0   33 0.13
   4   33 0.12
   6   81 0.30
  20   32 0.08
  15   45 0.60
  18   85 0.08
   7   45 0.48
  15   32 0.89
   2   56 0.41
   1   50 0.93
  21  105 0.89
  11   85 0.56

  23  105 0.15
  18   39 0.50
  24   70 0.49
   3   76 0.65
  13   27 0.40
  10   80 0.75
  10   65 0.55
  27   41 0.56
   5   36 0.43
  21   68 0.87
   2   73 0.31
  10   70 0.99
  11   21 0.56
  17   49 0.24
  22   87 0.81
  22   89 0.22
   7   92 0.24
   4   50 0.66
   6   85 0.81
  14   54 0.12
   9   22 0.93
  22  100 0.86
  16   74 0.89
  19   34 0.56
  26   75 0.51
   7   34 0.24
  21   78 0.56
   6   63 0.31
  21   70 0.56
   0   46 0.79
   2   15 0.53
  25   83 0.22
  21   23 0.05
  19   45 0.29
  11   56 0.92
   7   34 0.30
   7   16 0.34
   8   81 0.47
  14   34 0.26
  17   78 0.03
   7   87 0.27
  10   47 0.26
  15   76 0.56
   7   70 0.26
  18   21 0.92
  15   36 0.70
  23   62 0.16
  19   45 0.59
  11   71 0.78
  16   54 0.06

   4   65 0.23
  16   61 0.49
  11   41 0.39
  23   47 0.49
  24  107 0.91
   2   47 0.39
  14   38 0.15
   2   31 0.80
  20   85 0.95
   4   62 0.92
   7   25 0.55
  27   31 0.36
  10   13 0.58
  14   24 0.74
  13   67 0.30
  25  105 0.61
   4   50 0.15
  13   80 0.01
  27   41 0.86
  14   19 0.19
   7   33 0.26
  24   55 0.73
  10   68 0.92
  17   60 0.40
   1   81 0.55
  20   47 0.24
   6   88 0.20
  27   87 0.35
   0   60 0.41
   2   86 0.41
  26  108 0.16
  24   80 0.32
   3    9 0.62
   4   24 0.59
  15   18 0.43
  16   38 0.48
   5   74 0.73
  10   95 0.99
   2   80 0.16
  19   38 0.59
  14   26 0.61
   2   36 0.24
  21   71 0.10
  24  107 0.94
  21   31 0.45
  22   35 0.36
   9   65 0.06
   6   33 0.30
  20   93 0.95
  12   47 0.00

   9   29 0.92
  23  105 0.75
  14   66 0.77
   3   85 0.83
  26   82 0.83
  14   59 0.26
  11   46 0.25
   5   38 0.24
   9   36 0.04
  19   74 0.34
  11   27 0.72
  24   39 0.12
  20   89 0.80
   5   27 0.55
  17   35 0.85
  17   17 0.90
  21  100 0.41
  15   18 0.07
   7   65 0.19
  22   60 0.54
   7   15 0.10
   2    9 0.01
  26   44 0.81
   3   44 0.71
   3   45 0.37
  10   37 0.88
  19   51 0.41
  12   75 0.40
   3   16 0.41
   0   34 0.45
  14   73 0.08
  17   92 0.40
   1   73 0.24
  23   48 0.08
   2   30 0.23
  18   42 0.21
  22   30 0.67
  18   21 0.31
   9   89 0.93
   5   37 0.19
   0   13 0.76
  21   47 0.55
  18   27 0.08
  21   60 0.66
   5   31 0.44
   9   17 0.75
  25   55 0.85
  24   91 0.58
  24   56 0.72
  26   29 0.83

  18   55 0.60
   3   66 0.33
  21   78 0.13
   8   83 0.66
  13   31 0.20
  16   30 0.76
  25   51 0.57
   1   43 0.55
   0   11 0.55
   1   75 0.34
   8   35 0.36
   1   84 0.33
  14   28 0.25
   4   39 0.01
  18   35 0.90
  14   26 0.40
  23  106 0.21
   7   32 0.91
   8   37 0.03
  15   45 0.91
   4   24 0.88
  13   34 0.65
  26   47 0.81
  19   37 0.19
  16  100 0.02
  20   46 0.02
  24   92 0.31
  10   80 0.13
  11   53 0.18
   8   16 0.02
   6   41 0.19
  27  105 0.03
  19   47 0.81
   8   70 0.11
   8   52 0.93
   3   29 0.67
   1   25 0.01
  17   33 0.72
  27   33 0.64
  25   36 0.37
  13   25 0.75
   8   60 0.37
   0   43 0.45
   3   46 0.38
  12   38 0.18
  16   84 0.19
   6   18 0.78
   8   83 0.69
   2   51 0.79
   3   76 0.40

