3 30 4
6    2   2  10   4  10  10

   3   52 0.78
  17   61 0.41
  21   51 0.08
  12   30 0.73
   0    9 0.51
  10   34 0.81
  10   57 0.80
  17   48 0.27
  13   81 0.40
  18   32 0.80
   1   62 0.73
   1   68 0.39
   6   43 0.28
  11   13 0.95
  11   64 0.42
  20   79 0.09
   8   49 0.92
  12   39 0.86
   1   15 0.98
  15   46 0.65
   5   75 0.42
   5   50 0.71
  16   85 0.55
   4   69 0.04
   2   11 0.14
  15   18 0.16
  21   62 0.38
  13   15 0.98
  22   48 0.81
  14   72 0.30

  14   74 0.94
  18   55 0.11
   0   27 0.27
   9   74 0.30
   7    7 0.70
  19   60 0.12
  19   49 0.51
   0   63 0.71
   9   24 0.32
   0   35 0.69
  17   35 0.68
  15   48 0.76
   9   31 0.24
  16   30 0.50
   9   28 0.91
  13   54 0.44
  17   35 0.08
  13   52 0.75
  10   75 0.27
   5   35 0.11
   4    5 0.97
  21   76 0.35
  15   66 0.40
   7   55 0.28
  12   75 0.63
   5   67 0.26
  10   11 0.83
  20   29 0.20
   2    4 0.05
  16   78 0.06

  20   52 0.40
   0   48 0.65
  13   28 0.31
  15   39 0.80
   8   63 0.06
   2   35 0.87
   0   63 0.16
  14   19 0.28
   7   34 0.68
   0   21 0.01
   2   55 0.38
   1   13 0.79
  22   61 0.44
  15   48 0.71
  19   55 0.32
  11   40 0.78
  16   59 0.85
  21   56 0.10
  14   29 0.75
  20   83 0.33
  17   71 0.24
  13   62 0.82
  19   59 0.52
   8   41 0.18
  18   23 0.34
  17   45 0.56
   6   17 0.93
  18   71 0.48
   9   68 0.20
   8   25 0.35

  21   38 0.69
  13   27 0.05
   0    8 0.19
   9   14 0.81
   0   50 0.73
  21   77 0.22
  19   57 0.87
  11   38 0.56
   1   37 0.29
  12   43 0.20
   8   65 0.46
   3   70 0.18
   4   67 0.75
  14   51 0.35
  22   47 0.25
  16   58 0.92
   9   22 0.90
  19   29 0.40
   6   37 0.42
  18   53 0.10
   8   74 0.66
   0   61 0.69
   0    5 0.23
   1   69 0.12
  18   62 0.02
  20   27 0.88
   3   21 0.86
   6   71 0.84
   0   65 0.54
  18   32 0.97

   7   48 0.97
   7   52 0.08
  17   24 0.27
   0   18 0.69
  21   83 0.41
  20   32 0.54
  15   37 0.24
   9   22 0.85
  19   48 0.50
   7   15 0.89
   2   69 0.70
   7   20 0.39
   1   51 0.22
   3   53 0.90
   7   59 0.86
  13   31 0.78
   4   18 0.33
   7   42 0.03
  12   34 0.66
  16   70 0.32
   1   30 0.15
  13   31 0.79
  21   31 0.66
  12   24 0.26
  12   74 0.76
   8   63 0.19
  21   28 0.36
   1   46 0.66
   7   57 0.39
   8   69 0.55

  13   59 0.54
  15   50 0.60
  17   43 0.95
  19   80 0.56
  15   58 0.90
  15   58 0.83
   5    8 0.22
  19   70 0.48
  15   16 0.19
  18   57 0.45
  19   27 0.47
  17   36 0.07
  16   83 0.19
   2   49 0.74
   3   36 0.86
   1   70 0.74
  17   67 0.76
   4   15 0.79
   5   17 0.74
  17   21 0.37
   5   75 0.15
  15   56 0.98
   0    3 0.14
   7   74 0.41
  12   14 0.62
   9   49 0.79
  13   26 0.39
   7   31 0.94
  19   60 0.89
   3   62 0.85

