4 20 4
12    4   2   2  16  10  10  10   4   4   4  20   4

  18   54 0.41
   5   48 0.09
   7   38 0.37
  24   60 0.36
   2   29 0.69
  27   38 0.30
   6   46 0.37
  24   24 0.20
  24   39 0.89
  18   70 0.29
  13   15 0.28
  18   73 0.56
   8   19 0.44
  11   41 0.45
   0   43 0.16
  18   69 0.67
  25   32 0.13
  22   74 0.95
  19   66 0.08
  17   22 0.27

  21   46 0.83
  27   62 0.40
  15   49 0.12
  22   68 0.16
  24   58 0.49
  22   31 0.60
  21   34 0.99
  25   50 0.71
  26   77 0.89
  15   41 0.61
  12   48 0.56
   8   48 0.22
   3   36 0.70
  13   60 0.58
   3   17 0.00
   5    9 0.29
  16   70 0.40
   1   41 0.69
   6   36 0.47
  19   61 0.35

   8   49 0.71
  13   33 0.11
   9   26 0.21
   5   31 0.22
  20   35 0.90
  26   64 0.82
  13   14 0.41
  23   40 0.23
   2   37 0.06
  13   16 0.28
  26   27 0.15
  18   28 0.33
  26   38 0.34
   6   23 0.67
  25   66 0.12
  19   28 0.88
  26   80 0.33
   3   53 0.69
  11   62 0.74
  27   28 0.61

  21   41 0.06
  18   28 0.37
   9   23 0.01
  26   40 0.45
  23   42 0.39
  14   36 0.89
  11   37 0.26
   1   22 0.54
  15   47 0.32
  22   76 0.70
   3   24 0.63
   8   19 0.65
  19   25 0.82
  11   31 0.49
   6   11 0.42
   0   12 0.25
  27   61 0.16
  19   65 0.91
  18   56 0.09
   5   42 0.75

  25   34 0.01
   5   37 0.72
  20   25 0.01
  19   63 0.87
  24   69 0.91
  19   57 0.96
  12   41 0.18
  19   66 0.34
   1   27 0.54
  19   36 0.10
  26   43 0.59
  19   54 0.77
  18   41 0.96
  18   33 0.81
  20   23 0.30
  21   59 0.17
  20   62 0.55
  11   27 0.67
  14   34 0.95
   1   56 0.59

  11   47 0.48
  18   49 0.56
   3   39 0.52
  24   60 0.50
  11   58 0.63
   2   56 0.83
  13   56 0.08
  26   78 0.39
   9   13 0.47
   9   47 0.16
  23   63 0.13
  19   58 0.93
  22   71 0.84
  22   27 0.22
  10   36 0.95
  24   59 0.90
  16   18 0.38
  12   12 0.58
  27   40 0.17
  25   26 0.24

  19   57 0.16
  25   45 0.12
  19   49 0.65
  25   64 0.95
  22   27 0.13
   4   28 0.56
  15   16 0.07
   5   44 0.18
  23   55 0.10
  16   62 0.52
  25   67 0.15
   5   54 0.33
  24   65 0.57
  14   40 0.04
  18   21 0.28
  15   28 0.90
   6   26 0.41
   1    2 0.54
  26   71 0.95
   6   25 0.71

  10   30 0.74
  16   54 0.44
  21   70 0.21
  15   69 0.68
  22   64 0.22
  26   35 0.39
  16   64 0.14
  21   27 0.48
   8   20 0.68
   9   18 0.38
   8   33 0.15
  15   37 0.53
  14   32 0.04
  21   33 0.94
  17   60 0.67
   4   18 0.63
   6   36 0.55
   3   16 0.79
  22   73 0.72
  26   52 0.52

   8   59 0.17
  18   24 0.71
   7   38 0.53
  24   43 0.38
  10   40 0.01
  21   27 0.38
  16   58 0.13
   1   22 0.10
   6   18 0.96
   5   10 0.02
   4   30 0.75
   3   19 0.09
   6   58 0.93
  16   22 0.52
   4    4 0.12
  27   46 0.83
   3   25 0.03
  11   15 0.15
   5   45 0.77
  26   32 0.14

  18   36 0.36
  24   32 0.31
   4   38 0.86
  15   30 0.36
  17   38 0.57
  20   46 0.13
   9   48 0.66
  17   65 0.01
  25   66 0.18
  15   45 0.49
  22   44 0.12
   0   39 0.48
   8   61 0.75
  12   29 0.17
   9   17 0.42
  20   34 0.43
  21   65 0.91
   7   36 0.61
   8   34 0.76
  22   26 0.52

  14   15 0.93
  20   62 0.62
   0   43 0.16
   2   38 0.77
   9   51 0.04
  10   16 0.59
   7   45 0.16
  12   49 0.12
  14   65 0.72
  16   30 0.09
  18   35 0.63
  14   25 0.77
  25   79 0.74
  11   48 0.54
  22   68 0.91
  18   45 0.19
  11   52 0.67
  25   77 0.57
  15   41 0.94
  21   57 0.05

  26   26 0.00
  16   43 0.11
  27   39 0.93
  18   63 0.24
  21   65 0.68
   6   14 0.13
  23   46 0.06
  27   45 0.93
  21   48 0.39
   8   62 0.29
   6   56 0.29
   1   52 0.89
  13   54 0.19
   1    9 0.75
  21   75 0.77
   3   58 0.44
  27   42 0.08
   5   27 0.06
  11   45 0.99
   2   39 0.18

