4 25 8
12   10   4   2  16  20  10   4  16   2   2  16  16

  13   56 0.52
  43   46 0.31
  14   56 0.63
  26   26 0.65
  29   53 0.62
  38   67 0.31
   8   13 0.19
  26   64 0.50
  24   30 0.96
   5   40 0.53
   2   32 0.64
  41   69 0.13
   1   25 0.76
  17   39 0.57
  45   90 0.20
   6   28 0.85
  15   53 0.06
  45   52 0.06
  13   47 0.51
  19   37 0.75
  40   79 0.65
  40   78 0.81
  21   22 0.12
  27   56 0.31
  22   34 0.32

  31   75 0.08
  15   34 0.74
  23   63 0.41
  15   52 0.98
  33   52 0.57
  23   35 0.43
  21   22 0.79
  18   58 0.06
  31   43 0.54
  13   47 0.09
   9   27 0.84
  27   34 0.70
   8    9 0.78
  22   42 0.63
  22   44 0.83
  21   54 0.88
  20   24 0.73
  21   47 0.98
  22   44 0.25
  15   48 0.10
  25   56 0.87
  43   73 0.41
  39   45 0.51
   2   19 0.87
  10   44 0.79

  28   65 0.55
  40   74 0.88
   2    4 0.46
  45   49 0.01
  39   83 0.03
   3   34 0.01
  16   59 0.59
   0   17 0.89
  15   41 0.57
  19   42 0.18
  31   46 0.75
  24   52 0.47
  16   48 0.74
   9   36 0.41
   0   32 0.28
  19   47 0.38
   1   29 0.52
   8   52 0.65
  44   62 0.90
  10   28 0.54
  21   30 0.47
  12   47 0.53
  17   59 0.68
   6   40 0.15
   4    5 0.07

   7   50 0.25
   7   16 0.30
   9   28 0.43
  12   47 0.80
   8   51 0.32
   0   29 0.13
  34   35 0.32
  42   83 0.67
  43   54 0.15
  40   64 0.11
  20   23 0.45
  29   45 0.54
  42   66 0.89
   9   39 0.46
   3   25 0.59
  13   46 0.38
  43   43 0.71
   3   27 0.99
  29   59 0.11
  21   26 0.99
  39   55 0.19
  43   58 0.48
  34   69 0.90
  30   53 0.91
  45   68 0.24

  19   59 0.58
   3   33 0.88
  41   63 0.07
  30   54 0.68
  33   48 0.91
   6   44 0.56
  14   21 0.19
  38   54 0.77
  32   61 0.56
  31   46 0.68
  31   32 0.57
   3   38 0.52
  39   76 0.13
  39   63 0.57
  22   60 0.56
   6   18 0.76
  43   88 0.33
  33   65 0.73
  33   78 0.41
  41   47 0.78
  29   30 0.23
   2   16 0.33
  10   55 0.26
   7   27 0.89
  37   69 0.38

   9   41 0.32
  38   70 0.90
  25   52 0.99
   9   15 0.18
  27   41 0.51
  41   58 0.92
  22   53 0.85
   8   25 0.51
   8   12 0.35
  37   79 0.23
   3   43 0.24
   1   28 0.34
   8   24 0.44
  38   41 0.26
  33   70 0.53
  18   31 0.40
   9   43 0.51
  21   62 0.64
  19   45 0.59
  25   30 0.26
  12   38 0.11
  10   13 0.14
  30   32 0.35
  37   67 0.55
  11   26 0.92

  11   36 0.48
  30   55 0.11
   3   36 0.45
  42   51 0.85
  25   43 0.61
  23   55 0.26
   7   24 0.98
  44   89 0.11
  16   25 0.30
  27   38 0.91
   6   44 0.04
   6   39 0.61
  25   33 0.77
  26   69 0.80
  21   64 0.12
  26   48 0.88
  31   69 0.87
   3   33 0.41
  12   32 0.91
   7   18 0.86
  33   69 0.11
  22   36 0.33
  43   70 0.75
  19   27 0.68
  15   31 0.76

   0   15 0.94
  26   62 0.16
  24   47 0.50
  19   50 0.97
  38   52 0.24
  44   45 0.89
  17   37 0.91
   4   42 0.07
  33   65 0.22
   2   10 0.49
  35   68 0.59
  45   76 0.07
  37   46 0.83
  27   54 0.21
  16   57 0.27
  17   23 0.16
  41   54 0.98
  44   71 0.00
  44   65 0.90
   2   39 0.68
  12   26 0.81
  32   54 0.53
  43   87 0.66
  26   47 0.67
  22   56 0.32

   6   34 0.80
  34   70 0.59
  19   49 0.23
  22   25 0.02
  15   41 0.88
  41   65 0.74
  28   34 0.78
  35   35 0.51
  34   42 0.00
  14   23 0.61
  16   35 0.20
  15   31 0.55
  38   58 0.83
  20   45 0.77
  35   67 0.93
   7    7 0.66
  36   42 0.61
  26   28 0.64
  13   52 0.27
  28   36 0.69
  11   41 0.55
  20   29 0.13
   2   10 0.57
   7   24 0.44
  10   19 0.13

  22   49 0.77
   8   15 0.75
  10   37 0.68
  13   32 0.95
  43   49 0.63
   0   33 0.10
  29   56 0.99
  21   33 0.01
   3   20 0.38
  13   15 0.38
  37   52 0.22
  20   24 0.44
  35   71 0.06
  34   71 0.34
  14   40 0.19
  19   32 0.81
  18   56 0.65
  30   58 0.29
   7   46 0.08
  34   40 0.58
   4   18 0.71
  38   65 0.91
  28   46 0.59
   1    7 0.60
  44   72 0.40

  40   64 0.11
  41   75 0.62
   5   22 0.78
  10   15 0.44
   6   27 0.70
  34   70 0.44
  12   39 0.40
  26   27 0.92
   4   37 0.10
  10   33 0.25
  23   61 0.88
  11   27 0.60
   0   36 0.45
   5   24 0.99
  37   49 0.08
   5   41 0.28
  37   46 0.92
  41   58 0.59
  21   50 0.05
  27   42 0.19
  16   51 0.52
  45   61 0.11
  44   84 0.47
  34   56 0.13
  30   42 0.30

  20   57 0.75
  12   22 0.01
  43   80 0.76
  35   35 0.69
  28   43 0.37
  23   24 0.10
  39   76 0.62
   9   40 0.41
  44   83 0.83
   9   46 0.12
  14   25 0.53
   6   15 0.18
  21   45 0.40
   7   24 0.28
  27   58 0.04
  12   26 0.75
   2   27 0.17
  42   53 0.59
   4    8 0.84
   6   32 0.40
  19   25 0.85
  24   47 0.11
  13   29 0.05
  19   22 0.48
  29   67 0.87

