5 20 4
12   16   4  16  16  10  20  20  10  10  16  16   4

   5   22 0.43
 106  154 0.36
   4   33 0.21
   7   85 0.11
   4   24 0.41
  67  175 0.37
  84  191 0.78
 106  145 0.44
   1   39 0.11
  35  105 0.62
   8  102 0.93
 116  193 0.69
  54  120 0.81
  94  125 0.68
 114  209 0.93
  25   28 0.85
   6   82 0.46
  27   33 0.65
   2   87 0.07
  56  116 0.40

  22   86 0.90
   7   17 0.34
  72  165 0.17
   7   34 0.92
  15   32 0.33
  41  100 0.06
  79  174 0.81
  38   99 0.92
  84  193 0.02
  56  126 0.98
  33   90 0.69
  13  129 0.82
  67  159 0.60
  38  122 0.03
  83  130 0.93
  82  180 0.79
  69   86 0.96
  55   81 0.93
  68  157 0.76
 105  167 0.61

  67   96 0.67
  60   60 0.93
   8   40 0.19
 112  126 0.24
   9  105 0.98
   3  102 0.14
  44   92 0.51
  46  135 0.12
 114  197 0.12
 101  207 0.84
  32   79 0.54
 103  191 0.46
  25  132 0.67
  91   96 0.26
  23   96 0.84
  41   64 0.85
  89  127 0.34
 106  149 0.28
  47  131 0.06
  78  119 0.07

  74   74 0.88
  71  130 0.87
  69   88 0.78
  10   90 0.81
  99  211 0.49
  70  181 0.36
  88  101 0.77
  54  162 0.28
   1   70 0.53
  46  100 0.79
 113  225 0.02
   2  113 0.81
  98  176 0.46
  11   56 0.50
   2   13 0.80
  92  185 0.22
 117  197 0.48
  93  160 0.53
  15   75 0.14
  46  109 0.05

  33  100 0.94
  11   38 0.43
  13  100 0.80
 110  204 0.80
   3   62 0.15
  49  132 0.48
   7   64 0.77
 100  214 0.35
   2    2 0.36
  29   44 0.81
  90  188 0.72
 113  226 0.54
  82  169 0.04
  41  131 0.73
  64  121 0.04
 104  161 0.86
   3  120 0.26
 113  140 0.86
  11   51 0.40
 112  190 0.34

  36   78 0.30
  39  143 0.40
  90  145 0.34
  12   56 0.25
  94  181 0.07
  23   46 0.56
 111  121 0.94
  18   58 0.95
  40   47 0.80
   9   96 0.08
  12  115 0.65
 100  216 0.40
  49  133 0.76
  58  148 0.81
  26  111 0.99
 102  201 0.32
  92  125 0.27
  31   57 0.45
  73  126 0.90
 114  225 0.12

  75   89 0.54
   5   49 0.63
 111  151 0.56
  37   63 0.24
  39  146 0.26
  61  130 0.92
  80  162 0.63
  28   84 0.77
   4   64 0.08
  80  188 0.83
   5  107 0.32
   8   89 0.34
  42   90 0.95
  98  188 0.15
 107  193 0.49
  94  146 0.54
  17  102 0.83
  81  102 0.48
  94   95 0.26
  34   62 0.32

  89   90 0.65
  15  121 0.32
 102  216 0.82
  70  148 0.33
  82  140 0.43
  10   64 0.87
  13   55 0.93
  63   83 0.17
  50   77 0.14
  51  163 0.57
  44  157 0.13
  23  116 0.65
  30  138 0.33
  76  140 0.50
  35  139 0.10
  94  119 0.01
  85  180 0.16
   9  113 0.15
  38   57 0.63
  82  128 0.75

   7   53 0.14
  19   47 0.03
   5   57 0.43
  76  187 0.86
 107  168 0.34
  44   46 0.45
  11   44 0.83
  20   73 0.34
  27  123 0.37
  57  154 0.45
  15   35 0.16
  12   92 0.07
  37   43 0.55
   3  110 0.44
  12   50 0.71
  22  102 0.73
 106  189 0.50
 107  152 0.28
  76  159 0.63
 101  158 0.71

  91  118 0.40
 116  127 0.55
  65  162 0.63
  66  152 0.15
  30   50 0.95
  22   54 0.07
  25  111 0.30
  98  136 0.57
  29  128 0.24
 110  135 0.43
  24   94 0.40
  26   76 0.38
  46   67 0.00
  91  151 0.12
  33   70 0.14
 105  126 0.39
  95  202 0.25
  68  146 0.70
  17   83 0.99
  22  133 0.75

  10  113 0.09
 102  119 0.20
  81   95 0.15
  16   55 0.57
  86  104 0.63
  58  146 0.61
  69  172 0.33
  46  141 0.26
  12   15 0.22
  46  110 0.61
  20   85 0.85
  27  130 0.58
  15   84 0.58
 105  194 0.80
 102  217 0.52
 105  214 0.56
  37   42 0.59
  60  172 0.10
  66  149 0.91
  48  134 0.56

  61   88 0.85
  25  125 0.11
  53   61 0.25
 115  130 0.03
  68   77 0.62
 117  229 0.15
  87  160 0.56
  69   98 0.38
 100  179 0.28
  36   69 0.61
  68  133 0.94
  18   66 0.23
  87  165 0.03
  61  106 0.88
 108  136 0.57
  99  133 0.75
  15   28 0.47
  81  155 0.03
  24   90 0.64
  45  123 0.61

