3 30 4
6   10  10   2  20  20  16

  34  125 0.21
  26   38 0.12
  15   28 0.11
   5   62 0.12
   5   13 0.51
  40   75 0.16
   3   16 0.35
  25   38 0.97
   5   51 0.99
   0   96 0.57
   7  101 0.13
  43  107 0.25
  38  134 0.03
  30   88 0.06
  22   59 0.85
  25   39 0.82
  41   44 0.39
  38   86 0.53
  13  106 0.92
   9   60 0.64
  44  131 0.50
  41  126 0.07
  14   64 0.19
  24  107 0.31
   4   20 0.03
  21   55 0.67
  18   32 0.64
  21   30 0.65
  41   56 0.27
   3   43 0.42

   4   91 0.91
  28  124 0.46
  35   58 0.46
  43  118 0.98
  10   31 0.56
  39   98 0.57
  19   92 0.84
  27  104 0.53
  39   73 0.79
  34  113 0.60
   4   28 0.50
  40  102 0.44
  30   38 0.68
  46   64 0.37
   2   88 0.54
  36  118 0.59
  25   29 0.00
   9   45 0.20
  27   33 0.63
  33   67 0.11
  42   72 0.28
  28  110 0.84
   5   32 0.45
  21   77 0.22
  32   47 0.41
  22   66 0.65
  15   40 0.76
  47   94 0.30
  46  112 0.48
  23   69 0.22

  12  106 0.99
  41   66 0.85
   8   22 0.99
  31   69 0.79
  28   28 0.56
  47   87 0.62
  47   61 0.08
  40   93 0.93
  13   80 0.72
  31  119 0.32
  45   71 0.77
  18  110 0.85
   1   58 0.20
  33  103 0.44
  20   42 0.95
  46   46 0.13
   1   31 0.58
  25   59 0.33
  36  129 0.39
  13   29 0.21
   2   53 0.25
  11   51 0.44
  11   93 0.50
  42  100 0.06
  22   41 0.21
  14   14 0.75
   2   64 0.72
   6   91 0.38
  37   90 0.33
   5   16 0.73

  36   64 0.64
   3   87 0.11
  44   66 0.13
  10   66 0.39
  17   20 0.35
  19   39 0.51
  39   66 0.87
  45   75 0.94
  35   93 0.54
  33   68 0.44
  26   39 0.69
  12   75 0.30
   0   57 0.36
  16   85 0.75
  22   82 0.45
  18   76 0.93
   0   46 0.47
  36  101 0.67
   9   42 0.72
  21   66 0.71
  17   19 0.77
  30  126 0.99
  38  114 0.40
  43   51 0.17
  25  101 0.79
  28   40 0.72
  38   76 0.84
  13   54 0.27
  42   99 0.97
   1    7 0.72

  46  137 0.72
  15   27 0.27
  12   26 0.77
  32  108 0.42
  19   78 0.34
  47  125 0.54
   7   49 0.98
  47  101 0.12
  26   38 0.67
  12   16 0.02
  16   92 0.79
  26  101 0.61
   4   90 0.34
   9   40 0.57
  37  119 0.48
  21   99 0.79
  41  104 0.53
  19   20 0.20
  27   92 0.71
  39   57 0.33
  35  113 0.97
   0   65 0.57
   7   82 0.07
  36   80 0.40
  30   88 0.79
  25   46 0.80
  27   61 0.70
  42  114 0.44
  14   56 0.48
  24   35 0.05

   2   28 0.80
  14   59 0.40
   1   61 0.19
  21  115 0.09
  15   50 0.55
  23   29 0.50
  23   29 0.96
  14   45 0.14
  35   87 0.36
  12   99 0.56
  14   73 0.12
  38  107 0.44
  45   57 0.70
  26   40 0.26
  33  104 0.66
  33  125 0.28
  38   43 0.55
   9   84 0.21
   3   66 0.65
  12   89 0.00
  44  105 0.48
  16   63 0.44
  39   81 0.71
   2   81 0.43
  46   65 0.68
  38   97 0.77
  19   72 0.72
  45  114 0.72
  25   74 0.72
  43   62 0.51

