5 80 8
3    4  16   2

  13   25 0.06
   1    1 0.48
  12   28 0.99
  11   29 0.32
   8   12 0.06
  19   32 0.28
  11   21 0.62
  10   15 0.56
   3   18 0.96
   5   16 0.47
   5   25 0.17
  11   27 0.83
   4   20 0.79
  19   24 0.17
  11   22 0.69
   2    4 0.98
   6   23 0.04
  21   36 0.12
  11   19 0.67
  15   20 0.63
   3   12 0.93
   4   22 0.16
  18   36 0.49
   7   10 0.85
   8   24 0.67
   1    8 0.17
   1    9 0.31
   1    2 0.33
   6   23 0.69
  18   24 0.88
  21   36 0.84
   1    6 0.20
  20   24 0.97
  11   31 0.72
  21   39 0.74
  15   36 0.50
  20   27 0.84
  10   17 0.78
  14   24 0.24
  14   19 0.67
   7   22 0.53
  18   24 0.63
   2   14 0.87
  16   28 0.00
  16   29 0.31
   9   20 0.70
  20   33 0.04
  14   26 0.61
   2    3 0.18
   9   30 0.71
  14   30 0.96
   4   11 0.32
   5   16 0.13
  19   20 0.98
   7   24 0.67
  20   26 0.77
   0    3 0.74
  20   28 0.54
  14   19 0.90
  17   22 0.88
  14   17 0.62
   0    8 0.11
  19   40 0.83
  19   21 0.63
  13   22 0.05
  16   29 0.38
  13   17 0.91
  12   33 0.45
   0   21 0.25
   2   10 0.69
   1   21 0.86
  21   23 0.70
  18   22 0.92
   4   18 0.20
   8   13 0.41
  11   20 0.21
   3   15 0.35
   6   27 0.14
  15   36 0.89
   1   22 0.10

   2    9 0.49
   5   14 0.43
   8   12 0.30
  17   34 0.68
  15   21 0.69
  16   22 0.93
   6    7 0.19
  13   30 0.06
  21   33 0.95
  17   34 0.68
  18   29 0.44
  16   17 0.96
  16   28 0.68
  15   18 0.94
   0   20 0.44
  17   33 0.13
  14   29 0.97
   2   13 0.07
  20   30 0.09
   1    6 0.43
  15   23 0.81
   0    0 0.54
  20   38 0.45
  14   31 0.63
  13   25 0.90
  21   22 0.13
   8   15 0.38
   5   14 0.73
  20   24 0.93
   7   13 0.30
  13   18 0.60
  16   26 0.35
  13   25 0.51
  12   28 0.38
  20   24 0.06
  19   24 0.41
   1    3 0.11
   1    9 0.85
  16   26 0.51
   0   17 0.96
   6   12 0.79
  16   22 0.22
   6   18 0.10
   5   12 0.92
  10   11 0.95
   0    0 0.25
   0   15 0.08
   9   29 0.38
  14   27 0.48
  17   37 0.06
  14   30 0.36
  19   35 0.38
   8   24 0.00
  18   39 0.44
  10   27 0.68
  16   28 0.96
   5   25 0.61
   3   22 0.74
   9   10 0.55
  19   37 0.94
  16   25 0.55
   7   28 0.17
  18   30 0.55
  10   25 0.82
   4   15 0.22
  21   41 0.03
  21   37 0.39
   7   17 0.40
  10   18 0.13
  18   28 0.42
  11   28 0.80
  16   30 0.66
  21   35 0.08
  21   35 0.16
   4   25 0.88
   9   18 0.83
  17   29 0.80
  19   36 0.46
   6   12 0.07
   4   12 0.33

   1   21 0.44
  15   34 0.31
   6   22 0.98
   6   22 0.07
   0    0 0.50
  10   13 0.63
   8   25 0.20
  20   28 0.54
   4   14 0.63
  10   23 0.75
   5    7 0.79
  14   14 0.34
   2    3 0.39
  18   26 0.31
  17   27 0.07
  10   12 0.95
  10   11 0.65
  21   36 0.86
   4   24 0.62
  20   31 0.33
   1   11 0.74
   7   24 0.85
  13   21 0.85
  17   38 0.29
   4   23 0.12
   0    1 0.55
   6   13 0.25
   1   17 0.26
  11   17 0.77
   7   19 0.59
   8   28 0.44
   1    9 0.91
   3    6 0.76
  14   23 0.50
   9   22 0.33
   7   15 0.38
   8   15 0.23
   3   13 0.63
  16   16 0.65
   1   22 0.12
   4   10 0.58
  12   20 0.53
  19   33 0.19
  20   35 0.54
   1   10 0.12
   5   18 0.45
  11   28 0.19
  20   31 0.16
  11   15 0.24
   5   10 0.08
  18   37 0.87
  19   31 0.92
  19   40 0.46
   4    5 0.89
  20   23 0.14
   2   15 0.94
  17   32 0.89
  15   21 0.14
   6   12 0.54
   2    3 0.89
   3   15 0.03
   2   23 0.11
  17   37 0.19
  19   19 0.64
  20   39 0.08
   2   22 0.68
   2   15 0.29
   3    7 0.30
  17   18 0.04
   7   19 0.77
  16   30 0.62
   2    9 0.48
   5   22 0.84
   5    7 0.83
  18   27 0.95
   2   22 0.62
   9   25 0.34
  14   33 0.17
  19   24 0.89
   7   24 0.44

