4 50 4
6    4  16  10  10  16  10

   0   54 0.20
  37  182 0.72
  33   59 0.68
   2   14 0.12
   6  117 0.25
  11   77 0.50
  33  119 0.02
   8  127 0.77
  25   56 0.33
  42  114 0.48
  17   48 0.15
  50  136 0.61
   3   15 0.57
  10   61 0.22
  27   80 0.48
   9  109 0.78
  48   67 0.62
  24  148 0.60
  16  110 0.39
  33  113 0.95
  36  117 0.02
  45  161 0.96
  26   32 0.86
  45  194 0.21
  21  121 0.23
   0   32 0.66
  46   64 0.72
  22   71 0.21
   2  121 0.14
  23  152 0.45
  37   93 0.34
  49  104 0.99
  42   77 0.70
  21   59 0.91
  36  185 0.08
  34  125 0.57
  15  121 0.23
   4  116 0.37
   9  114 0.60
   6   71 0.56
  12  150 0.83
  45  168 0.64
  29  175 0.62
  14  113 0.31
  15  116 0.42
  34  163 0.72
  35   70 0.89
  49   87 0.32
   3   81 0.61
  16   58 0.15

  14  122 0.01
  23  105 0.47
  37  113 0.35
  50  110 0.56
   3  153 0.43
  41  166 0.32
  27   45 0.07
  31  144 0.98
  34  176 0.25
   0   48 0.73
  25  178 0.48
   3   43 0.30
  39  146 0.09
  28  114 0.61
  45  111 0.73
  10   99 0.16
  21  172 0.59
   9   76 0.04
  10  101 0.47
   0  105 0.33
  39  141 0.72
  21  108 0.06
   2   61 0.33
   0  111 0.77
  39  123 0.19
   6  104 0.64
   4   50 0.95
  26   53 0.59
  37   85 0.11
  10   25 0.81
  28  151 0.30
   4   46 0.00
  22  167 0.71
  37  124 0.05
   6   80 0.83
   9  133 0.86
  29  127 0.17
  12   24 0.56
  34  122 0.37
  36  143 0.65
  26  110 0.19
  16   17 0.01
  10  148 0.73
  13   53 0.75
  11  133 0.47
  39  184 0.58
   0  149 0.57
  32   44 0.15
   0  101 0.85
  32  182 0.63

   8   18 0.79
  32   68 0.98
  17   86 0.75
  50   95 0.01
  15  123 0.79
  41  138 0.93
  37   48 0.60
   5  114 0.97
  36  183 0.38
  31  152 0.74
  35   79 0.64
   5   18 0.07
  33   47 0.72
  16   41 0.39
  31  147 0.07
  22   45 0.40
  30  170 0.85
  50  195 0.40
  25   42 0.81
  49  191 0.28
  44  106 0.68
   6  121 0.16
  35  118 0.06
  29  116 0.53
   2   95 0.80
   2   88 0.10
  18   61 0.53
  41   51 0.25
  46  149 0.35
   9   90 0.68
  50  109 0.10
  42  133 0.04
  11   24 0.40
  16  135 0.19
  19  107 0.11
  18   77 0.44
  12   69 0.00
  16  119 0.01
   7  129 0.18
   2  108 0.89
   8  132 0.95
  27  148 0.96
  31  108 0.42
  45  135 0.64
   1   62 0.08
  49  138 0.68
  24  152 0.31
  16   41 0.13
  21  115 0.75
   3  105 0.03

  15   56 0.83
  16  152 0.61
   5  131 0.66
  32  164 0.11
  12  128 0.66
  39   47 0.27
  28  146 0.90
  30  133 0.68
  24   27 0.08
  49   67 0.34
  33  165 0.67
  15  102 0.66
  31  143 0.82
  48  131 0.42
  49  174 0.81
   3   32 0.10
  17  157 0.33
  36  160 0.48
  50  197 0.20
   1   29 0.32
  20  161 0.54
   6   68 0.16
   2  137 0.19
   3  118 0.68
  27  110 0.75
  46   49 0.76
  11  147 0.37
  47   71 0.02
  48   58 0.17
  23   61 0.67
   3   50 0.85
  42  103 0.55
  49   96 0.80
  38  108 0.61
   8   86 0.51
  48   75 0.89
  46  181 0.03
  40   66 0.81
  46  136 0.90
  39   94 0.37
  18   68 0.95
   5   56 0.93
  15  117 0.64
  19  124 0.83
  49  167 0.05
  24  140 0.18
   9  138 0.51
  33  140 0.13
  13   32 0.34
  11   80 0.56

   4   44 0.85
  19   74 0.32
  34   41 0.79
  45   48 0.79
  31  165 0.66
  35  166 0.95
   0  101 0.37
  30  165 0.33
  33   46 0.12
   5   10 0.35
   9   19 0.31
  12   38 0.34
  31  172 0.16
  18   96 0.35
   0   88 0.98
  10   52 0.46
  40  105 0.24
  36  146 0.64
  14  115 0.41
  40  105 0.55
  47   84 0.69
  34   81 0.36
  18   45 0.41
  10   42 0.47
   8   79 0.14
  38  160 0.29
  18  137 0.07
  12   68 0.55
  41   54 0.33
   0   17 0.69
  31  115 0.76
  35  163 0.20
  22  165 0.85
  39   77 0.55
  19   50 0.32
   8  113 0.92
  12   64 0.55
   4   30 0.10
   7   26 0.75
  20   92 0.01
  34  106 0.65
  14   99 0.33
  31  160 0.32
  47  116 0.34
  42  112 0.00
  24  133 0.81
  23   51 0.75
  15   90 0.00
   5   54 0.33
   3   90 0.98

   8   46 0.32
  13  108 0.07
   3   73 0.79
  29   79 0.79
  14   69 0.48
  40   89 0.75
   2  142 0.95
  36   85 0.65
  15  125 0.40
  20  169 0.33
  44  146 0.08
  40  132 0.10
  48  129 0.37
  49   92 0.25
  44  177 0.92
   1   85 0.67
  38   91 0.11
  31  184 0.62
  23   30 0.03
  33  124 0.38
  25   43 0.09
  48  106 0.44
  25   90 0.43
  13   32 0.80
  23   60 0.99
  29   55 0.04
   3   94 0.00
   9   51 0.87
  17   75 0.85
  33   78 0.09
   4   74 0.77
  31  102 0.64
   8   24 0.16
  29  151 0.55
  21   94 0.35
  24  148 0.40
   0  151 0.55
  49  175 0.98
   5  146 0.60
  27  129 0.63
  10  130 0.48
  21  144 0.48
  28   46 0.55
  43  131 0.28
  15   99 0.59
   0   98 0.25
  27  127 0.31
  50   52 0.46
  12   72 0.67
  12   44 0.10

