5 20 4
12    4   4   2  20   4   2  16   4   4   2  10   2

   6    8 0.35
  32   34 0.33
  20   33 0.31
   6   18 0.47
  23   31 0.23
  28   42 0.42
  11   18 0.74
   5   12 0.91
   7   18 0.47
  32   34 0.98
  11   26 0.09
  24   40 0.90
  32   44 0.67
  21   24 0.89
   1    8 0.29
   7   14 0.85
  14   26 0.69
  18   34 0.30
  22   30 0.54
   5    7 0.67

  36   43 0.09
  31   40 0.52
  28   41 0.71
   1    4 0.44
  16   26 0.49
  28   45 0.21
  16   17 0.98
  27   31 0.70
  17   28 0.55
  34   45 0.20
  14   22 0.42
   0    1 0.89
  27   38 0.11
   2    8 0.08
  30   47 0.83
  27   43 0.68
   3    8 0.23
   5   11 0.52
  36   45 0.53
  12   13 0.77

  24   36 0.24
  19   24 0.01
  22   30 0.45
  14   18 0.22
  35   39 0.88
   0   11 0.77
  25   38 0.97
   8   24 0.72
  14   26 0.37
  21   21 0.61
  10   20 0.12
  20   21 0.09
  36   53 0.15
   6   14 0.54
   4   17 0.29
  15   23 0.85
  21   22 0.29
  35   38 0.76
  20   34 0.79
  28   28 0.29

  36   51 0.32
  10   10 0.63
  31   36 0.08
  36   42 0.55
  18   35 0.49
  20   22 0.61
  15   22 0.36
  15   26 0.53
  12   12 0.57
  29   31 0.59
   8    8 0.97
  28   44 0.48
  23   25 0.22
   2    9 0.72
   9   26 0.97
  13   29 0.83
  26   35 0.91
  11   20 0.24
  35   40 0.40
  27   36 0.04

  31   36 0.03
  23   37 0.90
   1    4 0.15
  10   19 0.66
   2    5 0.06
  33   44 0.36
  34   49 0.41
  33   36 0.20
  18   19 0.21
  21   35 0.53
  32   32 0.48
  17   21 0.78
  16   20 0.28
  18   29 0.88
  13   27 0.02
  31   40 0.66
  35   52 0.89
   3   11 0.11
  23   37 0.20
  34   42 0.60

  35   35 0.52
  30   36 0.15
   5   10 0.38
  31   38 0.45
  25   35 0.31
  36   36 0.78
   9   14 0.53
   0   16 0.25
  10   21 0.82
  35   45 0.33
   9   12 0.30
  20   21 0.80
   5    8 0.91
   1   11 0.44
   5   13 0.21
  29   36 0.58
   8   19 0.39
  18   21 0.31
  31   44 0.97
  34   50 0.58

   4    6 0.54
  18   22 0.82
  30   36 0.96
  28   43 0.47
   5    7 0.60
  32   37 0.63
  27   42 0.46
  29   43 0.40
  22   28 0.40
  26   40 0.27
  12   23 0.77
  35   51 0.39
   6   23 0.56
  10   25 0.99
  10   19 0.32
   5   10 0.49
  30   33 0.85
  12   13 0.04
  31   38 0.12
  24   29 0.92

   7   19 0.84
  24   36 0.41
  17   32 0.71
  31   34 0.43
   0    0 0.98
  20   20 0.64
   6   14 0.24
  24   32 0.65
  27   41 0.89
  15   31 0.06
  25   37 0.22
  34   35 0.45
  16   20 0.95
   5    9 0.35
  28   30 0.32
   9   25 0.94
  18   35 0.59
  31   41 0.94
   7   13 0.89
  16   17 0.79

  35   37 0.49
  24   38 0.89
  36   51 0.60
  31   43 0.97
  11   28 0.05
  16   19 0.27
  13   29 0.98
  13   30 0.42
  23   30 0.20
   3    6 0.82
  31   39 0.52
   3    4 0.84
  33   50 0.42
   0    6 0.84
   0   17 0.58
   1   13 0.79
  27   36 0.19
  17   24 0.41
  29   34 0.69
   9   20 0.56

  28   35 0.16
  11   24 0.90
  23   37 0.64
  21   32 0.75
  14   26 0.45
   4    7 0.72
  24   33 0.05
  14   22 0.62
  22   36 0.13
  16   27 0.14
  31   38 0.75
  24   27 0.50
  17   18 0.32
   3   17 0.64
  13   19 0.37
  21   37 0.65
  20   23 0.88
  35   50 0.49
   4   17 0.50
  30   42 0.54

  32   38 0.02
   3    9 0.59
   1   17 0.95
  20   36 0.93
  25   29 0.19
   3   17 0.97
  31   37 0.17
  24   27 0.79
  25   38 0.91
  19   28 0.48
   2    9 0.43
   4   17 0.89
   4   18 0.68
   6   10 0.82
  24   39 0.67
   8    8 0.42
  25   36 0.11
  24   41 0.96
  16   18 0.09
  34   36 0.22

  22   32 0.31
  18   18 0.58
  17   23 0.75
  11   21 0.33
   5   12 0.06
  32   47 0.32
   3    5 0.48
  24   35 0.65
  21   22 0.76
  21   34 0.74
   2    3 0.94
  14   14 0.51
   5    6 0.09
   4    4 0.00
  14   19 0.74
  13   16 0.68
  21   27 0.99
   8   12 0.12
  30   41 0.34
   1    2 0.39

