3 80 4
3   10   4  10

  79  103 0.06
  65   82 0.52
 108  114 0.48
  20   66 0.45
  56   67 0.86
 106  176 0.59
  38   65 0.69
 118  183 0.81
 117  127 0.01
  20   69 0.88
  50   57 0.32
  52   98 0.20
  33   65 0.90
  63   74 0.06
  65   96 0.79
  12   50 0.13
  54   54 0.26
  76   92 0.44
   1    6 0.11
  43  101 0.06
 110  145 0.64
  11   18 0.88
  19   89 0.59
  83  105 0.28
  97   98 0.65
   6   73 0.51
  56   60 0.71
 101  112 0.67
  57   72 0.48
  14   57 0.54
  78   98 0.02
 112  129 0.51
 100  141 0.65
 109  147 0.29
 103  177 0.38
  57  101 0.27
  18   49 0.86
  36  110 0.54
  66  102 0.97
   3   47 0.54
  63   67 0.39
  54  107 0.65
  21   74 0.14
  73  100 0.35
  58  111 0.99
  76  120 0.57
   2   21 0.81
  57  108 0.26
  70   94 0.94
  82  119 0.45
  56   91 0.46
  36   49 0.36
  56   94 0.72
 115  131 0.44
  86  138 0.27
  99  147 0.86
  98  171 0.66
   9   67 0.87
 107  133 0.25
  29   86 0.21
 102  159 0.92
  32   68 0.62
  48   76 0.47
  15   54 0.44
 118  155 0.39
 108  156 0.20
  41   72 0.77
   3   61 0.03
  83  161 0.92
  32   61 0.98
  41   46 0.80
  92  168 0.31
  20   44 0.33
   8   76 0.89
  85   86 0.58
  72  120 0.46
  81  116 0.83
  73  109 0.31
  83  160 0.48
  32   57 0.65

  31   53 0.88
  96  106 0.85
  44   74 0.34
  77  154 0.04
  30   44 0.18
   9   77 0.99
  79   84 0.75
  76   87 0.61
  25   95 0.71
  98  106 0.39
  31   89 0.68
   3   61 0.75
   5   61 0.47
  15   62 0.65
 111  164 0.58
  20   55 0.60
 116  152 0.91
   7   62 0.91
  44   73 0.24
 113  178 0.97
 115  145 0.48
  86  111 0.25
 115  184 0.54
  97  121 0.30
   3   31 0.96
   5   12 0.91
  68  120 0.79
  19   86 0.02
  45   61 0.71
  71  129 0.54
 118  185 0.77
  89   90 0.56
  49  117 0.04
  46   56 0.72
  52   81 0.22
  63   65 0.54
   7   59 0.22
 102  147 0.07
 119  137 0.97
  92  105 0.97
  78  143 0.41
  80  133 0.72
  77  138 0.54
  88   93 0.42
  92  111 0.34
  26   31 0.29
  83  138 0.74
  87  101 0.00
 111  125 0.54
  69  137 0.28
  62   90 0.47
  69   78 0.06
  75   99 0.81
  71   92 0.45
  23   68 0.47
 107  162 0.50
  36   94 0.03
  42   95 0.66
   0   69 0.67
  65   94 0.18
  78  148 0.06
  30   36 0.24
  49  113 0.54
  28   31 0.74
  34  106 0.76
  59  133 0.77
  55   63 0.62
  98  149 0.35
  27   76 0.19
   9   60 0.33
  22   41 0.87
  93  141 0.87
   1   49 0.36
 100  174 0.74
  93  167 0.42
  36   88 0.09
  69  135 0.56
  18   79 0.92
  59  135 0.95
  88  102 0.50

  14   57 0.56
  71   85 0.84
  72   74 0.18
  14   72 0.61
 114  119 0.36
  51  125 0.47
  23   91 0.75
  80  130 0.43
  64   73 0.63
  58   80 0.65
  42  103 0.85
  66   88 0.46
  37   81 0.49
  37   69 0.90
  36   78 0.57
   2   73 0.47
  28   56 0.98
  15   35 0.34
   6   63 0.83
  95  168 0.62
 115  190 0.93
  83  127 0.25
  12   43 0.19
  69  111 0.10
  35   63 0.11
  45  123 0.97
  55   97 0.64
  40   53 0.28
  63  107 0.62
 102  150 0.39
  96  154 0.45
 119  178 0.84
   1   52 0.60
 108  186 0.70
  18   92 0.86
   4   16 0.62
  96  124 0.05
  89  103 0.30
  49   84 0.46
 114  115 0.86
  30   63 0.52
 115  182 0.05
  97  100 0.37
  54  107 0.11
  96  122 0.08
 100  100 0.08
   1   59 0.20
  65   86 0.28
  94  117 0.98
  11   90 0.01
  89   94 0.51
  28  105 0.19
 110  170 0.13
   4   70 0.70
 112  191 0.35
  94  146 0.34
  75  136 0.95
  11   36 0.89
  35  104 0.28
 114  171 0.60
  51  126 0.19
  79   84 0.02
  26   83 0.69
  45   92 0.26
  16   31 0.95
  21   95 0.96
  76  150 0.05
  63   69 0.81
  94  130 0.95
  66   78 0.44
  94  144 0.92
  39   67 0.70
  22   47 0.41
 109  112 0.30
  55   87 0.99
  29   65 0.71
  26   98 0.74
  37   52 0.14
  55   62 0.37
  10   78 0.84

