5 20 4
12    2  10  20   4   2  10   4   2  16  10  10  16

  66   96 0.48
  48   59 0.20
  66  103 0.73
   1   10 0.78
  76   78 0.08
  52   60 0.80
  60   85 0.74
  74  105 0.50
  55   70 0.16
  56   62 0.51
  21   29 0.14
  73   73 0.27
  46   91 0.69
   8   30 0.44
  10   12 0.33
  47   96 0.54
  23   58 0.51
  23   35 0.12
  65   65 0.09
  65  115 0.24

  62   96 0.75
  62   76 0.67
  29   29 0.06
  60   77 0.24
  76  124 0.81
  64  108 0.93
  62   63 0.04
  47   62 0.80
   6   28 0.81
  63   67 0.23
  51   62 0.39
  18   50 0.49
   9   11 0.06
   1   51 0.49
  44   78 0.20
  18   35 0.13
  68  101 0.65
  78  119 0.85
  70  108 0.18
  24   62 0.53

  22   39 0.91
  42   53 0.87
  40   85 0.82
  20   36 0.35
   1   39 0.73
  44   77 0.83
   7   19 0.03
  53   83 0.42
  23   68 0.60
  58   94 0.25
  45   47 0.24
  22   68 0.76
  44   88 0.45
  41   69 0.15
  56   74 0.20
  47   96 0.92
   3   28 0.49
  31   36 0.89
  27   27 0.19
  27   53 0.60

   9   27 0.84
  64  101 0.96
  32   48 0.38
  71   71 0.60
  65  104 0.96
   5   37 0.67
  44   62 0.66
   2   38 0.16
  71   96 0.37
  19   27 0.79
  39   55 0.23
  15   28 0.23
   9   20 0.79
  17   49 0.04
  73   76 0.11
  67   77 0.21
  65  113 0.54
  59  104 0.49
  58   86 0.80
  40   87 0.91

  15   47 0.32
  21   46 0.72
  62   70 0.66
  30   37 0.68
  20   50 0.68
  48   58 0.61
   1   16 0.55
  55   74 0.94
  16   28 0.43
  27   77 0.93
   6   53 0.20
  46   51 0.30
   1   41 0.40
  15   49 0.21
  13   20 0.45
   4   39 0.57
  67  104 0.96
  58   58 0.05
  60  110 0.46
  21   65 0.15

  30   34 0.30
  36   72 0.90
  35   77 0.83
  44   47 0.84
  47   80 0.28
   9   24 0.06
  32   84 0.73
  63  115 0.69
   1   36 0.07
  21   66 0.83
  29   50 0.78
  26   64 0.17
   4   16 0.23
  46   70 0.45
  26   28 0.83
  47   60 0.17
  22   65 0.34
  10   14 0.68
  13   46 0.60
  13   32 0.80

  37   52 0.02
  57   71 0.26
  77  118 0.41
  22   68 0.78
   4   32 0.13
  31   34 0.65
  57   70 0.79
  35   67 0.02
  68   96 0.72
  14   53 0.52
  78  112 0.25
  67   72 0.15
   0    9 0.59
  28   78 0.87
  52  104 0.64
  38   85 0.13
  41   90 0.02
  66   79 0.32
  17   34 0.67
  41   52 0.39

  43   95 0.64
  45   64 0.72
  76  117 0.87
  21   22 0.91
  54   66 0.10
  43   57 0.05
  42   65 0.19
  57   77 0.77
  77   92 0.75
  11   37 0.85
  24   55 0.27
  37   89 0.93
  64  115 0.54
  50   89 0.75
  69  113 0.15
  56   79 0.00
  24   57 0.69
   3   19 0.73
  21   42 0.37
  78  116 0.80

  50   53 0.08
  32   72 0.03
  39   63 0.27
  48   51 0.58
  61   86 0.33
  66   91 0.62
  24   54 0.79
  45   68 0.16
  17   65 0.22
  10   17 0.51
  45   45 0.91
  28   37 0.64
  44   95 0.94
  25   27 0.21
  62  102 0.13
  40   73 0.15
  69   69 0.20
  53   99 0.08
  63   86 0.81
  52   53 0.13

  37   68 0.85
   1   24 0.40
  68  104 0.88
  59   84 0.65
  73   74 0.75
  45   93 0.30
  40   46 0.66
  66   96 0.00
  27   64 0.46
   0   30 0.09
  53   61 0.32
   1   44 0.36
  44   86 0.10
  17   33 0.80
  31   36 0.72
  27   45 0.30
  25   55 0.38
  46   98 0.14
  66   69 0.88
  74   85 0.86

  63   73 0.28
  18   24 0.66
  38   75 0.31
  57   82 0.50
  74  108 0.68
  27   55 0.85
  28   42 0.70
  34   46 0.08
  45   51 0.01
  35   39 0.77
  59   60 0.02
  33   82 0.98
  50   76 0.70
  33   66 0.12
   6   25 0.59
  53   75 0.20
  73   76 0.34
  16   61 0.72
  65   92 0.81
  59   64 0.91

  27   54 0.51
  29   75 0.16
   7   45 0.82
  51   78 0.00
  26   44 0.36
   1   52 0.71
  21   62 0.75
  55   57 0.53
  63   80 0.93
  59  107 0.00
  76   83 0.58
  32   53 0.76
  27   62 0.10
  58   94 0.46
  38   76 0.72
  15   39 0.78
  43   82 0.95
  13   34 0.65
   1    7 0.50
  21   33 0.82

