3 100 8
3    2   2  10

  18   34 0.97
  21   26 0.02
  24   42 0.24
  25   43 0.29
  20   37 0.92
  26   60 0.19
  26   61 0.61
  22   59 0.88
  16   38 0.26
  23   38 0.90
   6   10 0.84
   7   22 0.98
  26   68 0.44
   7   35 0.25
  23   54 0.42
  26   41 0.30
   2   38 0.89
  23   23 0.80
  17   43 0.54
  23   59 0.71
  22   29 0.33
   4   19 0.60
  24   54 0.64
   1   23 0.09
  21   54 0.71
   8   50 0.35
  20   24 0.81
  20   56 0.92
   6   30 0.58
  24   42 0.05
  27   59 0.63
  15   51 0.60
   1   12 0.27
   0   27 0.97
  23   41 0.43
   6   47 0.19
  26   55 0.73
  18   36 0.83
   5   26 0.46
  23   63 0.70
   1   25 0.18
  21   53 0.09
   3   39 0.59
  10   52 0.06
  20   29 0.82
   7   19 0.80
  23   58 0.29
  16   27 0.18
  28   41 0.48
  21   62 0.49
   6   18 0.17
  10   24 0.49
  22   48 0.20
   4   46 0.28
  17   36 0.62
  22   26 0.21
   6   30 0.66
   4   22 0.44
   8   34 0.76
   9    9 0.07
  15   57 0.32
  11   49 0.07
   3   39 0.21
  17   28 0.64
  24   55 0.99
  26   51 0.91
  28   33 0.13
   3    7 0.04
  14   32 0.27
   1   10 0.01
  22   46 0.73
   0   36 0.65
   3    4 0.28
  17   35 0.69
  24   49 0.92
   5   35 0.35
  17   22 0.06
  27   64 0.52
  14   42 0.85
  13   24 0.01
   6   28 0.01
  25   51 0.54
  25   32 0.91
   6    8 0.27
   1   16 0.74
  15   24 0.70
   9   23 0.36
   2   26 0.34
  11   35 0.25
  25   46 0.42
  11   40 0.04
  10   18 0.79
  23   26 0.28
   1   27 0.54
  12   51 0.39
  12   12 0.92
   1   12 0.31
   4   24 0.68
  13   34 0.62
  16   30 0.08

   3   10 0.96
  24   51 0.50
  10   20 0.62
   7   40 0.86
  16   20 0.65
  11   32 0.23
  20   22 0.84
   3    3 0.12
  15   57 0.48
   2    9 0.39
  16   51 0.11
  13   27 0.16
   1    8 0.79
   1   16 0.54
   9   11 0.32
   8   13 0.11
  17   51 0.92
  20   51 0.87
   4   41 0.21
   7   14 0.85
   5   17 0.11
  19   26 0.09
  28   68 0.84
  28   51 0.00
  17   51 0.82
  11   39 0.48
  22   60 0.13
   7    7 0.56
  24   52 0.64
  20   36 0.69
  19   31 0.09
  11   28 0.19
   3    7 0.98
   3   35 0.17
   3   18 0.84
  13   15 0.93
   9   33 0.54
  12   45 0.11
   7   32 0.38
   3   34 0.95
  18   39 0.48
  25   47 0.16
   0   29 0.98
   3   22 0.47
  12   22 0.34
  14   15 0.65
   1   32 0.31
  11   45 0.66
  18   47 0.15
   8   44 0.46
  13   29 0.91
  13   25 0.21
  12   37 0.80
   1   43 0.78
  16   49 0.69
   5   15 0.22
  14   33 0.06
   2   31 0.32
  19   44 0.86
  10   25 0.08
   9   15 0.35
  27   28 0.49
  27   29 0.78
  10   15 0.85
   9   33 0.91
   4   46 0.18
  27   57 0.24
   4   43 0.54
   7   20 0.45
  13   37 0.55
   0   27 0.56
   0   25 0.34
   3   28 0.23
  17   54 0.56
  16   38 0.80
   3   32 0.86
  20   23 0.14
  18   20 0.24
  27   53 0.09
   3   18 0.24
   6    7 0.86
   9   25 0.19
  15   18 0.42
  22   27 0.00
   7   28 0.80
  24   26 0.00
   7   22 0.42
  19   43 0.28
   6   32 0.49
   5   44 0.11
  28   54 0.18
  14   21 0.48
  24   27 0.98
  16   40 0.20
   0   10 0.26
  21   29 0.13
   7   18 0.09
  16   38 0.45
   4   39 0.85
  20   53 0.16

  15   42 0.52
  12   42 0.05
  20   27 0.38
  17   33 0.41
   3   23 0.23
   0   33 0.37
  18   28 0.41
  23   33 0.37
   5   15 0.87
   8   27 0.81
  15   57 0.21
  21   24 0.73
  18   26 0.24
  28   58 0.15
  23   60 0.16
  28   35 0.24
  17   39 0.15
   5    6 0.16
  22   53 0.88
   1   40 0.96
  11   22 0.05
   2    8 0.03
   6   21 0.55
  15   41 0.20
  19   31 0.03
  15   49 0.15
   3    4 0.73
   0   24 0.76
  24   31 0.54
   9   50 0.59
  21   26 0.84
   9   11 0.72
   1    9 0.37
  18   43 0.56
  25   31 0.49
   5    8 0.58
  27   61 0.13
   5   16 0.74
  24   54 0.14
   7   18 0.15
   3   32 0.81
  21   54 0.15
  27   29 0.20
  14   32 0.65
   6   38 0.55
   0   32 0.08
  18   43 0.70
  17   58 0.11
  16   35 0.13
  15   16 0.81
   7   34 0.22
  19   50 0.28
   0   26 0.03
  13   42 0.55
  17   22 0.18
   0   39 0.11
   5   41 0.53
   1    8 0.17
   4   22 0.02
   5   12 0.74
  24   45 0.44
  20   47 0.19
   4   37 0.21
  26   37 0.26
   4   40 0.94
  20   33 0.29
  16   29 0.57
   8   29 0.20
  26   45 0.30
  12   52 0.51
  19   45 0.51
  13   14 0.50
  28   52 0.44
   6   16 0.83
  24   53 0.26
  14   50 0.15
   6   37 0.82
   6    8 0.85
  23   56 0.14
   2   41 0.51
  10   20 0.62
  19   57 0.75
  16   49 0.25
  25   45 0.57
  25   31 0.88
   7   24 0.20
  23   59 0.50
   7   23 0.54
  24   31 0.79
  24   44 0.62
  14   27 0.02
   5   44 0.67
   2    2 0.98
   6   17 0.61
  13   47 0.75
  13   13 0.26
  26   58 0.02
  16   31 0.58
   5   11 0.89
  26   59 0.22

