5 50 8
6    2   4  16  10  10   4

   2    8 0.45
   5   12 0.05
   0   41 0.33
   1   11 0.37
   3   35 0.71
   6   19 0.67
  40   71 0.20
  17   23 0.38
  24   40 0.30
  40   81 0.68
  10   49 0.84
  31   49 0.72
  33   43 0.14
  31   38 0.31
   6   33 0.00
   6   23 0.02
  30   53 0.20
  24   39 0.71
  32   54 0.56
   8   33 0.94
   2   34 0.82
   4   42 0.17
  38   62 0.63
  17   54 0.57
  12   21 0.27
   7   18 0.46
   0   22 0.36
  30   65 0.75
  38   62 0.34
   3   26 0.36
  30   34 0.09
   5   46 0.71
  33   53 0.28
  37   66 0.80
  37   71 0.20
  30   49 0.04
  39   51 0.62
  10   42 0.46
  32   71 0.70
  14   40 0.85
   8    9 0.04
   8   34 0.73
  30   35 0.17
  16   47 0.53
  27   58 0.43
   8   13 0.21
   4   36 0.12
  35   42 0.97
   8   40 0.26
  29   36 0.23

  40   79 0.78
   9   36 0.46
  41   78 0.68
  16   27 0.31
  23   62 0.28
   1    2 0.66
  28   54 0.83
  30   46 0.75
   7   47 0.24
  22   49 0.55
  12   34 0.28
  38   67 0.11
  11   41 0.23
   5   44 0.84
  20   49 0.94
  24   60 0.91
  40   41 0.24
  14   45 0.67
  25   42 0.64
  32   33 0.96
  26   39 0.05
  12   36 0.02
   1   39 0.31
  20   32 0.68
   2   18 0.25
   5   43 0.19
   9   10 0.08
   6   40 0.15
  13   43 0.31
  12   30 0.97
  20   43 0.46
  32   60 0.59
  37   75 0.22
  35   47 0.05
   6   33 0.64
  29   37 0.47
   2   12 0.18
   4   41 0.26
  28   47 0.64
   0    9 0.49
  27   53 0.34
   0   21 0.73
  24   59 0.34
   0    7 0.74
  19   19 0.15
  35   75 0.80
  22   55 0.95
  16   33 0.09
  33   74 0.49
  19   31 0.45

  19   42 0.97
  29   31 0.09
  24   61 0.07
  11   17 0.65
  13   36 0.52
  20   52 0.20
  40   64 0.12
  22   56 0.10
  23   26 0.94
  32   56 0.23
  25   36 0.79
   4    6 0.49
  19   58 0.27
  16   17 0.86
  29   51 0.99
   3   41 0.04
  28   69 0.86
  33   65 0.34
   8    8 0.72
  35   42 0.95
  41   45 0.55
  35   71 0.30
  21   38 0.68
   2   38 0.60
  26   55 0.18
   9   33 0.35
  11   16 0.50
  15   26 0.73
  40   79 0.32
   0   22 0.84
  38   52 0.19
  25   65 0.82
   4   26 0.48
  19   46 0.69
  25   52 0.06
  18   24 0.87
  10   44 0.95
   7   36 0.78
   3   22 0.38
   9   16 0.19
  30   51 0.80
   7   45 0.83
  17   37 0.22
  37   52 0.69
  15   37 0.22
   8   34 0.30
  41   47 0.48
   2    6 0.58
   8   17 0.59
  30   55 0.92

   1    1 0.37
  16   54 0.03
   1   11 0.24
  14   16 0.88
   5   23 0.49
  26   59 0.33
   5   18 0.09
  18   52 0.93
  41   79 0.94
   9   29 0.15
  24   64 0.21
   5   14 0.10
  32   69 0.54
  21   21 0.71
  29   44 0.69
  32   66 0.23
  12   12 0.01
  25   33 0.47
  21   46 0.31
  37   38 0.02
  37   49 0.91
   4   35 0.89
  15   35 0.83
   8   39 0.96
  13   39 0.02
   1   39 0.10
  30   35 0.42
  20   32 0.21
  27   33 0.67
   8   24 0.39
  34   60 0.31
  33   59 0.49
   1   27 0.35
  39   63 0.50
   6   31 0.50
   0   38 0.36
  11   22 0.24
  24   52 0.31
   4   37 0.41
  41   63 0.47
  19   35 0.93
  27   48 0.92
  11   41 0.93
   4   33 0.92
  18   24 0.26
   1   29 0.90
  26   50 0.77
  35   43 0.45
  31   40 0.32
  14   32 0.62

   3   16 0.85
   1   38 0.96
  38   76 0.79
   7   46 0.85
  40   62 0.83
  10   33 0.85
   1   19 0.97
   4   28 0.26
  33   74 0.09
  20   28 0.72
  15   44 0.75
  16   44 0.72
  35   55 0.54
   4    5 0.93
  13   16 0.93
   9   38 0.70
  25   51 0.97
  27   41 0.69
   0   19 0.31
  10   29 0.78
   1   13 0.10
   7   16 0.54
  29   57 0.29
  15   29 0.94
  33   68 0.29
  36   67 0.82
   4   31 0.36
  29   32 0.78
  38   71 0.92
   3    3 0.05
  18   18 0.14
  21   61 0.55
  19   19 0.29
   7   41 0.43
  21   32 0.03
   4   15 0.25
  15   48 0.59
  16   55 0.12
  26   61 0.29
   3   38 0.11
  37   70 0.27
  25   65 0.39
  22   23 0.48
  16   31 0.31
  39   48 0.10
  16   41 0.75
  31   64 0.47
   5   23 0.37
  21   22 0.14
  16   37 0.93

   2   29 0.01
  18   46 0.18
   9   32 0.43
  17   38 0.34
  10   12 0.28
  24   31 0.17
  37   76 0.24
  18   59 0.40
  22   44 0.70
  21   54 0.16
  14   34 0.93
  16   53 0.67
  25   42 0.05
  19   44 0.46
  17   52 0.50
   3    7 0.69
  40   81 0.21
  27   61 0.79
  29   70 0.87
  30   36 0.23
  16   42 0.60
   2   29 0.61
  28   34 0.17
  15   39 0.21
  31   48 0.53
   2   15 0.83
  11   48 0.50
  25   46 0.72
  20   50 0.05
  25   27 0.59
  31   32 0.29
   3   17 0.54
   7    9 0.18
   2    9 0.16
   5   24 0.01
  36   59 0.35
  36   47 0.89
  29   51 0.23
  14   14 0.91
   9   27 0.73
   0   13 0.77
  15   17 0.14
  30   31 0.97
   6   41 0.25
  25   36 0.32
  20   46 0.63
  37   40 0.84
   5   37 0.80
   5   28 0.47
  11   47 0.07

