3 20 8
12   20   2   4  10  10  10  16  20  16  10   4  10

  19   31 0.25
   0   42 0.80
   0   50 0.91
  11   52 0.39
   1   28 0.86
  21   60 0.28
   1   35 0.89
   0   30 0.01
   8   69 0.58
  16   64 0.98
  10   31 0.98
  17   20 0.51
   2   39 0.29
  13   83 0.19
  15   21 0.31
  18   27 0.35
   4    9 0.60
  19   46 0.85
   1   12 0.38
  12   93 0.71

  18   36 0.78
   8   13 0.26
  25   43 0.08
  13   61 0.39
   2   52 0.13
   3   65 0.96
  15   68 0.17
  22   89 0.48
   0   49 0.56
  18   51 0.66
   9   34 0.55
  15   50 0.19
  12   71 0.07
  10   87 0.15
  19   34 0.91
  18   80 0.66
   0   51 0.21
   7   26 0.70
  19   86 0.44
   4   80 0.99

  23   84 0.57
  22   82 0.10
   1   69 0.91
  22   69 0.51
  13   14 0.55
  15   77 0.03
  25   80 0.12
   6   76 0.09
  21   73 0.08
   5   43 0.13
  11   57 0.74
  23   92 0.71
   8   20 0.10
   3   19 0.39
   5   62 0.45
   2   69 0.65
   3   68 0.49
  21   69 0.03
  16   88 0.61
   6   29 0.32

   2   68 0.85
  25   59 0.85
  25  105 0.05
  26   98 0.84
   3   30 0.00
   4   36 0.05
  17   55 0.17
   4   25 0.82
  25   50 0.75
  14   36 0.97
  24   32 0.36
  20   68 0.27
   6   63 0.88
   4   55 0.39
   0   57 0.61
   9   32 0.49
  16   97 0.90
  24   85 0.38
  23   28 0.80
  15   17 0.68

   9   53 0.28
   1   21 0.03
   5   20 0.48
  22   71 0.52
   8   75 0.71
  10   53 0.58
  16   60 0.79
  22   58 0.94
  20   45 0.90
  13   62 0.51
  17   61 0.54
   4   67 0.18
  21   86 0.75
  20   43 0.63
  21   76 0.46
  13   19 0.67
  21   90 0.05
  10   77 0.06
   9   67 0.10
   8   21 0.57

  26   93 0.70
  16   32 0.94
  10   23 0.90
   3   37 0.87
   9   87 0.18
   5   19 0.84
  26   86 0.12
  11   45 0.78
  15   94 0.13
   5   72 0.29
  14   47 0.89
   9   47 0.40
  24  104 0.60
  15   68 0.08
   1    7 0.82
   3   12 0.73
  13   42 0.07
   6   86 0.07
  21   65 0.28
  19   93 0.54

   2   12 0.61
  15   92 0.23
  24   80 0.69
  26   29 0.03
   3   75 0.09
   9   72 0.25
   3   55 0.00
  18   54 0.39
   1   53 0.68
   4   73 0.01
  17   54 0.02
  16   64 0.05
  26  104 0.72
  13   36 0.28
  23   67 0.10
   4   25 0.34
  13   82 0.96
  24   67 0.77
  14   47 0.79
   4   20 0.68

  16   92 0.76
  15   72 0.56
  19   67 0.61
   1   15 0.41
  16   42 0.98
   1   45 0.48
  10   25 0.87
  17   29 0.01
  16   81 0.65
   3   53 0.93
  12   59 0.14
   6   44 0.97
  19   93 0.05
  11   13 0.68
  20   21 0.03
   8   20 0.93
  20   27 0.72
  23   65 0.46
  16   92 0.33
   4   49 0.27

  25   42 0.32
  15   27 0.11
  20   40 0.53
  24   43 0.81
  18   20 0.13
  12   36 0.12
  14   48 0.12
   8   87 0.15
   5   57 0.96
   8   23 0.15
  11   27 0.96
  25   26 0.01
  12   12 0.00
  15   79 0.50
   0    2 0.73
   6   17 0.80
   3   71 0.56
  21   40 0.38
  14   53 0.38
  14   43 0.78

   1   29 0.62
   7   32 0.73
  16   26 0.77
   2   81 0.99
  16   22 0.23
   2   82 0.98
  12   49 0.87
  20   72 0.02
  14   29 0.19
  13   85 0.15
  10   13 0.58
  14   32 0.21
  16   69 0.82
   5   15 0.19
  15   87 0.19
  12   12 0.45
  11   19 0.27
  12   53 0.46
  10   59 0.56
  16   31 0.04

  24   65 0.41
   5   30 0.62
  15   72 0.17
   6   12 0.91
  22   54 0.08
  14   42 0.92
   6   66 0.05
  14   90 0.87
   7   53 0.01
  18   65 0.30
  22  103 0.04
  22   46 0.51
  21   31 0.52
  15   23 0.18
   9   34 0.99
  15   51 0.29
   3   35 0.29
  22   55 0.92
  21  102 0.08
   1   82 0.53

  26   68 0.10
  16   87 0.04
  14   40 0.63
  15   32 0.96
  15   42 0.32
  20   73 0.74
  14   95 0.15
  24   38 0.65
   2   18 0.88
   9   16 0.73
   0   59 0.45
  14   91 0.28
  14   78 0.75
  25  102 0.13
   8   32 0.63
   8   21 0.64
   9   85 0.28
  12   75 0.45
  17   29 0.89
   4   80 0.87

