4 60 8
3    2  16   4

  13   17 0.55
  14   23 0.74
   1    3 0.34
   6    7 0.95
   2   24 0.45
  14   28 0.66
   9   31 0.82
   7    8 0.27
   7   21 0.38
   4   22 0.16
  14   20 0.64
   9   22 0.81
   7   35 0.21
   3   28 0.44
  16   27 0.96
   6    7 0.75
   6   20 0.99
  11   12 0.46
  14   35 0.94
   8   14 0.82
  16   36 0.70
  11   38 0.62
  10   13 0.62
  15   24 0.67
  19   39 0.57
  12   12 0.10
  12   12 0.84
   1    1 0.34
   2   30 0.93
   7    7 0.18
   1    1 0.84
  19   24 0.39
  19   34 0.06
  18   38 0.99
  18   21 0.37
   1    3 0.42
  14   23 0.97
  11   12 0.11
  11   13 0.55
  15   35 0.13
   2   14 0.64
  14   42 0.88
   5   30 0.51
   0   16 0.36
   8   12 0.99
  12   33 0.30
  18   19 0.23
   4   29 0.85
   2    7 0.02
  12   23 0.86
   4   22 0.92
  14   37 0.00
   6   10 0.11
   6    9 0.49
  11   35 0.19
  12   19 0.60
   3   27 0.74
  18   24 0.32
   4   32 0.97
   2    3 0.62

   0    1 0.63
  10   35 0.37
  14   43 0.49
   4    5 0.99
  11   34 0.11
  18   19 0.63
  11   28 0.70
   3    9 0.17
  12   20 0.46
   3   19 0.82
   3   21 0.59
  18   38 0.39
   5    9 0.43
  18   36 0.45
   2   30 0.56
  14   14 0.97
   0   21 0.29
   7   30 0.87
   4    6 0.05
   2   24 0.36
  12   22 0.08
   6    6 0.92
   1   22 0.80
  11   35 0.98
   9   23 0.91
   1    3 0.89
  19   22 0.86
   4   27 0.12
   0   23 0.81
  18   19 0.59
   8   37 0.90
  17   42 0.33
   9   25 0.74
  10   39 0.52
   0   22 0.34
   2    6 0.51
   5   33 0.68
  19   36 0.13
   7   20 0.87
  17   30 0.24
   6   11 0.58
  18   18 0.30
  13   23 0.40
   8   17 0.79
  13   26 0.52
   4   32 0.95
   1   18 0.80
   9   23 0.43
   4   16 0.43
  11   17 0.33
   7   22 0.99
   6   20 0.44
   4    9 0.90
   0   25 0.13
  18   20 0.27
   5    9 0.64
  17   42 0.25
   3   25 0.43
  14   38 0.35
  18   18 0.87

   0   23 0.82
   5   19 0.50
  11   32 0.37
   6   28 0.58
   0    6 0.25
   4   10 0.02
  10   25 0.04
   9   24 0.57
  17   36 0.53
   0    1 0.30
   2   18 0.02
  12   30 0.39
  13   37 0.32
   5   31 0.23
  18   29 0.27
   9    9 0.95
   0   26 0.54
   1   10 0.81
  17   43 0.30
   1   25 0.92
   6   19 0.81
   4    6 0.01
   6   27 0.42
  10   33 0.81
  19   45 0.35
  18   42 0.92
  14   19 0.28
   2   29 0.98
  18   40 0.29
   0    5 0.86
   3   25 0.86
   7   15 0.13
   9   28 0.63
   5   26 0.29
   7   20 0.36
   5   33 0.25
  11   35 0.93
   7   28 0.15
   4    5 0.28
   8   10 0.99
  11   36 0.33
  17   30 0.89
   1    5 0.60
  13   17 0.83
  14   40 0.36
   7   26 0.78
   5    5 0.27
  12   25 0.74
   8   13 0.01
  16   27 0.76
  11   11 0.33
  16   45 0.99
   4    4 0.52
  11   27 0.10
   6   28 0.11
  11   38 0.79
  15   24 0.20
   4    6 0.41
  18   19 0.09
   2   10 0.04

