4 100 8
3    4  10  10

  16   26 0.99
   8   12 0.44
   4   15 0.01
   9   25 0.38
   5    8 0.93
   9   20 0.64
   6   15 0.62
   0   11 0.22
  16   29 0.88
   0    0 0.60
   7   18 0.55
   6   15 0.06
  13   14 0.21
   3   17 0.64
   0   12 0.13
   0    1 0.89
  11   13 0.29
   7   21 0.62
  14   15 0.46
   4    8 0.67
  17   21 0.37
  12   24 0.03
  12   29 0.60
   4    4 0.60
  16   24 0.69
   4   15 0.30
   8   12 0.00
  12   12 0.76
   7   21 0.65
  12   13 0.85
   4   20 0.92
   5   12 0.57
   8   10 0.74
  14   15 0.69
  16   30 0.13
  11   12 0.69
   3   13 0.57
   0    7 0.33
  16   31 0.83
   5   17 0.86
   2    3 0.06
  15   21 0.57
   0   11 0.70
   3   11 0.32
   5   18 0.46
  10   17 0.83
   8   12 0.21
  13   25 0.23
   3    7 0.69
  12   27 0.53
   8   15 0.52
   0   13 0.44
  15   23 0.79
   7   13 0.20
   8   22 0.27
  10   24 0.48
   2   12 0.08
   1    9 0.69
   5   22 0.44
   4   18 0.47
  12   17 0.19
   5   18 0.39
  17   34 0.90
   1    3 0.77
   5    6 0.07
   8    8 0.64
  15   28 0.04
  13   13 0.79
   7    7 0.43
  11   15 0.00
   9   19 0.66
   9   22 0.45
   1    3 0.88
  17   26 0.18
  15   19 0.23
  13   26 0.30
  11   23 0.07
  17   21 0.05
  12   28 0.10
   7   10 0.52
  13   24 0.64
   0   15 0.38
   7   17 0.62
  13   29 0.09
   6    7 0.54
  14   20 0.27
   5   19 0.97
  15   31 0.86
   5   15 0.32
   9   18 0.00
  12   12 0.67
  15   17 0.82
   7   24 0.81
  15   23 0.08
  16   28 0.45
  14   28 0.25
  16   30 0.46
   9   15 0.10
  11   27 0.91
  11   19 0.36

   1   16 0.70
   6   21 0.68
  12   29 0.33
  16   20 0.12
  16   25 0.07
  15   26 0.73
   5    7 0.38
  15   25 0.77
  17   25 0.20
  11   13 0.78
   9   14 0.80
   9   25 0.52
   8   14 0.90
  16   17 0.11
  17   24 0.48
   5   17 0.15
   1   12 0.55
   0   10 0.19
   1    8 0.18
   3   11 0.49
  14   24 0.28
  10   26 0.16
   5   19 0.96
   5   19 0.90
   3   19 0.90
   2    8 0.08
  11   27 0.32
   8   21 0.84
   8   19 0.68
   4   16 0.11
  12   23 0.34
   3   10 0.78
  15   20 0.03
   0    8 0.27
  15   20 0.27
   0   13 0.24
  17   25 0.02
   4   10 0.80
   6   20 0.47
   7   21 0.80
  15   29 0.47
  16   32 0.96
   3   14 0.84
   5   17 0.88
  10   15 0.58
   3    5 0.54
   4    4 0.55
  16   18 0.52
   9   22 0.21
  16   30 0.06
  12   24 0.30
   6   23 0.65
  16   31 0.89
   9   13 0.41
  15   30 0.67
   6   20 0.82
   3   12 0.39
   4   17 0.41
   6   16 0.53
  14   21 0.63
   6   17 0.49
  12   14 0.99
  10   14 0.65
   9   24 0.15
   3   12 0.57
   3    7 0.35
  12   25 0.79
   5   20 0.06
   3   11 0.46
  11   14 0.24
   0    9 0.54
  17   31 0.55
  10   20 0.07
   9   22 0.94
   1    1 0.00
   0    0 0.39
  11   18 0.77
  16   27 0.16
   1    7 0.69
   2    9 0.83
   4   19 0.09
  13   20 0.70
   4   17 0.97
  13   16 0.87
  16   29 0.66
  16   26 0.90
   3   13 0.21
   4    7 0.43
  16   16 0.31
  16   33 0.45
  14   17 0.63
  13   16 0.52
  12   28 0.64
   2   14 0.70
  13   14 0.93
   3    9 0.27
  11   28 0.61
   0   12 0.01
   4    6 0.87
  11   26 0.34

  15   19 0.43
  14   25 0.21
  16   28 0.39
   6    6 0.87
  17   29 0.26
   2   19 0.51
   1   16 0.29
   0    9 0.41
  17   24 0.55
   7   15 0.73
   9   18 0.52
  10   15 0.69
  13   27 0.23
  15   23 0.08
  10   17 0.72
   6   12 0.82
   6   20 0.48
  14   26 0.77
  13   24 0.08
   7   18 0.23
  16   29 0.55
  13   29 0.78
   7   19 0.42
   3   10 0.29
  15   31 0.21
   3   13 0.11
   6    9 0.28
  12   29 0.28
  10   13 0.63
  12   12 0.77
   7   12 0.30
  13   23 0.34
   7   21 0.96
   4    7 0.11
  14   26 0.90
   3    3 0.27
  12   27 0.20
   6   16 0.28
  13   15 0.00
   1   13 0.83
   4   11 0.99
   3   16 0.61
  15   21 0.70
   8    8 0.44
  17   21 0.50
  17   28 0.28
   1   16 0.65
   6   19 0.74
  10   12 0.54
   8   11 0.04
   9   24 0.85
  15   29 0.45
   1    2 0.14
  11   26 0.34
  17   17 0.30
   8   25 0.62
  13   30 0.26
  12   28 0.75
   1   15 0.28
  13   22 0.36
  17   29 0.90
   0    1 0.27
  15   23 0.48
  13   26 0.24
  16   28 0.73
  11   12 0.34
   6    6 0.31
  14   29 0.67
  10   15 0.15
  15   23 0.97
  10   16 0.27
  14   20 0.40
   4   21 0.13
  13   21 0.44
  13   15 0.65
  13   22 0.14
  12   20 0.59
   9   10 0.49
   5    7 0.14
   3   19 0.04
  11   22 0.01
  17   31 0.08
   9   19 0.48
   7   24 0.98
   0    2 0.61
  17   34 0.89
   1    5 0.55
  13   28 0.97
  12   26 0.84
  15   23 0.74
   4   21 0.19
   4    8 0.74
  11   11 0.18
   1    8 0.26
   9    9 0.05
  11   18 0.39
  13   26 0.44
  12   25 0.17
   9   10 0.67
   2    9 0.32

