5 30 8
6   16   4  16  10  10  20

   4    7 0.87
  13   27 0.40
   0    3 0.79
  11   15 0.54
   7   12 0.37
  12   38 0.97
  12   33 0.80
  11   37 0.69
   7   12 0.25
  12   35 0.84
   5   14 0.98
  13   18 0.26
  11   38 0.69
   1   10 0.17
  10   25 0.83
  11   28 0.48
   2   24 0.68
   7   10 0.69
   2   14 0.26
   7    9 0.44
   9   36 0.41
   4   30 0.68
   1   22 0.18
  13   34 0.29
   2    3 0.71
   1    9 0.31
  12   35 0.18
   3    9 0.93
  10   21 0.03
   9   23 0.23

   5   19 0.64
   1    9 0.89
   2   21 0.37
   0   27 0.40
   7   24 0.26
   2   29 0.72
  13   28 0.52
  11   37 0.99
   6    6 0.78
   8    8 0.01
  10   16 0.81
  10   32 0.39
   6    9 0.21
   5   23 0.53
   7   31 0.53
   0    3 0.68
   6   13 0.62
  10   19 0.91
   4   30 0.34
   6   30 0.96
   6    9 0.60
  11   32 0.99
   6   23 0.19
   5   17 0.18
  13   14 0.58
   8   24 0.00
   6    7 0.94
   3   13 0.73
   2   23 0.98
   7   29 0.77

   0   10 0.18
   1    2 0.26
  11   25 0.57
   0   20 0.65
   6   11 0.61
   2   12 0.33
  13   32 0.84
  11   38 0.02
   9   32 0.44
   7   31 0.04
   0   15 0.90
  10   17 0.44
   9   27 0.09
   8   33 0.32
   7    7 0.33
   4   20 0.79
  10   13 0.53
  10   23 0.68
   6   31 0.02
   5   13 0.87
   7   32 0.49
   7   27 0.24
   9   15 0.73
   2   12 0.62
   8   20 0.86
  11   31 0.75
   4    9 0.65
   3   12 0.77
   4   25 0.94
   4    9 0.04

   7   25 0.44
   8   11 0.67
  11   15 0.41
   4   28 0.50
  13   32 0.06
  13   21 0.78
  11   13 0.03
  13   34 0.09
  12   36 0.46
  12   18 0.48
  13   29 0.04
   6    9 0.80
   1   22 0.45
   2    2 0.22
   7   15 0.86
   6   11 0.52
   3   26 0.51
   9   32 0.03
   3   18 0.60
   1    8 0.02
   2    9 0.59
   9   32 0.75
  13   31 0.64
   8   35 0.12
   4    5 0.14
  13   30 0.08
   1    2 0.50
   4   21 0.84
   0   23 0.98
  10   29 0.65

   6   15 0.65
   2   26 0.66
  12   29 0.48
   1   26 0.50
   7   25 0.94
   4   14 0.43
   1   18 0.47
  11   26 0.00
  11   32 0.83
   9   27 0.98
   9   11 0.16
   2    6 0.89
  11   14 0.50
  11   23 0.51
   0   18 0.03
   7   32 0.83
   6   11 0.26
   8   13 0.58
   9   20 0.06
   1   26 0.04
  13   31 0.94
  10   31 0.77
   7   13 0.19
  11   11 0.60
   6   16 0.32
   5   30 0.92
  12   24 0.83
  12   18 0.23
  11   35 0.03
   9   33 0.76

   2    7 0.18
   8   30 0.93
   9   36 0.44
  13   17 0.70
   5   22 0.13
   7   10 0.31
   5   29 0.58
  11   24 0.38
   4   16 0.22
   1   15 0.63
   2    9 0.61
   2   12 0.68
   8   24 0.49
  12   15 0.51
   8   35 0.21
   7   31 0.26
   3   13 0.55
   4   12 0.38
   8   32 0.86
   4   27 0.78
   6   20 0.11
   9   29 0.07
   0    4 0.62
   8   26 0.17
  10   17 0.05
   3   17 0.38
   3   19 0.82
  12   29 0.65
   4   27 0.91
   2   24 0.05

