5 60 4
3    4  16   4

   7   24 0.27
   2    3 0.02
  31   43 0.20
  33   41 0.53
  35   41 0.93
  14   23 0.22
   5    8 0.64
  49   57 0.20
  37   43 0.51
  40   43 0.80
  20   22 0.94
   6    7 0.09
  20   30 0.92
  40   52 0.66
  21   36 0.16
  32   43 0.32
  38   54 0.58
  10   13 0.13
  36   45 0.01
  15   18 0.50
  43   49 0.12
  33   40 0.52
  52   61 0.78
  45   46 0.69
  50   65 0.61
  50   51 0.13
  39   41 0.92
  39   40 0.05
  33   41 0.86
  33   41 0.81
  50   59 0.37
  51   68 0.86
  45   45 0.01
  48   53 0.75
  48   61 0.63
   0   17 0.01
   0   16 0.59
  49   66 0.68
  24   30 0.93
  26   28 0.49
  14   15 0.12
  52   68 0.30
  36   46 0.19
  22   38 0.34
  32   44 0.60
  13   24 0.55
  10   18 0.72
  45   52 0.19
  13   21 0.57
  45   55 0.35
   2    9 0.75
  11   11 0.26
  21   34 0.02
  20   31 0.21
  46   54 0.02
  41   48 0.70
  32   32 0.94
  34   37 0.95
  22   29 0.03
  13   17 0.21

   8   13 0.06
   3    7 0.24
  50   58 0.82
  19   29 0.12
  14   22 0.27
  46   60 0.33
  18   21 0.63
  42   56 0.38
  17   34 0.23
  13   18 0.02
  53   55 0.25
  19   26 0.81
  15   31 0.02
  29   35 0.10
   6   16 0.79
  20   35 0.18
  50   50 0.61
   1   16 0.06
  11   16 0.74
  43   48 0.36
  30   41 0.51
  48   52 0.56
  32   47 0.50
  20   35 0.02
  50   51 0.54
   3   11 0.95
  30   33 0.44
   3    3 0.08
  29   38 0.07
   5   17 0.04
   5    5 0.97
  20   23 0.43
   1    5 0.49
  11   11 0.57
  47   60 0.66
  17   34 0.77
  18   22 0.79
  28   28 0.57
  28   30 0.24
  52   67 0.12
  21   27 0.42
   3   14 0.33
   9   21 0.76
  30   44 0.22
  35   46 0.25
  33   34 0.78
  51   67 0.25
  17   30 0.53
   3    8 0.81
  38   50 0.60
  23   35 0.65
   0    5 0.54
  10   27 0.44
  29   38 0.13
   4   10 0.10
  37   51 0.56
  34   46 0.61
  37   50 0.53
  27   28 0.79
  32   35 0.22

  30   39 0.18
  15   27 0.04
  49   58 0.58
  52   61 0.77
  11   17 0.25
  17   19 0.41
  32   42 0.35
  32   46 0.07
  19   20 0.27
  26   28 0.42
  46   47 0.77
  36   50 0.95
  11   17 0.10
  33   34 0.44
  33   33 0.83
  22   23 0.54
  31   48 0.05
  49   54 0.05
  22   37 0.46
  33   40 0.22
  13   17 0.46
  38   40 0.27
   3   18 0.70
  41   52 0.54
   8   10 0.32
  52   65 0.64
   1    5 0.03
   1   13 0.58
  40   51 0.89
  24   38 0.43
  51   51 0.32
  15   17 0.35
   3   18 0.30
  25   39 0.80
  53   60 0.73
  27   31 0.53
   9   24 0.44
  17   24 0.71
  24   39 0.57
  29   45 0.39
  24   32 0.90
  14   15 0.77
  33   37 0.18
  11   22 0.22
  33   39 0.65
   1   17 0.83
  11   28 0.26
   5    9 0.71
   7   20 0.62
  15   24 0.88
  39   41 0.26
  32   34 0.75
  20   28 0.23
  31   41 0.26
  38   44 0.28
  50   66 0.28
  51   54 0.31
  25   30 0.88
  42   59 0.75
  53   54 0.08

