3 50 8
6   16  10   2   2  20  10

  32   61 0.27
  29   43 0.74
  55  100 0.07
  69  124 0.10
  60   69 0.99
  28   69 0.98
   0   57 0.06
  12   45 0.77
  49   99 0.29
  43   67 0.49
  12   17 0.54
  26   72 0.77
  34   52 0.57
  37   85 0.63
  63  118 0.40
  52   80 0.64
  87  135 0.62
   9   17 0.65
   9   20 0.14
  80   92 0.74
  71  109 0.49
  29   78 0.05
   7   38 0.55
  39   95 0.75
  92  153 0.45
  45   77 0.94
  31   87 0.16
   9    9 0.77
  88  138 0.08
  55   65 0.47
  63  101 0.09
  75   99 0.11
   1   31 0.90
  85  146 0.08
  14   18 0.39
  47   92 0.17
  53   83 0.04
  62   94 0.50
  92  152 0.93
  38   94 0.69
  70  101 0.83
  24   27 0.97
  52   67 0.17
  24   39 0.26
  46   52 0.85
  24   76 0.19
  75   95 0.19
  44   70 0.51
  58  110 0.87
  17   50 0.11

  62   81 0.38
  77  107 0.98
  70  121 0.88
  70  100 0.38
   1   42 0.15
  21   82 0.42
  56  104 0.49
  11   14 0.13
  57  114 0.23
  71  116 0.02
  84  113 0.37
   4   52 0.67
  32   69 0.93
  61  116 0.16
  54   92 0.71
  83  138 0.04
   5    8 0.71
  75   97 0.65
  14   19 0.47
   2   32 0.38
  27   63 0.64
  31   87 0.37
  92  102 0.66
  12   67 0.68
  53   95 0.94
  34   49 0.69
   6    7 0.77
  45   48 0.85
  85  143 0.09
  52   86 0.24
  85  117 0.19
  56   73 0.59
  39   71 0.36
  45   94 0.07
  15   49 0.57
  60  105 0.15
  10   28 0.82
  24   83 0.13
  47   80 0.41
  34   57 0.70
  78   89 0.81
  24   43 0.94
   3   14 0.75
  52   78 0.73
  87  128 0.74
  28   76 0.70
  65   79 0.24
  88  101 0.46
  52   55 0.44
  28   36 0.49

  87  106 0.88
  66   98 0.39
  25   85 0.34
  70   80 0.29
  55   90 0.10
  48  106 0.71
   5   20 0.66
  26   73 0.00
  43   83 0.37
  40   50 0.82
  13   34 0.64
  89  135 0.46
  43   91 0.42
   9   25 0.84
  19   47 0.26
  34   70 0.61
  10   16 0.16
  58   85 0.81
  54   99 0.29
  17   72 0.04
  46   97 0.31
  21   71 0.83
  35   96 0.01
  26   28 0.57
   8   55 0.76
  59   66 0.06
  29   77 0.85
  75   82 0.27
  33   90 0.92
  23   27 0.00
  70  129 0.97
  70   73 0.27
  28   83 0.23
  63   64 0.96
  62   70 0.04
   8   16 0.01
  21   58 0.67
  63   81 0.36
  12   56 0.08
   4   24 0.69
  49   50 0.78
  43  101 0.00
  38   93 0.24
  31   47 0.91
  51   66 0.28
  59  101 0.82
   6   19 0.33
  11   31 0.48
  49   59 0.01
  34   65 0.47

  67  103 0.16
  79  118 0.47
  71   94 0.18
  22   74 0.60
  42   55 0.23
  86  133 0.59
  62  122 0.09
  47   97 0.73
  36   48 0.41
  46   99 0.13
  72  126 0.42
  75   86 0.28
  89   98 0.35
   1   13 0.17
   6    6 0.24
  28   54 0.57
  59  109 0.21
  30   68 0.56
  17   35 0.85
  37   90 0.77
  14   70 0.29
  15   21 0.57
  85  122 0.86
  28   63 0.02
  91  136 0.14
  31   72 0.77
   7   18 0.73
  60  113 0.38
  58   87 0.76
  44   54 0.52
  14   35 0.88
  81  101 0.30
  47   62 0.10
   9   67 0.17
  37   41 0.89
   8   52 0.24
  78   88 0.92
  70   95 0.59
  48  103 0.47
  32   59 0.54
  45   73 0.07
  58  101 0.69
  20   48 0.36
  18   79 0.01
  39   71 0.30
  32   42 0.68
  49   88 0.39
  20   22 0.71
  64   96 0.14
  71   88 0.12

  66   89 0.97
  90  131 0.98
   2   16 0.04
  20   68 0.40
  70  112 0.54
  92  133 0.81
  49   64 0.38
  76   98 0.65
  23   54 0.66
   8   31 0.19
   2   56 0.12
  84   99 0.84
  78   83 0.25
  75   87 0.44
  62  116 0.04
  29   49 0.35
  77  132 0.62
  32   52 0.87
  83   95 0.48
  38   98 0.15
  73  108 0.36
  70   90 0.98
  87  105 0.58
  66   77 0.15
  80  117 0.53
   9   50 0.52
  20   21 0.17
  74  116 0.88
  43   88 0.52
  73   81 0.25
  70   74 0.31
  58   60 0.23
  37   77 0.97
  79   79 0.85
  15   45 0.06
  23   64 0.54
  60   87 0.19
  86  138 0.75
  39   76 0.83
  26   59 0.99
  24   73 0.49
  41  101 0.49
  92   98 0.24
  32   51 0.49
  87  104 0.36
  82  137 0.84
  89  142 0.97
  17   59 0.65
  39   70 0.40
  35   85 0.81

  76  119 0.30
  26   61 0.09
  16   40 0.34
  87  137 0.56
  45   63 0.27
  48   94 0.15
  82  141 0.69
  40   43 0.28
   0    5 0.32
  78   81 0.80
  73  110 0.60
  36   97 0.11
   9   69 0.31
  63   74 0.30
  71   77 0.67
  65   87 0.80
  85   91 0.43
   0   39 0.31
  92   93 0.19
  49   57 0.51
  40   52 0.50
  44   93 0.98
  24   36 0.60
   3   40 0.68
  40   63 0.65
  43   85 0.83
  54   64 0.54
  74  112 0.03
  21   48 0.46
  89  100 0.51
  82   95 0.19
  40  100 0.90
  37   71 0.11
  48   67 0.22
  73  112 0.31
  14   55 0.16
  55  101 0.22
  70   74 0.76
  39   88 0.12
  84   99 0.97
  91  100 0.09
   0   37 0.78
  15   73 0.29
  67  116 0.54
   9   44 0.91
   0   21 0.80
  30   80 0.81
  62  116 0.78
  80  107 0.50
  67  106 0.62

