4 40 4
6   10   2   2  10  16  16

   4   48 0.02
  19   42 0.37
  79   93 0.01
  78   92 0.41
  44  105 0.93
   8   53 0.46
  49   87 0.59
  98  130 0.84
   2   47 0.93
  28   94 0.93
 103  172 0.60
  17   75 0.58
  10   25 0.81
  15   56 0.21
  99  111 0.10
  50   62 0.76
  22   36 0.97
  92  138 0.01
  54   75 0.79
  39   65 0.33
  92  117 0.63
   3    3 0.40
  95  140 0.02
  59   97 0.38
  44   98 0.84
  54   96 0.07
  94  146 0.15
  88  140 0.92
  54   84 0.40
  35   75 0.11
   9   47 0.87
  88  134 0.18
  58  125 0.77
  62  115 0.84
  40   56 0.75
  57   98 0.42
  94  120 0.61
  58   72 0.01
  64  105 0.82
  15   17 0.42

  39   74 0.01
  73  102 0.05
  75  100 0.88
  55   76 0.56
  19   53 0.44
   5   28 0.02
  36   53 0.37
  43   64 0.65
  45   48 0.49
 101  134 0.08
   5   39 0.95
  48   58 0.17
   0   65 0.01
  12   12 0.08
  53   63 0.47
 104  160 0.33
  97  160 0.61
   2   67 0.50
  71  123 0.02
 104  127 0.32
  61  130 0.43
  29   85 0.44
  77  127 0.51
  30   69 0.20
  40   83 0.05
  53  100 0.36
  34   86 0.59
  63   71 0.31
  93  107 0.02
  38   93 0.65
 102  119 0.00
  27   77 0.16
  49   69 0.88
  50  106 0.65
  59  112 0.22
  78   81 0.05
 100  120 0.34
  37   59 0.73
  22   36 0.80
  79  107 0.29

   5   66 0.27
  44  110 0.16
  14   45 0.06
  86  147 0.31
  87  154 0.59
  91  152 0.17
  86   88 0.71
  42  110 0.56
  92  115 0.49
  76  144 0.53
  75  127 0.77
  21   86 0.40
  65   65 0.49
  27   51 0.60
  84   86 0.35
 104  159 0.08
   5   72 0.91
  78  110 0.71
  82   85 0.30
  41   97 0.95
   9   40 0.44
  14   37 0.41
  25   52 0.24
  82  108 0.55
  77  135 0.91
  35   93 0.56
  40  106 0.45
  76  140 0.49
  51  100 0.15
  40   55 0.99
  21   75 0.63
  47   76 0.60
  97  108 0.75
   3   27 0.91
  53   62 0.84
  91  128 0.86
  56   59 0.46
  79  147 0.31
   4   23 0.89
  28   93 0.51

   8   13 0.45
  21   49 0.71
  34   48 0.37
  44   69 0.03
  15   63 0.26
  70  103 0.35
  15   24 0.83
  69  126 0.95
  62  102 0.23
  77  132 0.11
  85   85 0.53
  18   63 0.07
   4   61 0.78
  11   51 0.22
  23   91 0.05
  10   56 0.37
  68  101 0.30
  69   97 0.08
 104  121 0.97
  25   33 0.56
  29   85 0.18
  38   94 0.36
  43  109 0.22
  25   88 0.52
  72  122 0.88
 104  159 0.43
  46   67 0.21
  81   87 0.18
   7   16 0.74
  77  131 0.09
  26   48 0.56
  55   84 0.39
  42  100 0.92
  97  131 0.73
  58   71 0.71
  18   30 0.33
  18   50 0.01
  45   81 0.36
  54  103 0.51
  97  146 0.23

   5   69 0.36
  81  111 0.21
  17   34 0.14
  24   85 0.29
   3   50 0.65
  16   69 0.00
  17   39 0.05
  22   43 0.16
  19   33 0.40
  67  111 0.27
  87  122 0.46
  89  155 0.47
  90   91 0.71
  17   67 0.68
   6   51 0.61
  58  124 0.71
  58   90 0.43
  66  113 0.29
  15   31 0.01
  56   61 0.47
  98  150 0.50
  83  146 0.73
  20   44 0.02
  33   61 0.72
  27   91 0.83
  77  143 0.72
  28   69 0.21
  94  111 0.58
  44   48 0.39
  42  106 0.32
  34   73 0.31
  19   28 0.46
   0   67 0.78
  96  122 0.81
  50   99 0.95
  16   81 0.40
 101  168 0.96
   6    6 0.27
  12   26 0.55
  85  119 0.80

  36   93 0.38
  37   87 0.34
  12   29 0.80
  80  124 0.93
  57   80 0.40
  42   50 0.75
  92  158 0.96
  76   90 0.16
  54  103 0.32
  75  105 0.49
  55  116 0.32
  79  137 0.14
  66   93 0.14
  48   58 0.37
  31   39 0.98
  24   76 0.04
  87  123 0.94
  76  117 0.58
   8   53 0.25
  73  100 0.95
  63  120 0.68
   7   10 0.15
  87  129 0.91
  41   75 0.48
  97  118 0.86
  86  132 0.47
  94  109 0.67
  62   75 0.08
  69   89 0.96
  33   77 0.46
  16   51 0.31
  56   62 0.51
  73  105 0.91
  39   44 0.89
  80  132 0.47
 100  147 0.87
   8   48 0.50
  75  139 0.97
  42   56 0.83
  56   78 0.28

