5 20 8
12   10  20  10   4   2  16  10  10   2   2  10  10

   2   36 0.77
  32   39 0.92
  12   39 0.55
  22   40 0.22
  38   73 0.17
  22   51 0.25
   3   40 0.80
  16   43 0.07
  27   33 0.39
   3   31 0.32
   1   24 0.68
  20   35 0.99
  14   15 0.00
  15   21 0.66
  26   31 0.49
   9   10 0.32
  38   70 0.55
  36   54 0.19
  15   50 0.93
  26   36 0.30

  19   53 0.48
   1    3 0.38
   8   10 0.83
  25   55 0.18
  18   34 0.34
  23   42 0.57
  21   46 0.95
  33   48 0.48
  20   45 0.83
  15   37 0.70
   7    9 0.47
  33   66 0.15
   7   31 0.54
  30   31 0.21
  22   38 0.68
  35   70 0.07
   5   36 0.76
  30   47 0.80
  14   46 0.25
  34   39 0.50

  28   53 0.95
  27   55 0.91
  28   28 0.76
  36   53 0.14
  37   71 0.57
  34   57 0.26
  29   36 0.79
   5    7 0.19
   7   11 0.86
  36   45 0.88
  12   16 0.87
  27   28 0.44
  35   40 0.71
  16   33 0.17
  31   49 0.66
  16   30 0.90
  17   42 0.43
   3   36 0.94
  27   31 0.63
  23   53 0.60

  14   52 0.55
   9   36 0.60
  14   23 0.29
  12   13 0.69
   1   18 0.38
   3   12 0.87
   4   33 0.56
  15   28 0.12
  27   35 0.05
  35   73 0.25
  34   71 0.08
  21   44 0.21
   6   27 0.60
  19   26 0.82
  29   51 0.62
  34   50 0.60
  30   64 0.85
  30   60 0.21
  36   63 0.80
  25   41 0.30

  20   30 0.05
  30   61 0.59
   1   30 0.67
  10   24 0.58
  29   29 0.24
  25   37 0.22
  11   28 0.07
   5   36 0.06
   8   37 0.37
  26   54 0.97
  23   32 0.32
  13   28 0.37
   4   39 0.15
  20   22 0.90
  32   52 0.31
  30   41 0.40
  37   75 0.70
  20   28 0.25
  36   53 0.91
   1   38 0.48

   8   39 0.57
  33   70 0.08
   5    9 0.04
  31   67 0.75
  33   36 0.74
  14   15 0.18
   1   23 0.32
   9   46 0.35
  32   55 0.26
  37   53 0.84
  27   36 0.89
  14   24 0.14
  33   51 0.95
  38   63 0.96
  14   32 0.22
  28   55 0.71
  28   50 0.12
  10   42 0.04
  31   60 0.38
  35   57 0.48

  26   57 0.53
  29   41 0.92
  12   32 0.09
   8   43 0.21
   1    7 0.03
  20   53 0.84
  21   43 0.89
  25   45 0.88
  30   62 0.09
  18   35 0.68
  35   48 0.40
  21   44 0.37
  21   22 0.86
  13   37 0.24
   3   18 0.03
  20   57 0.56
   6   13 0.33
  28   41 0.10
  25   56 0.23
  11   41 0.85

  18   27 0.56
  30   65 0.90
  34   64 0.81
  22   22 0.11
  24   53 0.93
  21   33 0.00
  19   39 0.64
   6   14 0.89
  30   43 0.06
   7   42 0.72
   5   32 0.70
  29   33 0.57
  27   27 0.74
  35   61 0.07
  33   35 0.27
  14   21 0.87
  27   38 0.67
   0    5 0.77
  19   45 0.54
   7   43 0.97

   4   30 0.03
   9   35 0.15
   9   32 0.32
  30   37 0.02
  29   31 0.87
   7   41 0.53
  18   48 0.03
   6   42 0.68
   8   31 0.18
  11   32 0.03
  36   42 0.98
   5   31 0.21
  17   20 0.21
   9   19 0.72
  22   33 0.50
   3   27 0.50
  24   26 0.22
   7   28 0.71
  34   60 0.69
  15   28 0.91

  35   68 0.51
  22   27 0.42
  22   38 0.56
  32   39 0.34
   9   12 0.44
  25   45 0.04
   6   16 0.83
  14   16 0.23
  17   26 0.88
  26   51 0.90
   8   25 0.24
   3   27 0.11
  21   59 0.16
  22   26 0.64
  27   49 0.92
   3   26 0.11
  36   46 0.17
  36   66 0.89
   0    6 0.17
  19   22 0.03

  28   43 0.28
  19   28 0.40
  30   60 0.87
  19   49 0.35
   6   39 0.07
   9   24 0.37
  17   20 0.62
  32   68 0.85
  15   51 0.58
  14   51 0.36
   2   32 0.08
  21   53 0.65
  23   56 0.57
   2    8 0.85
  10   41 0.32
  15   48 0.97
   4   33 0.56
  21   37 0.08
  17   26 0.30
  31   65 0.52

  13   31 0.49
   8   43 0.22
  19   54 0.37
  24   54 0.26
  14   27 0.05
   5   37 0.44
   1    2 0.33
   0   23 0.04
  28   57 0.46
   5   38 0.74
  34   36 0.65
  16   35 0.13
  26   35 0.51
  27   33 0.98
  20   31 0.40
   7   37 0.55
  35   73 0.97
   7   17 0.82
  21   55 0.30
   5   17 0.94

