5 30 8
6    2  10   4  10  20  20

   4    5 0.75
   5   14 0.85
   0    9 0.50
   8   13 0.99
   2    2 0.15
   7   18 0.37
   3   11 0.24
   1   12 0.63
   0    5 0.75
   9    9 0.69
   9   10 0.02
   8   14 0.01
   0    4 0.51
   2   10 0.64
   6    7 0.22
   8   19 0.53
   9   16 0.56
  11   14 0.49
   0    0 0.13
  11   15 0.35
  10   16 0.05
   0   10 0.41
  10   20 0.21
   5   13 0.27
   3    6 0.89
   2    6 0.32
   8   11 0.69
   7    9 0.44
   1    9 0.33
   0    1 0.41

   8    9 0.09
   6    6 0.99
   0    3 0.12
   0    5 0.78
   1    9 0.80
   4   12 0.70
  10   12 0.75
   2   13 0.87
   2    3 0.21
  10   13 0.25
  10   21 0.11
   9   18 0.06
   9   15 0.14
   7    8 0.63
   9   15 0.44
   2    9 0.65
   9   18 0.56
   4    4 0.68
   8   17 0.55
   2    4 0.90
   1    2 0.78
   4    4 0.38
  10   13 0.14
   8   11 0.69
  11   12 0.40
   6   13 0.82
  11   19 0.31
   2    8 0.24
   0    5 0.42
   2    7 0.05

   1    1 0.98
   3   11 0.51
   4   14 0.77
   5   11 0.63
   7   14 0.07
   1    6 0.00
   8   14 0.65
   4    7 0.86
   4    5 0.68
   8   19 0.66
   7   15 0.69
   6   12 0.55
   2   12 0.63
   3    3 0.42
  10   18 0.95
   8    9 0.40
   2    9 0.55
   5    9 0.86
   0    5 0.79
   0   10 0.94
   9   14 0.08
   0    1 0.68
   9   15 0.18
   6    6 0.66
   8   14 0.88
   9   16 0.25
   9   12 0.22
   7   15 0.45
   5   11 0.63
  11   14 0.54

   0    1 0.92
  11   12 0.21
  10   14 0.94
   5    6 0.21
   8   12 0.17
   5   14 0.65
   6    7 0.48
   1   11 0.21
   3    3 0.54
   8   10 0.16
   5   10 0.25
   7   12 0.13
   9   19 0.34
   1    1 0.93
  11   19 0.87
   1   10 0.17
   8   19 0.05
   3    3 0.93
   0   11 0.17
   8   10 0.90
   7   18 0.42
   6    6 0.54
  10   21 0.10
   8   17 0.73
   0   11 0.12
   3   11 0.15
   9   10 0.06
   0   10 0.46
  10   17 0.05
  11   12 0.60

  11   19 0.00
   4   15 0.69
  10   20 0.24
  10   18 0.28
  11   21 0.52
   7   18 0.96
   8   15 0.01
  10   15 0.45
   3    5 0.06
   3    9 0.15
   0    2 0.53
   5    6 0.11
  11   17 0.06
   7   18 0.97
  10   20 0.98
  11   12 0.87
   5    8 0.50
   4    8 0.49
   3    7 0.96
   8   12 0.01
   2    8 0.93
   3   13 0.72
   6    6 0.73
   5   16 0.72
   7   11 0.42
  10   19 0.35
  10   13 0.30
   0   11 0.98
   4   14 0.13
   0    8 0.63

   8   18 0.43
   5   13 0.76
   3   12 0.67
  10   10 0.24
   0    5 0.64
   7   15 0.83
   0    0 0.05
   8   18 0.23
   7    9 0.41
   0    2 0.47
   8    8 0.33
   4   11 0.40
   0    3 0.95
   1    8 0.47
   1    1 0.72
   1    5 0.78
   4    9 0.12
   4    9 0.18
   9   19 0.40
   3   13 0.00
  11   14 0.08
   7    9 0.97
   5    5 0.84
   1    8 0.57
   4    7 0.68
   0   11 0.09
   7   13 0.63
   3   12 0.35
   6   13 0.99
  10   21 0.50

