4 50 4
6   10   2   2  20  16   4

  34   64 0.64
  45   49 0.98
  49   79 0.78
 114  148 0.81
  94  120 0.37
  69  101 0.23
  84   91 0.59
  43   72 0.07
  60   84 0.58
  27   37 0.52
 125  147 0.37
   4   29 0.97
  19   53 0.26
  71   96 0.62
 110  137 0.47
  75  112 0.29
  84   98 0.38
  73   81 0.16
  28   35 0.09
  40   67 0.97
   8   31 0.60
  68   81 0.28
  84   84 0.37
  77  116 0.17
  53   72 0.12
  78  105 0.63
  34   51 0.83
  58   64 0.48
  36   50 0.24
  90   93 0.62
  92  127 0.14
  33   34 0.21
   8   41 0.87
  86  109 0.01
   4   13 0.60
  21   33 0.62
  35   40 0.86
  70   71 0.24
  79  102 0.23
  78  105 0.44
  33   41 0.02
  79  111 0.35
  90   97 0.23
  40   74 0.13
  15   18 0.89
  87  103 0.90
  27   39 0.57
  23   45 0.19
  95  114 0.91
  29   58 0.25

 105  143 0.45
 122  162 0.58
  39   76 0.07
  52   87 0.53
  40   50 0.02
  24   27 0.08
  12   39 0.67
  65   70 0.99
  90  121 0.60
  35   73 0.39
  76  111 0.72
  23   27 0.49
   6   20 0.00
  91  101 0.43
  34   71 0.09
  22   33 0.78
  91  107 0.23
  37   55 0.28
  54   87 0.18
  31   37 0.06
  95   96 0.81
 124  134 0.43
  12   34 0.52
  94   95 0.11
  71   93 0.03
  64   74 0.60
 124  160 0.64
  53   80 0.69
  16   32 0.45
  92  115 0.51
  66   80 0.53
  25   25 0.20
  60   89 0.70
  20   39 0.64
 119  124 0.22
  78  110 0.74
   8   47 0.01
  14   51 0.80
  78   79 0.67
   4   27 0.04
  85   91 0.86
  84  111 0.85
 118  119 0.33
  39   57 0.95
 125  143 0.20
  26   27 0.00
  98  132 0.52
  21   61 0.70
  85  100 0.12
  53   89 0.53

  93   94 0.37
  42   50 0.73
  84  116 0.10
  36   38 0.78
 124  130 0.01
  47   75 0.22
  58   99 0.56
 113  152 0.16
  92  128 0.65
  54   95 0.32
  48   82 0.68
  96  115 0.95
  98  118 0.30
  93  131 0.94
  85  107 0.69
  63   81 0.41
  58   80 0.67
 100  110 0.26
 117  136 0.32
  91  105 0.36
  98  112 0.09
   3   14 0.93
  47   51 0.27
  77   91 0.04
  11   19 0.99
 115  150 0.76
  93  109 0.63
 124  158 0.43
  47   76 0.07
 117  150 0.56
  95  111 0.51
  78   94 0.15
  58   91 0.71
  79  108 0.86
  80  120 0.65
  47   61 0.22
  52   67 0.11
  58   95 0.23
 110  111 0.03
 110  129 0.35
  10   44 0.98
  72   79 0.62
  65   71 0.77
   3   13 0.49
 125  154 0.36
  49   58 0.10
  87   90 0.74
  72   90 0.59
 113  140 0.36
 116  135 0.58

  65   74 0.60
  58   64 0.50
 102  137 0.62
  72   78 0.82
  77   79 0.00
   5   21 0.22
  59   88 0.54
  99  128 0.21
 122  144 0.48
  21   54 0.22
  32   41 0.41
  14   16 0.16
  55   70 0.15
  16   43 0.07
  61   78 0.08
  12   29 0.20
  79   85 0.56
  32   51 0.75
  80   89 0.92
  16   32 0.95
   5   21 0.55
   2   26 0.19
  26   64 0.25
  90  105 0.63
  66   67 0.57
  36   63 0.09
  33   37 0.58
  91  108 0.00
  38   42 0.00
  50   82 0.67
 118  144 0.40
 120  138 0.76
   8   47 0.16
   3    9 0.80
 108  147 0.04
  83  121 0.92
 102  107 0.68
   4   27 0.44
  14   26 0.06
   1   19 0.41
  18   37 0.93
  28   45 0.75
  41   48 0.96
  38   63 0.02
  93  105 0.25
  52   62 0.69
  42   61 0.89
  86  117 0.76
  24   54 0.31
  16   27 0.97

  54   73 0.54
  64   83 0.64
  66   72 0.34
 119  149 0.42
   8   29 0.01
  10   37 0.60
  10   49 0.59
  57   67 0.29
  45   69 0.24
  67   75 0.33
 101  111 0.43
  90   96 0.92
  99  133 0.86
   1   14 0.71
  50   57 0.28
  15   42 0.55
  58   90 0.17
  78   90 0.82
   4   39 0.79
 104  141 0.90
  99  110 0.88
  95  131 0.72
  32   64 0.47
  78   81 0.07
  26   56 0.55
  43   52 0.99
  61   97 0.89
 111  137 0.48
   0   12 0.80
  83  100 0.68
  62   95 0.71
  36   43 0.43
  19   35 0.55
 122  162 0.53
 112  119 0.76
  64   68 0.96
  15   50 0.34
 100  118 0.28
  79  109 0.00
  87  105 0.28
  62   92 0.02
  73  104 0.48
  45   86 0.52
  97  127 0.72
  61   97 0.36
  35   35 0.87
  15   24 0.62
  61   72 0.59
 117  132 0.60
 111  151 0.76

 124  162 0.99
 105  113 0.52
  98  113 0.54
  37   65 0.98
 122  145 0.92
 117  135 0.14
 115  137 0.70
  25   29 0.98
   0   33 0.57
  36   61 0.38
  36   76 0.74
  44   56 0.39
  44   55 0.20
  12   30 0.99
   3   13 0.22
 113  114 0.58
   3    8 0.70
  70  109 0.15
  65   90 0.92
  26   41 0.31
   8   42 0.95
  16   40 0.49
  94   97 0.68
 115  121 0.21
  67   89 0.23
  91  126 0.21
  53   86 0.09
  17   49 0.21
  27   44 0.76
  14   21 0.08
   7   38 0.64
 115  121 0.07
 125  136 0.34
  64   75 0.37
   3   10 0.18
 117  156 0.96
  70  102 0.12
   1   21 0.24
  37   69 0.73
  98  120 0.28
  24   30 0.04
  40   67 0.45
  63   93 0.20
  13   41 0.74
  16   26 0.53
  15   33 0.75
  72   77 0.23
 109  131 0.44
  82  109 0.20
  28   54 0.77

