5 80 8
3   16  16   4

  27   58 0.08
  28   50 0.55
  21   35 0.27
   3   23 0.87
  32   47 0.56
  20   24 0.59
  31   40 0.59
   0    9 0.36
  34   61 0.95
  28   51 0.47
  16   37 0.88
  24   46 0.51
  35   69 0.29
  12   18 0.27
   4   10 0.82
  23   46 0.93
  19   38 0.12
  31   48 0.03
  24   45 0.53
   2    8 0.33
  21   36 0.93
  22   28 0.12
  23   25 0.14
  26   53 0.74
  35   55 0.23
  18   27 0.80
  29   41 0.44
  25   40 0.97
   3   18 0.26
   8   25 0.07
   5   17 0.69
  18   23 0.53
  18   50 0.63
  20   29 0.59
   3   15 0.61
   5    9 0.25
  16   16 0.02
   0   20 0.04
   8   10 0.78
  19   45 0.46
  20   46 0.25
  30   35 0.52
   3   31 0.97
  19   35 0.65
  34   35 0.80
   4   10 0.62
   8   33 0.61
  19   19 0.13
  18   26 0.80
   3   28 0.16
  16   41 0.41
  34   54 0.92
  35   66 0.56
   2   14 0.63
  28   44 0.99
  18   38 0.43
  16   34 0.21
   7   17 0.33
  29   30 0.50
  11   29 0.48
  30   42 0.05
  26   44 0.13
  28   40 0.04
  33   41 0.52
  23   26 0.51
  34   58 0.27
  10   26 0.77
   7    9 0.96
  25   46 0.64
  17   22 0.76
  31   55 0.43
  21   46 0.87
  14   23 0.14
  24   43 0.36
  14   46 0.66
  31   62 0.17
  31   48 0.00
  10   20 0.07
   8   16 0.66
  27   35 0.23

  11   37 0.73
   8   37 0.86
  21   32 0.43
  16   17 0.56
  30   45 0.47
   5    5 0.14
   6   26 0.61
   3   10 0.55
  21   52 0.02
   0   12 0.17
  29   55 0.01
  15   30 0.44
   4   31 0.65
   3   14 0.03
  30   42 0.02
  32   67 0.15
  26   56 0.23
  13   40 0.52
   7   42 0.79
  16   40 0.03
  16   22 0.38
  26   56 0.16
  34   50 0.96
   4   26 0.64
   1   11 0.16
  21   56 0.19
  22   30 0.12
  29   52 0.56
  32   48 0.27
  31   61 0.22
  30   37 0.26
  27   39 0.63
  26   52 0.59
   3    7 0.36
  19   27 0.63
  25   42 0.96
  18   25 0.21
  18   52 0.13
  21   38 0.88
  27   27 0.58
  31   39 0.89
  24   40 0.33
   9   36 0.31
  12   44 0.87
  30   42 0.19
  22   23 0.64
  19   31 0.87
  27   61 0.76
   8   35 0.63
   9   18 0.21
  29   50 0.11
   3   11 0.18
   4   11 0.03
  28   48 0.12
  30   39 0.38
  30   62 0.00
  32   67 0.90
  18   47 0.81
  32   41 0.61
  27   31 0.69
  28   45 0.46
   7   14 0.74
  19   37 0.94
   3   11 0.23
   4   22 0.40
  11   18 0.19
  24   40 0.18
  17   32 0.88
   4    8 0.47
  35   57 0.20
  24   36 0.92
  25   27 0.21
  25   60 0.03
  15   16 0.75
  25   42 0.54
  18   24 0.16
  35   58 0.59
   8   27 0.19
  18   21 0.71
  17   18 0.54

  32   57 0.25
  31   41 0.84
  18   19 0.58
  10   21 0.54
   6   34 0.84
  26   51 0.64
   3   38 0.94
   2    7 0.75
  35   65 0.90
  18   21 0.33
  31   41 0.11
  18   47 0.12
  32   36 0.92
   1   29 0.13
  31   58 0.44
   2   10 0.85
  16   39 0.51
  33   61 0.79
   6   16 0.94
  29   54 0.77
  15   47 0.76
  24   25 0.07
  21   50 0.41
   0   31 0.62
  16   37 0.67
  18   37 0.35
  33   33 0.88
  32   37 0.04
   3   31 0.96
  16   37 0.03
  28   34 0.26
   4   23 0.54
  14   45 0.58
   7   17 0.83
  20   27 0.10
  12   24 0.22
  28   58 0.24
  21   36 0.79
  21   49 0.43
  32   63 0.18
  35   44 0.37
  26   57 0.12
  30   42 0.69
  35   70 0.14
  14   23 0.83
  18   43 0.61
  22   55 0.78
   6   41 0.44
  19   32 0.58
  21   46 0.55
  11   38 0.21
  19   52 0.42
  28   40 0.41
  27   29 0.89
   2   37 0.63
   6   35 0.60
  19   53 0.66
  17   40 0.31
   0   23 0.95
   4   24 0.30
  14   29 0.55
  27   46 0.65
  13   45 0.48
  35   53 0.35
  26   53 0.77
  24   46 0.55
  12   28 0.69
   1   10 0.70
   4   15 0.84
   8   29 0.83
  23   33 0.56
  19   34 0.48
  31   54 0.50
   1   18 0.50
  12   31 0.46
   8   26 0.66
  13   25 0.83
  21   44 0.59
   7   41 0.83
  23   50 0.89

