4 60 8
3    4   4  10

  15   21 0.23
  12   18 0.59
   5   17 0.34
  14   17 0.42
  15   24 0.87
   7   16 0.41
   9   22 0.95
   6   19 0.77
  22   24 0.68
   6   19 0.86
  20   35 0.84
   7    9 0.66
  16   25 0.63
   3   14 0.68
  10   24 0.69
  12   26 0.71
  20   25 0.24
  23   27 0.48
   1   15 0.32
  15   17 0.85
  20   32 0.82
  11   11 0.83
   8   11 0.37
   5   11 0.99
  21   31 0.45
   0    7 0.29
   0    1 0.31
  20   34 0.79
   8    8 0.55
   1   14 0.04
  19   24 0.94
   7   18 0.97
  18   33 0.39
  16   18 0.88
  20   24 0.98
  17   22 0.86
   9   14 0.90
   6   16 0.68
  14   17 0.00
  17   23 0.38
  23   31 0.67
  15   25 0.16
   8   15 0.46
  14   24 0.44
  11   12 0.86
  22   26 0.01
  17   31 0.40
  19   24 0.82
  13   25 0.99
   5    8 0.72
   8   22 0.56
   5   10 0.47
   1   14 0.96
  15   25 0.91
  22   35 0.25
   2   11 0.92
   0    4 0.13
   2   11 0.69
   0    1 0.65
   4    5 0.08

  10   15 0.03
   8    9 0.13
  14   23 0.48
  23   30 0.55
  15   16 0.76
  21   31 0.01
  17   28 0.25
   8   22 0.65
  16   26 0.93
  22   24 0.63
  20   35 0.05
  15   24 0.14
  17   22 0.59
   0    8 0.52
   1   13 0.53
  14   28 0.49
   9    9 0.78
  22   31 0.08
  23   25 0.81
  10   22 0.45
  20   27 0.87
   0   10 0.45
   1   10 0.50
   1   11 0.10
   0    2 0.58
  17   23 0.35
  18   27 0.27
  14   16 0.93
  14   16 0.76
  23   32 0.84
  23   32 0.42
   1   14 0.70
  19   31 0.46
   9   23 0.76
  21   32 0.64
  19   34 0.30
  23   27 0.69
  20   25 0.55
  11   19 0.85
   1    6 0.85
  12   26 0.15
  14   22 0.10
  11   19 0.00
  22   36 0.85
  11   12 0.70
   8    8 0.63
   5   11 0.71
  22   29 0.48
  11   24 0.16
  22   24 0.00
   3    5 0.50
   1   12 0.30
   2    2 0.08
   0    0 0.23
   4   10 0.23
  13   23 0.46
  16   19 0.47
  22   34 0.71
   2   16 0.41
  15   24 0.93

   1   12 0.22
  16   31 0.21
  14   16 0.88
  20   29 0.87
   3   16 0.01
  12   22 0.28
  14   20 0.96
  11   22 0.51
   1    1 0.19
  12   24 0.34
  20   23 0.63
   5    9 0.54
  14   24 0.93
  23   28 0.65
   2    9 0.96
  16   29 0.55
  13   17 0.88
   7   16 0.77
   4   16 0.82
  16   29 0.13
  15   15 0.28
  12   20 0.39
  23   28 0.94
  16   26 0.52
  22   35 0.77
  15   28 0.21
  16   30 0.25
   0   13 0.65
  17   26 0.24
   9   14 0.63
   7   11 0.93
  15   20 0.04
   8   14 0.06
   4    5 0.58
  20   23 0.33
   3   18 0.51
  19   19 0.71
   2   17 0.19
  18   33 0.18
  23   26 0.61
   5   19 0.93
  14   19 0.50
  10   16 0.79
   5    6 0.83
   5   11 0.10
  17   17 0.36
  18   22 0.29
   4   17 0.45
  23   30 0.33
   6   17 0.86
  16   22 0.05
  19   27 0.52
   0    1 0.57
   8   10 0.91
   9   13 0.18
  23   24 0.88
  16   24 0.47
   2   11 0.81
   6   15 0.17
   2   13 0.81

