3 40 4
6   16  16   2   4  16   4

  19   35 0.87
  46   63 0.33
  40   82 0.79
  13   46 0.48
   8   46 0.18
   0   16 0.44
  37   41 0.66
  14   31 0.20
  17   55 0.91
  31   51 0.48
  46   87 0.44
  12   12 0.99
  30   30 0.34
  34   52 0.52
   3   25 0.89
  15   60 0.99
  35   72 0.41
  22   30 0.86
  40   56 0.13
  27   44 0.58
  23   58 0.97
  19   62 0.26
   1   29 0.88
  38   45 0.56
  45   61 0.17
  13   45 0.20
  43   90 0.63
  41   82 0.18
   2   23 0.17
  14   24 0.62
  14   53 0.70
  38   83 0.49
  23   52 0.65
  34   37 0.60
  34   59 0.54
  41   72 0.78
  33   47 0.23
   4   33 0.71
  30   59 0.25
   3   34 0.28

  15   23 0.35
  39   48 0.19
   8   16 0.00
   3   48 0.19
  42   70 0.30
  40   81 0.76
   9   49 0.49
   5    9 0.96
  35   49 0.17
  34   53 0.86
  16   37 0.54
   0   37 0.77
  25   55 0.11
   2   40 0.49
  25   32 0.05
  11   32 0.99
  41   45 0.72
  13   31 0.32
  30   49 0.92
  32   40 0.29
  43   54 0.28
  14   16 0.84
  47   73 0.95
   4   51 0.47
  26   58 0.00
   4   16 0.60
  45   64 0.31
  21   36 0.72
  34   44 0.56
  44   56 0.34
  13   53 0.82
  37   40 0.72
   0   44 0.53
  28   72 0.73
  10   41 0.05
  39   43 0.93
   6   16 0.03
  32   40 0.41
  26   36 0.29
  40   47 0.58

  46   54 0.34
  40   57 0.91
  22   55 0.37
   0   40 0.08
  16   26 0.00
  17   64 0.95
   3   34 0.03
  41   62 0.41
  38   45 0.35
   3   31 0.02
  37   80 0.46
  15   43 0.63
  47   78 0.45
  28   74 0.87
  38   62 0.43
  10   19 0.55
  18   49 0.60
  12   33 0.68
  19   19 0.03
  40   82 0.54
   6   25 0.44
  33   70 0.05
  24   52 0.51
  14   35 0.55
  14   26 0.85
  19   24 0.78
  12   35 0.97
  32   60 0.25
  41   75 0.22
  34   42 0.33
  14   49 0.27
  15   45 0.94
  42   85 0.10
  31   73 0.69
  33   77 0.95
   3   36 0.80
  21   66 0.81
   9   24 0.41
  22   35 0.46
  26   40 0.31

  27   60 0.11
  26   50 0.11
  24   40 0.19
  16   45 0.08
  23   32 0.44
  17   56 0.49
  45   87 0.46
  16   50 0.40
   9   13 0.80
  17   54 0.54
  11   49 0.36
  26   50 0.85
   2   33 0.00
  42   59 0.64
  24   26 0.10
  21   33 0.41
  32   62 0.36
   7   17 0.57
  22   29 0.26
  23   51 0.19
  28   72 0.70
  24   24 0.82
  45   89 0.05
  18   19 0.98
  33   33 0.96
  32   55 0.48
  43   56 0.98
   2   11 0.83
  47   47 0.90
  18   47 0.42
  41   50 0.50
  21   47 0.40
   1   27 0.71
  40   86 0.99
  31   73 0.17
  26   29 0.54
  42   43 0.16
   5   41 0.52
  26   34 0.24
  14   34 0.91

  38   76 0.93
  44   48 0.72
  44   44 0.07
  35   52 0.27
   0   23 0.47
   0   23 0.06
  36   53 0.53
   1    2 0.10
  31   59 0.78
  45   50 0.67
  47   87 0.15
  34   63 0.88
  22   54 0.84
   7   47 0.98
  47   60 0.77
  41   48 0.53
  27   72 0.42
  19   66 0.52
  26   55 0.23
  35   60 0.19
   7   34 0.42
  35   36 0.32
  37   79 0.95
  18   65 0.60
  30   73 0.17
   6   26 0.33
   1   33 0.79
   5   11 0.63
  33   64 0.74
  31   45 0.66
  38   79 0.57
  44   65 0.15
   2   47 0.30
  36   63 0.47
  31   51 0.33
  27   39 0.47
  39   43 0.62
  26   57 0.69
  22   56 0.06
  28   73 0.31

  18   63 0.78
   0   46 0.24
  32   49 0.27
  11   18 0.75
  15   37 0.80
  42   67 0.67
  11   40 0.85
  44   54 0.60
  31   74 0.61
  31   42 0.00
  23   59 0.27
   0   23 0.88
  35   42 0.05
  21   40 0.21
   2   42 0.13
  24   30 0.67
  44   70 0.85
  11   47 0.79
  24   51 0.56
   9   38 0.30
  35   78 0.37
   7   50 0.96
   9   15 0.13
   2   17 0.08
   4    4 0.24
   2   35 0.95
  44   87 0.68
  42   45 0.78
  47   91 0.00
   1    2 0.03
  36   64 0.12
  13   34 0.23
  17   42 0.05
  22   33 0.04
  34   45 0.00
  24   26 0.64
  47   53 0.21
  38   47 0.54
  43   79 0.60
   3   35 0.73

