3 20 4
12   10  10   4   4  10   4   4   2  10  10  16  10

  29   85 0.85
  19   81 0.95
  35   81 0.14
  58  112 0.68
   9   81 0.30
  49   90 0.54
  45  112 0.78
  62  137 0.66
  23   75 0.48
   5   25 0.98
   3   42 0.95
  24   77 0.40
  21   25 0.40
  71  121 0.59
  60  136 0.73
   5   34 0.67
  13   60 0.72
  31   80 0.12
   3   78 0.70
  51   63 0.84

  59   74 0.16
  20   41 0.28
  50   79 0.78
  11   17 0.28
  37  103 0.12
  57  115 0.18
  69   76 0.79
   2   44 0.65
  71  116 0.67
  13   34 0.52
  70  133 0.10
  30  101 0.80
  50   70 0.43
  58  125 0.42
  57  110 0.89
  57  127 0.67
  26   57 0.66
   8   14 0.80
  56  123 0.19
  56   84 0.01

  29   76 0.95
  30   66 0.05
   6   19 0.73
  42  101 0.20
   7   51 0.00
  43  114 0.42
  12   27 0.77
  23   29 0.26
  19   39 0.99
  74  109 0.07
  53   92 0.56
  28   69 0.67
  46   46 0.47
   6   55 0.85
  26   37 0.92
  36   41 0.99
   3   58 0.44
  39   90 0.24
  67  125 0.27
  65  102 0.91

  19   40 0.86
  57  128 0.49
  77  118 0.94
  66  106 0.73
  34   46 0.54
  29  101 0.50
  10   24 0.41
  50   90 0.40
  50  112 0.26
   7   80 0.33
  57   68 0.76
  30   46 0.60
  18   18 0.66
  50   55 0.67
  23   50 0.78
  24   49 0.71
  41  100 0.15
   9   74 0.95
  42   62 0.00
  63   89 0.20

   2   26 0.32
  20   80 0.67
   8   10 0.52
  36   92 0.44
  15   71 0.22
   6   17 0.04
  68   73 0.98
  24   97 0.62
  61   98 0.20
   4   16 0.76
   4    7 0.55
  54   63 0.89
  72   87 0.39
  73   79 0.75
  20   84 0.37
   4   53 0.33
  77   82 0.46
  28   43 0.11
  51  103 0.90
  72  122 0.87

  55   77 0.58
   2   48 0.70
  49  126 0.13
  21   21 0.45
  22   54 0.01
  21   55 0.60
  33   68 0.77
   8   78 0.94
  11   51 0.60
   9   22 0.97
  28   86 0.72
  66  116 0.85
  22   63 0.62
  38   73 0.31
  31   32 0.40
  37   37 0.87
   2   77 0.21
  33   90 0.68
  17   84 0.31
  27   55 0.62

  42   63 0.91
  57  108 0.83
  27   37 0.41
  20   29 0.80
   9   45 0.54
  68   72 0.51
  25   43 0.21
  48  116 0.57
  27   30 0.04
  50   71 0.76
  12   42 0.88
  32   71 0.52
  57  122 0.42
  19   50 0.98
  23   45 0.37
  43   80 0.11
   5   35 0.22
  68  115 0.91
  37   98 0.00
   5   28 0.30

  77  130 0.83
  51   85 0.13
  22   83 0.34
  12   69 0.44
  64  103 0.29
  16   58 0.67
  29   56 0.05
  49  105 0.77
  65  139 0.61
  20   51 0.71
  49   77 0.41
   4   79 0.03
  46   97 0.89
  62   74 0.88
  68   75 0.94
  77  104 0.54
  14   14 0.27
  31   43 0.17
  56  121 0.79
  41  111 0.95

   8   82 0.31
  56  102 0.34
  48   55 0.78
  54   85 0.83
  66   69 0.67
  45  115 0.38
   4   33 0.69
   2   20 0.06
  27   91 0.43
   4   11 0.69
  46  121 0.33
  64   91 0.25
  62   82 0.97
  34   80 0.90
  71   99 0.38
  15   39 0.47
  34   51 0.33
  60   65 0.16
  17   78 0.87
  59   70 0.96

  11   53 0.97
   2   19 0.61
  11   70 0.18
  43   91 0.10
  73  148 0.39
  54   87 0.96
  62   92 0.18
  67  122 0.49
  58   77 0.59
  15   69 0.92
  24   29 0.19
  46  104 0.96
  61   90 0.79
  39  103 0.36
  32   55 0.33
   2   67 0.73
  25   95 0.84
  24   95 0.25
  23   39 0.41
   0   24 0.34

  56   78 0.96
  29   42 0.33
  69  102 0.61
  59   65 0.68
  58   66 0.21
  65  113 0.21
  10   78 0.48
  73   98 0.69
  31   88 0.87
  10   28 0.10
  13   58 0.89
  42   44 0.09
  63   78 0.17
  19   62 0.00
  26   84 0.35
  42   68 0.65
   9   24 0.48
   4   44 0.15
  20   35 0.44
  43   69 0.03

  27   62 0.21
  30   50 0.13
  73   92 0.24
  12   25 0.61
  62   80 0.29
  76  152 0.03
  49   61 0.89
   1   35 0.16
  48   74 0.22
  45   64 0.80
  27   68 0.29
  39   79 0.91
  24   31 0.31
   4   51 0.88
  48   55 0.32
  56  111 0.20
  72  117 0.11
  57  103 0.50
  75   96 0.71
  75  126 0.06

