4 50 8
6    2  10   4  16   2  16

  12   50 0.11
   9   38 0.08
   6   37 0.82
   7   15 0.02
   6   22 0.10
   9   15 0.14
  25   57 0.90
  54  102 0.68
  30   40 0.31
  19   71 0.11
   4   59 0.48
  15   62 0.30
  55   91 0.31
  35   72 0.40
  16   65 0.17
  11   37 0.44
  25   78 0.04
  20   61 0.96
  26   42 0.08
  25   48 0.80
  49   97 0.21
  44   55 0.88
  27   64 0.25
  47   55 0.69
  26   55 0.27
  24   77 0.13
   2   17 0.22
  13   56 0.89
  46   51 0.67
  43   65 0.49
   7   44 0.07
  17   71 0.13
  41   94 0.54
   9   22 0.06
  33   34 0.40
  46   71 0.01
  47   81 0.57
  57   85 0.96
  51  100 0.00
   5   18 0.12
   0   51 0.11
  49   87 0.38
  14   62 0.00
   6   39 0.65
  17   57 0.92
   0   25 0.42
  53   93 0.21
  47   49 0.30
  28   73 0.48
  29   71 0.16

  52   81 0.03
  27   46 0.44
  24   46 0.03
  32   78 0.49
   9   53 0.31
  30   36 0.28
  45   49 0.42
  27   68 0.72
  57   87 0.34
  10   11 0.53
  35   89 0.82
  37   44 0.02
  18   29 0.94
  11   39 0.78
  56   81 0.12
  35   86 0.46
  14   51 0.25
  20   71 0.45
  28   58 0.68
   1   17 0.82
  21   51 0.72
  21   76 0.88
   5   42 0.75
   9   63 0.96
  33   47 0.78
  37   46 0.51
  18   22 0.59
  19   20 0.64
  54   76 0.73
  38   76 0.87
   2   48 0.53
  17   48 0.39
   1   10 0.40
  29   56 0.86
  17   35 0.93
   6   33 0.79
  57  107 0.99
  52  108 0.59
  42   68 0.60
   5    8 0.80
   4   22 0.95
   1   58 0.15
  18   49 0.91
  47  102 0.06
  20   22 0.57
  40   61 0.29
   1   13 0.26
  24   46 0.84
  49   93 0.25
  29   85 0.54

  18   31 0.52
  14   69 0.58
  43   87 0.02
  48   70 0.20
   6   63 0.50
  10   52 0.98
  25   67 0.93
  32   55 0.16
  32   36 0.97
   2   51 0.68
  42   78 0.33
  11   61 0.30
  40   92 0.40
  19   72 0.74
  32   71 0.69
  48   83 0.53
   5   37 0.21
  51   72 0.62
  35   77 0.97
  26   36 0.18
  46   91 0.66
  25   45 0.55
   9   49 0.29
  28   37 0.53
  13   38 0.55
  36   67 0.73
  50  107 0.12
   2   38 0.34
   3   19 0.91
   1   21 0.88
   7   56 0.80
  11   58 0.01
  14   46 0.85
  43   57 0.74
  27   35 0.94
  14   16 0.61
  42   85 0.76
  16   65 0.68
  16   62 0.80
  36   71 0.13
  16   45 0.33
  24   60 0.15
   6   31 0.70
  24   39 0.79
  17   36 0.08
  41   67 0.80
  21   46 0.57
  54   57 0.45
   9   58 0.40
  22   72 0.45

   8   48 0.33
  10   22 0.62
  44   70 0.59
   2   43 0.93
  11   44 0.48
  28   65 0.23
  32   80 0.02
  25   61 0.79
   4   23 0.80
   7   30 0.29
  33   88 0.81
   5   27 0.70
  54   62 0.22
  26   80 0.81
   4   59 0.70
  22   32 0.75
  20   59 0.24
   5   25 0.38
  51   94 0.46
  10   55 0.42
  33   80 0.65
  49   81 0.41
  33   88 0.28
  41   63 0.93
  33   49 0.58
   3   32 0.23
  57   81 0.05
  50   83 0.24
  14   50 0.31
  25   66 0.47
  39   67 0.09
  54   92 0.70
  20   47 0.87
  52   83 0.86
  45   98 0.56
  48   54 0.04
  10   60 0.93
   1   57 0.72
  18   55 0.91
  24   46 0.23
  34   76 0.91
  27   73 0.59
  20   56 0.84
  51   90 0.17
  10   58 0.39
  28   54 0.06
  16   51 0.84
   0    9 0.97
  54   99 0.80
  21   73 0.47

  49   55 0.00
  57  108 0.67
  45   51 0.31
  18   55 0.57
  16   46 0.42
  11   31 0.86
   2    6 0.14
  26   38 0.21
  11   45 0.65
  40   61 0.17
   5   28 0.77
   8   59 0.34
  30   55 0.82
  48   90 0.71
  19   26 0.15
   0   42 0.86
   7   55 0.21
   6   21 0.07
   3   18 0.22
  18   39 0.64
  10   26 0.83
  38   51 0.06
  39   54 0.46
  14   16 0.31
  26   72 0.41
  51   66 0.34
  39   41 0.48
  37   40 0.41
  15   33 0.94
  16   57 0.07
   7   18 0.86
  48   60 0.52
   5   10 0.25
  16   34 0.37
  22   68 0.17
  20   68 0.03
   1    7 0.66
  46   49 0.38
   0    2 0.26
  37   40 0.01
  34   65 0.66
  24   70 0.84
  44   92 0.70
  56   84 0.30
  25   42 0.79
  11   30 0.13
  54   64 0.45
  30   51 0.63
  30   87 0.65
  40   81 0.65

  52   75 0.20
  44   72 0.19
  42   43 0.02
  11   61 0.84
   6   31 0.90
  20   35 0.26
  12   27 0.08
   5    6 0.01
  20   61 0.15
  29   80 0.41
   2   32 0.73
  47   92 0.35
  30   39 0.74
  52  103 0.58
  24   25 0.62
   0   52 0.18
   2    6 0.21
  21   48 0.73
  14   27 0.25
  32   55 0.20
  30   83 0.63
  19   65 0.64
  10   14 0.04
  45   76 0.29
  14   62 0.10
   5    6 0.16
  52   77 0.21
   9    9 0.88
  23   55 0.17
  11   13 0.88
  49   71 0.20
  40   81 0.23
  43   91 0.00
  47   76 0.74
  15   49 0.70
  56   72 0.45
   7   12 0.73
  13   58 0.62
  15   67 0.20
  52   79 0.74
   8   55 0.05
  41   80 0.10
  32   53 0.56
  12   42 0.03
   5   23 0.52
  33   63 0.68
  51   78 0.94
  28   48 0.95
  13   66 0.98
  55   89 0.51

