3 100 8
3    4  10   4

   4    5 0.68
  16   20 0.38
   6   35 0.01
  52   84 0.36
   2   32 0.94
  20   42 0.35
  42   71 0.11
  20   54 0.62
  22   35 0.44
   6   26 0.13
  21   22 0.72
  37   46 0.96
  23   24 0.65
   1   30 0.04
  30   30 0.04
  30   31 0.97
  33   67 0.75
   7   32 0.80
  54   55 0.59
   4   30 0.19
  19   53 0.94
  24   55 0.08
  50   73 0.01
  32   66 0.00
  13   33 0.88
  12   22 0.98
  10   42 0.12
  25   50 0.60
  33   45 0.76
   8   25 0.41
  42   57 0.39
  14   19 0.94
  48   68 0.61
   6   25 0.32
  31   45 0.28
  15   36 0.34
  41   47 0.29
  16   35 0.17
   6   29 0.12
  36   53 0.07
  20   31 0.22
  30   37 0.91
  49   79 0.97
   6   24 0.56
   4   22 0.61
  54   77 0.48
  26   31 0.65
   5   35 0.13
  54   80 0.21
  52   61 0.90
  44   61 0.58
  42   48 0.20
  12   40 0.10
   3   10 0.11
  40   55 0.62
  46   76 0.24
  39   49 0.29
  43   46 0.19
  21   28 0.92
  35   65 0.85
  36   51 0.63
   3    9 0.81
  10   38 0.30
   2    5 0.56
  13   22 0.34
  33   37 0.53
  24   55 0.49
  20   48 0.62
  34   47 0.59
   7   28 0.37
  11   13 0.34
   6   22 0.36
  24   41 0.86
  33   35 0.57
  17   40 0.26
  31   57 0.85
  34   60 0.01
  45   78 0.04
  14   48 0.01
   3   35 0.63
  55   66 0.64
  11   41 0.79
  54   60 0.55
  30   62 0.81
  52   82 0.48
   5   40 0.28
  27   60 0.87
   1   18 0.45
  43   74 0.13
  24   24 0.16
  49   53 0.04
   9   45 0.18
   3   17 0.47
  44   78 0.10
  24   31 0.00
  25   44 0.17
  25   61 0.68
  25   49 0.04
  41   76 0.87
  29   42 0.20

  14   30 0.28
  19   51 0.97
  51   52 0.85
  41   45 0.66
  10   44 0.71
  15   23 0.00
  23   42 0.67
   0    4 0.36
  17   36 0.55
   6   34 0.18
  10   38 0.75
  26   48 0.76
  28   62 0.02
  50   74 0.67
  35   38 0.17
  32   41 0.61
   3   30 0.78
   8   33 0.23
  53   64 0.69
  34   52 0.10
   0   20 0.47
  45   60 0.50
  55   70 0.11
   4    8 0.55
  39   52 0.08
   3   37 0.17
   1   28 0.41
  44   71 0.52
  36   38 0.53
  54   90 0.90
  48   81 0.51
  23   35 0.20
  21   21 0.33
  10   40 0.95
  13   22 0.36
   5   22 0.41
   9   35 0.27
  48   51 0.78
  10   25 0.11
  19   40 0.48
   8   40 0.82
  10   20 0.60
   7   17 0.12
   7   30 0.72
  45   46 0.12
  11   38 0.40
  19   29 0.61
  49   49 0.26
  16   51 0.95
   2    5 0.50
   6   33 0.31
   8   41 0.61
  16   44 0.43
  40   64 0.80
  21   36 0.66
  11   45 0.04
   8   24 0.50
  33   60 0.16
  23   41 0.80
  34   56 0.63
  24   28 0.82
  24   55 0.82
  31   44 0.97
  37   57 0.85
  31   39 0.64
  30   33 0.43
  50   50 0.27
  19   28 0.65
  55   67 0.01
  44   70 0.90
  11   37 0.99
  29   58 0.36
  41   69 0.30
  55   67 0.54
   4   28 0.08
  37   54 0.35
  49   55 0.42
  20   43 0.60
  55   87 0.18
  25   38 0.90
  20   30 0.15
  45   58 0.15
  28   33 0.94
  12   34 0.32
  41   64 0.25
  27   43 0.70
  30   42 0.64
  31   63 0.16
  38   44 0.70
  52   57 0.70
  49   72 0.10
  52   67 0.12
   3   33 0.59
  15   24 0.60
   5   17 0.32
  45   78 0.84
  36   72 0.66
  14   14 0.39
  25   50 0.31
   3   11 0.05

  42   53 0.22
   3   20 0.65
  17   28 0.18
  33   49 0.55
  26   49 0.38
  22   43 0.06
  41   51 0.18
  33   44 0.76
  26   62 0.85
  31   63 0.23
  54   78 0.01
  39   69 0.43
  23   34 0.81
   7   11 0.46
  49   69 0.46
  30   51 0.88
  44   79 0.89
  28   58 0.21
  47   51 0.86
  16   30 0.92
  24   34 0.50
  13   38 0.67
  47   83 0.23
  26   36 0.60
  47   68 0.97
  43   52 0.36
  51   59 0.76
  31   45 0.65
  51   85 0.11
  49   71 0.37
  42   77 0.16
  12   23 0.91
  19   21 0.20
  37   58 0.73
  52   64 0.73
  44   56 0.78
  20   21 0.40
   0   16 0.46
  54   84 0.03
  30   43 0.01
  54   58 0.35
  34   55 0.23
   8   42 0.73
  36   50 0.54
  25   53 0.27
  18   49 0.85
  45   55 0.38
  37   41 0.21
  25   54 0.04
  29   39 0.36
  18   53 0.28
  21   33 0.72
  23   27 0.68
  21   37 0.44
  10   44 0.74
  19   38 0.58
  10   16 0.10
  44   74 0.95
   0   12 0.35
  44   60 0.16
  29   44 0.28
  33   34 0.76
  13   33 0.54
  39   75 0.09
   2   28 0.36
  51   78 0.53
  28   29 0.51
  49   81 0.53
   6   41 0.55
  12   22 0.22
   4   36 0.50
  18   27 0.76
  14   28 0.66
  47   70 0.34
  37   59 0.11
  31   65 0.71
  50   52 0.08
  45   74 0.02
  38   56 0.58
  25   41 0.18
  32   64 0.48
  29   37 0.55
  22   56 0.33
  55   67 0.12
  19   40 0.22
  11   30 0.92
   9   24 0.87
  16   18 0.92
  21   56 0.24
  51   87 0.56
  44   46 0.26
   4   30 0.09
  42   43 0.99
  37   37 0.81
  11   38 0.76
  35   55 0.12
  14   31 0.18
  35   39 0.45
  26   45 0.89
  14   47 0.72

