5 20 4
12    4  10   4  16  20  10   4  16  10   4  16  10

  30   36 0.86
  18  101 0.57
  29   60 0.17
  26   94 0.54
   0   26 0.64
  26   62 0.14
   6   93 0.16
  17   80 0.57
  26   85 0.37
  20   69 0.39
   5   94 0.87
  17   75 0.21
  23  112 0.31
  26   83 0.10
  17   78 0.29
  26   51 0.13
  16   84 0.28
   7   72 0.31
   6   69 0.43
  25   95 0.93

  18   47 0.33
  23   85 0.76
   4   37 0.55
   2   46 0.71
  15  100 0.63
  16   61 0.10
  11   52 0.44
   1   32 0.98
  22   62 0.87
  29   31 0.95
   8   96 0.16
  27   56 0.35
  22   67 0.02
   1   13 0.53
  29   89 0.83
  16   65 0.73
   5    5 0.96
  20  104 0.01
  19   59 0.21
  29   37 0.99

  27  110 0.04
   8   90 0.69
  28   82 0.09
   2   91 0.40
  25   71 0.18
   4    4 0.70
  30   36 0.87
  20   67 0.31
   2   87 0.93
  19  105 0.25
   5   15 0.31
  26  115 0.55
  18   91 0.44
  18   44 0.81
   8   59 0.12
  20   51 0.48
  19  100 0.53
   2   38 0.98
  16   34 0.92
  13   58 0.43

  19   64 0.31
  22   62 0.33
   2   55 0.97
  22   82 0.51
  26   41 0.21
  16  104 0.54
  27  118 0.96
  27   97 0.05
  27  110 0.39
  24   34 0.17
  12   55 0.39
  16   34 0.25
  25   50 0.09
  27  115 0.69
  23   37 0.09
  26   86 0.77
  13   52 0.53
  14   89 0.38
  19   27 0.13
  30   36 0.74

  28   30 0.85
  14   58 0.53
  22   22 0.83
   7    9 0.29
   7   40 0.45
   2   46 0.12
  22   22 0.54
   1   14 0.73
  17   84 0.58
   7   81 0.75
  29  115 0.05
   9   93 0.22
  29   95 0.51
  22   40 0.33
   5   41 0.33
  10   29 0.24
  26   36 0.51
  23   74 0.75
   3   55 0.20
  17  101 0.84

  24   79 0.36
   2   49 0.80
  15   71 0.00
   6   78 0.38
  27   81 0.07
  12  104 0.09
   5   68 0.05
  12   20 0.04
  15   46 0.52
   7   56 0.29
  17  102 0.10
  22   50 0.22
  12   38 0.16
  22   73 0.24
   5   46 0.77
  27   48 0.04
  18   62 0.96
  29   93 0.88
   9   16 0.66
  29   67 0.44

  20   21 0.91
  26   70 0.28
  26   91 0.35
  26   56 0.75
  19   48 0.31
  30   83 0.37
   0   81 0.34
  29   82 0.09
  26   37 0.17
   2   80 0.54
  10   73 0.18
  27   95 0.83
  15   83 0.31
  12   53 0.52
  23   26 0.10
  18   24 0.62
  17   92 0.74
  17  105 0.93
  29   54 0.78
  19   81 0.01

   2   12 0.32
   0   17 0.40
  21  112 0.59
  20   81 0.76
  14   19 0.58
   4    9 0.45
  13   67 0.58
   7   77 0.38
  27   47 0.61
   6   22 0.82
  19   86 0.76
   0    8 0.14
  24   66 0.90
  12   94 0.10
  20  112 0.25
  20   88 0.18
  23  101 0.88
  18   79 0.97
  26   91 0.86
  28   37 0.92

  17   93 0.30
  15   83 0.68
  13   74 0.79
   9   28 0.83
  22  103 0.41
  23   96 0.13
  19   62 0.22
   8   75 0.81
   1   67 0.75
  19   59 0.58
   8   13 0.36
  26   86 0.89
   8   36 0.11
  18   77 0.15
  17   70 0.21
  15   81 0.26
  12   32 0.64
   2   55 0.57
  14  102 0.94
   2   44 0.64

   8  100 0.09
   2   68 0.13
   6   46 0.28
  24   71 0.96
  11   33 0.11
   0   43 0.40
   4   29 0.16
  22   86 0.11
  10   86 0.45
  27   34 0.85
  19   92 0.22
   9   27 0.40
   1   89 0.54
  22   33 0.20
  17   38 0.56
  27   87 0.70
   4   26 0.17
  14   64 0.56
  16   59 0.99
  24   68 0.98

   0   81 0.89
  15   53 0.40
  15   68 0.50
  23   44 0.26
   4    9 0.84
  24   46 0.17
  17   37 0.29
  25   33 0.94
   7   44 0.76
  14   78 0.00
  18   59 0.84
  17   50 0.27
   0   76 0.75
  23  109 0.54
   6   87 0.74
  22   69 0.24
  11   40 0.60
  14   76 0.71
   9   80 0.77
  17   21 0.83

  15   52 0.26
  10   66 0.51
   6   63 0.50
   8   15 0.17
   3   71 0.42
   0   26 0.51
   6   52 0.23
  30  111 0.10
  16  107 0.79
  26   50 0.61
  14   63 0.51
  17   98 0.47
  21   51 0.88
  27  104 0.06
   8   44 0.86
  15   98 0.81
  23   38 0.72
  20  101 0.55
  27   58 0.70
   4   24 0.50

