3 15 4
12    2  10   2  16   2   2  10   2  10  20  20  16

   4    9 0.56
  25   35 0.24
  26   39 0.19
  21   36 0.78
   2   19 0.83
  31   35 0.87
   2   27 0.52
  11   38 0.33
  23   56 0.47
  25   35 0.00
  34   60 0.87
   9   37 0.92
   0    7 0.39
  14   17 0.51
  17   34 0.42

  19   48 0.83
   8   10 0.81
  12   22 0.57
  31   61 0.28
  13   47 0.32
  19   52 0.89
   6   14 0.79
  20   50 0.25
   7   40 0.52
   0   14 0.85
   6   22 0.83
   8   31 0.22
  12   23 0.15
  26   35 0.47
  26   43 0.29

  14   17 0.78
  33   36 0.81
  14   39 0.86
  10   20 0.37
  11   45 0.40
  34   36 0.78
   2   29 0.16
  26   28 0.15
  28   44 0.79
  11   30 0.76
   3   29 0.77
  18   25 0.23
   8   23 0.26
  34   37 0.74
  15   32 0.76

  23   30 0.22
   3    8 0.16
  31   31 0.63
  26   28 0.55
  27   57 0.05
  33   37 0.67
  29   61 0.28
  24   29 0.81
  11   44 0.05
  24   55 0.76
  14   26 0.90
   4   29 0.47
  18   47 0.31
  22   50 0.99
  29   43 0.68

  18   27 0.69
  33   58 0.65
  25   29 0.15
  31   45 0.07
   4   36 0.06
  16   45 0.81
  25   54 0.40
  33   65 0.35
   0   11 0.87
  11   18 0.37
  30   46 0.71
  28   46 0.18
   4   24 0.98
  26   26 0.10
   8   13 0.19

  22   54 0.75
  26   40 0.94
  14   36 0.57
  14   30 0.90
  33   50 0.65
  26   56 0.16
  12   14 0.63
   8   39 0.98
  34   58 0.71
  18   50 0.06
  22   42 0.48
  29   50 0.00
  26   58 0.94
  21   22 0.99
  21   39 0.35

  13   37 0.97
  10   20 0.62
  25   46 0.32
  19   44 0.01
   1   13 0.27
  24   34 0.02
   7   36 0.06
  10   16 0.07
  29   61 0.75
  19   52 0.32
  21   26 0.04
  20   37 0.28
   9   15 0.65
  32   62 0.99
   3   22 0.47

  16   34 0.46
  33   33 0.72
  25   58 0.85
   3   36 0.04
  16   50 0.67
  14   44 0.43
  33   46 0.67
  19   43 0.28
  31   61 0.88
  25   34 0.23
   3    6 0.35
  15   22 0.58
  22   48 0.57
  12   15 0.90
  29   58 0.30

   2   20 0.08
   8   30 0.60
  10   33 0.55
   9   38 0.94
  23   50 0.83
   4   38 0.72
   7   14 0.00
   1   33 0.62
  10   32 0.57
  21   39 0.72
  32   42 0.97
  28   56 0.28
   3   31 0.44
  21   21 0.12
  10   13 0.42

   7   16 0.11
  33   51 0.50
  24   58 0.10
   3   31 0.26
  25   43 0.37
   0   11 0.90
  22   43 0.09
  26   60 0.97
   6   33 0.11
   0    7 0.76
  30   39 0.95
   4   37 0.75
   4   33 0.31
  19   32 0.32
  21   29 0.00

   6   20 0.50
  13   18 0.89
  11   40 0.23
   3   22 0.74
  28   58 0.43
  17   45 0.01
  24   24 0.74
  17   21 0.58
  23   33 0.56
  28   40 0.36
   2    6 0.24
  19   50 0.59
  34   42 0.17
   0   34 0.93
   6   16 0.90

   6   21 0.99
   6    7 0.96
  22   25 0.42
  11   31 0.18
   1   32 0.19
  18   28 0.45
  11   16 0.40
  19   47 0.72
   2   19 0.22
  10   40 0.82
  32   57 0.24
   9   35 0.95
  33   51 0.73
  18   48 0.82
  27   55 0.46

