4 50 8
6    2  10  10  16   4  10

  11   55 0.59
   4   47 0.42
  11   20 0.30
  14   62 0.20
  16   23 0.52
   7   40 0.99
  14   31 0.16
  14   21 0.31
   0   13 0.66
  17   20 0.91
   9   30 0.97
  19   32 0.86
  16   47 0.65
   5   31 0.38
   3   59 0.32
   7   44 0.32
   2   23 0.15
   6   41 0.10
  16   29 0.40
   2   55 0.85
  10   21 0.06
   6   30 0.65
   8   24 0.12
   8   18 0.16
  12   64 0.41
   0   24 0.84
   5   63 0.01
  16   34 0.09
  17   75 0.46
   9   67 0.01
   8   12 0.85
  11   23 0.51
  19   31 0.92
  11   54 0.27
  19   36 0.61
  15   43 0.45
  18   23 0.94
  10   56 0.25
   2   31 0.70
  15   64 0.70
  19   55 0.80
  15   23 0.42
   3   40 0.84
   2   49 0.23
   4   53 0.05
  18   53 0.78
   2   55 0.71
  18   19 0.73
   8   27 0.01
  15   61 0.23

  17   52 0.15
   7   53 0.63
  18   77 0.63
  11   61 0.77
  15   16 0.15
   8   38 0.69
   0   12 0.42
   0   40 0.58
   7   64 0.52
  14   50 0.85
   9   45 0.24
  11   34 0.79
   0   25 0.35
   3   25 0.04
  14   68 0.88
  13   65 0.47
  11   42 0.27
   1   38 0.53
  16   40 0.89
   0   35 0.45
   9   54 0.88
   0   42 0.70
   7   39 0.98
  11   55 0.21
   2   13 0.13
   8   28 0.76
  18   72 0.68
  15   57 0.38
  18   21 0.11
   6   48 0.49
   7    7 0.33
   0   43 0.63
   6   48 0.23
  17   53 0.07
   8   33 0.18
   4   48 0.74
   9   67 0.69
   0   54 0.42
   7   29 0.48
   6   53 0.17
  19   47 0.13
  11   40 0.01
  10   44 0.58
   6   48 0.40
  13   32 0.03
  14   20 0.89
   2   18 0.55
   3   25 0.66
   3   59 0.06
   5   63 0.11

   9   43 0.06
   1   18 0.79
   0   36 0.68
  16   74 0.76
   6   35 0.73
  16   75 0.97
   8   60 0.80
   5   24 0.02
  12   59 0.43
   1   24 0.62
  14   37 0.48
   1   55 0.12
   2   34 0.16
  17   50 0.06
   7   36 0.58
   4   59 0.37
   6   59 0.15
   7   46 0.66
   1   31 0.06
   4   14 0.10
  16   36 0.26
  17   46 0.24
   5   42 0.53
   7   52 0.18
   8   32 0.28
   9   37 0.36
   3   34 0.95
   6   29 0.66
   2   46 0.28
   4   58 0.43
  11   58 0.12
   1   38 0.60
   6   16 0.28
   8   55 0.90
   8   35 0.40
   9   20 0.15
  19   70 0.21
  19   77 0.66
  15   58 0.58
   6    8 0.63
   8   44 0.61
  16   63 0.70
   8    9 0.34
  10   57 0.03
  18   53 0.53
   9   37 0.96
   7   60 0.22
   8   55 0.46
  15   18 0.13
   0   30 0.39

  16   54 0.46
   4    9 0.22
  11   67 0.77
  10   44 0.09
   8   12 0.78
  10   26 0.62
  12   70 0.89
   9   25 0.61
   2   14 0.09
  13   19 0.81
  19   55 0.11
   9   36 0.67
   7   29 0.35
   3   55 0.42
   5   45 0.92
  10   11 0.56
   4   49 0.50
  14   14 0.35
  18   76 0.57
   8   28 0.52
   9   10 0.25
   9   40 0.25
  14   60 0.07
  15   32 0.61
  18   74 0.13
  16   27 0.10
  17   43 0.49
  16   25 0.65
   0   45 0.26
   1   20 0.60
  12   31 0.85
   0   38 0.90
  14   63 0.69
  16   29 0.56
  16   33 0.00
   0   19 0.90
   9   63 0.74
   4   21 0.72
   5   62 0.86
   5   23 0.53
   2   49 0.99
   6   21 0.04
   4   39 0.09
  17   38 0.54
   2   59 0.38
   1   25 0.03
   1   34 0.78
  14   42 0.27
  11   26 0.08
   7   11 0.04

  16   39 0.97
   2   59 0.06
   0    1 0.35
   8   47 0.88
   9   48 0.49
  14   56 0.12
   5   33 0.18
   9   45 0.43
  17   60 0.40
  19   45 0.44
   8   46 0.86
  11   16 0.46
  19   48 0.58
  19   41 0.63
  11   27 0.75
  12   68 0.07
   8   35 0.60
   8   19 0.52
   8   59 0.27
   1   11 0.45
  19   54 0.75
  10   53 0.93
  10   57 0.47
  13   31 0.54
   1    6 0.90
   5   13 0.80
  13   70 0.92
  17   26 0.27
   3   42 0.53
   5   48 0.72
  12   49 0.77
  13   45 0.79
  12   68 0.91
  17   63 0.09
   1   49 0.78
   5   63 0.54
   1   41 0.66
   3   52 0.15
   8   67 0.07
  12   46 0.68
  14   73 0.93
  18   60 0.58
   0   19 0.93
  18   73 0.69
  18   23 0.37
  16   58 0.46
   7   53 0.60
   8   23 0.56
  14   48 0.52
  17   67 0.38

   9   35 0.03
  13   14 0.55
  11   29 0.27
  16   46 0.13
  15   72 0.88
   6   33 0.40
  11   69 0.22
   1   34 0.85
   0   42 0.75
  13   28 0.64
   1   36 0.97
   2   48 0.98
  12   26 0.13
   2   26 0.99
   6    9 0.80
  15   49 0.69
   7   64 0.60
   2    5 0.33
  14   36 0.91
  16   74 0.66
   1   51 0.61
   9   32 0.68
  14   25 0.40
  17   35 0.27
   4   21 0.13
   6   20 0.99
   1   56 0.77
   7   53 0.03
   2   22 0.05
  16   34 0.69
   7   57 0.41
  12   53 0.22
  19   39 0.04
   4   43 0.45
   4   40 0.98
  10   29 0.49
   9   54 0.82
   1    3 0.53
  12   50 0.35
  16   19 0.68
  11   66 0.06
  15   52 0.04
  18   31 0.07
  10   11 0.95
  15   30 0.59
   7   47 0.61
  19   53 0.47
   9   66 0.90
  16   54 0.83
  14   26 0.69

