3 20 4
12   10  20   4   4  10  10  16  16  16  10   2  20

  14  100 0.61
   1  149 0.60
   6   27 0.13
   1   91 0.16
  13  150 0.75
   3  129 0.67
  42  130 0.17
  54   97 0.04
  47  174 0.70
  55  199 0.00
   2  160 0.42
  55  133 0.04
  37  135 0.78
   7   16 0.08
  20  166 0.95
  40  140 0.62
  36  114 0.48
  35  172 0.56
  34   79 0.75
  21  191 0.44

   1   65 0.90
  30   56 0.51
  44  185 0.22
  46  211 0.27
  53  186 0.85
  15   35 0.17
  50  216 0.71
  31  152 0.28
  43  196 0.65
   6   14 0.54
  11   54 0.83
  47  153 0.87
  15   71 0.27
  39  121 0.51
  51  181 0.88
  52  220 0.89
   9   67 0.01
  54   64 0.24
  23  126 0.52
  42   48 0.52

  33   68 0.14
  17   54 0.06
  36  133 0.56
   2  108 0.08
  46  207 0.64
  47   90 0.65
  13  118 0.29
  53  103 0.65
  17  178 0.38
  26  121 0.84
  26   85 0.80
   8  114 0.91
  20  102 0.06
  43  116 0.76
  15  170 0.88
  31  104 0.09
   7  119 0.39
  25   45 0.08
   0   13 0.73
  28  102 0.33

  49  218 0.47
  35   63 0.51
   5  116 0.19
  20  176 0.03
   3  117 0.91
  20  154 0.11
  19  126 0.53
   6  146 0.92
   0   53 0.87
  19  181 0.28
   4  156 0.59
  41   51 0.98
  22  150 0.89
  45  185 0.02
   8  169 0.64
  38   80 0.69
  56  137 0.12
  55  198 0.28
  26   83 0.85
  21  152 0.40

  35  103 0.58
  55  197 0.81
  35  120 0.70
   3   76 0.80
  13   85 0.33
  46   78 0.53
  54  184 0.86
  22  185 0.52
  54   80 0.97
  36   38 0.52
  31   48 0.94
   4   43 0.27
  26  100 0.11
  18  108 0.90
  44  116 0.77
  53  211 0.90
  42   46 0.21
  15   69 0.39
  32  127 0.06
  17   92 0.58

  38   41 0.26
  44  182 0.92
   4  116 0.18
  50  129 0.16
   2   78 0.87
  29   72 0.61
  31  114 0.64
   3   49 0.02
  37  114 0.62
  14  175 0.80
  16   77 0.94
   4  144 0.77
  56  106 0.67
  56  166 0.31
  19  128 0.09
   4  126 0.47
  55  191 0.65
  25  144 0.18
  17   45 0.36
  30  104 0.44

  55  148 0.30
   0  111 0.56
  51  117 0.74
  47   80 0.44
  31   43 0.81
  49  111 0.62
  51   80 0.40
  18  106 0.72
  56  198 0.71
   1  101 0.04
  32   54 0.09
   2   15 0.29
  35  190 0.49
  45   84 0.75
  37  155 0.88
  52  123 0.72
  45   82 0.25
  29  126 0.19
  31  104 0.06
  49  208 0.62

  47   97 0.59
  30  183 0.90
  28  117 0.01
  32  177 0.62
  19  188 0.49
  35  206 0.49
  17   18 0.53
  14  120 0.41
  34  185 0.01
  54  209 0.18
  23  183 0.37
  46  106 0.25
  54  216 0.94
  53  104 0.58
   2    6 0.80
  47   86 0.94
  26   96 0.86
   7   28 0.44
  26   29 0.09
  31   52 0.25

  56  119 0.83
  25  116 0.69
  55   92 0.48
  19   68 0.22
  30  129 0.20
  47  138 0.50
   8   58 0.78
  22   58 0.52
   5  161 0.01
  38   84 0.11
  22  152 0.75
  34   86 0.79
  45   53 0.46
  32  163 0.06
  48   86 0.58
  12   69 0.34
   0   35 0.72
  35  173 0.83
  49  154 0.21
  38   59 0.12

  11  112 0.73
  31  109 0.21
  50  113 0.67
  28   70 0.32
  22   91 0.70
   5  124 0.90
  41  193 0.78
  34  132 0.28
  28   38 0.57
  29  190 0.59
  13  114 0.92
  21  155 0.54
  12  156 0.20
  46  145 0.67
   7   78 0.72
   3   79 0.26
   3  128 0.43
  45  168 0.08
  23   76 0.69
  47   77 0.38

  15   60 0.06
  40   93 0.74
  27  150 0.47
   0   50 0.92
  42  117 0.39
  54  190 0.95
  49  196 0.29
  37   93 0.88
  48  153 0.57
  41  118 0.83
  25   52 0.26
  30  120 0.54
  49  127 0.22
  26   68 0.77
  38   93 0.48
  30   80 0.87
  54  112 0.85
  44  133 0.89
  31   49 0.58
  25  162 0.70

  38  176 0.27
  47  166 0.48
  35  126 0.45
   1   11 0.81
   2   59 0.94
  42   54 0.93
  52   72 0.92
  11  144 0.03
  32  163 0.91
   3   91 0.90
  16  114 0.55
   1   43 0.65
  38  106 0.09
   0  104 0.75
  31  173 0.61
  40   65 0.77
  50  101 0.59
  50  124 0.69
  24  164 0.94
  35  202 0.50

