4 15 8
12   20  16   4  20  10   2   4  16  16  16  16  10

   0    0 0.13
  36   46 0.26
  13   20 0.83
  42   44 0.40
  27   35 0.99
   0   11 0.23
  41   55 0.24
  44   56 0.18
   0    9 0.97
   4   11 0.70
  48   60 0.17
  26   40 0.53
  40   54 0.87
  46   56 0.78
  26   38 0.34

  44   59 0.40
  19   19 0.37
  51   60 0.53
  18   28 0.62
  21   26 0.88
  12   15 0.42
  40   50 0.79
  11   22 0.52
  12   28 0.97
  13   13 0.03
  33   43 0.67
  43   47 0.96
  11   25 0.91
  26   29 0.20
  17   23 0.65

   9   18 0.02
  11   21 0.84
  25   25 0.07
  43   53 0.83
  34   38 0.47
   6   19 0.01
   9   19 0.50
  24   37 0.41
  18   27 0.67
  38   48 0.06
  17   24 0.06
  29   42 0.98
  20   27 0.54
  19   22 0.90
  27   36 0.64

  14   21 0.40
  48   49 0.94
  23   28 0.92
  25   27 0.39
  11   12 0.36
  36   50 0.60
  16   16 0.52
  16   32 0.78
  47   49 0.82
  37   53 0.59
  26   28 0.68
  48   50 0.92
  46   62 0.93
  23   23 0.98
   9   17 0.94

   6    9 0.90
   8   19 0.84
  30   44 0.24
   6   10 0.61
   3   12 0.16
  26   31 0.27
  27   30 0.74
  17   20 0.18
  45   58 0.18
  51   59 0.47
  30   37 0.35
  38   42 0.34
  35   45 0.89
   4    6 0.32
  34   47 0.75

  13   17 0.81
  26   35 0.89
  40   41 0.62
  46   50 0.25
  35   47 0.18
  13   25 0.29
  44   46 0.15
  41   46 0.90
  26   32 0.88
  49   51 0.29
  41   43 0.51
   9   13 0.11
  34   37 0.27
   2    7 0.47
  10   12 0.59

  40   56 0.93
  30   43 0.47
   9   15 0.20
  51   56 0.67
   0    0 0.91
  21   35 0.60
  31   43 0.12
  38   43 0.34
  47   60 0.63
  29   33 0.92
   5   14 0.13
  38   51 0.56
  41   44 0.26
  29   31 0.05
  25   36 0.01

  14   18 0.10
   0    9 0.69
  13   15 0.30
   4   10 0.74
  23   36 0.88
   9   19 0.01
   7   14 0.60
  48   50 0.54
  29   32 0.31
  14   15 0.62
  17   30 0.16
  27   43 0.86
  46   48 0.73
   4    9 0.30
  42   57 0.04

  13   23 0.50
  32   48 0.54
  23   27 0.28
  32   42 0.26
  36   46 0.22
  16   28 0.17
  30   41 0.09
   1    4 0.36
  10   26 0.88
   3    3 0.11
  35   48 0.44
  44   46 0.29
   7   17 0.15
  16   26 0.66
  14   15 0.78

   7   20 0.43
  50   66 0.18
  50   53 0.68
  45   47 0.48
   4    8 0.18
   0    5 0.72
  44   48 0.49
   9   13 0.32
  41   54 0.55
  32   41 0.82
  22   37 0.27
  27   27 0.21
  39   42 0.97
   7   12 0.82
  51   63 0.21

  38   41 0.78
  21   22 0.20
  20   36 0.03
  48   49 0.34
  31   44 0.17
  44   59 0.47
  25   27 0.85
  30   45 0.91
  17   18 0.00
  26   39 0.05
  18   33 0.55
   3   11 0.66
  46   56 0.39
  15   21 0.11
  46   49 0.02

  41   43 0.21
  34   45 0.12
  36   43 0.96
   8   12 0.36
  36   45 0.11
   7   19 0.88
  47   55 0.95
  48   56 0.01
  50   53 0.57
  21   27 0.79
  39   44 0.64
  23   23 0.02
   4    9 0.09
  15   25 0.03
  41   54 0.97

