5 80 8
3   10   2  16

  18   23 0.46
   9   16 0.95
  39   60 0.59
  31   71 0.20
  26   27 0.04
  27   55 0.70
  31   49 0.92
  38   42 0.30
  25   59 0.27
   5   17 0.91
  22   24 0.01
  18   56 0.06
   3    4 0.83
  32   40 0.64
   9   16 0.13
  21   41 0.90
   5   29 0.39
  34   37 0.61
  31   52 0.17
  17   41 0.38
  29   63 0.80
  40   69 0.69
  25   36 0.67
  11   49 0.25
  24   45 0.41
  23   60 0.67
  35   37 0.06
  37   73 0.37
  28   32 0.81
  28   57 0.33
  36   45 0.68
   3   17 0.52
  18   32 0.07
  41   77 0.19
   6   41 0.79
  26   59 0.86
   1   38 0.46
   8   18 0.55
  21   59 0.72
  29   63 0.33
   4    4 0.04
   1   20 0.40
  17   26 0.18
   9   40 0.87
  40   76 0.02
  19   41 0.47
  17   39 0.90
  39   59 0.68
   1   25 0.80
  21   23 0.74
  37   40 0.59
  27   35 0.04
   1    1 0.85
  17   49 0.95
  41   45 0.79
  37   72 0.02
  24   30 0.70
  11   27 0.72
  39   57 0.47
  22   41 0.41
  19   57 0.84
  10   43 0.41
   3   40 0.52
  23   44 0.30
  35   57 0.79
  17   41 0.25
  29   29 0.39
  32   56 0.19
  10   20 0.45
  10   22 0.93
  37   66 0.19
  41   55 0.26
  19   55 0.42
  11   15 0.46
  18   25 0.13
  15   21 0.41
  22   31 0.45
  40   50 0.42
  34   46 0.59
  39   68 0.61

  40   79 0.32
  32   51 0.21
  29   48 0.04
  31   52 0.65
  37   44 0.44
   5   28 0.96
  27   53 0.87
  13   29 0.73
  25   34 0.80
  30   43 0.17
   4   22 0.70
   9   22 0.86
  38   72 0.94
  18   45 0.53
   1   24 0.14
  18   55 0.64
  40   75 0.37
  35   38 0.03
  40   40 0.16
   7   10 0.74
  18   58 0.41
   4   20 0.26
  31   65 0.10
   4   34 0.69
  24   55 0.97
  16   36 0.33
  20   60 0.54
   8   38 0.79
  13   15 0.32
  38   54 0.44
  39   64 0.54
  34   49 0.78
  16   35 0.38
   4   22 0.02
  12   18 0.49
  19   22 0.28
  35   68 0.40
   8   39 0.98
   0   28 0.90
  32   47 0.89
  33   48 0.74
  17   35 0.23
  28   57 0.79
  23   36 0.20
  16   28 0.91
   7   38 0.04
  37   56 0.96
   8   43 0.01
   5    5 0.90
   0    1 0.95
   2   16 0.64
   9   35 0.47
   3   23 0.91
  19   58 0.72
   9   22 0.71
   9   40 0.44
  34   53 0.88
  25   49 0.84
  26   65 0.49
  27   38 0.86
   8   15 0.38
   2   11 0.95
  25   36 0.98
  38   59 0.41
   6   38 0.40
  38   38 0.15
   2   31 0.71
  17   20 0.73
  37   78 0.02
  25   50 0.10
  12   24 0.80
   0   31 0.30
  19   42 0.56
   1   33 0.70
  34   56 0.22
  13   48 0.25
   0    4 0.40
  29   51 0.75
  29   57 0.35
   5   17 0.09

  38   49 0.82
  12   39 0.46
  30   32 0.76
  39   59 0.66
   0   16 0.67
  21   33 0.28
  27   44 0.91
   7   32 0.89
  36   68 0.36
  21   39 0.45
  12   38 0.50
  32   43 0.45
  28   66 0.48
   5    5 0.17
  36   45 0.03
   5   34 0.64
   5   15 0.43
   7   44 0.46
  17   36 0.48
   6   15 0.17
  36   75 0.09
  39   48 0.84
  33   72 0.73
  26   29 0.25
  39   45 0.31
  31   32 0.34
   0    2 0.83
  39   66 0.23
  22   60 0.21
   5    8 0.95
  29   34 0.24
  27   36 0.77
  28   60 0.48
  40   48 0.59
  16   40 0.21
  33   72 0.68
  12   42 0.20
  13   40 0.02
   3   38 0.15
  40   72 0.91
   3   29 0.28
  41   69 0.86
  18   46 0.45
  36   54 0.44
  10   45 0.01
  38   79 0.39
  17   23 0.77
  23   34 0.78
  13   16 0.90
  40   46 0.80
  34   70 0.02
  33   74 0.75
   5   36 0.90
  19   23 0.84
  19   32 0.09
   4   15 0.21
  32   51 0.67
  13   33 0.51
   4   14 0.27
  14   48 0.37
   5    8 0.25
   8   26 0.29
   2   41 0.77
  26   47 0.48
  31   45 0.32
   2   12 0.32
  12   27 0.05
  24   28 0.20
  39   39 0.55
  15   16 0.77
  31   35 0.77
  41   71 0.95
  16   31 0.81
  20   28 0.76
  16   27 0.99
   7   39 0.75
   1   12 0.82
   0    2 0.73
  10   46 0.12
  36   57 0.68

