4 25 8
12   10   4  16  16   2  10  20   4  16  10  10   2

  22   45 0.26
  11   43 0.84
  49   66 0.65
  27   29 0.34
  15   49 0.22
  58   75 0.53
  10   34 0.77
  27   54 0.62
  13   18 0.17
  32   49 0.60
  55   77 0.89
  50   68 0.78
  61   84 0.92
  19   36 0.26
  12   42 0.64
  43   50 0.53
   0   26 0.63
  38   64 0.88
   6   30 0.89
   8   18 0.13
   0    9 0.57
   9   11 0.81
  68   72 0.62
  52   88 0.04
  12   15 0.41

  34   77 0.05
  30   38 0.90
  24   51 0.76
  56   62 0.45
  52   80 0.00
   4   20 0.87
  31   40 0.97
  55   82 0.42
  49   93 0.42
  51   57 0.62
  34   67 0.79
  21   48 0.73
  33   35 0.32
  15   37 0.81
  43   71 0.06
  62   77 0.04
  51   54 0.63
  41   46 0.38
  41   75 0.41
   2   19 0.09
  67  103 0.96
  66   92 0.29
  26   29 0.46
  24   63 0.47
  40   75 0.40

  36   44 0.04
  10   41 0.41
   7   22 0.89
  13   53 0.13
  22   58 0.32
  38   74 0.38
  12   57 0.91
  40   50 0.72
  64  103 0.83
  56   85 0.04
  62   77 0.34
  54   92 0.05
  17   47 0.85
  35   80 0.50
  38   42 0.80
  39   68 0.68
  41   64 0.48
  68   69 0.19
  47   83 0.56
  22   25 0.22
  27   61 0.36
  47   75 0.15
   8   53 0.71
  43   81 0.16
  23   60 0.90

  45   74 0.80
  58   66 0.07
  32   40 0.31
  56   60 0.95
  22   32 0.34
  32   32 0.08
  27   53 0.87
  34   79 0.63
  61  106 0.58
  53   53 0.37
  43   58 0.96
  45   78 0.50
  55   95 0.92
  47   62 0.32
  11   33 0.34
  48   61 0.80
  28   59 0.72
  31   66 0.05
   8   37 0.32
   6   35 0.33
  10   27 0.75
  49   53 0.87
  68   79 0.88
  12   24 0.75
   5   46 0.21

  21   22 0.63
  37   43 0.08
  59  102 0.95
  51   93 0.45
  13   36 0.89
   1   14 0.16
  42   83 0.92
  27   35 0.43
  37   71 0.21
  44   77 0.23
  42   77 0.62
   7   40 0.62
  26   57 0.19
  43   71 0.40
  21   65 0.15
   3   18 0.02
  38   41 0.89
  43   68 0.06
  17   26 0.72
  39   77 0.68
   1   12 0.81
  39   53 0.50
  60   64 0.39
  45   75 0.16
  58   84 0.10

  12   57 0.80
  16   35 0.54
  36   41 0.74
  18   40 0.31
  51   60 0.24
  25   69 0.87
  54   77 0.93
  57  102 0.83
  15   18 0.21
  51   87 0.54
  13   20 0.44
  20   37 0.19
  26   52 0.55
   8   19 0.86
  37   53 0.18
  13   19 0.20
  48   76 0.13
  25   65 0.76
  28   44 0.24
  46   58 0.39
  13   16 0.37
  63   80 0.04
   0    6 0.20
  10   24 0.06
  25   42 0.00

  11   45 0.34
   3   40 0.88
  48   58 0.41
  55   63 0.17
  19   41 0.49
  27   70 0.44
  44   48 0.38
  48   78 0.65
  11   51 0.82
  15   45 0.45
   9   30 0.97
  25   62 0.32
   6   34 0.27
  11   34 0.83
  54   92 0.43
  64   70 0.78
  26   65 0.88
  20   20 0.16
  33   39 0.71
  21   43 0.28
  41   76 0.06
  65   96 0.33
  49   65 0.14
  63   99 0.24
  27   39 0.27

  53   93 0.77
   3   42 0.16
  24   29 0.51
  57   80 0.02
  32   46 0.60
  68   83 0.15
  34   69 0.18
  55   99 0.52
  11   41 0.74
  55   95 0.00
  47   56 0.59
   5   37 0.25
  19   24 0.73
   7   32 0.48
  51   74 0.21
  45   75 0.63
  16   23 0.35
  58   59 0.91
  11   14 0.69
  46   62 0.96
  14   30 0.11
  42   42 0.75
  10   39 0.43
  62   68 0.83
  40   47 0.21

  56   89 0.79
  55   91 0.60
  65   80 0.49
   5    9 0.61
  45   69 0.78
  68   85 0.98
  52   58 0.52
  34   40 0.37
  32   43 0.82
  23   29 0.21
  17   26 0.08
  48   74 0.83
  24   69 0.85
  43   78 0.15
  38   63 0.81
  66   90 0.61
  36   71 0.35
  28   59 0.35
  29   70 0.81
  49   76 0.57
  26   59 0.36
  22   28 0.90
  34   63 0.22
  13   31 0.88
  10   32 0.08

   4    9 0.86
  12   51 0.94
  57   62 0.09
  30   50 0.12
  52   68 0.63
  53   75 0.05
  66   93 0.80
  48   85 0.95
  43   45 0.11
  16   33 0.75
  39   61 0.08
  43   76 0.29
  36   74 0.20
  59   85 0.27
  35   76 0.73
  37   82 0.58
   0   36 0.16
  63   94 0.52
  33   41 0.55
  39   55 0.47
  64  103 0.96
  59   80 0.94
  28   72 0.17
  46   74 0.05
  22   64 0.38

  42   51 0.55
  37   51 0.61
  28   41 0.67
   2   29 0.72
  35   69 0.95
  67   75 0.35
   3   30 0.25
  59   80 0.40
  64   69 0.77
   5   46 0.46
  16   61 0.25
  66  103 0.34
  48   70 0.95
  64   64 0.67
  68   99 0.21
  22   32 0.68
  23   26 0.36
  64  102 0.96
   9   49 0.13
  49   84 0.28
   9   43 0.80
  66   66 0.11
  60  105 0.48
  68   99 0.39
  18   38 0.20

   1   28 0.81
  25   43 0.09
  34   77 0.48
  16   47 0.39
  50   57 0.26
  12   16 0.26
  23   57 0.87
  64   99 0.81
  12   14 0.26
   2   38 0.76
  26   41 0.76
  42   78 0.26
   9   24 0.34
  10   30 0.08
  63   68 0.15
  16   53 0.01
  63   68 0.32
  11   15 0.86
  64   92 0.65
  16   26 0.73
  40   62 0.84
  61   69 0.51
  10   14 0.55
  49   58 0.48
  58   59 0.79

