3 80 4
3    4  10  10

  17   51 0.17
  13   39 0.37
  34   54 0.04
   5   26 0.02
  27   45 0.95
  34   60 0.63
  17   49 0.46
   7   21 0.16
  30   48 0.08
  27   42 0.04
  36   39 0.61
  12   46 0.40
  19   49 0.47
  36   50 0.76
   5   40 0.37
  20   21 0.46
  39   75 0.81
   3   30 0.08
  36   66 0.01
  19   38 0.55
  25   29 0.49
   4   26 0.19
  28   41 0.68
  18   25 0.41
   1    1 0.13
  26   34 0.48
   3    9 0.75
  24   38 0.64
   2   20 0.42
   0   29 0.23
  31   65 0.27
  32   66 0.80
  36   73 0.80
  31   35 0.49
  39   66 0.85
  11   12 0.41
  28   49 0.90
  18   31 0.96
   1   18 0.56
  33   56 0.46
   5   15 0.27
   0   27 0.14
  19   33 0.36
  35   54 0.85
  19   37 0.89
  33   51 0.89
  20   20 0.33
   4   28 0.62
  13   51 0.09
  12   31 0.99
  19   25 0.74
   1   40 0.86
  19   27 0.83
  31   45 0.91
  16   46 0.23
  29   40 0.15
  18   36 0.28
  24   47 0.33
  27   33 0.03
   9   23 0.85
  20   45 0.02
  11   24 0.09
   2   11 0.98
  36   63 0.83
   3    7 0.23
  12   27 0.94
  23   59 0.79
  23   51 0.62
   7   30 0.33
  39   39 0.65
   1   25 0.42
  19   31 0.29
  38   58 0.68
  13   50 0.79
   9   43 0.89
  14   22 0.59
  28   31 0.49
  17   45 0.27
  25   50 0.26
  18   36 0.73

  11   43 0.90
  27   34 0.60
   9   15 0.63
  24   46 0.88
   5   42 0.06
  19   37 0.71
  34   36 0.09
  13   14 0.17
  32   34 0.54
  34   68 0.76
  38   66 0.15
  35   41 0.18
  18   28 0.01
   5   28 0.02
  15   32 0.68
  27   39 0.40
  14   52 0.44
  11   46 0.91
  32   41 0.18
  32   45 0.70
  21   60 0.85
   1    5 0.69
  25   55 0.92
  30   30 0.49
  32   63 0.05
   2   32 0.34
   8   39 0.96
  28   53 0.28
   6   31 0.52
   4   40 0.16
  20   26 0.06
   8    8 0.03
  17   34 0.44
   8   25 0.88
   3    9 0.62
  33   33 0.03
  14   28 0.17
  17   20 0.18
  31   63 0.52
  18   26 0.13
   5   28 0.72
  32   40 0.85
   5   44 0.65
  37   76 0.18
  38   49 0.13
   7   26 0.36
   7   24 0.79
   4   32 0.01
  37   50 0.58
  28   28 0.57
  18   35 0.89
  39   76 0.43
  15   29 0.09
   0   23 0.25
   2    4 0.37
  11   28 0.51
  29   49 0.61
   0   38 0.52
  29   59 0.59
  31   55 0.74
  25   28 0.92
  18   45 0.61
  22   37 0.35
  12   21 0.28
  39   74 0.48
  35   67 0.50
  36   56 0.25
  29   33 0.12
  30   56 0.12
  16   47 0.41
  18   34 0.58
  11   44 0.25
   0   26 0.17
  27   36 0.62
  39   70 0.70
  30   63 0.51
  22   51 0.20
  32   57 0.23
  17   51 0.84
  25   53 0.73

  16   39 0.98
  16   39 0.04
  38   50 0.46
  28   39 0.02
   3   23 0.41
  29   47 0.01
  28   65 0.22
  16   48 0.01
  20   47 0.13
   6   28 0.69
   2   40 0.72
  37   63 0.76
  21   56 0.36
  20   27 0.56
  23   52 0.90
  39   77 0.85
  29   49 0.29
  21   41 0.44
  25   35 0.68
   2   28 0.08
  21   45 0.96
  33   41 0.64
  17   36 0.44
  26   46 0.67
  17   44 0.73
  35   63 0.40
   5   42 0.74
  39   66 0.52
  20   28 0.38
   1   19 0.00
  38   41 0.83
   0   28 0.51
  15   36 0.54
  38   68 0.15
  28   47 0.03
  39   63 0.72
  11   20 0.50
  15   29 0.44
  38   68 0.71
  37   73 0.24
  13   41 0.92
  12   16 0.84
  31   38 0.65
  39   49 0.94
  26   65 0.81
   9   26 0.73
  22   61 0.59
  24   38 0.32
  11   40 0.68
  13   18 0.98
  29   61 0.05
  24   60 0.18
  11   12 0.39
  10   46 0.90
  28   52 0.70
  13   37 0.74
  32   58 0.85
   6   17 0.22
  15   31 0.80
  32   46 0.01
  14   41 0.85
   0   12 0.11
  29   65 0.20
   2   21 0.61
  26   65 0.32
  38   77 0.35
  11   48 0.33
  32   60 0.88
  38   74 0.79
  38   63 0.51
  33   54 0.16
  20   34 0.68
   0   39 0.14
  27   61 0.97
  19   20 0.52
  13   35 0.92
  16   32 0.65
  26   35 0.68
   4    9 0.73
  33   51 0.54

