3 50 8
6    4  20   4  16  16   4

  44   74 0.68
  87  115 0.14
  29  125 0.65
  13   22 0.86
  29   63 0.00
  34   58 0.24
  81  166 0.44
  19   21 0.05
  47  141 0.92
  37   95 0.99
  20   87 0.39
  48  116 0.41
  78   93 0.85
  27   44 0.08
  85  171 0.40
  84  178 0.22
  74  119 0.97
   6   28 0.41
   5   10 0.34
  17   60 0.36
   3   60 0.52
   4    7 0.92
  40   46 0.36
  77  166 0.42
  80  156 0.98
  47   93 0.69
   6   17 0.54
  90  142 0.99
  77  122 0.96
  71  132 0.94
  77   84 0.10
   7   58 0.35
  77  174 0.87
  93  150 0.03
  75  157 0.86
  67  138 0.52
  59  155 0.47
  37   51 0.30
  30   76 0.41
  94  152 0.09
  84  174 0.82
  83   88 0.47
  53   96 0.76
  43   65 0.39
  79  171 0.00
  53  136 0.08
  77  101 0.42
   8   92 0.11
  61  158 0.79
  19   93 0.39

  14   21 0.34
  20   61 0.52
  24   68 0.43
  94  162 0.20
  86  150 0.39
  37  107 0.98
  29   92 0.56
  68  166 0.93
  90  175 0.44
  50  107 0.46
  98  188 0.73
  76  151 0.31
  34   80 0.34
  13   92 0.87
  82   83 0.11
   2   45 0.84
   3   34 0.91
  24   45 0.64
  80  119 0.99
   9   74 0.54
  25   82 0.08
  56   95 0.19
  86   87 0.96
  64  150 0.05
  57   73 0.21
  82  145 0.42
  60  103 0.97
  90  159 0.36
  87   91 0.72
  66  141 0.08
  60  137 0.50
  84  167 0.88
  47   98 0.08
  85   93 0.87
  71   89 0.49
  40   43 0.86
  62   94 0.68
  53   84 0.88
  50  102 0.16
  30   55 0.43
  25   64 0.27
  98  181 0.10
   9   99 0.28
  63  121 0.28
  81   98 0.05
  90  162 0.55
  89  162 0.36
  88  161 0.39
  80  144 0.50
  31   67 0.35

  24  112 0.46
  53  145 0.20
  26   86 0.53
  33  117 0.79
  44  119 0.97
  90  182 0.76
  94  127 0.12
   7   11 0.81
  26   96 0.09
  38   38 0.16
  78  129 0.74
  46   96 0.93
  50  122 0.15
  75  138 0.48
  83  114 0.93
  69   70 0.68
  52  138 0.88
  63  131 0.30
  64  109 0.74
  82  102 0.43
  34  130 0.04
  88  177 0.13
  29   61 0.54
  29  104 0.55
  37  117 0.97
   1   34 0.50
  71  158 0.91
   0   72 0.62
  23   84 0.14
  15  100 0.74
  95  135 0.35
  50  112 0.05
  71  105 0.62
  10   15 0.84
  66  146 0.35
  15   69 0.72
  44  119 0.73
  58  118 0.81
  46  117 0.78
  64   84 0.17
  31   71 0.78
  32  125 0.49
  92  169 0.39
  84   94 0.62
   5   91 0.41
  44  117 0.04
  25   93 0.93
  34   91 0.16
  16   30 0.15
  16   39 0.29

  62   82 0.58
  44   53 0.72
  66  130 0.34
  79   80 0.86
  46  105 0.43
  47   93 0.36
  62  116 0.61
  87  108 0.24
  30   41 0.77
  63  106 0.06
   9   30 0.89
  30   95 0.80
  61  108 0.83
  48   67 0.41
  46   69 0.54
  51   58 0.43
  49   79 0.31
  47   75 0.31
  73  145 0.69
  47  121 0.95
  16   57 0.54
  14   74 0.06
  75  151 0.21
  41  111 0.98
  37  114 0.76
  85  165 0.50
  94  122 0.79
  31   55 0.87
  92  114 0.79
  53  135 0.47
  64   96 0.57
  92  111 0.94
  95  155 0.03
  18  106 0.63
  31   59 0.16
  27   46 0.95
  44   96 0.71
  64  145 0.75
   6   73 0.70
  62   96 0.55
  50   74 0.95
  57  127 0.65
  66   83 0.61
  63  107 0.34
  11   24 0.29
   4  102 0.77
  23   82 0.73
  85   90 0.92
  54   58 0.64
  38   50 0.00

  13   56 0.19
  24   88 0.46
  31  120 0.38
  22   71 0.96
   6   69 0.59
  68  113 0.00
  95  122 0.76
   5   14 0.42
  91  106 0.47
  59  128 0.17
  31  114 0.52
  10   61 0.73
  43   67 0.56
  14   24 0.09
  78  133 0.74
  38  114 0.80
   9   82 0.81
  38   83 0.98
   8   79 0.88
   2   42 0.50
  40   72 0.86
  94  183 0.77
   3   49 0.92
  24   83 0.96
  12   34 0.55
  31   32 0.67
  98  193 0.42
   4   68 0.35
  21   32 0.77
  54  148 0.00
  28  107 0.75
  54   84 0.67
  41  120 0.16
  35   44 0.82
  39  136 0.58
  67  146 0.31
  16   59 0.59
  52   80 0.26
  21  112 0.44
  61  123 0.66
  58  135 0.44
  35   46 0.71
   5   85 0.11
  96  112 0.66
  45   80 0.55
  41   84 0.59
  92  165 0.19
   1    7 0.35
  75  168 0.48
   3   34 0.66

  46   61 0.42
  93  144 0.02
  81  103 0.08
  90  186 0.32
  27  112 0.01
  61  104 0.63
  59   79 0.85
  33   91 0.95
   1   91 0.22
  44   95 0.00
   7   10 0.65
  33  108 0.38
  92  115 0.51
  22   52 0.28
  33  110 0.80
  17   48 0.04
  11   92 0.11
  35   50 0.51
  47   66 0.20
  63   91 0.52
  40   60 0.36
  36   68 0.62
  58  112 0.66
  52  148 0.39
   5   78 0.25
  13  108 0.57
  11   82 0.06
  67  131 0.99
  96  169 0.33
  62   99 0.79
   6   95 0.99
   0   75 0.95
  91  109 0.76
  80   96 0.03
  93  161 0.11
  87  146 0.63
  34   62 0.33
  27   97 0.14
  20   24 0.24
  54  144 0.23
  18   43 0.00
  33   99 0.56
  92  110 0.41
  32   73 0.10
  36  119 0.29
  26  106 0.30
  63  108 0.16
  84   87 0.67
  37  125 0.93
  22  116 0.55

