5 30 8
6   20  10  10  10   4  20

  16   28 0.05
   8   28 0.80
  19   36 0.24
  22   45 0.95
  11   33 0.86
  14   18 0.27
  24   39 0.75
  26   39 0.33
   2   23 0.86
   0    6 0.33
  24   27 0.87
  10   15 0.00
  18   19 0.37
  19   22 0.47
   1   18 0.26
   1   15 0.57
   3   14 0.34
  10   24 0.39
  15   24 0.52
  25   34 0.53
  18   23 0.88
  16   40 0.64
  23   47 0.82
  23   23 0.12
  19   26 0.79
  17   19 0.45
   0    2 0.32
  21   24 0.62
   1    5 0.46
  18   22 0.91

  11   29 0.25
  18   19 0.24
  26   30 0.51
   5   27 0.38
  24   45 0.76
  11   23 0.85
  23   27 0.60
   6   14 0.33
   6   16 0.76
  14   17 0.79
  10   19 0.31
  13   15 0.79
  23   37 0.96
  22   30 0.49
  16   40 0.00
  24   45 0.25
   8   31 0.84
  10   14 0.41
   5   29 0.54
   7   31 0.66
  16   39 0.58
  16   17 0.67
  12   26 0.88
   0   24 0.99
  24   28 0.21
  19   39 0.71
  24   33 0.77
  19   40 0.30
  14   39 0.74
  23   26 0.74

  15   30 0.06
   3   29 0.89
   7   18 0.97
  12   26 0.44
   2    5 0.74
  22   38 0.87
  15   34 0.15
  13   16 0.73
   8   25 0.75
   3   18 0.88
  20   30 0.43
  19   26 0.94
   7   18 0.31
   4    7 0.97
   0   25 0.22
  22   39 0.25
  20   27 0.66
  18   29 0.10
  21   45 0.90
  23   38 0.88
  23   30 0.03
   0   16 0.66
  11   31 0.88
  24   45 0.94
  16   36 0.68
   5   29 0.43
  14   37 0.38
   4   17 0.91
   6   10 0.94
   7    8 0.35

   9   30 0.54
  23   23 0.53
   6   24 0.52
  15   19 0.30
   4    8 0.28
   6   11 0.71
   9   20 0.07
   0   20 0.46
   1   23 0.84
  17   24 0.93
  10   33 0.70
  24   43 0.15
  11   24 0.40
  14   35 0.53
  24   46 0.19
  20   25 0.79
  23   33 0.53
  14   18 0.57
  18   31 0.10
   0   18 0.21
  12   14 0.21
   9   18 0.53
  23   41 0.21
  13   25 0.12
  25   25 0.12
  19   20 0.62
   7   10 0.12
   4   21 0.47
   9   19 0.33
  25   51 0.83

  13   32 0.86
  17   36 0.60
  17   22 0.71
   8   32 0.71
   5   10 0.28
   4   21 0.46
   0    3 0.19
  14   39 0.80
  12   35 0.97
  21   35 0.10
  20   21 0.85
   5   31 0.03
  19   38 0.86
   1   20 0.67
   9   25 0.75
  25   42 0.72
  15   18 0.75
  16   36 0.28
  16   18 0.34
   5   10 0.24
  18   37 0.09
   6    6 0.71
  17   26 0.63
   6   24 0.32
   3   21 0.65
   5   23 0.93
  21   32 0.27
   8   13 0.56
   8   13 0.14
  11   14 0.65

   2   10 0.82
   6    9 0.63
  10   23 0.95
   9   32 0.76
   4   10 0.81
  20   27 0.21
  25   48 0.75
  19   26 0.64
  13   37 0.43
  18   23 0.83
  21   31 0.77
   0    5 0.52
  11   33 0.77
  19   20 0.78
  21   39 0.58
  25   40 0.92
  14   22 0.25
  14   33 0.68
   2   18 0.62
  21   40 0.58
  16   27 0.99
   9   21 0.98
  24   28 0.38
  26   37 0.36
  12   24 0.77
   3   28 0.21
   2   17 0.07
   1   27 0.67
   1   15 0.21
   8   29 0.43

