5 30 4
6    4  16  20  16  10   4

   8   10 0.52
   9    9 0.84
  62   73 0.32
  77   79 0.61
  33   70 0.34
  69   95 0.04
  29   71 0.76
  77  116 0.89
  77  109 0.16
  18   69 0.78
  27   69 0.47
  66   66 0.76
  51   84 0.57
  20   36 0.47
  62   70 0.64
   9   33 0.42
  65  106 0.84
  41   62 0.68
  23   31 0.20
  33   36 0.62
  41   87 0.89
  21   23 0.93
  60   80 0.95
  20   25 0.99
  57   70 0.08
  14   61 0.71
  33   69 0.46
  70  114 0.51
  23   56 0.06
  45   64 0.34

  19   59 0.04
  69  111 0.59
  30   41 0.89
  38   44 0.86
   9   13 0.80
  63   73 0.00
  33   39 0.67
  39   39 0.24
  75  126 0.34
  27   33 0.05
  62  103 0.09
  40   52 0.07
  60   94 0.72
  19   43 0.93
  33   67 0.25
  66  115 0.32
  58   88 0.64
  49   61 0.66
  64   90 0.54
  76  120 0.31
  37   56 0.55
   3   21 0.14
  51   89 0.19
  34   72 0.16
  63  106 0.87
  25   41 0.54
  27   64 0.86
  29   57 0.81
  39   46 0.60
  11   33 0.37

  40   44 0.81
  55   56 0.60
  33   44 0.76
  60   72 0.97
  52   72 0.98
  24   31 0.44
  55   99 0.70
  28   69 0.00
   1   32 0.88
   9   26 0.47
  48   86 0.18
  15   29 0.16
   7   11 0.17
  31   69 0.28
  27   67 0.94
  30   44 0.49
  23   44 0.90
  60   90 0.50
  69   85 0.90
  75   94 0.16
  34   57 0.72
  19   41 0.03
  36   46 0.39
  35   78 0.03
  26   49 0.89
  60   61 0.66
  25   48 0.36
  57   69 0.44
  18   61 0.66
   5   47 0.42

  22   35 0.47
  62   91 0.24
  68   93 0.54
  66   93 0.01
   3   41 0.32
  13   28 0.81
   2   33 0.32
   6   41 0.39
  20   63 0.95
  56   79 0.72
  55   63 0.04
  12   20 0.51
  25   59 0.38
  68   85 0.87
  35   50 0.24
  26   32 0.39
  71   77 0.51
  11   55 0.34
  56   86 0.69
  27   38 0.63
  76   93 0.44
  11   38 0.55
  55  104 0.39
  11   46 0.60
  10   12 0.69
  17   44 0.76
   3   54 0.98
   2   28 0.61
  49   66 0.71
  41   68 0.13

  57   73 0.69
  73   95 0.70
   2   10 0.02
  36   81 0.22
  47   51 0.53
  15   28 0.67
   6   42 0.30
  26   51 0.02
  34   41 0.38
  33   84 0.40
   6   14 0.53
  23   66 0.32
  47   61 0.08
  42   71 0.58
  48   96 0.04
  36   81 0.01
  71   72 0.49
   0   16 0.09
   8   52 0.25
  28   71 0.14
  46   87 0.61
  52   93 0.73
   2   24 0.16
   5   11 0.68
  10   54 0.87
  12   39 0.69
  28   50 0.14
   7   25 0.86
  50   57 0.62
  69  115 0.95

  40   45 0.06
  11   50 0.21
   0   20 0.47
  37   72 0.12
  55   67 0.88
  53   98 0.46
  30   51 0.17
  74   90 0.87
   2   48 0.59
   1   13 0.72
  13   41 0.65
  12   58 0.12
  22   45 0.18
  17   24 0.00
  41   92 0.40
  76   84 0.33
  55   86 0.75
  44   63 0.30
  41   87 0.13
   5   11 0.66
  76   99 0.67
  29   40 0.85
  51   85 0.83
  28   39 0.60
  14   61 0.20
  71   88 0.93
  71   84 0.11
  21   36 0.28
  30   70 0.16
  77   93 0.83

