3 30 8
6   10  10   2  20  16   4

  10   37 0.58
   3   38 0.99
   8   17 0.60
  17   45 0.97
  14   44 0.62
  10   28 0.69
  15   51 0.57
   5   14 0.58
  11   18 0.13
  10   10 0.85
   9   46 0.70
  15   48 0.03
   2    6 0.42
   5    5 0.47
   4   11 0.23
  15   44 0.01
  12   44 0.14
  11   38 0.35
  12   26 0.74
   3   34 0.02
  11   43 0.41
  13   19 0.23
   7   31 0.07
   5   16 0.87
   3   34 0.36
   9   31 0.80
   3   30 0.05
   8   18 0.57
   0   10 0.16
  13   25 0.42

  18   36 0.32
   3    7 0.77
  12   18 0.91
  11   43 0.42
  12   29 0.19
   2   14 0.06
   5    8 0.66
  14   35 0.82
  11   32 0.04
  14   17 0.95
   7   18 0.71
   0   37 0.34
  17   52 0.46
   7   29 0.45
  13   45 0.91
   9   16 0.27
  15   15 0.22
  10   14 0.10
  13   40 0.92
   9   11 0.60
  14   32 0.73
  16   27 0.38
  10   18 0.27
   6   11 0.68
   3   28 0.30
   0   22 0.97
  16   32 0.36
   8   17 0.04
   2   18 0.23
  10   31 0.57

   6   14 0.55
  10   40 0.70
   4   20 0.17
   4   23 0.02
  14   50 0.94
  10   38 0.49
  14   33 0.88
  14   31 0.55
  15   45 0.33
   0   28 0.26
  14   27 0.96
   9   18 0.67
  11   43 0.87
  12   18 0.30
  15   50 0.05
   6   36 0.61
   2    4 0.62
  14   15 0.89
   9   12 0.00
  10   44 0.92
  17   19 0.05
   3   18 0.07
  14   22 0.51
   6   40 0.70
  17   19 0.09
   8   40 0.45
   7   18 0.13
  17   45 0.02
  16   43 0.87
   2   37 0.15

  17   49 0.38
  15   47 0.83
  18   50 0.40
   1   22 0.39
   5   22 0.26
   5   25 0.79
   5   33 0.17
   5   16 0.57
  13   19 0.64
   6   40 0.69
   9   42 0.48
  18   19 0.45
   2   37 0.61
   7   24 0.95
   8   36 0.70
  15   25 0.17
  15   21 0.77
  15   38 0.03
  14   18 0.63
   6   20 0.72
   0   21 0.53
  18   27 0.47
  11   26 0.55
   8   17 0.74
   2   23 0.42
   8   40 0.62
   3   23 0.99
  17   41 0.02
   3   18 0.30
  15   27 0.98

  14   48 0.24
   9   36 0.04
  10   26 0.64
  13   48 0.39
  18   52 0.86
  16   25 0.83
   9   41 0.85
   9   46 0.74
   7   37 0.76
   9   43 0.62
   5   26 0.53
   8   21 0.42
   9   11 0.14
  17   32 0.61
   7    7 0.19
   9   37 0.46
  18   47 0.88
   3    6 0.03
   3   33 0.28
   5   18 0.99
   4   34 0.85
   2    9 0.34
  15   20 0.37
  15   50 0.31
  10   15 0.42
  16   36 0.87
   1    6 0.87
   8   41 0.07
   7   32 0.52
   4    4 0.98

  15   39 0.11
  16   47 0.33
   9   23 0.88
  12   28 0.60
   4   17 0.59
  10   20 0.70
  14   36 0.94
  17   17 0.08
  16   42 0.44
  14   47 0.66
  14   27 0.56
  11   37 0.88
   7   14 0.32
  10   44 0.40
   1   23 0.48
  11   22 0.05
  18   54 0.46
   4    9 0.80
   8   21 0.11
   2   20 0.24
   9   21 0.72
  13   30 0.42
  16   30 0.41
   9   38 0.01
   3   15 0.29
   5   41 0.53
   4   40 0.65
  18   41 0.68
  10   45 0.03
  11   17 0.72

