5 100 8
3   10   4  16

  31   59 0.65
   0   14 0.83
  24   30 0.84
  27   36 0.51
   4   24 0.34
  36   42 0.40
  10   39 0.23
  36   46 0.68
  17   21 0.48
  26   39 0.80
  34   41 0.65
  17   19 0.55
   3   26 0.48
   3   12 0.32
  10   42 0.24
  26   51 0.26
  15   42 0.27
   5   25 0.35
  24   33 0.39
  34   61 0.88
  35   57 0.31
  20   56 0.83
  12   14 0.04
  25   39 0.60
  13   43 0.78
  11   31 0.65
  16   37 0.66
   8   16 0.25
  14   43 0.47
  11   42 0.81
   9   34 0.78
   3   32 0.27
  20   21 0.51
  12   13 0.11
  17   49 0.06
  22   31 0.78
   2   34 0.96
  25   43 0.51
   3   28 0.88
  26   54 0.71
  10   30 0.31
  19   28 0.58
  14   20 0.93
   2    2 0.52
  36   56 0.44
  20   41 0.57
  20   20 0.22
   4   34 0.52
   3   33 0.89
  12   29 0.74
   9   16 0.01
   0   22 0.30
  23   39 0.47
  12   26 0.57
  18   34 0.43
  15   26 0.92
  30   50 0.97
  21   28 0.29
  12   48 0.37
  23   46 0.71
  17   22 0.09
  14   40 0.96
   2   16 0.09
  18   45 0.78
  15   40 0.96
   8   14 0.87
   8   35 0.07
   5   14 0.21
  21   52 0.24
  36   55 0.58
   7   34 0.20
  16   23 0.87
  18   31 0.85
   2   38 0.54
  14   48 0.97
  26   45 0.18
  27   43 0.29
  33   66 0.80
  15   36 0.92
  31   63 0.17
  28   61 0.39
  15   45 0.26
  19   49 0.99
   8   18 0.46
  33   45 0.06
  24   52 0.63
  29   65 0.05
  11   30 0.06
   5   12 0.90
   5   28 0.56
  29   46 0.45
  35   58 0.58
  34   64 0.23
  23   56 0.13
  24   53 0.68
  22   28 0.16
  25   44 0.65
  36   62 0.73
  18   21 0.31
  15   18 0.53

  11   29 0.67
  20   27 0.05
  31   38 0.82
  26   51 0.16
  21   56 0.35
  35   70 0.34
  22   22 0.39
  15   47 0.64
  23   49 0.70
   8   30 0.53
   8   12 0.38
  12   36 0.58
  14   29 0.45
   4   22 0.63
  29   32 0.56
   2   33 0.13
  32   40 0.68
  18   54 0.69
   8   16 0.09
  35   40 0.77
   4   39 0.72
  13   48 0.38
  33   43 0.83
  16   20 0.78
  34   68 0.22
  28   39 0.19
  24   29 0.28
   3   24 0.01
  31   62 0.66
   0   34 0.83
   5   29 0.79
  25   33 0.57
   5    7 0.02
  21   52 0.76
  34   53 0.14
  11   47 0.76
  10   19 0.24
   6   16 0.80
  31   52 0.39
   3    6 0.95
  26   32 0.65
  19   48 0.32
  36   67 0.05
   7   23 0.22
  22   52 0.19
   8   32 0.49
  26   35 0.80
   7   12 0.79
  15   37 0.24
  18   54 0.44
   8   41 0.76
  18   18 0.98
  17   36 0.77
  16   18 0.91
  20   52 0.58
  29   49 0.54
  30   65 0.66
  19   47 0.76
  33   37 0.00
  29   30 0.10
  23   30 0.19
  28   63 0.31
  31   43 0.70
  15   41 0.43
  10   27 0.34
  15   46 0.63
  15   16 0.53
  35   47 0.32
   1    6 0.35
  18   38 0.06
  28   56 0.95
  15   33 0.50
   3   31 0.36
   1   36 0.81
  22   24 0.00
   2   18 0.78
  10   11 0.21
   8   44 0.04
  35   37 0.36
  24   58 0.51
  16   35 0.95
  12   19 0.34
  10   18 0.28
  14   36 0.41
  19   55 0.07
   9   18 0.56
  18   29 0.34
   6   31 0.06
   4   34 0.43
  23   36 0.51
  11   15 0.28
  18   34 0.63
   3   34 0.52
  23   59 0.80
  19   24 0.09
  24   26 0.51
  26   60 0.62
   2    4 0.35
  34   69 0.74
   3   28 0.99

  14   40 0.63
   9   10 0.79
  11   23 0.01
  26   54 0.38
  23   49 0.05
  28   33 0.08
  23   55 0.71
  12   36 0.69
  23   57 0.86
  16   45 0.08
  22   40 0.71
  31   42 0.06
  11   28 0.94
  16   18 0.60
   6    9 0.96
  27   29 0.61
   6   20 0.16
  11   30 0.59
   2   22 0.28
   2   33 0.60
  12   44 0.05
  13   14 0.21
   4   31 0.28
   6   28 0.67
  27   60 0.08
  15   38 0.21
   4   39 0.54
  14   40 0.26
  30   49 0.81
   6   12 0.94
   1   23 0.25
   0    0 0.06
  32   41 0.49
   7   30 0.91
   0   26 0.65
  31   38 0.58
  14   25 0.50
   9   32 0.89
  10   17 0.03
  27   35 0.96
  23   30 0.96
  10   36 0.30
  34   58 0.53
   5   33 0.52
  17   25 0.63
  23   44 0.15
  36   48 0.73
  30   38 0.98
  34   42 0.66
   4   30 0.89
  13   21 0.75
  36   50 0.97
  27   27 0.27
  13   42 0.68
  34   62 0.53
  35   62 0.43
   6   32 0.08
  24   34 0.68
   6    6 0.51
  26   31 0.08
  29   39 0.14
  26   43 0.57
  17   50 0.19
   6   21 0.00
  13   48 0.13
  30   45 0.58
   9   16 0.49
  35   68 0.52
  26   36 0.15
  24   24 0.80
  33   35 0.14
  15   35 0.71
  10   40 0.09
   1   21 0.60
  16   27 0.71
   5   22 0.27
  19   49 0.70
  18   53 0.65
   8   13 0.29
   8   31 0.06
  20   47 0.65
  28   53 0.59
  36   36 0.31
  11   47 0.76
  29   29 0.50
  24   30 0.49
  35   47 0.90
  13   35 0.94
  17   24 0.16
  18   31 0.92
   4   30 0.32
  24   57 0.36
   8   19 0.78
  34   51 0.13
  29   40 0.43
  22   22 0.43
  29   38 0.19
   7   34 0.20
  25   33 0.35
  20   28 0.49

