5 25 4
12   20   4  10   4   4  10  16  20   2  16  20  10

  62   80 0.97
  74   96 0.31
  19   25 0.44
   5   26 0.67
  38   49 0.58
   6   44 0.93
  10   46 0.28
  48   77 0.99
  13   16 0.51
  66   79 0.52
  48   66 0.38
  83  112 0.28
  81  112 0.27
  50   64 0.07
  55   70 0.85
   4    5 0.74
  28   59 0.03
   8   48 0.79
  38   49 0.37
  33   41 0.03
  81  104 0.50
  64   75 0.31
   8    9 0.01
  76   87 0.62
  68   93 0.94

  22   26 0.54
  52   58 0.91
   1   19 0.91
  30   68 0.28
  82   99 0.91
  22   33 0.42
  28   30 0.31
  22   33 0.23
  62  101 0.85
   2   42 0.49
  31   70 0.31
  21   47 0.12
   6   11 0.44
   0    9 0.82
  69   84 0.34
   5   33 0.25
  35   60 0.16
  36   40 0.35
  53   64 0.27
  29   33 0.52
   7   20 0.98
  74  101 0.28
  31   62 0.71
  25   33 0.38
  45   48 0.12

   9   46 0.73
  51   55 0.91
  72   84 0.76
  61   83 0.41
  41   49 0.08
  44   83 0.57
  16   30 0.76
  77   88 0.60
  29   51 0.75
  51   54 0.30
  13   22 0.87
  78  109 0.31
  84   86 0.45
  10   17 0.47
   2   25 0.54
  58   70 0.15
  82   99 0.66
  55   90 0.02
  22   53 0.15
  71   92 0.51
  70  106 0.11
  45   57 0.50
  36   71 0.82
   5   24 0.51
  60   93 0.64

  22   35 0.06
  58   73 0.32
  15   16 0.10
  54   55 0.89
  77   97 0.20
  55   58 0.55
  27   56 0.42
  58   71 0.62
   5   11 0.62
  70   95 0.62
  48   74 0.02
  66  105 0.14
  64   96 0.33
  63   94 0.34
  81   88 0.00
   8   21 0.66
  79   92 0.52
  66   75 0.93
  67   87 0.97
  17   36 0.02
  43   68 0.94
  65  102 0.94
  51   87 0.78
  48   75 0.33
  83  113 0.59

  43   70 0.34
  48   72 0.89
  69   78 0.76
   5   45 0.76
  62  102 0.03
  41   55 0.71
  18   40 0.71
   4   43 0.77
  50   52 0.66
   5   23 0.11
  19   43 0.60
  57   90 0.19
  63   69 0.49
  66   68 0.44
  76  106 0.04
  12   45 0.67
  17   42 0.48
  51   67 0.78
  44   65 0.56
  30   53 0.62
  71   91 0.23
  78   94 0.51
  12   24 0.55
  61   62 0.22
  28   66 0.61

  53   91 0.28
  66   77 0.29
  59   88 0.32
  83  108 0.36
  67   77 0.34
  65   79 0.80
   2    7 0.90
   6   29 0.78
  53   58 0.50
  29   52 0.21
   9   41 0.63
  64   97 0.18
  81  111 0.55
  58   74 0.33
  65   67 0.56
  15   25 0.22
  10   12 0.18
  56   87 0.17
  43   61 0.54
  22   61 0.04
  64   65 0.23
  76  110 0.95
  70   77 0.62
  28   49 0.75
  71   77 0.91

  36   41 0.46
  82  117 0.40
  14   54 0.51
  68  105 0.93
  14   41 0.72
  25   55 0.48
  84  124 0.48
  56   78 0.85
  69   86 0.58
  61   95 0.73
   0   41 0.87
  49   79 0.70
  36   63 0.36
   6   39 0.55
   6    7 0.54
  60   60 0.75
  80  117 0.30
  64   66 0.86
  50   67 0.81
  62   62 0.45
  22   22 0.22
  66   77 0.04
  57   66 0.09
  84  102 0.99
  48   64 0.07

  56   96 0.04
  55   67 0.57
   2   26 0.54
  20   37 0.94
  16   39 0.79
  49   77 0.18
   4    8 0.35
  74  109 0.12
   7   10 0.92
  16   33 0.83
  52   76 0.33
  24   50 0.99
  49   81 0.06
  39   75 0.09
  79   92 0.08
  44   82 0.92
  83   98 0.93
  80   83 0.43
  64   67 0.10
  26   61 0.89
  44   75 0.90
  14   29 0.42
  12   27 0.56
  72   91 0.66
  34   66 0.47

   8   38 0.32
   3   31 0.53
  43   45 0.38
   6   21 0.51
  67  106 0.34
  47   80 0.34
  24   58 0.63
  58   58 0.00
  59   93 0.63
  35   57 0.74
  78   88 0.54
  38   70 0.58
  78  105 0.93
  61   75 0.26
  78  107 0.53
  47   59 0.24
  58   63 0.98
  69   93 0.16
  44   55 0.17
  11   47 0.17
  44   53 0.40
  14   31 0.84
  70   98 0.52
  19   27 0.20
  16   44 0.57

  10   31 0.44
  51   80 0.22
  76   84 0.71
  49   49 0.90
   6   24 0.64
  80   86 0.07
  72  107 0.33
  80   92 0.61
  50   55 0.52
  79  114 0.08
  22   55 0.38
  71   86 0.41
  78  107 0.17
  68   87 0.58
   2   20 0.36
  80  103 0.98
  57   85 0.22
  30   52 0.87
  35   74 0.43
  27   42 0.85
  50   68 0.61
  26   42 0.86
  52   93 0.73
  20   29 0.33
  73   99 0.81

  69   92 0.34
   7   36 0.75
  41   52 0.69
  29   60 0.17
  26   58 0.34
  49   71 0.11
  41   72 0.96
  37   77 0.89
  82  110 0.81
  24   34 0.46
   5   23 0.51
  70  109 0.52
  68   93 0.71
  21   33 0.60
  53   83 0.46
  50   55 0.18
  36   44 0.22
  44   45 0.14
  12   29 0.83
  78  117 0.31
  67  103 0.09
  41   70 0.63
  63   70 0.26
   6   20 0.67
  31   65 0.37

   0    7 0.55
  26   59 0.45
  51   69 0.52
  35   74 0.03
  69  105 0.68
  59   98 0.42
  18   24 0.05
   5   11 0.22
  60   94 0.14
  16   28 0.65
  14   29 0.33
  63   76 0.78
   1   13 0.72
  27   27 0.48
  39   47 0.00
  34   74 0.04
  78  108 0.07
  36   51 0.80
  42   52 0.59
  56   76 0.23
  50   80 0.32
  33   38 0.55
  20   48 0.22
  29   64 0.98
  16   21 0.65

