3 25 4
12   20  16   4   2   2  16   4   2  10  10  10   2

   4    4 0.38
  19   63 0.27
   4   99 0.29
  34  106 0.05
  47  147 0.52
   7   89 0.30
  31  126 0.08
  23   33 0.09
  26  100 0.53
  46  166 0.94
   5   88 0.62
  17   30 0.48
  31   31 0.04
  34  133 0.08
  49  113 0.05
  10  112 0.57
  13  116 0.76
  10   52 0.04
  48  167 0.32
  43  102 0.55
  26  127 0.85
  16   57 0.55
  46  143 0.01
  16   80 0.53
  44  190 0.66

  43   86 0.53
  23   25 0.66
  28  179 0.83
  50   95 0.27
  30  157 0.41
  25  130 0.84
  16   91 0.29
  42  111 0.62
  35  125 0.14
  22   92 0.44
   1   18 0.30
  47   82 0.91
  33   80 0.96
  36  100 0.49
   2  130 0.50
   4  100 0.25
  36  165 0.98
  21   90 0.61
   6  124 0.27
   9   41 0.34
  11  160 0.18
  11   91 0.24
  36   56 0.49
  12  147 0.10
  49  175 0.54

   3  135 0.97
  44  164 0.80
  28   89 0.99
  50  199 0.92
  28   48 0.15
  17   65 0.22
   5  137 0.71
  32  144 0.24
   7   41 0.99
   5    7 0.58
  16   29 0.79
  37  177 0.89
  28  123 0.31
   3  140 0.59
   2   43 0.16
  24  100 0.30
  45  150 0.07
   6   93 0.85
   0   21 0.59
  15  139 0.98
  10   77 0.46
  28  112 0.53
   6    9 0.05
  26   47 0.54
  35   62 0.67

  20   85 0.54
  44   53 0.78
  18   80 0.97
  30   38 0.52
   0   65 0.59
  29  152 0.69
  38  102 0.21
   6   44 0.48
  37  117 0.87
  19   67 0.62
  29   75 0.76
  49   78 0.89
   6   29 0.09
  33  123 0.64
  19  136 0.06
   8   25 0.76
  37  174 0.28
  41  130 0.38
  19   70 0.22
  39  169 0.03
  18   99 0.76
  32  117 0.79
   4  148 0.30
  19  147 0.15
  31   31 0.66

  44   66 0.99
  16   57 0.43
  16   49 0.82
  49  184 0.25
  39   90 0.48
  21  155 0.36
  18  135 0.84
   5   91 0.25
  19   48 0.73
  50  124 0.10
  26  109 0.11
  14  137 0.33
  30   99 0.90
  12   39 0.76
  44   89 0.07
  32   42 0.40
   0   84 0.13
  24   40 0.36
  31  179 0.46
  50  134 0.32
  41  110 0.40
  13  144 0.06
  26  121 0.15
   9   91 0.38
   8   39 0.27

  18  153 0.16
   1  118 0.10
   1   53 0.88
  12  125 0.11
   1   61 0.38
  27  114 0.20
  31  112 0.41
  40  130 0.55
  43   95 0.88
  14  143 0.59
  49   87 0.65
  25   33 0.58
   5   25 0.56
   0   60 0.48
  38  136 0.05
  45  145 0.62
  21  158 0.72
  19  158 0.27
   0  118 0.38
  44  172 0.28
  12   24 0.92
  41  113 0.96
  10   42 0.79
  23  174 0.68
  27  108 0.24

  47  148 0.24
   1   36 0.36
  35  106 0.47
  28   81 0.37
  48  174 0.65
   9   58 0.76
  31  179 0.74
  21   39 0.92
  10  132 0.02
   8  140 0.24
  47  114 0.96
  49  201 0.76
  36   63 0.41
  42  110 0.86
   6   69 0.11
  19   41 0.72
  36  158 0.47
   1   74 0.99
  28  159 0.28
   0   50 0.87
  50   54 0.83
  15  140 0.64
  39  156 0.89
  15   28 0.12
  24   93 0.41

  21  156 0.65
  16   67 0.59
  36   77 0.04
   5  141 0.25
   7  143 0.48
  22  169 0.12
  48  147 0.99
  41  171 0.01
   4  148 0.25
  13  108 0.21
  34   72 0.70
  19   59 0.98
  48  144 0.03
  27   76 0.43
   8  141 0.90
  30   72 0.08
   6   10 0.70
   1   14 0.71
   7  123 0.29
  20  111 0.56
  48   75 0.49
  15   87 0.20
  43  102 0.16
  12   52 0.04
  46  139 0.06

   5   44 0.01
  28  169 0.73
  15   31 0.80
  39   43 0.88
  45  160 0.07
  36  154 0.77
  31   59 0.73
   0  118 0.32
  37  135 0.48
  38  108 0.18
   8  102 0.06
   8   39 0.35
   6    9 0.64
  17  142 0.09
  28  128 0.74
  15  147 0.24
  39  182 0.51
  12   31 0.14
  21  163 0.54
  14   36 0.17
  43   87 0.35
   6   19 0.61
  23   84 0.04
  28  104 0.39
  35   82 0.92

   1    9 0.52
  19  126 0.03
  35  133 0.90
  44  153 0.69
   3   64 0.23
  48  119 0.92
   5  121 0.90
  27  118 0.77
  22  133 0.17
   9   39 0.24
  35   91 0.27
  36  129 0.63
   5  126 0.96
   1  150 0.87
   2  100 0.10
  35  129 0.42
  30   57 0.67
  29  161 0.09
  23   56 0.69
  43   68 0.80
   9  111 0.15
  49  189 0.11
   3   37 0.15
  44   85 0.44
  47  104 0.09

  21   91 0.29
  23  159 0.28
  29  179 0.85
  10   33 0.78
  50  137 0.09
  18   43 0.32
  48  108 0.65
  32   75 0.27
  28   55 0.51
  13   75 0.06
  18  145 0.83
  35  155 0.46
  15   43 0.87
  19   37 0.15
   8   43 0.09
  47  162 0.60
   2  103 0.59
   5   71 0.11
  13   76 0.81
  17   55 0.45
  20  165 0.22
   1   38 0.31
  31   77 0.09
   8   62 0.53
   5  126 0.32

  13  115 0.48
  22   43 0.88
  45  163 0.29
  14   94 0.28
   1   51 0.08
  49  121 0.60
   5  149 0.58
  44  112 0.82
  14  118 0.50
  41   84 0.33
  10   71 0.56
  19  135 0.21
   7   84 0.75
  30  101 0.88
  35   89 0.06
  30   58 0.28
  20  151 0.99
  24  146 0.56
  41  156 0.52
  14  129 0.79
  15   82 0.65
  29  107 0.64
  48   52 0.74
  29  180 0.93
   3  124 0.10

