3 60 4
3   20  10  10

 103  160 0.20
  71  116 0.47
 110  190 0.43
  40  121 0.83
  36   52 0.84
  16  106 0.27
  19   26 0.60
   5   91 0.14
  31   35 0.88
  79  153 0.84
  98  180 0.58
  70  103 0.93
 110  173 0.76
 145  239 0.10
 118  150 0.69
   4   21 0.47
  84  134 0.98
 131  214 0.13
 137  207 0.03
  48   96 0.26
  62  119 0.32
 134  175 0.14
   9  107 0.95
  89  166 0.23
 121  212 0.98
   9   78 0.43
  98  110 0.97
  67  105 0.20
 106  172 0.73
  40   81 0.36
  41  129 0.74
 130  200 0.32
 108  153 0.40
 117  171 0.00
  79  175 0.20
  47  134 0.07
  93  165 0.98
  34   80 0.48
  89  121 0.92
 143  170 0.66
 130  226 0.33
 119  168 0.59
   8   96 0.70
  25   27 0.62
  96  152 0.66
   1   82 0.34
 112  169 0.41
  21   57 0.10
  99  186 0.77
 110  143 0.56
  16   22 0.12
 108  138 0.18
  72  103 0.79
  99  177 0.69
 136  217 0.85
 139  141 0.13
   3   25 0.45
  90  163 0.31
 143  148 0.65
 109  207 0.08

  67   83 0.95
  82  157 0.57
 149  243 0.67
 118  157 0.97
 136  156 0.81
  84  115 0.92
  16   27 0.72
  35   53 0.65
  57  143 0.76
 138  179 0.63
  35   77 0.06
 102  126 0.89
   9   45 0.04
  61  104 0.10
  24   54 0.08
 121  213 0.62
  46  134 0.86
 105  165 0.38
  19  116 0.66
  95  173 0.95
  26  105 0.97
 149  192 0.55
 118  191 0.86
  46   83 0.68
  23   98 0.29
 129  178 0.10
  90  154 0.38
  64  142 0.48
  42   60 0.66
  85   96 0.72
  14  104 0.11
  63   77 0.46
  60  133 0.42
  20   62 0.43
 138  220 0.66
   4   71 0.72
  90  124 0.25
 134  182 0.08
 149  205 0.52
  68   87 0.36
 102  152 0.61
  62  121 0.81
  47  105 0.96
  15   65 0.33
 130  212 0.50
  76   91 0.52
  45   73 0.92
  68  165 0.40
  15   87 0.98
  39   84 0.91
 117  165 0.88
  75   80 0.22
  80  137 0.45
 132  141 0.22
  74  160 0.79
  38   91 0.02
  21   86 0.71
  10   82 0.78
 123  184 0.90
  84  148 0.94

  92  123 0.30
 141  192 0.20
 128  183 0.07
  88   94 0.47
 111  133 0.38
  56   91 0.13
  12   70 0.09
 142  191 0.13
 144  211 0.30
  81  134 0.87
  58  125 0.60
  42  124 0.92
  24  120 0.17
 113  189 0.73
  66   84 0.76
 112  129 0.84
  66  146 0.22
 139  212 0.47
  22   60 0.86
 103  192 0.38
  15   15 0.52
 122  124 0.97
  56  151 0.43
  70  150 0.52
  83  133 0.45
  35  134 0.16
  81  115 0.00
  95  174 0.69
  20   45 0.12
 118  131 0.45
  44  116 0.41
   2   19 0.29
 103  175 0.72
 126  127 0.44
  87  112 0.72
 120  125 0.48
  50   77 0.23
  11   75 0.52
 143  193 0.65
  29   74 0.21
 149  239 0.88
 142  144 0.14
  24   37 0.36
  26  108 0.29
  95  130 0.65
  50  138 0.80
  46   62 0.59
  81  141 0.04
   6   13 0.08
  25   50 0.03
  54   75 0.97
  80  109 0.19
  63  103 0.83
  43  136 0.55
  32  105 0.62
  72  101 0.51
  62  108 0.22
 138  159 0.50
 148  151 0.61
  19   82 0.78

