3 30 4
6   16   4   2   2  10  10

  35   50 0.80
  17   42 0.91
   9   58 0.36
   1   30 0.88
  49   81 0.57
   9   15 0.67
  28   73 0.76
   3   11 0.45
  49   80 0.50
  45   88 0.90
  48   74 0.55
  37   66 0.09
  16   25 0.78
  54   89 0.01
  40   65 0.25
  18   71 0.14
   6   54 0.51
  29   41 0.16
  25   62 0.18
   1   55 0.15
   9   59 0.82
  45   76 0.93
  51   80 0.56
  10   12 0.18
   8   22 0.45
  54   66 0.83
  31   70 0.75
  42   90 0.36
  45   51 0.52
  16   44 0.84

   1   43 0.97
  44   83 0.45
  42   57 0.51
  42   95 0.08
  38   80 0.87
  52   68 0.65
  37   81 0.11
  46   77 0.71
   8   43 0.89
  24   31 0.83
  42   94 0.19
  10   14 0.77
  32   32 0.98
  16   26 0.36
   2   40 0.54
  50   84 0.62
  50   98 0.30
   3   46 0.82
  14   46 0.55
  34   55 0.08
   3   22 0.80
  13   44 0.93
  54   63 0.11
   9   22 0.97
  30   79 0.50
   3   15 0.50
  46   81 0.85
  36   74 0.45
  34   53 0.40
  44   63 0.51

  51   93 0.11
  47   85 0.57
  43   49 0.48
  52   78 0.07
  38   63 0.45
   5   26 0.00
   4   21 0.86
  29   55 0.90
  42   76 0.22
  51   78 0.42
  39   86 0.56
  12   50 0.91
  46   72 0.97
   1   49 0.82
   5   34 0.27
  33   76 0.81
  20   34 0.89
  53   70 0.73
  24   42 0.37
  15   48 0.87
   7   46 0.84
  34   86 0.28
  27   76 0.62
   1   45 0.99
  50   56 0.58
  41   43 0.28
  20   37 0.04
  31   33 0.49
  38   56 0.98
  19   66 0.52

  27   43 0.70
  29   52 0.40
  49   69 0.32
  11   22 0.11
   5   26 0.48
  33   63 0.21
  42   69 0.92
  20   25 0.45
  25   27 0.29
  41   41 0.67
   1   21 0.74
  39   81 0.64
  52   64 0.77
  19   64 0.26
  30   39 0.83
  39   57 0.10
  41   74 0.97
  13   58 0.75
  11   35 0.99
  30   61 0.00
  20   35 0.40
  52   61 0.00
  38   43 0.44
  15   21 0.48
   0   50 0.51
  10   59 0.05
  35   50 0.14
  10   44 0.83
  19   45 0.16
  39   62 0.78

  46   72 0.71
   0   49 0.26
  24   62 0.62
  30   81 0.90
  16   36 0.33
   3   47 0.75
  37   66 0.08
  51   59 0.24
  38   70 0.38
  15   69 0.18
  24   75 0.64
  37   81 0.04
  34   40 0.72
   2    5 0.41
   5   49 0.53
  39   64 0.32
  51   83 0.13
  45   50 0.68
  24   73 0.13
  42   89 0.64
   6   50 0.29
  44   59 0.33
  10   34 0.99
  13   46 0.23
   5   18 0.10
  13   31 0.16
  20   33 0.52
  11   38 0.95
  45   92 0.99
  26   78 0.37

  15   53 0.86
  38   74 0.71
  35   43 0.28
  38   60 0.59
  42   61 0.96
  42   60 0.03
  53   95 0.45
  51   78 0.59
  17   39 0.73
  24   78 0.48
  39   80 0.62
  53   74 0.00
   5   12 0.17
   8   52 0.61
  50   98 0.10
  34   40 0.30
   6   14 0.48
  21   34 0.21
   2    7 0.03
  11   34 0.65
   6   50 0.94
  43   76 0.34
   4   48 0.05
  18   68 0.44
   6   22 0.12
  54   89 0.18
  31   60 0.37
  15   18 0.81
  33   85 0.17
  23   65 0.32

