4 30 4
6   10   4  10   4   4   4

   5   14 0.11
  20   43 0.38
  46   86 0.11
  40   75 0.11
  10   42 0.31
  19   38 0.27
  26   68 0.84
  11   30 0.66
  26   26 0.49
  37   62 0.96
  16   64 0.78
  24   28 0.94
  43   78 0.90
  47   56 0.98
  49   81 0.62
  43   68 0.83
   4   29 0.32
   9   13 0.53
  12   27 0.24
   0    3 0.31
  18   25 0.77
   1   22 0.86
  10   17 0.71
  41   51 0.26
  21   70 0.68
   9   18 0.08
  28   53 0.45
  25   30 0.61
  32   47 0.91
   3   44 0.50

   3   28 0.49
  38   62 0.29
  16   29 0.80
  16   34 0.49
  18   57 0.11
  21   44 0.38
  38   43 0.92
  34   48 0.50
   0   14 0.31
  16   17 0.98
  28   46 0.69
  42   89 0.15
  39   46 0.84
  15   25 0.83
  18   40 0.23
  22   28 0.05
  15   39 0.16
  38   54 0.27
  11   25 0.22
  17   51 0.33
  44   83 0.77
  48   94 0.94
  10   30 0.58
   7   34 0.87
   9   29 0.70
  41   53 0.95
  37   52 0.35
  20   51 0.14
  13   50 0.59
  19   28 0.65

  32   81 0.78
  33   47 0.34
   2   19 0.26
  44   65 0.77
  39   67 0.68
  13   21 0.43
   9   31 0.75
  22   38 0.52
  30   43 0.38
  11   40 0.72
  46   78 0.33
  30   54 0.63
  18   45 0.73
  45   59 0.66
   2   14 0.41
  10   11 0.83
  12   33 0.08
  47   84 0.12
  27   31 0.50
  46   49 0.54
  25   56 0.02
  37   75 0.39
  25   72 0.31
  32   81 0.84
  33   41 0.00
  23   62 0.38
  17   42 0.65
  34   65 0.22
  15   52 0.23
  44   49 0.77

  12   54 0.52
  30   59 0.77
  38   41 0.62
  24   55 0.95
  39   79 0.32
  28   58 0.53
  43   87 0.91
  34   37 0.88
  21   61 0.59
   6   18 0.00
  16   58 0.30
  21   36 0.31
  34   43 0.90
  18   20 0.97
  29   53 0.54
  23   37 0.87
   9   55 0.96
  26   47 0.33
   6   24 0.88
  43   79 0.48
  42   63 0.94
  40   76 0.81
  34   58 0.85
  29   64 0.52
  29   68 0.28
  11   51 0.68
  42   53 0.36
  42   72 0.99
  36   40 0.14
   2    8 0.02

   8   48 0.75
  19   27 0.29
  35   74 0.39
   5   46 0.37
  25   43 0.08
  43   68 0.99
  36   71 0.07
  30   51 0.44
  49   66 0.92
  48   67 0.80
  36   42 0.95
  11   34 0.34
  44   70 0.12
  40   50 0.11
   2   49 0.94
   3   35 0.93
  45   56 0.68
  21   44 0.44
  22   34 0.69
  19   29 0.02
  31   55 0.55
  12   18 0.87
  47   84 0.62
  10   51 0.38
  45   93 0.14
  40   41 0.17
  27   69 0.53
  36   46 0.14
  28   77 0.17
  34   41 0.78

  14   35 0.75
   3    8 0.88
  49   57 0.64
  12   22 0.02
  18   64 0.44
   8   20 0.50
   0   28 0.71
  45   61 0.59
  43   64 0.79
  49   74 0.94
  16   16 0.84
  42   81 0.74
  14   63 0.55
  17   19 0.43
  30   48 0.06
  24   49 0.74
  26   60 0.61
  45   45 0.58
  41   42 0.74
  35   51 0.62
  32   58 0.88
   1   50 0.36
   7   50 0.50
  37   39 0.81
  42   60 0.68
  45   68 0.11
  17   32 0.34
  45   59 0.04
   0   21 0.66
  29   60 0.63

