4 50 8
6   20  16  10   2   4   4

  12   35 0.87
  19   53 0.26
   6   25 0.15
   5   15 0.11
  13   35 0.57
  18   52 0.68
  14   54 0.93
   9   40 0.41
  13   18 0.19
  19   33 0.25
   2   15 0.14
  11   53 0.35
   3   26 0.54
  10   37 0.01
   1   11 0.11
   5   25 0.18
  10   11 0.38
  13   36 0.44
  14   50 0.01
  14   19 0.93
   0   35 0.42
  17   58 0.92
   4    7 0.63
  16   16 0.66
  12   49 0.03
  10   52 0.49
   4   35 0.07
   3   12 0.64
   3   21 0.80
   0   34 0.06
  17   52 0.96
  16   36 0.09
  19   52 0.08
  20   42 0.18
  20   41 0.63
   9   39 0.63
  12   32 0.29
   1   34 0.89
   1   11 0.45
  11   31 0.55
   7   12 0.55
   3   23 0.43
  18   23 0.39
   4   40 0.86
   1   29 0.30
  17   47 0.02
   3   36 0.95
  12   20 0.30
   0   38 0.29
  11   42 0.27

   3   33 0.59
   3   28 0.69
  10   51 0.15
  14   47 0.70
   2   39 0.77
  10   35 0.49
  10   17 0.32
  12   36 0.15
   2   28 0.30
   6   23 0.18
  13   13 0.84
  11   21 0.35
   4   33 0.05
  12   46 0.81
   7   31 0.47
  14   22 0.75
  11   37 0.86
  18   30 0.84
   9    9 0.29
  11   30 0.94
  17   55 0.10
  15   18 0.46
  13   38 0.58
  10   51 0.94
  15   40 0.38
  17   25 0.32
   5   36 0.29
  11   52 0.57
   5    9 0.36
  13   40 0.32
  14   38 0.53
   2   27 0.13
  17   20 0.81
  19   52 0.42
   9   12 0.65
  19   19 0.25
   3   36 0.20
   3   39 0.93
   3    7 0.25
  18   55 0.81
  20   42 0.34
  12   54 0.51
  17   27 0.76
  20   25 0.19
  19   33 0.23
   2   40 0.47
   3   45 0.95
   7   15 0.55
   4   16 0.68
  17   40 0.98

  10   18 0.90
   4    9 0.12
   6   41 0.65
   1   18 0.41
   8   10 0.58
  13   53 0.05
   3   26 0.73
  13   48 0.90
   7    8 0.87
   2   13 0.52
  16   22 0.89
   2   22 0.69
   8   21 0.11
  16   38 0.40
   8   33 0.17
  15   17 0.24
  16   54 0.43
  20   47 0.16
   5   19 0.05
  19   58 0.29
  15   36 0.97
   3   45 0.78
  19   33 0.31
   2   27 0.55
   8   17 0.22
   5   43 0.26
  18   38 0.24
  19   48 0.04
   6   40 0.97
  18   19 0.52
   6   15 0.25
  18   47 0.14
  13   46 0.79
   7   17 0.63
   3   11 0.27
   7   38 0.40
   0   31 0.25
  15   45 0.47
   3   42 0.70
  20   24 0.59
   4   27 0.71
  17   37 0.37
   5   15 0.17
  16   57 0.52
   3   20 0.50
  13   55 0.33
   9   12 0.09
   3   21 0.19
  17   29 0.65
   8   30 0.29

   0   23 0.21
  10   24 0.57
  17   20 0.80
   3   15 0.83
  10   22 0.53
   6   23 0.75
  13   50 0.94
  18   18 0.55
   1    3 0.94
  20   49 0.15
   4   28 0.40
  18   26 0.11
  13   33 0.89
   2   23 0.59
   7   25 0.93
  12   25 0.63
   2   28 0.50
   3   44 0.79
  20   47 0.19
   1   22 0.37
   2   12 0.72
  17   56 0.27
  19   24 0.86
   8   37 0.89
  12   54 0.90
   5   41 0.29
  18   53 0.40
  15   42 0.20
  14   49 0.52
  18   36 0.48
  14   45 0.77
   4   34 0.10
  15   35 0.90
  19   35 0.82
   3    9 0.91
  13   14 0.88
  17   17 0.24
   0    0 0.74
  20   59 0.57
  12   52 0.95
  16   30 0.56
   7   46 0.13
   8   39 0.33
  14   27 0.20
   0   19 0.88
   3   19 0.14
  10   36 0.95
  11   46 0.24
   5   41 0.32
   1   27 0.31

   7   33 0.45
  11   40 0.03
  16   23 0.82
  15   48 0.66
  16   33 0.31
  17   55 0.79
   8   23 0.55
  15   36 0.89
  15   31 0.90
  13   13 0.13
  14   27 0.02
  20   28 0.86
   2   26 0.24
   6   19 0.00
   4   34 0.50
  17   48 0.11
  19   24 0.94
  13   42 0.57
  13   24 0.29
   2   34 0.68
   8   48 0.15
   7   20 0.35
   3   42 0.42
  19   24 0.37
  13   32 0.63
  18   60 0.42
  18   51 0.07
   3    9 0.81
   5   28 0.14
  16   32 0.18
   2    6 0.12
  11   40 0.71
  17   35 0.58
   1   33 0.85
  11   41 0.62
  18   48 0.05
  18   55 0.39
  18   30 0.77
   7   29 0.96
   0   39 0.51
  19   49 0.98
   2   38 0.67
   1   19 0.70
  14   33 0.26
  14   55 0.89
  18   37 0.35
   2    2 0.08
   1   34 0.88
  19   59 0.00
   0   28 0.70

   9   19 0.70
  16   33 0.61
  19   32 0.63
  16   50 0.20
  18   48 0.24
  20   39 0.59
   3   37 0.03
   3    4 0.91
  13   37 0.84
   9   20 0.46
  20   32 0.14
   1   31 0.44
   3   41 0.65
   1   34 0.12
   6   26 0.95
  18   22 0.99
   1    7 0.63
   6   17 0.91
  14   47 0.09
  18   58 0.41
  17   22 0.05
  17   37 0.75
  15   21 0.12
   6   44 0.80
   3   14 0.62
   3   17 0.50
   7   45 0.77
   2   13 0.83
  20   46 0.43
   8   22 0.26
  11   38 0.06
  16   35 0.82
   9   30 0.12
   0   13 0.78
  15   22 0.70
   1    5 0.93
  17   56 0.50
   3   31 0.23
   3   29 0.36
  10   15 0.53
   2    4 0.52
   2   36 0.85
  16   47 0.86
  12   32 0.99
  13   55 0.13
   5    5 0.32
   6    7 0.12
  15   29 0.76
   1   11 0.25
   2   33 0.89

