5 80 8
3   10   4   2

  21   23 0.80
  12   13 0.38
   4   10 0.26
  21   21 0.11
   5   10 0.10
  21   27 0.82
  19   23 0.83
  17   22 0.08
  21   25 0.20
  15   17 0.64
  16   18 0.32
   4    4 0.08
   3    5 0.27
   0    7 0.23
  18   19 0.30
   6   11 0.07
  15   22 0.11
  21   24 0.93
   1    5 0.26
  13   20 0.60
  17   24 0.81
  10   12 0.26
   1    2 0.76
  10   17 0.48
   9   10 0.03
   5   10 0.97
  19   26 0.33
   2    8 0.97
   3    6 0.14
   0    2 0.45
  23   24 0.27
  16   21 0.04
   9   13 0.92
  14   19 0.73
  22   24 0.86
   8   12 0.61
  18   20 0.03
   6   13 0.02
  22   25 0.76
   8    9 0.08
  19   25 0.92
   7   12 0.80
   6    7 0.75
  19   22 0.24
  12   18 0.48
  18   22 0.76
  20   22 0.33
  14   21 0.99
  14   15 0.59
   7   10 0.21
  21   23 0.01
  22   24 0.38
  19   19 0.46
   9    9 0.45
  20   20 0.52
  17   24 0.12
  13   16 0.39
   3    9 0.26
  22   29 0.39
  13   16 0.00
  10   11 0.46
  15   22 0.88
   5    8 0.16
  23   29 0.27
   8   13 0.71
   5   11 0.65
   2    2 0.49
  14   18 0.68
   5   11 0.13
   2    9 0.59
  23   24 0.25
  15   19 0.40
   2    8 0.62
   1    4 0.32
  21   21 0.08
   1    8 0.80
  17   23 0.69
   6   12 0.20
   3    4 0.42
   3    8 0.08

   3   10 0.19
   0    2 0.38
  15   20 0.00
  13   17 0.00
   6   10 0.17
  23   24 0.97
   9   13 0.36
   6    8 0.81
  22   29 0.76
  23   28 0.54
  13   15 0.11
  21   25 0.55
  10   11 0.46
  12   16 0.78
   9   15 0.22
  17   24 0.32
  17   23 0.93
  15   17 0.34
   0    7 0.78
  13   20 0.08
   6    6 0.46
   0    7 0.87
   5    5 0.89
  14   19 0.23
   2    6 0.68
  13   15 0.11
  11   16 0.45
  23   28 0.31
   9   11 0.94
   2    6 0.50
  12   19 0.08
   0    7 0.83
  23   24 0.93
   9   10 0.89
   7   12 0.35
  18   24 0.51
  11   13 0.37
   4    8 0.85
  15   19 0.47
  22   29 0.41
  11   15 0.98
  17   19 0.86
   1    1 0.29
  23   27 0.59
  17   18 0.06
  22   24 0.62
   5    8 0.70
  22   23 0.59
   6   12 0.58
  22   24 0.80
  17   23 0.63
   5   10 0.52
  13   14 0.49
   2    6 0.57
   1    8 0.45
  22   26 0.18
  11   18 0.04
  19   22 0.66
   2    4 0.64
  13   17 0.88
  21   24 0.03
   7   14 0.98
   9   12 0.31
  19   25 0.88
  10   16 0.79
  11   11 0.37
   6    8 0.16
   4   11 0.27
   2    5 0.92
   9   11 0.77
  14   14 0.86
  12   19 0.97
   5    8 0.09
   1    6 0.09
  17   19 0.75
  14   14 0.79
   0    1 0.90
  13   13 0.24
  17   20 0.71
  13   15 0.24

   5   11 0.26
   0    6 0.32
  19   26 0.28
   7   13 0.65
  10   10 0.42
  23   24 0.74
  10   16 0.85
  23   25 0.01
  13   20 0.89
  19   24 0.59
   9   15 0.77
  10   14 0.64
  21   22 0.44
   6    6 0.36
  16   20 0.96
  12   13 0.94
  11   18 0.63
  12   19 0.98
   3    8 0.80
  20   27 0.91
   2    9 0.69
  20   23 0.18
   7    7 0.68
   6    6 0.61
   4    7 0.41
  16   22 0.99
   6   12 0.90
  16   18 0.70
   7    9 0.03
   9    9 0.53
   3    8 0.14
   7   12 0.90
  23   29 0.45
  23   29 0.61
   1    2 0.98
   3    6 0.43
  21   27 0.85
  15   19 0.48
   0    5 0.16
   8   14 0.92
   7   12 0.30
  22   24 0.44
   1    2 0.29
  15   20 0.31
   1    4 0.45
   5    9 0.01
  20   24 0.35
  20   20 0.87
  20   23 0.23
   6   12 0.77
  23   27 0.02
  17   23 0.68
  21   26 0.36
  23   30 0.51
   1    4 0.94
   4    9 0.57
  16   21 0.82
  20   24 0.21
   6   11 0.52
  13   14 0.51
  22   26 0.91
   2    2 0.71
  13   13 0.43
  19   26 0.31
  12   17 0.19
   9   11 0.67
  16   20 0.29
   8   11 0.06
  21   24 0.82
   2    9 0.90
   4    7 0.62
  10   10 0.18
  18   19 0.29
  10   10 0.29
  17   20 0.96
  11   11 0.21
   0    2 0.39
  14   20 0.04
  18   20 0.64
   3    7 0.61

