5 100 4
3   10  10  16

  42   68 0.78
 133  134 0.82
  35   93 0.07
 108  179 0.58
  38   89 0.52
 113  176 0.66
  46  110 0.10
  26  110 0.16
 109  131 0.86
  97  161 0.31
   7   36 0.20
  72   89 0.04
   0   72 0.28
  71   75 0.72
  59   73 0.51
 127  192 0.29
  72   99 0.48
  58  144 0.06
  41   73 0.23
  95   99 0.41
  66   87 0.29
  66   81 0.75
  62  131 0.46
  53  141 0.48
  31  110 0.62
  83  165 0.47
  43  132 0.40
  43  126 0.65
 102  125 0.10
  93  114 0.55
  83  136 0.92
  68  157 0.14
  89  147 0.20
  53   94 0.92
  85  138 0.06
  81   82 0.50
  65  143 0.45
  46   53 0.50
  66   85 0.25
 114  127 0.09
  66   67 0.00
  74  118 0.16
 127  143 0.45
  81  119 0.23
  53  111 0.46
  87   87 0.69
  86  168 0.77
 130  146 0.01
  56  137 0.42
 114  146 0.95
  51   58 0.94
  62  127 0.35
  81  120 0.83
  43   82 0.00
  42   61 0.44
 106  195 0.56
   7   11 0.44
  20   38 0.03
  69   91 0.95
 134  200 0.92
 110  157 0.92
  18   43 0.73
  25   72 0.69
  12   28 0.16
  56  130 0.58
  46   66 0.96
  93  127 0.91
  20   46 0.33
  38   45 0.86
  25   35 0.58
  82  162 0.77
 121  144 0.98
  18   92 0.09
  13   54 0.05
  41   71 0.66
   5   10 0.73
  69  153 0.29
  28   28 0.90
  35   39 0.67
  74  111 0.63
  65   69 0.17
  21   83 0.80
 101  135 0.02
  41   53 0.07
  35   42 0.97
 112  126 0.58
  98  106 0.19
  73  161 0.13
  77   93 0.13
 111  131 0.36
  32   56 0.19
  17   39 0.47
  74  111 0.42
 132  193 0.22
  27   88 0.41
  44  131 0.13
 121  150 0.80
 102  184 0.94
  70   73 0.09
 102  170 0.20

  58  120 0.90
 125  180 0.96
   4   30 0.93
   3   44 0.45
 110  156 0.55
   2   11 0.51
  34  105 0.78
  22   53 0.27
  23   76 0.18
  43   91 0.14
  35   45 0.71
  28   59 0.56
  23   54 0.48
  50   79 0.06
  75   90 0.36
  84  165 0.97
   4   77 0.81
  56   90 0.14
  56  112 0.82
 123  170 0.47
  59   95 0.15
  21   43 0.33
  92  145 0.98
  30   36 0.10
  91  161 0.50
   8   62 0.95
 122  169 0.55
   8   73 0.60
  62  151 0.77
  61  133 0.55
  38  120 0.92
  48   80 0.06
  65  141 0.61
   9   35 0.55
  52   66 0.06
  82  154 0.76
 103  157 0.92
  19   81 0.45
  88  171 0.29
 127  168 0.01
  95  141 0.11
  38   96 0.77
  35   67 0.74
  42   91 0.52
  83  163 0.47
 109  160 0.99
  41   87 0.04
  59   95 0.52
 120  195 0.68
 130  179 0.19
 125  154 0.82
 132  204 0.78
  98  125 0.72
  95  158 0.54
 114  141 0.36
  94   96 0.01
  57  137 0.91
  46   60 0.67
  25  103 0.96
  81  113 0.43
 122  205 0.23
 109  131 0.50
  50   56 0.21
   7   14 0.62
  18   86 0.26
   9   86 0.79
  81  133 0.75
  80   86 0.76
 109  190 0.74
 101  148 0.47
   4   48 0.85
  30   75 0.91
 129  143 0.97
  35   76 0.63
   8   32 0.55
  24   88 0.47
   1   80 0.38
 124  178 0.46
  32   32 0.56
  93  179 0.02
 108  172 0.83
  67   86 0.45
  88  169 0.27
  72  105 0.25
   5   85 0.78
 119  182 0.59
 102  165 0.58
  79  126 0.56
 134  164 0.33
 112  149 0.02
  18   92 0.12
  42   52 0.72
 125  187 0.57
  69   83 0.87
  49  110 0.56
  79  129 0.03
 118  127 0.75
  79  130 0.01
  94  108 0.97
  23  107 0.28

 128  163 0.03
 128  183 0.53
 111  151 0.88
 105  153 0.36
  65  101 0.25
   1   78 0.81
  17   85 0.99
  96  120 0.01
  56   69 0.17
  27   69 0.75
  35   82 0.67
  25   89 0.49
 107  147 0.08
  45  126 0.80
  59  115 0.96
  98  131 0.65
  91  133 0.03
 130  141 0.49
  75  129 0.96
  50  137 0.18
 112  128 0.68
  89   99 0.48
  30   36 0.18
  79  149 0.52
  95  112 0.63
  92  155 0.46
  64   83 0.76
  82  123 0.26
  58   72 0.83
  71  159 0.68
  97  164 0.63
  86  105 0.74
  32   99 0.50
  84  158 0.32
  54   81 0.98
  98  129 0.21
  84  122 0.61
  19   73 0.22
  91  179 0.85
 104  144 0.65
 108  178 0.88
  35   41 0.83
 125  156 0.51
  18   94 0.46
   3   21 0.80
 128  198 0.37
 108  120 0.98
  82  143 0.74
  34  110 0.90
  36  119 0.23
  16   24 0.05
  85  160 0.49
  46  109 0.44
   1   16 0.78
  30   70 0.26
  46   55 0.87
  94  165 0.65
 122  171 0.08
  20   90 0.06
 127  153 0.67
  70   98 0.50
 100  114 0.21
  75  127 0.66
  60   75 0.52
  45  121 0.95
 106  120 0.51
  46  124 0.28
 122  182 0.11
  93  164 0.35
  77  120 0.35
 100  155 0.58
   6   60 0.93
   1   28 0.27
  66   84 0.01
  74   92 0.45
  58   77 0.85
   0   55 0.96
  75   78 0.79
  59   84 0.40
 119  155 0.52
  39  124 0.55
  30  109 0.21
  58  124 0.18
  51   53 0.79
 100  170 0.01
  24   28 0.11
 122  149 0.50
 103  169 0.05
  16   34 0.96
 122  174 0.24
  63  133 0.57
 102  140 0.46
  47   81 0.36
   1   19 0.46
 111  146 0.98
  20   40 0.59
  81  154 0.58
 103  122 0.19
  54   89 0.34
  32   40 0.76

