3 20 8
12   10   4   4  20  10  20  16  20  16   4  16  16

  10   13 0.28
  62   85 0.29
  31   54 0.77
   2   22 0.69
  57   77 0.37
  24   43 0.24
   0    2 0.21
  16   34 0.85
  30   53 0.85
  54   77 0.16
  35   37 0.60
  26   46 0.25
  27   53 0.55
  47   78 0.03
  16   32 0.02
  28   53 0.02
  55   71 0.51
  39   44 0.51
  29   43 0.67
  26   46 0.67

   0   31 0.19
  15   41 0.53
  41   52 0.50
   3    8 0.12
   5   20 0.62
  64   70 0.47
  44   67 0.32
  10   33 0.43
  48   65 0.89
  50   80 0.13
   4   13 0.83
  43   69 0.45
  24   38 0.51
  32   36 0.87
   8   22 0.27
  33   35 0.43
  29   46 0.13
  27   30 0.14
  61   81 0.69
  30   30 0.50

  15   37 0.74
  61   72 0.49
  63   86 0.67
  40   71 0.80
   3   23 0.60
  45   55 0.02
  59   70 0.96
  61   63 0.19
  53   61 0.60
  40   52 0.82
   6   16 0.96
  53   82 0.54
   7   11 0.38
   8   29 0.76
  23   23 0.98
  19   36 0.06
  51   74 0.64
  20   48 0.64
  25   46 0.49
  22   34 0.23

  22   52 0.55
  38   49 0.43
  30   56 0.24
   0    0 0.39
  52   63 0.03
  56   76 0.37
  42   65 0.65
  22   24 0.62
  12   32 0.69
  50   72 0.20
  42   61 0.60
   5   12 0.03
   6   36 0.10
  61   78 0.19
  46   50 0.40
  47   74 0.30
  41   51 0.62
  55   62 0.38
  13   38 0.50
  57   59 0.39

  23   23 0.21
  51   71 0.28
  29   34 0.01
  36   54 0.10
  31   58 0.92
   5   19 0.77
  64   79 0.45
  25   42 0.20
  51   71 0.20
  22   23 0.94
  58   81 0.07
  40   51 0.09
  13   32 0.23
   4    9 0.26
  47   58 0.49
  30   53 0.11
  24   43 0.91
   7    8 0.67
  10   20 0.95
  22   34 0.22

  37   57 0.64
  49   53 0.72
  53   76 0.25
  16   46 0.28
  16   22 0.80
  46   48 0.91
  13   15 0.02
  37   66 0.87
  29   49 0.57
  60   72 0.22
  10   28 0.37
  29   45 0.37
  39   53 0.78
  29   48 0.39
  41   64 0.26
  38   52 0.75
  32   59 0.54
  34   65 0.54
   2   17 0.75
  45   74 0.94

  60   90 0.74
  51   62 0.42
  54   76 0.52
  26   41 0.10
  12   20 0.80
  21   25 0.22
   1   20 0.27
  41   67 0.68
   1   31 0.60
  64   66 0.80
  38   69 0.37
   4   27 0.75
  34   45 0.10
  60   65 0.70
  47   71 0.62
  43   73 0.85
  19   27 0.76
  43   63 0.09
  61   68 0.51
  47   78 0.55

  27   36 0.26
  22   41 0.67
  56   71 0.52
  61   65 0.92
  26   38 0.11
  36   39 0.41
  19   41 0.63
  52   59 0.14
   7   36 0.43
  48   79 0.04
  49   73 0.64
  40   54 0.72
  60   73 0.02
  41   60 0.60
   6   15 0.06
  43   57 0.23
  31   51 0.34
  22   22 0.90
  51   61 0.87
  53   84 0.00

  25   28 0.92
   3   17 0.96
  38   53 0.50
  44   72 0.93
   2   17 0.43
  59   76 0.11
  41   56 0.25
  64   94 0.06
  61   87 0.95
  57   57 0.00
  61   75 0.65
  55   80 0.58
  29   32 0.36
  39   57 0.81
  34   41 0.25
  58   82 0.62
   0   16 0.37
   6   33 0.78
  62   90 0.79
  49   70 0.77

   6   31 0.39
  47   52 0.26
  64   66 0.79
  58   86 0.10
   2   26 0.17
  33   51 0.51
  57   65 0.34
  18   19 0.70
  27   43 0.46
  51   68 0.58
  51   59 0.83
   7   37 0.98
  52   80 0.73
  37   68 0.17
  36   53 0.11
  13   31 0.44
  34   59 0.48
  20   21 0.27
  20   39 0.67
  32   55 0.99

  29   50 0.00
  27   58 0.09
  64   76 0.01
  57   60 0.84
   1   25 0.75
  37   40 0.74
  42   60 0.74
  61   62 0.78
  42   60 0.76
  46   64 0.43
   0    1 0.87
  63   80 0.10
  44   51 0.02
   9   20 0.14
  53   59 0.22
  28   58 0.68
  37   62 0.02
  38   68 0.31
  58   70 0.16
  47   78 0.33

  45   65 0.27
   4   19 0.84
  59   65 0.35
  42   58 0.30
  22   53 0.23
  29   41 0.60
  46   76 0.05
  19   37 0.16
  24   24 0.32
  59   70 0.77
  36   65 0.31
  20   20 0.44
  51   67 0.59
  57   64 0.28
  52   79 0.90
  48   68 0.05
  24   25 0.48
  10   39 0.53
  19   27 0.49
  15   41 0.08

