3 50 8
6   16  10  16   2  10   2

  19   35 0.40
  14   20 0.14
  19   33 0.19
  23   36 0.09
  16   42 0.63
   1   28 0.20
   3   31 0.39
  28   53 0.94
   8   24 0.39
   1    7 0.61
   0    4 0.45
  19   36 0.38
  27   51 0.77
   2    6 0.18
  12   33 0.29
  10   30 0.66
   9   37 0.82
   7    8 0.06
  11   14 0.17
  26   36 0.15
  21   28 0.27
  22   50 0.52
  14   17 0.70
  23   39 0.57
   7   33 0.39
   7   14 0.75
  18   26 0.24
  13   40 0.50
   7   17 0.46
  22   35 0.55
  10   30 0.82
   8   26 0.72
   5   15 0.04
   4    9 0.51
   8   36 0.42
  23   43 0.23
  20   39 0.83
   2   24 0.40
   7   25 0.28
  17   19 0.89
  21   41 0.02
  10   20 0.35
   4   26 0.33
  12   17 0.51
  15   22 0.99
   7   18 0.18
  18   40 0.54
   8   13 0.01
  10   11 0.78
  11   15 0.95

  24   37 0.75
  12   35 0.39
  25   40 0.94
  26   32 0.94
  15   39 0.93
  16   20 0.72
  27   37 0.92
  28   28 0.12
  20   35 0.06
   0   14 0.80
   0   13 0.70
   7   27 0.52
  21   47 0.00
  23   51 0.46
  22   27 0.10
   4    7 0.22
  18   20 0.79
  16   37 0.88
  16   25 0.71
  28   48 0.06
  22   30 0.52
  13   30 0.14
   7   22 0.80
  24   29 0.58
  27   35 0.06
   8   27 0.60
  15   30 0.79
  12   24 0.34
   0   14 0.03
   8    8 0.23
  10   35 0.52
  27   27 0.43
  15   39 0.99
   1   26 0.70
  23   28 0.41
   6   14 0.70
  17   29 0.42
  25   30 0.70
  10   17 0.12
  24   38 0.27
   3    9 0.32
  13   34 0.50
  19   27 0.28
  10   27 0.54
  28   32 0.13
  10   32 0.23
  10   22 0.29
  28   50 0.41
   0   15 0.91
   5   26 0.48

   1   11 0.20
  20   22 0.78
   4   11 0.88
   7   15 0.25
  16   21 0.49
  12   29 0.58
  21   48 0.52
  20   39 0.98
   9   26 0.13
  24   40 0.03
  24   38 0.55
  25   33 0.29
  11   32 0.22
  14   41 0.70
  12   29 0.45
  22   48 0.00
   0    5 0.13
  10   24 0.28
   9   19 0.73
  18   31 0.93
   7   28 0.36
  22   26 0.71
   3    8 0.75
  28   38 0.26
   9   15 0.88
  27   35 0.64
  25   26 0.58
  20   44 0.77
   2   11 0.93
  17   22 0.67
   5   11 0.02
  20   32 0.10
   8   15 0.92
  19   31 0.57
   7   11 0.03
   8   22 0.58
  18   34 0.72
   7   20 0.80
  14   26 0.90
  22   26 0.89
  14   24 0.73
  20   44 0.28
  27   47 0.38
  10   27 0.64
  19   40 0.65
   1   10 0.13
   5   16 0.74
  14   39 0.17
   2    6 0.92
  13   25 0.17

   4   12 0.21
  17   19 0.69
  18   32 0.90
   6   17 0.52
  11   31 0.02
  21   42 0.94
   1   16 0.91
   0    5 0.18
  14   36 0.22
  21   37 0.54
   2   26 0.90
   3    5 0.16
  19   31 0.35
  20   47 0.75
   8   10 0.25
  16   19 0.09
  23   49 0.39
  20   30 0.93
  10   19 0.43
  24   45 0.91
  23   36 0.04
  12   35 0.20
  19   30 0.35
  28   49 0.13
  23   35 0.65
  25   25 0.13
  10   33 0.50
   0   18 0.99
  28   34 0.05
  25   32 0.68
  21   42 0.04
  19   34 0.24
  20   31 0.07
   9   35 0.00
   8   18 0.28
  23   40 0.27
   9   15 0.82
  12   35 0.39
   0    8 0.15
   1   14 0.60
  14   34 0.42
  25   48 0.46
  16   41 0.32
   3   18 0.89
  10   38 0.11
  26   29 0.71
   9   35 0.97
   6   30 0.09
  18   35 0.56
  15   24 0.22

  21   25 0.73
   2   14 0.07
  20   28 0.48
  14   36 0.73
  17   20 0.16
  16   26 0.70
   9   13 0.96
   9   19 0.75
  17   39 0.63
   3   15 0.04
  17   24 0.95
  11   16 0.63
  16   28 0.47
  23   34 0.74
  14   14 0.98
   8   13 0.01
  12   28 0.24
  17   30 0.74
  24   42 0.15
  24   51 0.09
  11   20 0.49
  20   34 0.67
   3   17 0.02
  11   39 0.95
  25   25 0.87
   9   28 0.72
  23   39 0.85
  17   26 0.22
  15   32 0.94
   4   11 0.94
  18   44 0.32
  15   32 0.48
  20   26 0.35
   2   20 0.68
  26   40 0.35
  15   38 0.26
  25   52 0.42
  28   36 0.12
   5   24 0.06
  14   34 0.61
  25   27 0.90
   5   13 0.93
   6   10 0.32
   7   15 0.40
  10   19 0.63
  20   43 0.89
   8   32 0.79
  17   43 0.63
  28   40 0.12
  23   37 0.96

   7   11 0.68
  14   22 0.43
  13   18 0.90
   1   21 0.54
   8   15 0.01
  18   27 0.79
   8   29 0.83
  27   42 0.44
  28   44 0.78
   2   16 0.80
   7   26 0.10
  22   48 0.78
  26   43 0.24
   9   29 0.52
  16   39 0.55
   6   20 0.99
  20   45 0.52
  27   32 0.48
  12   35 0.47
  22   45 0.54
  12   20 0.88
  25   52 0.58
  12   17 0.65
  15   38 0.49
  24   46 0.67
  20   42 0.64
  27   42 0.95
  20   29 0.35
  24   49 0.82
  10   23 0.23
   7    9 0.50
   1   10 0.06
  18   25 0.05
  16   27 0.43
  18   35 0.72
  13   30 0.37
   9   16 0.23
  13   20 0.96
   7   15 0.36
  10   18 0.94
  20   34 0.42
   8    9 0.24
  25   42 0.79
   2   21 0.76
   6   30 0.07
   8    9 0.94
   9   35 0.86
  12   15 0.79
  22   36 0.40
  27   52 0.39

