5 100 4
3    4  10  10

  28   77 0.53
   8   73 0.26
   3   17 0.05
   9   74 0.28
  13   35 0.23
   5   89 0.26
  27  102 0.40
  20   98 0.72
  15   94 0.30
   8   41 0.29
   8   28 0.41
  10   40 0.67
  11   84 0.19
   2   50 0.69
  26   29 0.77
   4   60 0.04
  20   79 0.97
   0   43 0.18
  21   68 0.67
  29   82 0.82
  20   49 0.20
  13   89 0.75
  22   74 0.33
   7   50 0.28
   0   35 0.73
   9   66 0.82
  14   63 0.97
  25   75 0.47
  11   11 0.75
  11   81 0.65
  23   78 0.62
  29   58 0.69
   7   21 0.65
   1   49 0.49
  18   52 0.57
   3   54 0.51
   4   15 0.89
  22   79 0.48
   0   63 0.74
   1    2 0.82
   9   73 0.41
   0   14 0.22
   6   21 0.41
   3   73 0.09
  13   16 0.40
   7   83 0.84
  16   56 0.10
  16   75 0.42
   2   35 0.03
   2   12 0.72
  20   80 0.77
  26   87 0.71
  19   32 0.62
  25   36 0.40
   1   80 0.67
   4    6 0.03
  25   47 0.33
  15   24 0.25
  15   62 0.02
  18   77 0.50
   1   33 0.47
  12   92 0.82
  11   70 0.94
  24   44 0.72
  23   29 0.80
   5   52 0.85
   1   60 0.83
  15   18 0.24
   8   75 0.97
  25   78 0.53
  16   16 0.05
   8   70 0.24
  22   42 0.64
  27   60 0.45
   0   55 0.98
  17  106 0.27
  25  105 0.77
  25  105 0.57
   1   85 0.07
  27   57 0.16
  23   96 0.01
   0   25 0.71
  23   30 0.34
  19   78 0.41
   8   91 0.29
  20   44 0.63
   8   68 0.74
  11   18 0.11
  16   89 0.50
   4   45 0.62
  19   30 0.64
  26   33 0.72
   0   83 0.50
   3   85 0.16
  10   26 0.57
   0   47 0.21
  24   69 0.70
  10   49 0.01
  19   90 0.44
  12   85 0.06

  12   28 0.30
  24   75 0.29
   2   80 0.53
   1   69 0.99
  15   64 0.60
  21   23 0.07
  21   47 0.71
  29   62 0.48
   5   37 0.53
   4   53 0.86
   6   35 0.14
  21   21 0.59
  22   96 0.41
  25   71 0.37
  16   50 0.44
  19   94 0.61
   0   85 0.62
   0    8 0.94
  23   35 0.66
   1   25 0.67
  27   50 0.79
  15   16 0.74
   5   93 0.14
  13  101 0.66
   5   35 0.18
   9   76 0.11
  29  102 0.75
  26   47 0.57
   3   63 0.70
  16   97 0.40
  16   55 0.99
  29   30 0.74
  14   26 0.57
  12   68 0.56
  14   41 0.63
  11   67 0.38
  21   53 0.85
  12   66 0.54
   1   64 0.96
  20  105 0.13
  21   74 0.78
  21  105 0.61
   6   16 0.01
   2   28 0.09
   0   70 0.40
  21  110 0.68
   6   22 0.57
   6    9 0.15
  28   76 0.49
  22  104 0.40
  28   33 0.80
   6   70 0.87
  27   35 0.42
   8   41 0.11
  13   81 0.20
  16  103 0.64
  10   18 0.93
  14   77 0.99
   0   82 0.24
  22   81 0.11
  24   50 0.78
  19   45 0.20
  16   21 0.12
  21   28 0.51
  17   55 0.86
  23   36 0.34
   4   19 0.26
  14   98 0.74
  29   63 0.19
  11   94 0.12
   2   55 0.73
   7   89 0.46
   8   51 0.66
  10   44 0.93
   7   54 0.87
  11   41 0.34
  12   16 0.42
  10   25 0.35
  12   15 0.53
   2   15 0.98
  11   86 0.22
  14   38 0.64
  27   58 0.70
  18   84 0.84
  28   45 0.49
  27   71 0.35
   9   74 0.19
  16  105 0.13
   5   50 0.32
   2   47 0.40
  22  105 0.37
   8   63 0.89
  27   58 0.16
  25   36 0.32
   1   20 0.51
   2   74 0.78
  18   66 0.05
  17   98 0.92
  29   63 0.27
  29  106 0.34

  24   37 0.42
  11   25 0.75
  16   27 0.11
   2   78 0.86
   0   64 0.78
  23  111 0.17
   6   76 0.81
   1   40 0.01
  12   14 0.87
  23   91 0.82
  17   49 0.18
   6   90 0.94
  24  100 0.25
   0   15 0.88
  24   93 0.46
   5   13 0.38
  14   73 0.45
  24   93 0.12
   3   44 0.86
  29   71 0.46
   7   77 0.35
  15   30 0.47
   1   77 0.97
  27   33 0.20
  25   64 0.73
  13   56 0.08
  17   33 0.21
  12   36 0.74
  23  103 0.45
  25  114 0.76
  17   56 0.64
  19   96 0.83
  13   13 0.26
   0    2 0.17
   9   76 0.49
   3   82 0.53
  18   23 0.22
   7   85 0.31
  23   39 0.06
  29   70 0.79
   5   76 0.74
  21  110 0.93
  16   33 0.42
  19   21 0.32
  28   65 0.45
  25  111 0.27
   1   81 0.00
  25   37 0.28
   6   34 0.98
   2    7 0.52
  29  114 0.97
  10   94 0.06
  19   26 0.46
   6   17 0.94
  12   96 0.41
  18   83 0.06
   1   30 0.29
   4   65 0.52
  11   11 0.61
  24   26 0.12
  28  105 0.84
   1    7 0.31
  11  100 0.28
  20   82 0.49
  24   62 0.70
  28   56 0.81
   4   43 0.68
   4   35 0.20
  10   15 0.13
   0   59 0.50
  12   67 0.46
  13   79 0.96
  10   40 0.32
  28   55 0.96
  11   79 0.49
  25   93 0.24
  29   58 0.16
  16   48 0.13
   1   13 0.47
  28   38 0.99
  23  110 0.72
  27   69 0.02
  16   46 0.32
  28   80 0.58
  11   40 0.56
  16   39 0.42
  27  111 0.92
   3   36 0.11
   3   29 0.92
  20   58 0.12
  27   95 0.16
  19   30 0.80
  26   74 0.44
  11   14 0.54
  23   49 0.56
  21   81 0.91
  22   61 0.71
  29   70 0.86
  25   46 0.14
   9   13 0.07

