3 100 4
3   10   4   2

  17   20 0.56
  58   70 0.34
  37   42 0.10
   3   12 0.01
  44   67 0.56
  24   49 0.38
  23   48 0.45
  43   58 0.61
  38   66 0.23
  17   40 0.64
   2   21 0.89
  42   44 0.54
  38   68 0.12
  31   52 0.57
  23   40 0.96
  59   65 0.98
  63   84 0.60
  37   66 0.24
  59   91 0.23
  56   61 0.98
  33   49 0.57
  49   76 0.14
  14   14 0.50
  32   44 0.45
  45   54 0.00
  19   47 0.57
  30   46 0.32
  40   61 0.03
  64   87 0.11
  22   48 0.14
  53   62 0.70
  20   26 0.95
  27   53 0.48
   8   40 0.65
  22   24 0.13
  54   60 0.37
  10   27 0.57
  61   91 0.00
   0    9 0.52
   0    5 0.39
  56   84 0.23
   2   31 0.87
  20   38 0.87
  17   20 0.88
  23   41 0.27
  23   42 0.98
   8   26 0.69
  54   76 0.98
   3   22 0.91
  65   72 0.34
  57   81 0.32
  13   18 0.65
  52   75 0.58
  62   76 0.13
  18   40 0.10
  54   86 0.60
   6   17 0.40
  17   17 0.37
  18   35 0.50
  28   54 0.16
  17   21 0.17
  20   41 0.88
  64   79 0.72
  57   85 0.38
  11   35 0.54
  19   38 0.13
  22   40 0.65
  65   74 0.76
  28   33 0.36
  43   64 0.01
  34   48 0.59
   2   32 0.59
  54   76 0.84
   1    6 0.91
  56   70 0.80
  59   64 0.56
  12   34 0.23
  23   41 0.17
  24   34 0.69
   6   23 0.54
  43   62 0.55
  59   60 0.49
  14   29 0.65
  58   79 0.39
   4    5 0.13
  15   19 0.35
  31   57 0.14
  43   56 0.69
  44   70 0.25
  61   75 0.59
  29   45 0.44
  56   61 0.93
  11   11 0.84
  24   37 0.37
  56   64 0.68
  51   73 0.45
   8   38 0.12
  15   42 0.80
  54   73 0.30
  14   24 0.07

  53   71 0.89
  35   36 0.25
   9   34 0.74
  43   67 0.90
  37   56 0.51
  48   56 0.65
  10   14 0.16
  60   75 0.46
   1   10 0.39
  64   66 0.32
  10   16 0.59
  23   45 0.54
  11   42 0.10
  54   82 0.47
  30   59 0.68
  61   93 0.16
  16   33 0.19
   8   26 0.79
   8   14 0.26
  14   21 0.88
   0   22 0.72
  47   50 0.67
  59   76 0.24
  63   67 0.20
   3   33 0.99
  25   46 0.12
  59   85 0.26
  47   67 0.00
  32   63 0.06
  12   13 0.87
  37   51 0.00
  63   73 0.01
  60   81 0.45
  40   50 0.20
  51   67 0.14
  23   45 0.31
  47   60 0.83
   5   23 0.45
   8   34 0.39
   4   23 0.64
   9   23 0.83
  27   54 0.60
  51   58 0.75
  17   45 0.54
  39   54 0.32
  14   39 0.53
  36   65 0.39
  13   14 0.81
  44   48 0.72
  16   38 0.74
  51   71 0.11
  13   40 0.33
  21   40 0.80
  63   89 0.53
  34   61 0.96
  35   48 0.93
  39   54 0.55
  58   63 0.28
  49   51 0.18
  51   63 0.32
   2   30 0.35
  16   22 0.66
  51   72 0.19
  61   85 0.50
  48   64 0.32
   9   41 0.25
   1   25 0.29
   6   26 0.87
  35   50 0.21
  53   54 0.74
   9    9 0.81
  51   65 0.04
  10   22 0.96
   0   21 0.45
  47   56 0.29
  30   61 0.79
   0   16 0.46
  58   79 0.02
  62   82 0.40
  16   48 0.33
  63   89 0.30
  60   71 0.72
  40   53 0.79
  56   74 0.65
  57   77 0.34
  26   53 0.80
  11   17 0.18
  48   56 0.34
  21   33 0.75
  30   58 0.56
  14   44 0.60
  13   36 0.32
  40   49 0.16
  30   62 0.21
  40   41 0.96
  38   58 0.67
  65   68 0.09
  30   48 0.09
  46   55 0.84
  24   33 0.65

  20   42 0.21
  43   58 0.78
  35   52 0.30
  21   35 0.78
  64   70 0.50
  46   62 0.59
   8   11 0.37
  10   26 0.60
   3   33 0.24
  35   66 0.76
   0   18 0.86
  63   74 0.96
   1   22 0.56
  35   60 0.57
   4   33 0.47
  27   48 0.07
   0   12 0.29
  44   53 0.65
  43   56 0.44
  25   29 0.81
  38   44 0.80
  28   53 0.01
  56   82 0.40
   9   15 0.64
  13   25 0.13
  48   70 0.75
  10   35 0.53
  43   46 0.51
  23   39 0.37
  38   63 0.05
  24   47 0.83
  45   58 0.09
  30   43 0.22
   9   12 0.23
   5   17 0.67
  43   53 0.20
  57   59 0.84
  38   57 0.34
  62   62 0.27
   3    5 0.94
  61   65 0.89
  18   45 0.65
   5   19 0.17
  63   70 0.79
  13   36 0.40
  14   22 0.40
  17   48 0.36
  44   54 0.87
  11   14 0.82
  18   42 0.65
  16   41 0.49
   7   10 0.62
   3   27 0.57
  46   49 0.27
  25   29 0.54
  21   30 0.65
  48   74 0.37
  57   65 0.58
  64   69 0.79
  45   45 0.55
  50   76 0.40
   9   24 0.35
  13   28 0.03
   5   25 0.99
  27   46 0.80
  49   49 0.90
   3   32 0.94
   2   12 0.48
  62   70 0.67
  27   31 0.65
  46   54 0.99
  23   27 0.15
  30   33 0.46
  40   42 0.43
  29   40 0.64
  40   40 0.09
  36   38 0.07
  42   51 0.63
   1   17 0.12
  58   75 0.05
  57   72 0.52
  41   58 0.45
  42   65 0.97
  54   73 0.87
  48   70 0.27
  23   31 0.26
  16   45 0.74
  30   45 0.33
  57   81 0.20
   2   11 0.12
   6   36 0.51
  29   43 0.81
  30   33 0.41
  63   87 0.87
  44   67 0.26
   6   20 0.20
  18   41 0.64
  20   46 0.71
   5   29 0.09
  34   66 0.69

