4 50 4
6    4  10  10  16   2  16

  28  112 0.98
  43   43 0.05
  43   85 0.53
  14   90 0.09
  43   76 0.75
   2   41 0.68
  36   71 0.02
  32   92 0.06
  43   84 0.08
  26   54 0.82
   4   81 0.77
   3   77 0.25
   4   41 0.77
  26   40 0.75
  44  102 0.70
  14   34 0.35
  34   36 0.95
  33   93 0.38
  40  100 0.68
  42   94 0.17
  20   64 0.78
  15   74 0.17
   3   10 0.89
   4   85 0.82
   7   50 0.75
  18   41 0.61
  15   91 0.07
  21   95 0.59
   6   77 0.15
  29   73 0.74
  15   95 0.04
  14   31 0.05
  42  125 0.87
  35   57 0.11
   6   25 0.64
  15   33 0.08
  38   69 0.77
  19   61 0.53
  41  119 0.13
  16   61 0.10
   0   81 0.89
  33  104 0.21
  22   92 0.20
  34  117 0.58
  44   76 0.76
  10   72 0.04
  33   81 0.31
  44   45 0.85
  26   86 0.13
   2   18 0.19

   7   77 0.47
  17   24 0.56
  37   64 0.89
  24   79 0.39
  32   42 0.55
  38   76 0.12
  42  116 0.77
   7   95 0.17
  14  102 0.53
  27   78 0.19
  15   79 0.14
   7   51 0.70
  33   36 0.20
  37   97 0.29
  32   44 0.37
  35   73 0.97
   6   81 0.89
  28   43 0.98
  40   67 0.02
  42  107 0.93
  38  102 0.26
  29   94 0.36
  17   51 0.90
  10   84 0.21
  31   88 0.56
  37   72 0.59
  36   78 0.48
  12   45 0.46
  42   85 0.20
   2   45 0.47
  26   35 0.16
   4   72 0.76
  38  118 0.97
  33  103 0.43
  33  116 0.76
  34   71 0.79
   9   38 0.08
  11   17 0.52
  33  107 0.11
  18   52 0.76
   3   38 0.00
   8   68 0.32
  30   93 0.10
  15   31 0.18
  18   78 0.35
   9   27 0.28
  23   37 0.43
   9   81 0.34
  12   39 0.49
   6   20 0.39

  10   84 0.40
  16   89 0.88
   9   18 0.56
  23   86 0.64
  34   76 0.22
  30   58 0.19
  39  118 0.16
  37   82 0.58
  19   85 0.71
   1   62 0.87
  41   80 0.00
  24   27 0.93
   9   10 0.13
  43  107 0.88
  13   79 0.69
  36   91 0.16
  14   89 0.11
   9   47 0.58
  41  106 0.37
  14   57 0.06
   5   16 0.83
   7   89 0.35
  17   28 0.27
  35   90 0.62
  33   41 0.53
  41  123 0.75
  19   43 0.06
  35   86 0.15
  14   97 0.59
  40   98 0.11
  11   34 0.27
  27   67 0.86
  11   71 0.18
  35   44 0.36
  13   57 0.67
  33   52 0.21
  41   63 0.93
  43   45 0.06
  33   48 0.29
  17   21 0.45
  32   86 0.95
  30  110 0.53
  41  107 0.52
  20   97 0.39
   4   35 0.66
   5   28 0.23
  32   66 0.47
  27   45 0.48
  11   17 0.45
  21   25 0.94

   8   48 0.81
  21   24 0.90
  24  102 0.30
  12   62 0.44
  38   92 0.15
   0    2 0.28
   6   36 0.29
  25  110 0.64
   4   91 0.04
  36   76 0.78
  36   83 0.96
  17   20 0.07
   6   36 0.40
  40   59 0.57
   3   87 0.04
  31  108 0.47
   5   80 0.73
  30   44 0.13
  35   35 0.62
  41   72 0.95
  40  109 0.90
  30  118 0.09
   7   78 0.78
   6   33 0.71
  39   47 0.07
   8   21 0.17
   6   68 0.00
  15   48 0.33
  15   51 0.13
   0   17 0.67
  37   45 0.32
  20   53 0.46
  43  124 0.62
   5   16 0.99
   0   68 0.09
  27   78 0.74
   9   73 0.40
   2   85 0.16
  12   56 0.00
  15   50 0.50
   1    2 0.83
  25   59 0.84
  34   99 0.54
   2    9 0.82
  21   87 0.68
   0   39 0.62
  24   49 0.74
  36   43 0.60
  26   41 0.67
  16   54 0.54

  29   66 0.83
  41  129 0.80
  26   43 0.28
  33  121 0.29
  43   84 0.19
  37  112 0.38
  41   86 0.42
   2   72 0.62
  29   93 0.28
  19   25 0.27
  33   89 0.80
  36  117 0.01
  11   51 0.03
   4   43 0.71
   5   14 0.80
   5   86 0.02
  27   77 0.66
   8   53 0.17
  12   69 0.45
  24   89 0.36
  18   84 0.01
  11   38 0.95
  21   48 0.12
  14   79 0.47
  15   52 0.25
  42   94 0.56
  18   30 0.94
  10   17 0.10
  41   95 0.44
   0   68 0.88
   8   32 0.64
  40   88 0.73
  39   99 0.35
  30   30 0.47
  42   76 0.02
   8   77 0.83
   2   11 0.89
   8   56 0.85
   7   63 0.84
  17   74 0.96
   0   69 0.52
  38   43 0.28
  17   51 0.99
  21   96 0.69
  24   68 0.94
  26   39 0.03
  35   67 0.24
  30   71 0.19
  30   84 0.43
  23   77 0.82

  13   14 0.75
  13   48 0.97
  11   99 0.76
  11   52 0.01
  10   91 0.77
  44  118 0.57
  34   46 0.25
   5   30 0.62
  38   72 0.30
   7   79 0.01
  38   54 0.06
  23   89 0.78
  17   27 0.85
  34  121 0.42
  18   33 0.50
  22  100 0.00
  28   71 0.05
   1   72 0.73
  11   65 0.02
  19   31 0.84
  15   23 0.78
   4   44 0.81
   6   30 0.02
  41   51 0.53
  25   40 0.79
  11  100 0.21
   2   48 0.18
  33   68 0.05
  11   35 0.26
  30   87 0.10
   4   51 0.34
  15  102 0.68
  31  101 0.37
  24   92 0.99
  15   28 0.73
  20   93 0.08
  40   66 0.46
  19   83 0.15
  30   75 0.94
  36  110 0.59
  14   79 0.89
  23   46 0.63
   2   58 0.24
  31  104 0.82
  19  106 0.45
  29   46 0.13
  13   83 0.21
  44   96 0.61
  21   41 0.93
  40   67 0.00

