5 20 8
12   10  10   4   4  10  10   4   4   4  10  20   4

  13   17 0.89
  19   30 0.06
  17   29 0.14
  27   41 0.06
   6   28 0.61
  18   21 0.69
   9   12 0.39
  32   33 0.32
   8   24 0.74
  24   29 0.24
  30   38 0.46
  26   28 0.67
  33   50 0.12
   2   14 0.76
  31   49 0.98
  31   42 0.99
  12   24 0.43
  10   17 0.52
  19   39 0.68
  27   31 0.56

  18   31 0.28
  34   53 0.76
   9   29 0.05
   6    8 0.22
  14   16 0.06
  11   19 0.04
   6   14 0.33
  18   32 0.58
   8   21 0.22
   9   18 0.95
   1    3 0.84
  25   41 0.97
   1    6 0.09
  17   30 0.81
   7   21 0.23
  16   18 0.81
  11   11 0.70
   9   13 0.51
  26   36 0.34
  30   50 0.31

  24   31 0.32
   8   17 0.21
  21   28 0.83
  21   32 0.40
  19   36 0.02
   8   23 0.99
  25   25 0.90
  28   35 0.74
  15   26 0.60
   9   24 0.63
  11   27 0.83
  13   29 0.45
   3    5 0.99
  34   37 0.18
  16   38 0.32
  16   34 0.65
  25   33 0.16
  20   42 0.36
  14   30 0.64
  11   28 0.55

  24   30 0.81
   9   26 0.58
  33   53 0.39
  13   14 0.61
  15   25 0.90
  23   42 0.66
  10   32 0.72
  14   34 0.54
  28   39 0.54
  10   21 0.44
  31   33 0.51
  15   26 0.53
  23   34 0.57
  21   37 0.19
  23   45 0.55
  21   42 0.91
   5   17 0.24
   4   21 0.14
  29   36 0.87
  24   43 0.76

   6    7 0.06
   4   20 0.61
  25   39 0.87
  32   44 0.91
  30   44 0.14
  32   34 0.52
   9   19 0.34
  18   30 0.05
  23   30 0.13
  31   39 0.98
  22   28 0.66
  31   43 0.47
  15   22 0.54
  23   36 0.12
  32   44 0.16
   7   12 0.26
  19   31 0.91
  23   43 0.56
  17   33 0.20
   9   31 0.23

  16   20 0.94
   8   17 0.84
  19   33 0.11
  23   23 0.92
  31   38 0.23
  34   46 0.19
  29   49 0.00
  29   30 0.74
   0   13 0.97
  23   43 0.38
  23   34 0.81
  29   44 0.47
  20   27 0.44
  12   22 0.99
  19   36 0.78
  12   21 0.70
  31   53 0.28
   3   19 0.80
  17   39 0.47
  20   34 0.49

  12   28 0.92
  23   25 0.30
   7   12 0.01
  30   37 0.10
  10   15 0.48
  29   34 0.92
  11   19 0.37
  22   28 0.41
  18   38 0.80
  10   29 0.24
   6   25 0.73
  24   29 0.42
  33   44 0.93
   0    3 0.74
  29   44 0.30
  17   37 0.42
  10   29 0.44
  26   29 0.37
   2   14 0.07
  32   32 0.59

  10   13 0.86
  12   33 0.19
  27   40 0.23
   2   20 0.76
  27   27 0.42
  30   34 0.77
  19   32 0.70
  16   20 0.14
  34   41 0.22
  31   34 0.38
  23   43 0.98
  17   32 0.12
  21   40 0.17
  21   23 0.55
   8   22 0.78
  11   30 0.48
   8    8 0.27
   1   22 0.59
  31   50 0.19
  23   31 0.63

  21   31 0.93
  23   45 0.29
  15   27 0.81
   0   10 0.57
  19   35 0.35
  13   31 0.83
  16   25 0.84
  21   26 0.41
  24   26 0.04
  31   31 0.04
  27   42 0.08
   5   25 0.12
  19   33 0.13
  33   50 0.04
  20   42 0.94
  11   21 0.56
  18   23 0.37
  34   47 0.74
  22   26 0.49
  16   17 0.83

  30   30 0.23
  15   32 0.95
   5   14 0.80
  15   15 0.56
   2    6 0.20
  34   49 0.82
   7   28 0.53
  28   40 0.22
  21   30 0.03
  14   22 0.12
  22   28 0.37
  14   21 0.23
  16   26 0.35
  34   38 0.09
   1   10 0.37
  20   31 0.06
   5   16 0.96
   1    8 0.10
   7   25 0.81
  16   20 0.36

  27   41 0.85
  23   40 0.68
  30   51 0.47
   3    3 0.56
  25   27 0.53
   4   17 0.06
  33   46 0.34
  31   31 0.54
   0   12 0.36
   8   15 0.23
  34   39 0.16
  11   14 0.26
  23   32 0.15
   1   23 0.83
  12   22 0.13
  24   45 0.12
  29   42 0.42
  10   20 0.30
  22   22 0.57
  22   34 0.78

  15   36 0.45
  28   46 0.81
  32   43 0.65
   3   17 0.24
   3    4 0.49
  31   33 0.84
  26   46 0.49
  34   40 0.16
   3   17 0.69
  19   36 0.56
  31   53 0.52
   6   22 0.43
   9   18 0.13
  23   34 0.59
  22   37 0.43
  18   32 0.35
  20   32 0.34
  11   18 0.04
  16   22 0.15
  13   24 0.09

