3 20 8
12    4  10   4   2   4   4  16  10   4  10   2  10

   2   10 0.05
   0    3 0.93
  23   32 0.67
  23   30 0.34
  31   43 0.56
  22   29 0.39
  31   43 0.70
   1   10 0.87
  22   22 0.68
  25   32 0.49
   3    4 0.87
  24   38 0.79
  12   23 0.11
  19   22 0.91
   9   17 0.51
   8   19 0.60
  10   11 0.71
   8   19 0.41
   7   18 0.64
  13   24 0.15

  17   29 0.31
   6   19 0.75
  18   26 0.22
   1   12 0.14
  15   26 0.77
  25   37 0.84
   4    5 0.69
  13   19 0.53
  21   32 0.09
  10   11 0.71
  16   19 0.49
  12   15 0.51
  10   14 0.72
  30   37 0.86
  19   23 0.83
  17   29 0.53
  25   31 0.81
  22   24 0.03
  18   33 0.10
  12   12 0.62

   0    5 0.54
  27   42 0.80
  17   20 0.76
   8   19 0.96
  31   33 0.27
  16   18 0.82
  18   28 0.40
   5    9 0.86
  23   35 0.95
  20   33 0.81
  18   25 0.27
  28   36 0.18
  10   16 0.68
  18   31 0.86
   8   12 0.67
  18   24 0.77
   0   10 0.16
   4   13 0.17
  30   40 0.61
  16   27 0.37

  32   45 0.19
  21   34 0.28
   8    9 0.34
   2   16 0.95
  16   20 0.39
  11   15 0.80
   3   12 0.48
  12   27 0.42
  28   35 0.78
   0    4 0.63
  27   36 0.09
  28   40 0.27
   2    6 0.64
  14   29 0.74
   0    8 0.80
   5   10 0.45
  31   38 0.41
   1    9 0.76
   5   14 0.19
  32   33 0.67

   0    7 0.00
  18   21 0.90
   1   13 0.24
  18   18 0.91
  23   26 0.76
   2    2 0.84
   7    9 0.22
  21   23 0.02
  19   33 0.06
   7   16 0.57
  13   13 0.20
  18   26 0.81
   7   16 0.04
   6   17 0.23
  16   23 0.09
  21   31 0.47
  31   31 0.88
  32   33 0.98
  10   12 0.22
  23   32 0.65

   0    6 0.24
   9   16 0.90
  31   32 0.51
  28   34 0.89
  18   22 0.49
   9   23 0.42
  21   26 0.71
  16   19 0.18
  13   28 0.58
   6   18 0.70
   1   13 0.71
  31   40 0.46
  32   41 0.23
  19   25 0.43
  15   30 0.13
  19   29 0.02
  15   26 0.01
  30   30 0.38
   1   11 0.50
   5   13 0.07

  18   19 0.12
   2    7 0.79
  26   37 0.65
  25   30 0.66
  30   35 0.87
   3    5 0.28
   0   13 0.13
  10   23 0.45
  23   38 0.47
   7   15 0.61
  22   28 0.29
  13   14 0.22
   5   18 0.30
  11   13 0.45
  26   41 0.70
  20   26 0.79
  19   34 0.17
  29   33 0.60
  25   29 0.49
  18   32 0.47

   8   13 0.21
   7   12 0.83
  31   43 0.62
   5   10 0.93
  23   35 0.19
  30   45 0.45
  25   35 0.16
  18   32 0.23
  17   23 0.59
  17   21 0.92
  30   34 0.18
  27   27 0.05
  30   39 0.13
  14   17 0.60
  21   24 0.45
  21   32 0.42
  19   29 0.64
  20   32 0.34
  16   28 0.63
   3    3 0.86

   8   19 0.98
   3    3 0.92
  29   43 0.85
  24   24 0.89
   5    7 0.81
   5   18 0.63
   3   15 0.72
  11   14 0.59
  32   43 0.25
   7   16 0.37
   2   14 0.73
   2   15 0.09
  20   20 0.42
  14   27 0.72
  13   13 0.30
  19   31 0.99
   2    8 0.32
  11   15 0.00
  14   18 0.75
  14   20 0.30

  24   35 0.96
  11   15 0.45
   1   10 0.41
   6    7 0.32
   8   23 0.45
  25   38 0.75
  23   24 0.00
   6    8 0.71
  23   23 0.31
   7    7 0.46
  10   21 0.91
   0   10 0.58
  19   29 0.11
   8    9 0.44
  31   31 0.33
  12   26 0.50
  31   45 0.60
  25   25 0.01
  10   25 0.78
   2    8 0.72

   1    2 0.52
   2    7 0.49
  15   20 0.01
   7   16 0.46
  17   24 0.38
  11   22 0.56
  25   25 0.60
   7   14 0.80
  10   10 0.23
  12   27 0.43
   0    5 0.02
  21   29 0.48
   5    9 0.02
   4   13 0.73
   9    9 0.12
  27   30 0.81
  17   28 0.65
  32   41 0.97
   2   14 0.70
  22   23 0.55

  30   45 0.89
  15   21 0.15
  24   26 0.05
  28   32 0.06
   7   12 0.41
   2    5 0.68
   3    9 0.46
  12   14 0.93
  17   25 0.55
  16   20 0.94
  25   25 0.20
  27   34 0.58
  17   25 0.62
  23   23 0.31
   5   13 0.83
  18   28 0.84
   1    4 0.24
  22   29 0.61
   1    6 0.83
  27   41 0.76

