5 50 8
6   16  20   2   2  16  10

   0   21 0.94
   9   48 0.94
  18   40 0.30
  12   38 0.89
   3   17 0.74
   0   20 0.28
   0   35 0.61
  15   37 0.87
  12   27 0.00
   7   42 0.98
   2   41 0.41
   2   11 0.66
  13   14 0.38
  16   28 0.57
   4    9 0.93
  16   35 0.97
   6   27 0.14
   2   30 0.03
   3   32 0.12
   8   47 0.36
   7   15 0.34
  12   38 0.74
   0    9 0.22
  14   52 0.94
  12   48 0.69
   9   32 0.68
   1   21 0.84
   0   25 0.94
  18   28 0.38
  12   33 0.77
  11   35 0.98
   7   43 0.27
  16   30 0.43
  15   29 0.60
  10   28 0.83
  19   41 0.20
  11   42 0.96
   6   14 0.29
   9   36 0.70
   8   41 0.95
   6   30 0.20
   5   22 0.35
  15   48 0.47
   9    9 0.60
   1   34 0.39
  11   47 0.64
  14   28 0.40
   3   15 0.96
   4    8 0.49
   1   10 0.74

  16   56 0.74
  14   38 0.03
   3   35 0.50
  18   22 0.69
  12   41 0.80
  18   18 0.55
  12   46 0.31
  19   49 0.45
  19   37 0.02
  17   51 0.54
   4   30 0.00
  10   29 0.82
   3   25 0.36
   3   15 0.22
   2   22 0.58
   7   16 0.29
   6   25 0.88
  11   44 0.07
  13   53 0.07
   3    8 0.01
  10   17 0.50
  16   53 0.94
  12   43 0.72
  13   19 0.86
   4   35 0.11
   3    5 0.96
  15   22 0.31
  13   20 0.73
   6   37 0.44
  19   23 0.37
   8   18 0.22
   6   19 0.97
  14   43 0.40
   5   36 0.05
   4   30 0.63
  19   47 0.56
   9   36 0.07
   9   23 0.34
  15   52 0.80
  18   51 0.85
   0   34 0.65
  17   55 0.76
   9   41 0.33
   0    2 0.41
   5   33 0.67
   1   26 0.34
   2    8 0.59
   7   16 0.91
  12   14 0.57
   7   21 0.07

   3   35 0.36
  13   23 0.69
  12   52 0.08
  16   56 0.55
   2    6 0.57
   5   43 0.52
   4    8 0.88
  15   19 0.18
   1   15 0.95
   0   17 0.07
  13   30 0.92
  17   24 0.94
  18   55 0.57
  18   28 0.28
  18   19 0.49
  16   19 0.43
  13   26 0.41
   9   18 0.34
   5   25 0.10
  16   31 0.16
  10   27 0.74
   5   43 0.75
  17   36 0.70
   3   24 0.24
  17   48 0.09
  10   17 0.01
   6   14 0.27
  17   32 0.67
   8   16 0.75
   6   29 0.69
  11   44 0.85
   8   40 0.89
   2   35 0.29
   2   26 0.36
  17   22 0.80
   4   12 0.76
   0   27 0.13
   6   34 0.36
   7   18 0.79
  13   15 0.41
   5   25 0.29
  11   21 0.75
  14   14 0.01
  12   47 0.32
  14   30 0.51
  13   41 0.91
   3   30 0.54
  12   52 0.25
  12   32 0.16
  10   33 0.56

   3   36 0.94
  11   47 0.13
  17   28 0.39
  10   44 0.35
  13   16 0.25
   0    3 0.73
   3   40 0.24
   8   30 0.66
  16   33 0.47
  18   38 0.16
  11   50 0.72
   0    3 0.56
  15   27 0.80
  17   19 0.40
   2    8 0.96
  13   26 0.34
   0   12 0.07
   7   19 0.83
   2   26 0.94
   1   21 0.10
   1    4 0.35
   2   17 0.67
   0   34 0.63
   2   26 0.40
   5   36 0.23
   9   14 0.83
  11   50 0.42
   8    9 0.15
   1    9 0.87
  13   39 0.39
   3   11 0.40
   1   19 0.57
   0   40 0.98
  13   14 0.33
   7   31 0.45
   8   11 0.57
   4   35 0.57
  16   23 0.09
   1   18 0.34
   9   48 0.56
   6   25 0.96
  13   15 0.46
   8   21 0.91
  13   26 0.15
   9   44 0.36
  15   36 0.83
  11   32 0.67
   9   21 0.76
  10   42 0.61
  18   34 0.98

   8   38 0.19
   0    7 0.51
  11   25 0.25
  10   29 0.02
   9   46 0.75
   9   40 0.14
  14   39 0.05
   8   34 0.34
  14   43 0.75
   9   23 0.63
   8   30 0.67
   6   24 0.84
  19   40 0.21
   5   41 0.29
  18   24 0.56
  15   23 0.44
  14   53 0.02
  11   22 0.02
  14   22 0.75
  10   18 0.30
   1   25 0.83
  12   43 0.80
  13   45 0.37
   5   43 0.41
   7   44 0.17
   5   25 0.78
   8   19 0.63
  13   29 0.57
  12   47 0.00
   0   22 0.29
   9    9 0.41
   5   35 0.35
   1   22 0.19
   0    6 0.06
  12   14 0.32
   5   39 0.35
  10   33 0.43
   4   44 0.69
  18   58 0.63
  16   31 0.75
   7   18 0.39
   6   14 0.71
  17   38 0.58
  16   29 0.05
   8   10 0.95
   0    9 0.49
   4   28 0.40
  12   23 0.09
   8   19 0.28
  15   45 0.01

  12   48 0.34
  18   47 0.13
   0   22 0.75
   6   42 0.01
  19   22 0.39
   3   25 0.53
  12   52 0.04
   8   33 0.13
   4   38 0.81
   0    3 0.79
  15   31 0.70
   5   40 0.81
   4   42 0.84
   3   22 0.07
  18   26 0.32
  10   37 0.55
   9   22 0.54
   9   16 0.30
   9   23 0.30
   3   34 0.90
  16   17 0.79
  13   53 0.84
   6   39 0.56
  17   40 0.44
   3   22 0.77
  10   17 0.58
  10   49 0.86
   9   25 0.16
   2   36 0.83
   0   24 0.53
  18   55 0.46
   4   39 0.55
  13   22 0.43
  17   19 0.78
   5   10 0.34
   8   40 0.32
  15   22 0.61
  14   37 0.58
   3   23 0.18
  14   34 0.29
  14   14 0.31
  12   33 0.77
   6   35 0.48
  16   23 0.04
   4   43 0.25
  12   25 0.17
   7   38 0.69
   9   41 0.87
   8   20 0.04
  17   23 0.63

