3 25 4
12   10   2  10   4   2  10   4  20  10   4  10  10

  79   87 0.93
  86  124 0.61
   7   24 0.37
  16   48 0.87
   5   14 0.45
  24   43 0.38
  37   65 0.10
  74   89 0.13
  67   98 0.02
  65   65 0.59
  72   98 0.75
  99  133 0.60
  31   37 0.92
  29   40 0.58
  31   62 0.17
  37   76 0.46
   7   56 0.11
   1   48 0.48
  58   64 0.11
  95  134 0.73
  67   99 0.62
  10   21 0.72
  86  100 0.11
  49   76 0.78
  93  119 0.46

  98  124 0.09
  63   72 0.41
   5   12 0.81
   9   50 0.90
  30   79 0.88
  58   69 0.06
  25   67 0.19
  18   20 0.09
  55   71 0.10
  52   69 0.65
  30   76 0.24
  12   58 0.19
  50   90 0.94
   3   15 0.20
  36   83 0.60
  98  115 0.95
  14   23 0.18
  68  105 0.85
  95  113 0.62
  38   55 0.49
  66   84 0.75
  52   59 0.45
  87  107 0.44
  90  100 0.34
  71   81 0.66

  24   45 0.48
  75   80 0.13
  82   85 0.93
  79   88 0.69
  71   91 0.07
  27   48 0.11
  44   77 0.45
  26   66 0.21
  94  109 0.76
  10   28 0.67
  48   87 0.91
  68  113 0.73
  50   71 0.88
  65   93 0.90
  40   71 0.58
  55   99 0.07
   7   24 0.97
  49   73 0.00
  85  108 0.60
  47   51 0.30
  89  104 0.41
  64   65 0.68
  99  142 0.95
  43   85 0.37
  31   63 0.33

  39   41 0.55
  34   72 0.56
  62   68 0.25
  21   51 0.43
  47   60 0.78
  86  111 0.91
  23   46 0.61
  11   14 0.59
  52   99 0.43
  20   38 0.23
  45   54 0.25
  44   75 0.67
  94  136 0.88
  69   96 0.28
  26   64 0.84
  24   52 0.13
  27   59 0.13
  23   27 0.46
  25   53 0.71
  44   89 0.28
  55   63 0.51
  55   81 0.76
  53   72 0.41
  44   60 0.79
  59   59 0.90

  94  139 0.26
  88  117 0.77
  48   72 0.06
  24   41 0.17
  70  108 0.99
  45   92 0.41
  46   93 0.61
   7   35 0.28
  47   74 0.21
  70  117 0.81
   7   16 0.22
  66   70 0.46
  53   85 0.41
   9   23 0.72
  31   78 0.54
  68   68 0.71
  13   58 0.46
   8   37 0.65
  75  124 0.95
  45   66 0.35
   1   16 0.94
  58   94 0.93
  97  140 0.73
  39   69 0.95
  12   54 0.12

  65   71 0.99
  13   38 0.93
  93  138 0.96
  41   59 0.84
  57   73 0.35
  47   82 0.53
  58   82 0.42
  97  123 0.12
  35   69 0.52
  31   76 0.54
  13   45 0.80
  80   98 0.49
  46   77 0.92
  81  116 0.71
  87   95 0.13
  65  113 0.49
  93  128 0.03
  17   39 0.08
  48   78 0.37
  97  113 0.96
  89   89 0.03
  45   93 0.37
   9   21 0.49
  13   39 0.57
  24   51 0.97

  29   64 0.02
  41   45 0.67
  82  108 0.67
  19   54 0.40
  39   79 0.71
   8   45 0.29
   9   24 0.80
   0   45 0.20
  61  105 0.28
  61   63 0.76
  92  138 0.85
  76  121 0.46
  46   77 0.21
  56   97 0.44
  12   20 0.46
  71   90 0.19
  87  125 0.75
  54   86 0.83
  43   60 0.11
  80   91 0.82
  87  107 0.60
  10   16 0.11
  96  128 0.19
  23   63 0.26
  85   87 0.99

  96  141 0.31
  61   84 0.57
  56   79 0.96
  61  102 0.78
  72  102 0.05
   0   20 0.89
   2   39 0.08
  73  107 0.50
  38   72 0.59
  30   37 0.56
  40   51 0.18
  23   28 0.21
   4   52 0.40
  72  106 0.78
  67  101 0.15
  23   24 0.94
  12   33 0.66
   3   14 0.07
  89  118 0.26
  64   92 0.45
   3    5 0.93
  46   74 0.64
  97  131 0.57
  32   50 0.31
   1   21 0.11

  45   65 0.73
  79   86 0.35
  96  143 0.20
  89  116 0.64
  76   77 0.12
  37   42 0.07
  15   49 0.44
   8   43 0.01
  93  136 0.75
   9   58 0.84
  34   45 0.67
  69   85 0.03
  11   38 0.76
  69  102 0.03
  37   79 0.73
  52   56 0.41
  31   43 0.56
  26   26 0.83
   8   50 0.61
  44   83 0.90
  80   99 0.07
  18   21 0.47
  36   50 0.56
  54   67 0.68
  77   87 0.63

  80  109 0.62
  27   33 0.53
  68   85 0.91
  94   97 0.03
  99  140 0.30
  45   61 0.31
  32   64 0.77
  44   67 0.37
  81  116 0.42
  89  100 0.39
  12   43 0.93
  93  134 0.74
  65   79 0.17
  40   77 0.35
  74   89 0.37
  52   97 0.90
  49   81 0.38
  73  119 0.98
  20   39 0.83
  68   79 0.24
  42   71 0.69
  17   63 0.20
  59   67 0.36
  19   30 0.47
  12   38 0.26

   0   37 0.93
  24   72 0.85
  68   86 0.34
  27   31 0.61
  31   54 0.97
  95  129 0.69
  60   93 0.84
  66   94 0.75
  20   36 0.99
  26   42 0.15
  14   56 0.71
  56   99 0.47
   7   43 0.31
  56  103 0.43
  42   89 0.29
  28   55 0.59
  66   80 0.29
  47   73 0.87
   0   48 0.64
  26   31 0.73
  96   99 0.71
  79  101 0.28
  36   45 0.95
  11   33 0.60
  65   73 0.53

  89  104 0.61
  92  119 0.09
  88  135 0.43
  10   59 0.19
  66   67 0.20
  28   41 0.98
  78  115 0.36
  19   23 0.43
  48   66 0.35
  98  108 0.63
  20   53 0.17
  77  100 0.08
  34   63 0.17
  71   71 0.22
  38   57 0.12
  70   79 0.98
  99  107 0.17
  17   32 0.06
  25   55 0.04
  61   62 0.95
  77   79 0.35
  81  109 0.61
  95  110 0.39
  70   95 0.69
  38   72 0.13

