5 30 8
6   10   2  10  16  10   2

  20   27 0.34
  25   28 0.16
   3    3 0.18
  13   29 0.68
  19   33 0.96
  17   20 0.30
   1    1 0.75
   2    8 0.80
  18   30 0.21
  16   23 0.85
  17   31 0.27
   9   23 0.71
   7   10 0.85
  23   29 0.24
  22   34 0.32
  13   26 0.97
  16   29 0.90
  16   26 0.82
   6   20 0.18
  15   20 0.27
  12   28 0.32
  17   24 0.71
  14   23 0.99
   3   18 0.84
  25   38 0.98
   1   17 0.42
  13   19 0.11
   6   20 0.69
  21   30 0.73
  10   21 0.13

   7    9 0.79
   7   19 0.14
   0    6 0.35
  19   20 0.50
   8   22 0.98
   5   13 0.38
   8    9 0.41
  24   39 0.73
   6    8 0.29
  12   23 0.72
  25   26 0.96
   0   17 0.10
  14   25 0.58
   4   19 0.51
  13   15 0.72
   6   22 0.25
   3    4 0.92
   6   18 0.39
  15   31 0.75
  17   32 0.03
  12   28 0.01
  12   13 0.78
   0   15 0.29
  10   13 0.27
  16   24 0.84
   8   20 0.35
  19   20 0.64
  21   35 0.81
   4   11 0.36
  17   29 0.28

  17   29 0.27
   8   22 0.18
  17   29 0.17
  17   22 0.81
   1   16 0.73
  15   30 0.12
  22   33 0.45
  22   25 0.83
  24   37 0.87
  24   30 0.12
   2    6 0.46
  23   23 0.07
   3   16 0.19
  24   24 0.77
  22   33 0.75
  21   24 0.84
   9   10 0.95
  20   22 0.15
   9   18 0.81
  24   39 0.75
  22   24 0.66
  25   34 0.28
   6   12 0.31
   3    3 0.21
   9   20 0.67
   9   15 0.14
  10   21 0.27
   5   22 0.76
  22   22 0.42
  10   10 0.14

   3    7 0.35
  16   21 0.02
   8   24 0.35
  20   28 0.55
   2    4 0.91
  15   23 0.78
  10   13 0.82
   4   21 0.67
  23   28 0.72
  13   16 0.13
  24   35 0.47
  19   20 0.17
  25   31 0.74
   1    3 0.13
   1   14 0.54
  10   16 0.79
  10   22 0.45
   1    8 0.12
  16   17 0.00
  10   25 0.18
   6   10 0.42
  15   23 0.83
  24   35 0.98
  14   29 0.58
  24   27 0.76
  16   19 0.99
  11   13 0.06
  18   27 0.85
   3   17 0.41
  20   36 0.48

   1    4 0.16
  18   19 0.90
   5    5 0.15
   8    8 0.17
   4   10 0.11
  23   32 0.43
  22   37 0.57
   0    9 0.80
  18   35 0.65
   6   10 0.46
   0    6 0.75
  11   13 0.78
  10   22 0.91
   8   15 0.51
   3   17 0.92
  21   29 0.41
  18   35 0.05
  23   39 0.46
  16   26 0.26
   5   15 0.49
  13   29 0.29
   5   12 0.79
   6    8 0.51
  16   27 0.04
  25   31 0.49
   7    8 0.60
   5   20 0.26
  21   27 0.05
   7   13 0.94
  21   27 0.06

   1    7 0.74
  23   39 0.19
  21   36 0.10
   9   20 0.88
  23   38 0.41
   7   23 0.14
  17   20 0.54
   7   10 0.83
  22   28 0.76
   3    4 0.26
  16   24 0.38
  13   17 0.85
  21   36 0.93
  23   25 0.75
  14   27 0.81
  26   29 0.23
   5   12 0.81
  21   30 0.08
  16   30 0.48
   8   11 0.76
  11   12 0.79
  12   24 0.23
   5   10 0.40
  14   26 0.29
  17   30 0.18
   1   13 0.06
   3   14 0.70
   1   14 0.71
   1    4 0.10
  20   21 0.75

