4 30 4
6   10   4  10   2  10  16

  14   34 0.97
   5   14 0.81
  11   37 0.19
   2    5 0.97
   8   16 0.20
   9   35 0.12
   0   34 0.92
  17   25 0.55
  11   12 0.44
  18   46 0.05
  21   46 0.25
  20   49 0.59
  23   57 0.88
   9   15 0.41
   8   11 0.98
  23   29 0.46
   3   27 0.45
  16   49 0.75
  18   22 0.27
   3   28 0.81
  23   59 0.21
   7   10 0.99
   4   14 0.02
  16   40 0.16
   7   31 0.92
  11   35 0.87
   2   10 0.84
  11   36 0.71
   3   19 0.52
  12   51 0.13

   8   28 0.77
   0    9 0.91
  20   23 0.04
   7   42 0.72
  20   55 0.98
   9   25 0.12
  16   26 0.76
   4   36 0.70
  12   16 0.68
   9   14 0.66
  17   17 0.89
   1   25 0.42
   1   27 0.14
   2   38 0.51
   9   53 0.87
  22   51 0.34
  19   33 0.84
  22   68 0.44
  11   22 0.35
  18   51 0.36
  14   35 0.69
   4   21 0.26
  22   56 0.14
   7   11 0.89
  12   42 0.60
  17   58 0.59
  10   13 0.58
  17   30 0.81
   4   51 0.31
  18   25 0.15

  15   60 0.00
   5   49 0.89
   3   20 0.44
  23   56 0.12
   2   11 0.25
  16   63 0.69
  18   27 0.70
   2   43 0.94
   3   37 0.54
  14   32 0.26
   7   47 0.11
   0   33 0.79
  21   26 0.30
   5   16 0.44
   7   45 0.82
   0   46 0.95
  21   63 0.50
   8   46 0.99
  20   31 0.42
  19   63 0.10
   6   24 0.31
   0   46 0.31
   2   48 0.64
   2   20 0.38
  11   13 0.45
   1   14 0.81
   0   18 0.38
  22   44 0.27
  14   61 0.56
  17   54 0.88

  12   57 0.16
  20   40 0.80
  16   42 0.07
   7   22 0.09
  15   42 0.20
   0   26 0.80
   9   39 0.70
   1   20 0.93
  11   15 0.53
  12   35 0.94
   2   26 0.13
  14   38 0.08
  17   42 0.29
   8   45 0.77
   0   39 0.03
   6   52 0.46
   7   11 0.91
   5   40 0.51
  18   22 0.04
   7   16 0.08
   9   26 0.22
  13   36 0.51
   6   10 0.05
   2   35 0.26
  22   46 0.50
  14   50 0.88
   9   53 0.50
   5   12 0.95
   6   51 0.02
  15   54 0.60

  13   17 0.35
  19   60 0.76
  18   60 0.72
   1    9 0.90
  15   62 0.26
   9   18 0.17
  20   63 0.97
  18   64 0.16
   0   42 0.08
  10   35 0.20
   7   34 0.77
  15   49 0.68
  20   56 0.65
  21   32 0.92
  17   46 0.18
   0   25 0.60
   1   14 0.10
  21   61 0.82
  16   61 0.42
   1   12 0.44
   9   28 0.93
  18   65 0.09
  19   60 0.66
   6   15 0.63
   2   10 0.98
   7    7 0.11
   2   12 0.45
  22   36 0.17
  21   61 0.13
  13   54 0.94

  23   47 0.78
  12   32 0.23
   6   32 0.14
  13   60 0.05
  21   34 0.69
   2   12 0.71
   3   24 0.25
  11   27 0.32
  17   42 0.95
  15   18 0.23
  16   37 0.46
   2   26 0.26
  16   54 0.12
  11   29 0.09
   1   15 0.03
   3   37 0.65
   9   38 0.66
   8   44 0.53
  16   17 0.48
   2   20 0.42
   4   13 0.44
   4   18 0.68
  17   46 0.11
   2   33 0.30
   9   35 0.04
  21   61 0.27
  19   27 0.78
   0    5 0.44
  13   58 0.03
  11   52 0.31

