4 80 4
3    2  20  16

  33  116 0.13
  34  100 0.79
  35  175 0.28
   0    4 0.87
  18   39 0.67
   9   94 0.08
  43  174 0.31
  19   93 0.00
  12  112 0.88
  19   87 0.09
  43  118 0.62
  41   50 0.74
   6   22 0.57
  28   59 0.37
  15   80 0.60
  44  170 0.38
   4  110 0.28
  22   30 0.17
  42  114 0.34
  26   89 0.82
  23  119 0.30
  12   89 0.89
  30  120 0.37
   1  126 0.28
  44  124 0.52
  33   66 0.74
  35   43 0.46
  15   22 0.58
  45  114 0.55
   1  122 0.71
  21   67 0.86
  18  153 0.91
   4   63 0.44
  18   29 0.71
   0   71 0.41
  36   98 0.60
  18  121 0.12
  35   99 0.30
  22  155 0.64
  13  101 0.57
  16  121 0.99
  23  156 0.94
  45  182 0.32
   4   67 0.01
   1   85 0.43
  43  156 0.72
  39  133 0.22
  45  139 0.19
  11   77 0.52
   8   39 0.03
   2  134 0.44
  37  168 0.79
   5  127 0.19
  46   73 0.89
  41  103 0.98
  41  157 0.13
  23   47 0.87
  25  102 0.24
  28   46 0.72
  46   91 0.13
  19  134 0.55
   7   65 0.75
  21   41 0.38
   3   38 0.67
  11   62 0.56
   8  144 0.57
  20   22 0.58
  29   40 0.28
   4  135 0.05
  30   72 0.69
  38  101 0.49
  34  169 0.37
  31  116 0.81
  18   24 0.63
  26   76 0.93
  10  110 0.86
   5   47 0.67
  31   41 0.30
  23   59 0.41
  38   87 0.45

   5   28 0.62
   5  124 0.95
  18  139 0.54
   1   78 0.28
  16   20 0.35
   0  129 0.46
  22  160 0.73
  43  101 0.49
  37   93 0.74
  30  119 0.38
  17   79 0.41
   0   42 0.98
  26  102 0.93
  41   57 0.30
   3  127 0.91
  30   53 0.01
  20  131 0.33
  29   63 0.37
  15   32 0.99
  32   72 0.76
  16  107 0.30
  26   88 0.49
  35   42 0.25
  36   80 0.67
  12   19 0.77
  28  113 0.96
  16   75 0.12
  46  131 0.20
  40  159 0.97
  39  172 0.19
   0   69 0.58
  35   49 0.88
  23   34 0.40
  20  120 0.97
  17  113 0.21
  20  132 0.05
  21  136 0.67
   4   33 0.59
  26  128 0.80
  13  147 0.28
  35  140 0.07
  43   84 0.84
  45  174 0.37
   0  112 0.48
  10   64 0.56
  44  142 0.03
  19   93 0.09
   6  142 0.78
   3   83 0.86
  32  119 0.19
  22  135 0.21
  21   52 0.35
  43   75 0.51
  25   74 0.50
  10   93 0.84
   3   32 0.07
   5   59 0.33
   2  101 0.81
   8   12 0.30
   3  138 0.12
  12   48 0.77
  44  137 0.08
  25   38 0.32
  32   37 0.23
  18  159 0.95
  24   74 0.85
   1  102 0.03
  17   17 0.33
   4   40 0.50
  38  106 0.90
  15  102 0.86
   3  137 0.45
  27  142 0.07
  14   69 0.39
  26   35 0.82
  24   49 0.12
  26  129 0.82
  37  138 0.24
  38  156 0.49
  20   69 0.61

  28   47 0.93
  16   84 0.83
   8   62 0.87
  34   86 0.90
  22   51 0.76
  42   94 0.45
  19   73 0.07
  14  141 0.55
  11   77 0.47
  22   82 0.83
   3   94 0.49
  31  167 0.86
  27   31 0.98
  14   38 0.15
  27   73 0.11
  34   65 0.23
  42  152 0.35
   7   23 0.79
  18   64 0.98
  24  144 0.53
  32  153 0.02
  29   36 0.86
  45   62 0.79
  41   92 0.92
  44  151 0.26
  17   90 0.17
   1   45 0.70
   7   31 0.85
  15   34 0.81
  11  145 0.44
  45  154 0.82
  45  151 0.68
  10   11 0.88
  40   88 0.53
   8   56 0.25
  40  119 0.36
  33  106 0.24
  28   65 0.92
   4    5 0.57
  11   92 0.65
  37  104 0.52
   5   98 0.00
  39  120 0.52
  14  103 0.45
  17   95 0.29
  22  131 0.21
   0   56 0.60
  31   55 0.23
  30  109 0.23
   1  121 0.71
  12   90 0.70
   6   84 0.20
  32  143 0.45
   9   94 0.86
   8   34 0.72
  40   57 0.62
  29   29 0.71
  35   80 0.75
  34  127 0.97
  46   56 0.84
  40  124 0.78
   8   48 0.70
  27  144 0.00
   7   83 0.19
  44   78 0.68
  32   88 0.89
  26  130 0.04
  26  130 0.54
  39  117 0.29
  21  152 0.44
  45  121 0.54
   0   53 0.65
  28  118 0.72
   7   13 0.13
  32  142 0.16
  12   18 0.13
  31   89 0.82
   4  140 0.99
  44   85 0.66
  12   66 0.96

