3 50 4
6    4  10   4   4  10  16

  29   57 0.74
   8   51 0.05
  20   33 0.32
  19   39 0.16
   2    5 0.22
  50   77 0.09
  91  107 0.17
   4   26 0.02
  60   83 0.03
  31   73 0.62
  58   85 0.03
  41   71 0.75
  92   97 0.20
  49   81 0.24
  94  138 0.77
  66   73 0.43
  33   41 0.80
  10   48 0.33
  83   88 0.52
  77   80 0.41
  75  111 0.01
  84   94 0.74
  86  125 0.44
  67   87 0.80
  31   75 0.11
  35   80 0.82
  87  129 0.39
  70  102 0.02
  48   49 0.44
  75  123 0.07
  80   92 0.08
   3   29 0.87
  66  103 0.82
  54   80 0.50
   7   13 0.63
  41   58 0.61
  50   84 0.84
  63  100 0.69
  18   52 0.15
  73   97 0.62
  66  100 0.30
  97  114 0.51
  24   56 0.28
  48   70 0.21
  53   75 0.73
  87  131 0.07
  21   42 0.50
  15   36 0.96
  37   78 0.41
  52   70 0.24

  44   84 0.38
  41   75 0.26
  34   63 0.47
  52   93 0.97
   4   35 0.77
  42   50 0.49
  50   89 0.41
  99  113 0.84
  34   79 0.94
  78  117 0.10
  68   69 0.60
  82  100 0.00
  90  101 0.43
  76  104 0.01
  94  128 0.66
  21   34 0.36
  85   90 0.66
  41   90 0.95
  83   96 0.61
  40   85 0.49
  37   50 0.52
  44   88 0.93
  80   88 0.07
  29   54 0.47
   5   48 0.55
  47   88 0.58
  73  109 0.26
  97   98 0.00
  16   24 0.21
  34   50 0.40
  91  116 0.93
  89  107 0.60
  16   24 0.05
  83  120 0.27
  92   92 0.28
  87   90 0.32
   0    1 0.45
  46   48 0.86
  42   67 0.13
  17   19 0.49
  97  114 0.63
  42   64 0.74
  44   74 0.56
  34   68 0.40
  28   75 0.48
  11   16 0.48
  29   78 0.13
  27   76 0.92
  77  117 0.02
  50   51 0.65

  79  123 0.52
  28   47 0.14
  22   29 0.73
  71   98 0.37
  39   53 0.44
  79  101 0.91
  32   42 0.69
  37   40 0.81
  42   54 0.43
   8   21 0.95
  46   64 0.26
  48   70 0.13
  56  101 0.85
  58   95 0.98
  42   91 0.92
  78   95 0.25
  47   69 0.11
  37   69 0.48
   4   28 0.48
  82  113 0.70
   7   18 0.14
  81   84 0.25
  45   47 0.31
  49   87 0.68
  35   40 0.16
  75   92 0.37
  69   85 0.30
  34   72 0.57
  15   37 0.99
  61   64 0.37
  47   84 0.66
  49   53 0.81
  96  143 0.60
  39   47 0.63
  33   47 0.05
  74   90 0.76
  39   39 0.79
  11   40 0.74
   6   28 0.49
  63   89 0.76
  86  120 0.60
  40   85 0.89
  95   96 0.16
  16   23 0.32
  28   29 0.87
   4   43 0.48
   3   20 0.12
  10   47 0.92
  48   61 0.72
  39   62 0.12

  38   42 0.76
  55   63 0.94
  40   60 0.96
  24   54 0.85
  44   67 0.74
   8   55 0.25
  10   51 0.33
  32   33 0.09
   9   35 0.86
  34   66 0.00
  91  136 0.24
  20   66 0.39
  92  131 0.15
  33   61 0.13
   3    8 0.67
  36   42 0.32
  48   85 0.25
  74  119 0.07
   8   23 0.74
  29   57 0.13
  97  107 0.40
  89  106 0.93
  86  134 0.89
   2   49 0.81
  68   87 0.28
  27   68 0.93
  91  131 0.65
  77  119 0.08
  49   49 0.04
  21   63 0.96
  87  109 0.95
  87  107 0.61
  41   55 0.26
  68   70 0.58
  62  105 0.31
  84   86 0.48
  68  102 0.39
   2   35 0.08
  85  118 0.69
  95  107 0.71
  28   35 0.55
   1    9 0.61
  58   97 0.48
  10   28 0.59
  83  114 0.09
  47   47 0.62
  79  100 0.28
  77   97 0.93
   1   39 0.25
  23   58 0.06

  30   37 0.79
  78   91 0.03
  13   45 0.21
  58   87 0.73
  26   75 0.46
  92  135 0.75
  24   62 0.77
   5   21 0.68
  60   69 0.70
  35   68 0.94
  66   99 0.09
  60   94 0.68
  31   48 0.72
  99  140 0.01
  38   56 0.17
  54  102 0.10
  93  110 0.83
  78   81 0.59
  57   63 0.70
  68   97 0.11
  88  134 0.29
  43   50 0.12
  62   77 0.98
  59   83 0.36
  80  122 0.51
   9   18 0.36
  56   99 0.35
  19   29 0.20
  18   29 0.35
  77   93 0.23
  43   80 0.12
   4   41 0.57
  88   94 0.04
  72   93 0.64
  60   73 0.69
  99  143 0.24
   6    8 0.28
  72  106 0.76
   7    7 0.95
   5   12 0.40
  45   50 0.45
  76  113 0.76
  78  114 0.02
  30   62 0.98
  30   61 0.99
  85  102 0.14
  40   46 0.78
  48   84 0.42
  45   60 0.05
  94  119 0.44

  90  120 0.45
  89  111 0.48
  87  127 0.93
  12   13 0.23
  32   75 0.87
  96  138 0.96
  45   72 0.74
  68   91 0.34
  19   27 0.17
  56   97 0.75
  22   61 0.56
  41   79 0.01
  79  119 0.43
  34   63 0.92
  92  131 0.83
  72   75 0.68
  20   45 0.28
  19   44 0.10
   2   50 0.61
  84  121 0.59
  82  120 0.00
  79   92 0.42
  84  123 0.28
  42   90 0.44
  44   83 0.52
  49   75 0.72
  74  120 0.16
  79   84 0.44
  47   87 0.28
  83  111 0.21
  26   65 0.43
  93  119 0.89
  47   65 0.38
   2   41 0.04
  33   57 0.14
  95  104 0.64
  14   56 0.77
  95  124 0.30
   5   33 0.11
  82   86 0.38
  17   19 0.77
  87   95 0.79
  72   92 0.03
  27   70 0.44
   0   33 0.57
  96  136 0.18
  80   99 0.03
  11   46 0.76
  76  104 0.73
  43   82 0.27

