5 15 8
12    2   2  20  20  16  16   2  10  20  10  10  16

  38   41 0.78
   4    6 0.37
  26   33 0.40
  27   31 0.53
   9   19 0.09
   7   14 0.00
  29   32 0.14
  37   38 0.72
  36   42 0.83
  20   25 0.89
  31   32 0.17
   0    7 0.94
  23   25 0.82
   4    9 0.16
  36   43 0.22

  25   32 0.60
  28   36 0.28
  35   42 0.91
  15   17 0.72
  15   26 0.03
  18   29 0.49
   5   16 0.37
   7   11 0.38
   0    8 0.89
  24   36 0.62
  39   50 0.03
  27   38 0.70
  32   35 0.88
  38   50 0.22
   5   11 0.62

   4   14 0.91
   6   15 0.06
  19   21 0.49
  30   41 0.08
   3   12 0.69
   1    5 0.18
   2    3 0.38
  32   43 0.20
   8   19 0.63
  34   45 0.91
  38   49 0.73
   9   17 0.32
   6   11 0.94
  35   38 0.75
  33   42 0.70

  34   46 0.02
  20   32 0.16
  24   35 0.98
  39   49 0.47
   2   12 0.04
  13   19 0.22
  20   25 0.91
  17   27 0.92
   1    4 0.08
  18   29 0.90
  38   41 0.38
  31   36 0.68
  12   17 0.78
  14   14 0.40
  28   39 0.91

   5   16 0.31
  24   34 0.73
  11   18 0.64
  25   30 0.79
  10   16 0.79
   9   19 0.14
  12   12 0.88
  18   28 0.64
  28   36 0.50
  20   27 0.79
  18   19 0.14
  39   51 0.42
   8    9 0.57
  11   19 0.83
  19   23 0.16

   7    7 0.59
   2   11 0.18
   1    5 0.91
  32   44 0.94
   4    4 0.70
  24   27 0.30
  30   31 0.24
  38   39 0.72
  32   32 0.76
  28   32 0.30
  36   46 0.04
  24   31 0.89
  31   38 0.55
  26   27 0.60
  10   16 0.95

  19   28 0.67
   7    7 0.29
  31   33 0.28
   8   10 0.39
  34   42 0.17
  20   24 0.52
  27   36 0.08
  20   24 0.86
  35   46 0.82
   0   10 0.94
  16   28 0.84
   4   16 0.47
  18   23 0.42
   2    9 0.31
  35   45 0.22

  12   19 0.06
   5   10 0.46
  22   22 0.21
  34   36 0.06
   9   16 0.88
  33   33 0.07
   5   16 0.59
  23   32 0.92
  30   34 0.15
   3   14 0.84
  29   33 0.85
   5   17 0.19
  23   25 0.38
  17   21 0.33
  19   21 0.07

   9   10 0.48
  11   15 0.96
  25   30 0.83
  15   22 0.53
  19   30 0.26
  22   24 0.89
  26   28 0.05
   0    5 0.22
  30   30 0.57
  15   17 0.25
  11   20 0.90
   2   14 0.20
  36   43 0.17
  23   28 0.76
   1   10 0.36

  36   39 0.23
  21   32 0.09
  19   26 0.94
   5   16 0.17
   6   10 0.49
   1    9 0.83
   3    6 0.81
  38   41 0.53
   2    3 0.05
  13   23 0.30
  11   22 0.40
  11   23 0.47
  17   20 0.50
  19   26 0.21
  32   44 0.37

  36   37 0.35
   2    4 0.54
  21   28 0.70
   7   17 0.25
   9   21 0.80
  29   37 0.15
  19   20 0.76
  34   42 0.98
  11   17 0.97
  13   15 0.42
   3    3 0.37
  19   23 0.26
  34   36 0.54
  23   25 0.98
   9   16 0.27

  21   29 0.71
  31   43 0.33
  13   20 0.43
  16   19 0.44
   9   14 0.07
  19   25 0.49
  24   29 0.34
  16   16 0.32
  30   34 0.37
   8   14 0.02
   5   13 0.76
   8   18 0.66
   3   12 0.63
  31   41 0.81
  14   20 0.11

