5 30 8
6    2  20   4  16   4   2

   7   30 0.03
   1    7 0.43
   1   13 0.71
   7    7 0.47
   4   23 0.91
   0    2 0.80
   5   14 0.96
   3    8 0.82
   2   24 0.54
   0    2 0.30
   1   12 0.03
   2   27 0.43
   7   10 0.70
   5   17 0.28
   1   25 0.03
   0   17 0.68
   3    5 0.74
   4   30 0.07
   2   11 0.04
   1   17 0.56
   6   11 0.77
   7   23 0.76
   8   22 0.18
   4    9 0.00
   1   24 0.40
   3   18 0.81
   7   31 0.81
   7   32 0.44
   6   21 0.30
   8   16 0.47

   3    4 0.17
   6   24 0.53
   3   25 0.22
   7   19 0.53
   7   21 0.56
   8   25 0.97
   7   25 0.50
   6   12 0.64
   5   15 0.17
   2    2 0.48
   2   16 0.02
   4   17 0.09
   0   25 0.72
   8   15 0.54
   5   24 0.84
   7   32 0.50
   7    8 0.51
   3    3 0.38
   7   21 0.63
   2   16 0.61
   5   12 0.08
   7   10 0.18
   0    4 0.90
   4   16 0.45
   4    6 0.41
   6    7 0.31
   5    8 0.77
   0   15 0.35
   3   29 0.15
   0   26 0.62

   2   26 0.84
   7   23 0.57
   6   12 0.34
   3   22 0.03
   8   26 0.47
   5   15 0.97
   3   28 0.44
   1   25 0.37
   2    8 0.94
   7   13 0.00
   6    9 0.72
   3    3 0.74
   7    9 0.23
   4   28 0.64
   6   27 0.17
   4   11 0.73
   3   26 0.20
   3   20 0.83
   5    5 0.08
   6   16 0.54
   8   12 0.66
   3    9 0.29
   3    6 0.78
   7   23 0.01
   5   28 0.55
   8   30 0.32
   5   28 0.74
   5   25 0.42
   3    4 0.90
   2   12 0.93

   4    6 0.22
   4   25 0.28
   1   21 0.61
   1   23 0.34
   2   15 0.60
   6   23 0.19
   1   16 0.22
   5   30 0.51
   8   20 0.67
   6    7 0.70
   6   16 0.90
   6   14 0.58
   3   22 0.94
   0   21 0.57
   3   23 0.94
   8   16 0.10
   0   24 0.80
   7   19 0.92
   6   27 0.20
   8   10 0.86
   7   25 0.25
   3   18 0.92
   4   11 0.34
   1   23 0.06
   4   21 0.08
   1    7 0.70
   6   29 0.20
   3   27 0.30
   4   26 0.26
   5    9 0.26

   1   21 0.15
   8   24 0.43
   6   31 0.54
   8   26 0.45
   6   11 0.96
   4   14 0.50
   4   24 0.61
   6   31 0.61
   5   26 0.06
   6   10 0.02
   1    2 0.45
   1   24 0.17
   1   26 0.71
   7   23 0.60
   6   29 0.57
   7   18 0.24
   8   23 0.42
   4    9 0.77
   1    1 0.91
   7   26 0.93
   4   25 0.49
   7   22 0.80
   4   11 0.21
   3   22 0.93
   8   32 0.00
   6   13 0.01
   2   17 0.44
   8   13 0.36
   2   26 0.38
   3    7 0.98

   6   16 0.71
   8   33 0.82
   4   16 0.35
   2   24 0.16
   6   22 0.23
   6   10 0.37
   4   11 0.94
   1   27 0.41
   4   22 0.51
   5    9 0.22
   0   21 0.39
   0   15 0.79
   3    8 0.58
   3   20 0.53
   8   15 0.68
   3   21 0.95
   5   10 0.46
   4   18 0.75
   5   13 0.72
   8   26 0.99
   8   27 0.40
   8   27 0.10
   2    8 0.13
   0   17 0.81
   2   12 0.30
   7   12 0.04
   7    9 0.47
   3   20 0.70
   1   26 0.64
   7   29 0.04

