4 50 4
6    4  10  20  10  16   4

 116  155 0.28
 147  194 0.04
  47   51 0.65
  48  131 0.73
  21   54 0.71
   4   64 0.09
 120  208 0.28
  89  123 0.84
  26   67 0.37
  98  158 0.64
 131  173 0.87
  39  109 0.35
  34   96 0.91
  62  132 0.09
   9  105 0.60
  35   84 0.68
 141  148 0.55
  96  170 0.16
  10   71 0.61
  41  110 0.32
 127  170 0.37
  68  121 0.68
  32  108 0.06
  55  111 0.01
  78   78 0.10
 143  240 0.86
 107  134 0.24
  17   80 0.53
  40   64 0.25
 105  168 0.68
 146  216 0.55
  10   63 0.37
  61  150 0.85
 146  224 0.15
  28  105 0.33
  87  155 0.58
  54   93 0.20
 100  174 0.81
   4   12 0.03
   3   12 0.86
 101  161 0.17
  31   72 0.19
  59   59 0.60
 146  223 0.21
  61  121 0.44
 110  191 0.99
  92  143 0.12
  71  121 0.73
   0   33 0.64
 145  216 0.22

  40   84 0.47
  81  115 0.31
  84  124 0.38
   9   40 0.69
  64   90 0.23
 139  187 0.19
  13   70 0.73
  80  152 0.31
  17   63 0.90
  48  113 0.12
 123  170 0.34
  15   56 0.49
   0   22 0.75
  21   96 0.13
  91  115 0.01
  32   40 0.09
  54   81 0.78
 145  241 0.46
  56   57 0.96
  34   67 0.85
  27   52 0.83
   0   37 0.90
  55   84 0.74
  13   36 0.69
   3   69 0.16
  96  163 0.75
  86  185 0.86
 134  206 0.70
   1   70 0.38
  22   84 0.35
 118  177 0.38
  63   70 0.27
  29   61 0.46
  66  123 0.18
 103  179 0.43
  44   66 0.52
   5   98 0.55
  23   85 0.12
  36   64 0.70
 139  142 0.10
 126  186 0.58
  45  127 0.40
 128  156 0.60
 100  178 0.31
  91  179 0.89
 144  179 0.57
  93  141 0.89
 121  188 0.51
 108  183 0.53
 122  203 0.21

 109  134 0.90
  24   38 0.74
  35  114 0.74
  49   75 0.76
 132  220 0.33
  12   21 0.92
  93  116 0.56
  22   55 0.51
   5   64 0.89
  93  106 0.49
  80  174 0.75
  56  145 0.20
  23   36 0.46
  30  127 0.72
 143  197 0.54
  40   82 0.56
  21   72 0.73
  96  194 0.59
 101  169 0.35
  39   71 0.10
  66  126 0.29
 117  143 0.23
  42  124 0.66
 112  191 0.82
  53   79 0.22
   7   25 0.70
  70  151 0.69
  45   60 0.74
 136  139 0.13
  24  113 0.18
  90  179 0.64
  80  132 0.56
 115  188 0.27
  81  129 0.71
 132  145 0.66
  90  134 0.61
  65  154 0.61
  95  131 0.12
  69  141 0.10
  66  109 0.56
  54  134 0.89
 110  137 0.25
 117  122 0.25
   2   93 0.34
  13   36 0.11
  45   70 0.37
 108  194 0.27
 147  220 0.57
  27   52 0.86
  74   90 0.24

  31   42 0.32
 122  149 0.83
  44   51 0.97
 135  148 0.18
  91  127 0.69
 128  224 0.37
 101  161 0.72
 102  132 0.54
  12   24 0.92
 111  204 0.04
  64   74 0.16
 122  132 0.27
  56   72 0.49
  85  133 0.74
 102  201 0.94
 106  157 0.91
  87  155 0.45
 136  154 0.64
  83  171 0.79
 144  154 0.03
  52  116 0.95
  23  100 0.47
  20  114 0.16
  72   95 0.18
  94  108 0.37
  56  115 0.21
 107  204 0.99
  52   63 0.82
  13   96 0.09
  93  106 0.26
  11   89 0.70
 130  149 0.40
  35   78 0.60
  32  103 0.70
  79  111 0.30
  40   49 0.87
  36   65 0.79
  79  164 0.57
  76  116 0.28
 148  245 0.98
 107  133 0.40
 104  110 0.21
   1   94 0.59
  76  144 0.81
  75  100 0.94
 147  170 0.87
  28   41 0.49
  92  184 0.09
  25   40 0.81
 145  155 0.09

  27  112 0.22
 128  173 0.08
  90  186 0.88
 121  148 0.71
 110  163 0.77
  84  179 0.40
 104  203 0.68
 145  192 0.56
 124  136 0.62
  29   45 0.11
  27   80 0.04
  39  107 0.82
  53   72 0.81
  85   88 0.67
  96  184 0.69
  21   41 0.12
   1   68 0.09
  17   42 0.33
  74  159 0.68
  24  102 0.15
   5  102 0.39
  71  130 0.79
  53   84 0.74
 128  213 0.75
 132  216 0.17
  99  172 0.87
  46   73 0.85
  63   66 0.60
  39   57 0.09
  86  116 0.30
  90  117 0.44
  64  134 0.89
   2   86 0.07
  61  114 0.54
  91  175 0.88
  35   64 0.92
   1   38 0.34
  84  178 0.31
 136  170 0.44
  34   35 0.87
  40   94 0.69
  56  119 0.39
  29   82 0.04
  87  111 0.65
  70  112 0.69
  60  113 0.88
  12   45 0.54
  97  155 0.52
  28   85 0.58
  60   70 0.69

 112  190 0.32
  45  127 0.01
  99  153 0.24
 137  146 0.70
  45  115 0.91
  43  139 0.45
  88  112 0.83
  66  103 0.68
  31   54 0.56
  89  118 0.76
 121  191 0.96
 131  136 0.55
  30   38 0.48
 111  190 0.99
 134  199 0.01
  56  140 0.10
  26  117 0.18
  21   51 0.94
  21   68 0.20
  89  109 0.58
  58  117 0.02
  59   89 0.34
  98  183 0.68
  22   75 0.64
  40  127 0.61
  46   88 0.03
 127  127 0.57
  22   89 0.85
  71  170 0.15
  92  188 0.38
  45   61 0.48
  20  103 0.91
  49  106 0.56
   0   18 0.62
  56  117 0.93
 102  160 0.32
  89  105 0.33
 133  158 0.20
 107  134 0.28
 118  192 0.25
  30   86 0.05
  39  128 0.07
 107  128 0.94
 120  134 0.73
 144  205 0.48
 100  145 0.71
  51  131 0.17
  42  102 0.28
 110  171 0.60
 140  231 0.18

