3 40 4
6   20  16  10  16  10   4

  98  154 0.60
 123  220 0.55
  72  125 0.58
 100  194 0.46
  87  149 0.89
  69  167 0.44
  32   51 0.90
  44  106 0.01
 125  187 0.98
  85  125 0.40
  89   93 0.17
  72  135 0.17
  57  159 0.55
  44  141 0.14
  78  172 0.41
   5   69 0.76
  19   77 0.77
  10   64 0.56
 121  158 0.22
  56  161 0.08
  29   50 0.15
   3   61 0.98
 112  180 0.77
  86  105 0.82
 125  249 0.73
  17   54 0.85
  38   52 0.40
   2   29 0.74
  68  126 0.51
  53   94 0.39
  50   58 0.79
 103  186 0.01
  73  198 0.57
  84  153 0.80
  63  140 0.06
  86  190 0.43
 103  139 0.71
 113  175 0.50
  38   49 0.54
  56  169 0.98

  64  106 0.51
 125  171 0.09
  20   85 0.69
  37   64 0.59
  37   99 0.28
  46  162 0.43
  48   65 0.58
  81  184 0.42
  86  153 0.42
  69  161 0.82
  95  191 0.32
 123  139 0.60
  51   90 0.32
  90  103 0.14
  25   83 0.91
 102  133 0.51
  35  105 0.49
  46  102 0.53
 113  161 0.56
 111  168 0.46
   8   37 0.82
 117  159 0.41
  42   60 0.73
  21   30 0.41
  85  153 0.71
 103  166 0.45
   6   55 0.93
 115  228 0.12
  36   57 0.45
  17  139 0.14
  79  106 0.63
  81   99 0.92
  56  105 0.79
  30  155 0.68
 101  172 0.77
  37  121 0.14
   9   38 0.12
 113  145 0.35
  88  195 0.71
  91  146 0.87

  25  114 0.84
  64  149 0.04
 101  155 0.85
  75  144 0.19
   0  125 0.33
  94  147 0.37
   2   42 0.86
  55  178 0.09
  53   97 0.24
  53  133 0.24
   0   22 0.26
  32   91 0.70
 115  137 0.32
  51   59 0.02
  43   75 0.27
  89  116 0.66
  68  125 0.23
 116  235 0.25
  24   34 0.18
  42   80 0.24
  65  160 0.99
  34  146 0.85
 110  196 0.54
  88  149 0.16
 103  202 0.71
 110  171 0.44
 104  109 0.66
  48  173 0.70
   9   11 0.34
  94  204 0.45
 103  103 0.11
  52  145 0.84
  24  110 0.71
  51  100 0.73
  56  155 0.45
 111  204 0.05
  26   92 0.94
  47  135 0.66
  35   94 0.07
  21   24 0.09

  45  158 0.82
   3  122 0.15
 112  147 0.24
  52  112 0.36
  38  150 0.64
  68  111 0.13
 125  232 0.00
  20  121 0.22
  50   63 0.23
  80  203 0.85
  54   71 0.42
   7   31 0.42
  72   83 0.25
  87  121 0.10
  29  135 0.43
  94   99 0.50
  17   94 0.37
  77  178 0.49
 114  221 0.63
  18  121 0.47
  37   58 0.58
  79   96 0.58
  63   74 0.67
   1    5 0.85
  85  158 0.91
  12  120 0.65
  45   70 0.39
  36   51 0.30
  96  152 0.27
 115  229 0.65
  60   88 0.45
  65  143 0.86
  53  173 0.99
 114  138 0.00
  78  178 0.90
  77  160 0.58
 120  152 0.14
  28   80 0.59
  55   86 0.00
  44   88 0.66

  11  131 0.41
  87  114 0.71
 118  138 0.28
   9   14 0.63
   5   31 0.95
  96  217 0.09
  70   83 0.29
 105  130 0.81
  90  133 0.51
  29  106 0.19
  30   44 0.25
  82  126 0.56
  25  144 0.60
  76  117 0.68
  51  109 0.34
   8  121 0.22
  23   72 0.60
  36  104 0.36
  11   64 0.96
  61  128 0.65
  30   64 0.56
 110  188 0.42
  99  129 0.41
  32  121 0.54
  82  133 0.72
 100  197 0.74
 108  223 0.33
  49   96 0.13
  26   29 0.94
  59  104 0.02
  64   67 0.20
  34  146 0.02
   8  102 0.00
   0   14 0.54
  54  146 0.69
  83  102 0.39
  36   59 0.13
   9   38 0.39
  40   58 0.97
  38   73 0.47

  45   80 0.04
  88   93 0.39
 112  120 0.39
 107  186 0.39
  10  106 0.88
  89  109 0.66
  70  173 0.65
 119  209 0.67
  14   56 0.47
   1   74 0.67
  96  119 0.43
  44  121 0.84
  83  187 0.10
 112  237 0.38
 124  129 0.87
   7  106 0.35
 104  131 0.91
 101  200 0.81
  94  195 0.57
  39   47 0.73
  15   53 0.56
  53  151 0.69
  79  188 0.00
   5    9 0.09
  53   79 0.52
  80  140 0.23
  45  148 0.93
  36   95 0.54
  17   76 0.00
  30   58 0.59
  80  165 0.10
  62   72 0.90
  71   76 0.48
   6  130 0.15
  35   45 0.30
 123  137 0.66
  81  113 0.30
   8   28 0.84
  94  206 0.56
  49  116 0.75

