3 15 8
12    4   4   4  20  20  10  16  10   2  10   2  10

  21   35 0.12
   7   18 0.46
  19   31 0.74
  46   62 0.29
  18   28 0.69
  37   40 0.16
  45   53 0.23
  45   47 0.94
  34   38 0.50
  18   34 0.75
  23   35 0.74
  26   28 0.51
  40   45 0.19
  15   31 0.53
  40   52 0.51

  24   36 0.47
  35   35 0.65
  26   35 0.75
  17   17 0.13
  40   43 0.87
   9   18 0.02
  38   53 0.62
  24   37 0.04
  20   21 0.04
  17   22 0.60
  22   23 0.79
   8   13 0.83
  19   27 0.29
  49   61 0.65
   2   18 0.92

  38   38 0.02
  25   38 0.47
  13   17 0.01
  23   38 0.54
  33   33 0.34
  48   58 0.90
  50   57 0.64
  48   61 0.33
  13   28 0.08
  50   56 0.20
  51   61 0.94
   0   11 0.10
   3   10 0.83
  12   16 0.84
   0    2 0.37

  30   43 0.40
  24   27 0.60
  39   47 0.97
  17   18 0.46
  31   31 0.05
  51   67 0.92
  21   21 0.30
   6   11 0.79
  28   28 0.17
  36   46 0.85
  10   15 0.29
  27   39 0.71
  44   57 0.55
  11   26 0.05
  35   42 0.67

  10   19 0.71
  11   17 0.11
  45   53 0.98
  16   16 0.78
  34   40 0.72
  51   59 0.61
  18   20 0.73
  26   35 0.83
  15   31 0.26
  10   20 0.52
  31   44 0.54
  19   26 0.25
  32   46 0.03
  13   20 0.73
  41   51 0.32

  16   29 0.50
  20   26 0.35
  35   39 0.98
  45   61 0.78
  19   32 0.55
  28   36 0.15
  21   36 0.49
  21   27 0.77
  37   46 0.50
  36   40 0.35
  48   64 0.38
  51   60 0.91
  15   21 0.92
  41   53 0.09
  25   25 0.68

   1   15 0.63
  18   32 0.00
  10   12 0.86
  41   43 0.30
   6    6 0.15
  31   44 0.14
  38   51 0.00
   8   20 0.54
  23   28 0.10
  15   31 0.99
  33   47 0.98
  11   26 0.65
  48   60 0.46
  26   36 0.69
   5   18 0.70

  47   48 0.50
  48   63 0.58
  38   41 0.82
  11   11 0.61
   1    6 0.88
   2    3 0.23
  39   46 0.95
  50   54 0.23
  15   23 0.60
  46   58 0.01
   2   16 0.62
  20   21 0.65
  13   19 0.24
   4   19 0.63
  34   49 0.87

  23   35 0.55
  11   26 0.18
  48   54 0.63
  46   57 0.98
  10   17 0.94
  33   37 0.65
  46   58 0.79
  15   20 0.72
  24   33 0.10
   9   12 0.53
  39   51 0.59
  16   16 0.40
  32   37 0.28
  32   37 0.11
   8    9 0.08

  40   55 0.40
  46   48 0.38
   0    4 0.87
  17   17 0.29
  18   33 0.21
  25   25 0.35
  44   59 0.81
  20   35 0.97
   5   15 0.12
  42   50 0.06
  45   54 0.90
  15   18 0.92
  22   32 0.50
  25   29 0.37
  40   48 0.24

  24   37 0.49
   5    7 0.25
  49   63 0.51
  12   15 0.68
  49   52 0.67
  24   28 0.71
  49   52 0.81
  10   26 0.47
  36   43 0.95
  36   43 0.58
  40   53 0.20
  26   26 0.07
  43   59 0.94
   5   15 0.81
   4   14 0.32

  44   54 0.47
  46   60 0.12
   8   22 0.79
  47   59 0.40
  23   28 0.96
  31   37 0.04
  16   17 0.14
  46   61 0.14
  37   41 0.70
  23   39 0.10
  51   65 0.25
   4   18 0.88
  32   36 0.23
  28   36 0.69
  10   18 0.77

