4 50 4
6    2  20   4  10  10   4

  13   49 0.57
  78   99 0.65
  43   77 0.06
  97   99 0.29
  78  110 0.31
  60   78 0.04
 101  134 0.49
  13   19 0.92
 101  134 0.62
   1   23 0.78
  48   83 0.03
  67   81 0.06
  22   38 0.16
  43   70 0.31
  21   54 0.82
  21   36 0.57
  49   64 0.86
  86  122 0.88
  58   79 0.00
  48   65 0.15
  37   51 0.12
  40   68 0.86
  78   78 0.20
 108  128 0.87
  80  115 0.14
  19   31 0.12
  68  100 0.33
  72   92 0.14
  26   59 0.09
   0    1 0.76
   7   15 0.43
  62   63 0.95
  79  103 0.02
  24   58 0.12
  85  111 0.40
  82   90 0.87
  50   57 0.37
  51   87 0.25
  40   71 0.24
  38   74 0.68
  64   90 0.49
  31   53 0.72
 107  131 0.24
  84  118 0.77
   8   34 0.86
 111  128 0.64
  69   98 0.76
  80  114 0.94
   3   11 0.27
  39   68 0.23

  45   67 0.63
  26   46 0.29
 116  125 0.50
  23   39 0.89
   5   22 0.72
  42   57 0.73
  82  103 0.45
  64   68 0.77
  33   55 0.06
  87   89 0.37
   5   34 0.06
 113  128 0.42
  28   31 0.24
  83  115 0.48
  16   47 0.73
  62   69 0.86
   6   25 0.34
  69   94 0.79
  64   78 0.17
  25   35 0.00
   7   41 0.58
  56   76 0.42
  40   64 0.24
  89  114 0.23
   4   33 0.11
  24   55 0.92
  43   78 0.36
  88  115 0.41
  68   76 0.82
  49   82 0.05
 111  145 0.79
   7   17 0.05
  22   55 0.78
  40   53 0.70
  54   66 0.01
  35   47 0.25
  34   64 0.30
  19   35 0.84
  86  100 0.19
 111  135 0.36
  27   47 0.97
   5   38 0.87
  90   91 0.26
  51   56 0.92
 115  148 0.74
  63   95 0.20
  25   39 0.15
   8   14 0.10
  67   70 0.92
  11   17 0.93

 104  117 0.61
  48   72 0.92
  92  119 0.99
  59   64 0.21
 109  117 0.81
  77   97 0.59
  68   72 0.28
 108  134 0.96
   4   24 0.41
 113  116 0.49
  63   85 0.46
  58   96 0.76
 104  114 0.53
  83  109 0.74
   5   36 0.74
  77  111 0.12
  72   77 0.98
  78  114 0.16
  17   50 0.04
  73   79 0.21
  36   68 0.11
  94  105 0.43
  23   25 0.38
  97  117 0.78
  36   43 0.02
 113  117 0.49
  38   75 0.81
  74   99 0.08
  64   90 0.71
 113  132 0.37
  57   95 0.62
  82   85 0.54
  29   38 0.12
  36   49 0.43
  20   26 0.88
  18   44 0.37
 103  134 0.73
  87  108 0.00
 114  125 0.75
  45   82 0.00
  89  100 0.57
  78  107 0.54
  41   61 0.31
 108  121 0.83
  20   48 0.93
 101  117 0.94
   3   13 0.13
  14   50 0.97
  14   22 0.20
  93  109 0.20

   4   30 0.29
 108  135 0.75
  95  117 0.91
  40   73 0.20
  49   64 0.33
 111  121 0.22
  12   22 0.49
   0   15 0.51
  29   65 0.89
  42   63 0.27
  44   69 0.86
  25   52 0.48
  77   80 0.29
  68   70 0.89
  26   26 0.56
  94  108 0.03
  47   74 0.19
   0   25 0.71
  38   62 0.22
  85   93 0.97
  67   87 0.28
   8   32 0.85
   4   40 0.58
  60   67 0.30
  87   95 0.28
  54   78 0.12
   3   21 0.72
  97  116 0.29
  88  122 0.36
  14   34 0.37
  44   47 0.68
  20   38 0.14
  22   41 0.97
 101  120 0.22
  49   72 0.63
  68   79 0.13
  17   24 0.30
  16   47 0.01
  68  101 0.64
  59   88 0.44
  39   77 0.03
  82   82 0.78
  86   92 0.31
  58   79 0.17
  73   87 0.19
  77   97 0.95
 115  142 0.66
 100  130 0.01
  79   98 0.49
  35   58 0.94

  32   53 0.48
 109  141 0.28
  51   67 0.71
 114  123 0.38
   1   29 0.29
 107  121 0.63
  37   51 0.19
  49   50 0.13
  50   56 0.34
  86  107 0.98
  83  109 0.92
   5    8 0.14
  53   67 0.85
 113  135 0.50
  52   57 0.56
  29   39 0.90
 113  123 0.96
  29   33 0.98
  30   38 0.14
 114  136 0.05
  99  127 0.91
  36   46 0.89
 116  133 0.45
  62   73 0.83
  54   59 0.15
  14   26 0.48
  85  106 0.02
  55   84 0.38
  76  112 0.61
  97  122 0.13
  80   92 0.55
   0   18 0.94
  62   97 0.39
  55   87 0.99
  31   38 0.93
   2   34 0.47
  79   83 0.09
   8   22 0.51
  32   53 0.07
   7   42 0.82
 107  143 0.82
  27   29 0.22
  26   37 0.67
 109  122 0.14
  31   64 0.00
   0   16 0.24
  69   72 0.14
  29   49 0.96
   3   37 0.62
  97  129 0.45

  56   67 0.47
  74   94 0.89
  74  112 0.93
  15   19 0.22
  36   60 0.01
  55   80 0.84
  11   14 0.78
  53   59 0.07
   9   40 0.84
  69  102 0.89
  98  132 0.46
  11   37 0.90
   4   42 0.03
 107  135 0.80
  66   85 0.09
  24   28 0.11
  79  113 0.92
  84   99 0.36
  85  111 0.16
   7   18 0.38
  81  108 0.88
  31   42 0.69
   0   37 0.25
   3   19 0.77
  14   22 0.59
  69   77 0.24
  63   67 0.57
   6   22 0.11
   1   21 0.67
  14   47 0.75
   2   22 0.92
  75  112 0.52
  20   23 0.62
   5    5 0.14
  67   95 0.79
  23   39 0.59
  17   40 0.09
  89  119 0.08
 110  141 0.91
  32   37 0.84
  58   76 0.15
  13   26 0.53
  31   65 0.04
  79   97 0.66
  11   38 0.23
  59   72 0.47
  65   71 0.13
  92   95 0.60
 107  134 0.73
  66   99 0.34

