5 15 8
12   16   2  16  16  16   4   4  16   2   4  10  16

   7   14 0.85
   3    9 0.91
   2   12 0.77
   3   12 0.64
   6   15 0.10
   0    7 0.74
  10   18 0.01
   2    5 0.22
   7    8 0.11
  10   15 0.66
   1    9 0.81
   7   16 0.74
   8   17 0.85
   8   14 0.95
   4    8 0.35

   1    8 0.13
   4    4 0.25
   3    7 0.55
   2    7 0.76
   8   14 0.09
   8   16 0.00
   9   15 0.10
   7   14 0.49
  10   19 0.63
   3   10 0.12
   6   14 0.85
   6   14 0.00
   9   12 0.24
   5    5 0.80
   9   11 0.07

   4    7 0.68
   8   15 0.45
   6   12 0.55
   1    8 0.40
   3    3 0.92
   8   12 0.53
   5    5 0.68
   2    5 0.42
   8   14 0.04
   2   10 0.24
   3    8 0.60
   2    8 0.24
   1   11 0.73
   2    3 0.65
   4   12 0.17

  10   17 0.13
   5    9 0.88
   2    4 0.35
   2    2 0.22
   5    5 0.41
   0    2 0.73
   2   10 0.92
   9   14 0.75
   4    7 0.67
   3    8 0.00
   8    8 0.95
   4   12 0.23
   7   17 0.15
   6   12 0.39
   4    9 0.76

   5    9 0.08
   7   17 0.89
   5    6 0.18
   6    7 0.48
   8    9 0.74
   1    8 0.97
   0    1 0.92
   3   10 0.89
   3   12 0.62
   5   13 0.33
  10   12 0.80
   2    9 0.23
   9   15 0.12
   0    7 0.48
  10   19 0.27

   5   13 0.72
   0    1 0.23
   7    7 0.77
   3   13 0.82
   1    9 0.33
   5    9 0.05
   3   12 0.32
   9   11 0.82
   2   11 0.10
   6   10 0.67
  10   14 0.70
   7    8 0.75
   1    3 0.19
   6    9 0.66
   3    4 0.88

   2   11 0.78
   5    7 0.36
   2    3 0.06
   5    7 0.56
   5    6 0.83
   7   10 0.10
   2   11 0.18
  10   12 0.23
   0    9 0.41
   9   15 0.59
   8   13 0.77
   2    6 0.35
   3   13 0.91
   3    5 0.27
   7   10 0.04

   2    8 0.35
   2    5 0.32
   5    7 0.95
   4    6 0.00
   9   18 0.14
   7   11 0.30
   8   12 0.98
   2    8 0.73
   6   12 0.71
   2   10 0.65
   0    3 0.86
   6   11 0.91
   3    6 0.02
   6    9 0.73
   4    7 0.24

   8   11 0.16
   4    5 0.03
   8   11 0.20
   1   11 0.88
   8   18 0.91
   8   16 0.45
   7   13 0.93
  10   17 0.88
   7   15 0.12
   3   13 0.42
   6   14 0.95
   8   11 0.55
   7   17 0.64
  10   13 0.49
   9   16 0.47

  10   13 0.68
   9   16 0.19
   5    5 0.17
   8   13 0.76
   4   10 0.74
   2    7 0.10
   9    9 0.33
   6   16 0.52
   3   13 0.14
  10   18 0.46
  10   17 0.67
   3    6 0.08
   1    4 0.16
   9   16 0.67
   1    9 0.53

   1    7 0.11
   7    9 0.23
   1    1 0.38
   6   13 0.89
   3   13 0.64
   9   12 0.96
   2    9 0.10
   8   13 0.76
   7   10 0.60
   1    7 0.60
   9   18 0.71
   8   14 0.81
   7   11 0.38
   7   13 0.77
   7   16 0.75

  10   12 0.27
   1    6 0.62
  10   18 0.70
   1   11 0.65
   9   18 0.53
   9   12 0.35
  10   10 0.57
   2    9 0.24
   8   18 0.29
   3    8 0.52
  10   19 0.57
   9   17 0.97
   1    4 0.96
   1   10 0.60
   2   11 0.04

