5 100 4
3   10   4  10

   4    8 0.48
  30   41 0.73
   0   15 0.45
  21   64 0.53
  45   53 0.64
  24   44 0.34
  23   70 0.42
  42   59 0.34
  27   66 0.10
  18   23 0.49
  25   26 0.18
  51   61 0.28
  34   84 0.98
  57  114 0.81
  41   80 0.24
  46   57 0.41
  14   25 0.87
  13   34 0.66
  22   79 0.46
   6   56 0.38
   3   30 0.71
  46   56 0.89
   9   64 0.31
  31   44 0.32
  21   77 0.68
   4   26 0.21
  58   66 0.57
  53  101 0.70
   0   45 0.11
  46   95 0.82
  37   55 0.16
  58   67 0.93
  35   61 0.42
  52   57 0.23
  16   24 0.58
  34   66 0.24
  16   41 0.43
   5   17 0.91
   4   13 0.85
   2    5 0.50
  24   45 0.43
  20   33 0.32
  56  113 0.05
  58   81 0.73
   2   38 0.10
   5   13 0.43
   8   25 0.37
  18   59 0.12
  17   72 0.33
  51  109 0.50
  34   61 0.03
  35   78 0.39
  42   59 0.24
  28   61 0.88
  58   69 0.36
  56   62 0.33
  16   56 0.04
  25   73 0.69
  33   69 0.28
  15   67 0.91
  58   92 0.22
  11   29 0.50
   3   13 0.01
   2   15 0.47
  47   86 0.66
  21   60 0.96
   8   56 0.52
  30   65 0.40
  25   75 0.40
  31   78 0.42
  51  104 0.45
  39   48 0.93
  17   47 0.69
  47   53 0.24
  44   76 0.88
  33   37 0.96
  37   63 0.52
  42   50 0.41
  33   33 0.88
  22   27 0.00
  41   89 0.69
  29   56 0.18
  31   43 0.76
  43   60 0.20
  38   81 0.82
  12   18 0.33
  10   44 0.88
  23   54 0.41
   5   15 0.61
  43   98 0.03
  57   64 0.22
  45   91 0.42
  56   56 0.29
  24   75 0.09
  35   38 0.40
  26   45 0.83
   2   39 0.28
   5   34 0.51
  23   68 0.03
  24   54 0.73

  16   74 0.01
  19   39 0.67
  18   35 0.40
  58   85 0.60
  19   76 0.66
  18   51 0.93
  55   95 0.35
  32   43 0.73
   7   33 0.01
   6   15 0.04
  10   30 0.42
  48   91 0.09
  53   78 0.59
  33   40 0.88
  52  101 0.35
   5   49 0.02
  53   73 0.88
  30   64 0.08
  21   45 0.37
  11   39 0.09
  58   97 0.89
  18   46 0.70
  12   42 0.51
  44   53 0.64
  17   48 0.18
  54  103 0.72
   8   36 0.13
   2   53 0.45
  12   23 0.80
  44   46 0.38
  43   68 0.07
  49   60 0.90
  52   90 0.67
  57  105 0.18
  44   83 0.56
  50   63 0.63
  13   63 0.63
  55  113 0.32
  15   53 0.00
  24   46 0.13
  13   32 0.92
  30   84 0.30
  28   33 0.98
  14   60 0.61
  11   21 0.11
  13   24 0.73
  25   55 0.03
  26   38 0.36
   8   32 0.47
  54   58 0.01
  44   81 0.74
  29   42 0.76
   3   21 0.21
   2   32 0.74
   8   60 0.79
  47   57 0.28
  42   98 0.42
  35   71 0.96
  58   76 0.41
  44   57 0.28
  40   78 0.18
  46  104 0.96
  55  100 0.13
  39   47 0.60
  37   58 0.77
  45   84 0.60
  40   84 0.84
  19   54 0.29
  15   72 0.64
  44   72 0.23
  58  115 0.93
   0   35 0.87
  47   88 0.59
  58  106 0.97
  51   82 0.92
  19   19 0.57
  12   24 0.09
  23   41 0.10
   5    8 0.89
  44   70 0.07
  30   33 0.31
  32   56 0.44
   9   42 0.23
  15   69 0.59
  53   61 0.33
  58  108 0.11
   3   43 0.90
  38   56 0.11
  39   97 0.81
  39   74 0.08
  44   85 0.44
  50   91 0.40
  23   68 0.50
  34   84 0.57
  47   96 0.25
   8   47 0.86
  25   52 0.97
  46   46 0.55
  28   64 0.17
  49   90 0.35

  15   22 0.49
  22   54 0.08
   6   37 0.74
  20   56 0.00
  40   45 0.60
  26   81 0.19
  12   29 0.64
   4   32 0.84
  11   45 0.20
  48   85 0.89
  42   58 0.20
  25   57 0.35
  45   75 0.32
  31   87 0.42
  49   76 0.45
  35   74 0.94
  40   48 0.12
  52   52 0.65
  56   97 0.57
  25   70 0.12
  43   56 0.07
  40   55 0.43
  44   93 0.12
   3   50 0.78
  57   69 0.31
  22   60 0.73
  23   39 0.61
  43   66 0.65
  49   49 0.17
  14   45 0.48
   3   46 0.18
   5   53 0.08
  47   78 0.14
  48   69 0.17
   1   19 0.57
  32   72 0.56
  57   79 0.17
  17   59 0.18
  53   53 0.91
  39   42 0.08
  49   53 0.17
  59   59 0.60
  11   15 0.80
   9   68 0.99
   9   25 0.42
  36   73 0.73
  45   61 0.39
  53  106 0.64
  59  101 0.60
   6   49 0.48
  10   62 0.72
  57   80 0.04
  59   65 0.88
  16   27 0.11
   9   59 0.07
  20   39 0.82
  21   32 0.90
   8   65 0.24
  47   78 0.67
  25   53 0.32
  55   56 0.94
  47   56 0.88
   1   46 0.19
  18   36 0.89
  43   44 0.94
  52   80 0.72
  46   57 0.44
  33   48 0.58
  18   18 0.44
  21   30 0.25
  40   44 0.20
  55   66 0.45
  41   52 0.56
  34   72 0.98
  36   73 0.01
  51   78 0.15
  51   64 0.12
  47  101 0.59
  23   75 0.37
  44   94 0.01
  14   44 0.51
  17   53 0.28
  55  108 0.09
  45   62 0.22
  42   77 0.87
  53  109 0.31
   7   30 0.28
   3   36 0.75
  15   42 0.39
  33   85 0.79
  39   46 0.34
  13   62 0.84
  31   44 0.44
  58  112 0.29
   2   55 0.57
  44   72 0.69
  36   41 0.42
  32   57 0.20
  49   87 0.54
  11   12 0.07

