4 30 8
6   20   2  16   2   4   2

   8   27 0.48
   7   26 0.25
   8   22 0.34
   2    3 0.69
   0   20 0.92
   4   13 0.98
   4   19 0.68
   5   17 0.40
   4   11 0.99
   3    5 0.30
   6   15 0.51
   1   15 0.86
   3    7 0.62
   9   29 0.70
   2   13 0.82
   7   12 0.30
   5    7 0.54
   4   14 0.80
   4    6 0.15
   5   21 0.15
   6   17 0.45
   5   23 0.20
   2    8 0.39
   8   19 0.54
   7   12 0.27
   9   20 0.98
   2    8 0.32
   9   20 0.41
   2    7 0.94
   5   17 0.16

   9   25 0.94
   2   11 0.82
   1    3 0.98
   6   20 0.87
   1    2 0.93
   6   10 0.63
   0   14 0.35
   7    9 0.49
   6   26 0.38
   4    6 0.49
   2   14 0.87
   9   14 0.33
   0    9 0.44
   7   25 0.99
   6    8 0.05
   1    7 0.87
   8   19 0.34
   1   13 0.21
   5   10 0.39
   7   13 0.66
   6   26 0.22
   3   22 0.76
   0   17 0.03
   3   17 0.56
   5   24 0.04
   2   17 0.96
   5   20 0.17
   0    6 0.47
   2   20 0.80
   0    0 0.92

   4    9 0.54
   4   20 0.01
   4    6 0.32
   0    8 0.05
   6    9 0.24
   1    4 0.65
   5    6 0.74
   3    9 0.93
   9   15 0.17
   7    9 0.43
   6   21 0.76
   6   10 0.33
   6   13 0.22
   2   22 0.39
   9   24 0.50
   0    0 0.02
   5    6 0.77
   1   20 0.73
   9   15 0.24
   3   16 0.77
   0   19 0.69
   4   15 0.80
   1    8 0.27
   9   17 0.45
   9   26 0.08
   3   20 0.67
   2   22 0.02
   3   10 0.93
   4    4 0.30
   1    1 0.16

   1   19 0.76
   8   26 0.13
   5    7 0.61
   7   14 0.67
   0   19 0.53
   3    9 0.44
   6   22 0.16
   4   19 0.09
   9   14 0.53
   5    5 0.44
   2   16 0.44
   1   13 0.90
   4   22 0.40
   5   24 0.49
   6   11 0.47
   3   18 0.12
   1    5 0.75
   1   20 0.71
   3    4 0.43
   0   20 0.73
   5   16 0.46
   4    9 0.74
   8   16 0.47
   7   16 0.71
   9   14 0.43
   8   12 0.71
   8   22 0.93
   4   13 0.02
   8   17 0.34
   7   27 0.13

   8   24 0.73
   8   27 0.11
   7    8 0.81
   9    9 0.32
   2    8 0.52
   6    6 0.43
   6    6 0.78
   6    8 0.73
   0    4 0.23
   4   20 0.29
   5   19 0.82
   8   14 0.98
   0   18 0.37
   6   23 0.08
   1   10 0.77
   1    1 0.44
   1   15 0.35
   3    7 0.71
   6   23 0.64
   6   22 0.23
   4   21 0.15
   0   16 0.03
   4   22 0.15
   2   10 0.45
   1    7 0.47
   1    7 0.47
   1    7 0.88
   7   25 0.41
   8   10 0.02
   2   19 0.85

   8   11 0.26
   2   21 0.13
   3   21 0.87
   4    7 0.04
   5    8 0.61
   9   29 0.86
   1    7 0.17
   4   20 0.41
   4   13 0.49
   9   27 0.11
   1   21 0.36
   8    8 0.35
   5    8 0.50
   2    6 0.46
   8   21 0.99
   4   15 0.30
   4    9 0.59
   4   15 0.82
   5   21 0.25
   6   12 0.69
   5   19 0.10
   8   27 0.09
   1   19 0.20
   7   24 0.27
   6   24 0.03
   4   23 0.68
   1    6 0.66
   0    0 0.12
   4   14 0.91
   0    6 0.79

