4 15 4
12    2  16  10  16  10   4  16   4   2  20  16  16

   8   35 0.62
  45   54 0.51
   4    8 0.80
  13   34 0.17
  28   41 0.74
  37   60 0.67
  42   54 0.95
  49   75 0.65
  14   18 0.97
  13   23 0.26
  52   57 0.10
  37   44 0.35
   1   24 0.49
  41   49 0.97
  42   58 0.91

  50   51 0.14
   8   23 0.23
  47   62 0.64
  41   58 0.92
  53   71 0.33
  37   51 0.47
  28   51 0.61
  43   58 0.61
  38   58 0.20
  55   82 0.13
  10   11 0.67
  30   42 0.45
  30   51 0.89
  34   50 0.61
  56   80 0.65

  51   52 0.48
  50   75 0.22
  50   62 0.96
  51   54 0.42
  54   67 0.28
  39   61 0.04
  60   78 0.92
  41   52 0.10
  45   53 0.63
   9   17 0.26
  54   59 0.85
  13   35 0.84
  19   40 0.09
  57   85 0.86
  15   15 0.07

  35   63 0.98
  37   40 0.19
  46   53 0.15
  31   40 0.58
  47   67 0.63
   2   25 0.20
   3   22 0.36
  17   29 0.12
  16   38 0.87
  40   66 0.33
  50   71 0.65
  55   61 0.54
  16   44 0.20
  50   60 0.26
  39   48 0.24

  15   33 0.62
  48   54 0.11
  42   61 0.59
  56   65 0.85
  25   29 0.11
  14   25 0.45
  28   42 0.33
  48   55 0.57
  46   57 0.26
  57   65 0.04
  33   56 0.79
  22   39 0.60
  57   58 0.80
  45   64 0.38
   0   12 0.83

   8   21 0.90
  36   58 0.92
  12   18 0.72
  59   75 0.24
  20   48 0.75
  55   72 0.54
  18   34 0.73
  38   38 0.56
  22   33 0.50
  41   70 0.21
  15   41 0.44
  43   45 0.66
  41   58 0.86
  42   43 0.49
   3   13 0.24

   2   27 0.51
  25   47 0.31
   3   12 0.76
  27   45 0.71
  47   76 0.57
  38   48 0.44
  13   28 0.23
   2   28 0.77
   9   17 0.87
  22   27 0.57
  21   23 0.40
  48   71 0.66
   9   33 0.10
  17   19 0.75
  39   61 0.06

  20   21 0.90
  52   57 0.36
  16   16 0.89
  14   43 0.63
  30   56 0.95
  12   36 0.08
  32   43 0.06
  15   33 0.20
  23   48 0.29
  10   35 0.21
  41   46 0.21
   9   38 0.06
  46   68 0.09
  25   33 0.62
  24   25 0.77

   3   22 0.32
   5   24 0.14
  51   74 0.70
  10   18 0.41
  53   66 0.85
  12   18 0.28
  25   25 0.92
  10   26 0.06
  17   32 0.64
  44   56 0.86
  33   58 0.05
  21   47 0.54
  54   60 0.70
  35   42 0.96
  22   40 0.33

  59   86 0.39
  40   45 0.07
  36   39 0.76
  31   36 0.63
   1   27 0.69
  37   45 0.20
  18   35 0.25
  14   30 0.76
  33   45 0.13
  21   50 0.83
  54   60 0.60
  58   85 0.63
  54   70 0.07
  30   53 0.71
  17   22 0.37

  10   25 0.74
  29   43 0.13
  19   22 0.90
  18   39 0.27
   2   25 0.59
  43   71 0.60
  14   34 0.05
  29   43 0.79
  20   47 0.65
  10   34 0.02
  41   54 0.59
  16   44 0.87
  47   57 0.73
  24   45 0.10
  11   14 0.53

  22   26 0.41
  11   22 0.04
   7   36 0.45
  29   55 0.80
  34   35 0.29
   5   15 0.57
   5   19 0.85
  19   37 0.95
  39   56 0.31
  42   64 0.19
  41   52 0.86
  31   59 0.92
   7   28 0.65
  31   41 0.61
  19   34 0.38

