5 15 8
12    4  10  10   2  10  10   2  10   2   4   2   2

   1   11 0.35
   4    4 0.14
  10   12 0.37
   2    4 0.42
   2   18 0.71
  11   16 0.45
   0    3 0.77
   5   16 0.10
   9   19 0.79
  11   25 0.82
   7   14 0.30
   9   19 0.41
  11   21 0.55
   2    2 0.00
   4   12 0.28

   0    0 0.14
   9   22 0.81
   0    6 0.52
   4    4 0.77
  11   14 0.02
   0   16 0.52
   0   14 0.82
   5    6 0.12
   8    8 0.38
   6   18 0.24
  10   26 0.65
   5   14 0.38
   4   11 0.70
   9   23 0.42
   0   15 0.79

   0   12 0.43
   4   18 0.56
   5    5 0.70
   2   10 0.07
   3   19 0.88
   6   21 0.61
   3   17 0.95
  10   10 0.37
   7   10 0.99
   7   21 0.68
   3   18 0.90
   4   12 0.68
  11   22 0.70
   3    7 0.97
   6   18 0.02

   3   11 0.67
  10   24 0.16
   5    9 0.44
   9   18 0.91
   1    6 0.22
   4   10 0.40
   4   15 0.19
   1    6 0.12
   0    9 0.66
   3    7 0.08
   1    2 0.12
   3   13 0.65
   1    7 0.06
   8    9 0.58
  10   11 0.66

   6   12 0.93
   8   10 0.16
  11   23 0.24
  10   25 0.70
  11   11 0.53
   8    8 0.24
   3    9 0.45
   2    3 0.93
   8   15 0.18
   9   19 0.02
  10   15 0.54
   8   16 0.25
   5   15 0.71
   0   13 0.23
   1    7 0.39

  11   14 0.04
   7   22 0.58
  10   17 0.40
   7   23 0.84
   6    6 0.67
  11   15 0.12
   3    7 0.87
   3   10 0.78
   1    5 0.24
   2   15 0.23
   8   17 0.07
   3   19 0.21
   0   10 0.05
   8    8 0.88
   7   20 0.36

   4   19 0.06
   9   19 0.29
  10   23 0.44
   2    2 0.96
   2   16 0.09
   1   14 0.56
   3   12 0.91
   7   22 0.78
   3   16 0.94
   6   19 0.41
   3    3 0.47
   7   20 0.22
   3    5 0.48
   8    8 0.08
  11   16 0.02

   9   13 0.38
   5   15 0.93
   0    8 0.53
   8   10 0.18
   9   14 0.50
   2   17 0.27
   1    6 0.08
   7   11 0.64
   1   17 0.94
   2    8 0.87
   9   17 0.41
   4   14 0.76
   7   19 0.26
   3   13 0.13
  10   23 0.42

   5    7 0.64
   6    7 0.67
   9   11 0.67
   3    4 0.18
   1   18 0.60
  10   27 0.76
   6   15 0.02
   9   15 0.84
   1   10 0.16
   6   13 0.56
   3   13 0.09
  10   22 0.81
   3   16 0.54
   5   15 0.90
  10   12 0.95

   7   14 0.39
   2   15 0.78
   1   14 0.10
   6   16 0.80
   8   13 0.39
   8    8 0.79
   6    8 0.06
   1    6 0.19
   4   19 0.77
   5   10 0.56
   7   15 0.92
   1   13 0.59
  10   26 0.30
   7   16 0.63
   9   20 0.26

   5   13 0.54
   0   11 0.01
  11   14 0.49
   9   21 0.42
   8   20 0.54
  10   27 0.36
   7   14 0.03
  10   13 0.24
   2    8 0.46
   1    8 0.77
   5   15 0.12
   2   13 0.68
   2    4 0.67
   9   16 0.61
   8   14 0.20

   9   13 0.85
   8   24 0.24
   4   14 0.93
   0   14 0.15
  11   15 0.98
   1   18 0.39
   5   10 0.72
  11   26 0.72
   4    9 0.39
   4   10 0.10
   4    4 0.80
   9   21 0.79
  10   20 0.28
  11   11 0.49
   2    2 0.63

