4 40 8
6   20   2   2  10   4   2

  22   26 0.14
  32   43 0.50
  27   38 0.14
  32   43 0.62
  13   13 0.26
  22   25 0.35
  32   32 0.79
  26   26 0.54
   0    5 0.22
  16   25 0.39
  34   35 0.66
   0    0 0.64
   5   14 0.21
   8   13 0.64
  32   34 0.86
  26   28 0.16
   2    2 0.81
  20   20 0.61
   0   11 0.44
  34   34 0.56
  16   16 0.63
   9    9 0.64
  19   27 0.04
   4   12 0.10
  21   26 0.31
  13   24 0.15
   0    2 0.53
  15   17 0.40
   2    9 0.88
  36   36 0.17
  32   43 0.37
  15   25 0.65
  23   34 0.29
  11   17 0.31
   9   20 0.17
  19   27 0.23
  27   31 0.77
   0    6 0.15
  12   12 0.33
  31   40 0.95

  23   27 0.85
  22   33 0.47
  27   33 0.23
  24   28 0.53
  31   37 0.91
  29   32 0.21
   1    1 0.32
  19   20 0.29
  18   27 0.69
  35   39 0.61
  13   14 0.51
  36   45 0.14
   3    4 0.35
  27   27 0.76
  14   25 0.45
  18   28 0.29
  19   23 0.18
  12   17 0.57
  21   21 0.98
  35   43 0.60
   3   11 0.30
  23   34 0.57
  24   30 0.38
  34   35 0.48
  12   20 0.85
  34   34 0.12
  10   19 0.06
  31   37 0.40
   9   18 0.72
  20   21 0.32
   3   14 0.28
  33   35 0.03
  18   28 0.74
  26   36 0.56
  32   36 0.17
  29   40 0.11
  33   34 0.19
   4   12 0.82
   6   16 0.54
  17   19 0.91

  21   25 0.91
  32   41 0.05
  35   45 0.85
   8   10 0.67
  14   25 0.76
  27   35 0.82
  32   32 0.09
  30   35 0.62
  29   36 0.28
  14   24 0.04
   6   17 0.55
  19   25 0.37
  12   16 0.82
   3    4 0.46
   0    1 0.67
  11   17 0.18
  22   33 0.10
  21   32 0.92
  20   23 0.06
  23   28 0.39
  36   38 0.80
  30   31 0.64
   6   14 0.69
  24   28 0.08
  23   34 0.70
   1    5 0.31
  25   28 0.51
  28   33 0.38
   8   15 0.97
  13   17 0.11
  32   36 0.07
   9   18 0.92
  35   39 0.50
   2    6 0.00
  20   22 0.05
   9   14 0.58
  13   18 0.76
   0   10 0.42
   9   12 0.74
  16   19 0.02

  26   32 0.36
   9   17 0.84
   8    8 0.80
   7   18 0.35
  27   37 0.36
  13   14 0.82
  12   20 0.03
  15   21 0.09
  25   36 0.25
  14   22 0.55
  32   43 0.08
  33   43 0.13
  25   32 0.11
   4   14 0.59
  10   21 0.44
  16   22 0.27
   0    1 0.45
  13   16 0.91
   8   15 0.62
   7   10 0.29
  30   30 0.62
   8   19 0.13
  11   21 0.96
  10   17 0.06
  27   33 0.78
  14   19 0.73
  28   37 0.36
  14   20 0.29
   8   16 0.64
   3    7 0.89
  12   19 0.00
  15   26 0.78
  21   25 0.40
   2    3 0.42
  11   12 0.26
  21   21 0.14
   4    7 0.32
  36   45 0.39
   3   11 0.74
   1    1 0.95

   0    0 0.04
  26   29 0.42
   1    8 0.37
   1    5 0.17
  13   19 0.83
  17   25 0.32
  30   34 0.24
  32   36 0.16
  23   32 0.92
  22   23 0.76
  21   29 0.53
  31   31 0.74
  33   40 0.16
   4   13 0.91
  21   21 0.08
   6   14 0.43
  18   19 0.63
  21   25 0.11
   3    6 0.01
  15   22 0.10
  25   25 0.81
   4    8 0.58
  35   41 0.04
  32   38 0.77
   1    6 0.99
  24   34 0.09
   4   12 0.45
  11   19 0.26
  11   22 0.47
  12   23 0.20
  32   43 0.25
  12   12 0.97
   1    8 0.12
  10   17 0.44
  12   21 0.49
  31   38 0.33
   0    1 0.86
  28   38 0.71
  36   43 0.30
  30   33 0.10

  25   27 0.97
  13   24 0.79
  33   39 0.93
   0    9 0.55
   5    6 0.08
  20   30 0.86
  36   38 0.12
   4   14 0.32
  32   38 0.17
  17   25 0.43
   3   11 0.21
  18   20 0.34
   7   11 0.37
  20   28 0.21
  18   21 0.42
   1   11 0.54
  20   26 0.25
  30   40 0.05
  15   23 0.20
  31   38 0.54
  32   41 0.63
  32   40 0.38
   4   10 0.84
  21   24 0.46
  34   38 0.78
   6   16 0.69
  10   17 0.31
  21   21 0.35
  20   28 0.22
   2    4 0.64
  36   44 0.93
   0    2 0.27
   3    9 0.02
  28   28 0.10
   3    4 0.81
  36   40 0.20
  10   11 0.94
  33   38 0.44
  36   37 0.60
  11   18 0.44

