4 100 8
3   10   2   4

   0    9 0.70
  10   20 0.52
   2    9 0.72
  11   19 0.38
   6    9 0.81
   6   10 0.51
  11   21 0.83
  10   18 0.69
   9   10 0.37
   0   11 0.09
   6   15 0.66
   4    7 0.08
  10   15 0.85
   4    5 0.38
   9    9 0.80
   2    5 0.63
   1    4 0.69
   1    3 0.01
   7    9 0.76
   8   13 0.34
   5    9 0.80
   9    9 0.39
   4    6 0.99
  10   20 0.40
  11   22 0.28
   2    6 0.57
  11   16 0.36
  10   21 0.38
   3   10 0.58
   2    7 0.04
   3    3 0.53
   4    7 0.30
   8   13 0.10
   5    8 0.37
   1   12 0.60
  11   15 0.78
   3    7 0.29
  10   13 0.54
   1    6 0.93
   6    8 0.81
   2   13 0.66
   0    1 0.00
   3    4 0.11
   0    3 0.56
   3    6 0.59
   5   16 0.65
   5   14 0.86
   8    8 0.37
   4    9 0.36
   7   16 0.48
   6   15 0.90
   4   15 0.78
   4    4 0.97
   1    5 0.63
   1    3 0.38
   2    9 0.68
   3   13 0.63
   4    7 0.80
  11   19 0.54
   4    7 0.26
   9   20 0.75
  11   18 0.91
   5    6 0.94
   1    3 0.18
   1    1 0.23
   9   19 0.08
   6    6 0.07
   8   18 0.00
   3    6 0.36
   9   12 0.00
   7   16 0.58
   9   11 0.11
   7    9 0.57
   3    6 0.29
   0    9 0.40
   5   16 0.61
   1    1 0.13
   8   12 0.50
   3   12 0.20
   2    4 0.19
   4   13 0.36
  10   11 0.60
   3    9 0.48
   4   12 0.52
   8   18 0.52
   5   14 0.74
   3    3 0.23
   6    7 0.21
   9   11 0.08
   9   19 0.10
   3   14 0.89
   0    9 0.33
   9   20 0.85
   2    6 0.85
  10   12 0.59
  11   15 0.43
  10   14 0.55
   5   11 0.75
   5   16 0.97
   5   13 0.41

  11   13 0.78
   4   11 0.31
   7   17 0.62
   8   13 0.22
   5    6 0.42
   8    9 0.58
   9   10 0.07
   9   14 0.70
   9   14 0.96
   1    8 0.18
   1   12 0.83
   6   13 0.52
   8    8 0.23
   5   13 0.97
   2    7 0.13
   4   13 0.57
  10   19 0.06
   9   16 0.98
   2    8 0.54
   1    6 0.76
   2   12 0.83
   1    1 0.76
   3    9 0.21
   2   10 0.94
   6   17 0.99
   3   10 0.85
   2   11 0.21
  11   18 0.43
  11   18 0.03
   6   14 0.76
   2   10 0.06
  11   12 0.68
   3   14 0.63
   7   18 0.22
   0    7 0.87
   1   10 0.98
   3   11 0.97
   4   14 0.78
   3    8 0.87
   8   11 0.96
  10   19 0.16
   0    8 0.72
   5   14 0.18
   4    9 0.05
   9   14 0.98
   6    9 0.08
   3   13 0.37
   9    9 0.61
   1    3 0.43
   9   14 0.34
   2    7 0.36
   0   11 0.20
   2   12 0.87
   8   18 0.60
   7    8 0.87
   2   10 0.71
   5    6 0.91
   2    3 0.58
   5   16 0.87
   4    5 0.38
   5    5 0.07
   0    0 0.02
   1    7 0.95
   1    2 0.14
   2   11 0.22
   6   11 0.93
   5    7 0.91
  11   14 0.01
   7   15 0.77
   7   18 0.33
   4    9 0.08
   4   15 0.18
   1    9 0.77
   0    4 0.83
   1    2 0.33
   2    4 0.53
   3    7 0.40
   3    8 0.95
   2    6 0.24
   2    9 0.63
   6    6 0.79
   1    8 0.86
  11   12 0.76
   9   13 0.90
   4   11 0.66
   1    4 0.67
  11   19 0.06
   9   18 0.88
   6   13 0.59
  10   15 0.18
   4    8 0.70
   6   10 0.69
   8    8 0.50
   7    8 0.41
   6   16 0.75
   7   11 0.10
   5    6 0.85
   9   15 0.68
   8   13 0.34
  11   11 0.40

   1   12 0.16
   1    8 0.59
   1    6 0.51
  11   14 0.13
   9   15 0.75
   2   13 0.69
   0    9 0.76
  10   18 0.61
   0    6 0.39
  10   10 0.91
   7   15 0.95
  11   11 0.60
   4   11 0.90
   5   11 0.66
   2   12 0.83
   2    8 0.74
   9    9 0.74
   9   10 0.66
   4    6 0.86
  10   13 0.11
   4    9 0.00
   8   16 0.84
   9   12 0.52
   6   12 0.88
   7   13 0.62
   2   10 0.65
   5   10 0.47
   9   15 0.22
   7    9 0.42
   7   16 0.15
   8   17 0.06
   3   13 0.82
   2   10 0.24
   1    8 0.84
  11   15 0.15
   9   18 0.92
  11   11 0.38
   7    7 0.53
   2    9 0.32
   7   13 0.05
   3    5 0.29
   5    5 0.17
   2    4 0.29
   5   14 0.83
   9   20 0.11
   0    6 0.30
   9   16 0.03
   3    6 0.39
   8   13 0.76
   8    9 0.43
   4    9 0.20
   2    8 0.29
   4   13 0.70
   4    6 0.48
   1   11 0.83
  11   20 0.94
   7   13 0.81
   7   11 0.74
   2    3 0.98
   8    8 0.11
   5   13 0.42
   9    9 0.42
   5    7 0.09
   2   13 0.32
   6   10 0.90
   5    7 0.24
   8   15 0.88
   0    3 0.28
   6   16 0.17
   8    8 0.63
  10   18 0.85
   6   14 0.44
   6   10 0.91
   8   14 0.47
  11   13 0.87
   2    3 0.61
  10   11 0.76
   3    5 0.38
   1    6 0.86
   6   15 0.69
  10   21 0.20
   6   15 0.12
   1    8 0.23
   3    6 0.01
   1   10 0.21
   2    4 0.77
   1   12 0.19
   9   13 0.08
   7   15 0.96
   0    6 0.92
   9   15 0.32
  11   19 0.75
   6   17 0.00
   3   10 0.29
  11   19 0.10
   4    5 0.85
   8    9 0.81
   7   16 0.87
   5   15 0.43
   2    9 0.65

