4 60 8
3   16   4  16

   9   33 0.56
  40   74 0.78
  49   78 0.98
  32   74 0.04
   7   15 0.35
  35   71 0.63
   5   33 0.07
   9   22 0.39
   5    6 0.94
  36   64 0.78
  21   45 0.58
  13   57 0.77
  21   37 0.08
  30   57 0.21
  23   46 0.65
  36   42 0.26
   3   40 0.63
  26   54 0.65
  47   79 0.86
  30   61 0.53
  44   59 0.14
  14   55 0.25
  12   51 0.69
  19   27 0.00
  16   45 0.17
  36   58 0.15
  44   73 0.23
  21   44 0.70
  22   60 0.54
  36   38 0.75
  42   47 0.33
   3   49 0.03
  45   55 0.34
  22   52 0.19
   5   41 0.89
  47   76 0.76
  48   87 0.17
  42   43 0.85
   4   18 0.79
  21   54 0.76
  20   38 0.55
  46   81 0.08
  21   51 0.11
  19   61 0.42
  45   55 0.36
  38   46 0.58
  14   42 0.21
  31   41 0.01
  23   29 0.86
  27   70 0.03
  45   58 0.25
  18   28 0.44
  21   34 0.64
  38   83 0.74
  10   10 0.76
  42   42 0.30
  26   46 0.85
   8   15 0.05
  37   71 0.95
  20   20 0.37

  15   54 0.94
   5   16 0.55
   4   12 0.71
  45   94 0.18
  31   46 0.36
  28   52 0.05
   1   43 0.69
  49   54 0.89
  20   31 0.86
   1   27 0.35
  47   67 0.67
   0   22 0.53
   0   25 0.85
   4   12 0.60
   9   34 0.95
  12   61 0.18
  35   37 0.85
  34   64 0.33
   5   22 0.71
   7   53 0.73
  33   58 0.08
   4   26 0.32
  31   79 0.28
  32   37 0.21
  41   58 0.65
  30   56 0.04
  28   58 0.15
  33   38 0.60
  49   84 0.75
  10   53 0.50
  28   46 0.77
  40   83 0.28
  20   62 0.13
  46   88 0.00
  33   48 0.90
  27   63 0.06
  44   45 0.36
  30   74 0.17
  45   49 0.05
  43   60 0.55
  19   50 0.32
  18   61 0.94
   6   50 0.23
  42   77 0.37
  30   78 0.52
  17   39 0.92
  30   61 0.29
  47   76 0.97
   7   37 0.74
  33   50 0.86
  25   51 0.22
  27   71 0.15
   9   41 0.01
  49   95 0.89
  43   46 0.12
  34   54 0.26
  38   41 0.43
  46   62 0.26
  44   53 0.61
  47   95 0.69

  17   21 0.33
   7   52 0.78
  30   64 0.58
  42   63 0.45
  24   58 0.85
   2    4 0.72
   0   34 0.11
  18   23 0.60
  13   15 0.68
   8   47 0.50
  49   63 0.30
  48   78 0.81
  31   75 0.48
  26   45 0.41
  39   60 0.46
   6    6 0.82
  39   81 0.84
  43   87 0.11
  48   92 0.34
  26   57 0.95
  42   44 0.30
  11   27 0.98
  25   38 0.34
  42   44 0.40
  44   92 0.93
  12   19 0.00
  14   15 0.92
   1   46 0.32
  22   38 0.63
   9   37 0.92
  47   93 0.39
  49   90 0.11
   3   24 0.65
  39   75 0.42
  43   51 0.89
  38   84 0.25
  47   83 0.57
  48   83 0.66
  34   43 0.66
  27   50 0.84
   9   38 0.91
  32   58 0.57
   8   17 0.76
   1   14 0.05
   7   46 0.39
  32   44 0.28
   5   32 0.52
   3   52 0.78
  33   76 0.30
   5   43 0.78
  18   39 0.61
  34   60 0.59
  45   80 0.87
  32   41 0.48
   6   18 0.49
  12   53 0.74
   4   16 0.04
   1   42 0.44
  39   61 0.49
  42   54 0.03

