5 100 4
3    2  10  16

  32   59 0.94
  22   43 0.54
  17   23 0.23
  15   71 0.31
  28   39 0.89
   3    5 0.94
   6   84 0.75
   4   88 0.31
  29   40 0.85
  16  109 0.29
  17   42 0.56
  20   22 0.51
  10   69 0.74
  27   30 0.91
  18   64 0.56
  22  126 0.47
  27  100 0.34
  34  120 0.30
  20   49 0.44
   1   57 0.50
   6   17 0.87
  20   95 0.29
   6   42 0.75
   3   17 0.00
  34   75 0.17
   3   87 0.91
   7  107 0.68
   7   39 0.02
   4   59 0.43
  21   22 0.10
  21   40 0.91
   8  108 0.83
  34   83 0.77
   4   37 0.06
  21   54 0.42
  32   97 0.62
  31   40 0.34
  22  106 0.07
  14   47 0.75
   6   82 0.40
  29   69 0.64
  15   29 0.90
  12   89 0.56
  10   70 0.64
   2   36 0.29
   0   69 0.95
   7   75 0.06
   8   69 0.52
  23   86 0.83
  19  111 0.59
  12   49 0.34
  23  118 0.62
  31   80 0.90
  34  108 0.41
  11   24 0.98
  23  123 0.39
  21   99 0.61
   8   11 0.13
   5   10 0.23
   7   16 0.51
  27  126 0.35
  21   27 0.56
  15  108 0.87
  34  127 0.37
  27   87 0.51
  14   25 0.77
  33   63 0.89
   7    7 0.00
  16   28 0.10
  24   87 0.12
  31   81 0.58
   7   78 0.19
  15  115 0.99
  24   87 0.17
  32  106 0.91
  17   24 0.38
  30   78 0.44
  27   79 0.60
  32   70 0.17
  16   16 0.01
  19   34 0.64
  18   84 0.91
   7   22 0.69
  16  116 0.37
  16   77 0.12
  12   19 0.28
   9   25 0.76
  14   71 0.56
   0   50 0.74
  19   90 0.28
  16   28 0.76
  26   83 0.56
  29   54 0.87
   7   39 0.99
  19   87 0.84
  28   57 0.07
   0   62 0.84
   0   77 0.80
   2   95 0.29
  23   27 0.58

  32   49 0.52
  32   85 0.40
  14   47 0.06
   9  100 0.68
  12   57 0.48
   1   84 0.86
  10   24 0.61
   3   63 0.37
   6   58 0.84
  33  120 0.66
  15   90 0.47
  17   45 0.66
   3   32 0.00
  17   98 0.43
  10   64 0.60
  24   55 0.31
  12   61 0.57
  11   59 0.66
  24   64 0.15
  29  106 0.35
  24  122 0.25
  12   65 0.37
   9  111 0.93
  21   34 0.07
  29  109 0.12
   0   55 0.86
  31   82 0.44
  12   88 0.98
   7   39 0.58
  24   58 0.03
  14  112 0.22
   9  103 0.31
  13   16 0.97
  28   63 0.46
  13  111 0.46
  26  104 0.87
   2  102 0.51
  10  105 0.17
   0   55 0.94
   0  101 0.41
  24   77 0.80
  30  110 0.93
  30   89 0.26
  10   53 0.84
   6   89 0.32
  34   90 0.43
  26   28 0.81
  29   80 0.85
  19   98 0.24
  15  115 0.94
   2   77 0.94
  32   60 0.28
  14   41 0.26
   3   12 0.47
  31   38 0.61
  16  118 0.79
   4   61 0.26
  15   23 0.58
  33   59 0.65
  32   76 0.85
  24   58 0.02
   7   73 0.14
  23  108 0.16
  31   63 0.35
  13   38 0.09
  22  102 0.87
  30  123 0.74
  27   43 0.49
  30   89 0.64
  12  104 0.78
   4   46 0.39
  33  110 0.19
  17   81 0.93
  12  116 0.44
  14   76 0.92
  11   12 0.30
   0   97 0.47
   0   15 0.31
  11   26 0.23
   4   86 0.57
  30  108 0.46
   1   71 0.14
  25   99 0.29
  24   55 0.56
  15   44 0.72
  25  117 0.16
   9   89 0.92
  22   23 0.32
   8   67 0.04
   2   20 0.87
  33   72 0.25
  32   86 0.76
   0   98 0.63
  26   32 0.57
   9  101 0.84
   9  112 0.11
  12   23 0.55
   2   16 0.07
   9   79 0.30
  25  116 0.57

   0    0 0.22
  24   63 0.44
  31  125 0.38
  19   44 0.90
  30   70 0.87
  29   46 0.89
   5   18 0.56
  29   80 0.85
  11   17 0.51
  15   67 0.91
   1   90 0.38
  28   50 0.30
  29  105 0.23
   2   30 0.52
   3   72 0.16
  31  130 0.79
  12   87 0.44
  23   99 0.42
   0    3 0.90
   9  107 0.47
   5   35 0.91
  22   89 0.37
  28   38 0.71
  20   93 0.20
  11   45 0.34
   1   96 0.56
  21  124 0.20
   0   28 0.77
  13   82 0.00
  27   86 0.17
  26   81 0.94
  27   59 0.24
  24  101 0.45
  21  117 0.04
   4  107 0.89
  29   84 0.31
   7   54 0.21
   3   49 0.22
   9   50 0.70
   2    4 0.95
  14   20 0.93
  24   44 0.18
  26   35 0.34
  24   71 0.01
  30   91 0.50
  15   32 0.33
  25   95 0.51
  19   37 0.23
  12  110 0.69
  15   89 0.02
  19  101 0.78
  33   59 0.91
   9   23 0.67
  31   59 0.31
   6   70 0.91
  31   87 0.31
  19   34 0.30
   1   27 0.78
  29  129 0.14
  23   55 0.47
  34  109 0.07
  10   92 0.55
  34   79 0.18
   8   77 0.28
  28   43 0.38
   7   71 0.26
  15   42 0.78
  23   61 0.32
  21  114 0.20
   6  106 0.32
  17   37 0.25
   6   50 0.78
  19   83 0.11
  20   79 0.85
   4   48 0.43
   6    8 0.24
   3  103 0.91
  18   90 0.41
   0   61 0.78
  13   60 0.22
  19  122 0.24
  11   30 0.52
   3   60 0.47
   7  109 0.53
  11   32 0.35
  18   55 0.27
  25   75 0.17
   4   32 0.32
   6  109 0.41
  33  119 0.36
  11   38 0.08
  21  119 0.81
   3   81 0.73
  25   84 0.51
  13   21 0.98
  28  122 0.19
  16   30 0.17
  15   62 0.54
  10   38 0.23
  28   59 0.75

