5 100 8
3   10   4   2

  16   29 0.19
  18   23 0.52
   2   16 0.08
  18   32 0.54
  10   10 0.01
  10   28 0.32
  12   29 0.89
  14   24 0.04
  17   23 0.69
   9   28 0.82
   9   24 0.13
  15   24 0.81
   3   15 0.79
   4    9 0.56
   4   10 0.41
  10   29 0.26
  16   34 0.15
   3   16 0.82
   8   26 0.98
   9   15 0.25
   3   10 0.49
   3    5 0.72
   9   26 0.45
  12   16 0.49
  16   18 0.64
   7    7 0.71
   5   21 0.21
  13   16 0.60
  11   24 0.87
  16   18 0.06
   3   11 0.61
  18   20 0.42
  17   26 0.12
   5    8 0.20
   4    7 0.73
   3    7 0.05
   1   12 0.99
  18   22 0.33
  15   19 0.16
   8   13 0.80
  16   25 0.21
   3    5 0.17
  19   31 0.60
   8   20 0.68
   9   26 0.42
   0   10 0.84
  11   21 0.61
   6   18 0.51
   7   17 0.12
  11   16 0.79
   1    1 0.79
  11   20 0.67
   0    3 0.81
   1   18 0.74
  10   14 0.30
  12   21 0.79
   5   17 0.63
  17   20 0.43
  14   32 0.43
   2   13 0.05
  14   32 0.70
   2    9 0.02
   3    9 0.85
   0    4 0.53
   6   17 0.99
   7   17 0.97
  19   32 0.72
   4    8 0.40
   6    8 0.43
   8   27 0.38
  10   29 0.97
  12   22 0.39
  12   28 0.17
  19   27 0.34
  12   24 0.42
   6   25 0.53
  16   20 0.44
   5   14 0.85
   3   19 0.92
  19   19 0.07
   7   22 0.95
  10   15 0.08
  12   12 0.43
  16   19 0.15
   8   23 0.11
   6    6 0.91
   8   14 0.21
   7   19 0.31
   3    8 0.47
   9   10 0.44
   1    3 0.41
   0    7 0.74
   6   23 0.69
   0   10 0.90
  14   24 0.21
   1   17 0.03
   2    8 0.16
   1   10 0.49
   3   10 0.70
  19   21 0.81

  14   23 0.73
  18   22 0.57
  13   19 0.23
  15   32 0.04
  10   16 0.63
   1    1 0.58
   4   19 0.86
  14   24 0.43
   8   21 0.14
  18   19 0.31
   2    2 0.34
  11   14 0.33
   2   12 0.85
   5   22 0.26
  16   20 0.09
   9   16 0.64
  11   11 0.35
  10   29 0.59
   2   10 0.32
  19   27 0.34
   6   24 0.20
   2   16 0.35
   4   17 0.75
   3   18 0.94
  19   37 0.88
  15   25 0.55
  18   34 0.12
  11   27 0.95
  18   32 0.29
   7   24 0.86
   1   16 0.06
  19   21 0.96
  13   18 0.40
  14   16 0.24
  15   32 0.35
  16   24 0.89
  14   18 0.61
  12   22 0.83
  16   16 0.13
   2   11 0.20
   0    8 0.32
  17   32 0.82
  14   27 0.36
  16   30 0.66
  12   22 0.58
  12   26 0.92
   9   26 0.29
  12   29 0.90
  15   23 0.28
   0    5 0.46
   8   14 0.66
  14   22 0.94
   7   25 0.13
   2   11 0.52
   6   21 0.02
   3   10 0.10
   0    2 0.75
  19   31 0.38
   9   20 0.50
   6    9 0.03
  17   25 0.96
  17   22 0.22
   7   22 0.16
  13   29 0.73
  14   15 0.46
  16   23 0.33
  10   14 0.28
  15   19 0.46
  11   19 0.72
  14   30 0.82
  10   15 0.21
   8   24 0.20
   8   14 0.17
   4   19 0.26
   1    2 0.37
  14   29 0.13
  10   21 0.90
  18   26 0.09
  18   36 0.31
   4    9 0.54
   7   25 0.44
   9   19 0.04
  14   21 0.44
   8   18 0.43
  10   12 0.87
  11   17 0.36
  11   27 0.53
   5   12 0.13
  10   26 0.58
   8   19 0.02
  18   27 0.52
  12   20 0.28
   4    7 0.07
   6   20 0.47
  14   27 0.13
   3    7 0.74
  14   23 0.29
  18   33 0.66
   5    7 0.50
  16   29 0.92

  17   29 0.87
  17   17 0.36
  16   16 0.05
   4    8 0.60
  17   19 0.71
  12   16 0.39
   6   20 0.61
   4   15 0.43
   8   14 0.81
  17   27 0.55
   9   10 0.40
   6   17 0.32
  17   24 0.81
  18   18 0.45
  12   29 0.76
   3   16 0.80
  10   26 0.30
  10   20 0.69
  19   35 0.60
   4    4 0.80
  17   33 0.72
  17   33 0.02
  16   28 0.49
  11   12 0.76
  14   29 0.08
  12   24 0.24
   3   18 0.76
   8   10 0.54
   0   18 0.78
  11   26 0.97
   4   13 0.37
   4   16 0.75
  13   13 0.60
  18   32 0.27
  12   26 0.01
   5   12 0.08
   3   20 0.68
  13   19 0.53
   5   22 0.53
  14   16 0.23
   9   14 0.94
  19   24 0.13
  17   21 0.23
   8   15 0.11
   1   18 0.48
   0   16 0.05
   6   12 0.89
  17   18 0.02
   4   10 0.58
  11   24 0.41
   2   20 0.27
  12   12 0.66
  15   34 0.38
  12   14 0.20
  13   18 0.65
   6    7 0.15
  16   28 0.79
  17   35 0.24
  16   25 0.85
   8   14 0.43
  13   28 0.25
  18   33 0.24
   4   23 0.78
  18   37 0.42
   7   25 0.01
  13   16 0.85
  16   27 0.46
   3    6 0.75
   1   14 0.65
  11   22 0.97
   6   24 0.76
   8   25 0.58
   2   21 0.22
  17   17 0.06
   3    4 0.13
  13   27 0.00
   5   12 0.01
  18   31 0.45
  12   27 0.31
   5    7 0.73
   4    7 0.47
  14   32 0.82
   4   15 0.91
   6    7 0.12
  15   15 0.48
   3   17 0.55
   0   19 0.04
  18   22 0.76
   2    9 0.58
  10   26 0.25
  15   32 0.61
  16   25 0.53
   8   16 0.46
   8   22 0.02
  11   24 0.12
  14   25 0.06
   6   22 0.55
  14   28 0.76
  18   28 0.47
   6   16 0.62

