5 25 4
12   10  16   4  16  16  16  20  10  20  20  16  10

  48   95 0.46
  13   18 0.96
  21   33 0.10
  42   50 0.64
  28   31 0.65
   8   26 0.07
  26   62 0.97
   2    2 0.44
   5   58 0.05
  11   59 0.52
  11   59 0.80
  47   89 0.73
  24   77 0.64
  18   32 0.22
  19   68 0.15
  12   24 0.05
  19   41 0.35
  48   56 0.23
  27   39 0.81
  42   74 0.56
  13   15 0.41
  37   81 0.09
  10   58 0.97
  19   55 0.72
  28   73 0.53

  46   86 0.02
  15   51 0.45
   3   31 0.66
  53   82 0.15
   1   18 0.68
  41   83 0.89
  33   81 0.92
  36   63 0.55
  46   88 0.12
  33   38 0.79
  15   27 0.52
  39   66 0.28
  24   24 0.38
  35   67 0.92
  17   33 0.77
  41   79 0.98
  24   36 0.50
  16   51 0.86
   9   59 0.99
  47   56 0.58
  33   76 0.41
  27   77 0.64
  25   56 0.60
  38   68 0.33
  25   76 0.34

  10   52 0.05
   9   39 0.20
  33   78 0.04
  28   81 0.91
   0   34 0.22
  19   63 0.72
  46   96 0.78
  32   48 0.83
  30   39 0.65
  40   83 0.19
  35   87 0.47
  36   72 0.29
  33   77 0.70
  38   67 0.58
  14   18 0.76
  13   41 0.05
   2   54 0.04
   2   16 0.82
  50   90 0.04
  45   55 0.01
  41   89 0.04
  37   63 0.30
   4   39 0.90
   2   31 0.83
  28   77 0.54

  53   94 0.97
   9   50 0.06
  31   63 0.46
  30   78 0.83
  31   66 0.58
   1   18 0.20
  48   54 0.50
  35   55 0.18
  46   53 0.98
  33   47 0.43
  45   58 0.88
  29   45 0.30
  31   39 0.74
   5   58 0.31
   5   45 0.98
  36   63 0.48
  37   67 0.45
   2    4 0.42
   9   54 0.67
  20   20 0.37
   0   46 0.90
  17   49 0.52
  23   56 0.46
   9   34 0.42
  45   55 0.26

   7   18 0.64
  49  101 0.83
  27   77 0.79
   0   16 0.93
  38   49 0.97
  29   38 0.42
  48  101 0.53
  23   29 0.72
  36   64 0.41
  33   58 0.12
  37   88 0.20
   1   51 0.18
  29   41 0.29
  16   21 0.23
  38   86 0.76
  47   49 0.34
  51   67 0.98
  47   59 0.45
  31   41 0.10
  41   80 0.08
  49   65 0.67
  24   59 0.03
  16   26 0.09
   2   14 0.34
  29   65 0.83

  47   71 0.67
  34   67 0.90
  32   84 0.74
  29   53 0.72
  42   94 0.68
  52   66 0.45
  41   46 0.33
  29   45 0.48
  39   71 0.53
  36   62 0.46
   1   52 0.77
  43   95 0.88
  53  106 0.48
  47   65 0.11
   3   10 0.98
   1   41 0.35
  48   70 0.35
  19   24 0.98
  23   30 0.90
   6   52 0.79
  30   72 0.68
  24   63 0.58
  31   77 0.80
  26   31 0.14
  35   64 0.22

  47   88 0.93
   4   40 0.00
  45   67 0.98
   9   29 0.55
   5   31 0.26
   1   33 0.52
  38   68 0.31
  19   42 0.64
   2    8 0.76
  19   71 0.84
  27   64 0.18
   8   19 0.06
  11   41 0.57
   6   20 0.89
  37   82 0.37
  36   41 0.63
   6   47 0.72
  45   48 0.86
  51   79 0.50
  22   33 0.56
   1   25 0.52
   0   41 0.33
  48   93 0.30
  32   51 0.24
  24   41 0.23

  25   59 0.14
  29   82 0.75
  12   65 0.38
  12   31 0.41
  48   93 0.61
  24   49 0.02
  41   73 0.62
  50   56 0.25
  17   37 0.64
  42   79 0.57
  21   46 0.06
   4   10 0.69
  33   57 0.73
  13   13 0.40
  32   50 0.75
   9   10 0.25
   0   51 0.90
  43   60 0.85
  41   70 0.93
  13   58 0.86
  30   46 0.23
  15   38 0.10
  23   66 0.80
  26   34 0.11
  35   56 0.13

  23   70 0.23
  33   57 0.87
  15   29 0.28
   4   40 0.00
  46   73 0.36
   5   27 0.39
  49   60 0.09
  32   46 0.80
  30   51 0.76
   0   29 0.80
  35   60 0.98
  10   36 0.07
   1    8 0.78
  17   47 0.90
  36   87 0.92
   4   10 0.38
  48   85 0.59
   3   34 0.43
  12   24 0.03
  26   72 0.43
  34   39 0.44
  22   67 0.67
  20   55 0.35
   6   10 0.78
  51   73 0.94

  36   76 0.93
  30   81 0.67
  32   76 0.40
  53  105 0.52
  34   79 0.84
  43   89 0.21
  18   57 0.40
  19   54 0.35
  34   48 0.25
  19   46 0.18
  33   63 0.66
  25   54 0.68
  46   49 0.51
  32   54 0.81
   6   56 0.77
   5   53 0.58
  15   43 0.11
  42   80 0.26
  42   83 0.60
  29   82 0.30
  31   36 0.46
   4   14 0.95
  53   62 0.85
   0    9 0.08
   5   57 0.19

   5   21 0.24
  44   97 0.49
   7    8 0.75
  33   65 0.21
  40   67 0.58
  40   83 0.66
  35   44 0.47
  15   56 0.37
   9   20 0.66
  42   84 0.14
  23   27 0.17
  19   37 0.77
   2   40 0.75
  29   45 0.76
   7   53 0.67
  19   29 0.89
  51   66 0.31
  24   25 0.41
   3   31 0.11
  46   84 0.85
   0   17 0.43
  37   90 0.13
  45   61 0.21
  10   38 0.74
  20   50 0.88

  16   56 0.66
  50  101 0.79
  41   58 0.84
  22   52 0.10
  45   97 0.24
  18   48 0.28
   5   17 0.81
  17   55 0.19
   6   29 0.19
  38   51 0.99
  46   48 0.01
  33   60 0.88
  49   70 0.57
   0   50 0.39
   6   10 0.22
  19   67 0.37
  10   34 0.31
   1   14 0.95
  48   64 0.04
  50   68 0.57
  21   34 0.53
   9   41 0.18
  25   41 0.27
  12   65 0.03
  29   52 0.72

