4 20 8
12   16  16   2  10   2  10  20  16  16  10  16   4

   7   18 0.06
  19   61 0.39
  14   33 0.54
  18   28 0.10
   6   41 0.86
  13   33 0.79
   5   26 0.78
   2   11 0.21
   0   12 0.23
  20   37 0.12
   8   39 0.75
  15   47 0.07
   3   33 0.76
  20   48 0.90
  16   47 0.71
   7   25 0.96
  12   30 0.59
   6   39 0.43
  15   32 0.87
  18   28 0.86

   1   43 0.78
  20   36 0.70
   8   32 0.66
   0    7 0.08
  17   34 0.66
  10   40 0.62
  19   36 0.23
   2   28 0.08
  12   23 0.34
  20   29 0.02
  14   34 0.98
  18   39 0.40
  19   30 0.35
  15   34 0.03
  19   30 0.14
  15   31 0.58
   9   22 0.10
   1   19 0.39
   0   38 0.86
   9   10 0.52

  15   50 0.71
   5   34 0.87
  17   57 0.76
  11   50 0.09
   2   34 0.98
  19   30 0.00
  10   52 0.74
  12   52 0.73
  18   38 0.52
   1   20 0.25
  17   40 0.68
  16   18 0.13
   4    8 0.19
  20   37 0.20
  12   53 0.49
  12   51 0.03
  20   22 0.12
  11   25 0.95
   7   10 0.33
  11   41 0.05

  15   38 0.11
  17   19 0.85
   0   20 0.98
   8   46 0.00
   4   15 0.36
   0   38 0.06
  20   51 0.78
  19   24 0.07
  19   48 0.38
   9   43 0.62
   5   18 0.21
  18   29 0.96
   5   46 0.06
  14   33 0.32
   0   29 0.48
  16   54 0.62
   8   45 0.61
  19   21 0.26
   6   16 0.17
   3   11 0.80

   9   15 0.08
  13   14 0.03
  18   26 0.24
   9   40 0.69
  14   21 0.99
  10   34 0.57
  10   24 0.46
   7   23 0.46
   2   31 0.80
   4   29 0.29
  14   16 0.60
   1    2 0.60
   4   26 0.38
   4   19 0.53
   7   19 0.15
  18   54 0.57
  20   51 0.38
   9   22 0.80
  16   16 0.66
   8    9 0.09

  18   22 0.41
   2   38 0.19
   4    7 0.27
   0   12 0.23
   0    6 0.18
   8   35 0.70
  13   29 0.73
  17   20 0.90
   2   32 0.86
   4   45 0.36
   7   49 0.94
  19   24 0.62
  20   31 0.29
  12   51 0.68
   5   26 0.17
   7    9 0.83
   2    5 0.03
  15   56 0.49
  12   42 0.82
  20   42 0.24

   5   47 0.15
   0   33 0.65
  20   53 0.82
  19   26 0.27
   0   28 0.94
  13   15 0.21
  20   57 0.05
   9   49 0.88
  11   42 0.40
  16   40 0.10
  16   28 0.45
   8   13 0.72
   6   48 0.75
  14   46 0.79
  11   36 0.36
   8   41 0.75
  20   30 0.01
   2    2 0.14
  17   40 0.52
   3   15 0.69

  14   34 0.15
  15   55 0.64
   6   26 0.59
  15   57 0.97
  18   25 0.42
  12   25 0.29
   1   31 0.17
  14   16 0.78
  17   24 0.62
   7   35 0.67
  15   52 0.38
  15   43 0.03
  10   16 0.28
  15   20 0.19
   3   32 0.85
   8    8 0.76
  10   47 0.84
  12   47 0.37
  12   16 0.55
  16   20 0.82

   9   46 0.74
   8   18 0.64
  13   48 0.92
   5   30 0.32
   5   30 0.21
  14   29 0.77
   7   20 0.79
  13   38 0.71
  14   49 0.54
  18   27 0.51
  20   50 0.93
  16   35 0.35
   7   46 0.43
   4   27 0.72
   0   15 0.29
  16   31 0.78
  15   49 0.88
  10   21 0.77
   9   13 0.73
   3   10 0.65

   4   16 0.64
  18   40 0.12
   2   41 0.55
   3   22 0.86
  13   13 0.35
  10   36 0.90
  11   26 0.34
   8   41 0.73
  11   44 0.27
  20   29 0.18
  17   21 0.10
   3   24 0.66
   6   24 0.45
   0   36 0.89
   5   47 0.63
  15   54 0.45
   7   28 0.38
   1   21 0.50
   9   43 0.81
   8   13 0.67

  13   53 0.10
  12   36 0.90
   1   18 0.84
  14   16 0.17
   6   22 0.83
  19   28 0.24
  18   21 0.79
  14   14 0.02
  18   41 0.01
   0   28 0.17
  19   61 0.81
   9   13 0.82
  13   55 0.49
   3    9 0.51
   7   44 0.44
   5   36 0.85
   2   43 0.89
  18   20 0.58
  19   36 0.72
   2    4 0.73

   0   18 0.31
  11   37 0.40
   4   37 0.15
  20   45 0.03
  16   17 0.28
   9   33 0.82
  10   16 0.58
  18   20 0.28
  16   17 0.46
   6   34 0.30
  13   39 0.94
  17   56 0.95
   6   17 0.39
   0   17 0.18
  19   36 0.25
   8   42 0.61
  15   50 0.05
   6   15 0.85
   9   19 0.51
   8   14 0.72

