4 40 8
6   16   2  16   4  16   2

  21   30 0.77
  21   32 0.83
  28   39 0.87
   3    6 0.51
  26   34 0.13
  19   29 0.70
  32   37 0.83
   1    4 0.65
  34   40 0.11
  21   24 0.54
  27   30 0.71
  11   12 0.33
  27   39 0.49
  19   34 0.92
  15   15 0.10
  20   30 0.28
  33   39 0.02
  31   33 0.25
  13   15 0.59
  34   43 0.94
   4    5 0.25
   9   19 0.91
   1   14 0.00
  16   27 0.18
  26   33 0.91
  11   15 0.79
   9   18 0.15
  10   14 0.87
  30   44 0.97
  20   22 0.21
   7   19 0.85
  13   16 0.08
  25   25 0.27
  13   24 0.20
  10   19 0.48
  26   33 0.84
   1    7 0.78
  21   32 0.60
   5   17 0.99
  16   18 0.64

  17   32 0.13
   4    6 0.42
   3    9 0.41
  18   18 0.09
   5   15 0.59
  17   22 0.78
   2   18 0.99
  21   34 0.13
  12   14 0.74
  13   23 0.26
  22   31 0.15
  34   46 0.70
  21   27 0.63
  11   13 0.74
  26   38 0.26
   8   10 0.11
  17   27 0.61
  30   37 0.34
  27   39 0.75
  26   37 0.82
  23   23 0.31
   5   11 0.51
   1    9 0.52
  13   28 0.77
  14   22 0.78
  10   24 0.95
  10   18 0.32
  21   23 0.86
  31   39 0.63
   5    8 0.70
  34   41 0.38
   4   14 0.20
   4   14 0.13
   9   15 0.30
   7    7 0.81
   4   11 0.76
  30   44 0.27
  27   40 0.46
   1    9 0.97
  24   25 0.65

   6   18 0.55
  15   21 0.56
  19   20 0.77
   2   18 0.32
  30   41 0.29
  28   34 0.61
  11   24 0.46
  12   26 0.71
  33   49 0.50
  23   39 0.12
  25   40 0.72
  31   35 0.76
   6    7 0.12
  31   39 0.60
  17   19 0.38
  17   31 0.08
   4    7 0.75
  14   18 0.11
   9   13 0.79
  27   34 0.97
  13   29 0.17
  22   24 0.46
   0    9 0.22
  18   33 0.44
   1    8 0.90
  27   34 0.93
  15   26 0.06
  26   29 0.31
  26   39 0.41
   2   11 0.05
  30   33 0.75
   8   12 0.10
  31   36 0.98
  10   23 0.77
  29   32 0.79
   5   16 0.79
  32   44 0.57
  12   12 0.30
  32   34 0.93
  12   12 0.44

  13   16 0.91
  31   38 0.31
  24   38 0.98
  20   26 0.45
  19   33 0.95
  34   46 0.32
  32   40 0.69
  32   43 0.46
   5   10 0.10
   0   16 0.17
  34   39 0.81
  34   37 0.42
  18   23 0.23
  19   29 0.22
  20   29 0.53
  27   35 0.52
   6    8 0.65
   0    7 0.21
  26   27 0.19
   6   13 0.93
  18   21 0.86
  10   19 0.83
   1    9 0.48
  25   26 0.78
  20   23 0.99
   7    8 0.23
  18   29 0.12
  34   49 0.64
  16   17 0.76
  13   13 0.80
  25   35 0.65
   2    2 0.82
  32   40 0.68
  23   29 0.17
  29   31 0.05
   1    4 0.82
  20   34 0.64
  28   40 0.14
  10   10 0.80
  23   24 0.74

  22   23 0.22
  19   32 0.05
  30   46 0.94
  18   27 0.32
   5    6 0.62
  10   15 0.35
  12   26 0.69
   6   10 0.65
  27   38 0.81
   4   18 0.48
   7   16 0.86
   3    6 0.66
  11   17 0.14
  13   20 0.12
  17   20 0.38
  22   31 0.01
  29   35 0.09
  29   35 0.79
  26   29 0.87
  26   37 0.90
   2    9 0.52
  24   24 0.42
  19   20 0.76
  11   20 0.39
  16   30 0.44
  19   32 0.43
  16   28 0.33
  20   25 0.01
   9   21 0.04
  22   24 0.16
  15   20 0.11
   0   14 0.41
  14   16 0.68
   4   17 0.15
   4   11 0.58
  14   28 0.32
   2   13 0.14
  34   45 0.08
   0    2 0.84
  20   34 0.37

  32   47 0.28
  27   36 0.51
  15   22 0.90
  27   38 0.39
  17   25 0.45
   7   22 0.44
  13   26 0.36
   0   15 0.13
  28   38 0.24
  19   31 0.00
   7   18 0.14
   9   18 0.49
   9   14 0.81
  10   13 0.73
  12   23 0.08
  16   29 0.05
  31   47 0.68
  10   18 0.25
  34   36 0.15
   7   12 0.37
  17   27 0.67
  34   40 0.72
  34   43 0.09
   4    9 0.34
  22   32 0.20
  12   21 0.58
  32   37 0.42
  27   43 0.24
   0    2 0.26
   3    9 0.67
  14   15 0.52
  12   16 0.26
  13   23 0.74
  30   45 0.86
   5   18 0.11
  32   48 0.22
   8   22 0.57
   6   16 0.62
  13   28 0.14
  34   46 0.56

