3 15 4
12    4  10  20  16   2  20  16  16  10  16   4  10

  86  151 0.63
  77  128 0.74
  88  100 0.92
  51   52 0.69
  44  166 0.52
  22  104 0.08
  79   92 0.10
  56  188 0.24
 113  156 0.98
 119  204 0.73
  75  143 0.36
 122  170 0.68
  75  169 0.78
 124  254 0.12
  13  113 0.57

  88   93 0.94
  89   95 0.61
 106  221 0.71
 102  227 0.24
  39  168 0.23
  90  102 0.17
  53  101 0.22
  45   92 0.89
  79  201 0.64
   0  107 0.08
 134  240 0.66
  60  164 0.74
  96  145 0.43
  69  111 0.13
  97   98 0.67

  75   86 0.26
   6   69 0.61
 111  168 0.03
  23   52 0.47
 128  195 0.59
 123  220 0.29
  96  136 0.75
  36  168 0.24
  54  123 0.88
  49   85 0.32
  22   30 0.79
 108  228 0.04
  22  142 0.39
  49   61 0.42
 115  168 0.48

  86  107 0.32
  85  214 0.36
   8   57 0.16
  31  154 0.60
  35   48 0.48
  62   62 0.31
 108  217 0.66
 121  250 0.63
  57  104 0.61
 129  217 0.16
  90  112 0.67
  82  133 0.77
  19   27 0.71
   3   89 0.16
  39   49 0.40

 113  233 0.10
  79  129 0.28
  12  101 0.41
 117  192 0.49
  83  153 0.18
  83  122 0.33
  33   62 0.83
  53   70 0.74
  57  103 0.71
 116  240 0.88
  81  182 0.69
  75  185 0.25
  32  126 0.27
 105  185 0.42
  74  160 0.90

 103  223 0.75
 102  129 0.89
 119  186 0.38
 128  237 0.73
 124  219 0.05
  55  181 0.56
  78   85 0.37
  42  136 0.58
   0   43 0.24
   6  111 0.31
  48   88 0.72
  88  138 0.78
  64  190 0.56
  67   99 0.22
 117  200 0.23

   2   10 0.37
  33  117 0.20
  80  206 0.33
  20  143 0.08
  44   72 0.26
  26  110 0.85
  96  155 0.41
  42   97 0.80
  80  127 0.83
 125  144 0.90
  83   87 0.40
  65  162 0.32
  57  161 0.98
   4   72 0.03
   4   22 0.87

  79   84 0.23
  21  108 0.15
  13   21 0.85
   7   81 0.64
  28  148 0.21
 122  227 0.44
 110  165 0.93
  75   77 0.45
 107  225 0.35
 128  187 0.58
  78  120 0.19
  55  186 0.50
 109  116 0.42
  14   29 0.61
  14  117 0.09

  49   53 0.63
   4   30 0.22
  88  131 0.81
  96  173 0.57
 124  226 0.66
   3    5 0.69
  29   95 0.45
 128  139 0.32
   4  105 0.30
  93  199 0.35
  65  151 0.40
  30  122 0.71
  98  203 0.84
  98  202 0.71
 111  187 0.64

  31  131 0.90
 133  154 0.89
  86  214 0.14
  46  166 0.76
  96  118 0.31
  15  137 0.74
  14  137 0.54
 131  157 0.69
  91  220 0.44
  93  145 0.07
 108  146 0.06
  36   77 0.38
 110  202 0.17
   4    9 0.62
  31  158 0.80

  61  166 0.90
  49  101 0.32
 116  193 0.38
 106  196 0.04
  81  169 0.19
  70  147 0.26
 131  253 0.26
  41   79 0.28
  43  156 0.74
 129  248 0.45
  59   82 0.24
  76  201 0.11
 126  231 0.62
  94  193 0.51
 109  155 0.81

  37   73 0.02
  17   82 0.32
  19   48 0.35
  31   76 0.52
  48  158 0.15
  85  100 0.23
  14   56 0.77
  22  144 0.21
  96  183 0.92
  48   64 0.47
  76  182 0.38
  70   91 0.79
  33  149 0.13
  57  173 0.08
 121  130 0.21

