3 80 4
3    2  10  20

  19   62 0.91
   7   38 0.79
  21   40 0.70
  32   77 0.29
  24   57 0.01
  31   69 0.45
  16   39 0.71
  24   65 0.54
  43   50 0.37
  49   60 0.05
  34   68 0.58
  17   29 0.95
  17   63 0.19
   1   12 0.31
  13   65 0.89
  13   64 0.49
  51   76 0.96
  50   50 0.81
  19   60 0.32
   1   10 0.67
  11   37 0.16
  21   62 0.99
  45   70 0.93
   9   45 0.77
  43   53 0.35
  17   51 0.59
  10   32 0.10
  32   74 0.96
  20   57 0.88
  18   47 0.23
  28   51 0.74
  26   28 0.70
  39   77 0.05
  44   69 0.05
  24   48 0.06
  16   59 0.32
   3   52 0.52
   9   15 0.83
  26   70 0.83
  19   68 0.31
  52   55 0.10
   6   29 0.19
   5   48 0.87
  46   58 0.83
  11   63 0.98
  33   52 0.41
  39   86 0.36
  52   97 0.81
  35   37 0.01
  11   59 0.83
   4   35 0.79
  24   74 0.17
   1   50 0.40
   2   10 0.32
  40   61 0.50
  43   69 0.36
  41   90 0.34
  16   38 0.36
  31   40 0.41
  14   33 0.75
   2   42 0.62
  47   49 0.59
  38   68 0.38
   9   48 0.03
  41   71 0.87
  35   87 0.85
   2    6 0.70
  46   62 0.30
   6    8 0.35
   0    5 0.10
  28   42 0.98
  33   44 0.50
  36   63 0.53
  34   62 0.66
  23   47 0.98
  26   54 0.61
  47   64 0.43
  13   58 0.14
  32   74 0.77
  50   67 0.38

  22   62 0.07
  47   53 0.83
   2   31 0.86
  16   61 0.02
  32   36 0.68
  51   84 0.79
  38   75 0.78
  34   52 0.37
   1    4 0.19
  15   32 0.02
  29   59 0.82
  41   81 0.74
   5   50 0.07
  15   38 0.11
  43   70 0.82
   9   36 0.85
   3   38 0.26
   3   52 0.31
   2    8 0.38
  20   42 0.92
  18   49 0.74
  19   61 0.06
  25   35 0.49
  38   89 0.36
  17   33 0.31
  33   82 0.88
  36   86 0.31
   6   20 0.57
  40   81 0.14
   9   58 0.62
  28   41 0.27
   1    6 0.03
  17   21 0.61
  16   28 0.97
   5   56 0.65
  14   44 0.19
  19   56 0.00
  51  100 0.30
  26   26 0.89
  19   51 0.70
  51  101 0.68
  33   46 0.52
  16   53 0.89
  39   85 0.32
  38   77 0.70
  13   40 0.54
  20   62 0.56
  49   83 0.51
  33   80 0.98
  21   58 0.68
   4   43 0.23
  31   66 0.37
  24   29 0.40
  29   79 0.39
  20   49 0.91
   1   35 0.09
  48   66 0.32
   7   29 0.39
  23   46 0.27
   1   16 0.78
  28   45 0.46
  30   53 0.57
  10   60 0.95
  41   74 0.61
  29   61 0.76
  32   38 0.86
   0   20 0.97
  31   81 0.07
   3   27 0.11
  21   38 0.35
  19   31 0.80
  44   82 0.52
  50   51 0.83
  16   33 0.25
  29   31 0.23
  31   58 0.63
  46   61 0.74
  28   68 0.55
  35   51 0.87
  47   50 0.02

   6   21 0.79
  50   95 0.22
  22   57 0.36
  18   43 0.98
  20   68 0.83
  23   31 0.05
  48   79 0.32
  38   64 0.55
   5   13 0.43
  21   35 0.46
   5   11 0.28
  44   63 0.17
  45   47 0.88
  41   73 0.59
  35   78 0.04
   1   37 0.59
  10   12 0.88
   9   26 0.80
  27   35 0.29
  35   65 0.27
  18   19 0.59
  46   89 0.96
  39   81 0.34
  25   65 0.05
   8   16 0.65
  17   66 0.71
  34   74 0.79
  34   56 0.35
  10   16 0.92
   9   33 0.72
  19   26 0.32
  25   37 0.34
   2   53 0.36
   9   22 0.31
  20   42 0.97
  14   14 0.59
  19   60 0.65
  48   70 0.52
  52   96 0.32
  48   53 0.61
  47   77 0.10
   3   52 0.40
  48   72 0.53
  17   69 0.81
  22   66 0.00
   1    7 0.56
  14   32 0.98
  39   75 0.46
  50   59 0.97
  28   55 0.53
  24   35 0.14
  13   46 0.50
   2   18 0.74
  28   59 0.79
  27   27 0.23
   6   37 0.49
  37   60 0.74
  52   89 0.41
  24   43 0.89
  30   60 0.61
  48   66 0.72
  41   42 0.84
  33   36 0.58
  28   75 0.10
  29   64 0.34
  10   49 0.69
  44   85 0.27
  10   30 0.83
  19   58 0.23
   8   42 0.56
  38   58 0.40
  10   40 0.77
  11   41 0.39
   9   22 0.67
  23   62 0.47
   2   46 0.27
  38   53 0.86
  39   62 0.25
  52   93 0.77
  10   26 0.69

