4 30 4
6   10  10   4   2   2  10

  16   50 0.64
  24   65 0.05
  26   57 0.40
  48   99 0.61
  48   63 0.04
  20   55 0.58
  12   37 0.63
  35   50 0.22
  37   37 0.76
   6   52 0.63
  17   52 0.27
  22   70 0.49
  50   80 0.75
  24   70 0.49
  30   67 0.41
  51   69 0.36
   9   18 0.31
  42   81 0.61
  38   67 0.16
  22   44 0.91
  43   46 0.65
  43   82 0.84
  41   46 0.74
  46   96 0.08
  14   14 0.40
  34   77 0.46
  37   40 0.87
  23   25 0.42
  11   15 0.15
   5   48 0.23

  46   59 0.82
   5   40 0.10
  35   66 0.99
  26   29 0.44
   3   26 0.23
  39   66 0.85
  41   91 0.79
  48   96 0.50
  42   59 0.42
  20   55 0.97
  46   59 0.84
  50   85 0.48
  17   44 0.62
  10   27 0.71
  31   76 0.56
  44   96 0.35
  24   49 0.41
  42   46 0.98
   3    6 0.58
  25   34 0.67
   2   33 0.34
  35   38 0.57
  45   52 0.92
  44   50 0.08
  48   95 0.74
  32   56 0.41
  25   42 0.92
   9   14 0.17
  44   95 0.68
  29   73 0.28

  12   34 0.63
  41   67 0.52
  21   65 0.99
  11   57 0.45
  36   58 0.91
  37   72 0.75
  15   40 0.62
  16   35 0.38
  27   59 0.39
   8   29 0.33
  45   92 0.11
  41   83 0.62
  16   37 0.13
  49  101 0.96
  10   16 0.79
   1   53 0.47
   3   17 0.24
  22   52 0.78
  28   76 0.57
  22   48 0.64
  13   22 0.14
   2   47 0.85
  33   77 0.04
  14   32 0.26
  12   31 0.12
  42   81 0.72
  25   39 0.82
   2   22 0.73
   5   24 0.63
  35   47 0.83

  13   64 0.71
  26   43 0.56
  12   27 0.53
  46   71 0.27
  48   93 0.25
  15   17 0.81
  28   66 0.78
  11   56 0.50
   3   23 0.05
   5   30 0.14
  29   53 0.00
  41   87 0.68
  18   43 0.90
  45   61 0.99
  31   41 0.30
  41   84 0.86
  20   71 0.85
  32   84 0.37
  17   68 0.31
  14   52 0.58
  29   34 0.38
   3   26 0.99
  28   47 0.41
  31   68 0.04
  37   80 0.01
  18   41 0.68
  22   57 0.56
  45   54 0.79
   5   22 0.11
  40   45 0.64

  12   38 0.43
  38   62 0.08
   4   31 0.75
  48   94 0.74
   4   23 0.03
  42   43 0.18
  52   71 0.55
  25   34 0.13
  43   89 0.70
  32   67 0.90
  50   62 0.51
  46   80 0.86
  43   64 0.39
   5   16 0.34
  31   44 0.64
  42   62 0.14
  17   38 0.43
  42   91 0.35
  40   51 0.69
  20   29 0.77
   4   40 0.21
  19   38 0.71
  16   57 0.31
   3   30 0.98
  32   57 0.17
  28   35 0.11
  31   68 0.14
  38   87 0.57
  17   22 0.78
  15   48 0.86

   6   45 0.16
  14   21 0.01
   7   54 0.91
   4   49 0.26
  46   74 0.80
   1   44 0.74
  32   34 0.48
  19   48 0.15
   1   26 0.54
  17   47 0.34
   3   30 0.17
  46   68 0.18
  18   62 0.81
   3   21 0.38
  13   51 0.18
  35   60 0.99
   7   41 0.85
  20   52 0.44
  11   28 0.68
   7   13 0.97
   1   15 0.71
  16   49 0.19
  20   38 0.59
   7   27 0.70
  25   61 0.81
  36   76 0.19
  29   51 0.64
  46   81 0.98
  51   72 0.15
  42   79 0.17

