3 80 8
3   16  10   4

   1   14 0.70
  32   49 0.05
  31   53 0.60
   5    6 0.33
  35   43 0.51
  13   35 0.52
  34   48 0.87
  28   38 0.86
  23   34 0.98
  33   51 0.56
  17   20 0.04
  23   31 0.06
  42   54 0.06
  36   41 0.08
  32   41 0.75
  41   52 0.26
  15   15 0.00
  40   63 0.19
  38   46 0.15
  22   38 0.05
  20   31 0.27
  32   47 0.18
  13   17 0.15
   4   27 0.97
  19   37 0.19
  27   40 0.85
  11   11 0.19
  30   38 0.95
  36   36 0.29
  30   41 0.68
  27   36 0.36
  24   25 0.02
  48   72 0.02
  29   33 0.04
  12   21 0.38
  15   19 0.87
  40   59 0.18
  37   61 0.93
  39   55 0.29
  36   57 0.98
  28   40 0.87
  14   28 0.02
  40   47 0.79
  46   46 0.19
  47   47 0.10
  39   52 0.27
  48   59 0.80
  23   30 0.90
  20   43 0.78
  15   29 0.94
  20   29 0.21
  13   23 0.96
  34   34 0.32
   1   10 0.24
  44   50 0.06
  38   43 0.00
   7    8 0.50
  36   40 0.90
  11   29 0.02
  32   51 0.85
   8   14 0.30
  47   69 0.75
  37   41 0.53
  19   35 0.44
   5   17 0.08
   3    9 0.72
  12   12 0.20
   1   22 0.41
  48   55 0.27
  23   28 0.18
  49   58 0.19
  47   48 0.33
  37   53 0.29
  14   23 0.55
  19   31 0.51
  21   41 0.07
  21   36 0.91
   9   23 0.08
   5   10 0.14
  48   58 0.68

  44   45 0.75
  48   62 0.89
   4   28 0.84
   7   22 0.92
   2    5 0.47
  47   57 0.26
   9   27 0.08
  16   34 0.02
  35   35 0.93
  34   38 0.13
  39   45 0.47
  16   20 0.62
  41   61 0.80
  40   40 0.45
  21   22 0.78
   2   19 0.96
   5   14 0.82
   1    4 0.17
  12   25 0.74
  30   46 0.44
  14   35 0.26
   8   29 0.76
  13   19 0.20
  43   64 0.05
  17   28 0.93
  21   36 0.15
   6   24 0.95
  14   36 0.10
  12   30 0.75
  30   38 0.16
   0    1 0.49
  18   40 0.88
   2   17 0.80
  38   49 0.06
  34   47 0.88
  14   38 0.04
  16   32 0.56
  22   42 0.77
  37   42 0.42
   1   22 0.88
   4   21 0.30
  49   66 0.32
  47   52 0.30
  39   54 0.49
  36   53 0.89
  39   59 0.88
  18   21 0.26
  26   46 0.42
  44   63 0.07
  25   44 0.36
  26   38 0.05
  16   37 0.72
  18   33 0.99
   7   16 0.22
  37   54 0.44
  19   25 0.72
  13   34 0.01
   9   17 0.07
  22   39 0.17
   6   16 0.00
  22   22 0.64
  10   24 0.49
  12   35 0.07
  34   58 0.58
  49   53 0.67
  27   35 0.68
  48   52 0.21
  19   37 0.06
  16   28 0.83
  20   39 0.64
  11   15 0.11
  40   64 0.26
  41   60 0.64
  23   41 0.47
  24   29 0.57
  26   37 0.31
   5   24 0.14
  13   19 0.26
  35   49 0.91
  10   27 0.14

  10   10 0.23
  39   42 0.76
   9   23 0.49
  23   33 0.28
  38   48 0.43
  26   42 0.12
  12   29 0.52
  22   23 0.39
  36   41 0.74
  32   36 0.38
   8   16 0.57
  28   37 0.41
  36   36 0.32
  14   17 0.46
  23   29 0.21
  44   60 0.98
  26   39 0.74
  30   31 0.52
  31   34 0.65
  47   47 0.64
  14   23 0.24
  42   63 0.80
  46   61 0.36
  46   60 0.92
  36   49 0.59
  14   21 0.40
  47   47 0.33
  31   32 0.52
   4   25 0.52
  24   31 0.14
  29   32 0.49
  17   23 0.20
   0    0 0.26
  42   65 0.41
  46   56 0.73
  33   51 0.78
  45   67 0.56
  28   40 0.06
  14   15 0.56
  15   25 0.90
  38   42 0.85
  44   56 0.68
   6    6 0.20
  43   58 0.92
  17   26 0.61
  46   52 0.12
  39   43 0.78
   2   16 0.71
   8   28 0.59
  35   43 0.85
   6   13 0.75
  34   40 0.74
  23   31 0.52
  42   63 0.83
  14   21 0.48
  13   29 0.06
  21   44 0.99
  49   51 0.17
  27   28 0.65
  23   45 0.20
   1   10 0.70
  22   42 0.09
   0   22 0.62
  17   38 0.11
  13   16 0.04
  30   50 0.51
  49   67 0.10
  39   41 0.80
  39   43 0.15
  15   21 0.01
  44   52 0.15
  41   61 0.48
  17   41 0.97
  15   18 0.46
  13   33 0.10
  28   45 0.42
  21   37 0.42
  37   41 0.57
  33   50 0.80
  17   35 0.86

