5 50 8
6   10   2  10  10  10   4

  31   68 0.08
  24   36 0.97
   5   42 0.52
   2   34 0.00
  20   23 0.47
   1    9 0.15
  23   63 0.19
   8   47 0.74
  36   40 0.63
  26   52 0.13
   3   35 0.65
  19   28 0.45
   9   36 0.13
  31   49 0.17
   8   32 0.99
  36   40 0.29
  25   52 0.11
  18   34 0.38
  24   59 0.08
  20   20 0.56
  26   56 0.89
  20   28 0.76
   2   42 0.92
   6   17 0.32
  36   75 0.69
   2    6 0.94
  22   22 0.13
  37   65 0.13
  18   50 0.42
   1   11 0.41
   8   26 0.14
  21   47 0.01
  29   55 0.47
  19   53 0.86
  17   35 0.65
  21   30 0.77
   1    8 0.89
  41   54 0.95
   2   15 0.32
  32   60 0.65
  27   46 0.11
  16   38 0.50
  13   19 0.26
  13   54 0.53
  34   62 0.53
  25   34 0.47
  14   50 0.99
  40   78 0.29
  36   67 0.77
  18   21 0.07

  30   59 0.58
  14   29 0.06
  11   19 0.53
  26   56 0.86
  31   43 0.25
  37   70 0.34
  41   47 0.63
  15   22 0.97
   5    8 0.67
  28   32 0.54
  32   46 0.22
  24   65 0.27
   3   30 0.09
  19   21 0.50
  41   78 0.72
  29   62 0.89
  40   71 0.86
  33   65 0.98
  33   41 0.29
   6   10 0.23
   0   26 0.24
   0    7 0.91
  24   53 0.08
  35   68 0.78
   3   10 0.10
   9   23 0.16
  26   27 0.44
   6   14 0.43
  35   62 0.48
   6   34 0.90
   7   22 0.81
  29   70 0.18
   9   37 0.44
  36   42 0.12
  31   37 0.23
  11   31 0.31
   4    6 0.11
  22   24 0.23
  34   38 0.10
   3   15 0.12
  28   65 0.19
  41   82 0.70
  31   53 0.34
  23   39 0.51
  10   44 0.74
   5   40 0.02
  40   81 0.61
   6   45 0.01
  15   55 0.67
  30   56 0.96

  40   77 0.64
  33   34 0.68
  22   45 0.08
   2   11 0.50
   9   44 0.10
  23   41 0.49
  25   27 0.09
  11   52 0.94
  17   54 0.99
   2   37 0.18
  30   36 0.35
  22   24 0.61
  14   40 0.28
  25   59 0.90
  36   62 0.67
  31   68 0.04
  30   54 0.03
   9   36 0.49
  10   20 0.83
  12   48 0.69
  14   34 0.42
  38   59 0.98
  13   35 0.26
  37   52 0.36
  21   28 0.11
  33   70 0.46
  18   45 0.05
   0    6 0.54
  26   31 0.13
  29   39 0.99
  28   31 0.65
  23   45 0.95
   5   44 0.28
  36   68 0.33
  17   27 0.16
  26   49 0.16
  12   15 0.58
  36   61 0.36
  16   56 0.78
  40   51 0.39
  22   35 0.03
   8   48 0.22
  35   40 0.95
  31   45 0.98
  39   62 0.47
  33   39 0.95
  30   47 0.66
  40   78 0.04
  36   55 0.29
   3   13 0.43

  10   51 0.00
  20   44 0.18
  22   32 0.78
  40   68 0.71
  35   55 0.43
  15   48 0.53
  33   34 0.19
  14   24 0.79
  38   52 0.81
  27   35 0.25
   0   13 0.84
  30   61 0.50
  22   30 0.96
  40   52 0.14
  35   40 0.34
  24   52 0.90
  39   78 0.55
   1   32 0.46
  36   54 0.18
  38   79 0.94
  19   45 0.73
  19   31 0.67
  13   53 0.10
  24   25 0.09
  11   11 0.49
  39   42 0.72
  20   43 0.20
  33   73 0.94
   0   20 0.06
  21   30 0.97
  27   46 0.17
  39   80 0.89
   0   41 0.60
   7   14 0.66
  38   51 0.32
  29   51 0.00
  41   82 0.27
  15   27 0.49
  21   44 0.08
  17   23 0.90
   1   24 0.94
  25   31 0.70
  10   42 0.54
  21   52 0.38
  40   78 0.11
  26   39 0.39
  18   45 0.34
  25   66 0.84
  22   44 0.22
  20   28 0.35

   9   18 0.16
  17   29 0.71
  20   38 0.83
  31   42 0.85
  18   23 0.90
   9   47 0.35
  27   56 0.64
   7   37 0.29
  18   39 0.61
  25   40 0.30
  40   65 0.22
  22   59 0.95
  17   40 0.24
  32   56 0.64
  37   68 0.15
   7   33 0.83
  40   43 0.08
  23   26 0.72
   6   17 0.33
  28   62 0.48
  36   59 0.28
  18   57 0.51
  27   45 0.89
  37   63 0.60
  36   69 0.95
  24   24 0.04
  34   34 0.27
   3   26 0.76
  22   33 0.85
  23   54 0.25
   5   33 0.24
  14   33 0.65
   5   34 0.98
  27   39 0.96
  31   60 0.28
  27   64 0.66
  28   67 0.82
   6   15 0.27
  20   36 0.25
  20   53 0.63
  28   65 0.64
  13   50 0.03
  18   43 0.15
  24   62 0.38
  22   60 0.08
  21   39 0.51
  23   56 0.34
  15   36 0.52
  27   68 0.96
  17   40 0.27

  36   69 0.46
  31   48 0.02
  38   47 0.73
   8   40 0.11
  14   31 0.90
   4   22 0.76
   3   14 0.67
  41   47 0.02
  15   19 0.27
   5   34 0.30
  40   70 0.85
  10   22 0.68
  39   54 0.54
  12   42 0.86
  32   59 0.70
   5   21 0.20
  23   35 0.95
   8   22 0.10
  10   41 0.29
  29   33 0.13
  16   39 0.99
  33   34 0.75
  32   32 0.91
  21   43 0.29
  13   31 0.49
  11   11 0.61
  36   43 0.75
   0   17 0.66
  25   65 0.33
  26   52 0.00
  35   46 0.49
   1   20 0.93
  15   52 0.86
  17   45 0.90
   7   47 0.10
  19   58 0.13
  25   25 0.04
  40   49 0.46
  33   72 0.90
  26   35 0.14
   2   25 0.24
  30   50 0.37
  38   64 0.76
   2   35 0.26
  28   29 0.51
  24   58 0.35
  41   49 0.95
  19   23 0.47
  24   55 0.69
   3   44 0.77

