5 80 4
3    2   2  10

  10   12 0.61
  18   29 0.37
  37   46 0.33
  21   23 0.77
  23   27 0.43
   4   13 0.65
  10   21 0.70
  35   35 0.15
   0   10 0.38
  14   24 0.65
  37   42 0.56
   7   16 0.71
  35   43 0.36
  26   28 0.10
  25   37 0.85
  16   18 0.41
  14   22 0.06
   3   12 0.26
  25   34 0.14
   1    7 0.30
  13   18 0.28
  33   33 0.95
  31   41 0.06
  33   35 0.13
   1   11 0.75
   2    3 0.55
  21   28 0.18
  16   20 0.02
  25   31 0.77
  33   41 0.74
  41   46 0.11
   3   11 0.15
  23   28 0.81
  32   36 0.97
   8    8 0.47
  23   26 0.04
   0    0 0.49
  16   24 0.61
  10   11 0.00
  33   37 0.89
  29   34 0.84
  17   18 0.00
  26   38 0.65
   9   21 0.29
  12   21 0.36
  26   36 0.06
  29   38 0.27
  22   34 0.65
  37   46 0.97
   8   12 0.55
  33   43 0.80
   1    6 0.22
  22   32 0.62
  18   28 0.51
  14   25 0.94
   7   20 0.68
  32   43 0.40
  22   29 0.85
   1    9 0.75
   7   18 0.00
  27   29 0.44
  23   33 0.65
  10   17 0.54
  13   20 0.43
  41   46 0.52
  41   41 0.08
  14   27 0.64
  16   28 0.55
  38   46 0.82
  28   36 0.90
   5    6 0.76
  40   46 0.46
  38   46 0.13
  40   47 0.87
  22   26 0.16
   7   14 0.37
  29   32 0.40
   5   11 0.05
  26   35 0.06
  19   26 0.35

   8    9 0.11
   4    9 0.78
   8   21 0.34
   4   12 0.82
  39   52 0.39
   6   12 0.56
  41   42 0.20
  34   34 0.21
  18   21 0.86
  41   53 0.12
   7   17 0.73
  11   23 0.15
  25   25 0.55
  38   51 0.79
  22   33 0.17
   5   18 0.40
   0    3 0.95
  27   30 0.66
  36   47 0.36
  16   18 0.70
  27   34 0.04
  29   33 0.33
   5   10 0.54
  13   18 0.70
  18   18 0.78
   0    9 0.67
   7   18 0.95
  15   26 0.91
   8   16 0.36
   1    5 0.04
   5   17 0.32
  19   24 0.97
   1   12 0.08
   4    9 0.60
  24   25 0.42
  11   24 0.70
  13   13 0.06
  32   37 0.30
  13   23 0.32
  26   28 0.18
   7   18 0.61
  11   14 0.95
   8   10 0.27
  28   28 0.13
  10   23 0.30
  30   30 0.37
  26   28 0.52
  11   18 0.98
   1   10 0.49
  10   10 0.34
  13   21 0.43
  22   30 0.97
  30   32 0.18
  31   34 0.46
  41   49 0.34
  13   17 0.05
  11   20 0.85
  13   22 0.16
  24   33 0.52
  37   46 0.27
  34   36 0.12
  25   26 0.75
  37   39 0.30
   1   10 0.53
  26   38 0.73
  38   46 0.92
  39   47 0.97
  20   29 0.90
   1    6 0.15
  17   19 0.38
   2   12 0.50
   7   15 0.61
  21   32 0.97
  15   19 0.59
  27   33 0.19
  34   41 0.37
  15   20 0.62
  16   19 0.34
  37   37 0.55
   1    9 0.29

  30   32 0.75
   8   17 0.05
  38   41 0.24
  40   52 0.24
  13   16 0.61
  33   35 0.04
  34   43 0.63
  10   21 0.79
  15   16 0.29
  40   46 0.41
  15   22 0.97
  32   32 0.57
  17   29 0.61
  30   33 0.45
  37   44 0.04
  25   31 0.94
   4   10 0.09
  21   32 0.39
  10   18 0.87
  11   20 0.15
  23   30 0.59
  37   47 0.32
  35   37 0.77
  10   17 0.80
  40   47 0.82
  11   15 0.60
   1    7 0.23
  24   36 0.67
   2   14 0.78
  15   27 0.91
  33   33 0.34
   1    4 0.05
  20   22 0.15
  30   39 0.06
  36   45 0.17
  31   35 0.16
   6    6 0.75
  38   48 0.63
   9   18 0.31
  28   41 0.52
  13   25 0.22
  28   38 0.78
  41   43 0.34
  17   26 0.65
  17   28 0.14
  11   20 0.51
  19   31 0.65
  15   19 0.35
   1    2 0.68
  16   28 0.25
   7   15 0.64
  36   44 0.63
   1    3 0.93
  22   31 0.75
  29   34 0.91
  40   42 0.58
  34   34 0.89
  10   18 0.85
  15   25 0.09
   1    5 0.91
  37   49 0.06
  27   40 0.67
  21   30 0.08
  33   44 0.55
   3   14 0.03
  36   47 0.30
   2    5 0.52
  23   35 0.39
  27   27 0.35
  12   21 0.64
  41   51 0.72
  33   45 0.68
  32   34 0.96
  31   36 0.69
  30   43 0.97
  17   18 0.43
  19   20 0.68
  31   38 0.84
  21   29 0.75
  18   25 0.18

