3 100 4
3   10   2  16

 105  198 0.47
  87  128 0.74
  37   70 0.36
  58  115 0.21
 109  183 0.58
  28  123 0.20
  69  177 0.89
 105  195 0.65
 108  193 0.63
  45   56 0.27
  13   43 0.58
   9   96 0.11
   1   76 0.90
  75   76 0.13
  43  143 0.65
  82  194 0.17
  49   54 0.96
 103  201 0.24
  27   27 0.67
  92  120 0.04
 109  178 0.40
  26  109 0.72
  54  157 0.54
  65  175 0.84
  92  115 0.00
  38   65 0.36
   4  117 0.21
  46   98 0.69
  50  153 0.12
  19   92 0.62
  43  117 0.99
 107  149 0.80
  69  138 0.42
  94  125 0.17
  65   81 0.53
   8   48 0.84
  78  175 0.99
  34   93 0.28
 101  203 0.84
  49   96 0.37
  30  102 0.73
  76   81 0.81
  17   32 0.46
  60  133 0.45
  89  156 0.86
  74  102 0.53
  75   94 0.96
  20  111 0.54
  92  167 0.36
  62  114 0.83
  66  108 0.32
  89  191 0.59
  35   88 0.54
  52  144 0.03
   2  101 0.65
  83  103 0.63
 109  116 0.30
  32   52 0.80
  27  122 0.16
  39   96 0.50
  30   36 0.11
   1    2 0.06
  74  109 0.76
  35  141 0.74
  21   79 0.10
  71   71 0.48
  61   95 0.05
  21   65 0.41
  90  114 0.52
  78  101 0.58
  36  146 0.08
   7   15 0.24
 111  166 0.06
  19  121 0.93
  68  152 0.54
  53   72 0.12
  80  149 0.15
  35   90 0.63
 103  182 0.34
 100  129 0.55
  27   49 0.18
  35   84 0.28
  85  103 0.61
  16   54 0.81
  36  101 0.36
   3  116 0.54
  22   84 0.21
  71   98 0.55
 108  210 0.24
  78   78 0.77
  47  129 0.96
  41   58 0.53
  89  162 0.57
  29   77 0.39
 114  141 0.81
  36  151 0.19
  65   86 0.03
  34   88 0.78
  33   92 0.55
  22  136 0.54

  31   95 0.13
 115  216 0.38
  71  184 0.74
  99  153 0.24
  43   56 0.66
  75  115 0.09
  89  148 0.59
   7   98 0.12
  72  177 0.95
  64  168 0.52
  57  120 0.44
  32  100 0.11
  51   58 0.04
  42  113 0.49
  80  122 0.15
  28  143 0.46
  18  112 0.30
   0    4 0.02
 113  203 0.42
  78  108 0.50
  14  123 0.12
  64  137 0.36
   7   61 0.52
  98  118 0.04
  85  163 0.33
 112  177 0.07
  48  148 0.02
  13   16 0.17
  79  165 0.61
   7  117 0.08
  25   76 0.04
  42   59 0.45
 111  215 0.78
  25   88 0.29
  68  165 0.09
  14   90 0.50
  97  136 0.45
  42  151 0.63
  44   67 0.05
  47  118 0.68
  90  135 0.81
  12   36 0.42
   5   59 0.33
  80  126 0.56
  12   26 0.16
 111  130 0.57
  39  127 0.29
  39   93 0.57
  83  123 0.92
  25  109 0.25
  63  124 0.65
   3   32 0.78
  43   47 0.52
  59  136 0.47
   8   99 0.44
  11   14 0.28
  23   68 0.67
   2   16 0.28
   3   28 0.74
  63   96 0.02
  53  141 0.84
  26   78 0.24
  78  192 0.80
 110  171 0.99
  44  157 0.91
  15   41 0.29
  25   25 0.90
  92  159 0.58
  31  131 0.95
  82  189 0.11
  62  169 0.99
   5   51 0.70
   6   76 0.37
  59  130 0.16
  81  171 0.30
   9   88 0.36
 106  180 0.96
 106  159 0.48
 107  217 0.97
  73  126 0.80
  24  138 0.14
 103  139 0.74
  77  110 0.42
 115  128 0.20
  11   49 0.54
  17   74 0.28
  88  166 0.98
 102  131 0.09
 115  142 0.59
  76  117 0.26
  11   53 0.46
  81  135 0.63
 101  185 0.96
  15   43 0.32
  95  147 0.10
  77  179 0.95
  96  178 0.64
  99  208 0.05
  69  129 0.08
   8   78 0.80

   3   48 0.24
  73  165 0.55
  81   90 0.49
  52  113 0.32
  76  179 0.99
  17  117 0.99
  35  133 0.75
  67  104 0.76
  65  104 0.14
  20   37 0.03
  68  171 0.79
  96  190 0.09
  65  154 0.00
  63   76 0.01
  90  106 0.04
  10   83 0.31
  77  137 0.24
  88  121 0.43
  34  143 0.04
 107  113 0.94
  77  177 0.16
 104  215 0.55
  60  175 0.53
  36  112 0.64
  41   55 0.09
  87  185 0.92
  32   82 0.59
  16   33 0.75
  48   76 0.53
  36  130 0.62
  57   60 0.40
  95  148 0.96
   6   12 0.64
  17   61 0.93
  32   80 0.96
  68  127 0.99
   4   30 0.11
  86  167 0.14
  98  112 0.95
   9   19 0.43
  92  198 0.29
  79  153 0.93
  40   75 0.72
  61   66 0.97
  58  106 0.22
   3   54 0.31
  54   83 0.68
  63   64 0.13
   3   28 0.21
  14   67 0.46
  26   55 0.50
  49  139 0.56
  68   79 0.52
  16  100 0.45
  39  134 0.76
  44   82 0.77
  50   90 0.27
   8   73 0.83
  58  156 0.18
 114  219 0.73
  55  102 0.86
  90  129 0.42
  92  116 0.42
  72  164 0.29
  88  198 0.04
  44   69 0.69
   0    0 0.12
 102  102 0.74
  49  140 0.25
  38  138 0.93
  47  121 0.27
  76   93 0.55
  40  103 0.56
   0   17 0.07
  77  111 0.67
  95  128 0.27
 114  214 0.33
  61   75 0.19
 106  205 0.97
  34   72 0.12
  11   69 0.96
  77  157 0.43
  65  136 0.93
  57  163 0.68
  97  154 0.91
   7   55 0.60
  27   51 0.78
  64  101 0.89
   7  100 0.47
  83  197 0.69
 104  213 0.12
  89  187 0.22
  71   97 0.36
  98  171 0.20
   2   44 0.85
  32   44 0.80
   8   25 0.90
   0   17 0.49
  63  148 0.68
  18  114 0.59

