4 25 8
12   16  20   2  10   2  16  10  10  16   4  10  10

  31   34 0.18
  59   72 0.73
   3   10 0.85
  42   51 0.69
  63   79 0.64
  29   30 0.20
  12   24 0.18
  63   81 0.96
  49   49 0.13
  52   59 0.33
  70   90 0.96
  44   46 0.50
  52   71 0.85
  65   88 0.33
  63   86 0.51
  38   42 0.44
  11   17 0.46
  12   31 0.95
  12   19 0.66
  44   55 0.49
  67   78 0.88
  20   34 0.48
  67   68 0.72
  24   29 0.85
  16   16 0.72

  33   46 0.70
  63   63 0.67
  20   41 0.12
   1   20 0.08
  71   88 0.53
  31   46 0.35
  18   18 0.88
  16   19 0.86
   4    8 0.31
   1    7 0.70
  69   79 0.30
  10   11 0.03
  31   33 0.17
   6    7 0.05
  43   45 0.23
  53   69 0.05
   4   22 0.53
   9   14 0.45
  66   86 0.06
  59   69 0.58
  50   64 0.69
  29   49 0.36
  12   34 0.68
  36   57 0.40
  12   35 0.32

  34   35 0.94
   2   23 0.51
  58   71 0.47
   4   25 0.48
   9   16 0.72
  22   23 0.43
   7   18 0.93
  45   50 0.52
  58   72 0.66
  31   53 0.15
  15   28 0.16
  21   33 0.31
  29   52 0.72
  18   23 0.91
  31   38 0.91
  69   72 0.93
   8   18 0.54
  44   62 0.06
  30   32 0.46
   0    4 0.77
  57   70 0.44
  64   71 0.06
  31   42 0.40
  22   35 0.95
  23   30 0.69

  52   70 0.49
  48   62 0.63
  30   40 0.83
  16   28 0.30
  24   27 0.15
  63   83 0.51
  61   61 0.22
  60   71 0.26
  70   71 0.26
  10   20 0.77
  23   46 0.83
  65   71 0.96
  13   27 0.58
  33   52 0.89
  21   21 0.77
  36   54 0.49
  11   19 0.25
  49   57 0.34
  64   72 0.99
  57   64 0.02
  66   83 0.61
  45   59 0.50
  18   22 0.72
  71   87 0.72
  47   56 0.12

  42   59 0.42
  64   70 0.97
  27   41 0.59
  32   34 0.10
  29   44 0.43
   8   22 0.92
  44   46 0.12
  56   69 0.93
   1   24 0.41
  29   34 0.26
   2   19 0.90
  23   27 0.14
  46   48 0.55
  29   51 0.56
  54   66 0.59
  67   83 0.64
  14   31 0.64
  19   33 0.06
   9   17 0.75
  27   31 0.38
   2   11 0.25
  72   78 0.76
  63   65 0.34
  71   89 0.81
  11   31 0.58

  41   64 0.84
  62   77 0.38
  19   40 0.94
  67   85 0.30
  32   38 0.08
  71   73 0.15
  31   37 0.67
  32   47 0.06
  42   49 0.20
  67   89 0.85
  63   66 0.56
  37   42 0.89
  44   59 0.39
  39   53 0.09
  14   27 0.26
  36   40 0.74
  64   85 0.03
  42   61 0.80
  42   51 0.55
  55   55 0.13
  54   71 0.94
  72   77 0.81
  14   16 0.20
  23   35 0.23
  18   27 0.84

   4   24 0.14
  50   71 0.51
  11   16 0.20
  56   56 0.77
  64   81 0.42
  34   47 0.20
  22   39 0.17
  26   33 0.63
  42   65 0.68
  60   76 0.38
  52   61 0.83
  52   60 0.12
  12   27 0.02
  66   68 0.05
  51   71 0.90
  20   21 0.39
  32   37 0.67
  60   77 0.54
  30   35 0.43
  51   66 0.69
  49   69 0.62
  43   52 0.06
   2    9 0.77
  44   64 0.62
  21   21 0.48

  17   18 0.52
  36   42 0.04
  23   33 0.30
  53   58 0.44
  12   26 0.30
  60   61 0.78
  55   63 0.70
  24   35 0.02
  46   60 0.17
  46   53 0.82
  23   43 0.13
  48   68 0.84
   7    7 0.23
  68   91 0.83
  37   47 0.59
  56   72 0.60
  24   35 0.01
  16   36 0.50
  49   69 0.24
   2   18 0.18
   1   21 0.61
  27   50 0.18
  55   74 0.98
  27   44 0.97
  55   75 0.74

  11   17 0.83
  66   88 0.73
  70   73 0.29
  54   56 0.70
  15   29 0.02
  23   31 0.06
  21   31 0.82
  24   29 0.40
  37   49 0.28
  12   35 0.86
  13   17 0.64
  59   79 0.34
   9   26 0.18
  27   37 0.95
  31   50 0.32
  45   63 0.84
  69   76 0.35
  17   28 0.76
  70   83 0.70
  40   44 0.46
  46   51 0.90
  18   32 0.17
  71   72 0.26
  26   39 0.51
  70   73 0.26

  59   76 0.85
  51   55 0.39
  48   69 0.47
  24   26 0.83
  51   56 0.52
  23   27 0.11
  68   82 0.39
  34   44 0.15
  50   61 0.48
  42   62 0.31
   8   31 0.58
  62   72 0.74
  66   77 0.16
  38   46 0.49
  59   63 0.46
  26   44 0.06
   2   19 0.18
  19   21 0.44
  45   67 0.12
  52   56 0.38
   9   10 0.44
  45   52 0.15
   7   14 0.24
  61   65 0.92
  23   45 0.25

  46   57 0.66
  53   54 0.85
  37   42 0.80
   9   14 0.93
  55   58 0.21
  19   27 0.08
  16   29 0.55
  17   32 0.67
  23   42 0.37
  46   51 0.15
  36   39 0.80
  68   91 0.42
  16   37 0.56
  63   83 0.00
  33   48 0.95
  49   49 0.86
  13   18 0.52
  34   51 0.54
  63   65 0.84
  21   41 0.55
  53   64 0.63
  50   65 0.56
   0   23 0.09
  26   43 0.15
  51   59 0.89

   1   10 0.56
   4   22 0.34
  56   60 0.12
   7   11 0.02
   5   10 0.98
  55   70 0.84
  32   43 0.21
  58   64 0.05
   4   10 0.77
   6   11 0.64
  57   79 0.58
  67   79 0.82
  22   31 0.20
  52   72 0.70
  60   74 0.41
  64   69 0.12
  48   51 0.89
  60   79 0.42
  40   49 0.23
  13   34 0.90
  47   56 0.63
  55   61 0.30
  37   41 0.10
  24   24 0.71
   4   19 0.15

