4 50 4
6    2  10  10  16  16   4

  48  121 0.18
  57   70 0.49
  51  136 0.97
   7  113 0.37
  15  114 0.73
   3   27 0.79
  23  150 0.55
  32  111 0.43
  47  174 0.49
  62   79 0.58
  74  101 0.77
   4   11 0.43
  36  158 0.14
  81   81 0.57
  63  103 0.41
  40   49 0.10
  62  136 0.04
  34  115 0.14
  46  146 0.62
  61  120 0.98
  65  117 0.08
  21  150 0.82
  88  116 0.92
   5   21 0.35
  72  206 0.85
  82  190 0.73
   5   71 0.37
  46   70 0.85
  42  169 0.98
  12   63 0.44
   4  116 0.93
  47   52 0.43
  14   83 0.94
  68   90 0.41
   7   61 0.40
   1  123 0.75
  60  171 0.73
  12   37 0.71
  34  152 0.73
  24   79 0.05
  89  212 0.37
  71  204 0.95
  77  133 0.74
  16   61 0.64
  89  109 0.96
   3  102 0.50
  63   97 0.13
  35  112 0.83
  87  183 0.52
  42  170 0.13

  41  105 0.69
  76  103 0.89
  18   36 0.07
  39  155 0.41
  55  110 0.10
  79   83 0.12
   0   27 0.72
   6   63 0.79
  75  163 0.85
  88  112 0.19
   3   51 0.74
   4   74 0.79
  51   90 0.69
  67  151 0.38
  39  135 0.12
  23   80 0.16
  21   28 0.29
  69  115 0.89
  10  129 0.13
  14   53 0.16
  67   98 0.93
  82  211 0.88
  67  185 0.53
  84  141 0.76
  45  104 0.12
  13   97 0.61
  46  147 0.75
  46   96 0.86
  35   57 0.06
   7   16 0.02
  88  168 0.54
  36  126 0.98
  59   66 0.67
  11   12 0.37
  60  106 0.22
  41   80 0.98
  32   99 0.94
  16   44 0.94
  39  159 0.03
  22   55 0.25
  20   44 0.95
  56   58 0.57
  74  170 0.96
  25  140 0.02
  25   83 0.56
  34  154 0.07
  78  181 0.08
   3   21 0.84
  48   64 0.74
  37  101 0.29

  34   96 0.29
  38  151 0.94
  73  186 0.72
  43  115 0.70
  18   60 0.81
  41   68 0.37
  25   95 0.95
  83  179 0.53
  14   18 0.10
   4    8 0.85
  76  208 0.38
  71  161 0.76
   0  100 0.53
  10  111 0.72
  47  114 0.24
  54  176 0.15
  34   79 0.69
  89  114 0.31
  32   73 0.05
  62  167 0.96
  14   65 0.17
  29   83 0.87
  62  113 0.14
  25   53 0.29
  28   93 0.84
  66   93 0.47
   2   52 0.96
  53  118 0.79
   7   39 0.96
  30  108 0.75
  53   92 0.41
  63   88 0.58
  26   57 0.86
  82   94 0.12
  63  184 0.68
  32  104 0.01
  53   66 0.52
  14   61 0.61
  46   56 0.47
  13   46 0.16
  83   95 0.83
  38  104 0.35
  50   86 0.35
  27  148 0.84
  78  179 0.73
   7   12 0.84
  40  113 0.72
  39  172 0.14
  73  116 0.34
   2   22 0.09

  70   84 0.05
  47  122 0.98
  66   91 0.07
   6  119 0.20
  50   71 0.45
   5    5 0.53
   6   68 0.28
  38  152 0.51
  30  147 0.00
  72  197 0.81
  49  100 0.15
  60  179 0.55
  35  157 0.56
  57  142 0.61
  31  117 0.84
  73  142 0.40
  71  101 0.55
  41  144 0.29
   0   82 0.86
  28  152 0.10
  50  170 0.88
  55   85 0.43
  64  119 0.82
   6   41 0.79
  21   91 0.32
  82   95 0.38
  48  130 0.56
   3   53 0.94
  44  145 0.96
  50  157 0.46
  74   83 0.95
  87  119 0.00
  78  188 0.36
   7   67 0.88
  74  207 0.81
  88  123 0.57
   4   89 0.54
  41   97 0.68
  30  130 0.77
  87  145 0.38
  86  104 0.55
  77   87 0.81
  50  114 0.75
   5   28 0.09
  21   47 0.30
  49  109 0.76
  28  158 0.18
  81  149 0.40
  75  186 0.07
  76   89 0.76

  57  114 0.13
  40  149 0.54
  33   61 0.58
  41  111 0.49
  25   96 0.24
  62  155 0.62
  24  137 0.69
  87  198 0.22
  56  128 0.92
  13   74 0.38
  77  166 0.02
  71   97 0.75
  35  125 0.32
  72   95 0.96
  38  108 0.12
  44  144 0.55
  76   78 0.62
  65  165 0.78
   2   59 0.92
  37   61 0.63
  26  104 0.82
  21  133 0.31
   0   62 0.91
  84  174 0.80
  19   49 0.08
  68  124 0.96
   4   43 0.35
  25  122 0.29
  34  121 0.53
   1   15 0.37
  69  150 0.10
  17   31 0.00
  18   31 0.78
  33  132 0.46
  84  165 0.89
  37  156 0.66
  13  127 0.61
  35   55 0.52
   3   73 0.94
  46   93 0.93
  80  211 0.17
  85  157 0.67
  38   51 0.95
  66  155 0.86
  47  154 0.26
  56  174 0.88
  21  111 0.19
  66  104 0.90
  14   30 0.86
  44  156 0.03

  39  111 0.02
  33   79 0.81
  87  156 0.92
  45   95 0.48
   2   80 0.75
  65  107 0.17
  59   92 0.96
  53  172 0.54
  70  102 0.34
  83  163 0.64
  89  110 0.48
  57  169 0.19
  38   49 0.87
  28  145 0.60
  41   55 0.48
  44  165 0.45
  21   38 0.70
  41   97 0.14
  83   91 0.40
  62   78 0.13
  65  130 0.63
  74  173 0.38
  63  139 0.88
  23   43 0.07
   4   97 0.64
  21  132 0.82
  78  210 0.89
  85  208 0.93
   3  121 0.20
  47  164 0.90
  88  146 0.42
  60   86 0.36
  23  104 0.54
  67   72 0.86
  36  164 0.26
  47  114 0.67
  86  203 0.51
  15  147 0.32
  69  198 0.32
  44   95 0.33
  15   36 0.81
   0   85 0.44
  19   91 0.68
  42  158 0.98
  20  115 0.01
  58  180 0.21
  24  145 0.64
  47   65 0.61
  80  164 0.47
  73   83 0.02

