5 50 8
6    4  10   2   4  10   2

   3    8 0.56
   5   12 0.01
   2    5 0.65
   9   14 0.39
   5    6 0.46
   4    4 0.06
   9   18 0.98
   1    8 0.27
   4   12 0.12
   8   12 0.59
   8   13 0.70
   6   10 0.50
   0    3 0.51
   9   16 0.58
   4    8 0.62
   1    5 0.68
   1    2 0.47
   8   15 0.07
   8   10 0.98
   3    3 0.17
   8   11 0.06
   1    5 0.03
   7    8 0.37
   5    9 0.22
   6   10 0.12
   4    4 0.56
   1    5 0.48
   4   12 0.81
   2    6 0.99
   8   13 0.52
   7   11 0.57
   8   13 0.12
   1    5 0.73
   1    2 0.46
   2    5 0.82
   2    5 0.62
   3    8 0.54
   4    8 0.06
   3    3 0.30
   0    5 0.44
   2   10 0.70
   6    9 0.31
   1    4 0.71
   8   16 0.28
   5   10 0.11
   4    6 0.94
   0    4 0.21
   3    8 0.87
   6   13 0.51
   5   12 0.09

   7   10 0.15
   7   10 0.40
   5    6 0.33
   6   13 0.89
   4    5 0.59
   3    4 0.82
   7   13 0.57
   5   13 0.52
   2   11 0.39
   7    9 0.03
   0    6 0.48
   5   12 0.14
   1   10 0.46
   6    8 0.40
   4   11 0.37
   3    3 0.30
   8   14 0.12
   2    5 0.99
   1    1 0.41
   4    4 0.96
   2    8 0.89
   2    7 0.83
   0    8 0.66
   2   11 0.81
   3    7 0.99
   7   12 0.08
   5   14 0.51
   1    1 0.07
   0    2 0.74
   7   15 0.58
   5   14 0.86
   1    5 0.06
   7    7 0.36
   2    3 0.18
   6   13 0.98
   5   13 0.14
   4    5 0.82
   0    5 0.11
   2    4 0.14
   8    9 0.74
   5    6 0.13
   6   11 0.54
   0    7 0.98
   1    2 0.72
   9   16 0.17
   3    7 0.85
   4   12 0.69
   8   12 0.11
   9   10 0.70
   7    8 0.64

   2    4 0.83
   3    9 0.02
   4    8 0.25
   8   13 0.93
   1    5 0.12
   9   14 0.25
   6   13 0.70
   5    8 0.16
   6   11 0.44
   7   16 0.41
   2    2 0.09
   5   12 0.38
   4    7 0.64
   1    4 0.91
   3   12 0.22
   6   15 0.76
   4   13 0.74
   7   12 0.46
   0    7 0.40
   7    9 0.43
   4    4 0.37
   4   13 0.62
   6   13 0.15
   1    3 0.22
   7   12 0.32
   3    6 0.32
   5    6 0.94
   3    9 0.02
   7    8 0.40
   7   13 0.51
   8   13 0.94
   9   16 0.56
   1   10 0.51
   8   10 0.74
   3    7 0.56
   4    5 0.88
   0    2 0.71
   0    6 0.95
   5    7 0.92
   1    8 0.70
   8   11 0.90
   8   12 0.00
   6   10 0.19
   4    4 0.47
   5   14 0.15
   2    6 0.36
   8   15 0.90
   3    5 0.21
   8   13 0.33
   5   13 0.48

   8    9 0.75
   2    9 0.17
   7    8 0.30
   9   11 0.72
   4    8 0.11
   2    7 0.51
   9   15 0.03
   3    4 0.28
   5    7 0.42
   9   13 0.15
   6   12 0.03
   1    8 0.27
   9   10 0.79
   0    1 0.92
   0    3 0.18
   9   17 0.89
   3   10 0.12
   9   15 0.63
   0    2 0.51
   3    4 0.99
   4    6 0.93
   9    9 0.05
   5    9 0.56
   1    1 0.47
   1    6 0.70
   4    8 0.79
   4    7 0.80
   7   13 0.21
   2    3 0.78
   6    6 0.81
   0    2 0.82
   0    7 0.18
   4   13 0.33
   4    9 0.69
   9   12 0.44
   8   10 0.31
   9   10 0.63
   0    2 0.70
   3   11 0.63
   9   15 0.57
   8   17 0.31
   1    7 0.21
   4   13 0.25
   4    9 0.58
   4    5 0.45
   7   15 0.43
   5    6 0.87
   7   11 0.23
   6    7 0.95
   7   12 0.71

   9    9 0.13
   2   10 0.56
   5    9 0.97
   7   13 0.10
   8   11 0.11
   8   14 0.43
   6   10 0.39
   5   11 0.96
   0    2 0.54
   7   15 0.73
   5   11 0.88
   4    5 0.69
   7   10 0.21
   9   13 0.06
   5   13 0.08
   4   11 0.80
   3    7 0.80
   0    1 0.16
   3    4 0.86
   5    7 0.94
   4   10 0.27
   8   10 0.74
   7   10 0.06
   0    5 0.83
   3    8 0.24
   7   12 0.14
   0    8 0.69
   7   14 0.01
   1   10 0.31
   6    8 0.75
   0    1 0.83
   6   14 0.74
   9   15 0.33
   6   13 0.99
   1    8 0.80
   1    4 0.60
   6    8 0.18
   8   14 0.44
   8   13 0.75
   1    9 0.33
   1    9 0.74
   1    9 0.66
   0    9 0.39
   1    1 0.88
   5   11 0.92
   0    8 0.29
   8   15 0.95
   6   15 0.25
   6   14 0.54
   2    9 0.83

   5    8 0.19
   3    6 0.24
   2    6 0.75
   0    9 0.01
   6   11 0.24
   5   10 0.01
   2   10 0.97
   9   16 0.37
   3    9 0.49
   6   14 0.75
   5    9 0.50
   2    4 0.11
   1    3 0.91
   4   13 0.71
   9   11 0.66
   7   16 0.36
   6   10 0.78
   3   12 0.15
   8   10 0.42
   2    2 0.98
   1    8 0.68
   4    4 0.91
   9    9 0.03
   2    9 0.14
   3   10 0.78
   6   11 0.90
   1    3 0.24
   6    8 0.99
   8   17 0.30
   6   10 0.88
   1    9 0.65
   9   17 0.60
   4    9 0.96
   4   13 0.15
   6   11 0.57
   4    4 0.16
   5    9 0.39
   4   10 0.80
   0    4 0.62
   7   13 0.16
   3    8 0.78
   9   12 0.64
   9   14 0.11
   8   13 0.89
   5    6 0.10
   3    3 0.63
   2    6 0.21
   6    7 0.55
   0    4 0.19
   7   15 0.23

