5 60 8
3   16  10  20

   1   17 0.67
   5   38 0.17
  11   44 0.35
  14   20 0.44
  12   37 0.59
  10   20 0.71
   4   14 0.58
   5   25 0.82
   2   28 0.31
  16   38 0.90
  10   20 0.47
  13   21 0.05
   8   20 0.34
  11   12 0.05
  14   20 0.58
  13   20 0.16
   4   36 0.84
  11   30 0.15
   0   12 0.40
   7   24 0.67
  12   33 0.73
   9    9 0.88
   3    5 0.19
   6    9 0.67
  11   12 0.15
  15   47 0.21
  15   38 0.12
   1   18 0.55
   3   29 0.54
  15   28 0.27
   9   16 0.40
   5   10 0.82
   5   23 0.39
  11   14 0.04
  15   15 0.60
  13   19 0.63
   8   24 0.71
   2   13 0.94
  13   21 0.96
  15   43 0.55
  16   43 0.01
   0    7 0.22
   6   11 0.56
   5   15 0.27
   0   18 0.90
  16   43 0.55
  13   15 0.60
   3   20 0.42
  13   21 0.04
  15   24 0.19
   8   14 0.50
  10   16 0.92
   8   24 0.89
  14   46 0.06
   0   28 0.13
  15   38 0.67
  12   17 0.00
  14   42 0.43
  14   17 0.57
  11   29 0.81

   9   32 0.32
   8   38 0.95
   6   17 0.61
  14   18 0.75
  12   31 0.17
   9   12 0.60
  14   34 0.60
  11   23 0.28
   0    3 0.44
   2   34 0.69
   3   32 0.99
   9   16 0.17
   8   33 0.71
   8   29 0.31
   1    9 0.86
  15   34 0.32
   3    9 0.05
  16   26 0.35
  14   43 0.90
  13   35 0.71
   4   12 0.53
  14   16 0.13
   8   31 0.02
   7   13 0.50
  13   23 0.45
   0   21 0.29
  13   46 0.53
   2   19 0.76
   2   32 0.65
   8   16 0.05
  16   21 0.83
   0    0 0.46
  16   21 0.05
  10   25 0.30
   7   34 0.02
   5   15 0.49
   8   15 0.28
   9   36 0.98
  11   11 0.27
   7   38 0.02
  15   16 0.22
  15   27 0.94
   1   21 0.89
  15   44 0.51
   3   18 0.21
   5   32 0.51
   9   12 0.22
  13   14 0.28
   4   21 0.42
  15   35 0.87
  10   31 0.00
   8   31 0.81
  11   16 0.68
  14   42 0.65
  10   43 0.54
  15   30 0.70
   4   17 0.02
  14   21 0.49
  16   40 0.99
   2   11 0.45

   8   41 0.77
   7   27 0.78
   8   25 0.54
   5    5 0.71
   5    7 0.37
   4   17 0.52
   9   11 0.71
  14   15 0.06
   5   29 0.17
   0    8 0.74
   1   18 0.45
   9   31 0.09
   8   11 0.80
   3   18 0.19
   9   15 0.29
  13   21 0.09
  12   22 0.42
  13   44 0.31
  12   13 0.74
  10   27 0.47
  13   15 0.98
   9   21 0.05
   0    3 0.54
  10   12 0.90
  10   13 0.69
   4   25 0.87
  16   43 0.48
   3   30 0.63
   3   25 0.19
   3   12 0.82
  12   18 0.83
   0   33 0.62
   0   14 0.57
  11   29 0.51
  11   44 0.62
  12   32 0.27
   7   39 0.55
   0    7 0.73
   8   23 0.48
   5   34 0.45
  10   40 0.75
   2   12 0.88
   5   11 0.58
   3   32 0.54
  13   40 0.58
  15   28 0.93
  12   26 0.91
   5    5 0.48
  14   30 0.42
   1   29 0.59
   6   20 0.80
   2   12 0.70
   7   36 0.00
   3   22 0.18
  12   36 0.84
   3    6 0.18
  13   39 0.51
   4   15 0.35
   4   25 0.58
   7   14 0.97

