5 40 4
6    4  10  16  10   2   4

   0   13 0.85
   3   33 0.69
  15   23 0.03
   2   20 0.91
   0    5 0.62
  16   32 0.22
   2   17 0.09
   7   30 0.47
  13   36 0.14
  16   35 0.03
   0   40 0.45
   6   40 0.55
  18   32 0.02
  16   43 0.89
   0   14 0.98
   9   20 0.71
   4   25 0.50
   8   12 0.88
  17   40 0.99
  11   52 0.51
  16   44 0.76
   6   45 0.71
  12   35 0.21
  21   43 0.60
   3   26 0.25
   2   37 0.60
  17   51 0.95
   8   29 0.84
  19   24 0.29
  18   25 0.97
   1   39 0.65
  12   38 0.15
   5   37 0.45
   2   30 0.87
  17   26 0.92
  16   21 0.02
  18   45 0.25
  19   54 0.32
  20   56 0.85
   4   19 0.92

   2    2 0.84
  22   27 0.07
   6   41 0.76
  18   35 0.46
   3   23 0.56
  21   38 0.87
   8    8 0.40
   8   33 0.31
  22   53 0.69
   2   19 0.40
  16   59 0.84
   3   11 0.16
   9   51 0.17
   0    1 0.06
  15   27 0.84
   8   34 0.25
   9   28 0.40
   9   30 0.22
   6   13 0.97
   1    8 0.48
   8   20 0.01
  20   40 0.38
  14   42 0.84
  14   31 0.10
   9   16 0.96
  21   58 0.39
  22   28 0.22
  18   63 0.76
  19   46 0.02
  18   44 0.49
  21   39 0.44
   9   35 0.86
  15   36 0.38
  21   65 0.60
  18   54 0.46
   4   18 0.58
   2   23 0.74
   9   43 0.17
  20   24 0.38
   6    8 0.71

   8   36 0.82
  10   30 0.55
  17   47 0.41
  11   39 0.36
  17   37 0.83
  19   52 0.02
  17   52 0.34
  13   27 0.39
  13   30 0.23
   0   37 0.48
  12   44 0.68
  21   44 0.89
  19   61 0.27
  20   39 0.99
   8   24 0.85
   7   40 0.41
   3   29 0.38
  21   37 0.46
   5   35 0.92
   9   12 0.79
  18   18 0.48
   2    8 0.04
   5   31 0.03
   6   28 0.66
  21   34 0.09
  15   58 0.01
   2   42 0.62
   9   15 0.30
   2   17 0.12
  14   48 0.19
  10   50 0.54
  20   33 0.82
   9   47 0.58
   2   32 0.64
  19   22 0.54
  10   16 0.98
  21   32 0.07
   9   17 0.81
   1   19 0.18
  13   48 0.94

  19   50 0.20
  20   30 0.11
   4   16 0.86
   2   37 0.19
   6   41 0.22
  17   28 0.60
  10   18 0.70
  13   55 0.10
   2    9 0.02
   4   18 0.56
   0   29 0.38
  10   50 0.21
   4    8 0.00
  22   39 0.72
  15   47 0.36
  15   34 0.83
  12   36 0.57
   7   50 0.00
   5    9 0.67
  12   55 0.74
   5   31 0.37
  20   45 0.76
   1   12 0.39
  13   22 0.12
   7   44 0.93
   9   29 0.65
  11   16 0.51
   5   35 0.62
  10   47 0.33
  18   58 0.77
  21   61 0.38
   8   47 0.07
  19   24 0.41
  14   35 0.74
   6   29 0.98
   5   30 0.80
  19   34 0.47
   8   30 0.44
   0   36 0.37
  10   36 0.07

   4   18 0.21
   0   15 0.77
  17   19 0.08
  21   64 0.78
  19   46 0.46
  17   45 0.79
   8   47 0.41
  15   33 0.13
  21   43 0.09
  15   39 0.83
  21   40 0.47
  20   36 0.39
  21   65 0.05
  17   56 0.86
  17   56 0.33
   3    8 0.61
  14   27 0.86
  17   52 0.80
  19   44 0.64
   3   43 0.88
   9   45 0.88
  12   44 0.99
   2   16 0.57
  15   49 0.77
  14   37 0.94
   5   16 0.63
  13   57 0.59
  21   30 0.94
  11   50 0.81
  11   37 0.52
   1    4 0.72
  19   21 0.43
   9   30 0.26
  11   16 0.12
  22   57 0.22
  11   54 0.97
   1   14 0.21
   0   15 0.55
   9   44 0.40
  16   22 0.17

  22   56 0.58
  11   38 0.39
   1   30 0.61
  21   34 0.44
  10   19 0.49
   5   26 0.87
   8   24 0.36
  21   56 0.82
   7   19 0.65
  12   25 0.26
  22   38 0.01
   8   29 0.09
   4   26 0.17
  15   34 0.39
  12   18 0.55
   5   22 0.57
   9   17 0.92
   6   46 0.32
  16   16 0.99
  13   16 0.76
   4   35 0.82
  12   45 0.33
  15   20 0.21
  13   17 0.14
  22   47 0.78
   1   30 0.63
  10   19 0.08
  14   33 0.26
  22   28 0.73
   9   16 0.80
   4   46 0.47
  15   35 0.74
   7   11 0.27
  15   41 0.55
   5   36 0.77
  21   57 0.10
   0   14 0.57
  13   13 0.32
  22   22 0.04
  20   63 0.46

