4 20 8
12    2  16  16  10  10  10  10  10  10  10   4  10

  19   49 0.43
   8   25 0.94
  14   43 0.36
  35   49 0.21
  32   34 0.75
  17   35 0.92
  11   17 0.58
  14   30 0.07
   3   56 0.33
  23   24 0.13
  34   77 0.95
   6   43 0.18
  16   27 0.60
  30   37 0.91
  22   27 0.85
  21   50 0.30
  15   58 0.65
  21   37 0.41
  31   83 0.89
  13   22 0.20

   2   34 0.11
  29   58 0.20
  12   60 0.56
  21   43 0.14
  27   31 0.56
   9   10 0.93
  24   46 0.97
  30   58 0.68
  13   17 0.73
   4   21 0.97
  27   32 0.07
  33   37 0.21
  29   67 0.50
  27   45 0.25
  26   63 0.77
  10   47 0.47
  10   27 0.54
  17   25 0.80
   9   19 0.56
  28   33 0.08

   0   26 0.04
  29   80 0.02
  11   53 0.38
  34   52 0.54
   6   28 0.58
   3   35 0.15
  11   45 0.33
   5   19 0.20
   3   37 0.89
   6   56 0.19
   1   14 0.27
   4   34 0.65
  11   41 0.50
   0   30 0.47
   7   26 0.27
  21   44 0.26
   6    8 0.92
  35   88 0.00
  10   14 0.86
   9   50 0.95

   4   10 0.78
  15   53 0.23
  21   36 0.67
  18   40 0.70
  18   33 0.06
   8   35 0.80
  32   47 0.20
  30   44 0.50
  24   27 0.22
   2   45 0.28
   7    7 0.99
  35   36 0.69
  32   50 0.66
  18   26 0.25
  24   40 0.28
  13   53 0.22
  26   59 0.15
  35   51 0.44
  31   38 0.99
  24   56 0.22

   4   52 0.31
  33   54 0.01
  17   39 0.29
  24   44 0.25
  24   48 0.17
   1   16 0.53
   7   55 0.26
  17   22 0.55
  31   63 0.35
  34   68 0.93
  16   48 0.58
  35   53 0.50
  29   63 0.57
   2    2 0.49
   0   22 0.37
   5    8 0.34
   8   35 0.99
  32   42 0.68
   3   27 0.51
  20   58 0.64

  17   63 0.66
  29   52 0.95
  14   36 0.33
  27   42 0.04
   1    7 0.48
  20   39 0.43
  17   25 0.64
   8   28 0.50
  14   54 0.14
   7   44 0.30
   1    6 0.23
  14   16 0.14
  32   42 0.34
  35   62 0.45
  30   72 0.47
  13   41 0.99
  31   66 0.01
   8   40 0.23
  35   81 0.73
  22   39 0.57

  23   73 0.89
  25   33 0.33
   9   61 0.89
   1   20 0.81
   7   47 0.78
   9   34 0.02
  22   37 0.21
  11   35 0.53
   9   31 0.02
   6   22 0.97
  24   77 0.51
  32   74 0.24
  29   37 0.75
  13   60 0.57
  26   67 0.15
  19   44 0.44
   0    3 0.96
  31   57 0.19
  13   52 0.07
  19   52 0.38

  20   61 0.07
  34   75 0.07
   5   50 0.65
  35   41 0.34
   1   49 0.34
  15   18 0.72
  29   36 0.63
   9    9 0.95
  22   53 0.56
  15   65 0.24
   4   29 0.64
  20   64 0.48
  12   21 0.14
  16   58 0.84
   2   11 0.22
  35   36 0.76
  22   65 0.14
  22   67 0.88
   3   39 0.94
  12   57 0.28

   3   25 0.10
  26   75 0.38
  31   76 0.32
   9   28 0.74
   8   38 0.76
  26   35 0.39
   6   34 0.48
  17   21 0.48
   1   10 0.16
  21   31 0.14
  20   68 0.45
  30   64 0.62
   6   39 0.51
  32   60 0.56
  28   73 0.92
  26   49 0.09
   1   45 0.84
  14   35 0.77
   1   14 0.83
   7   36 0.61

   3   23 0.48
  16   23 0.37
  30   70 0.07
  35   70 0.28
  35   86 0.91
  16   48 0.69
  23   58 0.59
   4   12 0.31
   2   26 0.03
  31   37 0.31
  19   64 0.82
   0   41 0.13
  16   61 0.67
   9   32 0.32
  11   43 0.98
  24   62 0.66
  26   57 0.29
  12   17 0.13
  15   60 0.46
   3   50 0.02

  29   67 0.96
  12   27 0.20
  20   65 0.94
   0   28 0.39
  10   17 0.37
  34   49 0.44
  10   24 0.81
   4    6 0.23
  22   51 0.55
   6   18 0.10
   7   56 0.44
  30   65 0.17
  32   82 0.05
  22   42 0.94
  24   51 0.21
  27   31 0.29
  29   71 0.83
  12   30 0.49
   3   49 0.62
  22   25 0.83

  15   21 0.91
  31   74 0.04
   5   16 0.19
  19   19 0.89
  34   59 0.42
   9   35 0.50
  17   19 0.85
  26   38 0.60
  19   22 0.02
  12   25 0.70
  24   48 0.99
  30   53 0.45
  14   51 0.11
  11   20 0.28
  18   42 0.65
   7   39 0.23
  34   71 0.61
  35   41 0.81
   6    6 0.93
  29   44 0.83

