3 25 4
12   10  16  16   2   2  16  10  10   2  16   2   4

  20   29 0.17
  49  132 0.96
  33   81 0.91
  33   59 0.50
  16  103 0.35
  16  117 0.73
  33   36 0.44
  47   72 0.84
  46   77 0.49
  35  141 0.61
  23   43 0.61
  50  149 0.09
   6   70 0.99
  41  140 0.90
  19   78 0.65
  29   42 0.44
  50   71 0.58
  18   72 0.42
  27   33 0.77
  26   33 0.17
  52  101 0.48
  31  116 0.65
  22  102 0.86
   7   80 0.90
  27  135 0.80

  50   65 0.48
  46  139 0.18
  36   36 0.27
  35  124 0.12
   9   16 0.44
   6   54 0.43
   4   25 0.96
   8   20 0.75
  37   73 0.31
   6  107 0.84
  42   65 0.68
   3   37 0.83
  26   51 0.45
  30   66 0.90
   6   99 0.60
  32  104 0.24
  12   67 0.10
  18   87 0.15
  35   41 0.13
  18   53 0.53
  52   61 0.42
  45  131 0.93
   4   76 0.39
  12   70 0.43
   0    8 0.12

  12   89 0.26
   2   58 0.15
  38  129 0.71
  51  130 0.40
  15   75 0.41
  46  100 0.78
  28  122 0.75
   9   76 0.55
  50   52 0.99
  15  106 0.66
   3  100 0.05
  45  114 0.45
   3    9 0.67
  39  142 0.01
  15   78 0.00
  48  138 0.66
  12   87 0.03
  30   46 0.84
  44  138 0.51
  34  105 0.04
   9   15 0.21
  25   73 0.66
  27   93 0.70
   6   50 0.37
  22   42 0.41

  43  118 0.69
  39   41 0.98
   5  112 0.95
  33   41 0.43
  47   92 0.48
  45   93 0.61
  41  150 0.31
  53  128 0.00
   6   35 0.14
  45   76 0.22
   4   64 0.90
  53   89 0.32
  20  110 0.87
  21   89 0.94
   3   81 0.25
  36   64 0.51
  13   18 0.53
   0   24 0.03
  17   18 0.76
  19   39 0.45
  26  100 0.25
  39   54 0.77
   0   82 0.46
  43  107 0.66
  12   74 0.30

  19   86 0.95
  32   61 0.79
   5   64 0.51
   7   79 0.80
   3   61 0.83
  36   94 0.39
   4  106 0.37
  28   78 0.37
  19   80 0.17
  38   50 0.33
  33   56 0.95
  34  101 0.85
  34   50 0.56
  44   68 0.22
  19   40 0.46
  11   34 0.80
  18  114 0.53
  34   79 0.64
  40   81 0.11
  15   63 0.05
  24   56 0.40
  20   23 0.21
  28   43 0.22
  46  105 0.68
  10   75 0.45

  36  120 0.29
  37   74 0.41
   5   34 0.40
  36   74 0.80
  44  138 0.11
  44  144 0.91
  41   93 0.74
  35   90 0.35
  11   57 0.10
  25   50 0.69
  46   78 0.72
  46   65 0.16
  11   30 0.75
   9  100 0.64
  36   42 0.53
  16  108 0.62
  22  125 0.89
  26   95 0.37
  14   21 0.52
  22   96 0.96
  54   91 0.10
  20  113 0.82
   6   86 0.20
  46  150 0.57
   9  101 0.97

  53  126 0.42
  42   43 0.48
  20   33 0.06
  14   74 0.04
  33  121 0.83
  45   90 0.67
  23  131 0.32
  30  117 0.75
  43  123 0.02
  11   49 0.14
  49  147 0.36
  24   55 0.68
  38  130 0.20
  25  118 0.96
  38   45 0.00
  51  131 0.56
   1   75 0.79
  20   95 0.65
  20   43 0.00
  29   33 0.42
  41   60 0.42
  48  140 0.58
  45   55 0.90
  18   71 0.47
  48   49 0.04

   7   57 0.11
   5   47 0.01
  18  121 0.19
  54   55 0.78
  34   61 0.50
  29  106 0.29
  15   82 0.38
  47  126 0.33
   0   86 0.84
  28   71 0.38
  35  111 0.33
  51  127 0.40
   9   66 0.79
   6   63 0.38
  28   43 0.74
  15  121 0.18
  44  128 0.67
   5   72 0.25
  52   81 0.21
  54  147 0.57
  22   62 0.80
  51  105 0.17
  19   35 0.22
  25   48 0.60
   7   38 0.42

  15   47 0.27
  20   37 0.32
  54  155 0.23
   4    9 0.34
  13   20 0.60
  49   67 0.02
  40  148 0.10
  36   77 0.45
  39   86 0.12
  36   39 0.68
  42   87 0.40
  18  109 0.58
   3   48 0.97
  27  123 0.50
  49  115 0.35
  42   52 0.78
  30   72 0.34
   4  100 0.37
   5   33 0.87
  40   79 0.74
  13   48 0.42
   3   41 0.31
  13   38 0.91
   2   81 0.15
  12   35 0.11

  17   67 0.12
   0  108 0.72
  25   99 0.18
  10   26 0.19
  17   17 0.31
  51  138 0.06
  29   43 0.45
  50   99 0.38
  12   69 0.36
  43  103 0.50
  22   76 0.06
   4   28 0.00
  46   91 0.71
  38   85 0.77
  52  145 0.98
  35   60 0.21
   9   10 0.13
  32   88 0.62
  31   82 0.41
  35  117 0.98
   1    4 0.14
  45   59 0.14
  27  121 0.12
  40   73 0.82
  37   49 0.03

   6   32 0.85
  30   76 0.61
   1   51 0.24
   8   17 0.34
  35   73 0.34
  53  111 0.95
   1   75 0.83
  12   16 0.06
  25  127 0.91
  38   41 0.42
  28   91 0.41
  43  139 0.88
  42  135 0.19
  29   41 0.69
  51  105 0.28
  13  121 0.10
  10   32 0.97
  35   58 0.71
  45  107 0.43
  42   80 0.50
  45  149 0.74
   2   29 0.66
  39   47 0.06
   3   60 0.07
   7   43 0.72

  13   13 0.01
  30   31 0.99
  21  125 0.58
  28   56 0.80
  11  107 0.63
  29  105 0.16
  11   71 0.92
  37  131 0.86
  53  150 0.61
  51   71 0.01
   0   66 0.86
  48  124 0.71
   2   21 0.65
   7   89 0.13
  52   59 0.10
  41  142 0.04
  26  106 0.28
  54   61 0.55
   2   69 0.80
  36   69 0.48
  44  145 0.38
   7   36 0.45
  31   61 0.16
  11   63 0.62
   1   97 0.99

