3 30 4
6   16  10  20   4   2  10

  17   54 0.26
  33   64 0.36
  54   80 0.70
  43   55 0.92
  21   21 0.56
  10   39 0.46
  68   69 0.49
  59   61 0.13
  23   33 0.96
  12   48 0.27
  43   54 0.06
  33   49 0.78
  58   77 0.13
  49   60 0.70
  27   62 0.75
  23   35 0.75
  70  103 0.81
  62   86 0.65
  33   48 0.88
  13   25 0.67
  22   40 0.23
  76   93 0.61
  50   71 0.47
   4   35 0.25
  32   57 0.80
  11   23 0.52
  32   49 0.35
  43   48 0.70
  65   71 0.88
  64   86 0.48

  43   65 0.71
   4   34 0.87
  17   41 0.10
  30   66 0.41
  63   69 0.69
  76   78 0.40
  32   44 0.46
  55   70 0.21
  45   63 0.79
  23   55 0.85
   5   39 0.54
  18   36 0.38
  76  108 0.34
   4   13 0.09
   3   25 0.79
  42   46 0.76
  53   88 0.94
  60   82 0.00
  49   67 0.41
   9   13 0.43
  61   79 0.76
  60   90 0.66
  76  111 0.00
  65   69 0.28
  48   67 0.61
  45   61 0.12
  34   66 0.21
  72  102 0.87
  24   41 0.95
   7   42 0.21

  62   64 0.56
  36   67 0.48
  63   95 0.17
  29   58 0.74
  48   73 0.12
   6   29 0.27
  65   85 0.12
  29   32 0.70
  44   56 0.96
  63   98 0.13
  13   46 0.31
  15   25 0.78
   9   27 0.19
  65   68 0.40
  40   67 0.51
  62   79 0.51
   2   31 0.75
  19   38 0.52
   5   30 0.08
  67   96 0.28
  42   71 0.18
  48   52 0.48
  66   89 0.95
  21   32 0.01
  23   33 0.46
   5   35 0.67
  61   71 0.17
  71  100 0.88
  16   38 0.93
   6   43 0.99

   9   27 0.23
  11   27 0.40
  14   37 0.51
  73  108 0.95
  60   94 0.23
  48   77 0.92
  40   44 0.46
  72  102 0.19
  73   89 0.98
  33   48 0.49
  18   44 0.39
  68   92 0.57
  65   68 0.38
   1   23 0.07
  30   56 0.28
  47   75 0.83
  64   75 0.17
  37   47 0.48
  14   48 0.54
   7   25 0.20
  38   70 0.79
  36   54 0.34
  68   86 0.41
  76  104 0.94
  48   67 0.42
  56   81 0.34
  58   58 0.76
  46   46 0.51
  71   82 0.80
  55   91 0.05

  38   65 0.57
  51   82 0.10
  75   95 0.29
  42   64 0.78
  17   44 0.92
  34   58 0.57
   8   38 0.32
   2   16 0.04
  39   45 0.47
  57   71 0.22
  21   58 0.14
  62   68 0.94
  44   49 0.07
  63   71 0.27
  32   65 0.98
  19   28 0.88
  38   51 0.29
  16   16 0.93
  19   42 0.17
  24   44 0.93
  14   48 0.36
  67   74 0.23
  29   37 0.74
   0    7 0.98
  47   66 0.81
  52   53 0.38
  74  103 0.99
   5   13 0.08
   7   18 0.03
  42   79 0.12

  54   72 0.88
  18   23 0.13
  10   23 0.16
  18   22 0.53
  65   98 0.72
  10   14 0.39
   8   42 0.32
  39   55 0.26
  35   46 0.02
  40   74 0.74
  52   77 0.29
  25   42 0.81
  50   69 0.46
  71   82 0.44
   6   16 0.95
   0   18 0.17
   0   23 0.57
  14   21 0.42
  72   85 0.85
  15   40 0.11
   6   12 0.57
  53   80 0.32
  30   52 0.36
  16   33 0.36
  37   70 0.33
  40   58 0.40
  39   46 0.95
  59   91 0.20
   6   36 0.79
  22   50 0.88

