5 80 8
3   16  20  10

  11   13 0.37
  19   54 0.27
   2   10 0.41
   5   18 0.37
   3   29 0.70
   2   15 0.90
   7   10 0.88
   3   24 0.33
   0   43 0.56
  14   29 0.26
   2    5 0.42
  11   52 0.52
  22   63 0.25
  17   17 0.64
   4   15 0.68
   4    6 0.82
  12   53 0.23
  11   50 0.43
  14   21 0.95
   8   21 0.36
  18   49 0.98
  21   33 0.76
   1    3 0.70
   3   39 0.46
   7   20 0.14
   3   21 0.81
   1   21 0.84
  16   48 0.33
  13   46 0.53
  10   53 0.55
  14   34 0.48
  21   25 0.92
  22   25 0.32
  15   38 0.76
  18   38 0.43
  15   34 0.74
   1   14 0.77
   2   16 0.50
   2   40 0.57
  20   62 0.04
   4   13 0.60
  18   34 0.49
  18   18 0.59
  11   18 0.97
   6   11 0.74
  11   44 0.38
  12   35 0.51
  15   15 0.50
  20   33 0.33
  22   39 0.93
  11   34 0.36
  11   18 0.80
  22   62 0.78
  18   27 0.76
   6   35 0.92
  10   16 0.75
   6   46 0.88
   2   14 0.04
   7   25 0.20
  10   27 0.56
  18   38 0.74
  21   23 0.04
   9   10 0.43
   0    5 0.45
   7   19 0.91
   7   35 0.40
   8   47 0.05
  14   20 0.07
   7   13 0.00
  17   49 0.56
  12   45 0.58
  16   38 0.05
  17   45 0.46
  17   20 0.65
  22   67 0.38
   5   34 0.68
   9   12 0.65
  18   49 0.83
  18   42 0.40
  11   20 0.23

  14   44 0.16
  14   49 0.77
  10   11 0.06
   8   32 0.76
  15   26 0.34
  12   51 0.65
   3   33 0.90
  17   52 0.22
   0   45 0.89
   3   19 0.35
   6   32 0.25
  18   37 0.69
  10   33 0.41
   0   21 0.47
   4   23 0.23
  22   23 0.99
  20   54 0.55
  13   17 0.50
  12   51 0.72
   6   28 0.68
  16   37 0.07
   9   49 0.22
   7   35 0.74
  11   15 0.72
   7   19 0.35
   2   25 0.05
  20   52 0.84
  17   26 0.53
   0   23 0.29
  22   65 0.51
  13   23 0.33
  12   47 0.92
   3   32 0.11
  22   32 0.30
  22   47 0.12
   2   34 0.43
  15   53 0.74
  17   55 0.67
  18   48 0.91
  18   29 0.56
  21   21 0.52
  21   56 0.58
  11   38 0.25
   7   34 0.35
  21   31 0.45
  20   48 0.98
   6   24 0.85
   3   38 0.65
  11   24 0.64
  17   37 0.49
  18   53 0.52
   3   40 0.00
   6   24 0.74
   2   45 0.21
  16   20 0.42
  13   39 0.71
  15   41 0.43
   7   15 0.41
  12   30 0.00
   9   47 0.90
  14   28 0.80
  20   31 0.15
  17   46 0.88
  18   20 0.89
   4   25 0.88
  14   55 0.02
   4   11 0.66
  18   25 0.86
  22   32 0.13
   2    7 0.01
  12   24 0.39
   9   11 0.08
  15   28 0.70
  22   27 0.33
  17   45 0.43
   3   23 0.30
   0    2 0.52
  14   38 0.24
   8   46 0.07
  16   22 0.56

   4   34 0.46
  20   20 0.19
  12   48 0.91
  13   26 0.00
  18   44 0.24
   9   25 0.18
   1   37 0.53
   2   20 0.31
   9   18 0.09
  12   47 0.53
  21   45 0.66
  21   45 0.66
   4   11 0.68
   8   38 0.41
   9   13 0.77
   2   34 0.39
  14   46 0.05
   8   40 0.08
   2   43 0.17
   4   37 0.93
   3    5 0.49
   0   14 0.77
  12   51 0.70
  18   44 0.75
   5   15 0.67
   9   32 0.60
  11   45 0.76
  17   39 0.52
  11   51 0.72
  15   29 0.53
   4   45 0.59
  13   54 0.79
   4   28 0.60
   2   18 0.15
  14   46 0.07
   6   13 0.12
  10   42 0.94
  22   32 0.63
   8   42 0.15
   5   32 0.19
   7   31 0.07
  22   42 0.93
   2   10 0.95
   9   16 0.83
   7   45 0.98
   9   51 0.51
  15   29 0.94
  13   26 0.70
  13   23 0.87
  16   35 0.08
  11   38 0.16
  12   30 0.31
   4   10 0.20
   0   16 0.26
  19   22 0.69
   8   47 0.89
   2   36 0.63
  13   53 0.11
  19   32 0.87
   3   10 0.75
  19   24 0.94
  11   12 0.69
  11   53 0.93
   2   38 0.79
   5   48 0.96
  15   36 0.69
   2   39 0.51
  10   45 0.95
  21   35 0.29
  20   22 0.02
   7   39 0.24
  10   30 0.29
   3    9 0.67
   7   51 0.57
   0    8 0.02
   4   45 0.26
   8    8 0.78
  10   49 0.23
  16   22 0.85
  15   44 0.05

