3 60 4
3   16   2   4

  74  138 0.42
  76  119 0.99
  15   79 0.10
  32   76 0.58
  26   46 0.91
  79  156 0.43
  66   87 0.81
  31   39 0.61
  45   96 0.93
  29   92 0.20
  61  123 0.57
   3   75 0.66
  29   97 0.50
  23   85 0.94
  46   78 0.84
  41   65 0.12
   0   17 0.29
  75  146 0.92
  16   27 0.08
  16   67 0.69
  40   41 0.28
  41   60 0.51
   9   23 0.78
  13   69 0.32
  79  150 0.70
  15   51 0.48
  79   85 0.66
  38   65 0.43
  81  138 0.48
  49  124 0.87
  36   46 0.95
  68  104 0.89
   3   25 0.62
  68   77 0.03
  24   69 0.31
  16   60 0.18
  62   92 0.96
  35   44 0.25
  58   78 0.44
   7   47 0.01
  73   83 0.92
  41   73 0.97
  71   94 0.08
  70  118 0.85
  45  119 0.34
  45  118 0.30
  55   83 0.67
  65  123 0.63
  42   43 0.85
  52  112 0.25
  69   98 0.96
  25   32 0.99
  26   72 0.40
  57  119 0.24
  29   32 0.14
  23   53 0.33
  57  112 0.42
   9   20 0.77
  35   43 0.43
  29   92 0.87

  26   92 0.82
  51   85 0.98
  39   53 0.93
  61   81 0.84
  73  130 0.26
  68   69 0.46
  14   76 0.35
  36   48 0.67
  15   96 0.52
  42   44 0.49
  49   77 0.14
   8   10 0.37
   9   34 0.98
  49   74 0.39
   1   21 0.05
  81  161 0.51
  38   49 0.95
   0    8 0.23
  46  107 0.23
   2   22 0.16
  34   50 0.54
  33   35 0.73
  61  111 0.79
  45  114 0.85
   4   45 0.31
  14   57 0.41
   7    9 0.65
  63   86 0.66
  41  106 0.91
  52   72 0.79
  10   80 0.18
  47  110 0.49
   4   74 0.84
  59  133 0.02
  39  115 0.20
  28   50 0.05
  78  124 0.34
  24   84 0.50
  35   86 0.79
  18   91 0.21
  49   61 0.96
  24   26 0.27
  62  103 0.91
  57   82 0.61
   5   20 0.90
  79   90 0.07
  26   57 0.88
  58   81 0.64
  76   97 0.69
   6   25 0.64
  50  107 0.87
  59   80 0.51
  68  146 0.75
  76  109 0.13
  65  103 0.58
  68   68 0.89
  39   87 0.82
  41  101 0.15
  29   56 0.14
  39   67 0.79

  57   67 0.87
  25  101 0.55
   3   54 0.87
   3   59 0.59
  79  156 0.52
  72  149 0.74
   4   45 0.11
   7   86 0.72
  45  107 0.58
  31   85 0.80
  39   93 0.99
  24   82 0.52
  45  108 0.51
   4   64 0.72
  32   73 0.71
  26   92 0.05
   4   77 0.88
  45   58 0.76
  21   80 0.73
  63  132 0.16
  41  118 0.49
  41   69 0.09
  50   78 0.60
  28   50 0.20
  77  128 0.53
  37   51 0.37
  57  114 0.37
  33   39 0.94
  35   46 0.23
  24   44 0.25
  30   39 0.70
  31   55 0.53
  17   23 0.66
  21   71 0.88
  62  104 0.54
  33  106 0.71
  79  137 0.02
  75  105 0.55
  29   98 0.64
  50   79 0.09
  74  113 0.07
  58  112 0.87
  57   73 0.75
  17   91 0.24
  35   62 0.58
  58  112 0.64
  46  125 0.46
  43   86 0.05
  72  133 0.12
  23   69 0.71
  61  100 0.24
  73  139 0.23
  81   82 0.10
  32   72 0.83
  78   83 0.70
   6   22 0.87
  67   87 0.31
  79  124 0.84
  45  126 0.72
  40   89 0.43

