5 25 8
12   10  16  20  16  20  16  10  16  10  10  10   4

  20   82 0.99
   8   14 0.98
  33   88 0.27
  38   77 0.79
  13   62 0.94
  44   93 0.49
  19   29 0.62
   1   63 0.75
  28   68 0.55
   2   66 0.49
  33   90 0.91
  11   27 0.76
  12   44 0.60
  30   88 0.31
   9   51 0.42
  12   29 0.11
   3    6 0.33
  39   69 0.59
  43   43 0.41
  43   81 0.40
  17   31 0.29
  28   39 0.78
  28   36 0.13
  17   87 0.54
  48   71 0.92

  47  107 0.44
  17   30 0.94
  34   61 0.46
  22   84 0.36
   5   30 0.00
  39   39 0.78
  13   37 0.41
  43   47 0.26
  31   72 0.33
   9   46 0.08
  26   94 0.49
  43   65 0.95
  30   92 0.22
  17   26 0.53
  47  110 0.49
  17   64 0.24
  33   97 0.40
  25   92 0.58
  24   95 0.38
   3   20 0.46
  44   95 0.54
  27   60 0.16
  30  100 0.09
   2   16 0.62
   0   17 0.85

  19   82 0.57
  17   52 0.23
  27   78 0.33
  40   58 0.78
  31   82 0.69
  37   41 0.56
  32   54 0.18
  18   71 0.70
  38   73 0.20
  35   90 0.72
  27   74 0.76
  31   60 0.40
  36   75 0.40
  40   67 0.33
  19   28 0.14
  10   53 0.36
  41   92 0.41
  41   89 0.85
  35   69 0.44
   4   33 0.98
   0   61 0.39
  31  100 0.68
   6   38 0.37
   4   22 0.77
  10   13 0.57

  11   22 0.37
  14   64 0.54
  12   43 0.06
  42   61 0.52
  37  106 0.98
  40   87 0.60
  31   96 0.56
   7   64 0.46
   6   67 0.31
  34   37 0.57
  16   35 0.21
  11   24 0.52
   7   10 0.75
  19   55 0.95
  31   55 0.73
   9   71 0.49
  23   83 0.69
  38   63 0.38
  16   47 0.74
  25   79 0.24
  30   65 0.85
  34   73 0.04
  14   58 0.08
  27   97 0.23
   2   23 0.00

  26   65 0.98
  19   65 0.10
  30   83 0.61
  22   38 0.40
   1   24 0.41
  12   24 0.81
  41   96 0.62
   9   20 0.80
  35   54 0.69
  21   69 0.12
   6   71 0.54
  48   88 0.54
  10   46 0.28
  25   30 0.52
  44   44 0.36
  19   36 0.46
  42   94 0.58
  10   10 0.96
  46   78 0.75
   6   20 0.31
   8   59 0.16
   0   36 0.04
  28   97 0.36
  36   37 0.99
   3   43 0.91

  33   66 0.34
  22   22 0.21
  47   71 0.68
   4   21 0.19
  30   77 0.77
  44   64 0.14
  47  107 0.77
  26   65 0.44
   6   53 0.06
   7   59 0.71
  45   51 0.97
  21   48 0.04
  11   14 0.00
  36   65 0.10
   3   63 0.47
  26   36 0.77
  39   96 0.43
   6   58 0.05
  24   44 0.78
  47   96 0.49
  40   93 0.84
  45  109 0.82
  25   63 0.55
  27   48 0.95
  13   34 0.75

  43  102 0.26
  39   49 0.67
   0    5 0.56
   6   14 0.81
  35   59 0.67
  30   82 0.33
   3   38 0.74
  26   43 0.99
  11   58 0.73
  16   32 0.78
   6   44 0.35
  16   32 0.06
  31   52 0.34
  13   44 0.71
   1   25 0.42
  19   60 0.13
  37   94 0.29
   2    4 0.28
  11   82 0.10
  47   74 0.85
  20   29 0.65
  47   69 0.30
   1    2 0.68
   4   61 0.20
  38   93 0.99

   9   17 0.60
  35  105 0.59
  30   74 0.96
   6   49 0.02
   6   67 0.17
  33   42 0.29
  41   49 0.45
  14   44 0.72
  44   80 0.53
   0    2 0.79
  23   30 0.16
  38   43 0.84
  22   38 0.43
  26   68 0.95
  10   70 0.30
  13   56 0.58
  45   98 0.35
  42   64 0.85
  32   54 0.20
   2   14 0.63
  34   77 0.52
  33   34 0.93
   0   30 0.12
  44   63 0.74
  21   35 0.47

  43   83 0.68
  36   82 0.49
  44   94 0.19
  21   62 0.89
   8   73 0.70
  45   50 0.15
  37   86 0.74
   6    8 0.81
  48   50 0.18
  28   62 0.01
  36   47 0.06
  32   61 0.38
  11   73 0.58
  14   39 0.11
  34   34 0.95
  43   81 0.12
  20   60 0.01
  20   58 0.94
  22   23 0.28
  26   54 0.49
   7    8 0.67
  45   48 0.38
  13   27 0.41
  28   73 0.47
   9   51 0.52

  47  107 0.83
  16   20 0.77
  25   34 0.55
  32   52 0.92
  37   82 0.63
  19   30 0.60
  12   53 0.56
   3   51 0.37
  12   27 0.07
  28   46 0.27
  34   88 0.28
  17   20 0.46
  35   77 0.43
  46  113 0.15
  42   88 0.50
   9   44 0.35
  47   73 0.39
  41   50 0.35
   3   10 0.93
  21   53 0.52
  18   30 0.88
  15   87 0.49
  39   63 0.60
  17   17 0.27
  44   61 0.59

  27   72 0.35
  13   23 0.07
  22   81 0.69
  13   13 0.84
  14   76 0.94
   4   63 0.50
  23   94 0.41
  23   56 0.82
  17   36 0.79
  38   48 0.96
  11   71 0.79
  24   35 0.41
  26   47 0.49
  21   22 0.17
  26   60 0.30
  12   61 0.04
   8   22 0.02
   8   19 0.59
  30   71 0.28
  45  101 0.40
  21   57 0.14
  25   55 0.25
  34  102 0.73
  48  111 0.21
   2   33 0.93

  47  101 0.98
  43   50 0.15
  33   50 0.12
  15   43 0.71
  13   80 0.37
   9   15 0.76
  29   64 0.90
  23   23 0.65
  13   65 0.13
  47  119 0.21
   1   43 0.11
  20   36 0.65
  44  106 0.36
  17   60 0.06
  14   34 0.45
  29   72 0.70
  19   77 0.95
  38   59 0.91
  36   79 0.06
   5   76 0.14
  11   78 0.48
  25   42 0.13
   9   61 0.19
  12   74 0.25
  32   64 0.66

