5 30 8
6   10   4  10  10   2  10

   2   14 0.80
   2   18 0.51
   6   19 0.76
   6    7 0.97
   6   11 0.63
   0   10 0.22
   1    8 0.37
   3    4 0.86
   1    1 0.96
   2    9 0.62
   3   14 0.33
   2   12 0.18
   4   12 0.86
   4   14 0.04
   2   12 0.49
   4   10 0.00
   2    6 0.57
   2   11 0.29
   6   16 0.99
   2   12 0.45
   4   10 0.29
   1   16 0.48
   0   12 0.66
   1    1 0.39
   5   19 0.35
   0    2 0.69
   2    6 0.18
   7   21 0.34
   3    7 0.66
   1    2 0.31

   7   13 0.77
   6    9 0.74
   7   23 0.45
   5   12 0.95
   3    3 0.43
   1    3 0.61
   5   11 0.68
   7    9 0.15
   5   11 0.60
   5   21 0.27
   7   19 0.44
   7   17 0.86
   4   19 0.43
   2    5 0.20
   6    6 0.79
   2   15 0.29
   7   13 0.86
   2    7 0.85
   2    3 0.03
   0   14 0.54
   0   12 0.67
   1    7 0.94
   4    9 0.05
   7   17 0.07
   3    7 0.93
   6   17 0.38
   1   13 0.30
   6    6 0.41
   3    9 0.52
   1    1 0.71

   1    2 0.90
   5   19 0.53
   5   12 0.42
   6   11 0.76
   0   11 0.65
   3   12 0.39
   0   15 0.39
   1   11 0.84
   3    4 0.45
   0    4 0.10
   4   11 0.09
   3   11 0.86
   7   17 0.64
   5   13 0.87
   2   15 0.36
   4    4 0.18
   6    7 0.62
   1    4 0.54
   4   13 0.48
   2    7 0.54
   2   16 0.10
   6    8 0.42
   6   14 0.04
   1    9 0.29
   7   16 0.67
   3    8 0.07
   4    8 0.91
   3    3 0.34
   3    9 0.73
   2    5 0.65

   5    7 0.01
   2    8 0.21
   0   13 0.20
   5   15 0.71
   0    9 0.15
   4   19 0.53
   5    7 0.31
   6   21 0.25
   5   19 0.94
   6   18 0.90
   1    3 0.33
   5   10 0.90
   6    8 0.30
   5   14 0.10
   1    4 0.56
   5    6 0.45
   7    7 0.02
   1   10 0.21
   3   16 0.22
   1   17 0.15
   2    5 0.67
   3   14 0.90
   3   15 0.37
   3    8 0.85
   0    4 0.61
   2    4 0.58
   5   19 0.90
   5    7 0.22
   5    9 0.32
   0    3 0.99

   3   18 0.81
   4    5 0.55
   2   16 0.55
   2   13 0.62
   1   12 0.98
   2   10 0.60
   7   14 0.78
   7    8 0.06
   6   18 0.95
   4    8 0.27
   2   14 0.14
   1   14 0.69
   6   10 0.46
   3   13 0.48
   3   19 0.22
   3    3 0.63
   5   18 0.21
   7   18 0.32
   1   13 0.34
   2    8 0.44
   5   19 0.25
   1   12 0.63
   2   17 0.39
   7   15 0.69
   3    8 0.02
   7    7 0.66
   5    8 0.29
   4   11 0.94
   6   20 0.99
   6    7 0.30

   4   17 0.76
   5    5 0.58
   2   13 0.01
   3    8 0.13
   0    6 0.15
   1    8 0.45
   3    6 0.52
   4    4 0.46
   4    6 0.01
   1   13 0.18
   4   14 0.79
   5    5 0.07
   6   14 0.82
   0    0 0.87
   2   13 0.16
   5   21 0.52
   2   12 0.72
   5   13 0.29
   4   20 0.91
   2   13 0.83
   1   14 0.05
   5   12 0.71
   5   18 0.20
   1    7 0.91
   2    9 0.80
   5   19 0.19
   4   16 0.89
   4   20 0.67
   6    6 0.14
   7    8 0.48

