4 100 8
3   16  10  16

   8   33 0.02
  83  134 0.86
  39   57 0.11
  12   42 0.46
  35   38 0.24
  59   87 0.77
  78   86 0.86
   4   25 0.78
  43  105 0.55
  67   70 0.16
  41   43 0.38
  15   42 0.62
  14   58 0.89
  59  116 0.49
  80   95 0.59
  18   62 0.53
  65  129 0.87
  67   96 0.65
  11   28 0.60
  49   70 0.80
  35   98 0.64
  43   94 0.71
  85  106 0.71
  11   51 0.44
  85  100 0.01
  40   76 0.62
  87   88 0.78
  82   91 0.26
  59  114 0.59
  29   65 0.54
  53   94 0.35
  97  123 0.55
  94  102 0.67
  71  130 0.25
  73  106 0.29
  97  155 0.53
  58   81 0.64
  76   79 0.64
  89  149 0.33
  14   40 0.41
  27   88 0.09
  70   93 0.56
   1   19 0.77
  62   80 0.37
  83  131 0.64
  76  120 0.86
  43   63 0.80
  66  122 0.32
  37   97 0.35
  28   67 0.81
  22   66 0.63
  89  140 0.63
  96  108 0.65
  89  135 0.26
  77   79 0.76
  79   86 0.23
  79  140 0.24
  11   50 0.36
  85  119 0.08
  89   90 0.65
  91  151 0.89
  10   47 0.35
  21   69 0.33
   8   23 0.77
  45  103 0.16
  56  120 0.07
  53   61 0.65
   6   29 0.15
  22   69 0.98
  57  102 0.29
  41   42 0.73
  90  145 0.10
  16   41 0.16
  81  122 0.96
  44   93 0.53
  20   84 0.82
  25   26 0.16
  22   57 0.75
  16   16 0.25
  62   82 0.83
  69  112 0.06
  38   90 0.55
  93  117 0.52
  13   32 0.15
  73   98 0.71
  62  102 0.07
  19   56 0.11
  83   87 0.48
  34   89 0.21
  78   90 0.80
  64  110 0.40
  91  127 0.30
  83  127 0.80
  78  100 0.35
  43   90 0.31
  26   76 0.72
  37   50 0.12
   2   30 0.07
  43   85 0.73
  69   69 0.45

  87  123 0.51
  51  109 0.44
  67   75 0.15
  86  114 0.58
  80   80 0.72
  19   69 0.92
  30   88 0.18
  41   65 0.65
  22   73 0.24
   9   12 0.36
  46   85 0.26
  85   99 0.40
  18   82 0.76
  16   32 0.63
  75  101 0.95
   1   50 0.02
  26   58 0.92
  79  129 0.93
  70   72 0.71
  62   67 0.93
  96  104 0.15
   8   14 0.00
  35   47 0.24
   0   11 0.57
  89   99 0.47
  63   90 0.66
  74  102 0.00
  91  154 0.85
  33   58 0.35
   7    7 0.02
  12   45 0.31
  47   51 0.32
  29   88 0.18
   8   61 0.32
  30   91 0.76
  56  101 0.17
  35   51 0.29
  65  116 0.33
  40   90 0.92
  97  147 0.62
  68  103 0.69
  14   21 0.76
   4   25 0.90
  71   98 0.58
  94  119 0.34
  12   71 0.50
  83  104 0.54
  10   28 0.65
  46  108 0.76
  47   50 0.49
  17   37 0.97
  10   60 0.45
  68   96 0.82
  16   47 0.64
  58   81 0.77
  38   52 0.26
  80  141 0.07
  77  105 0.93
  54   78 0.22
  46   92 0.18
  42   63 0.21
  13   46 0.31
  22   66 0.84
   8   26 0.66
  34   71 0.28
  88  126 0.29
  61   83 0.86
  52  105 0.40
  14   39 0.88
  25   54 0.71
  40   48 0.50
  39   78 0.57
  77   94 0.38
  62  107 0.84
  33   92 0.38
  56  108 0.85
  57   90 0.27
  93  102 0.56
  74  129 0.15
  19   55 0.53
  10   11 0.01
  94  132 0.19
  53  111 0.73
  67   69 0.88
  11   45 0.87
  40   78 0.45
  62   95 0.07
  22   25 0.25
  35   70 0.47
  97  126 0.96
  16   61 0.87
  59   92 0.96
  14   67 0.59
  64   86 0.03
  88  103 0.99
   0    5 0.48
   3   15 0.47
  94  136 0.92
  67  102 0.86
  86  130 0.37

   7   24 0.05
  67   69 0.94
  50   86 0.33
   5   53 0.38
  69  121 0.19
  44   74 0.27
  74   90 0.02
  52   94 0.93
  35   63 0.51
  25   60 0.52
  37   43 0.99
  26   76 0.16
  38   76 0.89
  42   90 0.66
   9   33 0.99
  35   87 0.30
  25   62 0.09
  61  108 0.11
   7   38 0.17
   9   23 0.79
  88   88 0.55
  86  149 0.34
  69  100 0.00
   2   53 0.72
  73  103 0.56
  90  151 0.90
  48   91 0.78
  58  116 0.91
  38   55 0.13
  37   78 0.57
  90   97 0.27
  80   98 0.46
  40   73 0.22
  72  125 0.85
  42   63 0.09
  70  123 0.06
  47   79 0.68
  95  153 0.94
  20   59 0.26
  89  100 0.42
  36   94 0.59
  84  147 0.79
  72   75 0.18
  65   87 0.20
  59   94 0.91
  68  128 0.66
  24   56 0.14
  37   90 0.67
  89  132 0.84
  54   64 0.61
  90   95 0.41
   7   33 0.90
  74   96 0.60
  33   38 0.51
  84  123 0.44
  10   36 0.16
  36   62 0.08
  25   31 0.63
  83  107 0.43
   3   42 0.06
  30   73 0.66
  88  136 0.08
  69  112 0.11
  13   74 0.89
  67  110 0.69
  23   69 0.60
  79  118 0.74
  12   46 0.95
  19   69 0.50
  55  115 0.85
  79   89 0.62
  74   97 0.20
  55   94 0.90
  60   96 0.72
   4   35 0.76
  66  124 0.99
  21   37 0.36
  77   85 0.80
  25   52 0.39
  15   37 0.19
  95  148 0.36
  11   45 0.32
  21   64 0.01
  40  104 0.67
  43   55 0.57
  82  142 0.09
  80  118 0.13
  84  106 0.62
  14   62 0.27
  91  137 0.27
  76  108 0.20
  25   30 0.16
  12   37 0.80
  48  112 0.43
  55   74 0.76
  60   68 0.52
  68  132 0.25
  81  114 0.04
  33   36 0.52
  69  122 0.86

