4 80 4
3   20   2   2

  28   49 0.80
  18  106 0.47
  13   68 0.51
  24   81 0.97
  27   52 0.34
  10   23 0.16
   7   44 0.12
  22   28 0.39
  13   26 0.75
  25  107 0.74
  26   37 0.57
  18   73 0.68
   3   30 0.72
  16   66 0.52
   8   65 0.76
  29   65 0.59
  28   44 0.18
   5   14 0.43
   4    7 0.02
  28  114 0.85
  25   32 0.37
  10   36 0.74
  24   47 0.19
  12   37 0.77
  23  109 0.08
   2    3 0.18
  22   53 0.42
   5   57 0.03
  25  114 0.53
   9   77 0.07
  23   94 0.70
   6   52 0.58
  26   61 0.54
  23   23 0.63
  25  108 0.97
  14   41 0.65
   5   34 0.49
   3   56 0.81
  11   98 0.99
   5   59 0.44
  11   39 0.84
  27   61 0.85
   2   60 0.34
  28   90 0.55
   9   45 0.48
   0   27 0.50
  22   53 0.72
  15   52 0.94
  20   43 0.87
   9   69 0.92
  25   51 0.52
  19   90 0.86
  22   59 0.16
   7   51 0.36
   7   31 0.76
  10   34 0.83
  10   84 0.55
   8   92 0.96
  22   91 0.63
  28   65 0.82
  21   51 0.08
  25  109 0.76
  26   65 0.03
  27   89 0.29
  16   82 0.80
   5   82 0.70
   3    5 0.97
  12   91 0.85
  14   83 0.70
   9   11 0.24
  28   94 0.65
  27  110 0.56
   5   71 0.51
  18   82 0.56
   8   80 0.08
   5   58 0.04
  12   71 0.45
   2   18 0.91
  12   34 0.99
  25   41 0.42

  28   73 0.16
   9   32 0.99
  28   47 0.37
  21   81 0.67
   4   50 0.37
  12   81 0.99
  28   78 0.84
  28   53 0.11
  22   84 0.99
  12   28 0.43
   0   12 0.44
  20   58 0.07
   1   17 0.12
  24   81 0.16
   4   78 0.32
  29   53 0.37
   0    9 0.53
   9   68 0.79
  29  101 0.97
   6   82 0.33
  19   82 0.05
  24   91 0.41
  24   79 0.56
  12   95 0.59
  12   99 0.74
  12   66 0.84
  25   56 0.62
  25   60 0.78
  19   27 0.93
  21   59 0.88
   7   31 0.63
  28   85 0.48
   4   80 0.76
   9   75 0.13
  19   30 0.16
  24   70 0.60
  22   60 0.97
  26  104 0.35
  20   44 0.81
  19   24 0.74
   5   12 0.28
   0   75 0.66
   7   61 0.62
  19   27 0.14
   9   54 0.28
  25   88 0.00
  22   63 0.68
  28   64 0.74
   2   47 0.22
  14   20 0.07
  18   38 0.35
  27   44 0.93
  22   40 0.67
   5   32 0.07
   2    2 0.01
  14   66 0.33
  16   39 0.35
  15   88 0.60
  26  110 0.38
  26   79 0.19
  16   81 0.26
  17   50 0.69
  14   43 0.50
   4   85 0.82
   0   89 0.95
   0   27 0.81
   3   50 0.79
  20   41 0.33
   8   94 0.54
   4   16 0.29
  14   66 0.16
   5    7 0.13
  14   15 0.87
  20   77 0.42
  20   31 0.61
  14   19 0.14
  12   24 0.60
  19   44 0.11
  23   77 0.68
  25   50 0.20

  18   76 0.90
   4   90 0.34
   5   16 0.80
  10   27 0.89
   4    6 0.03
   9   73 0.19
  28   81 0.40
  22   64 0.42
  12   84 0.74
  17   77 0.45
  12   12 0.06
  21   26 0.38
  12   39 0.47
  15   97 0.09
  29   42 0.21
   9   73 0.74
  14   78 0.17
   3   63 0.84
  20   65 0.04
  18   58 0.98
  15   15 0.78
  16   43 0.17
   7   38 0.53
  18   85 0.23
  14   96 0.07
  17   63 0.46
   4   78 0.73
  21   49 0.89
  27  116 0.12
  26   95 0.49
   2   35 0.36
  13   91 0.15
  12   20 0.81
  24   92 0.71
   7   13 0.27
  15   65 0.17
  25  112 0.97
  16   50 0.17
  16   83 0.57
  15   51 0.46
   3   63 0.77
   6   79 0.95
  12   92 0.99
  23   34 0.91
  27   88 0.97
  14   25 0.00
  17   35 0.52
  21   92 0.38
   8   62 0.43
  10   74 0.97
  13   36 0.36
   4   89 0.39
  16   40 0.73
  28   63 0.46
   5   43 0.95
   3   35 0.91
   5   59 0.04
  10   80 0.87
  22   45 0.93
   3   54 0.98
  18   58 0.25
  18   32 0.68
  10   91 0.16
  16   22 0.91
   3   40 0.03
  28  116 0.63
   3   55 0.02
  12   35 0.18
   7   61 0.05
  13   13 0.60
  11   70 0.12
  11   62 0.61
  12   89 0.58
   5   34 0.33
   2   83 0.45
   0   31 0.70
   5   28 0.15
  26   93 0.83
  24   26 0.63
   5   58 0.20

