4 60 8
3    4  10  10

  16   26 0.41
  14   26 0.80
  15   35 0.22
  19   41 0.50
   6   30 0.07
   4   18 0.02
   6   30 0.28
  19   35 0.73
  20   43 0.43
   3   10 0.63
   2   19 0.43
  12   17 0.90
  12   18 0.24
   8   38 0.26
  20   34 0.56
   7   23 0.18
   1   14 0.25
   7   24 0.79
  14   19 0.74
   8   34 0.78
   0    7 0.22
   9   24 0.83
   3   10 0.12
   6   30 0.69
   3   29 0.74
   6   18 0.63
  17   32 0.35
   5   24 0.96
   8   39 0.31
  18   34 0.62
   0   16 0.73
   5   10 0.55
   3    4 0.46
  13   24 0.22
  20   31 0.23
   7   10 0.44
  19   41 0.75
  19   42 0.12
   7   12 0.07
  10   27 0.73
   3   26 0.47
  21   41 0.97
  12   13 0.02
   2   19 0.78
  13   21 0.37
  18   30 0.80
  13   31 0.88
  20   24 0.98
  19   27 0.75
   2   27 0.59
  19   21 0.88
   9   40 0.48
   6   15 0.21
   1    5 0.26
  18   34 0.66
  14   33 0.09
  17   19 0.10
   2   18 0.50
  12   31 0.98
  20   44 0.60

   6   10 0.38
   4   23 0.73
  18   25 0.11
  20   36 0.27
   9    9 0.19
  20   23 0.09
   4   31 0.64
  14   41 0.05
  14   17 0.24
  21   31 0.86
  11   38 0.78
   7   37 0.27
  18   41 0.70
  20   51 0.40
   0   21 0.67
   9   25 0.71
  18   41 0.88
  14   39 0.86
  10   24 0.37
   8   11 0.74
  21   37 0.65
  19   51 0.92
   8   11 0.78
  16   48 0.77
  19   28 0.97
   2   15 0.83
  17   43 0.31
   6    6 0.83
  10   41 0.46
   8   16 0.90
   2   14 0.59
  14   22 0.73
  10   20 0.31
   1   32 0.71
  16   43 0.34
  10   30 0.59
  15   42 0.77
   5   10 0.67
   1   20 0.46
  11   20 0.89
  15   31 0.36
  11   39 0.70
   2   16 0.28
   8   22 0.72
  16   17 0.56
  13   38 0.63
  14   44 0.54
   1   24 0.70
  17   19 0.77
   2   21 0.07
   9   14 0.60
  14   23 0.59
   7   37 0.76
   6   23 0.40
  17   39 0.17
  20   32 0.82
   4   15 0.36
   7   22 0.76
   6   22 0.40
   4   33 0.96

   2   14 0.72
   0   26 0.38
  17   43 0.83
  15   33 0.76
  21   28 0.98
   9   17 0.84
  11   31 0.23
   0   29 0.15
  19   29 0.99
  18   43 0.26
   7   37 0.08
   6   16 0.37
  18   45 0.08
   0    4 0.67
   7   39 0.98
  13   43 0.07
   9   12 0.09
   4   19 0.10
   2   11 0.48
   9   20 0.55
  18   32 0.44
  12   33 0.31
   0    9 0.64
  12   32 0.33
  18   29 0.84
  15   32 0.01
  20   25 0.12
   5   19 0.95
  10   23 0.39
  10   38 0.22
  16   27 0.76
   9   41 0.44
   5   17 0.41
  20   44 0.94
  21   46 0.09
  19   34 0.88
   9   19 0.02
  14   28 0.61
   1   13 0.12
  15   42 0.24
  18   34 0.59
  21   22 0.24
   4    7 0.94
   5   16 0.04
  14   41 0.76
  16   27 0.05
   8   40 0.15
   1    6 0.33
   0   21 0.96
   1    6 0.33
  14   18 0.04
  20   20 0.53
  10   28 0.80
  19   21 0.37
  15   39 0.10
  13   14 0.07
   9   36 0.25
  19   20 0.53
  10   31 0.71
  16   41 0.91

