3 20 8
12   16  10   4  10  20  20   4  10   4   4   2   4

   1   45 0.63
  23   68 0.68
  11   65 0.52
  64  126 0.87
  35   45 0.30
  61  100 0.08
  15   68 0.94
  36   46 0.43
  52  102 0.28
  34   96 0.86
  51  104 0.63
  18   44 0.38
  41   49 0.86
  30   57 0.42
  16   74 0.44
  52   82 0.96
  49   93 0.99
  65   76 0.40
  46   96 0.00
  34   36 0.67

  45   53 0.45
  66   80 0.26
  12   42 0.54
  41   70 0.71
  35   37 0.65
  66   90 0.27
  20   34 0.11
  18   78 0.86
  64  127 0.46
  20   37 0.10
  12   60 0.40
  27   76 0.21
  43   45 0.82
  45   82 0.83
  30   32 0.90
  20   23 0.84
  42   90 0.54
  52   63 0.84
  55  106 0.08
  33   55 0.55

  21   36 0.51
  60   95 0.83
  58   76 0.10
   1   31 0.98
  46  103 0.01
  45   55 0.21
  30   37 0.04
  49   50 0.75
  16   46 0.15
  36   47 0.39
  11   43 0.21
  38   61 0.41
  52   90 0.11
  14   34 0.64
  61   89 0.01
  62   79 0.71
  53  107 0.73
  42   81 0.86
  57   74 0.36
  25   57 0.33

  14   55 0.58
  33   70 0.91
  62  110 0.12
  65   72 0.10
   9    9 0.26
  28   68 0.42
  55   65 0.56
  55   56 0.88
  48  105 0.81
  45   77 0.83
  46  102 0.71
  26   53 0.97
  42   80 0.21
   9   72 0.18
   5   31 0.83
  55  107 0.98
  15   58 0.41
   7   50 0.86
  22   54 0.66
  31   92 0.84

   8   32 0.57
   2   22 0.61
  52   98 0.03
  40   58 0.89
  43   94 0.54
  55   71 0.47
  26   63 0.80
  28   79 0.88
  40   48 0.11
  56  109 0.36
  22   83 0.87
  46   69 0.84
  40   71 0.45
  51   68 0.54
  52   72 0.50
  38   91 0.98
  62   83 0.15
  36   92 0.58
  11   53 0.72
  15   62 0.26

  55   60 0.02
  50  106 0.66
  34   67 0.61
  63   69 0.11
  26   60 0.34
  23   41 0.88
  43  105 0.48
  45   72 0.02
  26   57 0.56
  50  107 0.57
   4   20 0.10
  29   90 0.69
   5   67 0.68
  54   78 0.68
   4   52 0.98
  38   82 0.43
  39   41 0.98
  15   61 0.56
   7   46 0.43
  52   84 0.82

  30   37 0.85
  50   59 0.40
  25   45 0.78
   0   65 0.88
  56   99 0.74
  56   67 0.22
  62  112 0.86
  10   53 0.94
   2   15 0.22
  57  108 0.03
  40   64 0.88
  40   99 0.38
  18   34 0.70
  35   36 0.09
  16   75 0.71
  63  103 0.35
   2   31 0.75
  51  110 0.88
  19   41 0.99
   5   21 0.43

  56   88 0.98
  56   83 0.33
  60   88 0.24
   6   20 0.64
  39   58 0.84
   6   35 0.16
  15   80 0.17
  16   46 0.79
  65  115 0.30
  18   80 0.62
  15   29 0.22
  64   85 0.97
  51   74 0.23
  32   47 0.59
   1   67 0.16
  42  105 0.99
  12   31 0.50
  49  109 0.72
  51   58 0.99
  41   62 0.96

  25   79 0.42
   1    7 0.16
   7   44 0.45
  10   50 0.00
  40   65 0.47
  11   67 0.35
  40   55 0.00
  26   68 0.23
  56   82 0.43
  29   56 0.79
  25   52 0.89
  20   51 0.95
  15   29 0.89
   8    8 0.95
  63   74 0.75
  10   44 0.35
   5   27 0.90
   2   59 0.29
  48   86 0.70
  53   88 0.45

  38   61 0.46
   8    8 0.43
  24   28 0.89
   3   50 0.05
  39   59 0.36
   4   56 0.52
  57  121 0.36
  52   98 0.46
   2    3 0.12
  57  118 0.60
  20   36 0.15
  27   76 0.61
  46   95 0.51
  35   85 0.06
  63  125 0.51
  19   58 0.64
  52   86 0.92
  63  111 0.52
  33   71 0.66
  32   65 0.97

  44   57 0.31
  15   72 0.21
  54   65 0.01
  19   85 0.11
  52   59 0.23
  57  110 0.74
  48   68 0.77
  23   38 0.29
  31   68 0.61
  43   52 0.94
  48  104 0.59
  11   66 0.61
  32   69 0.10
  30   87 0.31
  45   90 0.31
  19   76 0.34
  55   59 0.88
  21   84 0.80
   3   38 0.35
   1   59 0.33

   5   22 0.72
   7   31 0.25
  66   70 0.00
  57   86 0.01
  32   59 0.86
   1    7 0.40
   8   44 0.69
  21   87 0.90
  66  123 0.06
  56  121 0.14
  65  127 0.91
  33   36 0.60
  36   43 0.09
   0   26 0.05
  61   77 0.49
  32   98 0.12
  48   99 0.28
  35   98 0.19
  19   62 0.88
  45  111 0.22

