4 50 4
6   20  16   2  10  16  16

  33   50 0.48
 120  123 0.96
  28   40 0.49
  53   63 0.18
  23   73 0.49
  89   91 0.34
  41   63 0.94
  29   73 0.38
 114  165 0.50
  17   40 0.48
 116  169 0.19
  33   92 0.64
  54   93 0.99
 107  114 0.86
  93  107 0.84
  93  130 0.33
  24   79 0.02
  83  106 0.02
  63   81 0.27
  63   75 0.26
  78  111 0.95
  38   45 0.68
  22   29 0.73
  55   60 0.12
  44   85 0.71
  17   33 0.50
  38   68 0.96
 120  132 0.09
 106  163 0.46
  58   79 0.52
  44  105 0.53
  28   49 0.42
  91  102 0.35
  15   48 0.72
  93  107 0.59
  24   79 0.39
  91  145 0.97
 116  169 0.95
 119  145 0.25
 107  118 0.59
  16   41 0.48
  95  141 0.53
  41   65 0.72
  13   26 0.77
  41   57 0.60
  64  106 0.02
  51   57 0.84
  60   79 0.57
 122  138 0.28
  50   74 0.85

  77  129 0.75
 121  133 0.99
  62   80 0.78
  57   60 0.20
  66   74 0.77
  62  117 0.77
  39   58 0.23
  87  140 0.04
 107  168 0.06
  70   98 0.81
  96  140 0.69
   5   32 0.43
 122  167 0.53
  24   79 0.54
  14   75 0.55
  44   73 0.55
  68  116 0.23
   3   38 0.26
  79  118 0.20
 110  155 0.13
  19   57 0.04
  36   90 0.64
  88  111 0.07
  99  106 0.90
  29   77 0.37
  48   51 0.41
  72  115 0.27
   9   10 0.25
  26   78 0.74
  69   91 0.96
  65   97 0.95
  68   88 0.50
  73   99 0.24
  65  117 0.67
   2   10 0.67
  22   78 0.25
  92  110 0.30
  91  107 0.64
  88  109 0.44
   4   31 0.63
  37   49 0.87
  62   65 0.32
  36   65 0.13
 107  123 0.28
   7   15 0.92
  86  117 0.62
 124  164 0.59
  98  131 0.44
   1   57 0.64
  63  115 0.87

 105  121 0.22
 113  131 0.16
 109  169 0.64
  73   97 0.34
  92  130 0.53
 111  117 0.60
 123  132 0.37
  56   90 0.41
  28   28 0.43
  81  137 0.79
  61   87 0.59
 108  133 0.94
 108  160 0.06
  24   57 0.45
  95   95 0.39
  90   93 0.23
  62   79 0.28
  27   85 0.36
  56  110 0.11
  28   51 0.19
 108  114 0.28
  34   37 0.93
  58  110 0.89
  89  148 0.19
  37   68 0.66
 118  148 0.41
 110  151 0.69
 108  115 0.56
  58   91 0.71
  92  139 0.40
 111  114 0.87
  54   72 0.42
 108  144 0.96
  39   96 0.52
  97  158 0.01
  36   91 0.80
  30   83 0.80
  59   68 0.02
  41   62 0.45
  18   57 0.37
  89  109 0.11
 110  163 0.69
  96  145 0.02
  98  144 0.55
  17   63 0.73
  94  114 0.23
   3   25 0.00
   8   69 0.82
   9   19 0.48
  56   62 0.96

  80  118 0.01
  63  118 0.15
   9   27 0.41
  34   45 0.72
  72  129 0.73
  49   52 0.74
 122  143 0.81
  18   77 0.29
  94  140 0.53
  73   90 0.57
 103  126 0.55
  54   98 0.46
  61  110 0.84
   0   15 0.91
  25   61 0.56
  68  112 0.22
  72   85 0.78
   8   18 0.76
  72   89 0.62
  55   70 0.60
  83  117 0.16
  68  102 0.69
   9   68 0.61
  13   14 0.89
  58   83 0.40
  69   81 0.14
 119  162 0.16
 103  132 0.07
  81   82 0.70
 105  115 0.31
  59  110 0.75
  19   57 0.98
  76   98 0.43
 122  130 0.92
 117  117 0.25
  68  115 0.76
  81   96 0.22
  99  129 0.77
 113  117 0.60
  89  102 0.33
  41   98 0.75
  21   30 0.13
   0   50 0.51
 109  163 0.70
  41   76 0.21
  40   96 0.77
  46   98 0.79
  53  111 0.81
 107  117 0.87
   4   35 0.88

  24   81 0.09
  58  108 0.10
  45   85 0.88
  84  139 0.89
  76  100 0.76
  26   46 0.54
 108  124 0.36
  88  130 0.33
  52   53 0.91
  10   20 0.53
   1   16 0.62
 107  165 0.01
  69   94 0.09
  56  107 0.88
  30   82 0.50
  59  120 0.78
  34   79 0.63
  78  121 0.83
  32   53 0.61
  69  115 0.51
  31   62 0.68
   3    3 0.39
 106  115 0.67
 117  141 0.32
  37   60 0.71
  81  124 0.52
  80   82 0.89
 112  159 0.89
 124  163 0.30
 115  120 0.70
  30   88 0.25
 113  168 0.45
  90  134 0.07
  30   73 0.69
  94  115 0.46
 114  117 0.56
   5   18 0.96
  25   47 0.61
  38   60 0.55
  26   69 0.34
   1   29 0.34
  63   99 0.58
  56   62 0.03
  73  103 0.37
  73  120 0.46
 105  125 0.36
  93  151 0.65
  89  114 0.01
  69   89 0.42
  31   50 0.79

  62   62 0.37
  13   23 0.30
  75  108 0.58
  73   89 0.26
  53  110 0.27
  83  104 0.17
  60  118 0.03
 107  109 0.77
   3   11 0.54
  55   97 0.95
  18   67 0.63
  15   34 0.47
 119  157 0.84
  32   47 0.03
  56  117 0.15
  49   65 0.88
  33   35 0.92
   4   53 0.47
  85  124 0.89
   8   64 0.64
 124  170 0.93
  79  128 0.34
 120  154 0.85
  17   40 0.53
  32   88 0.38
  18   39 0.63
  89  140 0.02
  51  109 0.94
 100  128 0.29
  16   40 0.80
  74  112 0.60
  25   80 0.15
 122  142 0.08
  66   90 0.28
  82  127 0.40
  17   25 0.87
  47   66 0.49
 106  156 0.02
 105  160 0.07
  80   98 0.24
  21   26 0.69
  60  110 0.39
  75  101 0.92
  26   29 0.94
  86  132 0.87
  48   59 0.82
  55   84 0.01
 110  125 0.87
   0   29 0.46
  37   47 0.14

