3 30 8
6   16  10  10  20  16   2

  20   61 0.19
   4   28 0.85
  42   83 0.60
  25   36 0.79
  41   72 0.76
  34   73 0.76
  14   52 0.82
  42   56 0.02
  31   51 0.83
  15   60 0.89
   5   41 0.44
   9   50 0.30
  12   13 0.52
  34   54 0.02
   0   25 0.07
  35   35 0.15
  13   51 0.94
   4    8 0.23
   8   45 0.56
   4    9 0.75
  15   30 0.27
  33   41 0.35
  17   27 0.69
  44   83 0.34
  21   40 0.78
  38   80 0.88
   0    0 0.05
  21   28 0.24
  34   56 0.92
  15   18 0.50

  18   29 0.99
  16   51 0.88
  14   18 0.28
  22   59 0.51
  20   41 0.96
  45   85 0.72
  39   84 0.33
  45   83 0.79
  34   75 0.98
  16   44 0.01
   7   49 0.70
  31   35 0.77
  44   74 0.92
  37   60 0.30
  23   37 0.41
   9   28 0.84
  45   55 0.20
  37   56 0.06
  29   52 0.31
  39   83 0.75
  37   48 0.65
  23   41 0.70
  18   46 0.59
  42   86 0.49
   5   22 0.17
  21   45 0.24
   9   41 0.56
  41   72 0.58
   5   27 0.32
   7    8 0.92

   0   42 0.28
  32   32 0.46
  20   57 0.54
   8   46 0.70
  24   61 0.42
   6   27 0.19
   4   24 0.10
   2    3 0.87
   2   21 0.51
   4    7 0.42
  28   48 0.45
  28   65 0.21
  31   64 0.81
  35   54 0.49
  28   68 0.45
   7   18 0.56
  20   28 0.24
   9   43 0.96
  43   87 0.89
  20   54 0.85
  40   58 0.41
  41   54 0.01
  41   48 0.80
  31   35 0.78
   9   24 0.08
  39   72 0.92
   1   32 0.04
  19   36 0.58
  22   45 0.13
  27   44 0.91

  28   39 0.85
  21   24 0.48
  22   63 0.05
  27   60 0.93
  14   42 0.86
   6   10 0.54
  26   46 0.78
  45   76 0.69
  38   54 0.52
   4   45 0.95
  43   66 0.25
  43   51 0.62
   6   12 0.97
   2   47 0.80
  38   77 0.47
   7   38 0.45
   9   54 0.75
  30   65 0.26
   5   43 0.90
  19   19 0.47
  26   28 0.22
   2   45 0.65
   0    3 0.17
   7   45 0.04
  10   44 0.46
  14   26 0.32
  42   79 0.21
  23   36 0.28
  44   59 0.76
  40   51 0.57

  27   70 0.06
  24   43 0.00
  28   30 0.83
  31   43 0.46
  34   75 0.78
  14   50 0.15
  12   46 0.90
  20   57 0.77
  41   62 0.68
  44   65 0.29
  27   31 0.57
  26   42 0.88
   4   25 0.20
  17   40 0.99
  40   47 0.76
  32   64 0.40
  40   46 0.81
  22   53 0.13
  16   60 0.51
  40   45 0.39
   1   15 0.19
  22   60 0.42
  16   17 0.02
  31   56 0.04
  15   27 0.94
  20   28 0.02
  21   62 0.63
  43   43 0.14
   9   39 0.11
  29   65 0.76

  26   48 0.55
  36   60 0.48
  35   41 0.71
   5   38 0.41
   1    2 0.38
  25   57 0.00
  41   55 0.25
   8   16 0.95
  30   34 0.66
  10   30 0.10
  45   82 0.55
  17   31 0.03
   7   33 0.57
  16   16 0.42
  42   55 0.31
  29   29 0.37
   5   43 0.68
  36   57 0.24
  18   38 0.14
   1   35 0.17
  15   47 0.59
  32   48 0.48
  37   37 0.62
  35   38 0.42
  39   80 0.83
  43   73 0.89
  36   56 0.29
  45   60 0.53
  40   79 0.56
   6   42 0.30

