5 20 4
12   20   4  20   2  20   2  20   4  10   4  10   4

  30   57 0.44
  38   69 0.89
  50  115 0.61
  55   71 0.78
  50  118 0.86
  33   75 0.74
  39  121 0.76
  17   67 0.09
  36   75 0.09
  43  132 0.77
  10   34 0.87
  46   65 0.95
  54  103 0.74
  40  124 0.81
  35  113 0.00
  55  101 0.03
   1   79 0.10
  30   53 0.26
  25   75 0.69
  52   73 0.16

  38   59 0.39
  41   84 0.45
  30   86 0.52
   0   70 0.67
  19   91 0.04
  16   49 0.34
  58   95 0.29
  50  127 0.66
  12   13 0.34
   6   52 0.22
  36   60 0.52
   9   93 0.73
  55  107 0.23
  30  109 0.34
  41  118 0.64
  13   99 0.92
  43   68 0.26
  44   81 0.31
   5   63 0.60
  16   93 0.83

  43  103 0.47
  24   96 0.33
  42  125 0.76
  39  110 0.86
  52   64 0.89
  20   69 0.02
  12   85 0.43
  26  103 0.26
   9   28 0.33
  10   41 0.67
   6   28 0.26
  45   99 0.94
  58   61 0.25
  22   55 0.85
  17   98 0.31
   7   50 0.50
  13   63 0.45
  50   85 0.00
   3   21 0.88
  52  127 0.99

  40   42 0.85
  55   59 0.61
  18   21 0.86
  35   47 0.67
  13   41 0.12
  25   65 0.45
  19   39 0.26
  22   55 0.01
  43   50 0.72
  18   31 0.73
  20   57 0.77
  13   67 0.24
   4    5 0.74
  31   95 0.43
  19  106 0.46
  28   39 0.77
  12   40 0.95
  49   81 0.02
  21   70 0.08
  32   87 0.41

  22   54 0.38
   6   34 0.22
  46  108 0.22
  56  132 0.60
  41   97 0.33
  50   62 0.82
  47  134 0.19
   5   44 0.38
  33  102 0.23
  28   76 0.94
  46   87 0.10
  42   67 0.22
  54   97 0.08
   0   41 0.71
  55   64 0.70
   8   36 0.69
  32   83 0.23
  48  110 0.97
  11   54 0.41
  46  100 0.81

  51   91 0.07
  58  113 0.60
   5   91 0.02
   0   37 0.03
   9   61 0.24
  16   37 0.38
  53   73 0.43
  38   73 0.74
  39  106 0.84
  33   84 0.92
  21   63 0.17
  46  132 0.84
  13   34 0.58
   2   16 0.10
  48  128 0.71
  26   61 0.84
   5   47 0.05
  45   75 0.12
  25  104 0.88
  40   66 0.09

  16   48 0.37
  56   62 0.63
  28   68 0.88
  10   76 0.14
  26   36 0.74
  58  121 0.68
  40   76 0.05
  13   76 0.71
  56   73 0.73
  14   71 0.19
  45   50 0.14
  44   56 0.32
  40   80 0.03
  21  110 0.83
  35  100 0.73
   5    8 0.00
  37   38 0.36
   9   17 0.24
   3   41 0.00
  21   35 0.03

  39   66 0.04
  10   98 0.21
   8   79 0.16
  16   53 0.67
  16   62 0.24
   8   79 0.99
  17   88 0.70
   3   84 0.00
  32   81 0.71
  54  136 0.82
  17   66 0.74
   8   11 0.78
  39  125 0.59
  50   84 0.12
   8   33 0.90
  50  123 0.52
  56  107 0.03
  24   35 0.95
  12   48 0.86
  58   62 0.38

  33  105 0.46
  15   76 0.18
  35   77 0.97
  17   87 0.14
  40   72 0.17
  50   56 0.66
  27   29 0.88
  48  129 0.03
  12   30 0.11
  12   67 0.61
  10   21 0.89
  44   72 0.18
   5   35 0.52
  39   73 0.64
   7   44 0.18
  18   81 0.74
  20  104 0.73
  50   63 0.39
  41   55 0.58
  58   85 0.90

  44  130 0.83
  53   67 0.33
  55  129 0.73
   3   29 0.69
  36   66 0.98
  24   66 0.88
  12   13 0.96
   7   76 0.94
  12   48 0.07
  43   80 0.65
  48  114 0.07
  15   58 0.72
  35   49 0.60
  16   62 0.19
  26   95 0.17
  29   94 0.07
  17   17 0.92
  49  125 0.34
  25   42 0.08
  21   72 0.72

  34   88 0.95
  28   54 0.58
  57  134 0.98
  21   51 0.94
  33   72 0.83
  33   60 0.34
  26   70 0.59
  36   57 0.97
  54   55 0.75
   0   65 0.27
  23   86 0.53
  45  133 0.36
   3   57 0.75
  10   95 0.05
  27   54 0.08
   7   85 0.14
  41  114 0.29
  40   84 0.92
  48   95 0.30
  13   14 0.65

  11   91 0.47
  17   69 0.53
  12   77 0.50
   4   18 0.22
  18   72 0.09
  36   54 0.98
  41   62 0.16
  48  109 0.51
   1   34 0.56
  59  113 0.75
   8   29 0.21
  39   44 0.43
  19   75 0.99
  38   41 0.03
  40  127 0.23
  10   84 0.94
  12   95 0.01
   7   42 0.75
  32   97 0.07
  46   86 0.69

