4 80 4
3   10  10  16

  77  111 0.14
  88  109 0.86
  83  217 0.01
  25  128 0.46
  74   88 0.27
  24  112 0.94
  40   87 0.82
  86  166 0.89
  23   59 0.33
  77  178 0.03
  86  214 0.72
  22   55 0.69
  33  107 0.64
   5   66 0.58
  24   40 0.05
  20   47 0.81
  39  165 0.32
  24  125 0.64
  37   87 0.60
  62   85 0.89
  58  139 0.43
   3   68 0.76
  50   92 0.21
  78   87 0.40
  65   79 0.96
  38   96 0.49
  80  207 0.00
  70  173 0.79
  71  165 0.53
  76  105 0.01
   2   22 0.08
  86  185 0.26
  77  161 0.51
  33  159 0.98
  48   66 0.06
  45  106 0.60
  22   86 0.66
  19  143 0.64
  49   51 0.83
  18   68 0.26
  16   77 0.14
  80  130 0.36
  78  151 0.74
  63  168 0.71
  80   98 0.80
  62  157 0.75
  55  104 0.17
  55  132 0.38
  60  115 0.09
   0   81 0.39
  39  106 0.08
  27   50 0.71
  70  171 0.70
  72  204 0.54
  50  176 0.08
  35   38 0.48
  29   72 0.81
  88  105 0.19
  55  122 0.73
   9   42 0.44
   6  132 0.99
  73   80 0.65
  47  153 0.13
  79  104 0.29
  84  165 0.95
  60  142 0.17
  70  114 0.42
  13   90 0.10
  10  115 0.46
  78  159 0.45
  45   61 0.22
   6  120 0.73
  64  131 0.80
  48  138 0.10
   1  119 0.22
  44   46 0.66
  67   76 0.82
  78   92 0.82
  42  146 0.10
  54   61 0.97

  68  151 0.52
   2   91 0.65
  55  146 0.51
  63  136 0.54
  11  100 0.61
  38   57 0.39
  81  174 0.05
  76  159 0.18
  89  221 0.86
  64  191 0.04
  39   88 0.78
  39  165 0.91
  61   97 0.83
  62   68 0.72
  71  123 0.31
  19  147 0.21
  55  153 0.56
  41   69 0.41
  76   88 0.58
  86  155 0.31
  60  106 0.43
  66  127 0.93
  12  139 0.00
  46  175 0.00
  59  104 0.05
  53   63 0.55
  40   88 0.56
  86  206 0.51
  41  141 0.83
  70  122 0.86
   8  128 0.47
  28   86 0.44
  79   83 0.78
  38   92 0.45
  50   61 0.98
  72  116 0.72
  21   69 0.06
  87  165 0.00
   2  100 0.13
  22  125 0.99
  28   55 0.42
   0   67 0.47
  88  180 0.02
  21  138 0.72
  86  127 0.83
  55  171 0.87
  47  125 0.10
  19   36 0.57
  62   63 0.24
  42  103 0.06
  70  166 0.22
  10  140 0.32
  21  101 0.25
  53  104 0.53
  38  106 0.21
  87   94 0.37
  45   57 0.75
  29  106 0.34
   0   83 0.67
  79  161 0.02
  12  117 0.19
  21  119 0.83
  42   62 0.61
  26  104 0.28
   6   57 0.41
  74  180 0.76
  78  155 0.72
  85  103 0.11
   7   83 0.47
  88  216 0.57
  35   43 0.36
  18  119 0.03
  73  184 0.55
  58  133 0.00
  28   67 0.75
  46  118 0.55
   5  104 0.94
  70  116 0.68
   9   74 0.97
  47   72 0.82

  37  110 0.89
  77  179 0.46
  74  153 0.81
  20   82 0.38
  72  186 0.84
  70  116 0.55
   7   42 0.52
  18  107 0.74
  69  100 0.13
  10   81 0.48
  45  150 0.28
  34  138 0.75
  68  194 0.82
  15   63 0.53
  56  153 0.48
  18  133 0.60
  22   73 0.07
  84  151 0.68
   4   91 0.78
  76  193 0.96
  70   85 0.58
  39   48 0.16
   5    7 0.74
  56  165 0.01
  82   88 0.00
   5  132 0.48
  68   76 0.78
  55  189 0.16
  77  108 0.03
  15   67 0.86
   1   58 0.05
  16   66 0.72
  52  131 0.53
  18  136 0.71
  66  188 0.32
   9  118 0.46
  47   92 0.01
  81  143 0.18
  66   99 0.61
   8  139 0.65
  71  164 0.19
  80  134 0.99
  43  131 0.94
   3  100 0.01
  38   51 0.56
  13  102 0.33
  31   93 0.03
  33  143 0.82
  25   78 0.11
   5   42 0.60
  33  115 0.08
  68  140 0.70
  20   56 0.30
  58  142 0.71
   6   74 0.25
  65  150 0.27
  77  136 0.97
  60   86 0.46
  37   74 0.74
  23  116 0.42
  24   63 0.92
  67  147 0.37
  46   79 0.13
  41   42 0.63
  80  161 0.23
  46  178 0.25
  20   27 0.54
   6   59 0.03
  18  116 0.14
  72   72 0.75
  86  155 0.45
  34   83 0.23
  65  166 0.29
   5   51 0.97
  41   74 0.70
  56  105 0.58
  77  149 0.50
  87  135 0.74
  37  171 0.54
  23   76 0.24

