3 25 8
12    2   2   4  10  10  16  10  10  10  10  10  10

  29   75 0.80
  52   70 0.82
  64   75 0.63
  30  110 0.77
  23   29 0.65
  76  123 0.45
  27   58 0.04
  49   64 0.86
  43   87 0.94
  61  100 0.42
  41  116 0.56
  60   84 0.98
  69  115 0.01
  54   72 0.85
  58   89 0.71
  24   87 0.43
  11   66 0.74
  24   81 0.96
  78   88 0.10
  34   36 0.64
  78  110 0.15
  39  101 0.08
  30   38 0.47
  56   77 0.53
  78  152 0.81

  11   33 0.40
  46   82 0.16
  54   69 0.99
  30   92 0.01
  27  102 0.60
  26   59 0.71
  25   92 0.18
  58   85 0.16
  49  102 0.50
  12   27 0.48
  37   90 0.16
  48   77 0.89
  66  141 0.24
  54  132 0.35
  54   59 0.98
  41   69 0.03
  17   83 0.21
  64  100 0.32
  48   81 0.20
  36   37 0.01
  11   85 0.32
  44   89 0.88
  34   72 0.10
   9   87 0.01
  38  110 0.41

  77  137 0.53
  75  127 0.52
  23   48 0.01
  74  131 0.64
  18   98 0.57
  20   41 0.75
  13   20 0.53
  54  103 0.51
  30   72 0.84
  27   90 0.21
  39   64 0.14
  64   91 0.12
  57   98 0.10
   9   85 0.10
   5   31 0.12
  65  124 0.10
  10   34 0.19
  76  152 0.76
   4   59 0.66
  66   91 0.70
  76  138 0.98
  42   97 0.59
  80  151 0.22
  36   92 0.49
  35  105 0.62

   6   61 0.22
  19   32 0.96
  22   92 0.65
  58   62 0.12
  44  100 0.88
  45   96 0.73
  39  106 0.34
  62   95 0.53
  26  102 0.87
   4   79 0.24
  53   85 0.63
  18   51 0.87
  71  124 0.73
  55   55 0.27
  76  102 0.00
  40   78 0.02
   5   36 0.68
  13   81 0.09
  45  105 0.57
  20   35 0.80
  45   90 0.44
  44   60 0.06
  25   42 0.06
   6   12 0.58
  33   39 0.51

  63  130 0.24
  33   47 0.72
  27   28 0.60
  76  150 0.36
  53   82 0.18
  55   75 0.45
   6   13 0.59
  25   50 0.12
  80   83 0.30
  31   73 0.12
   4    5 0.25
  29   98 0.97
  14   28 0.19
   3    7 0.36
  22   73 0.90
  74  123 0.00
  29   52 0.46
  18   66 0.50
  26   46 0.76
  79   93 0.92
  60   90 0.77
   5   63 0.68
  67   84 0.00
  71   75 0.03
  45   84 0.14

  67  115 0.31
  32   44 0.83
  80   95 0.70
   5   73 0.90
   9   43 0.51
  17   82 0.10
  54   77 0.76
  10   27 0.26
  67  104 0.66
   6   47 0.03
  29   62 0.55
  59  107 0.36
  44   72 0.87
  57   59 0.28
  72   85 0.06
  57  116 0.13
  47   56 0.84
  41   55 0.56
   7   13 0.81
  18   96 0.90
  71   93 0.07
   4    5 0.75
  55   91 0.30
  20   63 0.01
  36  104 0.52

   4   50 0.74
  78  153 0.05
  69  137 0.62
  22   77 0.34
  71  141 0.97
  66   92 0.94
  31   55 0.26
  80   83 0.55
   3   44 0.72
  40   92 0.26
  46  124 0.39
  57   90 0.53
  80  160 0.51
  36   58 0.95
   5   66 0.08
  69  148 0.03
  30  101 0.13
  19   28 0.31
  14   90 0.14
  17   57 0.87
  46   48 0.70
  13   57 0.28
  33  102 0.27
  42   73 0.42
  37   83 0.09

  45  108 0.40
  61  114 0.90
  56  128 0.05
  35  110 0.78
   5   58 0.23
  59   59 0.92
  59   70 0.14
  65  126 0.79
  73   82 0.70
   5   73 0.62
   7   34 0.79
  44   70 0.40
  47  110 0.54
  41   41 0.44
  49   71 0.97
  47   80 0.75
  11   89 0.42
  21   38 0.85
  32  103 0.19
  54  117 0.13
  28  101 0.92
  62  101 0.74
  50   73 0.52
   0   28 0.95
  56   68 0.73

   4   41 0.75
  61  130 0.95
  48   87 0.16
  18   39 0.10
  62  121 0.55
   9   41 0.94
  32   98 0.68
  12   27 0.66
  56  112 0.08
   7   73 0.89
  45   78 0.97
  53   54 0.34
  38   78 0.92
  20   85 0.60
  54  109 0.64
  70  143 0.41
  21   33 0.10
  49   75 0.82
  70  116 0.42
  65  145 0.65
   1   72 0.04
  78  144 0.04
   0   67 0.64
  54  134 0.72
  67  142 0.76

  53  101 0.58
  55  106 0.28
  11   84 0.55
  75  121 0.33
  25   67 0.60
  59  137 0.61
  64   66 0.07
   3   47 0.95
  53  105 0.84
  41   86 0.89
  55   67 0.56
  58   67 0.54
  48   55 0.31
  58  138 0.97
  25   48 0.75
  37   70 0.55
  13   70 0.49
  19   33 0.93
  49  116 0.23
  63  132 0.44
  36   46 0.97
   7   18 0.49
  48   93 0.93
  54  118 0.57
  27   73 0.52

  24   98 0.39
  29   73 0.88
  44   66 0.79
  43   48 0.77
  21   47 0.90
  26   88 0.58
  68   96 0.84
  19   19 0.41
  69   79 0.19
  48   51 0.52
  75  126 0.28
   1   50 0.96
  22   44 0.02
  20   54 0.22
  32   74 0.03
  79  104 0.69
  31   35 0.40
  68  114 0.79
  17   94 0.47
  61   90 0.25
  75  115 0.35
  52   68 0.71
  58   97 0.27
  77  101 0.06
  11   72 0.90

  59  132 0.26
  12   62 0.60
  67   85 0.49
  10   87 0.97
  59   77 0.89
  74  131 0.44
  18   56 0.33
  38   99 0.31
  44   53 0.23
  36   92 0.44
  41   64 0.31
  66  134 0.82
  73   92 0.71
  59   62 0.30
  35   94 0.09
  52  101 0.71
  13   25 0.19
  67  147 0.07
  66   98 0.40
  38   62 0.24
  37  107 0.30
  61   91 0.14
  49  125 0.87
  37   81 0.86
  69  145 0.65

