5 20 4
12   10   2  10  20   2  16   2  16  10  10  20  16

  61   79 0.20
  60   66 0.68
  47   47 0.10
  48   62 0.22
  42   66 0.53
  62   80 0.58
  23   42 0.59
  16   36 0.67
  16   17 0.04
   0   19 0.71
  28   48 0.64
  48   64 0.28
  36   66 0.85
  16   38 0.38
  24   56 0.43
   1   26 0.96
  26   31 0.47
  15   31 0.47
  52   75 0.72
  62   76 0.27

  33   47 0.08
  55   62 0.24
   4   19 0.00
  27   46 0.85
  28   38 0.62
  51   55 0.94
  61   61 0.27
   3   17 0.70
  16   27 0.77
  42   70 0.56
  24   34 0.91
  20   41 0.35
  20   26 0.17
  26   36 0.86
  15   33 0.98
  23   55 0.92
  52   61 0.62
  37   59 0.12
   0   31 0.66
  25   45 0.06

  54   62 0.93
   0   17 0.76
  57   83 0.11
  11   23 0.47
  22   35 0.61
   2   22 0.34
  37   54 0.86
  52   62 0.72
  63   65 0.18
  56   56 0.11
  47   49 0.04
  63   66 0.27
  45   77 0.21
  17   26 0.12
   5   17 0.53
  38   58 0.82
  40   47 0.05
  66   93 0.60
   3   29 0.57
  32   48 0.55

  25   46 0.68
  13   30 0.99
  66   69 0.82
  11   39 0.08
  32   63 0.77
  46   62 0.81
  53   63 0.48
   0   19 0.65
  11   21 0.57
  48   63 0.59
  33   34 0.22
  41   70 0.31
  30   34 0.43
  32   34 0.77
  30   45 0.39
  64   87 0.16
  38   52 0.65
  57   72 0.40
  41   64 0.91
  16   42 0.13

  63   72 0.04
  38   42 0.52
  36   50 0.86
  46   71 0.31
  37   51 0.91
  42   54 0.08
  24   39 0.54
  51   52 0.41
   3   30 0.88
   0    3 0.69
  64   83 0.23
  31   40 0.09
  30   32 0.82
  21   46 0.18
  36   48 0.08
  49   74 0.26
  63   69 0.87
  41   57 0.18
  27   54 0.24
  19   35 0.81

  48   52 0.21
  58   63 0.67
   2   33 0.99
  24   52 0.71
  26   40 0.73
  39   56 0.69
  19   31 0.17
  22   54 0.49
   2    9 0.36
  53   81 0.28
  44   49 0.24
  31   51 0.61
  37   60 0.40
  65   78 0.43
  13   33 0.05
  43   71 0.73
  38   49 0.63
  56   67 0.33
   2   28 0.04
  59   64 0.59

  17   46 0.71
   6   21 0.38
   0    0 0.33
  22   48 0.24
  20   31 0.40
  58   66 0.50
  35   46 0.17
  63   68 0.15
  24   34 0.67
  25   44 0.05
  64   69 0.33
  20   28 0.04
  17   32 0.22
   4    8 0.03
  19   45 0.28
  46   68 0.24
  25   56 0.80
  18   37 0.64
  23   55 0.28
  34   62 0.24

  23   26 0.70
  55   69 0.39
  28   55 0.43
  28   30 0.66
   5   10 0.34
   6   32 0.31
  41   44 0.59
  17   19 0.47
  51   72 0.64
  25   57 0.03
  38   58 0.99
  13   45 0.74
   1    2 0.15
  23   51 0.71
  61   72 0.75
  28   41 0.88
  11   30 0.77
  60   83 0.70
  66   81 0.49
  37   60 0.13

  48   67 0.41
  46   63 0.69
  23   27 0.65
   3   26 0.22
  12   24 0.48
  26   47 0.00
  39   39 0.02
  21   30 0.35
  24   32 0.59
  37   55 0.20
  54   65 0.67
  11   26 0.03
  44   73 0.48
  62   62 0.41
  19   40 0.70
  41   45 0.15
   8   20 0.63
  17   47 0.21
  49   81 0.22
  16   28 0.67

   5   26 0.42
  56   58 0.01
  61   72 0.30
  51   63 0.31
  29   60 0.51
   8   38 0.83
  13   28 0.48
  23   50 0.77
  22   32 0.85
  22   51 0.44
  32   44 0.72
  61   87 0.26
  15   22 0.06
  46   68 0.19
  31   37 0.14
  56   86 0.11
  52   66 0.76
  59   62 0.25
  52   84 0.09
  37   50 0.85

  29   60 0.74
  66   75 0.11
  41   46 0.69
  59   60 0.08
  14   42 0.37
  60   68 0.69
  64   90 0.19
  10   29 0.39
  42   42 0.70
  17   45 0.92
  34   37 0.83
  29   60 0.75
   3    4 0.65
  43   61 0.75
  51   70 0.15
  21   52 0.51
  59   60 0.11
   9   34 0.06
  32   63 0.65
  57   89 0.91

  53   69 0.09
  62   77 0.76
   0   23 0.81
  61   81 0.76
  35   44 0.25
  58   86 0.78
  26   41 0.25
   2   12 0.43
   9   25 0.33
  25   54 0.75
  10   24 0.65
  37   56 0.96
   8   20 0.29
  42   48 0.61
   3   33 0.19
  34   38 0.86
  58   80 0.25
  39   70 0.96
  55   76 0.35
  57   58 0.76

