3 15 4
12    2  10   4  10  16  16  10  10  16  16   2  10

  32   45 0.52
  13   30 0.01
  33   68 0.38
  22   42 0.50
  22   39 0.58
   4   23 0.45
  34   69 0.46
   2   14 0.85
   2   10 0.61
  28   60 0.85
  15   17 0.90
  30   57 0.76
  32   66 0.18
  13   39 0.32
  17   21 0.81

   3    8 0.02
  21   34 0.35
  26   27 0.56
  19   20 0.79
   9   39 0.64
  27   35 0.30
  10   42 0.10
  35   64 0.96
  18   36 0.02
  28   49 0.56
   4   12 0.57
  26   50 0.16
  30   32 0.87
  33   53 0.46
   0   34 0.92

  20   37 0.77
   3   20 0.78
   2    8 0.87
  36   57 0.61
   7   26 0.20
  11   44 0.35
  10   11 0.75
  27   48 0.80
  36   47 0.40
   2   37 0.52
   3   13 0.34
   1    3 0.79
  30   34 0.60
  14   17 0.47
  10   43 0.68

  29   46 0.03
  22   30 0.56
  30   33 0.19
  14   20 0.72
  13   23 0.52
  10   43 0.50
  29   45 0.57
   9   34 0.35
   3   11 0.81
  25   26 0.73
  34   57 0.06
  30   44 0.70
  21   36 0.18
  13   35 0.17
  32   56 0.18

  34   62 0.23
  14   14 0.50
  15   44 0.64
  19   45 0.40
  22   36 0.36
  27   39 0.67
  19   35 0.54
  25   55 0.35
   5   40 0.18
  16   22 0.80
  12   21 0.89
  29   46 0.67
  37   61 0.36
  14   41 0.98
  17   38 0.11

  15   40 0.12
  17   47 0.22
   5   23 0.06
  28   60 0.14
  27   58 0.18
  28   44 0.28
  27   55 0.94
  22   47 0.40
  28   65 0.83
  15   48 0.14
  18   40 0.57
  36   48 0.43
  30   56 0.45
   8   30 0.78
  17   26 0.40

  36   38 0.79
  25   45 0.51
   4    7 0.41
  31   65 0.47
  10   45 0.68
  18   26 0.78
  11   33 0.85
  18   49 0.96
  14   35 0.54
  16   42 0.35
  37   47 0.15
   0    0 0.70
  19   21 0.07
  18   55 0.92
  16   31 0.84

  16   51 0.65
  36   52 0.26
  11   17 0.79
  19   42 0.65
  26   39 0.12
  25   50 0.29
  27   39 0.86
  11   19 0.60
  13   18 0.91
  28   63 0.76
   9   13 0.48
  31   65 0.43
   0   11 0.67
   5   21 0.15
  20   20 0.43

  19   32 0.56
  27   56 0.95
  24   41 0.15
   7   43 0.31
  10   20 0.18
  14   30 0.80
   7   13 0.31
  27   48 0.61
  15   29 0.02
   9   21 0.87
  32   32 0.29
  34   43 0.32
  33   69 0.30
  20   50 0.18
  26   61 0.59

   1   34 0.48
   7   21 0.45
   2    8 0.65
  12   23 0.15
  21   31 0.64
   9   30 0.80
  16   22 0.74
  13   45 0.55
   2   17 0.07
  37   73 0.47
  28   55 0.19
  36   71 0.79
  35   57 0.65
  13   20 0.75
  37   56 0.90

  23   59 0.73
   0   35 0.84
  15   30 0.98
  31   48 0.18
   4   32 0.98
   1    3 0.76
   6   41 0.08
  37   45 0.29
  24   61 0.50
  29   47 0.18
   0   24 0.73
  37   54 0.49
  35   40 0.15
  28   62 0.24
   3    6 0.64

   8   10 0.47
  16   50 0.21
  14   39 0.48
  30   55 0.11
   3   33 0.85
  34   61 0.52
  11   23 0.60
  23   44 0.23
  29   44 0.63
  25   44 0.57
  22   51 0.17
  10   24 0.53
  34   50 0.81
  32   67 0.70
  16   23 0.91

