5 20 8
12    4  20  10  16   2   2  10   2   4   4  10  10

  30   45 0.70
  28   33 0.01
  28   29 0.45
  23   33 0.16
  10   29 0.54
  12   23 0.72
  31   53 0.36
  27   33 0.93
  28   48 0.08
  10   31 0.58
  33   42 0.37
  17   28 0.12
   8   11 0.80
   5   13 0.95
  26   43 0.32
   8   14 0.03
  27   35 0.01
  16   33 0.20
   6    7 0.95
  23   27 0.54

  26   35 0.44
  32   39 0.54
  18   33 0.98
  34   51 0.17
  28   48 0.37
  29   34 0.75
   6   18 0.01
  11   33 0.07
  14   22 0.22
  18   31 0.39
  22   28 0.73
  19   27 0.73
   3   20 0.77
   5   14 0.50
  19   40 0.84
  19   19 0.16
  30   35 0.01
   1   10 0.60
  29   39 0.76
   9   23 0.32

  18   39 0.64
  25   26 0.73
  23   42 0.82
   3    7 0.06
  28   41 0.42
  28   33 0.94
  13   35 0.52
  12   22 0.75
   2   12 0.93
   6   10 0.00
   2    2 0.96
  32   46 0.05
  24   36 0.72
  12   27 0.84
   3   16 0.22
   4   11 0.66
  27   48 0.61
  10   23 0.62
  26   30 0.84
  21   31 0.35

   0   11 0.42
  30   44 0.79
  33   55 0.87
  15   20 0.31
   4   14 0.79
  28   34 0.57
  19   29 0.01
  25   40 0.00
  13   31 0.93
   0   14 0.97
   0    2 0.46
  19   26 0.49
  23   30 0.10
  33   47 0.83
  32   49 0.56
  21   41 0.98
  21   41 0.21
  13   31 0.80
   8   26 0.47
  30   45 0.00

  22   26 0.28
   2   18 0.89
  29   32 0.76
  23   35 0.00
  13   29 0.31
  21   21 0.22
  14   22 0.72
   0   10 0.62
  13   25 0.94
  15   30 0.74
  14   19 0.51
  28   29 0.89
   8   28 0.27
   8   13 0.82
  26   37 0.73
   8   23 0.93
   3   22 0.73
  32   41 0.19
  14   34 0.62
   3   13 0.60

  27   34 0.16
  32   43 0.99
  15   19 0.22
   3   17 0.26
   1   22 0.89
  16   32 0.15
  21   41 0.11
  33   45 0.55
  13   16 0.05
   0   16 0.74
   2    5 0.70
   7   20 0.66
  11   14 0.14
  13   23 0.21
   4   19 0.46
  29   33 0.23
  20   26 0.88
  31   50 0.63
  13   16 0.79
  25   26 0.17

  25   34 0.77
  26   46 0.87
   7   20 0.19
   3    7 0.41
  24   29 0.63
  28   33 0.56
   4   15 0.55
   2   16 0.97
  19   39 0.06
   6   20 0.31
  18   34 0.25
  26   37 0.32
  17   28 0.22
  18   36 0.36
  19   38 0.95
  19   37 0.98
  27   37 0.37
   6    6 0.90
  31   34 0.59
  29   45 0.51

  12   28 0.84
   1    8 0.07
  11   16 0.17
  20   39 0.21
  30   38 0.43
   9   20 0.20
  13   32 0.48
  28   33 0.95
   3   18 0.48
  24   39 0.13
  25   36 0.25
  26   26 0.59
   2   23 0.01
  12   24 0.72
   1   20 0.64
  19   41 0.67
  29   31 0.48
   5   22 0.58
  13   19 0.01
  33   42 0.34

   3   16 0.82
  25   29 0.22
   3   14 0.47
   1   23 0.25
  31   35 0.33
  30   44 0.21
  33   44 0.67
   4   26 0.24
  15   23 0.39
   7   13 0.67
  29   39 0.75
   2   12 0.69
  20   41 0.20
  34   44 0.96
   6    7 0.95
  24   33 0.33
  30   50 0.28
  21   24 0.81
   4   19 0.84
  18   32 0.10

   7   27 0.50
  20   21 0.96
   0    8 0.64
  32   37 0.48
  26   41 0.14
   1    7 0.70
  10   14 0.58
  24   37 0.87
  34   43 0.73
  13   28 0.64
  19   20 0.91
  24   24 0.87
  19   22 0.89
  27   32 0.16
   0    4 0.43
   8    8 0.53
  25   40 0.43
   5    7 0.53
   9   15 0.16
  12   15 0.58

  23   45 0.70
  16   33 0.00
  19   30 0.28
  29   45 0.62
   9   15 0.09
  17   26 0.36
   7   24 0.94
   6   13 0.35
  26   40 0.00
  30   39 0.29
   5    9 0.83
   8    8 0.73
   0   20 0.38
   5   15 0.53
   9   30 0.01
   4   10 0.29
  33   52 0.17
  25   38 0.16
  25   27 0.69
   4   23 0.25

   2    5 0.74
   9   26 0.93
   1    9 0.52
   2   12 0.62
  31   47 0.04
  23   35 0.40
  19   32 0.59
  15   31 0.41
  12   29 0.80
  29   31 0.45
  17   26 0.99
  22   35 0.75
  10   30 0.54
   5   14 0.77
  22   26 0.50
  16   19 0.28
  18   18 0.85
   4    5 0.44
   7   25 0.08
  30   52 0.41

