4 50 4
6   20  10  10   2  16   2

  89  192 0.89
 125  209 0.73
  41  159 0.12
 120  232 0.11
  36  144 0.77
   7   63 0.98
  99  166 0.00
  62  146 0.94
  83   94 0.24
  58   84 0.65
 105  145 0.24
  80  178 0.59
  52  185 0.14
  87  126 0.71
  36   62 0.73
  77  146 0.29
  34  114 0.64
  53   55 0.94
  57  146 0.37
  80  172 0.11
  28  120 0.37
  70  188 0.28
  10  110 0.93
 120  185 0.45
  49  113 0.66
  81  142 0.64
 126  240 0.74
  52  128 0.15
  94  179 0.53
  16   93 0.97
  71  126 0.92
 139  224 0.92
 108  170 0.65
 123  193 0.68
  38  121 0.93
   6   47 0.00
  80   90 0.36
  84  205 0.60
  60   78 0.61
  52  101 0.10
  76  150 0.09
  52  111 0.35
 127  243 0.82
 109  153 0.98
  48  167 0.91
  98  188 0.39
 122  171 0.10
  74  170 0.85
  62  152 0.70
   3   35 0.34

 120  128 0.15
  51  146 0.21
 133  162 0.28
  19   63 0.94
  18  134 0.95
  18  145 0.07
   9   26 0.67
  50   60 0.75
  17  145 0.33
  52  110 0.63
  42   63 0.90
 129  210 0.11
  36   75 0.58
 103  157 0.62
  54  145 0.05
 134  273 0.31
  38   84 0.99
 119  136 0.22
  69  197 0.78
  17   48 0.59
 109  215 0.15
  36  168 0.53
  49  101 0.52
  34   36 0.40
  88  188 0.40
  42  120 0.91
  99  229 0.09
 104  149 0.96
  19  119 0.91
  62  109 0.67
  84  158 0.11
  70  107 0.15
  42   88 0.48
 105  242 0.84
  32  117 0.35
  16   85 0.51
  72  178 0.31
  74  156 0.65
  93  199 0.47
  78  138 0.33
  71  201 0.56
  22   64 0.72
  90  188 0.16
   9  110 0.94
 111  154 0.28
  62  102 0.42
  58   82 0.87
 103  186 0.79
  67   75 0.00
   7   95 0.07

  43  172 0.39
   8  136 0.05
  16   23 0.22
   2   76 0.72
  67  145 0.38
  59  117 0.20
  22  136 0.78
  61   70 0.55
  14  102 0.82
  92  132 0.07
 126  221 0.23
  58  131 0.26
  56  155 0.50
  71  189 0.44
  73  171 0.75
  10  144 0.99
  61  151 0.85
  21  105 0.57
  66   79 0.35
   5   24 0.10
  62  192 0.21
  50   69 0.26
 138  154 0.47
  92  203 0.40
  74   88 0.52
 107  224 0.31
  37  152 0.36
  61  178 0.38
  24   62 0.84
  98  153 0.48
  26   67 0.71
  79  116 0.26
 115  142 0.36
  62   65 0.24
  99  158 0.62
 102  115 0.70
   5   51 0.43
   4   63 0.43
  95  195 0.88
 109  190 0.33
 108  215 0.32
 138  185 0.76
  61  111 0.74
 127  178 0.66
  11  139 0.09
  54   89 0.94
  26   75 0.76
   6    8 0.34
 106  189 0.55
 115  188 0.02

  68   98 0.37
 125  147 0.54
  39  119 0.34
 130  194 0.33
  44  103 0.50
  19  111 0.66
  80  103 0.66
 132  194 0.50
 106  220 0.84
  37  155 0.84
 113  162 0.75
  22  135 0.42
 107  195 0.64
 109  178 0.12
  73   78 0.73
  54   71 0.14
   4   23 0.11
 108  233 0.35
  95  132 0.14
  24  105 0.37
  84  198 0.03
  34  152 0.13
  69  142 0.35
  20  111 0.87
 122  226 0.68
  99  108 0.44
  63  118 0.80
  50  112 0.30
  44   54 0.39
  81  174 0.98
 121  241 0.69
  70  143 0.31
 124  153 0.87
 107  161 0.66
  84  202 0.98
  29   43 0.67
  42  157 0.49
  32  118 0.18
  98  157 0.41
  68  142 0.90
  73  106 0.87
 128  263 0.28
 116  141 0.65
  36   64 0.57
  69  110 0.67
  51  175 0.11
  31   46 0.98
  74  134 0.92
  73  119 0.29
   4   20 0.11

  77   96 0.96
  88  221 0.62
  41  102 0.25
   0   83 0.48
  86  150 0.52
  51  190 0.67
  50  143 0.90
 128  255 0.35
 111  190 0.20
  59  172 0.78
 105  187 0.56
  11   85 0.66
 137  178 0.34
  49  136 0.27
  36   57 0.95
  67  152 0.29
  61  104 0.56
 120  186 0.00
 139  258 0.36
 105  182 0.73
  88  132 0.74
   2  102 0.05
 108  211 0.24
  88   88 0.72
  58  193 0.61
 119  144 0.84
 138  200 0.48
  39   41 0.98
  71  112 0.09
  70  157 0.13
 106  228 0.40
  63   87 0.95
  72  109 0.64
 139  161 0.33
  53  142 0.67
  99  213 0.28
   6   36 0.54
  94  214 0.94
  45  147 0.10
 124  144 0.03
  16   40 0.53
  66  105 0.26
  79  135 0.31
  12   47 0.82
 127  265 0.43
  65  112 0.56
  14  133 0.60
  46  139 0.84
  35  138 0.52
  58  116 0.96

  61  197 0.80
 128  185 0.02
  72  188 0.16
   2   11 0.21
 121  226 0.65
 128  236 0.42
  29   34 0.33
 112  114 0.08
 104  236 0.43
 107  186 0.21
  72  203 0.21
 103  242 0.83
  45  112 0.21
  67  110 0.66
 119  124 0.63
  98  139 0.67
  34   63 0.17
  15   72 0.16
  29  167 0.99
   3    7 0.50
  10   45 0.57
  41   83 0.33
 108  146 0.98
   7   84 0.60
  99  224 0.72
  80  150 0.30
 134  185 0.31
  77  171 0.60
  16  138 0.06
 114  177 0.21
  29   83 0.27
  36   88 0.18
  78  156 0.83
  32   41 0.85
  16   62 0.28
 102  149 0.79
  33  139 0.33
  87  116 0.46
  59   76 0.53
  79  161 0.77
  36  114 0.32
  57  103 0.96
 103  188 0.32
  65  115 0.48
 117  207 0.74
 106  113 0.28
  70  111 0.64
   9   33 0.04
  78  207 0.68
  60  109 0.73

