5 50 4
6   16  10   4  10  10  16

 121  130 0.38
  17   19 0.31
  21   23 0.60
 104  180 0.88
  84  129 0.88
  10   89 0.11
 110  141 0.49
 116  189 0.20
 118  195 0.59
 115  138 0.79
  59   79 0.21
 113  191 0.50
  56  100 0.35
 106  182 0.91
  22   23 0.72
  81  112 0.35
  74  152 0.45
  87   95 0.56
  44   64 0.80
  58  112 0.35
  18   57 0.80
  48   76 0.05
  50  106 0.72
  25   66 0.99
   5   75 0.10
  96  131 0.07
  16   38 0.52
  91  155 0.01
 122  153 0.69
  60  125 0.49
  47   97 0.12
  35  109 0.47
  58  115 0.68
  45   66 0.92
 113  189 0.42
   9   38 0.95
  86  144 0.79
   4   72 0.24
  28   88 0.46
  22   94 0.09
  77  107 0.89
  29   33 0.68
  65   73 0.92
 104  113 0.41
  48   95 0.47
 105  146 0.88
 109  151 0.37
  64  100 0.95
 114  178 0.06
 104  143 0.92

 110  131 0.99
  24   95 0.17
   7   26 0.30
  20   97 0.07
  75  131 0.72
  63   75 0.89
  26   68 0.59
  27   43 0.10
  63  127 0.18
  23   74 0.27
   1   30 0.23
 102  161 0.69
   2   11 0.67
 109  151 0.15
  81  118 0.27
  61   72 0.11
  84  103 0.15
 111  164 0.34
  18   48 0.12
  29   80 0.65
  83  154 0.71
  12   93 0.93
 107  184 0.66
   0   41 0.07
  20   81 0.92
  75   81 0.04
  33   60 0.93
  67  108 0.19
  86   87 0.37
  58  123 0.65
 105  185 0.01
   0   62 0.90
 104  108 0.19
  10   20 0.48
  86   88 0.42
  90  110 0.69
  92  166 0.77
 108  175 0.42
  33   97 0.14
  94  110 0.87
  91  149 0.68
  15   75 0.31
  76   82 0.54
  85  156 0.52
   3   14 0.97
  98  176 0.49
  54  132 0.38
  86  135 0.18
  86  106 0.30
  89  118 0.13

   5   12 0.14
 102  147 0.42
  55  129 0.78
   2   78 0.05
  24   49 0.34
  31   82 0.77
  95  152 0.35
  23   45 0.04
 122  190 0.24
  99  137 0.60
  13   85 0.91
 113  137 0.97
  55  115 0.67
  79   87 0.45
  19   73 0.34
  57  138 0.66
  37   81 0.67
  13   93 0.71
  23   80 0.52
  44  125 0.66
 108  154 0.88
  38   74 0.64
  41   48 0.10
  82  146 0.01
  16   92 0.23
 122  177 0.93
  26   30 0.86
  18   54 0.92
  59   98 0.27
 111  161 0.74
 102  160 0.51
  31   44 0.73
  73  111 0.59
  32   53 0.07
  30   58 0.42
  93  103 0.64
   9   77 0.04
  91  129 0.14
 120  159 0.50
  35   88 0.15
 108  176 0.05
  50  112 0.58
  79  149 0.81
  69  112 0.89
  52   69 0.47
  15   89 0.48
  48   54 0.07
  31   33 0.85
  59   85 0.03
  23   47 0.05

  61   72 0.51
  92  166 0.26
  94   99 0.88
  32   47 0.59
  51   94 0.21
  64   80 0.30
  11   11 0.01
  71  120 0.31
  27   60 0.06
   4   30 0.72
  40   58 0.47
  92  140 0.35
  45   71 0.10
 115  184 0.61
  81   96 0.36
  88  155 0.23
  89  161 0.26
 108  125 0.42
  54   84 0.52
 115  140 0.18
  75  107 0.69
  39   64 0.47
  85  145 0.51
  83   94 0.47
 103  111 0.38
   4   38 0.35
  87  105 0.79
  21   70 0.52
  68   94 0.79
   3   78 0.85
  60   60 0.62
 103  104 0.06
  59  117 0.19
  96  136 0.01
  56  104 0.59
  43  118 0.85
  40  107 0.55
  54   97 0.09
   6   57 0.46
  53  133 0.19
  38   98 0.54
  80  119 0.42
 110  146 0.88
  25   56 0.16
  29   92 0.51
  67  129 0.58
  85  153 0.52
  61  106 0.68
  27   42 0.92
  58   95 0.64

  54   57 0.87
   4   41 0.85
  44   88 0.65
  80  101 0.47
  99  119 0.59
  79  100 0.97
  83  109 0.53
  14   46 0.10
 105  126 0.31
  50   87 0.37
  10   58 0.60
 115  170 0.16
  52   94 0.45
  51  128 0.55
  22   79 0.24
  35   39 0.95
  62   85 0.08
  53  100 0.86
 107  119 0.05
 116  139 0.71
   1   74 0.59
  30   41 0.85
 116  144 0.16
 112  190 0.69
  20   43 0.02
  92  148 0.31
 116  129 0.59
 119  119 0.51
  50  123 0.60
  79   81 0.60
  83  111 0.51
 116  129 0.09
  31   36 0.17
  44   80 0.34
  62   92 0.84
  67  124 0.92
   1   30 0.41
  82  113 0.29
  92   95 0.12
  84   90 0.43
  54   64 0.76
  22   36 0.79
   2   38 0.03
  77  128 0.64
 121  127 0.28
  76  141 0.13
  77  107 0.95
  80   98 0.97
  64  100 0.08
  13   23 0.30

   5   44 0.72
  57   81 0.47
  70   79 0.30
  32   86 0.05
  31   45 0.05
  11   21 0.09
  88  151 0.77
  76  144 0.50
  33  110 0.20
   2   33 0.60
  62  120 0.31
 111  146 0.32
  30   46 0.75
 101  175 0.41
 107  169 0.13
 118  157 0.86
 118  148 0.48
  73   98 0.72
  43   56 0.92
  31   97 0.06
  10   39 0.54
  69  135 0.49
 108  181 0.82
  45   70 0.82
  54  122 0.04
  59  131 0.88
  63  112 0.06
  32   52 0.81
  38  100 0.10
  44   73 0.46
  60  125 0.67
  10   40 0.17
  34  115 0.98
  70  113 0.09
  23   82 0.95
  27   91 0.31
  20   59 0.54
  19   73 0.70
  47   68 0.95
  42   74 0.42
  25   39 0.99
   5   41 0.77
 116  178 0.50
  94  111 0.92
  39   39 0.92
  70   90 0.13
  38   96 0.16
  26  105 0.53
 109  174 0.87
 114  174 0.74

