3 50 4
6    2   4  10  16  10  10

   9  100 0.95
  31  168 0.27
  40   40 0.61
  16   54 0.69
  49  142 0.14
  17  129 0.76
  35  146 0.53
   9   33 0.03
  39  117 0.82
  27  138 0.15
  38  121 0.78
  48  181 0.13
   4  147 0.45
  43  148 0.21
  45  184 0.96
  44  188 0.95
  29   37 0.77
  50   93 0.01
  48  201 0.45
  41  112 0.78
  44  123 0.32
  22  165 0.29
   2  142 0.60
  23   63 0.43
   9  115 0.85
  23   89 0.76
  38  144 0.85
  47  185 0.01
  33  154 0.77
  50  201 0.18
  45  182 0.24
   5  132 0.01
  34   59 0.93
   0   69 0.09
   7  132 0.43
  38  100 0.04
  43   46 0.92
  47   74 0.92
  46  197 0.69
  19   39 0.28
  49  138 0.88
  29   39 0.97
  23  127 0.45
  12  102 0.95
  22  168 0.26
  44  191 0.75
  45  186 0.06
  40  108 0.88
  52  198 0.58
  32   91 0.19

  24   49 0.52
  50   86 0.56
  19   86 0.88
  26  162 0.31
  28   89 0.79
  50  194 0.45
  32   48 0.96
  30  184 0.85
   0  130 0.04
  21   75 0.40
   8  165 0.95
  50  146 0.22
  39   49 0.25
  25   80 0.01
  19  106 0.30
  40  195 0.47
  47  104 0.29
  12  103 0.18
  53  176 0.15
   2  134 0.58
  14  162 0.95
  36  124 0.44
  44  204 0.86
  32  105 0.72
  44   63 0.17
   0   55 0.94
  52  115 0.54
  40  165 0.46
  33   82 0.16
  13  149 0.78
  49  189 0.77
  27   75 0.14
  45  125 0.87
  53   78 0.77
  21  114 0.40
  40   55 0.60
  29   96 0.30
  26  119 0.97
  22   82 0.19
  29  183 0.09
  24   43 0.52
  14   82 0.66
  24  148 0.47
  21   25 0.50
  18  121 0.47
  35  106 0.06
  42   97 0.49
  42  117 0.73
  27  162 0.06
   9   67 0.36

  29  147 0.35
  46  207 0.44
  38  101 0.79
  13  100 0.51
  11  165 0.68
  28   99 0.86
  30  109 0.55
  33  101 0.51
   8   47 0.61
   4  140 0.38
   4  149 0.83
  45   58 0.04
  38  163 0.82
   2   76 0.21
  30   61 0.29
  27   59 0.06
  48  192 0.86
  35   49 0.96
  44  121 0.22
   7   77 0.48
  12  138 0.98
  46  173 0.83
  28   53 0.29
  47  202 0.72
  15  117 0.31
  23   58 0.68
  14  116 0.29
   9  115 0.83
  17   53 0.66
   0   71 0.27
  19  158 0.07
   4   66 0.26
  51   56 0.24
   8   46 0.05
  10   78 0.30
   1   50 0.13
   8  106 0.30
   7  154 0.26
  39  129 0.66
  16  114 0.81
   0   99 0.75
   7   59 0.76
  41  183 0.99
  39  187 0.31
  21  111 0.24
  37  111 0.13
  31  139 0.34
  26  154 0.83
  30   88 0.40
  53  212 0.08

  27  180 0.02
  42   86 0.07
   8  139 0.85
  45   97 0.75
  18   47 0.21
  14  128 0.33
  43   43 0.33
  14   40 0.60
  51  167 0.16
  49  121 0.98
  14   66 0.41
  17   87 0.82
  29  173 0.83
  12   38 0.36
  26   87 0.78
  50  177 0.17
  30   52 0.96
  35  184 0.85
  43  142 0.81
  11   52 0.45
   2   56 0.11
  18   44 0.82
  28  100 0.76
   6  149 0.35
   0   86 0.87
   7  158 0.19
  37  171 0.01
  31   39 0.33
  23  107 0.11
  19  153 0.28
  20  132 0.80
   7   55 0.11
  38   76 0.12
  53  123 0.79
  34  124 0.40
  38  198 0.58
  12   72 0.25
   0  145 0.32
  43   68 0.99
  40   72 0.24
  25  125 0.43
   2   99 0.05
  32  116 0.02
  32  124 0.17
  47  201 0.99
  26   64 0.22
  38  143 0.53
  31  188 0.77
   5   47 0.52
  33   87 0.88

  14   45 0.63
  26   95 0.65
  44  118 0.94
  16  151 0.92
   6  146 0.37
  22   83 0.11
  29   30 0.03
  20  129 0.92
  18  141 0.80
  24   54 0.93
  27  130 0.84
  25  105 0.05
  15  167 0.73
  36  152 0.46
  12   26 0.64
  51  157 0.31
  10  144 0.60
  29  149 0.07
   2  108 0.24
  15  141 0.32
  46   52 0.28
   2   23 0.22
  34  136 0.51
  43   53 0.94
  47  166 0.57
  44   74 0.12
   6  118 0.02
   2   14 0.87
  15   69 0.25
   9   72 0.00
  34  122 0.75
  46   49 0.03
  38  119 0.29
  36  106 0.85
  31  167 0.38
  33  166 0.65
  38  176 0.88
  11  171 0.89
  53  178 0.37
   0  151 0.98
  34  152 0.38
  21   88 0.41
  42  202 0.24
  21   80 0.21
  27  106 0.74
   2  108 0.03
  23  114 0.31
  31  111 0.58
   5  115 0.87
  36  139 0.34

  32   96 0.79
  28  158 0.74
  44  158 0.80
  37   96 0.94
  40  177 0.11
  38   84 0.43
  49  107 0.18
  30  110 0.16
  13   49 0.57
  13   84 0.49
  32  122 0.31
   1   30 0.86
  13  114 0.05
  20   84 0.04
  37  155 0.08
  23   29 0.98
  26  149 0.15
  41  173 0.63
  38   88 0.82
  44  148 0.36
  37   93 0.38
  15  118 0.48
  38  149 0.89
  46   97 0.30
  34  124 0.52
   0   45 0.97
  20   92 0.97
  51  193 0.96
  47   54 0.89
  23  127 0.15
   6   76 0.66
  15  125 0.56
  21  119 0.73
   4   72 0.10
  35   46 0.35
  21  146 0.70
  39   75 0.25
  26  138 0.28
  25  157 0.37
  52  168 0.51
  24   43 0.76
  23   67 0.62
  30  122 0.97
  30   31 0.92
  13  161 0.80
  27   52 0.27
  11   68 0.66
  21   28 0.06
  46  129 0.79
  15   97 0.58

