5 25 8
12    4  20  10  16   2   2  16  10  10  16   4  20

   1   13 0.31
  27   45 0.39
  12   25 0.43
  15   24 0.27
  18   35 0.15
   5    7 0.74
  35   39 0.80
  12   18 0.80
   3   15 0.27
   1   14 0.02
  27   35 0.57
  17   21 0.38
  31   48 0.10
  14   21 0.33
   3   12 0.99
  39   39 0.31
  32   38 0.49
  13   30 0.79
  28   31 0.39
  30   46 0.48
  29   43 0.31
  28   42 0.76
  22   22 0.20
   0   11 0.86
  28   38 0.23

  20   25 0.55
  26   45 0.89
  10   18 0.25
  26   35 0.70
   7   22 0.91
   0   10 0.28
  16   19 0.08
  25   44 0.83
  30   38 0.63
  34   43 0.94
   8   20 0.55
  26   34 0.05
  17   34 0.06
   1    8 0.64
  25   37 0.25
  12   28 0.68
  15   29 0.42
  22   35 0.70
  36   37 0.69
   4   14 0.67
  39   58 0.14
   4   12 0.06
  11   28 0.30
  29   43 0.25
  24   31 0.49

  13   23 0.31
  33   42 0.02
  10   18 0.85
  29   32 0.56
  19   24 0.15
   9   20 0.28
  33   39 0.55
  21   38 0.50
  32   40 0.90
  26   32 0.04
  19   27 0.44
   9   19 0.36
  39   53 0.68
  10   19 0.60
  10   12 0.53
  22   26 0.96
  21   24 0.58
  35   45 0.69
  34   52 0.51
  22   34 0.94
  27   39 0.03
  35   50 0.74
  35   50 0.41
   1   19 0.59
  29   44 0.93

  39   45 0.23
   6   15 0.23
   0    6 0.48
  32   35 0.06
  26   36 0.77
  22   28 0.26
  28   35 0.75
   8   14 0.64
  33   50 0.26
   1   17 0.73
  28   41 0.61
  24   28 0.77
  18   26 0.27
   0    5 0.02
  22   37 0.04
  22   24 0.58
   6    6 0.12
  28   44 0.28
  39   45 0.02
  22   33 0.19
  28   43 0.16
   2   15 0.96
   5   23 0.66
  21   34 0.34
  23   41 0.12

  32   35 0.65
  36   38 0.77
  25   33 0.19
  26   38 0.45
  32   39 0.57
  31   48 0.88
  24   43 0.56
   2   18 0.26
  20   28 0.01
   9   27 0.48
  31   46 0.00
  28   34 0.71
  27   37 0.01
  27   42 0.02
  28   36 0.38
  23   35 0.67
  36   40 0.08
   0   11 0.16
  38   48 0.00
  20   27 0.12
  25   26 0.53
  23   28 0.81
  35   44 0.69
  29   32 0.92
  22   31 0.30

  32   36 0.41
   2   10 0.67
  20   28 0.38
  26   41 0.84
  10   14 0.00
   3    5 0.51
  29   38 0.38
  37   47 0.32
  36   41 0.07
   5   23 0.39
   5   20 0.45
  27   32 0.85
   1    4 0.59
   6    9 0.81
  12   18 0.45
   0    8 0.30
  24   24 0.41
   0   11 0.33
  32   50 0.08
  37   54 0.17
  28   41 0.38
  18   36 0.77
  27   28 0.83
  34   44 0.40
   1    9 0.36

  28   46 0.82
  15   30 0.01
   4   19 0.51
   8   26 0.44
  16   29 0.26
   1   16 0.32
   1   19 0.99
  29   38 0.22
  22   39 0.45
   3    8 0.16
  19   21 0.14
  21   32 0.23
   7   22 0.65
  37   40 0.74
  18   23 0.99
  36   48 0.21
  36   38 0.02
  14   25 0.74
  36   45 0.76
  16   28 0.36
  16   30 0.85
   6   11 0.21
  25   30 0.41
  39   40 0.72
  28   40 0.26

   7   13 0.04
  18   30 0.26
  32   40 0.94
   9   28 0.36
  13   22 0.69
  19   33 0.88
   8   14 0.79
  35   51 0.04
  27   40 0.08
  34   49 0.93
  26   31 0.22
  29   48 0.63
  24   43 0.61
  14   18 0.50
  12   16 0.97
   0   19 0.01
  33   50 0.96
  19   23 0.29
   7   10 0.94
  32   35 0.64
  15   18 0.84
  37   51 0.91
  23   33 0.35
  33   33 0.61
   3   20 0.56

  36   47 0.02
  11   15 0.81
  38   51 0.15
   0   12 0.00
  39   42 0.34
  38   38 0.64
  34   39 0.46
  26   39 0.67
  12   31 0.05
  38   46 0.42
   2   10 0.32
   5   24 0.29
  15   21 0.09
  36   36 0.53
  11   28 0.90
  32   45 0.31
  25   38 0.25
   5   13 0.79
  17   35 0.38
  11   23 0.77
  27   38 0.36
  23   35 0.65
  24   41 0.54
  29   33 0.16
  28   42 0.65

  15   23 0.70
   7   21 0.23
  35   49 0.44
  23   25 0.62
  34   51 0.49
  34   39 0.48
  13   17 0.36
  17   36 0.91
  18   26 0.19
  30   44 0.13
  18   26 0.03
  18   19 0.50
   3    7 0.94
  11   29 0.40
  31   46 0.97
  33   43 0.77
   6    6 0.91
  29   37 0.73
   3   11 0.07
  14   31 0.62
  13   23 0.84
  11   27 0.76
  13   19 0.32
  26   26 0.22
  31   33 0.74

  21   36 0.40
   9   10 0.25
  10   21 0.79
  21   32 0.43
  39   58 0.74
  25   29 0.35
  28   35 0.75
  22   37 0.74
   3    3 0.20
  16   27 0.02
  17   30 0.42
  15   15 0.45
  23   23 0.34
  28   41 0.52
   4    4 0.88
  38   52 0.49
  27   27 0.13
  20   29 0.62
  34   47 0.91
   8   11 0.50
  22   25 0.63
  38   47 0.83
  19   24 0.90
  17   19 0.13
   9   24 0.99

   6    6 0.23
  16   26 0.75
  35   43 0.77
  28   33 0.10
  20   29 0.94
  14   28 0.33
   2   21 0.31
  16   16 0.84
  20   27 0.85
  33   33 0.05
  31   31 0.62
  29   43 0.07
  19   34 0.04
  37   46 0.98
  26   28 0.95
  29   47 0.57
  39   41 0.14
  34   41 0.95
   5   12 0.54
   9   14 0.09
  24   40 0.65
  38   45 0.24
  22   25 0.24
  27   42 0.12
  13   19 0.46

