3 20 4
12    4  10  16   4   2   4  20  16   4   2  10  10

  29   53 0.84
   6   24 0.76
  62  102 0.25
  46   47 0.40
  58   65 0.28
  20   60 0.29
  74  113 0.88
  36   46 0.73
  67   72 0.43
  81   86 0.76
  73  112 0.69
  45   83 0.11
  54   72 0.89
  75  112 0.29
  81   92 0.79
  71  104 0.79
  31   32 0.26
  44   85 0.54
  15   49 0.29
   3   31 0.63

  28   42 0.70
  21   30 0.41
  83  107 0.62
  40   72 0.82
   7   47 0.36
  15   35 0.35
  13   15 0.11
  30   31 0.42
  37   67 0.09
  40   52 0.22
  35   45 0.19
  41   43 0.88
  52   57 0.06
  57   60 0.66
   0   40 0.06
  58   71 0.79
  48   59 0.49
  36   38 0.27
  41   42 0.51
  68  106 0.70

  13   26 0.04
  73  106 0.50
   1    3 0.35
  39   73 0.87
  82   96 0.40
  21   42 0.70
  50   77 0.43
  35   51 0.57
  74  106 0.28
  43   78 0.65
  21   28 0.12
  56   75 0.25
  66   70 0.12
  27   33 0.31
   8   26 0.97
  14   52 0.20
  15   22 0.96
  76   98 0.42
  24   37 0.16
  42   54 0.99

  16   50 0.04
   8   28 0.18
  14   46 0.74
  36   66 0.95
  45   76 0.06
  82  122 0.76
  65   83 0.16
  53   61 0.28
  51   73 0.30
  84  102 0.93
  78   79 0.31
  19   48 0.88
  51   52 0.17
  34   73 0.39
  48   84 0.35
  57   69 0.76
   5   22 0.97
  11   26 0.60
  14   50 0.14
  68  107 0.22

  37   47 0.60
   3   16 0.16
  54   76 0.59
  27   51 0.32
  72  108 0.27
   3   40 0.18
  74   77 0.23
   9   36 0.08
  83  108 0.52
  29   30 0.63
  51   84 0.69
  23   43 0.40
  25   35 0.37
  25   27 0.08
  26   40 0.66
  23   36 0.73
  13   49 0.27
  64   65 0.78
  79  115 0.03
  12   37 0.03

  64   67 0.24
  13   41 0.54
  77  111 0.06
  37   41 0.95
  62   69 0.50
  45   74 0.19
  40   46 0.46
  67   83 0.04
  62   91 0.24
  83   99 0.35
  65   76 0.54
  11   48 0.31
  67   74 0.93
  31   71 0.28
   0    1 0.52
  55   86 0.01
  25   34 0.34
  21   27 0.55
  32   54 0.62
  80   80 0.57

  41   76 0.15
  19   34 0.42
   2    3 0.60
  77   88 0.78
   8   38 0.57
  38   38 0.40
   1   19 0.12
  24   64 0.70
  71  103 0.66
  68   88 0.77
  70   94 0.75
  56   65 0.88
   4    9 0.14
  76  110 0.58
  28   37 0.73
  84   85 0.52
  75  108 0.89
  57   70 0.97
   8   41 0.36
  50   64 0.05

  71   91 0.22
  44   72 0.85
  11   13 0.71
  73   95 0.90
  36   56 0.47
  65   69 0.52
  28   45 0.93
  73   82 0.56
  37   53 0.21
  45   84 0.81
  28   31 0.80
  15   39 0.39
  79  104 0.81
  18   56 0.17
  33   34 0.39
  59   83 0.99
  82  120 0.15
  50   76 0.73
  52   85 0.11
  56   87 0.58

  18   50 0.38
  27   36 0.73
  59   84 0.68
  20   39 0.43
  50   65 0.92
  34   34 0.98
  23   45 0.00
  28   45 0.41
  21   58 0.44
  66  103 0.77
  21   29 0.36
  80  121 0.53
  67   70 0.26
  59   81 0.11
  59   77 0.19
  71   81 0.72
  55   82 0.66
  81  111 0.77
  12   28 0.19
  24   48 0.29

  54   92 0.12
  60   64 0.46
  56   80 0.18
  14   50 0.50
  77  109 0.39
   0   34 0.93
  81   88 0.84
   5   44 0.01
  70   87 0.99
   5   25 0.19
  12   39 0.37
  75   92 0.37
  22   51 0.43
  48   48 0.01
  62   81 0.81
  84   86 0.73
  42   68 0.19
   9   12 0.86
  40   58 0.03
  21   22 0.36

  22   22 0.11
  65   75 0.32
  53   70 0.76
  27   37 0.98
  46   52 0.76
  58   90 0.32
  49   49 0.60
  64  103 0.34
   4   42 0.79
  13   49 0.83
  24   47 0.58
  33   62 0.57
  22   48 0.04
  27   45 0.86
  37   51 0.31
  54   68 0.42
  64   64 0.55
  20   30 0.77
  77   89 0.03
   5   42 0.19

  14   41 0.33
  75  101 0.71
  66  107 0.44
  30   34 0.59
  18   35 0.06
  22   44 0.62
  45   79 0.08
  56   76 0.16
  80   95 0.90
  57   60 0.81
  30   46 0.41
  34   54 0.67
  60   89 0.00
   0   41 0.66
  33   53 0.74
  26   53 0.30
   6   35 0.17
  32   60 0.82
   1   41 0.72
  56   97 0.27

