4 100 8
3   16  10  16

  60   90 0.36
  58   69 0.29
  24   53 0.16
  34   52 0.03
  47   73 0.57
  59   75 0.89
  56   58 0.52
  24   25 0.06
  42   67 0.58
  54   83 0.09
  43   51 0.24
  56   70 0.96
  54   78 0.69
   1   13 0.31
   6   36 0.73
  58   89 0.89
  45   60 0.85
   5   27 0.20
  17   28 0.33
  46   62 0.48
   7   38 0.07
  45   61 0.78
  28   53 0.10
  16   31 0.97
  59   85 0.20
  12   20 0.91
  25   32 0.85
  42   66 0.86
  42   60 0.47
  36   37 0.96
  24   38 0.33
  59   77 0.67
   9   15 0.13
  62   73 0.56
  25   44 0.96
  11   21 0.48
  18   27 0.34
  33   39 0.42
  51   65 0.81
  15   29 0.60
  63   83 0.94
  22   47 0.81
  56   81 0.01
  56   69 0.75
  59   74 0.84
  59   73 0.27
  57   86 0.42
  40   54 0.03
  33   61 0.42
  38   55 0.48
  59   84 0.51
  15   29 0.31
   7   11 0.97
  54   64 0.24
  31   50 0.65
  40   70 0.36
  51   56 0.38
  50   73 0.74
  33   36 0.26
  12   40 0.58
  44   71 0.10
  59   72 0.59
  60   89 0.01
  39   56 0.98
  17   30 0.91
  54   70 0.87
  19   50 0.45
   2   14 0.56
  48   75 0.03
  32   49 0.79
  64   92 0.65
  62   91 0.98
  52   58 0.85
  22   30 0.67
  16   24 0.44
   1   22 0.94
  13   44 0.77
  47   66 0.96
  15   18 0.41
  17   45 0.41
  62   82 0.95
   1   15 0.49
  33   43 0.09
  32   50 0.17
  62   86 0.19
  38   57 0.81
  48   76 0.04
  50   61 0.45
  41   59 0.96
  54   74 0.21
   5   14 0.13
  30   35 0.45
  12   20 0.75
   4   27 0.08
   1    2 0.46
  55   67 0.56
  13   25 0.98
  21   39 0.23
  56   83 0.47
  29   46 0.81

  50   57 0.01
   9   16 0.27
  46   51 0.54
  55   61 0.38
   7   12 0.83
  33   35 0.04
  49   60 0.97
  50   79 0.88
  10   10 0.60
  46   63 0.39
  13   23 0.34
   2    3 0.66
  35   51 0.66
  43   46 0.34
  58   81 0.21
  23   44 0.96
  63   82 0.42
  58   62 0.67
  46   56 0.48
  27   40 0.46
  21   46 0.93
  18   42 0.30
  10   26 0.75
  33   43 0.41
  41   59 0.07
  28   51 0.47
  30   47 0.20
  19   45 0.33
  52   79 0.82
  17   26 0.28
  40   71 0.78
  44   60 0.89
  43   49 0.99
  49   51 0.55
  48   48 0.42
  41   41 0.79
  36   45 0.28
   7   38 0.59
  33   61 0.02
  31   60 0.39
  63   73 0.22
  46   47 0.36
  51   60 0.64
  10   32 0.66
  55   63 0.30
  35   45 0.20
  19   42 0.29
  14   29 0.38
  35   47 0.73
  20   42 0.43
  49   72 0.30
  56   85 0.56
  12   29 0.77
  64   92 0.70
  28   45 0.97
   1    5 0.41
  64   81 0.77
  23   28 0.32
  62   68 0.93
  24   44 0.50
  15   33 0.80
  63   76 0.61
  43   44 0.77
  26   28 0.14
  38   54 0.73
  17   41 0.55
   1    6 0.69
   8   11 0.49
  16   28 0.17
   8   31 0.97
  61   79 0.26
  11   26 0.30
  58   78 0.18
  34   61 0.82
  29   54 0.21
  46   65 0.20
  15   35 0.47
  17   42 0.82
  49   51 0.70
  29   52 0.49
  41   70 0.24
  16   16 0.24
  53   80 0.97
  13   31 0.48
  31   51 0.52
  17   39 0.04
  19   22 0.92
  15   26 0.85
  22   51 0.93
  58   84 0.66
   8   30 0.39
  44   62 0.09
  48   57 0.11
  36   58 0.86
  60   87 0.13
  25   55 0.06
  22   51 0.35
  40   43 0.62
  40   52 0.53
   0    8 0.00

  23   27 0.93
  38   40 0.85
  32   38 0.60
  60   68 0.53
  33   56 0.04
  37   61 0.58
  33   50 0.03
   9   24 0.66
  43   54 0.66
  40   50 0.65
   5   21 0.39
   2    8 0.47
  55   83 0.76
  54   79 0.35
  46   58 0.04
  21   26 0.16
  18   42 0.43
  25   25 0.01
  16   46 0.03
  44   66 0.53
  19   33 0.63
  61   73 0.37
   7   34 0.16
  56   67 0.11
  22   45 0.15
  59   87 0.96
   8   12 0.14
  58   87 0.80
  47   52 0.34
   4   30 0.96
   4   18 0.56
  20   27 0.40
  56   66 0.25
   9   33 0.52
  25   40 0.97
  64   67 0.76
  42   53 0.77
   1   15 0.23
  18   27 0.87
  64   67 0.63
  60   67 0.54
  48   67 0.48
  49   75 0.66
  44   63 0.19
  54   56 0.08
  51   78 0.91
   5    9 0.86
  43   56 0.49
   7   29 0.93
  15   32 0.88
  16   42 0.69
   7   36 0.97
  14   41 0.36
   0   21 0.46
  56   69 0.22
   2   25 0.13
  27   48 0.21
  51   74 0.51
  49   70 0.36
  10   32 0.96
  61   92 0.21
  62   82 0.26
  49   51 0.52
  61   84 0.33
   5   27 0.64
  55   72 0.30
  18   23 0.21
  60   81 0.39
  21   29 0.67
  53   76 0.54
  26   52 0.97
  21   28 0.27
  29   59 0.95
  40   54 0.36
  10   34 0.69
  57   80 0.29
  45   52 0.44
  57   86 0.82
   2   29 0.56
  56   59 0.24
  28   34 0.63
  39   39 0.62
  58   74 0.85
   9   35 0.13
  28   58 0.27
  21   32 0.13
   6    8 0.33
  43   59 0.57
  35   62 0.08
  31   62 0.74
  54   59 0.31
  12   14 0.90
   1    5 0.84
  20   31 0.04
   2    3 0.59
  52   69 0.71
  40   40 0.50
  60   65 0.14
  62   62 0.44
  39   64 0.22

