4 50 8
6    2   4   2  10  10  16

   8   35 0.00
  25   46 0.38
  43   72 0.96
  31   41 0.01
  17   46 0.85
  44   61 0.24
  18   29 0.87
  30   41 0.71
  20   46 0.25
  24   45 0.14
  44   65 0.54
  35   53 0.79
   0    5 0.63
  33   59 0.84
  35   41 0.17
  31   42 0.65
  21   26 0.44
   1    4 0.45
  15   36 0.09
  27   34 0.21
  38   51 0.43
  39   60 0.73
  31   63 0.00
  38   60 0.82
  11   40 0.14
  17   47 0.62
   4   15 0.00
  24   42 0.55
  50   78 0.48
  40   59 0.63
  25   30 0.33
  25   43 0.41
  26   30 0.42
  43   70 0.69
  17   38 0.31
  21   51 0.66
  45   56 0.34
  30   47 0.27
   9   40 0.05
  31   56 0.48
  18   19 0.25
   6   10 0.00
  37   57 0.51
  43   67 0.57
  31   52 0.20
   8   19 0.32
  23   54 0.90
  24   42 0.46
  10   20 0.14
   0   31 0.97

  22   45 0.17
  29   44 0.22
  18   21 0.20
  11   42 0.26
  48   61 0.18
  45   72 0.41
  37   68 0.46
  10   40 0.24
  35   63 0.98
  47   48 0.33
  35   60 0.00
   4   14 0.55
  37   57 0.41
  32   41 0.15
  43   53 0.23
  48   55 0.79
  15   16 0.30
   9   22 0.37
   8   37 0.73
  42   74 0.16
  23   25 0.54
  36   53 0.83
  15   43 0.18
  38   43 0.23
  16   29 0.11
  40   64 0.68
  20   22 0.01
  46   61 0.59
  19   50 0.15
   5   20 0.87
  37   40 0.39
  35   67 0.55
  11   38 0.49
   2   29 0.06
  35   61 0.71
  45   48 0.69
  18   49 0.67
  34   66 0.82
  23   27 0.18
  44   59 0.66
  38   49 0.45
  40   54 0.75
  38   41 0.68
  37   62 0.23
  15   42 0.46
  26   27 0.25
  30   55 0.46
   6    9 0.40
  30   58 0.69
  13   13 0.31

  27   33 0.46
  29   36 0.35
  44   65 0.90
  28   37 0.47
  25   36 0.84
  15   46 0.59
  48   72 0.36
  28   36 0.83
  25   41 0.74
   6    6 0.34
   5   24 0.77
  20   35 0.03
   0    2 0.83
  28   36 0.40
  14   21 0.73
  20   34 0.40
  28   30 0.47
  12   44 0.01
  35   44 0.64
  31   52 0.07
  26   38 0.27
   7    7 0.62
  28   47 0.15
  43   53 0.57
   2    2 0.03
  38   70 0.07
   8   41 0.40
  11   23 0.98
  42   59 0.44
  23   45 0.51
  30   33 0.68
  34   67 0.71
  12   18 0.52
  39   46 0.39
  21   37 0.56
   5   30 0.37
  18   50 0.66
  23   41 0.12
  46   70 0.68
   8   26 0.14
  23   30 0.14
   5    5 0.68
  23   49 0.49
   7   19 0.35
   7   16 0.81
  11   35 0.00
  37   50 0.93
  33   51 0.32
   8   14 0.57
  33   63 0.32

   2   27 0.83
   6   20 0.71
  30   37 0.01
   1   11 0.78
  47   58 0.51
  22   37 0.55
  14   20 0.78
  31   62 0.54
  30   56 0.43
  33   39 0.14
  11   11 0.13
  35   42 0.10
  10   15 0.87
  23   25 0.49
  21   49 0.67
  15   32 0.93
  18   34 0.58
  34   55 0.32
  22   51 0.45
  28   35 0.78
   2    9 0.54
  38   50 0.42
   9   34 0.18
  50   71 0.19
  31   40 0.57
  44   48 0.34
  46   54 0.62
   1   20 0.11
  11   27 0.57
  45   72 0.26
  30   33 0.85
  26   57 0.52
  17   21 0.90
  46   68 0.79
  31   50 0.67
  13   36 0.75
  36   68 0.40
  50   74 0.54
   5   12 0.13
  10   23 0.98
   3   36 0.95
   2   12 0.73
  32   58 0.20
  13   17 0.03
  40   73 0.90
  11   37 0.94
  31   34 0.21
  24   53 0.10
  35   41 0.55
  18   48 0.00

  20   52 0.61
   9   40 0.85
  12   26 0.18
  28   36 0.14
  50   55 0.98
  46   67 0.21
  47   66 0.59
  24   50 0.80
  37   54 0.57
   2   16 0.40
  48   76 0.49
  15   47 0.35
  15   38 0.66
   7   30 0.26
  11   29 0.39
   1   10 0.93
   1   33 0.17
  13   25 0.77
  39   43 0.40
   1   24 0.37
   0   12 0.75
  46   71 0.09
  46   57 0.96
  24   32 0.28
   0    7 0.93
  17   41 0.51
  41   57 0.85
  11   34 0.36
  11   30 0.24
   5   32 0.44
  38   57 0.99
   7   26 0.61
  30   35 0.24
   4   30 0.52
  40   58 0.87
  18   33 0.18
   4   24 0.45
  50   80 0.19
   3   20 0.29
  35   39 0.01
  32   53 0.31
   2    6 0.25
   2    6 0.33
  31   55 0.42
  34   48 0.53
  39   47 0.02
  30   54 0.76
  16   45 0.60
  26   26 0.77
  31   32 0.36

  24   48 0.54
  30   56 0.92
  44   47 0.49
   1   31 0.40
  32   57 0.34
  15   17 0.18
   1   13 0.29
  13   45 0.65
  10   35 0.88
  11   30 0.78
   3   19 0.00
  23   51 0.95
   1    1 0.63
  40   64 0.56
  50   79 0.09
  13   46 0.96
   7   29 0.67
   1   21 0.78
   4   20 0.35
  38   54 0.05
  50   83 0.05
   4   12 0.14
  42   51 0.75
  49   72 0.20
  12   41 0.41
   9   40 0.99
  48   78 0.77
  32   48 0.31
  32   36 0.39
  26   55 0.12
  18   28 0.37
   9   32 0.32
  11   29 0.86
  45   73 0.76
   1   25 0.34
  17   48 0.55
   3   23 0.25
  38   42 0.36
  20   47 0.88
  31   59 0.55
  46   73 0.19
  30   49 0.21
  43   76 0.58
   8   19 0.45
  44   57 0.13
  47   76 0.44
  34   56 0.22
  45   71 0.93
   8   27 0.69
  26   53 0.51

