3 40 8
6   10  16  10   2   2  10

  29   50 0.37
  23   45 0.75
   7   31 0.37
  18   19 0.82
  18   43 0.10
   3    6 0.08
  22   22 0.59
  15   38 0.38
  11   38 0.48
  24   37 0.68
   0   31 0.30
  19   27 0.66
  35   55 0.93
  33   41 0.32
   8   15 0.80
  37   53 0.73
  17   23 0.37
  40   56 0.44
   1   27 0.75
   3   37 0.74
  16   37 0.59
  27   36 0.96
   9   18 0.70
   0   15 0.87
  17   18 0.17
  38   74 0.99
  15   25 0.12
  28   54 0.80
  26   45 0.09
   1   40 0.44
  31   45 0.85
  17   43 0.51
   4   26 0.26
  36   47 0.27
  34   56 0.20
  28   53 0.21
  31   68 0.11
  28   54 0.49
  22   25 0.69
  23   47 0.00

  37   58 0.35
  26   63 0.18
  10   24 0.61
  35   68 0.15
  38   62 0.24
  18   41 0.74
  11   46 0.43
  15   46 0.05
  35   43 0.49
  13   14 0.86
  11   24 0.21
  28   39 0.47
  19   27 0.67
  32   47 0.22
  25   48 0.98
  24   49 0.91
   5   37 0.63
  19   24 0.64
  20   59 0.81
  12   12 0.17
  14   17 0.06
   1   38 0.78
  19   56 0.50
  38   52 0.64
   2   17 0.84
   0    1 0.42
   6   14 0.59
  37   48 0.53
   0   12 0.45
  15   36 0.57
  19   35 0.54
   6   37 0.84
  33   60 0.57
  16   27 0.39
   6   43 0.34
   8   28 0.10
  18   18 0.10
  11   28 0.74
  26   37 0.83
  20   20 0.86

  39   39 0.72
  39   73 0.57
  26   42 0.70
   3    6 0.79
  12   47 0.56
  12   34 0.06
   4   27 0.01
  34   36 0.86
  17   25 0.76
  21   27 0.39
  39   46 0.47
   9   34 0.80
  33   58 0.51
  19   48 0.65
  16   17 0.67
  15   50 0.50
  35   42 0.20
   7   30 0.26
  28   31 0.38
  30   52 0.24
   9   45 0.04
  19   47 0.80
  28   68 0.69
  36   37 0.23
  40   41 0.52
  12   22 0.98
   6   40 0.56
   0   27 0.99
  37   67 0.07
   5    8 0.63
  15   36 0.84
  12   37 0.04
  28   30 0.48
   2   42 0.29
  37   48 0.36
  26   46 0.59
  36   43 0.59
  34   37 0.42
  40   52 0.66
  19   56 0.19

   9   28 0.18
  39   50 0.48
  30   37 0.31
  30   58 0.73
  26   61 0.26
   3   11 0.34
  18   32 0.05
  18   55 0.25
  28   37 0.82
   8   12 0.19
  35   55 0.27
   1    7 0.26
  11   11 0.96
  14   41 0.23
  35   37 0.71
  20   47 0.49
  35   63 0.62
   5   11 0.35
  33   45 0.91
   1   34 0.05
   2   19 0.95
   0   34 0.93
  36   76 0.97
  32   55 0.06
  23   52 0.98
  19   42 0.44
  30   52 0.08
  35   37 0.86
  38   65 0.66
   2   33 0.10
  40   68 0.83
   2   14 0.00
  20   53 0.19
  36   75 0.11
  31   46 0.68
  12   18 0.43
  30   38 0.77
  22   47 0.59
  29   57 0.63
   3   40 0.37

  24   28 0.91
  20   59 0.00
   8   36 0.77
  18   43 0.69
  22   25 0.61
  24   46 0.37
  14   52 0.48
  10   18 0.18
   4   18 0.45
  32   52 0.23
  15   47 0.80
  31   34 0.02
  19   56 0.14
  29   36 0.04
  31   61 0.07
  23   59 0.01
   8   42 0.79
  14   50 0.84
  14   44 0.01
  28   40 0.70
  34   71 0.91
  34   39 0.36
  16   30 0.37
  34   73 0.99
  34   65 0.53
   3    6 0.57
  21   43 0.07
  12   45 0.83
  17   39 0.34
   5   12 0.43
   1    5 0.74
  10   23 0.26
  26   41 0.41
  18   51 0.17
  10   40 0.22
  14   26 0.32
  23   46 0.55
  21   28 0.62
  24   25 0.82
   9   32 0.46

  23   43 0.55
   1   31 0.72
  14   45 0.83
  39   77 0.00
   3   19 0.56
  17   47 0.53
  36   48 0.93
  31   42 0.97
   0   26 0.89
  38   67 0.64
  37   62 0.00
   7   18 0.65
  19   27 0.41
  32   44 0.42
  22   44 0.82
   9   21 0.17
  33   46 0.99
  16   16 0.81
   7   27 0.48
  20   57 0.62
  30   64 0.23
   5   15 0.67
  35   62 0.38
  30   51 0.59
  27   32 0.38
   0   34 0.54
  13   13 0.79
   4   10 0.74
  38   66 0.98
  24   27 0.63
  10   10 0.32
  36   49 0.16
   1   37 0.30
  38   77 0.33
   2    7 0.39
  25   27 0.28
  17   32 0.10
  27   65 0.19
   5   25 0.40
  13   44 0.90

