5 20 8
12   10  20  10   2  16   2   4  16   4  16  16  10

  12   22 0.87
  14   37 0.58
   2   34 0.84
   0   38 0.37
  14   29 0.19
   8   32 0.69
   0   28 0.98
   3   29 0.30
  14   41 0.76
  10   45 0.93
   0    3 0.71
   1    1 0.81
  14   18 0.91
  13   29 0.51
   5   28 0.61
  12   36 0.53
  13   25 0.70
   3   24 0.13
   0    4 0.93
   9   47 0.60

   8   49 0.83
  14   39 0.40
   5   15 0.88
   6   39 0.95
  14   46 0.35
   7   28 0.96
  13   23 0.39
   0   22 0.29
   8   51 0.83
  11   42 0.75
   1   20 0.68
  14   41 0.48
   1    5 0.81
   2   10 0.76
  11   24 0.17
  10   17 0.07
  12   17 0.58
   4   44 0.57
   6   33 0.89
   8   45 0.78

  11   34 0.19
  11   43 0.20
   5   18 0.80
   3   47 0.99
   2   46 0.34
   6   26 0.49
   8   23 0.83
  14   35 0.10
   0   22 0.23
   4   46 0.47
   0   20 0.10
   6   25 0.51
   0   38 0.11
  12   58 0.72
  12   18 0.29
   4   48 0.75
   9   19 0.48
   1   18 0.78
   0    0 0.96
   9   38 0.28

  10   30 0.77
  14   54 0.00
   9   34 0.26
  10   22 0.60
  14   21 0.19
   8   17 0.04
   5   48 0.71
   7   25 0.21
  11   39 0.80
   4   10 0.47
  10   10 0.86
   2   23 0.53
  11   17 0.07
   1    4 0.90
   7   23 0.91
  13   33 0.64
  13   36 0.61
  12   17 0.23
   5   33 0.60
   6   33 0.03

  12   40 0.07
   0   31 0.44
   4   42 0.25
   5   20 0.95
   1   34 0.61
   6   51 0.70
   7   13 0.68
   8   15 0.31
   3   22 0.74
   8   41 0.76
   7   10 0.58
  11   12 0.53
  14   19 0.71
  10   42 0.85
   8   14 0.40
   1   29 0.54
   2   18 0.24
   0   45 0.88
   4    8 0.45
   1   37 0.11

   4   28 0.32
  10   48 0.15
  12   37 0.73
   8   22 0.11
   3   11 0.97
  11   18 0.30
   6   22 0.02
   6   40 0.63
   1   27 0.81
  10   33 0.97
   8   18 0.69
  13   55 0.18
   4   40 0.23
  13   23 0.15
   5   51 0.47
   7   14 0.74
   6   46 0.37
   6   32 0.53
  11   11 0.09
   8   25 0.17

  12   48 0.29
   4   32 0.95
  10   45 0.57
  12   26 0.64
   0   12 0.42
  13   33 0.81
   5   23 0.54
   1   12 0.24
   3    3 0.36
   9   46 0.37
   7   38 0.98
   6   34 0.17
  11   22 0.39
   1   31 0.52
   8   32 0.46
   7   15 0.68
  10   55 0.00
  12   32 0.62
   1   25 0.74
  10   10 0.24

   6   39 0.37
  11   11 0.14
  11   55 0.26
   0   18 0.30
  11   28 0.22
   8    9 0.37
  11   42 0.48
  12   20 0.81
   1   36 0.44
   5   38 0.18
  10   23 0.03
  14   53 0.11
   2    4 0.49
  10   20 0.10
  13   48 0.80
   8   51 0.57
   9   54 0.33
   3   19 0.21
   8   12 0.27
   2   37 0.59

  14   41 0.20
   7   20 0.98
   6   14 0.13
  13   56 0.16
   3   32 0.56
  12   26 0.30
  11   51 0.76
  13   49 0.96
   6   18 0.44
   7   12 0.75
   8   36 0.95
  12   36 0.15
  12   37 0.05
   2    6 0.94
  12   27 0.30
   2    9 0.38
   3   32 0.77
   8   33 0.86
   0   12 0.28
   2   38 0.16

   2   37 0.25
   5   18 0.12
  14   53 0.15
   6   50 0.80
  11   11 0.27
  10   45 0.58
   6   49 0.16
  11   25 0.04
   6   43 0.56
  12   14 0.85
   3   47 0.97
   2   38 0.03
   1   23 0.91
   4   13 0.44
   7   24 0.71
   8   48 0.94
   7   30 0.11
   8   48 0.06
   6   23 0.52
  13   46 0.60

   7   27 0.46
   9   23 0.24
   1   34 0.48
   1   18 0.44
   0   26 0.69
   5   23 0.47
  10   12 0.91
   6   32 0.00
   3   32 0.10
  11   48 0.37
   3   21 0.14
   7   43 0.52
   8   45 0.92
   9   44 0.68
   5    9 0.17
   0   34 0.16
   6   39 0.03
  13   54 0.11
   8   26 0.13
   6   39 0.85

   2   44 0.32
  14   50 0.36
   9   18 0.42
  14   14 0.93
  12   30 0.49
   4    5 0.18
  13   24 0.80
   1   39 0.80
  10   46 0.00
   5   34 0.84
  11   42 0.34
  11   54 0.78
   0    7 0.09
   0   19 0.62
   1   12 0.79
   9   46 0.64
   0   31 0.82
   1   44 0.22
   7   40 0.27
   3   17 0.63

