5 30 4
6   20  10   4   4   2  16

  11   17 0.16
  13   18 0.38
  14   22 0.98
  18   25 0.95
  16   35 0.27
  20   25 0.59
  14   24 0.73
   2    3 0.12
  20   26 0.91
  18   31 0.33
  13   30 0.12
  17   25 0.36
   3   15 0.28
  17   21 0.06
  10   10 0.15
   8    8 0.90
   2   21 0.45
   9   16 0.23
  17   28 0.79
   4   19 0.75
   6   17 0.78
   5   15 0.54
  13   18 0.95
   4   21 0.75
  17   32 0.09
  18   37 0.50
   5    9 0.68
  18   20 0.63
  20   36 0.25
  13   33 0.35

   3   16 0.98
   9   27 0.85
  10   14 0.64
  17   18 0.16
   0   18 0.47
  11   14 0.32
  10   26 0.27
  14   20 0.79
  15   20 0.96
  12   16 0.10
   1   14 0.64
   5   23 0.51
   3    4 0.63
  11   26 0.55
  12   28 0.31
  11   29 0.67
   7   26 0.08
   8   24 0.73
   1   13 0.58
   8   16 0.50
   6    9 0.14
  17   36 0.61
   5   19 0.31
  12   13 0.69
   1    2 0.80
  19   23 0.28
  12   16 0.02
   4   14 0.81
  14   28 0.16
   7   11 0.86

  13   23 0.72
   1    1 0.18
  19   22 0.75
  10   27 0.37
  18   27 0.76
  13   26 0.35
   4    5 0.07
  16   17 0.50
  13   26 0.39
   7   25 0.11
   8   20 0.85
  16   28 0.36
  12   17 0.83
  20   20 0.63
  15   33 0.97
  17   36 0.65
   5   22 0.84
  15   29 0.78
  19   20 0.72
  10   17 0.61
  16   16 0.32
  12   31 0.86
   0   13 0.40
  15   17 0.68
   0   13 0.72
   2   13 0.68
  11   30 0.02
  13   33 0.48
   9   23 0.22
   2    9 0.50

   3   15 0.31
  17   28 0.60
   5   23 0.60
   4    8 0.10
   4   20 0.52
   1   20 0.15
  18   31 0.13
   5   17 0.02
   8   16 0.49
  14   15 0.56
   8   22 0.51
  12   20 0.95
  11   27 0.99
   8   20 0.49
  17   18 0.17
   1   19 0.39
   0    8 0.68
   0   18 0.53
   5   18 0.82
  19   31 0.94
  20   22 0.19
  15   25 0.15
   1   16 0.46
   7   14 0.99
  13   24 0.64
  14   15 0.08
  10   10 0.44
  15   17 0.30
   7   17 0.02
  16   25 0.72

  11   13 0.32
  20   24 0.38
   7    8 0.87
   6   12 0.24
  11   30 0.62
  13   19 0.89
   7   23 0.35
   0   11 0.38
  17   30 0.71
   9   29 0.19
   1   19 0.16
  15   28 0.62
   6   20 0.98
   8   15 0.14
  17   34 0.90
  12   31 0.29
   2    4 0.62
  18   34 0.41
   9   20 0.35
   1    8 0.11
  10   11 0.06
  12   23 0.80
  14   31 0.53
  10   22 0.49
   0   17 0.77
   9   18 0.89
  14   28 0.69
   6   10 0.91
  12   16 0.44
  15   33 0.45

  19   22 0.74
   7   13 0.91
  14   19 0.33
   2    9 0.88
  11   18 0.95
   9   16 0.90
  13   33 0.61
  14   17 0.09
   8   10 0.58
   1   12 0.15
  10   27 0.09
  16   18 0.12
   4   17 0.30
  12   29 0.85
   2   12 0.68
   5    6 0.66
  15   27 0.98
  12   12 0.76
   9   26 0.49
   6   17 0.22
   6    6 0.30
   7   25 0.36
  15   18 0.15
   5    9 0.17
  18   22 0.34
  16   24 0.97
   0   13 0.36
   4   21 0.47
  15   15 0.13
  15   31 0.71

