5 15 8
12   10   2   2  20  20  10  16  10   4   4   2  16

   9   14 0.02
  14   34 0.38
  18   21 0.48
   6    7 0.14
  11   21 0.49
  27   42 0.90
   8   24 0.26
  26   44 0.24
  11   12 0.14
  28   38 0.93
  12   32 0.02
  19   39 0.92
  30   37 0.90
  18   37 0.97
   7    8 0.08

  14   18 0.21
  28   32 0.57
   9   13 0.69
   1   16 0.94
   3   18 0.97
  31   31 0.80
   8   10 0.93
  20   28 0.76
  18   21 0.96
  29   45 0.62
  27   47 0.13
  15   26 0.13
  15   15 0.44
   2   13 0.89
   0   11 0.27

  15   20 0.68
  11   14 0.53
  18   19 0.50
  16   34 0.78
  25   32 0.54
   5    9 0.85
  30   49 0.84
  15   15 0.01
  27   37 0.52
  16   28 0.18
   5   13 0.09
  23   33 0.24
   4   23 0.59
   5   10 0.49
  13   22 0.29

   2   10 0.61
   1    7 0.11
  12   18 0.05
   1   15 0.36
  22   34 0.13
  26   37 0.49
   6    9 0.13
  14   24 0.23
  21   36 0.73
  13   27 0.09
  30   42 0.91
  25   25 0.74
   4   17 0.51
   9   17 0.55
  17   36 0.30

   4   15 0.51
  27   28 0.02
  14   28 0.63
  27   27 0.69
   1   19 0.85
  14   31 0.93
   3   13 0.03
   3   18 0.92
  22   34 0.20
  27   34 0.47
  24   37 0.72
   8   19 0.83
  18   19 0.37
  21   41 0.47
  30   50 0.46

  13   28 0.85
  14   20 0.33
  15   29 0.13
   4   11 0.81
   3   18 0.07
   8   26 0.38
  12   15 0.13
  19   29 0.63
  22   27 0.09
  29   31 0.83
   5   15 0.70
  12   25 0.95
  25   36 0.36
   6   22 0.88
  28   31 0.94

   1   17 0.57
  21   36 0.62
  20   35 0.50
   0   13 0.84
  18   35 0.75
  15   22 0.58
  14   33 0.60
   1   18 0.47
   9   21 0.47
  25   30 0.08
  11   12 0.23
  22   29 0.38
  24   27 0.42
  28   34 0.03
  11   30 0.86

  12   28 0.07
  17   21 0.49
   3   22 0.95
  27   37 0.90
  18   20 0.12
   7   12 0.95
  11   15 0.05
  10   30 0.27
   2   10 0.26
   4   19 0.03
   9   26 0.82
   5   24 0.78
  17   23 0.01
  10   27 0.79
  27   38 0.13

  26   43 0.15
  25   32 0.69
  14   17 0.39
  19   30 0.40
  11   27 0.42
   6   21 0.58
  18   28 0.22
   0    6 0.12
  18   33 0.82
   0   15 0.67
   2    2 0.98
  31   49 0.83
  20   26 0.28
  24   24 0.66
  18   36 0.94

   2   18 0.18
   9   19 0.97
  22   41 0.75
  22   34 0.53
  31   47 0.15
  11   22 0.86
   1   13 0.66
   2    9 0.13
  27   37 0.33
  29   35 0.52
  16   30 0.83
   4    6 0.30
  24   41 0.62
  31   41 0.92
  16   20 0.33

  31   33 0.52
  28   29 0.56
  15   28 0.55
  21   32 0.65
   9   20 0.15
   3   20 0.04
   2   20 0.81
   6   15 0.23
   7   12 0.01
   6   14 0.43
   3   15 0.76
   3   22 0.50
   7   19 0.95
  13   30 0.02
  11   27 0.72

  26   36 0.04
  31   32 0.44
  19   25 0.96
   2    5 0.61
  10   18 0.61
   5   20 0.34
  25   29 0.25
  22   25 0.83
  23   36 0.68
  14   32 0.03
  13   24 0.82
  26   38 0.48
  14   27 0.78
  12   16 0.32
  26   32 0.26

