4 40 4
6   16   4  20  10   4  20

 113  228 0.57
  11   16 0.31
  56  120 0.79
  64  129 0.27
  69  198 0.98
  70  143 0.01
  82  149 0.97
  45  179 0.44
 113  200 0.13
  94  181 0.21
  12  138 0.42
  43  177 0.90
  28   97 0.80
  35  106 0.73
  38  142 0.66
  36   49 0.94
 126  137 0.16
  94  217 0.84
 124  234 0.67
  39   94 0.54
 125  218 0.25
  67   87 0.50
 123  226 0.15
  32  166 0.90
  29   77 0.65
 136  195 0.81
 113  221 0.59
 105  232 0.97
  67   83 0.70
  25   59 0.60
 128  170 0.34
  33  145 0.43
  27   60 0.36
 116  121 0.82
  49  154 0.35
 103  217 0.61
 124  213 0.30
 127  217 0.73
  96  123 0.78
  93   93 0.10

  53   95 0.40
 117  136 0.81
  47   81 0.41
 120  211 0.01
 100  199 0.29
  89  190 0.62
  34  128 0.22
 104  104 0.67
  73  148 0.27
  26  103 0.57
  85  209 0.67
  85  179 0.51
 108  140 0.72
   7   73 0.02
   8   22 0.09
  27  151 0.31
  77   85 0.66
  88  131 0.94
  46  133 0.69
  14   78 0.97
 127  256 0.53
  17   72 0.24
  96  121 0.53
  33   81 0.22
 111  238 0.20
  56   71 0.92
  75   99 0.98
  88   97 0.02
  98  159 0.22
  61   69 0.75
 121  235 0.26
  62  153 0.08
  43   82 0.42
  50  171 0.44
  87  190 0.16
  83  190 0.03
  76  191 0.61
 107  212 0.27
   1   21 0.09
  95  224 0.62

  53   78 0.10
 132  176 0.12
  71  192 0.50
  78  164 0.93
  10   89 0.95
  68  150 0.31
   9   61 0.80
 109  223 0.68
 118  178 0.83
 136  192 0.26
 133  193 0.08
  95  134 0.44
  54  142 0.71
 136  236 0.79
  29  143 0.11
  77  107 0.31
  44  109 0.57
  60  122 0.79
 115  167 0.75
 131  170 0.51
 119  198 0.90
  89  156 0.58
   4   57 0.91
  89  128 0.06
  57  172 0.19
 117  146 0.55
 104  196 0.68
  62   92 0.41
 112  202 0.07
  18  125 0.99
  83  196 0.81
 131  251 0.11
  13   91 0.91
  56  120 0.61
   8   20 0.20
  38  151 0.76
  10  115 0.95
 103  113 0.85
  66  171 0.86
 122  214 0.01

 128  217 0.39
  47  133 0.94
  53   78 0.87
 135  255 0.94
  29  153 0.96
  64  191 0.69
 130  212 0.82
  21   73 0.50
  73   84 0.48
  15   24 0.08
 102  169 0.00
  88  185 0.62
  33   57 0.83
 121  243 0.01
   7  103 0.35
  76  206 0.09
  11  135 0.21
 104  240 0.70
  96  100 0.57
   7   29 0.10
   2  105 0.40
  13   79 0.33
  49  121 0.93
 102  191 0.78
  22   90 0.42
  66  168 0.88
 110  214 0.69
  84  208 0.48
  16  152 0.99
  17   35 0.76
  59  113 0.25
 106  182 0.39
  36  157 0.07
  70  171 0.94
   1  130 0.44
  20   59 0.20
 135  186 0.59
  55   91 0.33
  37  132 0.41
  17   91 0.99

 119  145 0.05
  28   76 0.22
 133  175 0.92
 125  174 0.42
  74  109 0.81
 126  166 0.13
 117  236 0.92
  63  187 0.24
 109  129 0.41
  34  153 0.89
  25  115 0.95
  26  103 0.62
  69  109 0.56
  23  118 0.50
  49  131 0.77
 122  172 0.72
 117  245 0.19
  33  133 0.61
 106  154 0.14
  78  209 0.42
  36  120 0.72
 108  118 0.75
  83  177 0.67
  97  231 0.89
 121  141 0.74
  37  141 0.66
  57  181 0.06
  19  101 0.80
  43   60 0.93
  10   38 0.05
  94   96 0.08
  37   54 0.35
  42   78 0.59
   2   12 0.79
  79  136 0.31
  91  130 0.87
 112  156 0.59
 107  148 0.98
  98  153 0.36
  83  117 0.59

  29  140 0.30
  34  156 0.56
  44   75 0.59
  33  103 0.34
 134  245 0.90
  41   98 0.30
  55   99 0.05
 121  229 0.96
 132  142 0.25
 104  219 0.23
  63  141 0.61
  40   50 0.49
   7   50 0.74
  80  202 0.84
  72  118 0.23
  51  123 0.64
   1    6 0.14
  11   39 0.26
  67   76 0.25
 132  240 0.57
   1   77 0.66
  75  105 0.79
  80  204 0.07
 136  164 0.82
  82  100 0.87
  47   98 0.41
  43   80 0.53
 114  140 0.46
 121  152 0.98
  21  105 0.20
  78  198 0.50
   0  101 0.31
   5   58 0.13
  20  148 0.63
 106  200 0.07
 128  186 0.80
 133  223 0.07
  90  120 0.84
 130  165 0.57
 116  170 0.95

