4 80 4
3    4  10   4

  46   71 0.00
  41   46 0.51
   5   36 0.67
  31   71 0.42
  49   71 0.87
  49   76 0.97
  55   79 0.79
  19   28 0.89
  62   88 0.94
  18   64 0.26
   0   60 0.90
  56   97 0.45
  47   71 0.36
  33   40 0.83
  63  100 0.20
  66   89 0.39
  47   68 0.51
  48   90 0.05
  30   38 0.03
  30   51 0.49
  53  108 0.33
  41   77 0.53
  36   98 0.80
  37   74 0.22
   6   31 0.73
  56   98 0.86
  58   69 0.96
  60   61 0.07
  46  107 0.33
  45  100 0.85
  36   82 0.12
  22   36 0.37
  64  101 0.23
  64  127 0.78
  15   78 0.82
   5   42 0.93
  63   71 0.50
  27   34 0.34
  43   98 0.13
  24   76 0.19
  32   97 0.94
  19   69 0.68
  37  101 0.67
   1    9 0.15
  12   16 0.31
   4   15 0.52
  55   88 0.29
  59   94 0.52
  52  109 0.46
  14   54 0.97
  66   91 0.91
   4   59 0.46
   6   34 0.21
  25   51 0.78
   0   35 0.73
  28   35 0.37
   1   62 0.84
  59  125 0.20
  22   33 0.21
  59  121 0.07
  28   45 0.36
  60   79 0.86
  41   50 0.58
  23   37 0.99
  66  128 0.28
  65  113 0.73
  47   98 0.89
  13   13 0.18
  40   43 0.81
  12   65 0.86
  14   69 0.71
  46   59 0.03
  14   21 0.82
  42   98 0.60
  12   68 0.38
  36   79 0.33
  23   42 0.84
  37   66 0.03
  10   73 0.27
  43   82 0.60

  28   85 0.30
   2   25 0.77
  43   89 0.60
  42   84 0.97
  19   83 0.05
  19   36 0.75
  47   63 0.77
  60   88 0.06
  38   93 0.99
  14   49 0.20
  49   61 0.57
  22   28 0.90
   8   72 0.61
  55  101 0.57
  51   89 0.18
  60   84 0.91
  18   48 0.02
  22   67 0.41
  10   11 0.05
  17   46 0.53
  23   36 0.60
  12   65 0.01
  32   60 0.88
  54   54 0.19
  43   66 0.37
  46   79 0.11
  27   56 0.84
  49   59 0.56
  23   30 0.23
  17   59 0.23
  59   89 0.67
  17   47 0.91
  40   60 0.88
  11   52 0.99
  45   90 0.25
   0   23 0.42
   1    8 0.65
  53  109 0.15
   5   42 0.02
  52  111 0.52
  64   64 0.08
  21   83 0.63
  63   87 0.63
  20   28 0.97
  46   65 0.52
  44   88 0.28
  59   71 0.69
  35  100 0.07
  20   69 0.89
  31   35 0.53
  45   99 0.78
  19   41 0.10
  61  121 0.72
  65   87 0.44
  22   65 0.13
  50   71 0.36
  55  110 0.28
  50   91 0.28
  31   91 0.81
  27   86 0.74
  52  106 0.44
   8   29 0.20
  59   69 0.45
  41   95 0.70
   0   40 0.19
  25   59 0.16
   9   31 0.00
  30   59 0.33
  14   69 0.22
  43   82 0.87
  35   93 0.34
   9   25 0.87
  24   81 0.25
  28   35 0.89
  23   30 0.97
  27   65 0.09
  17   49 0.26
  52   92 0.78
  46   69 0.92
  55  115 0.30

   6   17 0.85
  42   92 0.78
  66  132 0.52
   5   19 0.46
  21   68 0.36
  34   49 0.59
  53   68 0.06
  37   80 0.47
  58   91 0.09
  66   88 0.20
   1   65 0.29
   6   67 0.57
  22   77 0.48
   8   48 0.80
  57   75 0.37
   6   58 0.03
  16   81 0.15
  42   55 0.15
  28   34 0.55
  12   36 0.58
   5   19 0.31
  64  130 0.26
  35   67 0.70
  65  126 0.51
  35   79 0.82
  43   75 0.69
  61   82 0.09
   9   21 0.12
  11   22 0.34
   5   45 0.37
   7   12 0.54
  40   77 0.64
  45   88 0.07
  13   51 0.20
  15   52 0.63
   2   41 0.51
   3   21 0.76
   2   30 0.09
  53  116 0.71
  26   38 0.02
  32   83 0.58
  34   37 0.91
  22   68 0.64
   5   29 0.11
  11   49 0.38
  59  101 0.04
  49  110 0.27
   3   65 0.28
  46   53 0.85
  40   73 0.14
  32   76 0.59
  60  107 0.50
  13   42 0.49
  20   24 0.53
  42   75 0.22
  48   98 0.72
  11   35 0.93
   2   38 0.12
  10   27 0.44
  24   63 0.36
  16   69 0.32
  56   99 0.13
   7   35 0.30
  57  109 0.09
  47  111 0.54
  15   70 0.78
  17   22 0.74
  10   15 0.62
  46   72 0.84
  28   38 0.03
  31   57 0.56
  42   84 0.75
   9   70 0.66
  26   58 0.12
   5   40 0.41
   7   39 0.54
  38   97 0.54
  26   41 0.79
  32   38 0.14
  61   88 0.03

