3 15 4
12    2  10  10  20  10  16   2   4   2   2  10  10

  38   67 0.24
  28   53 0.18
  59   80 0.74
  48   76 0.99
  32   56 0.96
  34   37 0.39
  34   53 0.20
  23   46 0.07
  12   19 0.31
  48   50 0.05
  36   55 0.15
  57   58 0.16
  35   37 0.46
   2   28 0.72
  27   43 0.71

  14   35 0.40
   1   12 0.33
  19   44 0.52
  11   21 0.16
   8   23 0.76
  35   64 0.37
  27   27 0.12
  43   47 0.54
   0   17 0.06
  49   59 0.18
  29   46 0.37
  27   35 0.73
  16   17 0.32
  46   52 0.61
  39   43 0.83

  30   36 0.45
  36   37 0.32
   6   31 0.59
  46   51 0.30
  38   46 0.93
  32   50 0.56
  58   79 0.19
  53   82 0.27
  35   44 0.46
   5   13 0.16
  56   79 0.54
  15   38 0.16
  33   54 0.55
  39   40 0.97
  22   24 0.63

  28   48 0.64
  48   69 0.82
  31   55 0.21
  46   51 0.56
  32   47 0.26
  30   59 0.66
  15   31 0.89
  47   68 0.38
  51   61 0.54
  41   51 0.36
  55   82 0.42
  38   61 0.77
  52   55 0.13
  13   15 0.55
  21   32 0.51

   5   26 0.16
   4   11 0.73
  20   39 0.99
  30   33 0.42
  52   79 0.38
   5    5 0.16
  53   82 0.79
   5   10 0.98
  28   52 0.97
   7   28 0.36
   8   22 0.10
  50   53 0.92
   3   20 0.66
  34   40 0.19
   7   19 0.75

  54   69 0.01
  29   38 0.34
  55   80 0.96
  57   80 0.21
  25   47 0.58
  26   43 0.67
  30   51 0.83
  24   33 0.71
   6   14 0.81
  44   61 0.94
  33   57 0.56
  44   63 0.31
  37   51 0.72
   6    6 0.56
   2   22 0.18

  53   82 0.13
  27   35 0.69
  27   35 0.39
  15   30 0.74
  57   78 0.09
  54   57 0.73
  49   73 0.79
  37   39 0.49
  28   37 0.40
  12   40 0.19
  43   46 0.13
  13   16 0.78
  57   84 0.19
  16   31 0.31
  48   49 0.67

  13   18 0.52
  56   62 0.77
  17   23 0.26
  43   62 0.48
  31   48 0.12
  49   49 0.72
  54   54 0.61
  14   30 0.61
  25   48 0.58
  36   49 0.90
   9   11 0.38
   6   31 0.77
  12   30 0.09
  58   79 0.73
  60   69 0.58

  54   59 0.17
   8   33 0.99
  47   51 0.11
  28   53 0.92
  27   42 0.59
  38   50 0.18
  58   68 0.30
  53   62 0.09
  40   54 0.52
  34   49 0.68
   5   25 0.20
  21   38 0.21
  33   39 0.96
  20   27 0.46
  29   43 0.27

  24   25 0.89
  21   35 0.82
  26   41 0.44
   1   14 0.51
  14   43 0.81
  27   35 0.39
  13   34 0.71
  51   71 0.95
  21   42 0.56
  56   76 0.87
   1   18 0.91
  55   73 0.44
  21   32 0.79
  19   34 0.29
  20   40 0.11

  60   88 0.36
  28   31 0.14
   7   16 0.43
   6   28 0.41
  18   44 0.07
  45   56 0.65
  48   54 0.75
  47   54 0.58
  26   47 0.60
   9   37 0.94
  42   63 0.85
  60   62 0.74
  30   43 0.51
  44   53 0.83
  10   39 0.37

  36   41 0.16
  41   66 0.32
  51   61 0.78
  30   52 0.49
  14   27 0.30
   1   29 0.86
  37   59 0.83
  53   82 0.02
   3    5 0.82
  36   49 0.25
  28   34 0.37
  19   36 0.76
  33   57 0.20
   1   29 0.49
  39   68 0.03

