3 100 4
3   16  10  16

  95  148 0.06
  86  102 0.51
 165  207 0.37
 114  195 0.89
  19   84 0.39
 156  204 0.10
  49  101 0.52
  70  150 0.40
  76  160 0.35
  61  140 0.37
  86  141 0.01
  98  121 0.38
  25  100 0.51
   6   50 0.68
  62  142 0.40
 100  143 0.34
  53   69 0.32
  23   31 0.68
 131  150 0.63
 172  201 0.21
  50   70 0.70
  63   81 0.65
  53  102 0.28
 100  144 0.46
  73   73 0.20
 145  211 0.06
 132  133 0.25
 164  201 0.98
 142  226 0.25
 129  167 0.81
  59  129 0.64
 134  189 0.87
  64  127 0.46
 110  125 0.82
  57  122 0.47
 147  223 0.93
  71  114 0.78
 170  207 0.33
 139  199 0.36
 164  232 0.70
 152  179 0.63
  47   71 0.75
  69  101 0.80
 140  168 0.11
  70   93 0.38
  34  112 0.78
 100  162 0.89
 140  194 0.02
   2   21 0.17
  62   73 0.04
 128  129 0.05
 100  142 0.81
 132  167 0.70
  77  121 0.50
  79   87 0.94
 172  217 0.83
  73  132 0.51
 134  180 0.99
  23   98 0.87
  71   78 0.46
  24  103 0.61
  46   70 0.15
 145  157 0.49
 155  232 0.97
  89  114 0.26
   3   76 0.97
 122  136 0.70
  94  143 0.83
 161  225 0.46
 170  254 0.04
 102  106 0.69
  79   90 0.96
  83  131 0.12
 172  210 0.26
  11   50 0.59
  69  104 0.87
 108  179 0.48
   3   14 0.29
  24   76 0.60
 150  178 0.84
 117  159 0.97
 105  156 0.60
 132  198 0.73
 104  180 0.59
  72  144 0.49
  44   52 0.05
  70  121 0.57
  56  120 0.97
  13   87 0.40
 150  163 0.67
 128  137 0.18
   0   44 0.01
 114  160 0.24
 169  228 0.22
  24   27 0.85
  22  102 0.74
  88  129 0.40
  61  114 0.88
 142  145 0.65
  49  119 0.03

  40   73 0.80
 113  136 0.58
  32   60 0.68
  43   62 0.27
  77  160 0.46
 140  221 0.04
  43  108 0.51
 133  164 0.99
 148  218 0.71
  56   84 0.18
 117  147 0.43
 160  212 0.77
  89  142 0.47
 169  174 0.48
 130  172 0.76
  99  152 0.74
  39   92 0.29
 159  166 0.95
  97  111 0.89
 143  168 0.47
 109  157 0.49
  78   79 0.61
  18  100 0.65
  90  173 0.84
  77  105 0.80
 113  185 0.09
  22   67 0.73
 169  218 0.81
  96  117 0.45
 109  183 0.87
  90  124 0.93
  13   47 0.12
 165  210 0.89
  77  140 0.55
 152  223 0.32
  43  103 0.75
  13   41 0.24
  59  112 0.68
  95  145 0.38
  15   60 0.86
 119  152 0.73
  67   94 0.95
  48  115 0.81
   5   46 0.80
 163  220 0.09
 154  186 0.24
 173  247 0.60
 135  216 0.64
  80  120 0.11
 166  235 0.45
  93   97 0.87
 148  216 0.58
 129  163 0.67
  32   97 0.73
 157  186 0.80
   4   71 0.98
  65   68 0.99
   7   45 0.79
  23   45 0.99
 138  199 0.50
  88  103 0.25
 118  136 0.34
  91  170 0.20
 125  153 0.91
 169  205 0.95
  42   68 0.47
  65   84 0.81
  43   48 0.47
 156  242 0.35
   6   58 0.10
 114  188 0.75
  12   34 0.77
   1   46 0.03
 162  200 0.42
   5   15 0.02
 111  144 0.54
  44   64 0.09
  11   93 0.80
 105  155 0.43
  44  117 0.10
 115  195 0.39
 151  167 0.29
  35   67 0.30
 155  170 0.57
 131  195 0.13
  95  177 0.70
 105  156 0.83
 104  141 0.60
 148  199 0.34
 150  226 0.85
  40   64 0.69
 102  138 0.43
 113  194 0.60
  70  118 0.13
  23   23 0.13
 131  156 0.28
   1   21 0.98
  68   90 0.74
 160  210 0.24
  79   92 0.83

   7   77 0.28
  70   92 0.38
  22   69 0.51
 157  165 0.16
 130  194 0.17
 108  139 0.58
 131  205 0.59
  95  119 0.27
 168  184 0.44
  59  132 0.84
 100  107 0.45
 140  181 0.46
 159  162 0.36
 103  173 0.89
  65  128 0.50
  17   71 0.33
  23  100 0.01
 144  214 0.94
  14   75 0.35
 142  212 0.01
  94  132 0.17
  83   90 0.40
  80  135 0.75
  86   98 0.85
  28   66 0.89
  91  100 0.45
  89  122 0.09
 124  140 0.34
  91  115 0.12
 117  128 0.37
  77  159 0.84
  31   31 0.60
  60   99 0.45
   2   57 0.60
  19   19 0.24
  93  118 0.90
  62   98 0.51
  57   60 0.02
  35  117 0.83
 124  167 0.62
  79  149 0.02
  14   44 0.81
  42  108 0.52
  37   69 0.24
  60   94 0.04
 174  215 0.16
  65  120 0.36
  39   91 0.77
 142  166 0.37
 110  150 0.92
  92  176 0.95
  45  123 0.74
  79   96 0.87
  84  110 0.16
  16   48 0.64
 134  144 0.06
 114  124 0.18
 144  228 0.56
  27   99 0.83
 117  195 0.29
  10   71 0.59
  97   99 0.90
  65   68 0.77
  67  128 0.82
   9   49 0.90
   3   87 0.96
 107  127 0.25
  33   83 0.40
  59  125 0.53
 149  232 0.24
  69  148 0.67
  38  113 0.15
 136  163 0.31
 128  192 0.49
  51   55 0.26
 141  159 0.39
  22   32 0.21
 160  187 0.62
  83   90 0.59
  74  144 0.42
 104  153 0.27
  27   53 0.21
   0   12 0.59
  47  115 0.06
  17   19 0.66
  29   30 0.09
 108  132 0.00
 144  204 0.30
  24   45 0.41
 160  202 0.19
 120  188 0.79
 119  160 0.22
  71  121 0.08
 126  212 0.46
  17  103 0.68
  28   93 0.20
  52  134 0.01
 156  194 0.70
 173  227 0.19
  61  126 0.89

