4 100 4
3    2  16  10

  37   39 0.36
  28   49 0.78
  48   86 0.71
  18   51 0.72
   6   28 0.93
  64   70 0.64
   2   17 0.50
  35   66 0.85
  51   52 0.93
  76   77 0.99
  13   54 0.28
  54   88 0.65
  82   84 0.58
  38   47 0.99
  25   26 0.47
  10   33 0.56
  78   85 0.57
  62   95 0.59
  71   99 0.70
   6   17 0.87
  85  111 0.28
  84   88 0.09
  48   68 0.77
  83  105 0.82
  31   40 0.46
  58   83 0.90
  38   72 0.87
  80  121 0.98
  13   44 0.31
  45   87 0.02
   6   21 0.05
  66   76 0.96
  41   49 0.16
  21   53 0.75
  47   71 0.77
  12   48 0.72
   4   38 0.06
   8   15 0.82
   8   40 0.46
  67   76 0.70
  67   79 0.80
  82  107 0.63
  12   29 0.47
  80   83 0.59
  27   28 0.82
   8   43 0.98
  23   51 0.42
  62   81 0.46
  51   57 0.83
  16   45 0.38
   2   12 0.58
  51   68 0.83
   7   47 0.52
  86  127 0.22
  80   80 0.54
  23   54 0.12
  73   78 0.43
  65  100 0.94
  76   84 0.19
  68   93 0.39
  85  104 0.13
  41   83 0.28
  68   96 0.44
  34   41 0.67
  45   45 0.19
  16   50 0.26
   7   40 0.29
  72   89 0.10
  18   31 0.01
  72   83 0.57
  19   52 0.91
  66   81 0.87
  52   88 0.73
  32   70 0.94
  12   31 0.22
  40   58 0.92
  14   27 0.15
  31   72 0.61
  23   35 0.23
  30   52 0.75
  26   30 0.06
  15   57 0.20
  16   32 0.67
  76  101 0.33
   6   22 0.46
  22   27 0.89
   0   34 0.64
  17   49 0.22
  44   52 0.70
  40   75 0.31
  44   48 0.47
  72   96 0.19
  43   61 0.28
  66   71 0.89
  78  118 0.86
  68  106 0.20
  78  120 0.26
  80   98 0.11
  39   46 0.75
  65   93 0.38

  72   95 0.28
  29   44 0.85
  34   37 0.88
   1   15 0.09
  21   49 0.28
  57   99 0.14
  32   38 0.33
  58   95 0.57
  21   55 0.86
  51   82 0.42
  72  100 0.35
  55   70 0.46
  48   53 0.60
  31   58 0.04
  36   76 0.87
  75   80 0.45
  23   55 0.55
  18   32 0.97
  63   78 0.94
  66   79 0.21
   3    5 0.15
  72  108 0.88
  31   70 0.38
  51   87 0.35
  36   60 0.80
  12   26 0.49
  48   78 0.06
  79  106 0.08
  55   87 0.94
  62  100 0.83
  15   56 0.74
  22   61 0.52
  20   36 0.26
  42   80 0.83
  64   65 0.38
  78   93 0.75
  77   81 0.38
   1   24 0.78
  60   72 0.07
  51   71 0.58
  20   46 0.41
  18   54 0.51
  31   45 0.45
  41   71 0.61
  50   74 0.55
  15   23 0.94
   0   29 0.83
  67   81 0.03
  55   94 0.48
  33   72 0.91
  45   85 0.29
  22   32 0.09
  41   65 0.10
  28   66 0.89
  29   66 0.13
  24   50 0.99
  42   52 0.65
  69   72 0.60
   6   30 0.09
  21   49 0.43
  12   29 0.50
  14   56 0.98
  53   71 0.38
  29   53 0.28
  61   98 0.59
  16   20 0.19
   2   39 0.76
   2   33 0.83
  37   68 0.69
  14   49 0.15
  34   53 0.57
  47   61 0.11
  52   58 0.58
  41   62 0.48
  38   73 0.30
   3   20 0.42
  84   88 0.69
  73  107 0.94
  34   40 0.10
  29   54 0.06
  75   85 0.83
  12   43 0.30
   2   27 0.85
  49   59 0.50
  50   55 0.28
  75   94 0.99
  46   86 0.40
  31   31 0.62
   9   10 0.35
  84   95 0.27
  82  115 0.98
  21   34 0.33
  13   23 0.61
  64   68 0.10
  56   73 0.92
  56   96 0.85
  28   49 0.83
  13   34 0.79
   8   30 0.35
  76  109 0.59

  14   32 0.30
  18   43 0.52
  60   63 0.38
  67   92 0.44
   5   16 0.31
  30   51 0.47
  41   49 0.90
  33   44 0.79
  78  109 0.96
  58   60 0.17
  18   52 0.02
  30   42 0.63
  27   38 0.78
  79   85 0.30
  65   79 0.45
  46   59 0.32
  37   44 0.79
  37   61 0.45
  19   21 0.02
  15   21 0.62
  65  100 0.66
  30   52 0.74
  18   39 0.78
  59   60 0.78
   7   44 0.41
  25   35 0.85
   3   37 0.80
  26   47 0.88
  65   65 0.06
  47   62 0.09
   4   40 0.82
  80  121 0.24
  25   46 0.06
   3    8 0.57
  80   96 0.95
  69   92 0.60
  10   51 0.18
  24   31 0.82
  10   35 0.64
  79   91 0.54
  63   96 0.31
  37   49 0.74
  29   58 0.39
  66   67 0.62
  61   98 0.72
  19   31 0.59
  56   88 0.25
  50   65 0.74
  71  102 0.49
  69  108 0.31
  76  105 0.31
   4   18 0.05
  47   86 0.26
  40   80 0.43
  35   60 0.84
  14   23 0.09
  35   49 0.05
  70  106 0.18
   0    5 0.57
  15   54 0.13
  62   80 0.69
  84  103 0.00
  12   31 0.46
  53   84 0.62
  72   90 0.51
  57   73 0.31
  86  102 0.15
  65   84 0.08
  49   78 0.98
   9   28 0.08
  47   78 0.17
  51   68 0.12
  61   97 0.78
  22   30 0.13
   7   47 0.22
  20   34 0.67
  35   49 0.96
   5   29 0.74
  80  103 0.70
  66   82 0.26
  17   54 0.32
  49   76 0.26
  10   29 0.77
  25   65 0.48
   0   34 0.07
  47   59 0.00
  53   89 0.17
  59   78 0.83
  79  115 0.76
  60   62 0.10
   1   36 0.64
  86  113 0.48
  85   93 0.26
  67   71 0.36
  14   47 0.58
  78  104 0.85
  32   33 0.95
  43   80 0.80
  58   59 0.07
   0   31 0.20

