4 20 8
12   16  16   2  10  10  10   4  20   4  16  20  10

   2    2 0.54
   6    7 0.83
   0   15 0.67
  20   26 0.18
  14   18 0.91
   1   18 0.15
  12   16 0.28
  14   34 0.52
  10   29 0.23
   0   13 0.66
  10   26 0.54
   4   12 0.56
   4   20 0.11
   9   10 0.22
   2   18 0.91
  13   28 0.76
   7   17 0.51
  12   12 0.95
   5   17 0.65
   0    5 0.11

   9   22 0.72
   6   11 0.75
   2   10 0.13
   2   20 0.17
  18   18 0.70
   5   24 0.90
   7   22 0.23
   7    8 0.02
  12   31 0.90
  17   36 0.04
  13   25 0.51
   1   11 0.35
   2   15 0.24
  16   27 0.44
  18   33 0.03
  17   36 0.16
  14   28 0.13
   8   22 0.31
  13   23 0.22
   0    5 0.97

   0   18 0.59
   1   11 0.52
  19   31 0.37
   2   17 0.00
  14   29 0.01
  15   27 0.73
   9   16 0.76
   5   16 0.46
   5    8 0.01
   8   12 0.42
   4   18 0.64
  14   32 0.60
   8   13 0.00
  16   26 0.57
   4   22 0.50
  19   23 0.88
  14   32 0.09
   4    5 0.50
   1   19 0.19
  13   22 0.48

   1   15 0.73
  13   20 0.12
   2   12 0.42
   7    7 0.47
  14   31 0.77
   1    5 0.80
  17   28 0.18
   1   16 0.82
   5    6 0.05
  15   30 0.04
   1    7 0.85
   1    3 0.53
  18   32 0.84
   8    9 0.43
  16   16 0.04
  19   28 0.94
  18   23 0.59
  19   27 0.63
  17   34 0.13
  19   26 0.49

  19   25 0.75
  10   18 0.64
  15   26 0.81
  20   29 0.05
  14   28 0.38
  20   36 0.72
  15   17 0.94
  12   25 0.70
   8   21 0.82
  11   31 0.90
   2    3 0.27
   4   16 0.04
   5   25 0.64
  20   37 0.11
  14   29 0.22
  12   16 0.44
   6   12 0.58
   6   18 0.18
  17   36 0.91
  18   23 0.08

  17   33 0.99
   1   13 0.47
  13   19 0.42
   7   16 0.28
  10   18 0.90
  12   20 0.90
  14   31 0.52
  16   36 0.02
   3   11 0.22
  13   14 0.06
  20   26 0.33
  13   17 0.37
  19   36 0.93
  20   38 0.88
  13   29 0.09
   3    9 0.27
   5   18 0.66
   2    6 0.41
   5   10 0.55
   8    8 0.36

  13   24 0.72
  15   32 0.15
  15   18 0.45
  10   25 0.71
   1    7 0.96
   1   21 0.42
  16   19 0.25
  15   26 0.90
   7    8 0.94
  16   18 0.82
   1    3 0.28
   9   25 0.59
   6   12 0.23
   4    9 0.23
   6   26 0.29
  13   28 0.90
   3   16 0.90
   2   12 0.82
   3    5 0.73
   6   24 0.92

  17   18 0.57
   9   27 0.27
  19   25 0.13
  12   22 0.87
  15   29 0.89
  12   22 0.71
   0   10 0.35
   4    8 0.04
  18   27 0.37
  16   22 0.35
  20   38 0.93
  17   24 0.12
   9   22 0.55
  14   32 0.28
   5    6 0.91
  17   27 0.87
   6    9 0.08
   1   13 0.56
   0   11 0.36
  15   32 0.40

   9   21 0.65
  14   16 0.62
   2   21 0.95
   1   18 0.69
  11   25 0.50
   7   27 0.45
  20   27 0.58
   8   12 0.59
   4    8 0.51
   2    5 0.71
   8   20 0.54
   5    8 0.45
   6    7 0.04
  16   30 0.08
  14   34 0.41
   5   10 0.29
  18   18 0.25
   5   12 0.01
   3   13 0.73
  11   23 0.66

   6   20 0.02
   3    9 0.38
   8   12 0.10
   5   23 0.84
  10   11 0.88
   8   26 0.62
   0    8 0.18
  14   24 0.01
   5   15 0.08
   0   12 0.90
  11   27 0.11
  13   29 0.72
  10   30 0.08
   5    7 0.79
   2   21 0.89
  14   15 0.20
  12   14 0.16
   2   15 0.05
   4    4 0.57
   8    8 0.51

   7    7 0.89
  16   36 0.40
   1    7 0.45
   8   15 0.75
   5   19 0.76
   0   20 0.73
   0   18 0.81
  17   19 0.25
  17   27 0.45
  14   15 0.01
  16   28 0.01
   2   13 0.43
   4    5 0.17
   2    7 0.88
  20   20 0.20
   6   26 0.94
   3    4 0.82
   9   24 0.85
  14   30 0.06
  11   12 0.02

  13   24 0.09
   8   14 0.96
  20   31 0.57
  16   27 0.90
  14   18 0.10
  19   21 0.56
   2    2 0.66
  13   13 0.31
   6    6 0.95
   3    6 0.46
  18   25 0.25
  18   36 0.70
   2    6 0.12
   9   19 0.74
  14   26 0.88
  13   33 0.75
  11   24 0.16
  18   23 0.33
   6   26 0.44
  12   24 0.85

