4 80 8
3    4  20  10

  35   51 0.74
  15   15 0.79
  59   65 0.13
  52   63 0.29
  62   65 0.12
   1   19 0.42
  30   34 0.25
  16   28 0.17
  35   42 0.66
  56   74 0.64
  50   55 0.38
  30   41 0.81
  39   46 0.51
  41   42 0.46
  58   76 0.24
  13   30 0.80
  25   34 0.27
   6   10 0.66
  45   49 0.80
  38   44 0.32
  43   51 0.28
  51   62 0.40
  33   43 0.65
  31   50 0.76
  16   18 0.14
  18   29 0.66
   2   20 0.43
  35   54 0.75
  12   29 0.25
  49   52 0.63
  36   48 0.48
  52   57 0.58
  53   53 0.33
  12   23 0.41
   7   24 0.11
  45   64 0.37
  37   46 0.23
  12   31 0.18
  23   42 0.03
  24   35 0.34
  26   30 0.38
   2   21 0.71
  20   38 0.61
   9   21 0.01
  46   57 0.79
  43   44 0.10
  51   67 0.52
  50   62 0.78
  24   30 0.21
  56   66 0.86
  15   16 0.68
  35   45 0.21
  39   42 0.95
  42   51 0.57
  24   39 0.22
  23   34 0.25
  17   26 0.36
  39   40 0.85
  44   60 0.83
  35   47 0.99
  61   71 0.72
  11   28 0.39
  54   69 0.60
  50   54 0.27
   4   21 0.52
   1    2 0.48
  23   27 0.24
  13   17 0.59
   6    9 0.41
  55   63 0.41
  61   73 0.94
  51   60 0.48
  10   25 0.99
  11   13 0.09
   0   20 0.49
  58   58 0.22
  19   35 0.12
  37   43 0.32
  34   39 0.25
  51   68 0.76

  11   23 0.14
  48   56 0.30
   2   21 0.41
  41   43 0.32
  12   30 0.97
  36   37 0.93
  31   42 0.66
   8   27 0.74
   8   13 0.07
  43   58 0.36
  48   57 0.69
  12   24 0.51
  36   46 0.81
  62   70 0.85
  19   26 0.92
  24   25 0.20
  29   29 0.39
   0    6 0.72
  32   38 0.65
  36   55 0.57
  24   44 0.37
  57   75 0.08
  19   34 0.44
  61   67 0.47
  25   31 0.74
  31   43 0.66
  31   43 0.14
   3   21 0.52
  27   38 0.54
  13   33 0.64
  33   35 0.38
  53   61 0.46
   8   24 0.88
  56   57 0.48
  23   28 0.16
  40   56 0.93
   0   14 0.50
  18   25 0.65
  10   10 0.88
   1    7 0.58
  60   72 0.08
  31   31 0.34
  22   40 0.04
  19   31 0.56
   9   29 0.54
  48   50 0.57
   2   13 0.40
   2   22 0.37
  24   31 0.45
  10   21 0.74
  37   43 0.33
  11   26 0.85
   5    5 0.72
   1   14 0.55
   2    4 0.60
   2    7 0.40
  23   27 0.64
  49   49 0.22
  22   29 0.57
  27   42 0.26
  40   43 0.72
  62   78 0.98
  11   25 0.56
  21   25 0.11
  26   43 0.33
  43   54 0.79
  25   44 0.71
  38   57 0.61
   7   14 0.66
  50   52 0.30
  56   75 0.84
  32   45 0.54
  26   45 0.95
   7   19 0.23
  61   75 0.48
  34   35 0.66
  21   35 0.88
  35   35 0.83
  48   58 0.41
  39   49 0.57

  16   17 0.35
  18   36 0.40
   6   11 0.80
  37   48 0.39
  16   35 0.42
  38   58 0.27
  49   59 0.58
  41   61 0.15
  54   59 0.47
  42   50 0.50
  51   67 0.29
  55   66 0.17
  32   46 0.60
   9   12 0.66
  27   30 0.14
  35   40 0.08
  53   57 0.87
  46   60 0.55
  34   44 0.33
  38   56 0.28
  45   47 0.16
  36   55 0.18
  36   54 0.87
  15   16 0.29
   8   15 0.36
   9   25 0.34
   8    8 0.14
  17   34 0.68
  62   80 0.43
  16   35 0.67
  37   48 0.98
   8   27 0.76
   6    6 0.22
  46   49 0.79
  43   63 0.43
  62   79 0.40
  33   41 0.63
  49   62 0.06
  29   32 0.55
  28   42 0.07
  36   44 0.15
  21   25 0.08
  54   57 0.70
  43   46 0.24
   7   15 0.08
  45   52 0.09
   3   10 0.84
   1    3 0.24
  35   44 0.32
   5    7 0.64
  53   57 0.18
  26   43 0.49
  13   16 0.69
  59   73 0.67
  17   25 0.95
  16   36 0.25
  27   46 0.47
   9   21 0.25
  38   56 0.69
  37   55 0.46
   5   13 0.70
  17   29 0.53
  25   33 0.15
  44   60 0.71
  58   78 0.87
   8   27 0.60
  20   40 0.81
  13   22 0.43
  25   25 0.18
  43   49 0.18
  15   31 0.02
  55   62 0.69
  53   63 0.38
  16   33 0.50
  15   25 0.41
  20   26 0.52
  36   56 0.01
  33   52 0.41
  22   33 0.74
  54   65 0.96

