3 30 4
6   10  16   2  16  20  16

  84  133 0.13
 105  216 0.21
 103  157 0.04
  52  165 0.48
  98  136 0.89
 129  162 0.18
  70  111 0.73
  75  145 0.23
  62   74 0.53
 138  286 0.40
  32   38 0.32
  56   91 0.11
 100  137 0.06
 128  256 0.02
 125  164 0.80
  66   92 0.45
  25  112 0.70
  32   56 0.73
 105  163 0.15
  75  165 0.60
 115  229 0.12
 139  265 0.89
 142  230 0.68
  18   26 0.75
 133  197 0.10
 128  225 0.18
 141  290 0.80
 139  153 0.91
  84  211 0.74
  49   91 0.31

 114  203 0.98
   6   55 0.62
   5  132 0.85
  53  182 0.58
 125  186 0.17
  17  117 0.23
   9   48 0.33
 107  174 0.69
  79  182 0.04
   9   53 0.60
 107  220 0.93
  90  164 0.55
  62   99 0.89
   7   28 0.40
  52  194 0.47
 130  200 0.94
  11   11 0.81
 129  147 0.65
  80  187 0.78
 127  151 0.08
  96  174 0.43
  44  135 0.82
  83  208 0.04
 116  230 0.11
  22   59 0.14
 132  243 0.12
  41  157 0.62
  98  125 0.98
   1   50 0.24
  16  124 0.71

   9   50 0.73
  63  134 0.57
  86  118 0.01
 110  212 0.50
  56  124 0.31
   3   27 0.73
 106  210 0.39
  82  192 0.31
   5   47 0.40
   3   25 0.64
  42  158 0.07
 113  200 0.88
  59   85 0.70
  48  192 0.90
  29  112 0.56
  25  161 0.41
 125  173 0.08
 131  257 0.28
 149  210 0.03
 121  216 0.31
   0   95 0.25
  18   71 0.12
 144  252 0.04
  75  163 0.73
 149  172 0.99
  48  116 0.66
  12  157 0.19
  96  231 0.22
  79  215 0.38
  86  173 0.21

 111  171 0.25
 135  183 0.42
  85  107 0.13
  29  132 0.78
 107  196 0.73
  52  148 0.60
   3   55 0.37
  29   86 0.04
 129  159 0.65
  85  185 0.35
  81  205 0.84
  45   47 0.92
 141  255 0.77
  95  146 0.12
  34  139 0.57
 116  164 0.88
 121  196 0.18
  77  113 0.52
 108  146 0.65
  19  153 0.57
  63   73 0.71
 101  127 0.15
  10  150 0.87
 103  126 0.49
 138  210 0.09
  45  139 0.60
  63   92 0.11
  57   77 0.77
   0  116 0.40
  82  194 0.79

  11  144 0.24
  64  169 0.44
 114  186 0.02
  86  120 0.59
 137  179 0.89
  49  191 0.24
 126  165 0.78
  92  179 0.20
  54  163 0.38
  35  117 0.09
 114  252 0.60
  39   98 0.28
  42  149 0.51
  71  191 0.40
  58   79 0.99
  45  184 0.48
 129  201 0.84
  79  117 0.53
  46   57 0.59
  30  177 0.46
  79  112 0.34
  92  220 0.63
  45  193 0.57
 148  219 0.65
   6   65 0.33
  38  135 0.40
 111  208 0.07
 145  207 0.69
  55  125 0.94
  61   62 0.00

  48  110 0.17
  49  100 0.07
 146  233 0.31
  94  101 0.78
  33  146 0.01
 110  243 0.76
  18   82 0.69
 100  137 0.05
  96  226 0.29
  59   92 0.65
 116  146 0.98
  29   94 0.00
 118  134 0.51
  79  212 0.62
 108  170 0.64
  40  160 0.36
  11   48 0.32
  19   42 0.92
   3   45 0.76
 141  236 0.69
 130  215 0.94
 133  163 0.19
  64  213 0.34
 104  109 0.09
  92  219 0.79
 139  180 0.76
 136  155 0.17
 101  145 0.52
  73  208 0.06
  31   76 0.82

