3 15 4
12   20  16  10  10   4  16  10  16   2  10   4  10

  22   45 0.62
  14   37 0.63
  11   17 0.44
  14   29 0.07
  15   51 0.19
  30   43 0.80
  33   43 0.51
  29   49 0.77
  39   41 0.99
  39   70 0.27
  38   61 0.37
   1   28 0.39
   9   20 0.84
  22   26 0.77
   9   33 0.21

  11   28 0.25
  29   30 0.73
  14   31 0.36
  15   33 0.50
  11   15 0.61
  25   40 0.23
  21   38 0.76
  25   32 0.74
  39   41 0.18
  25   27 0.12
  20   48 0.95
   4   41 0.41
  31   47 0.39
  25   56 0.44
   7   33 0.33

   9   27 0.70
  35   39 0.43
  24   30 0.92
   5   23 0.33
  39   73 0.87
  16   29 0.65
  15   45 0.85
   1   39 0.19
   6   10 0.19
  16   49 0.42
   3    5 0.19
  25   27 0.54
  29   45 0.38
  17   17 0.13
  16   27 0.21

   6   11 0.22
  31   68 0.12
  24   63 0.27
  39   78 0.70
  13   44 0.54
  33   42 0.90
   7   31 0.63
  33   60 0.60
  21   57 0.11
  32   58 0.68
  36   44 0.68
  20   56 0.65
   1    9 0.97
   9   13 0.81
  35   44 0.41

  14   33 0.44
   7   10 0.32
  17   52 0.93
  38   56 0.01
  32   66 0.34
   1   25 0.94
  22   25 0.17
   2   29 0.35
  37   54 0.61
   3   28 0.92
  37   58 0.94
  30   52 0.39
  27   64 0.47
   6   19 0.34
  22   58 0.15

  39   74 0.34
   1    3 0.10
  36   73 0.43
   6    6 0.50
  22   57 0.78
   2   17 0.39
  36   55 0.52
  28   62 0.04
  30   69 0.62
  26   53 0.41
  15   44 0.67
  22   47 0.24
  32   42 0.62
  39   62 0.67
   4   13 0.60

  12   15 0.86
  17   22 0.46
  18   37 0.69
   0   25 0.16
  21   52 0.28
  21   31 0.43
  30   50 0.91
   9   41 0.98
  17   19 0.58
  13   39 0.37
  31   52 0.47
  21   27 0.50
   7   46 0.89
  14   25 0.47
  31   59 0.89

   5   22 0.62
  17   53 0.02
  35   48 0.08
  30   30 0.08
  23   61 0.07
  21   31 0.08
  37   49 0.51
   0   17 0.63
   3   34 0.48
  37   57 0.33
  25   37 0.65
  12   12 0.15
  37   41 0.33
   2    6 0.14
  35   67 0.42

  26   59 0.19
   5   12 0.27
  12   22 0.84
  17   20 0.00
   5   26 0.42
  19   37 0.71
  21   50 0.19
  25   28 0.27
  34   53 0.88
  30   58 0.28
  23   37 0.65
  23   41 0.34
  31   40 0.80
  29   58 0.89
  12   45 0.67

  17   24 0.06
  15   54 0.68
  38   45 0.03
  13   20 0.89
  13   34 0.89
  21   26 0.70
  15   53 0.94
  37   63 0.70
  13   48 0.12
   8   21 0.42
  27   52 0.91
  15   47 0.81
  16   21 0.88
   7    9 0.04
   7   32 0.81

  28   39 0.53
   4   20 0.09
  37   39 0.36
  36   70 0.79
   2   17 0.63
  18   54 0.61
   7   25 0.55
  23   47 0.37
  26   31 0.90
   2   39 0.60
  36   53 0.00
  39   74 0.69
   2    9 0.92
   8   34 0.28
  12   35 0.31

  29   44 0.90
  19   23 0.31
  15   18 0.43
  36   42 0.96
  26   47 0.52
  11   16 0.97
  20   24 0.99
   0    0 0.56
  13   44 0.02
  13   45 0.64
   5   44 0.82
  18   28 0.60
  27   62 0.64
   7   44 0.12
  19   29 0.19

