3 50 8
6   16   4  16  16  16  16

 128  149 0.63
 121  138 0.01
  92  172 0.00
   5    6 0.52
   5   62 0.56
  48   76 0.48
  21   33 0.16
  32   48 0.25
  89  146 0.27
  22   88 0.36
  37   73 0.13
  61   85 0.54
  93  111 0.58
 114  142 0.31
  57   81 0.97
  28   76 0.15
  77  150 0.07
 115  167 0.71
  75  117 0.42
  90  164 0.87
  27   97 0.78
  13   92 0.57
  38   49 0.31
  58  108 0.53
  84  139 0.64
 102  147 0.06
  34   68 0.13
 113  143 0.68
 108  194 0.39
  37   39 0.17
   5   71 0.80
  61  112 0.31
  94   98 0.43
 113  131 0.21
  96  120 0.03
  39   78 0.60
 102  151 0.59
  41   69 0.36
  10   46 0.97
  43  121 0.23
 117  158 0.28
  96  142 0.92
  67  102 0.06
  35  108 0.00
   9   20 0.69
 117  175 0.09
  16   87 0.46
  59  125 0.36
  28   34 0.97
  72  113 0.12

  94  131 0.29
 110  172 0.44
 104  106 0.97
  10   47 0.50
  82  168 0.75
 108  182 0.91
 103  163 0.70
  18   31 0.61
  93  141 0.16
 110  172 0.75
  82  146 0.77
  68  142 0.15
 125  195 0.23
  55   83 0.22
  45   76 0.16
  86  162 0.19
 108  191 0.11
  59  136 0.90
 120  146 0.64
  34   90 0.05
 107  166 0.95
   7   25 0.21
  25  105 0.96
  69  104 0.28
 111  137 0.66
 115  118 0.97
   0   72 0.34
 102  139 0.54
  27   69 0.85
  25  109 0.68
  39   87 0.99
  84   95 0.02
  37  110 0.97
   8   68 0.11
 111  156 0.15
   9   71 0.57
  52   65 0.51
   7   51 0.29
 100  169 0.69
 102  176 0.76
  10   18 0.51
 129  145 0.62
  77  151 0.25
  47  111 0.44
  23   32 0.97
 113  194 0.40
  41   87 0.04
  18   85 0.72
  70  114 0.89
  14   41 0.49

  18   69 0.21
  33  103 0.07
 128  188 0.57
  90  161 0.09
   3   22 0.45
  88  102 0.44
  63   96 0.42
 118  191 0.47
  18   33 0.27
  98  181 0.58
  60   95 0.83
  92  100 0.11
   4   15 0.88
  57   68 0.35
  74  108 0.86
  70  155 0.17
  70  127 0.77
 101  176 0.85
 117  165 0.61
  60   64 0.20
  17  102 0.79
 121  159 0.83
  46   50 0.26
  90  125 0.68
  61  131 0.70
  94  172 0.73
  82  162 0.69
   3   44 0.37
  95  117 0.73
  63  135 0.91
 117  199 0.20
  19   66 0.26
  71  142 0.37
 119  182 0.42
 122  142 0.99
   0   78 0.06
 117  194 0.93
  47  105 0.40
  87  153 0.70
  24   35 0.60
  86  106 0.49
  39   40 0.98
  92  159 0.12
  62  123 0.28
  33  117 0.18
  63   97 0.10
 122  133 0.58
  94  155 0.72
  21   93 0.85
 118  137 0.30

 107  158 0.31
 108  172 0.48
  84  100 0.86
  81   89 0.50
  27   49 0.65
  40  113 0.42
  58   88 0.91
  35   56 0.22
 110  110 0.76
  65  137 0.89
 130  203 0.58
  21   44 0.28
  44   48 0.05
  79  101 0.21
 101  152 0.07
  24   49 0.99
  42   63 0.70
  91  105 0.91
  30   61 0.34
  64   98 0.53
 100  162 0.61
 118  145 0.93
 114  144 0.92
  35   35 0.04
 114  128 0.35
  44  111 0.12
  51   63 0.76
  73   92 0.28
  74   90 0.82
  45  110 0.96
  94  142 0.32
   9   30 0.40
 117  179 0.61
  58  119 0.57
 124  154 0.92
  77   77 0.50
  71  124 0.07
  83  148 0.80
  87  124 0.58
  38   96 0.29
   8   83 0.49
  29  103 0.00
  76  118 0.39
  93  156 0.00
  10   11 0.56
 104  131 0.73
  22   64 0.57
   7   13 0.17
 124  162 0.82
  48  123 0.73

  45  128 0.02
  99  178 0.57
  28   41 0.48
  61  113 0.78
  25   40 0.72
  68  127 0.27
 124  183 0.56
  26   41 0.83
  49   78 0.30
 111  128 0.23
 114  158 0.49
  58  110 0.91
 116  154 0.34
  80  139 0.16
  78   98 0.80
  72   97 0.86
   4   86 0.31
  50  112 0.94
  25   44 0.40
 117  151 0.54
  51   52 0.66
  30   46 0.24
  16   54 0.57
  81  149 0.05
 114  143 0.32
  49  123 0.62
  93  165 0.36
  76  110 0.76
  81  110 0.30
  14   19 0.61
  65  119 0.46
  38  107 0.56
  43   76 0.71
  88   96 0.99
  14   61 0.10
 117  126 0.27
  21   45 0.26
 123  197 0.36
 101  139 0.41
  76  160 0.53
  79   93 0.52
 100  129 0.74
  27   95 0.61
  59  108 0.31
  80   99 0.68
  83  113 0.77
 123  160 0.16
 130  132 0.37
  86  154 0.49
  81  121 0.91

  10   80 0.69
  76  107 0.15
  76  102 0.31
   0   30 0.86
   2   70 0.31
 121  191 0.66
  39   54 0.65
  79  162 0.06
  45   65 0.58
 110  122 0.24
  55   75 0.30
  13   63 0.41
 104  134 0.07
  82   95 0.36
  41  112 0.91
  77  123 0.20
  44   80 0.76
  22   29 0.31
  39   54 0.52
 116  172 0.89
  81  119 0.19
  51  115 0.66
  15   33 0.86
  35   60 0.18
  36  108 0.38
  13   53 0.06
  89   90 0.96
  16   50 0.00
  94  137 0.28
 112  194 0.36
   5   80 0.65
  45  120 0.23
  46   78 0.46
  43   95 0.93
   5   71 0.29
 107  184 0.48
 116  179 0.36
  52   71 0.05
  98   99 0.70
 129  134 0.29
  19   26 0.49
  20  100 0.98
  90  109 0.49
  49  128 0.27
  72  131 0.09
  46  116 0.40
  45   89 0.17
  85  156 0.74
  41   44 0.21
  93  155 0.24

