3 50 8
6    4  16   2  16   2  10

  31   66 0.79
  14   36 0.93
  42   43 0.20
  16   44 0.37
   7   42 0.59
  37  103 0.96
  46  115 0.79
   3   51 0.64
   9   34 0.36
  39   83 0.70
  18   28 0.74
  51   62 0.41
  45   50 0.83
  35   92 0.85
   1    4 0.40
  37   55 0.09
  26   78 0.52
  26   84 0.08
  24   28 0.16
  20   85 0.83
  27   46 0.01
  48  119 0.83
   1   70 0.58
  46   69 0.47
  49   50 0.45
  41   58 0.60
  35   84 0.98
  17   46 0.23
   1    4 0.87
  21   28 0.35
  26   97 0.38
  15   83 0.33
  21   57 0.66
  23   86 0.84
   1   51 0.87
   3   29 0.23
  34   92 0.23
  14   45 0.09
  25   45 0.07
  27   56 0.55
   7   52 0.18
  40   59 0.39
  33   49 0.89
  22   75 0.19
   5   36 0.70
  24   77 0.38
  47  109 0.70
   5   45 0.25
  45   45 0.48
  42   64 0.55

   8   68 0.18
  18   69 0.59
   5   60 0.25
  25   52 0.90
  38   77 0.45
  28   99 0.41
  47   68 0.14
  32   76 0.63
   1    9 0.16
  30   75 0.74
  39   43 0.65
  28   63 0.37
   1    2 0.87
   8   32 0.16
  11   86 0.17
  41  111 0.41
   8   24 0.48
  50   87 0.74
  16   79 0.90
  51  109 0.16
  11   83 0.67
  28   44 0.96
   7   52 0.18
  32   93 0.79
  41   71 0.16
  34   98 0.81
  21   51 0.58
  36  105 0.59
  25   38 0.67
   1   46 0.40
  28  103 0.92
  11   54 0.89
  19   94 0.78
  38   85 0.36
  22   41 0.57
   9   30 0.42
  15   52 0.45
  34   44 0.77
  11   56 0.78
  19   60 0.79
  29   92 0.13
  10   36 0.37
  25   27 0.60
  29   46 0.75
   1    4 0.85
  41   92 0.93
  29   50 0.89
  12   75 0.69
   5   58 0.10
  38  100 0.36

  29   99 0.93
   9   74 0.08
  23   38 0.00
  34   34 0.61
  17   31 0.80
   7   74 0.84
  14   77 0.46
  14   29 0.63
  35   61 0.42
  25   55 0.15
  23   50 0.90
  13   26 0.46
  35   43 0.61
  18   71 0.60
  45   64 0.12
  17   72 0.52
   9   35 0.24
  34   34 0.92
  33   76 0.77
  15   17 0.61
  24   33 0.16
  24   25 0.03
  34   76 0.42
  12   75 0.55
  35   82 0.76
  17   85 0.28
  28   81 0.62
   9   62 0.70
  27   35 0.40
  28  102 0.07
  26   40 0.29
  42   44 0.99
  17   65 0.18
   3   33 0.65
  50   73 0.78
  35   50 0.54
  24   58 0.56
  37   99 0.49
  44  109 0.20
   3   67 0.13
  25   83 0.04
   4   76 0.63
  30   42 0.67
   8   77 0.91
  29   29 0.69
  50   98 0.66
  47   59 0.83
  27   65 0.17
   7   40 0.10
  23   43 0.79

  34   84 0.66
  49  113 0.31
  51   51 0.17
   5   70 0.99
  24   37 0.30
  34   49 0.82
  31   38 0.41
   6   35 0.96
  12   59 0.10
  45   91 0.41
  16   21 0.75
   9   55 0.35
  46  100 0.78
  12   71 0.96
  12   37 0.14
  40   68 0.20
  47  100 0.72
  12   33 0.13
  45   99 0.70
  14   46 0.07
  48  115 0.25
  20   78 0.54
  36   63 0.51
  18   85 0.77
  17   91 0.55
   7   65 0.50
  11   43 0.41
   2    3 0.67
   0   37 0.72
  27   46 0.56
   0   23 0.22
  51  112 0.63
   5   58 0.63
  40   83 0.49
  12   53 0.43
  12   86 0.99
  23   81 0.94
  33  105 0.80
  12   33 0.76
  18   52 0.95
  21   56 0.53
  17   44 0.99
  38  115 0.07
   7   70 0.97
   6   63 0.13
  36   99 0.75
   9   83 0.17
  42  106 0.60
  14   20 0.19
  31   98 0.28

  36   52 0.90
  38   57 0.92
   9   47 0.02
  26   38 0.59
  48   98 0.47
  37   49 0.87
  29   38 0.14
   2   43 0.01
  42   59 0.74
  32   37 0.93
  16   92 0.43
   2   62 0.05
  20   67 0.30
   4   44 0.25
  22   76 0.25
  33  105 0.07
  11   13 0.99
  15   42 0.44
  36   67 0.26
  24   54 0.26
  41   46 0.19
  35   62 0.66
  21   40 0.14
  20   61 0.64
  15   68 0.82
   7   76 0.78
  25   67 0.69
  39  107 0.60
  17   38 0.56
  12   18 0.89
  51  126 0.54
   4   52 0.93
  29   72 0.56
  14   57 0.78
  24   60 0.66
  40   60 0.08
  37   97 0.12
  31   71 0.73
  25   30 0.31
   4   52 0.74
  16   55 0.38
  11   48 0.82
  15   78 0.39
  47   82 0.76
  51   78 0.53
  21   48 0.59
  34   49 0.00
  16   27 0.95
  28   33 0.93
  41   84 0.38

  22   56 0.73
  47   64 0.76
   7   25 0.07
  39   51 0.00
  18   95 0.49
  35   55 0.51
  24   62 0.62
  35   37 0.33
  31   90 0.35
  13   29 0.55
  40   55 0.49
  18   34 0.67
  43   58 0.14
  47   73 0.54
  16   39 0.49
   8   16 0.05
  43   85 0.58
  39   89 0.29
  26   69 0.26
  26   29 0.37
  45   79 0.63
   1   78 0.34
  29   46 0.47
  11   76 0.05
  46  116 0.20
  51   80 0.28
   4   40 0.07
   6   48 0.24
  51   72 0.75
  48   64 0.91
  11   36 0.45
  26   64 0.91
  18   30 0.96
  24   35 0.58
  26   97 0.97
  41   53 0.73
  28   95 0.15
  25   58 0.70
  32   65 0.77
  44   47 0.14
  44   52 0.42
  17   72 0.39
  10   73 0.38
  24   28 0.07
  41  107 0.99
  51   57 0.28
   4   11 0.23
  13   34 0.52
  48  106 0.93
  31   70 0.58

