5 15 4
12    2  10   2   4  10   2   4  10   2   2  16   4

  23   32 0.28
   7    7 0.74
   7   13 0.70
  10   15 0.97
   5   11 0.66
   4   14 0.46
   6   10 0.23
   2   10 0.94
  23   27 0.87
   9   10 0.96
  12   16 0.37
   4    5 0.15
  22   23 0.34
  12   16 0.25
   0    1 0.84

   8   19 0.85
  15   15 0.29
   2    5 0.06
   0    7 0.73
   4   15 0.85
   3   12 0.60
  11   17 0.19
   5   12 0.53
  12   17 0.19
  21   27 0.79
  16   18 0.67
   0    9 0.32
  17   20 0.58
  16   27 0.84
  17   24 0.23

  21   28 0.54
  15   16 0.54
  14   15 0.70
   3   11 0.64
  11   19 0.63
  17   18 0.29
  11   11 0.45
   3   11 0.08
   9   11 0.55
   1    1 0.91
  13   19 0.62
  19   21 0.84
  19   27 0.36
  22   31 0.72
   7    9 0.86

  16   27 0.07
  16   23 0.07
   0    1 0.99
  15   16 0.55
  22   29 0.22
  11   13 0.99
   3    9 0.72
   4    7 0.65
   2    2 0.44
  14   22 0.40
  11   19 0.18
   5   10 0.82
  23   25 0.28
   2    3 0.36
   0    1 0.02

  22   32 0.80
  10   14 0.09
   0    4 0.28
  13   18 0.98
  13   24 0.71
  18   29 0.20
   8   15 0.42
  18   27 0.89
  19   19 0.91
  14   19 0.53
   8   16 0.32
  11   11 0.99
   3    7 0.54
  17   20 0.99
  17   24 0.80

  13   20 0.20
  23   25 0.49
   4   10 0.44
  13   13 0.38
   1    9 0.86
   9   14 0.76
  18   28 0.57
   2    5 0.09
  17   23 0.24
  20   21 0.21
   5   10 0.94
  15   16 0.50
  21   32 0.56
   5   13 0.78
   1   12 0.45

  17   18 0.33
  20   30 0.72
  21   30 0.41
   9   19 0.07
   9   20 0.82
  24   30 0.27
  11   21 0.63
  16   21 0.71
  17   25 0.96
   4   15 0.54
   3   10 0.58
   8   19 0.62
  20   22 0.92
   1    8 0.45
  11   16 0.20

   7   16 0.00
  18   20 0.40
  22   26 0.38
   7   12 0.53
  16   25 0.53
   7   18 0.84
   0    5 0.82
  13   23 0.69
  19   20 0.70
   9   14 0.01
   5   16 0.03
  10   19 0.71
   7   11 0.61
   5   11 0.69
  21   26 0.89

   6   13 0.11
  11   12 0.23
  18   18 0.31
  21   26 0.84
  16   18 0.94
   3    3 0.25
  24   24 0.32
   7   16 0.20
  17   25 0.70
  24   25 0.09
   7   12 0.40
   9   14 0.38
  18   26 0.40
  13   21 0.70
  18   27 0.13

  18   20 0.83
  23   26 0.95
  24   33 0.05
  12   19 0.21
  19   27 0.51
   5   16 0.62
  17   21 0.65
   6    7 0.99
  21   24 0.16
   1    3 0.65
  13   15 0.54
  15   23 0.08
   2    2 0.46
  11   20 0.91
   7    7 0.50

  18   26 0.02
  21   31 0.98
  19   24 0.50
   5    5 0.69
   6    9 0.94
   0    3 0.66
   3    9 0.71
  16   26 0.50
   8   12 0.69
   8    9 0.87
  16   19 0.01
  12   17 0.93
   8    9 0.88
   0    7 0.98
  12   14 0.33

  24   35 0.54
   5    5 0.84
  18   19 0.52
   5   13 0.75
  14   23 0.38
   7    8 0.87
   0    6 0.17
  20   27 0.06
  15   26 0.93
   8   12 0.81
  22   30 0.70
  20   31 0.52
  19   26 0.00
  16   17 0.54
   4   13 0.30

