5 60 8
3    4  16   4

   4   11 0.58
  24   26 0.47
  26   35 0.93
   9   22 0.18
   6   16 0.17
  25   27 0.21
   7   13 0.25
  22   32 0.65
  16   33 0.85
  19   26 0.98
  10   22 0.90
  19   33 0.80
  23   30 0.80
   0    4 0.90
  11   14 0.88
  14   19 0.16
  13   25 0.01
  24   25 0.15
  22   31 0.84
  21   31 0.27
   6   21 0.15
  14   14 0.94
   7   23 0.01
   5    7 0.82
  14   31 0.83
  19   33 0.04
  20   21 0.36
  19   33 0.48
  13   22 0.85
  25   26 0.31
   4   19 0.60
   2    5 0.81
  25   26 0.15
  15   28 0.71
  16   26 0.53
   0    6 0.78
  14   31 0.82
  16   25 0.53
   6   20 0.23
  25   37 0.65
   9   18 0.14
  21   29 0.41
  16   19 0.37
   2   12 0.24
   3   20 0.96
  11   20 0.36
  10   16 0.99
  24   39 0.00
  21   22 0.38
  24   25 0.26
   6   10 0.26
   3   17 0.90
  18   21 0.90
  21   36 0.28
   5   14 0.54
  21   25 0.44
  26   41 0.83
  18   18 0.33
  26   43 0.01
  25   40 0.98

  13   22 0.01
   2    9 0.09
   3    9 0.61
  19   25 0.46
   2    3 0.35
  20   29 0.58
   1    4 0.10
  13   16 0.83
  16   31 0.82
   6   11 0.59
  17   34 0.70
  23   34 0.84
  24   29 0.67
  15   18 0.54
  12   22 0.10
   2    8 0.26
  25   31 0.12
  22   24 0.13
   1   12 0.10
  25   39 0.24
  11   18 0.19
  22   39 0.51
  20   20 0.10
  14   19 0.54
  16   32 0.36
   4   19 0.56
   5   14 0.86
   2   14 0.14
  17   29 0.40
   9   11 0.75
  12   22 0.39
   4   13 0.82
   6   17 0.07
  11   18 0.66
  11   15 0.75
  17   34 0.08
  25   39 0.06
  24   38 0.00
  24   41 0.83
  23   24 0.79
   0   16 0.76
  16   20 0.06
  11   22 0.75
   5   13 0.73
  17   21 0.86
  16   24 0.59
  20   27 0.11
   0    7 0.78
   2   17 0.28
  15   26 0.53
   6   14 0.04
   3   15 0.81
   6   12 0.07
   4   20 0.47
  14   17 0.65
  14   16 0.53
  23   28 0.64
  16   28 0.49
  15   30 0.63
  10   22 0.74

  16   30 0.91
  13   14 0.69
  20   25 0.17
  22   37 0.56
  25   34 0.32
  11   28 0.24
  10   21 0.24
  11   22 0.39
  16   21 0.05
   5   21 0.56
  21   27 0.51
  12   21 0.23
  10   27 0.24
   7   12 0.07
  13   17 0.67
  20   24 0.10
  18   24 0.62
  22   29 0.40
  12   15 0.05
   1    5 0.41
  17   19 0.77
  18   24 0.69
  22   22 0.83
  14   30 0.59
  22   35 0.54
  23   32 0.42
  10   12 0.19
   7   21 0.32
  26   42 0.23
  13   22 0.96
  19   36 0.66
  11   28 0.93
   4    9 0.51
   7   10 0.84
  22   24 0.65
   0   13 0.88
  13   15 0.78
  17   18 0.20
  25   26 0.14
  15   26 0.39
   4    8 0.27
  10   19 0.83
  19   19 0.85
   0   14 0.48
  11   11 0.27
  18   24 0.58
  13   14 0.43
   0    0 0.58
  10   21 0.08
  10   22 0.54
  14   21 0.84
  14   26 0.17
   9   26 0.62
   3    4 0.57
   1   17 0.85
   1   13 0.67
  17   17 0.01
   3    4 0.23
  18   18 0.56
  21   37 0.76

