3 80 4
3   10  10  16

  41   49 0.66
  32   82 0.51
  18   56 0.81
  29   40 0.91
   1   43 0.99
  11   24 0.92
  53  107 0.55
  13   60 0.19
   0   26 0.74
   8   17 0.12
  42   91 0.58
  30   66 0.09
   6   45 0.27
   5   39 0.81
  30   41 0.95
  47   72 0.91
  49   49 0.87
  57   84 0.35
  40   40 0.41
  49   70 0.77
  56   61 0.13
   8   34 0.47
  17   26 0.58
  52  101 0.76
  22   67 0.76
  43  101 0.67
   3    6 0.31
  27   57 0.35
  26   30 0.02
  45   71 0.54
  33   39 0.75
  25   56 0.48
  10   64 0.71
  12   58 0.03
  48   76 0.75
  10   10 0.94
  18   37 0.15
  24   75 0.84
   9   34 0.07
  33   44 0.41
  11   12 0.92
   6   52 0.44
  59   98 0.92
  59  104 0.05
  19   74 0.76
  56  106 0.48
  11   61 0.73
  28   65 0.83
  41   69 0.93
  41   60 0.97
  37   59 0.83
   9   22 0.00
  29   57 0.94
  56   62 0.07
  33   47 0.49
  30   56 0.76
   6   26 0.90
  29   67 0.89
   2   57 0.12
  57   71 0.10
  52   96 0.83
  38   60 0.81
  38   44 0.64
  39   86 0.29
  17   50 0.33
  25   29 0.89
  54   84 0.15
  18   71 0.35
  58   59 0.63
  18   76 0.23
  28   42 0.80
  43   98 0.89
  36   91 0.17
  21   32 0.17
  10   20 0.99
  33   55 0.82
  27   41 0.43
  18   42 0.88
  17   65 0.23
  42   97 0.31

  35   67 0.53
   3   43 0.26
  35   93 0.08
  20   47 0.30
  46   97 0.83
  29   83 0.66
  24   65 0.15
  19   71 0.54
  58   85 0.99
  50   91 0.31
  44   72 0.90
  53   63 0.67
  24   79 0.66
  58   59 0.72
  40   41 0.29
  46   63 0.90
  16   45 0.96
  21   72 0.87
   1   20 0.86
  18   27 0.68
  13   56 0.79
  52   93 0.80
  26   44 0.23
  52   80 0.66
   4   16 0.49
   7   27 0.43
   4   15 0.74
  33   56 0.60
  53   92 0.87
  30   68 0.60
  29   64 0.40
  32   76 0.63
   9   44 0.25
  31   67 0.75
  21   31 0.99
  47  105 0.99
  51   85 0.36
  19   25 0.79
  11   18 0.74
   2   27 0.33
   4   14 0.64
  11   24 0.64
   7    9 0.77
  31   79 0.52
  13   21 0.10
  41   60 0.24
  43   64 0.25
  50   96 0.67
  19   62 0.59
  55   64 0.60
  12   48 0.67
  10   39 0.35
  45   75 0.07
  48   73 0.95
  43   50 0.96
  32   48 0.57
  10   36 0.71
  33   85 0.19
  44   77 0.46
  18   64 0.87
  20   75 0.06
  58   80 0.97
  46   48 0.37
  27   33 0.18
   1    8 0.86
  41   94 0.83
  51   71 0.05
  14   68 0.99
  59   73 0.81
  46  102 0.06
  17   39 0.94
   8   16 0.22
  29   73 0.95
  32   69 0.77
  45   98 0.80
  42   97 0.46
   0   20 0.53
  56   83 0.99
  44   93 0.21
  50   79 0.71

  36   79 0.84
  24   72 0.25
  40   67 0.07
  37   72 0.45
  56   85 0.27
  21   59 0.48
  44   46 0.10
   2   24 0.55
  28   87 0.61
  12   33 0.96
   2   57 0.06
  29   82 0.06
  41   66 0.07
  17   66 0.62
  28   56 0.42
  43   58 0.49
  33   57 0.09
   9   21 0.10
  42   76 0.73
   0   43 0.17
  51  102 0.22
  23   82 0.12
  34   69 0.64
  24   74 0.37
   5   14 0.02
  26   42 0.16
  10   39 0.12
  55   87 0.89
  25   84 0.38
  37   44 0.03
  18   70 0.00
   3   45 0.28
  53   85 0.18
  26   43 0.84
  52   85 0.86
  28   62 0.98
  12   69 0.99
  35   87 0.88
  48   84 0.26
  58  117 0.65
   8   19 0.54
  10   11 0.10
  35   54 0.83
  14   53 0.55
  24   74 0.70
   7   34 0.27
   7   62 0.30
  43   98 0.53
   5   32 0.20
  40   61 0.04
  21   60 0.48
  53   67 0.34
  44   48 0.71
  44   54 0.28
  23   54 0.52
  47   51 0.38
  32   78 0.43
  15   50 0.44
  25   32 0.12
  21   78 0.49
   0   12 0.81
   1    6 0.04
   1   41 0.67
  16   29 0.36
  40   91 0.02
  50   54 0.60
  40   94 0.83
  38   93 0.90
  47   53 0.19
  30   33 0.31
  59   67 0.20
  38   79 0.06
  20   51 0.75
   9   10 0.86
  38   86 0.65
  24   81 0.64
  57  102 0.47
  56  112 0.97
  28   86 0.25
  47   87 0.68

