5 100 8
3   16   2   2

  22   29 0.35
  22   32 0.14
  10   10 0.41
  11   19 0.94
  18   21 0.36
  11   11 0.87
  18   18 0.86
   5   13 0.00
  10   21 0.66
  21   26 0.87
   3    5 0.15
  16   27 0.77
  16   22 0.51
  13   16 0.16
  20   26 0.04
  23   23 0.09
  19   21 0.40
  14   19 0.66
  11   17 0.45
   7    7 0.94
   2   13 0.47
   0    6 0.24
  20   25 0.96
   0    9 0.86
   8   14 0.01
  19   19 0.77
   8   14 0.06
   0    3 0.52
  14   23 0.89
  24   25 0.84
   6   13 0.04
  17   27 0.19
   7   12 0.52
   5    6 0.77
   1    9 0.79
   9   17 0.50
   5   12 0.03
   6   10 0.53
  22   31 0.99
  10   17 0.21
   6   10 0.34
  10   12 0.80
  13   13 0.63
  21   26 0.96
  20   20 0.07
   8   12 0.09
   8   18 0.52
  21   31 0.12
  13   21 0.59
   2    3 0.10
  13   21 0.17
  12   14 0.95
   5    8 0.23
  19   19 0.65
  22   26 0.06
  17   21 0.98
  21   30 0.74
  23   31 0.18
   7   16 0.60
  19   26 0.63
   9   10 0.24
  17   20 0.71
  24   35 0.80
   5    8 0.96
  16   21 0.30
   5   16 0.29
   2    9 0.38
   8   18 0.77
  24   28 0.81
   1    7 0.24
  14   25 0.60
  18   26 0.54
   0    8 0.01
   8   11 0.80
   8   10 0.84
  12   12 0.73
  17   17 0.96
  15   24 0.20
   3    9 0.27
  10   18 0.65
   7    7 0.34
   7   18 0.27
  24   25 0.70
   7   18 0.55
   9   11 0.10
   3    8 0.27
  16   16 0.09
  10   19 0.00
  13   20 0.41
  20   25 0.43
   5    5 0.66
  10   21 0.93
  15   18 0.93
   6   11 0.96
  24   32 0.67
   0    4 0.30
  19   21 0.65
  16   20 0.45
   3    3 0.84
   5   16 0.13

   7   15 0.75
   6    9 0.57
   9   16 0.07
  17   24 0.05
  15   26 0.99
   7   17 0.90
   3   11 0.89
   8   19 0.61
  15   25 0.99
   2    8 0.57
  18   19 0.52
  10   20 0.71
   5    5 0.82
   1   10 0.25
  23   31 0.06
   7   18 0.84
   5   11 0.73
   0    8 0.75
   0    2 0.54
  21   29 0.15
   9   10 0.66
  18   18 0.38
   0    8 0.88
   1    1 0.76
  15   15 0.51
  17   24 0.58
  11   15 0.49
  18   27 0.90
  12   20 0.84
  18   19 0.99
  20   24 0.52
  24   27 0.01
   4    9 0.41
  10   17 0.63
  17   22 0.99
  10   21 0.04
   0    1 0.26
   3   13 0.80
  18   22 0.62
  16   16 0.83
   8   15 0.11
   7   10 0.43
   7   10 0.73
  21   29 0.62
   5   15 0.78
   3    9 0.08
  22   25 0.64
   5    6 0.90
   2    7 0.91
  24   30 0.88
   3    4 0.11
   3    7 0.40
   2    7 0.86
   0    8 0.84
  16   21 0.66
  23   29 0.90
  24   26 0.35
  14   20 0.67
   6    9 0.99
  10   16 0.95
  10   21 0.83
  19   24 0.25
  23   30 0.53
  23   25 0.85
   4   10 0.82
  12   12 0.89
  19   23 0.20
  15   17 0.94
  20   30 0.85
  13   13 0.08
  16   23 0.63
   2   11 0.63
   0    5 0.44
  20   25 0.12
  20   30 0.93
  16   21 0.83
  14   14 0.35
  17   20 0.08
   8   15 0.95
  18   20 0.87
   8   17 0.93
   5   10 0.25
  15   25 0.13
   7    9 0.69
   0    5 0.97
  14   19 0.56
  13   15 0.80
  21   22 0.43
  14   20 0.65
  20   21 0.45
   8   18 0.83
   8   10 0.22
   7   18 0.23
   1    9 0.52
  15   18 0.41
   5   13 0.82
  17   27 0.19
   6    6 0.66
  23   28 0.46
   1    7 0.12

   6    8 0.38
  11   22 0.99
   7    7 0.92
   0    3 0.97
   2    3 0.28
   2    5 0.06
  17   21 0.36
  11   22 0.01
   5    5 0.96
   8   15 0.49
  12   22 0.53
  22   32 0.93
  24   33 0.54
  15   18 0.17
  14   14 0.45
   9   12 0.09
  16   16 0.30
  23   23 0.28
  16   23 0.82
   4   12 0.14
   3    8 0.44
   3   11 0.93
   4    9 0.23
   2    8 0.93
  17   25 0.96
  18   21 0.68
  18   29 0.75
   9   13 0.07
  17   24 0.87
  13   15 0.00
   0    3 0.09
  16   24 0.40
   1    2 0.13
  14   17 0.05
   9   18 0.21
  15   17 0.82
   7   11 0.05
   1   11 0.50
  21   22 0.90
  12   16 0.05
  15   23 0.02
  12   14 0.18
  12   12 0.37
   0    9 0.59
  12   16 0.71
   7   11 0.45
   8   12 0.17
  16   24 0.92
   1   10 0.46
  21   32 0.94
   8   14 0.00
  23   23 0.87
  23   28 0.89
   1    1 0.55
   1   12 0.65
  11   17 0.26
   7   14 0.61
   7    8 0.93
  12   13 0.23
   2    2 0.85
  21   29 0.34
  20   31 0.45
  13   20 0.65
  16   24 0.20
  10   17 0.76
  22   26 0.38
   5    7 0.34
   8   14 0.54
  15   23 0.99
  24   25 0.76
  24   30 0.27
   5    6 0.65
   8   10 0.29
   8   13 0.00
  21   29 0.47
  17   28 0.10
  22   30 0.16
   7    9 0.01
  21   23 0.99
  18   26 0.99
   7   13 0.77
  12   20 0.83
   1    5 0.70
   3   12 0.14
  13   17 0.99
  22   26 0.87
   5   10 0.79
  19   25 0.21
   6    8 0.07
  12   18 0.07
  13   19 0.57
  15   25 0.38
   1    2 0.98
  19   24 0.61
   6   10 0.94
   2   11 0.12
  18   19 0.52
  17   20 0.37
  14   22 0.19
  18   28 0.15

