5 40 8
6   10   2   4  10   4  10

   4    4 0.99
   2    3 0.96
   5   11 0.09
   0    2 0.90
   3    4 0.23
   8   15 0.35
   8   10 0.72
   9   14 0.57
   8   12 0.96
   5   10 0.94
   6    7 0.69
   0    6 0.50
   6   13 0.52
   6   10 0.43
   6   13 0.92
   8    8 0.90
   5   11 0.48
   5   14 0.94
   9   15 0.80
   7   14 0.11
   3   12 0.44
   9   11 0.83
   7   15 0.79
   4   11 0.25
   2    8 0.57
   0    7 0.70
   2    7 0.31
   3    7 0.86
   8   10 0.68
   0    9 0.29
   5    9 0.43
   9   14 0.09
   9   12 0.83
   3    5 0.37
   8    8 0.86
   6    7 0.29
   6   10 0.25
   0    7 0.17
   6   14 0.38
   1   10 0.14

   5    9 0.79
   3   12 0.54
   4    5 0.80
   3    9 0.16
   3   10 0.48
   4    4 0.42
   2    2 0.42
   8   15 0.07
   0    5 0.70
   9    9 0.34
   2    9 0.25
   1    3 0.71
   8    8 0.15
   4    4 0.97
   2   10 0.37
   3   12 0.00
   9   10 0.13
   0    2 0.20
   9   13 0.01
   5   12 0.00
   0    7 0.01
   6   11 0.64
   6   12 0.20
   7   13 0.07
   9   13 0.28
   5    6 0.19
   8   14 0.17
   1    8 0.11
   9   14 0.51
   7   15 0.37
   5   14 0.14
   4    7 0.49
   2    4 0.93
   6   13 0.56
   9    9 0.91
   5    7 0.07
   0    5 0.27
   7    8 0.05
   1    5 0.24
   4   11 0.12

   8   12 0.60
   4   10 0.14
   0    3 0.08
   2    8 0.29
   5    7 0.70
   5    7 0.10
   8   13 0.08
   0    4 0.68
   9   15 0.11
   5   10 0.07
   4    8 0.92
   5    8 0.38
   5   11 0.32
   1    9 0.14
   1   10 0.40
   8   12 0.29
   8    8 0.98
   9   11 0.15
   3    3 0.78
   7   12 0.59
   2   10 0.05
   5   12 0.83
   4   11 0.55
   0    3 0.93
   6   12 0.86
   4   13 0.43
   8   12 0.27
   0    7 0.47
   1    1 0.84
   7   13 0.09
   5    6 0.45
   6   10 0.57
   8   12 0.64
   4    7 0.81
   3    7 0.74
   3   10 0.54
   9   11 0.33
   4    9 0.60
   1   10 0.61
   7   13 0.47

   9    9 0.33
   9   10 0.00
   1    8 0.75
   2    9 0.26
   2    4 0.61
   4   12 0.57
   9   14 0.00
   5   11 0.35
   6   10 0.81
   2    6 0.55
   4   13 0.83
   8   12 0.27
   9   10 0.36
   4   11 0.12
   0    5 0.37
   1    2 0.20
   3   12 0.67
   9   17 0.11
   2    9 0.08
   3   10 0.60
   1   10 0.51
   4    8 0.01
   7   11 0.61
   3    6 0.70
   5   14 0.45
   2    5 0.11
   5   13 0.99
   1    3 0.81
   1    2 0.40
   1    1 0.57
   4   13 0.75
   7   10 0.99
   0    2 0.10
   0    4 0.54
   3    3 0.23
   1    3 0.82
   2    7 0.92
   2    9 0.41
   4    9 0.16
   8   17 0.25

   3   11 0.21
   0    0 0.54
   1    9 0.70
   5   11 0.61
   5    9 0.26
   8   13 0.19
   1    6 0.81
   1    7 0.80
   4    8 0.30
   0    2 0.77
   4   13 0.21
   8   12 0.94
   9   11 0.05
   0    2 0.62
   9   12 0.14
   4    5 0.62
   2    3 0.26
   9   18 0.61
   9   14 0.90
   7    9 0.04
   0    6 0.96
   6    9 0.13
   8   15 0.47
   6    9 0.97
   7   14 0.70
   0    0 0.13
   5    8 0.40
   9   13 0.87
   0    2 0.05
   2    6 0.48
   0    9 0.83
   0    1 0.14
   4    9 0.55
   0    4 0.80
   6    7 0.15
   2   10 0.02
   8   14 0.73
   1    3 0.01
   7   15 0.59
   1   10 0.70

   3    7 0.96
   9   18 0.75
   2   10 0.23
   0    1 0.96
   7   11 0.96
   2   11 0.43
   2    6 0.89
   9   17 0.86
   8   16 0.89
   5   10 0.10
   2    7 0.56
   0    5 0.13
   5    7 0.47
   9   17 0.10
   9   18 0.92
   6   11 0.29
   3    5 0.61
   8   12 0.06
   7   15 0.29
   7   16 0.85
   0    0 0.52
   4   12 0.32
   8   14 0.81
   4    4 0.95
   9   13 0.73
   9   13 0.90
   0    2 0.59
   4   13 0.22
   2    5 0.07
   1    6 0.56
   9   13 0.90
   1    1 0.98
   2    8 0.10
   1    3 0.64
   8   10 0.65
   8   13 0.03
   5    7 0.81
   6    6 0.68
   3    3 0.57
   6   13 0.74

