5 20 8
12   16  10  16  10   2  20   4   2   2   2  20  10

  10   39 0.16
   3   20 0.32
   8   46 0.42
   3   16 0.26
  25   35 0.33
  10   38 0.87
   7   13 0.63
   3    5 0.42
  21   52 0.41
  25   33 0.33
   9   23 0.12
  18   52 0.92
   2   34 0.85
  10   35 0.79
  19   54 0.87
  15   28 0.66
  22   31 0.10
  12   28 0.22
   6   44 0.61
   0   13 0.06

  26   29 0.90
  13   47 0.58
  21   33 0.17
  23   57 0.20
   7   47 0.75
   2   24 0.24
  16   52 0.04
   7   25 0.18
   0   19 0.06
  22   30 0.24
  22   63 0.71
  16   56 0.35
  21   39 0.85
   1   41 0.19
   1   29 0.33
  22   62 0.99
  22   53 0.28
  27   54 0.54
  24   49 0.97
   5   18 0.50

   0   29 0.53
  24   33 0.46
   0   41 0.90
  13   52 0.88
  19   21 0.17
  27   28 0.85
  11   36 0.66
  13   27 0.53
  18   44 0.77
  18   24 0.77
   2    8 0.04
   0   41 0.57
  11   51 0.73
  11   26 0.32
  25   57 0.98
  20   52 0.73
  22   51 0.72
  27   53 0.37
  16   28 0.14
  21   50 0.42

  20   41 0.57
  14   51 0.61
   3   22 0.39
  12   16 0.50
   7   15 0.41
  16   43 0.96
  10   39 0.58
  17   20 0.09
   0   22 0.49
  27   39 0.25
  19   56 0.86
  10   26 0.58
  24   49 0.29
  14   51 0.28
  12   32 0.41
   6   10 0.34
   8   27 0.69
  24   31 0.07
  20   60 0.53
  25   36 0.25

  27   29 0.32
  16   45 0.83
   5   42 0.98
   4   17 0.99
  21   47 0.94
   4   16 0.08
  18   55 0.21
  15   32 0.85
  13   43 0.30
  11   29 0.10
  18   29 0.56
  18   41 0.64
  14   24 0.28
   0    0 0.78
  14   30 0.27
   1   21 0.53
  14   35 0.96
  20   45 0.57
   2    2 0.99
  24   42 0.87

  16   19 0.20
   3   24 0.71
  13   37 0.09
  22   59 0.41
   0   33 0.51
  10   44 0.42
  22   60 0.09
  16   31 0.87
   3    7 0.22
  15   19 0.60
  26   29 0.83
   9   21 0.86
  23   60 0.94
   2   13 0.92
  24   27 0.99
   0    5 0.54
   0    9 0.62
  20   51 0.25
  19   41 0.21
  10   20 0.60

   0   22 0.22
   9   14 0.24
  14   45 0.75
   8   24 0.77
  16   38 0.36
  22   61 0.50
   0   39 0.78
  23   26 0.26
   4    9 0.15
   3   16 0.83
  10   37 0.22
  10   40 0.72
  12   28 0.34
  18   46 0.06
  18   50 0.57
  17   24 0.30
  24   54 0.82
  20   28 0.57
  18   21 0.70
  24   24 0.73

  13   13 0.19
  20   24 0.13
   8   38 0.42
  18   26 0.28
  17   24 0.71
  13   33 0.90
  19   44 0.26
  23   48 0.81
  20   59 0.19
  27   59 0.44
   6   16 0.83
   7   13 0.26
   7    8 0.71
  18   54 0.62
  15   40 0.07
   0    3 0.11
  17   45 0.60
  10   43 0.70
  12   16 0.14
  22   55 0.39

  24   43 0.81
  15   46 0.64
   1    6 0.96
   1   31 0.46
  26   35 0.86
  20   57 0.98
   5   44 0.35
  22   60 0.19
   8   27 0.75
   5   15 0.37
  27   48 0.55
   6   27 0.98
  15   24 0.48
  25   59 0.50
   3   24 0.88
  20   48 0.35
   5   38 0.91
  24   39 0.64
   5   21 0.93
  22   28 0.79

   5   20 0.48
  18   37 0.04
  11   14 0.63
  27   55 0.71
  10   43 0.89
   1   20 0.05
  22   46 0.20
  10   21 0.76
   5    9 0.89
  20   48 0.77
  16   28 0.69
   5   21 0.22
  26   27 0.98
  11   17 0.52
  24   43 0.13
  15   48 0.96
  20   30 0.76
  17   37 0.64
   7   42 0.91
  11   13 0.87

   8   16 0.01
  20   30 0.13
   1   18 0.33
   6    9 0.68
  20   39 0.62
  16   31 0.66
  26   61 0.94
  19   34 0.15
  11   34 0.67
   0   26 0.00
  15   45 0.06
  13   48 0.58
  19   21 0.98
   0   26 0.62
  24   34 0.01
  21   28 0.04
   1   26 0.08
  14   49 0.68
  11   25 0.74
  10   31 0.14

  24   24 0.42
  10   38 0.28
  20   40 0.20
  17   20 0.30
  22   61 0.90
   8   16 0.62
  11   50 0.96
   1   10 0.82
   8   43 0.41
  26   56 0.32
   4   38 0.20
  10   11 0.05
  13   50 0.16
   1    1 0.14
  17   55 0.93
   8   17 0.05
  15   34 0.52
   1    4 0.10
  18   31 0.44
  15   41 0.33

