5 25 4
12    4  16   4  16  10  16  10  10   2   4   2   2

  53   61 0.80
  53   86 0.36
  57   99 0.51
  12   32 0.41
  40   48 0.16
   6   59 0.25
  42   79 0.69
  18   72 0.93
  37   64 0.20
  23   64 0.76
   3   28 0.52
  31   70 0.26
   0   48 0.72
  48   60 0.04
  37   70 0.88
  39   47 0.99
   7   49 0.77
  51  107 0.44
  39   88 0.77
  30   31 0.89
  25   79 0.07
  13   15 0.96
  45   60 0.12
  39   67 0.12
  51   90 0.35

  55   64 0.84
   1    4 0.59
  25   70 0.61
  19   33 0.65
  51  106 0.72
  19   72 0.68
  53   69 0.67
  55   77 0.48
  26   83 0.56
  17   72 0.00
  21   62 0.93
  26   61 0.79
   9   15 0.42
  51   89 0.60
  34   92 0.99
   2   59 0.55
   5   29 0.92
  31   57 0.00
  45  104 0.22
  46   70 0.92
  31   79 0.67
  56  100 0.71
  47   96 0.02
  22   63 0.25
  12   47 0.81

  10   12 0.07
  53  108 0.63
  44   68 0.46
  30   84 0.93
  25   71 0.62
  57   91 0.47
  28   56 0.69
  24   36 0.53
  44   59 0.32
  44   74 0.82
  40   51 0.29
  43   64 0.11
  20   22 0.45
  56   66 0.06
  45  101 0.13
  49   82 0.20
  22   41 0.66
   5    9 0.62
  36   81 0.85
  37   51 0.17
  56  114 0.55
  53   69 0.57
  25   29 0.61
  59   66 0.95
  26   73 0.48

  27   62 0.95
  16   56 0.55
  42   64 0.71
  37   77 0.81
   6   60 0.95
  37   45 0.93
  55  114 0.46
  23   78 0.46
  47   76 0.70
  30   74 0.82
  32   89 0.77
  58   98 0.83
  33   38 0.75
  39   91 0.26
  21   70 0.72
  46   95 0.08
  46   94 0.00
   6   31 0.08
  42   55 0.35
  40   47 0.01
  49   57 0.00
  19   48 0.32
  14   41 0.97
  48   98 0.40
  10   63 0.57

  49   54 0.64
   7   33 0.45
  26   58 0.50
  26   34 0.97
   5   39 0.22
  21   34 0.89
  53   83 0.18
  32   72 0.00
  55   76 0.03
  40   78 0.49
  44   60 0.20
  16   38 0.00
  56   90 0.68
  48  100 0.88
  25   76 0.18
   2   42 0.23
   8   59 0.10
  52   80 0.65
   7   11 0.09
   5    7 0.72
  39   76 0.30
  35   36 0.14
  55   86 0.22
  57   79 0.21
  41   89 0.92

  29   76 0.52
  18   38 0.30
  41   94 0.29
  41   76 0.44
  49   71 0.82
  41   86 0.11
  33   70 0.63
  49   66 0.15
  50   57 0.99
  28   32 0.48
  16   28 0.09
  16   33 0.71
   8   33 0.77
  39   78 0.91
  18   56 0.32
  44   95 0.82
   5    9 0.84
  23   32 0.81
  36   54 0.20
  15   56 0.47
  40   63 0.91
  25   68 0.74
  15   70 0.43
  40   93 0.66
  12   12 0.57

   1   48 0.82
  38   83 0.43
  54   70 0.93
  37   82 0.14
   9   68 0.72
  55  100 0.99
  49   64 0.84
  27   86 0.88
   2   28 0.77
   4   34 0.30
  47   91 0.77
  27   65 0.76
  47   78 0.63
  46   98 0.34
   8   31 0.75
   2   41 0.06
  19   38 0.66
  58   89 0.39
  17   59 0.96
   0    1 0.28
   9    9 0.79
  59  111 0.65
   6   28 0.08
  41   57 0.09
  32   86 0.92

   8   46 0.54
  38   65 0.88
  58   88 0.98
  43   84 0.96
  10   26 0.20
  24   38 0.55
  22   69 0.68
  43   95 0.59
  44   69 0.74
  39   60 0.44
  47   70 0.05
   1   41 0.80
  41   93 0.89
  42   65 0.81
  20   41 0.12
  58   58 0.94
  50   80 0.61
  57  106 0.15
  47   62 0.75
   6   62 0.71
  13   66 0.68
  46   79 0.82
  28   55 0.68
  19   59 0.00
   5   16 0.90

  28   36 0.35
  15   67 0.09
  15   34 0.54
  52   86 0.42
   8   62 0.67
  57   63 0.72
  51   82 0.65
  10   11 0.24
  25   34 0.30
  10   49 0.26
  14   33 0.58
  51   70 0.92
  46   84 0.48
  54   77 0.27
  34   65 0.40
   2   29 0.82
  26   41 0.03
  18   70 0.23
  34   41 0.35
  15   71 0.23
  36   72 0.21
  48   90 0.83
  55   74 0.16
  14   32 0.71
   7   13 0.91

  30   63 0.74
  31   48 0.45
   2   39 0.68
  31   72 0.46
   3    7 0.41
  55   78 0.22
   5   29 0.22
  25   30 0.50
  39   85 0.85
   8   11 0.47
  41   78 0.83
  32   46 0.13
  24   43 0.00
   9   26 0.19
  27   47 0.09
  33   64 0.01
  17   57 0.18
  39   59 0.65
  29   42 0.98
  56   60 0.57
  22   48 0.81
  25   61 0.37
  26   40 0.40
  31   83 0.68
   9   38 0.31

  49   60 0.49
  20   33 0.73
   7   13 0.79
  16   64 0.03
  20   73 0.53
  38   75 0.36
  45   55 0.92
  47   87 0.01
  29   82 0.47
  20   51 0.81
  16   39 0.11
  11   28 0.98
  40   57 0.16
  14   29 0.87
  28   31 0.88
   3   14 0.24
   1   22 0.23
  17   42 0.12
  25   84 0.73
  54   91 0.06
  18   77 0.23
  30   40 0.45
  28   44 0.82
  26   41 0.19
  57  106 0.44

   1   47 0.53
  45   98 0.63
  44   66 0.59
  41   93 0.73
  26   49 0.10
  34   52 0.01
  20   61 0.30
  37   41 0.34
  50   72 0.87
  39   40 0.63
  11   47 0.60
  50   66 0.59
  52  101 0.21
  56  103 0.94
  50   98 0.85
  58   82 0.42
   0   28 0.57
   3   24 0.92
  29   50 0.23
   5   37 0.09
  20   28 0.25
  13   28 0.81
  44   64 0.89
  25   53 0.38
  10   55 0.97

