5 50 8
6   20  10   4   2  16  16

  10   55 0.04
  12   71 0.17
   6   18 0.01
   2   16 0.04
  11   36 0.55
  13   27 0.12
   0   23 0.04
  18   63 0.81
  18   62 0.68
  14   48 0.60
  18   35 0.88
  20   48 0.45
  14   69 0.60
  17   60 0.47
   6   53 0.69
   4   32 0.21
   2   49 0.75
  19   29 0.44
  17   21 0.73
   0   38 0.24
  10   70 0.11
  11   21 0.15
   6   25 0.59
  13   74 0.28
   8   63 0.09
   4   47 0.50
   3    3 0.50
  19   42 0.53
  16   27 0.61
  12   37 0.05
  14   16 0.98
   9   17 0.37
  18   71 0.54
  17   25 0.28
  16   53 0.73
  17   52 0.40
  19   24 0.07
   9   63 0.31
  12   70 0.69
  16   57 0.55
  14   33 0.47
   9   65 0.03
   2    7 0.34
   8   69 0.27
   5   32 0.31
  15   42 0.23
   4    8 0.38
   3   16 0.28
   7   52 0.70
  18   62 0.12

   8   52 0.64
   7   58 0.25
   4    9 0.68
   1   42 0.21
   2   54 0.81
   0   30 0.65
  11   33 0.96
  18   80 0.38
  15   34 0.36
   0   19 0.42
   9   46 0.63
   8   65 0.31
   6   62 0.92
   0    5 0.90
  16   43 0.00
  14   69 0.36
  19   48 0.72
  20   69 0.56
   8   33 0.71
   4   55 0.79
  20   62 0.34
  13   45 0.33
   0   23 0.36
  19   71 0.97
  18   44 0.20
  20   25 0.27
  11   44 0.08
  15   65 0.21
   8   68 0.51
  17   45 0.36
  15   44 0.37
  11   37 0.26
  12   41 0.28
  19   72 0.18
  11   60 0.05
   8   33 0.91
  13   45 0.96
   0   33 0.66
  17   20 0.49
  20   38 0.01
  19   77 0.15
  15   26 0.83
  11   56 0.56
   6   53 0.35
  11   72 0.41
  13   22 0.84
  10   63 0.59
   9   59 0.09
   2   34 0.68
  10   38 0.73

  13   31 0.54
   8    9 0.54
  15   25 0.33
   8   24 0.50
  16   52 0.87
  15   39 0.34
  18   61 0.33
  15   21 0.77
   5   42 0.38
   1   45 0.89
  19   59 0.55
  19   35 0.14
  11   32 0.06
   4   58 0.12
  10   25 0.75
   8   53 0.60
   5   18 0.89
  10   41 0.30
  14   16 0.12
   6   60 0.78
  14   50 0.85
  20   43 0.10
   9   57 0.94
  20   68 0.25
  12   74 0.61
   2   59 0.89
   1   44 0.22
  14   71 0.16
  15   70 0.11
  15   23 0.07
  16   17 0.43
  20   38 0.78
   3   24 0.13
  15   36 0.01
   9   11 0.81
  15   41 0.31
  17   44 0.54
  14   19 0.06
  14   56 0.03
  17   53 0.14
   8   70 0.85
   7   45 0.23
   3   11 0.85
  18   70 0.53
  10   26 0.74
  18   62 0.99
   9   25 0.56
  16   19 0.74
  15   29 0.65
   9   54 0.55

  10   67 0.62
  19   51 0.01
   0   57 0.56
   0    7 0.02
  19   49 0.53
  16   48 0.22
   0    4 0.53
   0   60 0.09
   0    8 0.01
  10   42 0.73
  14   39 0.67
  16   22 0.85
  10   35 0.84
   4   33 0.63
  12   28 0.19
  19   80 0.76
  19   26 0.58
   7   57 0.51
  14   28 0.15
   0   30 0.60
  13   38 0.97
   9   51 0.09
   7   49 0.99
  19   79 0.90
   3   64 0.75
  11   66 0.65
  17   30 0.36
   1   49 0.39
  14   34 0.94
  18   49 0.52
  20   57 0.96
   9   69 0.61
  11   44 0.32
  10   17 0.23
  11   18 0.77
  19   66 0.77
  19   29 0.16
   4   64 0.65
  11   70 0.18
   8   20 0.86
   1   11 0.35
  13   69 0.55
   2   45 0.39
   6   22 0.28
   6   22 0.18
  11   28 0.24
   0    1 0.94
  16   46 0.78
  16   66 0.32
   7   26 0.74

  16   78 0.54
   6   31 0.10
   1   59 0.91
   5   33 0.70
   4   50 0.05
   2   41 0.43
   4   65 0.40
   3   63 0.15
  17   56 0.85
   7   25 0.44
   9   70 0.91
   5   60 0.94
   3   27 0.95
  11   19 0.55
  14   76 0.04
  12   14 0.17
   4   40 0.29
   8   69 0.58
  11   21 0.11
  17   63 0.46
   6   44 0.24
   3    9 0.61
  17   45 0.09
  18   59 0.90
   3   12 0.04
  13   53 0.81
   5   33 0.83
  16   34 0.94
  13   74 0.39
  18   38 0.57
   3   22 0.59
   4   25 0.84
  11   35 0.20
   7   12 0.94
   4   58 0.69
  16   25 0.77
   8   24 0.82
   5   33 0.43
   2   10 0.60
   3   34 0.18
  14   76 0.84
   5   60 0.93
  10   34 0.50
   3   38 0.97
   2    5 0.89
  19   54 0.88
   3    8 0.12
  20   27 0.42
   6    6 0.59
  15   40 0.35

  15   25 0.10
  13   14 0.98
  19   62 0.92
   8   31 0.50
   4   15 0.57
  19   41 0.19
   9   34 0.06
   7   11 0.18
   5   23 0.22
   3   35 0.72
   2   32 0.40
   9   64 0.67
   1   31 0.23
  14   30 0.50
   1    7 0.25
  17   64 0.81
  16   61 0.55
  20   53 0.11
  15   71 0.23
   5   60 0.60
   0   45 0.35
  12   36 0.79
   5   20 0.23
  10   12 0.56
   6   53 0.19
   6    6 0.33
   2    5 0.55
   5   12 0.89
   7   24 0.22
   3   49 0.11
   0   15 0.48
   0    8 0.54
   7   57 0.89
   5    7 0.84
  18   56 0.90
   7   49 0.49
   9   60 0.45
  20   80 0.41
   7   46 0.52
   3   57 0.71
  10   13 0.15
   3   49 0.30
  20   35 0.33
  17   25 0.77
   3   13 0.96
   0   45 0.95
  15   32 0.48
  13   32 0.66
   8   56 0.13
  19   50 0.23

