4 20 4
12   10  16  16  10  16   2  10   2   4  10  20  10

  16   54 0.46
  31   48 0.92
  18   49 0.81
  18   34 0.29
  27   55 0.65
  25   25 0.32
  10   38 0.29
  24   32 0.35
  20   23 0.98
  19   30 0.60
  11   49 0.13
  25   49 0.92
  17   47 0.28
  37   41 0.91
  23   45 0.80
  22   23 0.83
  33   37 0.28
  11   39 0.63
  22   48 0.27
  16   32 0.41

   9   39 0.87
   2   24 0.79
  31   48 0.39
   4   35 0.80
   8   41 0.93
  12   14 0.60
   3    5 0.40
  36   38 0.88
   4   12 0.24
  18   46 0.92
   0   31 0.81
   9   18 0.15
   5   43 0.92
   3   28 0.20
  18   27 0.33
   9   39 0.74
  31   58 0.22
  15   18 0.52
  24   55 0.74
  19   42 0.50

  33   66 0.92
  10   15 0.12
  11   17 0.84
  37   61 0.44
  38   68 0.04
  19   49 0.12
  30   68 0.20
  30   57 0.21
   5    5 0.43
  32   34 0.16
  31   35 0.26
  31   68 0.83
  26   59 0.19
  13   37 0.94
  18   46 0.52
  10   22 0.72
   8   39 0.30
   6   22 0.76
  19   27 0.05
   7   41 0.48

  20   36 0.70
   3   19 0.73
  36   65 0.33
  19   50 0.65
  26   44 0.86
  20   46 0.07
  37   72 0.29
  32   36 0.03
  23   31 0.59
  12   40 0.10
  15   46 0.73
  12   24 0.61
  21   45 0.24
  13   19 0.35
  38   50 0.85
  11   20 0.71
  35   54 0.37
  32   56 0.67
   2   14 0.97
  35   62 0.48

  18   52 0.82
  28   52 0.60
  23   34 0.13
  36   48 0.26
   9   21 0.78
  29   62 0.93
  32   46 0.76
  37   61 0.96
  36   42 0.18
   7   27 0.30
  22   27 0.15
  28   48 0.08
  35   36 0.85
  36   62 0.99
  37   65 0.57
  14   20 0.33
   4   42 0.05
  27   31 0.90
  12   36 0.85
  27   57 0.66

  11   48 0.87
  37   40 0.70
  30   32 0.24
  12   42 0.92
  25   43 0.18
  30   56 0.06
  12   33 0.15
  36   72 0.77
  11   45 0.44
  30   60 0.30
  15   46 0.75
   2   29 0.50
  18   35 0.58
  38   67 0.92
   2   17 0.43
  28   51 0.35
  20   35 0.25
   8   35 0.05
  21   57 0.55
  33   64 0.32

   7   33 0.65
  13   43 0.42
   3   23 0.91
  38   73 0.30
  19   44 0.13
   4   33 0.65
  16   29 0.50
  24   37 0.71
  18   52 0.32
  24   27 0.53
  27   61 0.64
  35   62 0.06
   3   26 0.43
  32   69 0.33
   2    2 0.45
  36   50 0.43
  13   43 0.02
  32   44 0.24
  31   53 0.19
  14   50 0.54

   9   12 0.88
   7   43 0.77
  33   34 0.46
   6   15 0.46
   5   10 0.54
  27   37 0.20
  25   45 0.22
   1   26 0.28
  10   15 0.99
  33   69 0.65
   8   18 0.56
  25   39 0.64
  25   28 0.18
  26   34 0.47
  29   39 0.01
  38   72 0.72
  31   42 0.79
   7   24 0.64
  13   33 0.36
   9   33 0.06

  23   23 0.83
  19   33 0.67
  35   53 0.07
   8   10 0.55
  17   37 0.09
  33   33 0.59
  11   46 0.25
   8   28 0.54
  38   66 0.09
  36   60 0.26
  32   66 0.53
   0    4 0.86
  24   51 0.93
  26   63 0.21
  31   32 0.65
   1   21 0.68
  13   40 0.90
  11   47 0.39
  24   31 0.24
   7   40 0.19

  22   46 0.33
  21   32 0.30
  27   63 0.49
  25   50 0.56
  25   41 0.61
  36   52 0.61
  37   48 0.89
   7    8 0.12
  15   45 0.30
  17   47 0.51
  16   16 0.31
   4   24 0.72
  24   61 0.14
   5   21 0.49
   3    4 0.66
  12   50 0.01
  26   58 0.28
   3   24 0.79
  14   43 0.75
  17   42 0.41

  24   37 0.38
   6   13 0.43
  20   42 0.17
  22   26 0.49
  30   65 0.64
  33   41 0.65
  36   49 0.13
  16   36 0.52
  16   18 0.54
  15   52 0.89
  18   46 0.78
  31   49 0.06
  35   66 0.73
  21   24 0.67
  14   18 0.24
  10   24 0.08
  12   24 0.78
   4   38 0.22
  10   42 0.47
  26   50 0.88

  11   28 0.66
  14   23 0.87
   4   14 0.51
  24   60 0.08
   2   18 0.18
  23   25 0.30
   2   29 0.37
  24   34 0.93
  16   29 0.89
   8   22 0.86
  29   59 0.37
  15   44 0.24
   6   31 0.30
  16   42 0.81
  18   21 0.22
  27   44 0.75
   4    4 0.28
  20   46 0.87
  32   52 0.02
   7   41 0.09

