4 30 8
6   10  10   2  16  10  10

   8   25 0.66
   5   26 0.47
   2   20 0.94
  11   25 0.51
  26   32 0.48
  19   25 0.93
  10   16 0.62
   1   21 0.66
  38   40 0.24
  35   37 0.33
  32   41 0.85
   0   23 0.79
  39   46 0.48
  23   38 0.27
  32   42 0.13
   6   13 0.32
   6   26 0.82
  13   13 0.99
  12   26 0.78
  38   43 0.16
  16   29 0.57
   0   15 0.04
  31   44 0.05
   6   25 0.44
  16   16 0.60
  27   39 0.67
  23   30 0.57
  18   28 0.75
  30   46 0.57
  23   48 0.61

   8   18 0.96
  33   35 0.65
   8   21 0.12
  35   54 0.11
   6   25 0.02
  31   47 0.54
  31   36 0.04
  36   51 0.13
  10   18 0.11
  35   58 0.15
  12   26 0.60
  21   25 0.40
   1   22 0.63
  26   35 0.38
  36   58 0.02
  17   41 0.25
  24   42 0.34
  12   29 0.85
   9   15 0.81
  22   42 0.37
  27   32 0.59
   5    6 0.27
  26   28 0.38
  13   16 0.41
  16   41 0.74
   7    8 0.35
  21   36 0.53
   0   24 0.95
  14   37 0.71
  22   38 0.45

   3   21 0.11
   3   26 0.77
  35   36 0.20
  20   33 0.75
  28   42 0.02
  14   33 0.27
  15   21 0.00
  14   36 0.48
  20   23 0.99
   2   13 0.87
  18   21 0.06
   0   15 0.82
  30   36 0.16
  26   50 0.83
   4   25 0.22
  21   32 0.89
   7   30 0.06
   5   27 0.02
  13   34 0.19
   9   20 0.70
  29   48 0.05
  18   39 0.55
  35   43 0.69
  27   39 0.98
  24   49 0.90
  10   17 0.55
  12   15 0.52
  21   29 0.72
   9   31 0.17
  12   16 0.52

  20   44 0.73
   7   15 0.24
  10   35 0.39
  30   48 0.90
  32   44 0.75
  19   36 0.69
  30   48 0.45
   0    9 0.65
   3   25 0.09
  33   55 0.16
   1    2 0.82
  37   51 0.00
   9   33 0.50
  23   46 0.23
  18   40 0.82
  12   20 0.69
   9   14 0.30
  26   39 0.57
  32   45 0.33
   4   27 0.64
  16   22 0.19
  32   51 0.67
   2    9 0.10
   7   22 0.69
  11   35 0.98
  25   46 0.59
  26   29 0.19
   1    6 0.84
  27   44 0.48
  19   25 0.35

  20   23 0.40
  33   53 0.03
  15   18 0.51
  13   26 0.00
  27   35 0.50
  31   34 0.04
   6   25 0.38
  23   36 0.67
  20   40 0.78
  31   46 0.19
  20   37 0.21
  16   23 0.76
  30   56 0.14
  21   47 0.03
  23   32 0.96
  16   31 0.10
  33   52 0.48
  26   49 0.55
  33   47 0.21
   8    8 0.27
  30   37 0.97
  22   44 0.55
  31   52 0.07
  15   34 0.72
   7   20 0.40
  31   31 0.45
  19   28 0.70
  14   20 0.75
   0   14 0.67
  25   36 0.99

   6   29 0.26
  39   60 0.47
   5   22 0.38
  38   58 0.68
  33   59 0.23
  33   58 0.88
  29   31 0.62
  32   49 0.61
   6   11 0.69
  31   44 0.69
  23   39 0.55
  21   23 0.65
   1   21 0.55
  19   38 0.02
   3   13 0.26
  27   51 0.20
  28   32 0.79
  20   46 0.54
  11   36 0.52
   4   23 0.87
  11   31 0.98
   0    9 0.08
  19   21 0.19
  28   38 0.81
  28   44 0.67
  30   45 0.21
   6   20 0.99
  25   40 0.41
  11   13 0.37
  11   31 0.02

