3 80 4
3   10   2   2

  16   58 0.67
  12   61 0.35
   1   66 0.75
  12   75 0.84
  14   63 0.18
  15   46 0.66
  18   27 0.06
  10   17 0.08
  16   17 0.25
   4   57 0.60
  11   64 0.32
  13   68 0.72
  19   62 0.78
  10   64 0.73
  19   61 0.77
  16   46 0.04
  11   77 0.06
  12   30 0.65
  17   52 0.02
   8   45 0.97
   7    9 0.55
  19   21 0.23
  14   59 0.69
  21   76 0.81
  14   72 0.61
   3    3 0.83
  12   48 0.91
   4    9 0.47
  21   71 0.52
   7   58 0.34
   0   55 0.21
  15   36 0.24
  19   78 0.44
   8   49 0.06
  11   50 0.17
  14   51 0.96
  21   63 0.94
  10   63 0.88
  15   51 0.58
  22   59 0.05
  17   65 0.63
   9   34 0.83
   6   60 0.25
  19   35 0.05
  16   67 0.31
   2   31 0.38
  12   63 0.17
  17   70 0.79
  10   19 0.56
  22   47 0.93
  19   67 0.90
   7   34 0.72
  17   24 0.22
  12   59 0.15
  16   44 0.70
  16   24 0.90
   9   39 0.02
   8   73 0.70
   2   62 0.57
   3   16 0.62
   2   18 0.42
   1   40 0.99
   9   41 0.42
   3   65 0.53
  20   31 0.27
   7   55 0.01
   2   29 0.05
   9   37 0.80
  16   21 0.78
  22   34 0.53
  21   88 0.54
   7   37 0.52
  19   75 0.32
   7   19 0.43
  17   61 0.78
  15   22 0.55
  12   21 0.05
   1   13 0.38
  10   48 0.41
  21   67 0.21

   4   43 0.94
   1   28 0.76
   7   21 0.72
  19   46 0.54
   3   54 0.30
  19   32 0.25
   9   59 0.49
   6   24 0.25
  13   73 0.89
  13   64 0.14
   1   44 0.92
   8   10 0.37
  11   12 0.66
  22   32 0.25
   2   68 0.07
   1   18 0.06
   2   47 0.79
  17   28 0.15
   8   32 0.96
   5   28 0.70
   3   46 0.71
  21   75 0.91
  11   39 0.57
   6   43 0.21
  21   81 0.00
  14   38 0.21
   7   31 0.44
   7   71 0.50
   0    4 0.37
   5   72 0.79
  11   22 0.77
  16   64 0.71
  12   20 0.97
  20   37 0.87
  15   57 0.41
  20   53 0.95
  14   65 0.97
  17   60 0.34
  18   57 0.09
  16   34 0.78
   6   51 0.15
  18   34 0.55
  22   49 0.67
  15   73 0.61
   7   63 0.32
   5   52 0.83
  12   19 0.39
  13   62 0.99
  10   72 0.24
  15   32 0.28
   5   62 0.13
  19   19 0.72
   5   59 0.75
  15   44 0.08
  17   48 0.77
   6    8 0.24
  16   54 0.55
   3   33 0.80
  14   16 0.43
  18   60 0.42
  11   31 0.39
  15   51 0.36
  19   72 0.36
  11   35 0.85
   3   22 0.34
   4   51 0.85
  11   52 0.85
   6   48 0.43
  14   51 0.81
  12   34 0.65
   3   44 0.03
  17   76 0.85
  18   83 0.01
   7   41 0.18
  16   45 0.83
   3   68 0.22
  20   76 0.89
   5   63 0.14
   8   68 0.71
   9   65 0.24

  12   16 0.38
  15   31 0.77
   1   37 0.45
   3   48 0.44
   8   34 0.36
  12   38 0.07
   5   54 0.42
   2    7 0.84
  15   51 0.13
   6   49 0.72
  15   45 0.58
   8   22 0.46
   0    6 0.27
  17   70 0.50
   6   19 0.79
  17   54 0.27
   6   73 0.91
   3   26 0.46
  19   48 0.59
  20   79 0.09
   6   73 0.80
   1   24 0.06
   0   46 0.98
  14   34 0.25
  19   46 0.21
   0    8 0.82
   7    7 0.07
   8   11 0.28
   5   18 0.23
  14   22 0.28
   5   44 0.91
  12   35 0.17
   3    6 0.93
   4   35 0.49
  17   59 0.47
   2   47 0.10
   3    7 0.72
  19   48 0.29
   2   15 0.62
   4   35 0.75
   2   50 0.10
   6   35 0.37
   0   14 0.06
   8   76 0.39
   7   31 0.62
  15   19 0.68
   7   33 0.13
  14   27 0.09
   9   56 0.54
   0   67 0.03
  11   49 0.84
   8   68 0.30
  12   69 0.00
  21   38 0.18
  11   20 0.79
  15   72 0.92
  20   65 0.09
  19   20 0.11
   4   16 0.72
   8   13 0.23
  13   79 0.63
  15   78 0.75
   5   73 0.30
  20   26 0.97
   0    8 0.13
   7   66 0.16
  19   39 0.72
  14   46 0.24
  19   68 0.45
   9   50 0.85
  10   43 0.94
  18   61 0.75
   9   60 0.42
   6   65 0.00
   9   62 0.02
  19   50 0.25
   0   55 0.74
   8   39 0.38
  12   62 0.99
   0   66 0.50

