4 25 8
12   16  10  10  16  16  16  10   4   2   2   4  16

  16   46 0.06
  40   77 0.26
  33   67 0.24
  28   33 0.20
   7   53 0.36
  28   38 0.77
  22   33 0.35
  45   64 0.64
  33   60 0.95
  22   52 0.67
   1   26 0.30
  41   56 0.97
   4   42 0.76
   7   17 0.48
   1    4 0.12
   0   29 0.95
  11   12 0.81
  14   24 0.12
  31   54 0.37
   3    6 0.06
   5   18 0.65
  36   77 0.11
  30   37 0.47
  38   59 0.63
  19   19 0.38

  32   37 0.04
  32   68 0.36
  40   76 0.24
  25   51 0.72
  33   48 0.46
   6   25 0.57
  42   44 0.91
  38   45 0.55
  38   66 0.20
  16   45 0.07
   8   27 0.48
   5   38 0.92
  36   73 0.10
  30   60 0.77
  13   54 0.24
   4    5 0.56
   4   23 0.27
  26   68 0.18
  26   41 0.03
  20   38 0.63
  39   72 0.88
  19   54 0.03
  42   68 0.30
  16   35 0.88
  33   36 0.17

  39   65 0.87
  42   82 0.05
  16   27 0.36
  37   71 0.35
   2    8 0.21
   8   35 0.31
  20   66 0.35
  14   57 0.98
  21   41 0.74
  35   45 0.24
  12   33 0.24
  18   28 0.12
  13   51 0.20
  46   58 0.87
  35   56 0.77
  11   50 0.10
  34   72 0.03
  44   87 0.69
  37   81 0.68
  13   59 0.58
  25   49 0.26
  42   56 0.61
  46   76 0.81
  17   52 0.76
  11   21 0.08

  24   38 0.44
  25   63 0.00
   8   38 0.49
  21   50 0.56
   6   47 0.23
  39   40 0.55
  31   76 0.18
   7   25 0.14
  46   66 0.95
  37   39 0.39
   7   43 0.29
  33   57 0.40
  24   46 0.44
  32   57 0.04
  45   89 0.54
  39   46 0.79
  20   26 0.85
  18   52 0.83
  16   43 0.63
  11   54 0.58
  10   31 0.91
  17   50 0.05
  34   63 0.44
   1   30 0.63
  35   67 0.73

  46   64 0.97
  28   54 0.53
  45   80 0.64
  15   38 0.75
   5   20 0.48
  12   21 0.21
  28   59 0.62
  19   49 0.74
  40   53 0.83
  26   36 0.89
  26   42 0.15
  38   46 0.43
  24   50 0.13
  26   70 0.80
  38   54 0.02
  29   39 0.66
  40   44 0.43
   4   50 0.20
  45   50 0.82
   2   13 0.81
  38   73 0.00
   9   20 0.09
   6   17 0.95
  27   68 0.78
  32   46 0.33

  38   49 0.32
  27   72 0.32
  30   51 0.66
  32   32 0.26
  43   78 0.71
  18   24 0.36
   5   27 0.50
  26   53 0.49
  22   61 0.12
  30   58 0.09
   5   29 0.58
   4   31 0.87
   5   29 0.60
  27   73 0.06
   5   24 0.48
   0   40 0.16
   9   29 0.45
   1   42 0.00
  14   56 0.18
   1   14 0.07
  44   46 0.98
  40   75 0.58
  26   30 0.48
  27   29 0.19
  43   45 0.78

  31   67 0.44
  20   65 0.12
  32   49 0.28
  14   45 0.62
  37   49 0.94
   4   44 0.47
  39   64 0.56
   3   39 0.31
  45   86 0.25
  26   51 0.99
   5   17 0.84
  24   32 0.71
  45   87 0.95
  29   53 0.02
   3   35 0.66
  30   47 0.31
  23   34 0.30
   9   55 0.27
  37   64 0.49
  34   75 0.94
  42   45 0.57
  25   61 0.98
  18   37 0.00
   9   12 0.76
   3    9 0.11

  25   54 0.28
  42   57 0.07
  42   76 0.37
  30   53 0.60
  35   74 0.11
  34   61 0.43
  37   62 0.91
  42   62 0.65
  26   30 0.32
  44   51 0.15
  15   55 0.82
  35   43 0.43
  42   86 0.44
  43   62 0.42
  41   76 0.91
  24   59 0.88
  28   62 0.72
  39   48 0.71
   6   24 0.87
  44   66 0.10
  40   64 0.04
  36   68 0.91
  18   20 0.21
  11   18 0.70
   1   45 0.84

  20   53 0.39
  25   42 0.54
  41   47 0.99
  30   37 0.96
   0   21 0.10
  27   58 0.84
   7   41 0.23
   9   46 0.18
   7   27 0.00
  41   69 0.25
  28   54 0.70
  29   34 0.69
  14   51 0.27
   2   26 0.64
  32   40 0.63
  36   72 0.57
  28   45 0.09
  46   75 0.32
   9   12 0.03
   8   24 0.29
  41   77 0.19
  16   32 0.25
  21   48 0.20
  24   57 0.84
  19   19 0.36

  29   64 0.32
  36   80 0.13
  20   62 0.03
  37   77 0.37
  41   41 0.47
  37   48 0.55
   1    9 0.26
  39   40 0.44
  40   75 0.41
  27   32 0.07
  37   61 0.22
   2   28 0.91
  44   62 0.89
  31   44 0.61
   4    9 0.50
  36   73 0.26
  29   61 0.53
  30   62 0.53
  30   53 0.73
  23   56 0.88
  45   89 0.85
  15   53 0.01
  29   35 0.63
  41   42 0.42
  38   75 0.77

  29   75 0.98
  14   48 0.66
  26   59 0.45
  16   29 0.92
   5   48 0.34
  34   36 0.31
  37   59 0.78
  42   87 0.50
  30   34 0.30
  38   45 0.57
  37   59 0.55
   2   36 0.85
  46   76 0.19
   4   47 0.10
  19   65 0.08
   7   11 0.50
  35   40 0.83
  12   52 0.64
  40   43 0.85
  18   46 0.92
  40   55 0.89
  25   34 0.82
  22   44 0.46
  21   67 0.82
  17   61 0.97

   3   21 0.15
  32   45 0.41
  16   47 0.53
   9   13 0.18
  42   85 0.82
   8    9 0.35
  10   54 0.81
  10   41 0.12
  35   57 0.99
  20   44 0.86
  21   45 0.69
  14   55 0.86
  19   47 0.97
  46   68 0.85
  37   59 0.12
  38   78 0.47
  25   66 0.61
  29   50 0.97
  28   50 0.62
  36   59 0.07
  25   29 0.42
  26   68 0.95
  20   33 0.78
  38   74 0.61
  31   63 0.14

