5 100 8
3   10  10   4

  22   30 0.67
   3   17 0.99
  36   49 0.12
  32   42 0.23
  19   19 0.23
  29   40 0.07
   0    8 0.31
  19   29 0.18
   4    6 0.06
   9   18 0.68
   9   23 0.46
  28   35 0.93
  37   41 0.15
   0    7 0.73
  18   18 0.20
   6    6 0.06
   0   12 0.29
   2   11 0.01
  11   24 0.62
  18   29 0.12
  20   27 0.33
  29   40 0.66
   2   11 0.91
  12   23 0.40
  32   36 0.27
  17   18 0.85
   3    4 0.56
  23   37 0.65
  27   33 0.73
  22   28 0.82
  27   41 0.97
  16   28 0.54
  36   43 0.44
   2    5 0.86
   1    1 0.51
  44   44 0.45
  29   32 0.65
  14   20 0.26
   3   12 0.51
  42   43 0.91
  27   40 0.25
  12   19 0.90
   0    6 0.96
   2   13 0.91
  15   25 0.72
  21   30 0.69
   9   22 0.13
  36   37 0.90
  39   41 0.51
  36   48 0.87
  19   26 0.65
  15   17 0.18
  25   38 0.41
  44   46 0.93
  37   50 0.31
  17   27 0.58
  27   39 0.39
  23   28 0.72
  36   43 0.92
  27   30 0.86
  12   15 0.15
  19   30 0.10
  12   24 0.20
  37   41 0.36
   2    2 0.05
   5   14 0.12
  18   32 0.52
   6   11 0.82
  11   24 0.11
  18   23 0.55
   6    6 0.69
  42   47 0.57
  16   20 0.23
  36   39 0.05
   5   17 0.85
  29   31 0.46
  18   19 0.67
   2    9 0.38
  34   38 0.08
  40   53 0.22
  40   47 0.13
  42   56 0.16
   8   12 0.15
  41   52 0.52
  14   18 0.60
  27   38 0.31
   5   17 0.04
  37   43 0.74
   0    2 0.58
  16   22 0.21
  15   17 0.89
   0    7 0.56
   0    1 0.58
  44   58 0.34
  36   49 0.86
   3   16 0.57
   0    4 0.43
  25   28 0.66
   4    9 0.24
  16   25 0.70

  20   25 0.66
  24   30 0.95
   5   13 0.04
  32   46 0.60
  37   46 0.45
  41   48 0.05
  35   45 0.04
  33   44 0.29
   2    2 0.89
  22   24 0.71
   4    7 0.44
  16   19 0.66
  33   43 0.89
   7   12 0.52
   7    7 0.51
   1   13 0.60
  28   39 0.47
   3    7 0.31
   2   16 0.07
  21   28 0.84
  16   30 0.56
  22   22 0.79
  34   48 0.15
  26   38 0.79
  40   44 0.31
   8   13 0.78
  28   39 0.92
  44   55 0.90
  24   28 0.11
  19   21 0.87
  32   46 0.39
  30   40 0.09
  24   28 0.00
  33   40 0.49
  20   28 0.93
  40   42 0.86
  12   12 0.25
  30   32 0.62
  10   15 0.03
  41   50 0.45
  20   23 0.36
   7   16 0.57
   9   14 0.71
  28   37 0.66
  23   37 0.38
  42   53 0.48
   0    9 0.10
   6   17 0.91
  34   48 0.31
  12   18 0.13
  42   47 0.84
  10   12 0.31
  41   53 0.65
  35   41 0.18
  44   48 0.37
  36   45 0.50
  41   55 0.34
  37   48 0.35
  28   35 0.46
  42   45 0.50
  13   25 0.11
  23   35 0.39
  19   26 0.68
  30   41 0.90
   2   15 0.31
  14   27 0.90
  34   48 0.19
  22   29 0.98
  38   47 0.57
   5   17 0.09
   5   12 0.30
  33   39 0.86
  14   21 0.45
  41   53 0.90
   8   16 0.57
  20   21 0.74
   7   19 0.48
  22   30 0.07
   4   10 0.31
  17   30 0.17
  12   16 0.47
  10   16 0.38
  36   39 0.26
  25   25 0.00
   9   12 0.37
  16   20 0.91
  36   48 0.56
   7   15 0.98
  35   37 0.44
   5   13 0.35
  10   10 0.75
   3    3 0.31
  26   39 0.13
  26   39 0.35
  28   36 0.48
  23   26 0.34
  34   35 0.82
  15   28 0.60
   1    9 0.51
  34   45 0.39

  12   23 0.55
  38   49 0.25
   0   14 0.70
  11   17 0.11
  12   17 0.97
  44   46 0.04
  17   24 0.87
  20   23 0.25
  18   24 0.28
  29   34 0.21
   3   14 0.19
  22   29 0.73
  23   31 0.70
   8   19 0.96
   1   10 0.42
  44   44 0.92
   4   14 0.20
  35   45 0.72
  24   34 0.03
  40   44 0.11
  33   36 0.07
  32   44 0.77
   4    4 0.88
  16   24 0.03
  14   28 0.36
  40   42 0.42
   0    2 0.82
  39   46 0.25
  37   43 0.48
  41   51 0.73
  42   54 0.05
  35   48 0.30
  43   56 0.29
  43   50 0.79
   7   11 0.71
  41   42 0.06
  13   18 0.10
  36   41 0.31
   6   18 0.93
   0    3 0.96
  31   37 0.12
  12   17 0.67
  40   47 0.74
  23   36 0.25
  24   38 0.54
  38   41 0.90
  44   56 0.23
  10   15 0.13
   7   12 0.14
  22   26 0.60
  25   33 0.43
  41   49 0.05
  37   37 0.49
  15   29 0.30
   8   10 0.40
  40   52 0.84
  30   32 0.59
  16   24 0.16
  14   19 0.39
  14   24 0.07
  13   20 0.35
  29   37 0.77
  15   17 0.80
  26   28 0.35
   6    8 0.42
  38   47 0.58
  38   52 0.80
   1    2 0.49
  15   27 0.78
  39   51 0.09
  15   22 0.58
   7   11 0.76
   9   12 0.57
  32   34 0.76
   7   17 0.31
  36   43 0.27
  32   41 0.54
  36   38 0.49
  13   18 0.42
  16   26 0.51
   8   21 0.47
  32   33 0.32
  24   24 0.40
  24   26 0.24
  41   45 0.32
  44   49 0.00
  23   29 0.04
  25   37 0.36
  37   44 0.20
   7   20 0.61
  38   39 0.86
  22   33 0.84
   0    8 0.54
   7   21 0.58
  23   31 0.88
   2   13 0.97
   1   11 0.14
  21   23 0.38
  31   41 0.78
  24   26 0.17

