5 20 4
12   10  16   2  10  16   4  10  10  16   4  10  16

  54  101 0.25
   9   13 0.20
   8   27 0.78
  31   56 0.86
  12   62 0.54
  41   55 0.70
   5   45 0.39
  56  107 0.53
   9   57 0.93
  53   83 0.86
   4   12 0.66
  49   77 0.54
   6   28 0.44
  29   29 0.44
  10   61 0.76
  54   81 0.67
  52   61 0.40
  56   74 0.67
  20   75 0.72
  58   79 0.87

  45   72 0.30
  60   92 0.44
   5   11 0.29
  26   50 0.11
  55   88 0.62
  53  107 0.33
  25   80 0.93
  32   48 0.67
  29   56 0.02
  34   79 0.53
   6   17 0.73
  54   73 0.69
  41  102 0.71
  47  108 0.55
  36   90 0.26
  32   59 0.29
  18   20 0.56
  43  103 0.36
  15   19 0.12
   8   64 0.22

   0   37 0.15
   4   41 0.85
  52   85 0.42
   3   37 0.64
  24   51 0.36
  56   85 0.80
  52   69 0.88
  59   60 0.79
  53   92 0.36
  52  112 0.46
  29   69 0.60
  27   31 0.55
  14   64 0.15
  17   67 0.54
  14   23 0.46
  46  106 0.17
   4   32 0.72
  58   60 0.12
  45   85 0.94
  55   74 0.85

  58  107 0.21
  37   70 0.41
  19   55 0.97
  30   39 0.73
  30   71 0.21
  46   62 0.45
  35   93 0.19
  53   56 0.89
  25   42 0.53
  32   78 0.92
  58  118 0.40
  31   67 0.79
  32   44 0.96
  61  122 0.42
  55   62 0.27
  51   84 0.21
  56   97 0.66
  11   64 0.89
   5   46 0.86
  42   48 0.49

  45   49 0.07
  43   75 0.29
  27   55 0.99
  11   56 0.05
  44   65 0.39
  45   62 0.79
  52  105 0.03
  52   53 0.60
   4   41 0.17
  60   63 0.97
  10   15 0.85
  43   48 0.19
  23   51 0.84
  52   75 0.61
  48  101 0.70
  26   26 0.07
   9   32 0.12
  13   38 0.22
   8   18 0.31
   6   55 0.07

  61   96 0.14
   0   44 0.63
  60  120 0.06
  40   60 0.41
   3   60 0.18
   0    6 0.96
  12   34 0.81
  37   81 0.86
   4   39 0.38
  39   75 0.06
   2   30 0.88
  49   66 0.82
  17   75 0.59
  53   91 0.67
  30   86 0.70
  29   76 0.88
  29   83 0.50
  23   26 0.06
  18   53 0.34
  26   37 0.78

   0   32 0.96
  52   96 0.31
   5   25 0.78
  28   86 0.92
  22   25 0.25
  34   60 0.65
  27   88 0.79
  21   47 0.47
  57   60 0.52
  53   67 0.95
  14   52 0.15
  50   74 0.81
  14   54 0.98
  27   55 0.37
  14   54 0.64
  27   86 0.66
  30   66 0.04
  60   65 0.32
  38   40 0.74
  52   54 0.09

   8   61 0.10
  23   31 0.68
  27   74 0.15
  16   51 0.92
  47   59 0.68
  51   64 0.97
  15   76 0.33
  39   81 0.84
  39   39 0.49
  39   53 0.28
   3   13 0.00
  28   59 0.17
  32   48 0.49
  58   61 0.74
  19   73 0.64
  37   92 0.84
  47   73 0.63
  14   35 0.06
  53   61 0.74
   2   54 0.82

   8   20 0.47
  59  108 0.60
  42   83 0.39
  61  106 0.05
  10   37 0.17
  55   65 0.01
  51   63 0.84
  56  100 0.20
   9   34 0.07
  56  112 0.85
  54  103 0.20
   0    4 0.36
  34   60 0.28
  55  113 0.75
  44   86 0.11
  44   65 0.68
  32   52 0.77
  40  101 0.71
  14   42 0.91
  21   63 0.29

   2    3 0.58
  47   48 0.96
  17   57 0.25
  36   92 0.27
  15   62 0.16
  21   79 0.39
  33   63 0.49
  34   40 0.67
  12   14 0.03
  50   76 0.00
  17   45 0.97
   0    6 0.98
  36   46 0.47
  51   78 0.56
  45  105 0.10
  37   84 0.25
  32   35 0.68
  46   75 0.44
  54   80 0.76
  18   64 0.10

  29   66 0.89
  50   97 0.72
  38   75 0.45
  61   64 0.98
  38   96 0.59
  29   59 0.58
  56   87 0.84
   2   28 0.07
  25   65 0.02
  29   54 0.20
  56  111 0.30
  52   56 0.15
  52  105 0.20
  52   86 0.99
  43   49 0.28
  39   52 0.70
  49  109 0.42
   6   63 0.82
  22   73 0.11
   9   31 0.01

  33   42 0.36
  29   51 0.63
   4   50 0.53
  30   57 0.65
   7   27 0.99
  25   39 0.44
  30   33 0.53
  34   75 0.47
  17   38 0.34
  48   83 0.17
  50   60 0.02
  35   38 0.47
  53   74 0.45
  23   32 0.28
  26   40 0.51
   4   56 0.50
  20   29 0.20
  16   63 0.49
  13   15 0.37
  18   47 0.43

