3 40 8
6   16   4  10   2   2   4

  12   34 0.34
   1   15 0.34
  13   22 0.63
   2   30 0.84
   8   38 0.58
   9   33 0.57
   8   34 0.84
  10   29 0.37
  14   32 0.28
  13   34 0.38
   8    9 0.54
   3    3 0.51
  14   21 0.55
  13   33 0.21
   1   10 0.65
  10   23 0.61
   7   29 0.52
   5    6 0.81
   8   35 0.21
   6   27 0.88
   2    3 0.79
  13   33 0.52
  14   33 0.55
  10   40 0.59
  10   28 0.92
   1   31 0.71
   7   16 0.59
   3   32 0.84
  11   27 0.72
  10   36 0.63
  11   40 0.16
  13   30 0.30
   2   29 0.71
  14   37 0.39
   1   19 0.78
   6   21 0.07
  13   28 0.39
  10   24 0.63
  10   10 0.48
   1   25 0.51

  13   35 0.05
   7    9 0.81
   0   30 0.51
  14   27 0.14
   5   22 0.26
   7   26 0.94
  10   18 0.37
   0    8 0.57
   1    7 0.85
   1    6 0.19
   9   16 0.74
   6   27 0.44
  14   19 0.04
   4    4 0.77
   5   28 0.43
   3   17 0.38
  12   20 0.88
  12   16 0.02
  10   14 0.72
   0   25 0.50
   6   32 0.06
   7    9 0.73
  10   17 0.12
   6   29 0.81
   4    9 0.86
   3   24 0.59
   7   12 0.82
  14   33 0.53
   7   21 0.73
   8   31 0.51
  13   25 0.15
   7   17 0.97
   5   24 0.14
   4   10 0.56
   3   13 0.61
   3    9 0.01
   2   27 0.49
   8   11 0.14
   1   12 0.54
   7   32 0.07

   7   28 0.69
   7   27 0.44
  10   11 0.50
   1   27 0.70
   4   10 0.50
  10   15 0.91
   2   32 0.66
   0    5 0.42
   7   37 0.73
  10   33 0.36
   7   18 0.38
  12   27 0.61
   3   31 0.15
  12   37 0.46
  12   33 0.76
  11   24 0.17
   1   31 0.32
  12   16 0.22
  11   38 0.98
   1   19 0.90
  13   25 0.09
   7   36 0.05
   0    0 0.68
  13   23 0.81
  13   22 0.84
   5   31 0.97
   5   12 0.30
   3   32 0.65
  12   14 0.91
  14   36 0.90
  12   34 0.61
  13   40 0.29
  10   25 0.55
   5   32 0.99
   0   19 0.91
   0   28 0.87
  11   22 0.06
  10   30 0.30
   7   20 0.64
   2   13 0.36

   4   12 0.27
   6   28 0.36
   2    3 0.75
  12   26 0.08
   5   35 0.56
   3   13 0.59
   9   13 0.62
   2    8 0.55
  10   31 0.60
  14   17 0.84
   3   12 0.18
   1   15 0.48
   4   13 0.11
   4   32 0.17
  10   16 0.77
  13   18 0.94
   1   28 0.47
   9   38 0.26
   5   26 0.04
   3    5 0.97
   2   25 0.97
  13   30 0.70
   4   31 0.52
   1   20 0.86
   3    4 0.91
   5   20 0.85
   5   31 0.80
   8   21 0.13
  12   25 0.11
   0   22 0.80
   3   19 0.74
  11   31 0.34
  14   36 0.29
   4    6 0.57
   9   39 0.70
  14   19 0.47
   4   30 0.33
  14   37 0.04
   2   25 0.13
   9   36 0.77

   3   28 0.51
   2   26 0.92
   2   28 0.78
   6   15 0.37
   8   30 0.90
   8   11 0.90
   5   20 0.73
   6   30 0.12
  12   23 0.30
   1   21 0.64
   6   16 0.13
  14   14 0.57
   6   35 0.30
   0   15 0.18
   9   26 0.84
  13   32 0.35
   6   33 0.30
   8   13 0.34
   6   23 0.05
  12   39 0.07
   5   28 0.86
   6   13 0.31
  12   12 0.50
   3    7 0.79
   9   36 0.23
   5   34 0.14
   7   30 0.14
   1   30 0.42
  12   38 0.01
   4   24 0.12
   3   30 0.29
   4   27 0.10
   6   30 0.88
   7   22 0.28
   2   23 0.22
  10   10 0.96
  13   35 0.43
   6   32 0.78
   9   32 0.08
   9   20 0.68

  11   40 0.94
  14   17 0.58
   6   26 0.20
   7    7 0.10
   0    8 0.71
  11   11 0.05
   4   30 0.38
  11   37 0.47
   0   14 0.52
   5   32 0.05
  12   20 0.94
   3   23 0.26
  14   18 0.35
  14   35 0.25
   2   29 0.09
   3   13 0.24
   5   17 0.86
   0   21 0.88
   1   24 0.81
   8    9 0.90
   3   27 0.60
   9   21 0.97
   5   12 0.70
  12   28 0.39
   0    3 0.20
   4   28 0.30
  14   35 0.98
   9   23 0.74
   5   33 0.81
   2   30 0.71
   1    4 0.90
   9   28 0.45
  12   33 0.67
  14   39 0.86
   4   32 0.97
   5   13 0.86
  11   34 0.11
   2   10 0.17
  13   16 0.84
   0   24 0.82

