5 40 8
6    4  10  16   4  10  16

  29   54 0.95
   2    3 0.84
  29   29 0.93
  15   23 0.96
   4    9 0.97
   3   23 0.42
   3   18 0.63
  22   37 0.13
  16   40 0.24
  20   48 0.71
  14   32 0.55
  27   52 0.25
  11   31 0.63
   1   30 0.49
   7   27 0.79
  27   56 0.81
   0    9 0.58
   7   33 0.87
  14   38 0.75
   3    6 0.14
   6   26 0.74
   9   15 0.57
  24   27 0.25
   8   29 0.62
  11   40 0.59
   1   15 0.01
  19   39 0.53
  11   29 0.58
   9   12 0.86
  18   27 0.45
  14   14 0.26
  24   45 0.19
   1    5 0.96
  20   47 0.46
   6    6 0.40
  26   54 0.86
   0   24 0.19
  23   42 0.52
   7   35 0.66
  11   34 0.26

  11   39 0.76
  20   49 0.15
  23   42 0.34
  24   25 0.26
   1   11 0.08
  18   42 0.47
  26   48 0.02
  10   24 0.51
  17   34 0.80
   9   38 0.15
  11   40 0.30
   9   16 0.47
  14   37 0.15
  19   48 0.83
  29   40 0.16
   4   28 0.54
   1   18 0.14
   6   33 0.86
  15   26 0.64
  17   35 0.60
  11   15 0.34
  10   20 0.33
  11   24 0.88
  14   17 0.83
  15   25 0.75
  24   36 0.45
  11   23 0.85
  10   25 0.15
  15   37 0.61
  11   40 0.28
   3    6 0.07
   4    5 0.87
  18   29 0.95
   0    8 0.07
  12   27 0.02
  24   31 0.86
  16   40 0.33
  27   30 0.23
  29   52 0.70
  23   26 0.99

  23   52 0.23
  17   38 0.40
  24   25 0.08
  21   36 0.77
   9   21 0.44
   4   20 0.98
   9   17 0.13
  22   41 0.86
  26   51 0.00
  28   42 0.51
  18   43 0.79
   0   26 0.49
   9   16 0.84
   4    4 0.71
   4   27 0.75
   1   14 0.45
   6   16 0.68
   6   26 0.71
  11   34 0.34
  17   27 0.52
  18   29 0.44
  23   50 0.36
  14   37 0.50
  21   46 0.53
   7   11 0.66
  12   29 0.23
   9   26 0.23
  15   39 0.26
   9   31 0.75
   4   21 0.22
   4   14 0.77
   4   30 0.17
  21   38 0.67
  14   42 0.04
  11   36 0.73
  13   36 0.72
   9   20 0.99
   9   33 0.97
  27   50 0.85
  10   19 0.82

  13   30 0.29
   0   24 0.11
   4   13 0.40
   8   27 0.53
  11   15 0.09
  27   31 0.89
  14   25 0.01
   8   23 0.13
  19   21 0.27
   6    6 0.50
  20   24 0.77
  12   36 0.31
   3   27 0.83
   2    3 0.73
   4   24 0.00
  15   40 0.86
  19   20 0.25
  16   43 0.83
  18   23 0.13
   3   31 0.81
   4   19 0.41
  14   40 0.20
   6   23 0.61
  12   39 0.61
  24   29 0.37
  12   13 0.25
  20   23 0.13
  11   37 0.52
   7    8 0.09
  18   29 0.41
  26   32 0.06
  21   44 0.07
   4    5 0.27
  13   29 0.28
  25   51 0.77
  17   29 0.20
  12   16 0.13
  10   17 0.73
  20   40 0.92
  27   28 0.64

  29   35 0.50
   9   25 0.96
  10   17 0.32
  29   52 0.31
  18   37 0.95
   8   23 0.62
   1   17 0.03
  25   47 0.84
  26   45 0.87
  20   21 0.22
  12   26 0.84
  28   55 0.75
  26   45 0.65
   7   18 0.16
   1   17 0.97
  15   23 0.60
  21   24 0.09
  26   53 0.04
  22   22 0.72
  11   15 0.62
  22   47 0.09
   4    6 0.86
  25   25 0.26
  25   36 0.60
  21   23 0.67
  10   36 0.72
   2    7 0.80
   8   14 0.51
  13   17 0.99
  15   28 0.04
  23   37 0.43
  21   22 0.09
   0   15 0.56
  16   44 0.59
   8   29 0.38
   4   33 0.89
   0    7 0.96
  12   13 0.89
  12   25 0.77
   1    1 0.15

  27   39 0.52
   7   25 0.81
  19   48 0.36
  23   33 0.21
  24   25 0.51
  11   12 0.08
  19   39 0.69
  13   36 0.77
  13   34 0.38
   6   12 0.49
  27   56 0.23
   9   34 0.61
  12   19 0.29
   0   16 0.48
  18   37 0.67
  16   45 0.10
   4    8 0.76
   7   16 0.60
  25   38 0.60
   9   35 0.34
  10   18 0.00
  13   24 0.62
  10   34 0.89
  23   42 0.64
   0   25 0.43
  25   54 0.72
  23   43 0.26
   1   16 0.23
  12   37 0.65
  20   49 0.68
  13   19 0.16
  21   28 0.49
   3   16 0.69
  27   39 0.20
  17   24 0.93
  26   27 0.13
  19   24 0.32
   7    7 0.22
   9   29 0.00
   4   16 0.49

