4 100 4
3    4  16  16

  53   55 0.59
 104  173 0.97
   9  101 0.89
  92  130 0.59
   2   82 0.34
  70  131 0.16
  34  112 0.77
  84  165 0.75
  38  141 0.16
  34   48 0.25
  98  132 0.25
  78   84 0.27
 107  166 0.26
  47   64 0.78
  42   86 0.73
 110  114 0.51
  61  170 0.62
  58  124 0.91
  28   90 0.39
  66  167 0.46
  96  185 0.99
   2   16 0.42
  17   34 0.16
  41   98 0.28
   5   24 0.69
  10   90 0.61
  45  115 0.22
  51  132 0.13
  62   96 0.66
  65  121 0.21
  17   79 0.25
  91  169 0.14
  78  106 0.69
  17  126 0.84
  98  170 0.50
  17  124 0.36
  68  135 0.74
  54  124 0.90
  24   35 0.76
  28   68 0.83
 105  137 0.78
  81  180 0.80
  74   93 0.01
  47   72 0.66
  25  104 0.21
  45  142 0.25
  40   72 0.51
  58  153 0.64
  15   89 0.26
  64  174 0.72
   9   70 0.41
  20  105 0.49
  36   94 0.02
 102  192 0.14
  87  181 0.36
  87  181 0.34
  73  179 0.64
  90  138 0.56
  56   85 0.94
  27   73 0.85
  51  128 0.15
  86  169 0.41
  14   52 0.20
  55  109 0.32
   7   90 0.29
  12  120 0.66
  49   81 0.22
  53  121 0.76
  55  126 0.39
  53  136 0.65
  76  186 0.91
   5  111 0.49
  60  152 0.05
   9   21 0.62
  22   45 0.54
  20  129 0.05
  36   76 0.59
  95  196 0.63
  50  132 0.65
  93  127 0.66
  78  111 0.12
  87  148 0.23
 105  206 0.20
  96  181 0.15
 100  122 0.75
  85  156 0.94
  38  149 0.00
  98  188 0.58
  56   72 0.27
  32   96 0.00
  67   70 0.09
  21   61 0.09
   3   13 0.44
  91  200 0.75
  67   74 0.21
  23  121 0.35
  58  136 0.67
  99  188 0.56
  32   77 0.95
  48  136 0.50

   2   36 0.21
 106  215 0.92
  53  151 0.51
  56  134 0.06
  37   55 0.95
  82  115 0.16
  95  116 0.14
  71  179 0.29
  22  117 0.92
 109  192 0.47
  96  105 0.37
   1  103 0.35
  66  121 0.32
  36   58 0.00
  68  129 0.25
  16   28 0.48
  87  125 0.00
  38   67 0.23
  56  130 0.38
  35   88 0.68
  26   71 0.59
  83   91 0.62
  23   54 0.72
  22  126 0.83
   4  101 0.48
  57  119 0.47
  39   96 0.34
  20   95 0.21
  62  117 0.47
 109  137 0.85
  52  107 0.70
  42   42 0.96
  44  137 0.00
  61   90 0.28
 108  120 0.52
  13   58 0.20
  94  154 0.18
  85  175 0.06
  76   81 0.90
  30   41 0.15
  53  129 0.25
  32   85 0.70
  25   86 0.55
  44   46 0.52
  51   74 0.71
  81  178 0.06
  49  126 0.80
  74  173 0.09
   7  105 0.56
  50   70 0.36
   2   27 0.36
  65   87 0.04
 104  177 0.99
  44  124 0.97
  43   68 0.31
  89   94 0.94
  32  138 0.39
  22   68 0.83
  35  104 0.93
 100  205 0.60
  90  190 0.06
  99  144 0.63
  24   44 0.26
  75  159 0.33
  31  111 0.41
  71  113 0.57
  57  111 0.09
  28   90 0.04
  62  158 0.49
  89  137 0.75
  37   68 0.38
   2    6 0.61
  59  114 0.17
  95  144 0.88
  38   76 0.69
  55  166 0.14
  58   82 0.16
  21   59 0.94
  88  102 0.20
  71  168 0.16
 107  109 0.28
  95  179 0.66
  63   99 0.15
  54  156 0.46
  56  131 0.56
  97  177 0.39
  72   82 0.14
 101  125 0.22
  93  122 0.22
  13   34 0.68
  79   97 0.27
  79  178 0.98
  72  182 0.48
  60   80 0.50
  66  112 0.93
  42   69 0.77
  66  165 0.32
  95  154 0.30
  99  138 0.76
  76  134 0.42

  61  116 0.65
  23   48 0.83
  84  112 0.54
  59   90 0.61
  62  149 0.76
  66   67 0.88
  46   59 0.85
 105  125 0.48
  77  158 0.56
   9  102 0.31
  19   42 0.27
  79   94 0.79
  43   73 0.66
   7   45 0.49
  53   71 0.19
   8   84 0.51
  99  208 0.72
 108  125 0.40
  70  174 0.57
  17   58 0.03
  69  118 0.16
   3   79 0.93
  66  122 0.60
  31   32 0.21
 111  124 0.15
  32   41 0.24
  74  150 0.37
  48   93 0.32
  77  139 0.07
  29  119 0.96
  19   74 0.59
 102  207 0.59
  67  107 0.77
  21  115 0.76
  15   18 0.18
  33   36 0.93
  40   93 0.71
   2   94 0.22
  26   82 0.45
 108  118 0.29
 101  208 0.49
   4   50 0.70
  39   87 0.27
  42   47 0.97
  63   76 0.01
  34   34 0.84
  44   71 0.55
  49  146 0.45
  82  183 0.65
   5   14 0.01
  92  201 0.43
  22   69 0.61
  63  126 0.29
   2   27 0.76
  68   84 0.75
  58  135 0.88
  55  111 0.17
 103  187 0.42
  25   64 0.07
   6   10 0.58
  56   80 0.28
   9   39 0.70
   0   47 0.63
  98  164 0.21
  88  165 0.01
 109  181 0.07
  62  138 0.49
  27   52 0.31
  48   73 0.49
  54   64 0.48
   1    3 0.11
  38  111 0.71
  43  153 0.61
  46   47 0.43
  95   97 0.89
 111  137 0.61
  31  104 0.18
   7   98 0.67
  29   52 0.93
  39   99 0.66
  27  119 0.83
  98  131 0.38
  51  132 0.33
  28   78 0.17
  99  194 0.21
  81  166 0.69
  47  144 0.22
  42   86 0.98
  88  129 0.69
  90  135 0.78
  39   76 0.63
  97  102 0.12
  11   37 0.06
  28   43 0.69
   3   57 0.56
  24  102 0.34
   4   48 0.25
  23  132 0.87
  58  137 0.80
  99  108 0.70

