5 40 8
6    4   2   4   2  10  16

  13   25 0.58
   8   22 0.66
  26   34 0.22
  20   23 0.19
  24   31 0.38
  16   18 0.98
  18   28 0.92
   2   27 0.11
  22   31 0.29
  15   24 0.13
   8   14 0.52
   5    6 0.19
  23   34 0.59
  25   27 0.37
  26   32 0.65
  25   34 0.81
   3   15 0.56
  16   16 0.90
  16   39 0.44
  18   40 0.46
   6   10 0.78
  21   43 0.89
  15   17 0.86
   5   16 0.90
  13   28 0.90
  19   40 0.98
   2    5 0.38
   7   23 0.73
  14   20 0.45
   2   14 0.19
   7   18 0.75
  15   27 0.39
  25   34 0.50
  12   13 0.99
  21   45 0.58
  11   21 0.65
  12   33 0.61
  13   16 0.04
  25   39 0.69
   1   23 0.09

  25   43 0.10
  13   16 0.73
   0    9 0.92
  15   26 0.49
  14   38 0.94
  27   47 0.55
  24   45 0.39
  10   34 0.11
   2    3 0.53
  19   41 0.37
  25   26 0.11
  22   46 0.67
   2   21 0.65
   0    8 0.58
   1   16 0.29
   9   10 0.69
  13   21 0.82
  26   51 0.02
  22   33 0.40
   5   13 0.13
  12   14 0.91
  22   35 0.16
  24   46 0.99
   0   22 0.68
  24   29 0.92
   4    4 0.46
  11   21 0.91
  11   36 0.40
  14   35 0.58
  24   32 0.50
   2    5 0.52
  13   19 0.39
   4    5 0.47
  17   19 0.64
  23   31 0.98
  20   38 0.25
   9   17 0.17
  22   28 0.32
  13   35 0.46
  16   36 0.50

  23   37 0.72
  14   38 0.94
  17   29 0.83
  12   34 0.98
  23   26 0.26
  26   43 0.11
   1    6 0.67
  18   35 0.88
   2   29 0.59
  12   30 0.34
   3   25 0.37
  23   28 0.63
   6   20 0.69
  23   41 0.43
   4   12 0.36
  11   27 0.80
  14   19 0.50
  24   43 0.55
  14   22 0.84
   5   29 0.96
  17   21 0.52
  23   42 0.64
   3   23 0.08
  25   42 0.29
   1   26 0.29
  11   19 0.07
   7   16 0.88
  13   28 0.44
  20   26 0.16
  18   27 0.91
  14   36 0.43
   6   17 0.60
   8   19 0.38
  22   31 0.32
  15   39 0.36
   8   34 0.21
  11   38 0.20
   7   12 0.76
  18   36 0.57
   8   32 0.14

   0    7 0.57
   5   23 0.21
  16   36 0.45
   1   13 0.05
  27   50 0.55
  12   36 0.72
  19   42 0.15
  20   23 0.21
  19   39 0.75
  21   31 0.85
   4   12 0.98
  12   29 0.13
   3   21 0.13
   9   11 0.79
   6    6 0.46
  18   36 0.50
  10   33 0.37
   7   18 0.40
  16   30 0.07
   2   19 0.97
  27   43 0.23
   0    0 0.25
   2   17 0.98
  17   40 0.11
   7   14 0.32
  17   20 0.07
  27   33 0.81
  17   44 0.81
  20   29 0.53
  23   23 0.86
   1    1 0.67
   6   11 0.93
  10   35 0.32
  11   38 0.48
   2   27 0.11
  14   25 0.41
   5    5 0.65
  27   54 0.84
  18   35 0.47
   8   14 0.52

  15   34 0.79
   9   21 0.56
  25   26 0.24
   1   19 0.34
   6    8 0.76
   2   13 0.58
  22   47 0.29
  23   44 0.56
   4   27 0.73
   1    9 0.26
  24   42 0.38
  26   39 0.74
   1   20 0.06
   6   15 0.64
  17   36 0.62
  12   28 0.56
  21   47 0.92
   0    4 0.64
   5    5 0.95
  23   49 0.54
   7    8 0.32
  23   24 0.08
   5   19 0.80
  25   45 0.47
  26   50 0.68
   3   29 0.17
  23   33 0.15
  11   32 0.76
  18   20 0.23
  15   34 0.58
   8   24 0.93
  23   49 0.13
  13   34 0.94
   6   20 0.04
  11   33 0.91
  19   21 0.97
  15   20 0.89
  10   28 0.05
  20   42 0.99
  10   24 0.09

   3    7 0.67
  10   25 0.42
  17   37 0.91
  17   35 0.89
  23   37 0.45
   5    7 0.42
  20   44 0.71
   1   17 0.87
  26   36 0.84
   0   25 0.34
  26   53 0.85
  16   33 0.72
  16   28 0.41
  17   34 0.15
  26   42 0.01
  24   33 0.81
  18   35 0.05
  25   48 0.18
  25   50 0.02
  19   30 0.37
  15   24 0.93
   8    8 0.46
   5   27 0.60
  16   18 0.56
  14   17 0.12
  22   38 0.54
   8   33 0.55
  23   29 0.68
   9   11 0.40
   0    1 0.60
   3   22 0.80
  20   29 0.50
  14   24 0.01
  24   40 0.54
  27   33 0.46
   9   29 0.51
   5   14 0.88
   6   10 0.95
   2    6 0.11
   0    5 0.12

