3 25 8
12   10   2   4   4   2   4  10  10  16  20   4   4

   0    4 0.49
  20   65 0.89
  21   43 0.08
   4   71 0.74
   6   28 0.77
  14   64 0.07
  20   36 0.62
  15   33 0.24
  15   32 0.65
  22   40 0.26
  11   71 0.10
   5   70 0.76
  17   47 0.61
   1   33 0.88
  20   66 0.41
   4   10 0.81
  18   85 0.84
   1   13 0.79
  12   39 0.67
  20   67 0.95
   4   47 0.24
  18   21 0.90
   4   64 0.50
  17   18 0.16
  22   74 0.44

  21   55 0.04
  20   36 0.99
   1   52 0.44
   9   61 0.08
  10   15 0.80
  18   49 0.52
   0   42 0.37
  12   33 0.08
   4   56 0.77
  11   32 0.37
  18   67 0.31
   3   37 0.72
   7   39 0.99
   8   62 0.55
  12   38 0.34
  22   82 0.70
   3   34 0.70
   2   23 0.34
  12   77 0.85
   3    7 0.52
   4   46 0.61
  16   71 0.06
  21   77 0.11
   0   59 0.32
  19   53 0.30

   4   10 0.75
  17   81 0.36
   2    4 0.30
  13   37 0.45
   8   39 0.00
  20   44 0.41
  16   16 0.61
  14   78 0.62
   7   57 0.93
   7   44 0.83
  15   26 0.45
  19   34 0.11
  10   23 0.77
  13   79 0.10
   8   75 0.68
   1   36 0.54
  19   44 0.35
   5   39 0.17
  21   71 0.58
   6   48 0.66
  22   34 0.79
  16   38 0.45
  18   27 0.82
  13   54 0.12
   1   35 0.56

   1   31 0.06
  22   54 0.58
   4   66 0.28
  17   27 0.44
  13   27 0.56
  12   40 0.18
  13   31 0.62
  16   25 0.60
   9   29 0.38
  18   68 0.48
   9   64 0.47
   9   72 0.17
  18   81 0.32
  12   58 0.90
  15   15 0.35
   0   35 0.46
   9   13 0.47
  12   16 0.77
   1   48 0.68
  11   67 0.39
   5   33 0.26
  10   66 0.93
   3    6 0.51
   7   35 0.06
  20   60 0.93

  18   75 0.17
   4   56 0.42
   9   73 0.84
  12   39 0.81
  17   85 0.05
   9   69 0.41
  15   23 0.62
   8   13 0.62
  15   70 0.89
  12   62 0.81
   2   69 0.04
   3   12 0.81
   4   31 0.69
  10   73 0.90
   8   64 0.58
   1   40 0.38
  21   74 0.94
   7   61 0.89
   9   44 0.90
   9   56 0.91
   2   20 0.14
   5   73 0.74
  20   29 0.90
   1    3 0.79
  10   41 0.67

  11   66 0.83
  21   32 0.43
  13   78 0.76
   0   45 0.35
  11   28 0.68
  16   41 0.21
  17   33 0.64
  14   78 0.69
   2    5 0.76
  15   51 0.32
  12   53 0.94
   2   51 0.04
   8   38 0.77
  18   82 0.66
  13   79 0.91
  20   66 0.60
  15   75 0.59
   7   45 0.46
  19   64 0.68
  20   65 0.61
  20   87 0.95
   6   61 0.37
  15   55 0.73
   1   24 0.20
  13   19 0.78

  15   67 0.52
   8   48 0.16
  18   54 0.37
  15   70 0.00
  19   52 0.53
  14   61 0.02
   1   42 0.79
  18   67 0.71
  18   73 0.05
  15   26 0.10
  17   30 0.67
   7   62 0.70
   1   48 0.10
   6   65 0.41
   6   55 0.64
   4   57 0.66
  17   24 0.92
  20   52 0.24
   7   35 0.21
   5   73 0.03
  11   73 0.42
  20   25 0.32
  18   38 0.88
  19   54 0.87
  22   82 0.74

  12   65 0.62
   2   57 0.26
   5   36 0.57
  18   30 0.89
   8   29 0.58
  20   56 0.15
   0   51 0.71
   0   41 0.81
  18   79 0.26
  12   20 0.84
   2   70 0.28
  14   63 0.91
  17   84 0.78
  17   46 0.50
  15   57 0.28
  18   84 0.85
  14   27 0.63
   5   14 0.44
  17   43 0.85
  15   69 0.63
  12   12 0.71
   0   19 0.96
  16   68 0.60
   2   32 0.52
   6   18 0.04

   3   10 0.95
   0   22 0.03
   9   16 0.92
  12   50 0.33
  18   35 0.59
   0    1 0.69
  21   58 0.04
   5   65 0.63
   4   49 0.17
  12   41 0.23
   8   11 0.38
  10   69 0.80
   0   34 0.70
  12   20 0.72
  15   59 0.33
   5   50 0.97
   2   32 0.62
   1   32 0.43
  12   19 0.51
   1   15 0.74
  17   43 0.19
  21   29 0.03
   1   45 0.86
   0   51 0.99
  14   22 0.79

  14   45 0.76
   2   44 0.01
   5   15 0.80
   0   10 0.56
  16   21 0.53
   9   21 0.04
  16   55 0.56
   2   60 0.43
   6   63 0.27
   4   20 0.81
  13   62 0.82
  18   52 0.32
  14   22 0.91
  10   78 0.63
  16   78 0.28
   0   52 0.01
   6   61 0.01
  10   50 0.67
   3   27 0.33
   4   24 0.50
  19   83 0.00
  12   37 0.42
   7   36 0.97
  19   25 0.71
  12   41 0.93

  21   38 0.83
  22   65 0.34
   0    9 0.26
  11   21 0.24
  14   59 0.94
   5   13 0.70
  17   80 0.03
   7   19 0.36
   8   71 0.39
   8   20 0.35
   0   33 0.77
   7   16 0.58
  18   51 0.55
  18   81 0.25
   6   56 0.39
  13   81 0.20
  20   72 0.68
  18   81 0.11
   3   56 0.99
  13   19 0.60
  10   14 0.88
  13   58 0.39
  20   69 0.06
   1   10 0.72
   2   42 0.89

  13   16 0.56
   2   66 0.17
  16   39 0.27
  22   74 0.55
   3   29 0.18
  13   50 0.91
  22   41 0.25
  12   67 0.89
   1   48 0.06
   2   69 0.83
  15   19 0.34
  14   37 0.99
   7   36 0.88
  10   10 0.64
  10   65 0.93
   7   71 0.19
   1   47 0.07
  12   57 0.90
  19   66 0.35
   2   38 0.91
  12   35 0.84
  21   67 0.42
  16   21 0.33
  21   60 0.75
  20   63 0.56

