3 60 8
3    4   2  16

   3    8 0.20
  12   27 0.55
  15   39 0.63
  18   52 0.03
   3   22 0.49
  19   35 0.52
  17   40 0.28
  23   33 0.91
   9   20 0.23
   5   20 0.99
  22   54 0.39
   7   43 0.65
   7   12 0.47
  22   55 0.48
  22   22 0.53
  10   41 0.42
  25   43 0.60
   2   31 0.89
  15   38 0.24
  21   25 0.55
  20   53 0.28
   8   37 0.49
  25   51 0.98
   8   30 0.29
  19   57 0.45
   4   37 0.50
  11   36 0.36
  16   29 0.89
   7   15 0.76
   5   31 0.57
   6   10 0.35
  11   32 0.62
  19   26 0.13
  13   18 0.78
   1   17 0.82
  16   34 0.29
  22   38 0.31
  20   41 0.12
  19   51 0.68
  20   39 0.57
  17   55 0.38
  24   49 0.89
  26   35 0.24
  23   55 0.03
  17   20 0.42
  23   31 0.06
   0   31 0.73
   1   12 0.44
  23   46 0.22
  21   60 0.30
  18   52 0.14
  22   54 0.81
  21   42 0.05
  14   39 0.65
   8   11 0.26
  14   22 0.22
  16   27 0.56
   4   24 0.95
  18   34 0.48
  16   26 0.26

  20   35 0.73
  11   25 0.37
  21   43 0.79
   0    6 0.58
  24   53 0.83
   5   12 0.09
   2   32 0.85
  18   29 0.65
  24   54 0.58
  10   10 0.17
  21   31 0.44
  11   31 0.35
  15   33 0.88
   7   36 0.50
   4    4 0.36
  25   25 0.53
  25   30 0.68
  23   52 0.22
  10   13 0.54
   7   22 0.40
   9   39 0.26
   0    1 0.61
  21   38 0.64
   2    4 0.13
   5   29 0.87
   8   20 0.67
   3   25 0.75
  18   33 0.04
  20   34 0.99
  20   35 0.78
   1   12 0.10
   4   19 0.52
  10   18 0.21
  15   17 0.42
  18   18 0.64
   6   45 0.89
  16   16 0.78
  23   33 0.57
  16   17 0.80
   4    9 0.63
   0   10 0.93
  14   16 0.40
  20   40 0.03
  15   27 0.43
  12   33 0.97
  13   34 0.77
  23   26 0.54
   8   21 0.68
  23   26 0.80
  15   23 0.92
  23   56 0.41
   0   10 0.16
  14   54 0.43
   5   21 0.00
  12   12 0.44
  23   61 0.71
  19   44 0.38
  26   61 0.22
  19   20 0.32
   3   28 0.71

  17   37 0.41
  11   26 0.96
   8   10 0.87
  11   11 0.01
  20   45 0.27
  23   34 0.77
  22   26 0.60
  10   44 0.68
   0    3 0.63
   7   35 0.57
  21   37 0.33
  22   40 0.47
   1   29 0.00
  21   48 0.35
   5   43 0.03
  20   39 0.88
   0   19 0.74
   9   47 0.96
  12   48 0.60
   2   32 0.02
   4   18 0.74
   7   28 0.94
   3   41 0.26
  22   46 0.79
  14   31 0.33
   0    2 0.35
   6   27 0.16
  26   49 0.87
   4   27 0.24
   5   45 0.76
  12   14 0.24
  12   48 0.76
  26   52 0.67
  23   34 0.36
  15   47 0.03
  17   49 0.82
   0   33 0.76
  11   14 0.30
   3   25 0.09
  15   38 0.97
   8   30 0.25
  15   48 0.82
   9   32 0.38
  19   25 0.17
  15   23 0.48
  25   47 0.10
  21   58 0.82
   5   43 0.34
  12   28 0.46
  26   26 0.96
   5   42 0.24
   6   30 0.85
  20   57 0.19
   8   32 0.63
  10   43 0.45
  19   28 0.29
   9   19 0.41
  16   39 0.87
   2   33 0.08
  20   33 0.29

