5 50 8
6    2   4  20  10  10  16

  32   34 0.43
   3   13 0.82
   9   59 0.11
  22   33 0.17
  16   25 0.79
  36   57 0.45
  13   33 0.47
  21   54 0.07
  29   29 0.54
   0   14 0.31
  18   41 0.57
  28   55 0.58
  27   65 0.93
  16   49 0.65
  17   56 0.69
  10   56 0.36
  36   37 0.91
  26   80 0.23
   7   29 0.08
  24   46 0.44
  30   58 0.95
  16   65 0.77
  17   21 0.28
  18   21 0.72
  23   46 0.71
  14   41 0.61
  22   43 0.16
  20   38 0.88
   0   10 0.42
   3   13 0.86
   1   27 0.61
   4   19 0.92
  34   59 0.01
   3   19 0.99
   1   31 0.38
  29   48 0.00
  26   31 0.42
  17   33 0.03
  31   47 0.84
  33   66 0.62
  35   42 0.06
  27   34 0.83
   7   13 0.92
  25   75 0.33
  37   58 0.61
  29   61 0.53
   6   53 0.40
  15   63 0.28
  35   64 0.79
  18   49 0.08

  29   57 0.16
   0   28 0.77
   6   48 0.64
  27   58 0.48
   5   49 0.22
  25   74 0.78
   6   46 0.47
   7   20 0.84
  18   44 0.72
  32   66 0.39
  26   71 0.79
  34   77 0.81
  12   32 0.85
  30   38 0.94
   8   30 0.14
   3   19 0.82
  31   83 0.37
  27   63 0.92
   0   10 0.03
   9   53 0.57
  27   58 0.93
  19   67 0.49
  17   48 0.42
  37   45 0.59
  13   50 0.70
  31   77 0.79
  13   47 0.22
  15   71 0.42
  12   32 0.13
  24   59 0.37
  34   54 0.58
   9   12 0.98
  19   33 0.48
   8   19 0.18
   2   38 0.39
  12   51 0.31
   3   44 0.00
  10   58 0.36
  28   84 0.61
   1   47 0.94
  37   89 0.70
  33   83 0.02
  21   74 0.89
  22   78 0.47
   5   32 0.06
  12   35 0.90
  22   46 0.90
  19   27 0.45
  26   76 0.13
  36   77 0.97

  11   49 0.23
  11   59 0.31
  30   86 0.65
   9   13 0.04
  14   45 0.80
   0   44 0.98
  29   49 0.95
  12   46 0.59
   5    5 0.50
  11   16 0.38
  19   70 0.24
  18   31 0.85
  12   15 0.61
  10   60 0.02
  18   50 0.57
   4   44 0.00
   9   24 0.85
  17   62 0.19
  15   27 0.77
  16   50 0.22
  24   40 0.40
  18   43 0.44
   2   57 0.47
   7   43 0.55
  23   50 0.30
   7   18 0.39
  33   56 0.68
  31   40 0.87
  31   46 0.25
   9   35 0.27
  11   56 0.33
  35   71 0.78
   9   14 0.68
  37   88 0.85
  22   24 0.81
  23   34 0.75
  10   31 0.94
  29   37 0.64
   7   53 0.74
  34   72 0.35
  37   43 0.63
  23   39 0.13
  15   71 0.24
  23   77 0.35
  31   50 0.14
   1   49 0.15
  21   68 0.27
  24   33 0.19
   7   46 0.04
   3   44 0.38

   2   38 0.25
  13   60 0.23
  12   50 0.04
   7   18 0.69
  21   42 0.43
   9   19 0.06
  20   32 0.08
  29   82 0.14
  16   16 0.64
   2   50 0.38
  10   64 0.07
  37   75 0.13
  18   49 0.62
  22   59 0.97
  26   44 0.47
  18   27 0.16
  26   39 0.96
   3   51 0.89
  17   55 0.82
  23   28 0.70
  24   47 0.76
  13   69 0.61
  18   20 0.48
  23   23 0.10
   3   13 0.82
  25   42 0.94
  19   27 0.67
  28   59 0.17
  37   80 0.05
  15   46 0.67
  36   56 0.77
   5   25 0.86
  23   23 0.25
   6   42 0.41
  26   76 0.61
  12   47 0.29
  11   29 0.24
  25   42 0.25
   8    9 0.98
  12   38 0.67
  28   72 0.02
   8   33 0.76
   4   10 0.80
   5   23 0.81
   4   30 0.67
   0   11 0.08
  35   47 0.09
  24   32 0.23
  29   35 0.55
  33   76 0.52

  29   46 0.66
  30   76 0.51
  37   80 0.04
   3   37 0.18
   0   53 0.36
  13   61 0.41
  26   65 0.46
  11   36 0.51
  35   56 0.27
  15   18 0.12
   4   50 0.75
   3   41 0.59
  11   57 0.25
  13   57 0.67
  30   73 0.45
  17   39 0.86
   7   20 0.48
  28   69 0.33
  35   70 0.97
  10   21 0.38
  13   37 0.15
   4   50 0.94
   6   42 0.73
  19   70 0.75
   1   35 0.17
  11   14 0.58
   6   17 0.13
  22   62 0.28
  32   48 0.44
  23   38 0.75
  33   87 0.45
  34   42 0.14
  21   37 0.24
   9   35 0.59
  26   36 0.27
   1   30 0.18
  29   40 0.97
  23   58 0.54
  29   50 0.15
  34   73 0.70
  32   72 0.25
  30   39 0.21
  36   63 0.18
  25   35 0.80
  22   29 0.70
  21   67 0.47
  14   67 0.32
  32   88 0.11
  26   33 0.19
  33   57 0.80

   2    8 0.60
   3   19 0.07
   5   57 0.21
  25   43 0.31
  17   25 0.82
  16   65 0.23
  33   72 0.72
   5   48 0.25
  22   37 0.95
   6    8 0.32
   1   37 0.50
  17   30 0.11
  33   47 0.75
  29   46 0.36
  36   84 0.95
  14   40 0.02
   5   55 0.44
  25   29 0.32
  14   40 0.10
  15   63 0.37
  10   17 0.69
  22   56 0.62
  20   41 0.83
  19   26 0.19
   3   26 0.46
   8   43 0.02
  34   40 0.50
  29   72 0.04
  33   71 0.51
  22   53 0.20
  37   48 0.59
  30   82 0.18
  18   55 0.14
  37   68 0.50
  33   41 0.11
  19   74 0.47
   3   12 0.20
  24   36 0.54
  33   89 0.66
  29   37 0.48
  34   35 0.10
  16   28 0.62
  37   52 0.30
  20   60 0.39
  36   69 0.01
  18   24 0.90
  24   53 0.03
  15   69 0.09
  11   38 0.92
  10   20 0.62

