5 100 4
3   10  10   2

   1   17 0.73
  18   32 0.94
  53   76 0.04
  30   32 0.26
  37   79 0.20
  22   45 0.79
  40   45 0.44
  51   66 0.33
  13   53 0.46
  51   84 0.86
  15   34 0.62
  42   84 0.06
   0   22 0.49
  35   35 0.05
  53   57 0.94
   3   38 0.05
  38   89 0.69
  21   63 0.33
  40   79 0.83
  43   73 0.84
  53   57 0.14
  19   21 0.63
  18   27 0.27
   1   38 0.77
  46   49 0.92
  24   30 0.03
  52   75 0.78
  45   96 0.32
  14   55 0.91
  34   72 0.28
  45   86 0.25
  14   19 0.04
  25   77 0.41
   8   23 0.94
  50   59 0.21
   3   20 0.22
  24   72 0.88
  51   54 0.77
   2   43 0.12
  46   68 0.39
  41   53 0.85
  17   53 0.95
  16   25 0.12
   1   22 0.04
   9   17 0.02
  33   37 0.24
  54   87 0.86
  46   68 0.06
  27   70 0.06
   8   27 0.16
  23   71 0.22
   3   25 0.11
   0   29 0.62
  50   69 0.49
  21   25 0.32
  36   51 0.27
  35   73 0.62
  23   58 0.66
  16   54 0.48
  36   88 0.43
  54   70 0.51
  21   61 0.99
  22   70 0.34
  10   20 0.52
  11   18 0.48
  36   64 0.22
  14   49 0.95
  22   43 0.82
  26   34 0.35
  25   49 0.78
  26   65 0.28
  45   59 0.15
  24   69 0.12
  45   79 0.94
   9   28 0.77
  13   55 0.06
  16   24 0.75
  34   78 0.96
  13   28 0.05
  21   72 0.92
   2   31 0.82
  26   43 0.80
  28   61 0.29
  49   59 0.05
  37   75 0.89
  31   31 0.94
  29   47 0.73
   2   50 0.39
  19   19 0.06
  19   27 0.27
  16   28 0.70
  26   31 0.75
  44   97 0.83
  17   67 0.47
  17   57 0.64
  35   61 0.48
  35   49 0.63
  37   86 0.47
  13   62 0.98
  37   71 0.25

  15   60 0.36
  42   85 0.78
   0   49 0.25
  38   66 0.13
  12   38 0.06
   2   34 0.99
  40   68 0.49
  40   49 0.38
  11   63 0.92
  11   47 0.58
   8   56 0.02
  44   58 0.01
   1   23 0.21
   8   55 0.98
  29   79 0.58
  35   62 0.99
  24   71 0.75
  44   65 0.10
  48   74 0.38
  15   52 0.17
   7   17 0.03
  42   80 0.90
  52  100 0.62
  44   85 0.80
  11   59 0.64
   9   53 0.68
  54   76 0.73
   7   26 0.69
  21   24 0.69
   0   15 0.46
   9   52 0.26
  30   52 0.63
  25   38 0.72
  21   36 0.00
  47  101 0.37
   7   29 0.85
  34   85 0.89
  45   52 0.74
  28   54 0.44
  21   56 0.75
  18   72 0.78
  24   72 0.00
  32   76 0.05
  11   28 0.75
  32   35 0.01
  29   60 0.25
  23   67 0.15
  24   64 0.12
  41   70 0.95
   1   35 0.33
  44   46 0.83
  21   40 0.98
  35   36 0.22
  12   47 0.74
  52   82 0.34
  14   18 0.63
   7   21 0.33
  20   66 0.85
  17   64 0.60
  31   60 0.90
  30   65 0.99
  23   66 0.14
  18   22 0.68
  19   61 0.57
   4   31 0.18
  51   70 0.97
  18   38 0.45
  35   74 0.92
  30   39 0.69
  36   55 0.22
  46   55 0.35
  41   48 0.81
   3   48 0.21
  12   29 0.78
  15   56 0.50
  25   35 0.61
  34   87 0.07
  38   39 0.24
  43   91 0.34
  36   57 0.81
  24   59 0.93
  27   55 0.31
  17   55 0.09
   8   16 0.93
  51   73 0.10
  10   36 0.41
  21   59 0.57
   9   51 0.11
  37   63 0.27
  44   87 0.51
   2    8 0.30
   5   53 0.59
  31   84 0.32
   4   31 0.86
   7   26 0.02
  14   58 0.22
  43   49 0.19
  46   64 0.18
  41   83 0.37
   7   47 0.25

  52   82 0.03
  41   69 0.32
  41   70 0.84
  40   53 0.04
   2   38 0.08
  18   39 0.10
  11   17 0.77
   9   25 0.08
   7   44 0.13
  51   51 0.02
  16   30 0.38
  52   59 0.32
  31   59 0.78
  44   82 0.32
  24   29 0.54
  45   70 0.46
  36   65 0.96
  30   46 0.65
  26   65 0.19
  53   91 0.00
  42   85 0.86
   1   14 0.14
  20   22 0.61
  45   88 0.61
  29   69 0.65
  46   82 0.41
  21   39 0.29
  31   33 0.94
  45   92 0.46
  45   81 0.01
   6   32 0.06
  51   60 0.17
  18   37 0.27
  39   69 0.64
  10   15 0.12
  31   48 0.49
  47   76 0.60
  53   83 0.38
  18   22 0.39
  34   68 0.66
  40   41 0.43
   6   22 0.48
  33   39 0.43
   4   44 0.79
  28   57 0.90
   5   48 0.23
   4    6 0.68
   0   35 0.05
  52  100 0.28
  50   72 0.99
   8   52 0.72
  14   35 0.95
  39   82 0.77
   3   11 0.50
  17   53 0.06
  53   86 0.47
  16   59 0.46
  24   65 0.08
  11   51 0.42
  39   40 0.62
  31   37 0.08
  49   63 0.18
  21   38 0.18
   8   62 0.99
  45   97 0.96
  17   68 0.62
  28   55 0.64
  51   75 0.04
  18   23 0.96
  27   27 0.72
   7   26 0.58
  36   52 0.25
  45   45 0.97
   9   55 0.26
  38   64 0.17
  28   80 0.18
  53   67 0.36
  27   62 0.89
  43   97 0.37
  19   26 0.91
  10   29 0.33
  40   76 0.38
   7   57 0.88
   6   51 0.43
  54   64 0.37
  11   38 0.63
   8   37 0.61
  48   60 0.09
  18   33 0.34
  47   71 0.23
  44   45 0.91
  24   34 0.33
  37   40 0.45
  36   88 0.03
   3   23 0.83
   0    8 0.75
  36   81 0.79
  17   48 0.78
  21   65 0.74
  29   69 0.43

