4 50 4
6   20  16   2   2  10   2

  25   66 0.61
   4   70 0.73
   3   93 0.67
  12   79 0.78
   8   49 0.95
  35  147 0.80
  11   56 0.39
   8  125 0.74
  15  101 0.86
  13  102 0.36
  23  113 0.14
  15   62 0.00
  16   92 0.62
   4   46 0.55
  13   41 0.63
  20   23 0.48
  17  120 0.92
  31   85 0.35
  10   69 0.19
   5   28 0.05
  37  113 0.52
  18   24 0.31
  19  104 0.87
   8   34 0.79
  24   85 0.29
  23  118 0.28
  10  130 0.23
  25   68 0.31
  31   49 0.15
  26  107 0.87
  19   86 0.25
   7   43 0.65
  38  133 0.16
  15   56 0.36
   7   24 0.34
  16  129 0.23
  13   98 0.54
   7   77 0.04
   0   90 0.63
  10   59 0.79
  28   33 0.80
   4   85 0.40
   5   30 0.66
  12   86 0.57
  30   80 0.08
  16  114 0.70
   7  107 0.74
  20   23 0.27
  27   86 0.52
  37  153 0.32

  20   55 0.33
  35  140 0.13
  10   43 0.68
  25   49 0.66
   3   25 0.93
  30   30 0.61
  31  107 0.99
   0  106 0.32
   1   22 0.74
  31  147 0.86
  32  125 0.11
  31  144 0.04
  19   98 0.86
   4   44 0.00
  29  124 0.51
  31   61 0.69
  13   87 0.01
  14   95 0.88
   0   99 0.64
  23  124 0.93
  34   52 0.58
  12  124 0.68
  26  121 0.84
  29   39 0.27
  35   71 0.21
  17   37 0.45
  32   74 0.41
  22   45 0.08
  20  109 0.79
  36  128 0.08
   5   99 0.40
  27  138 0.42
  36  138 0.80
  15   61 0.34
  33   94 0.01
  23  111 0.18
  29  145 0.07
  10  107 0.71
  18   30 0.06
  39  128 0.43
  37  144 0.99
  25   35 0.01
   9   20 0.60
  26  127 0.04
   3  104 0.20
  19   57 0.25
   7   51 0.21
  10   62 0.79
   5   67 0.49
  29   42 0.14

  17   84 0.23
   1   83 0.22
  25   33 0.89
  31   49 0.41
   1   41 0.80
  32   53 0.77
   2   17 0.47
  13   72 0.84
  22  101 0.91
  12   67 0.40
  28   95 0.97
  25  111 0.22
   6   33 0.74
  25  109 0.98
  11   99 0.55
  24  123 0.07
  34  154 0.61
  12   76 0.58
   8   13 0.21
  34  142 0.81
  26   53 0.42
  12   61 0.22
  21   76 0.31
  14  101 0.75
  10  127 0.45
  18  120 0.42
  18   94 0.57
  21   21 0.95
   4  114 0.02
   9   15 0.95
   8  111 0.89
   6   16 0.05
   7   28 0.73
  15   80 0.67
  29  135 0.67
  18   89 0.10
   0  109 0.41
  37  157 0.62
   1   82 0.75
  25  116 0.54
  31  120 0.65
  19   21 0.06
   8   26 0.69
   6   62 0.15
  29   39 0.27
  24   76 0.23
  24   45 0.18
  14   60 0.98
  28  144 0.55
  32  143 0.35

  20   61 0.02
   7  108 0.11
  23  125 0.58
  15   50 0.16
  25   61 0.02
  14  112 0.67
   2  113 0.26
  38   49 0.78
   9   87 0.74
   2   28 0.11
  20   42 0.34
  36   70 0.27
   5   67 0.98
   0   88 0.93
  35   67 0.97
  16   90 0.08
  15   59 0.21
   6   84 0.30
  32   82 0.64
   4   21 0.71
   8   27 0.70
  21   49 0.31
  37   53 0.75
   3   87 0.82
  15   23 0.47
  16  128 0.73
   3   52 0.00
  14  103 0.90
  35  118 0.66
  10  127 0.69
  32   81 0.02
  36  135 0.27
  26  145 0.70
   8   96 0.88
  32  128 0.96
  24  125 0.26
  33   68 0.43
  19   39 0.02
  19   81 0.03
  32   67 0.73
   6  119 0.34
  33   99 0.18
  14  120 0.41
  12   52 0.81
  28   78 0.87
  36   76 0.01
  13   16 0.83
  12   78 0.30
   7   85 0.94
  11   46 0.71

  17  134 0.67
  37   69 0.15
  32   46 0.63
  32   96 0.86
  38  154 0.09
   5   21 0.17
   9   93 0.98
   2   39 0.97
  16   87 0.11
  12   37 0.57
  12   17 0.23
  28  125 0.45
  38   48 0.64
   6   98 0.88
  17  112 0.63
   6   74 0.85
  31   38 0.23
  16   99 0.02
  22  139 0.50
  34   53 0.32
  11   61 0.48
  15  112 0.90
  35   88 0.46
  26   33 0.69
  20   31 0.75
   7  104 0.09
  38  154 0.65
  17  120 0.87
  21   90 0.26
   2  119 0.85
  19   72 0.15
  24  116 0.11
  11   66 0.96
  32   86 0.91
   8   41 0.15
  34   99 0.17
   3   16 0.59
  31   75 0.58
   7  115 0.74
   2  119 0.99
   4   49 0.10
  19   48 0.42
  20  101 0.80
  35   61 0.42
  38   98 0.72
  32  141 0.06
  25  102 0.62
  32   86 0.22
  34  154 0.28
  13   28 0.19

   7   44 0.21
   6   57 0.69
  11   97 0.78
  35   79 0.33
  16   56 0.69
  23   87 0.67
  12   93 0.44
   7   42 0.81
   2   99 0.40
   8   55 0.97
   3    3 0.00
  36  101 0.27
  21   39 0.92
   5   80 0.43
  30  113 0.85
  13  125 0.77
  24  107 0.58
  12   96 0.18
  20   66 0.30
  18   25 0.25
  16  134 0.77
   8   22 0.34
  39   99 0.63
  33  114 0.77
  18  120 0.62
  16   22 0.07
  32   98 0.70
  24   47 0.03
  19   75 0.70
  31   54 0.63
   2   14 0.57
  32   57 0.34
  20  113 0.13
  37   56 0.20
  27   53 0.79
   4  117 0.70
  19   78 0.77
  22   80 0.23
  15   86 0.80
  10   38 0.95
   0  106 0.83
  17   35 0.76
   7   30 0.80
  17   32 0.86
  36  140 0.48
   4   72 0.67
  33  138 0.60
   5    5 0.47
   0    1 0.15
  22  107 0.78

