5 30 8
6   16   2  16  20   2  16

  19   30 0.45
  28   36 0.67
  20   25 0.79
  33   44 0.87
  39   49 0.16
  37   41 0.72
  13   16 0.81
   0    5 0.01
   9   14 0.30
  27   36 0.83
   9   21 0.93
  25   25 0.50
  21   23 0.77
  21   24 0.46
  28   33 0.30
  34   41 0.79
  32   38 0.75
  14   19 0.92
   8   13 0.51
  20   22 0.19
  36   43 0.68
  38   47 0.22
  19   30 0.27
  34   44 0.98
  21   31 0.50
   0    7 0.35
  25   25 0.98
  26   36 0.21
  35   37 0.90
  22   32 0.34

  27   28 0.88
  35   42 0.33
   2   11 0.97
  27   31 0.11
   8   20 0.58
  24   36 0.17
  32   41 0.81
  31   35 0.96
  25   32 0.32
  21   28 0.54
  14   24 0.53
  16   27 0.76
  18   27 0.62
  32   40 0.46
   2    4 0.55
  39   44 0.12
  23   24 0.70
   9   18 0.45
  35   36 0.85
  17   29 0.84
  37   48 0.53
  21   21 0.54
   6    8 0.19
   0    3 0.61
   3   11 0.08
  16   22 0.73
   0    9 0.31
  18   24 0.17
   7   14 0.65
   2    3 0.60

  12   24 0.25
   8   14 0.18
  28   39 0.26
  27   33 0.92
  38   40 0.04
  17   29 0.39
  28   32 0.90
  26   33 0.46
  17   27 0.57
  16   20 0.71
  18   22 0.10
  26   28 0.42
  13   21 0.19
   4    7 0.27
  19   28 0.86
  31   43 0.11
  28   29 0.06
  39   50 0.35
  37   41 0.20
   8   15 0.79
  39   44 0.84
   9   10 0.53
  23   26 0.64
  29   29 0.60
  36   48 0.81
  38   41 0.22
  26   37 0.45
  27   36 0.56
  10   13 0.30
  14   24 0.92

  16   25 0.19
   5    5 0.13
  23   27 0.10
   3    3 0.19
  28   38 0.34
  38   42 0.56
  32   40 0.55
   1    4 0.10
  17   20 0.83
   5   16 0.47
  18   20 0.35
  17   22 0.41
  14   21 0.40
  25   32 0.28
   0    6 0.05
  30   33 0.61
  26   32 0.73
   5   13 0.37
  29   32 0.82
  20   24 0.11
  36   42 0.76
  30   42 0.78
  28   29 0.86
   6   13 0.93
  13   14 0.68
  34   41 0.21
  14   26 0.46
  16   19 0.34
   9   15 0.83
  35   40 0.92

  35   44 0.35
  36   40 0.41
  11   17 0.01
  29   32 0.31
  12   20 0.46
  25   27 0.32
   0    0 0.13
   5    6 0.24
  23   27 0.54
  24   34 0.61
  31   39 0.00
  19   29 0.51
  11   18 0.40
   1    4 0.81
   6    6 0.87
  17   23 0.77
  22   23 0.42
   7   17 0.79
  23   25 0.87
  28   30 0.05
  21   31 0.70
  23   35 0.32
   5    8 0.42
  18   24 0.81
  11   18 0.20
   7   14 0.81
  25   26 0.78
  30   39 0.10
  13   22 0.37
  37   41 0.49

   0    4 0.04
  17   23 0.67
  20   28 0.81
  13   23 0.88
  25   30 0.01
   9   11 0.54
  19   21 0.04
  23   30 0.14
  19   24 0.33
  30   37 0.36
  20   26 0.89
   9   11 0.40
  21   31 0.31
  18   28 0.70
  37   37 0.95
   9   11 0.56
  26   33 0.21
  18   26 0.56
   8   12 0.76
   6    6 0.28
   4   11 0.51
  35   44 0.45
  34   46 0.55
  16   18 0.86
   7   13 0.95
  22   26 0.60
  19   19 0.29
   5   11 0.05
  25   36 0.56
  39   48 0.18

