5 20 8
12    2  10   4  20  10  10   4  20  20   4  10  16

  33   80 0.54
  45   52 0.48
  44   89 0.67
  28   36 0.12
  11   35 0.70
  12   58 0.92
  45   89 0.33
  40   68 0.48
   2   14 0.39
  40   62 0.39
  18   42 0.40
   3   19 0.55
   9   25 0.55
  30   62 0.51
  10   29 0.93
  40   78 0.11
   3   46 0.57
  25   29 0.95
  43   87 0.07
   8   31 0.19

  32   48 0.70
   6   28 0.01
  13   23 0.78
   8   44 0.65
  23   45 0.10
   4   14 0.79
  24   34 0.69
  28   29 0.13
  37   79 0.72
  31   73 0.28
  10   21 0.68
  20   36 0.42
   5   28 0.60
  30   68 0.36
  44   82 0.63
  39   49 0.97
  33   36 0.99
  43   55 0.90
   5   40 0.95
  47   50 0.40

   8   53 0.44
  18   58 0.04
  15   56 0.70
  22   53 0.65
   0   21 0.43
  13   58 0.85
  25   46 0.45
  46   78 0.71
  15   27 0.67
  47   51 0.74
  45   76 0.57
   6   24 0.33
  37   82 0.25
  15   53 0.06
  35   75 0.55
  27   35 0.77
  44   56 0.34
  38   75 0.83
  38   46 0.75
  12   36 0.78

  18   47 0.92
  43   75 0.80
  38   44 0.39
  34   71 0.41
  22   61 0.96
  14   37 0.33
  45   69 0.28
  14   58 0.57
  19   60 0.18
  20   63 0.32
   7   52 0.69
   5   38 0.94
  41   86 0.86
   2   12 0.82
  28   37 0.59
  41   84 0.32
  34   78 0.89
  28   37 0.93
  16   32 0.65
  41   55 0.84

  35   53 0.16
   0    3 0.19
  13   35 0.48
  43   67 0.14
   1    4 0.37
  14   32 0.19
  31   36 0.33
   8   54 0.03
  40   84 0.06
  41   85 0.75
   0   47 0.22
   8   16 0.85
   6   52 0.71
  20   20 0.22
  38   45 0.49
  31   73 0.57
  29   37 0.78
  38   55 0.63
  10   52 0.43
  23   28 0.97

  40   44 0.14
  15   50 0.59
  42   45 0.21
  16   30 0.42
  30   50 0.63
  47   67 0.10
   2   33 0.13
  21   50 0.20
  21   66 0.91
  36   48 0.00
   6   50 0.59
  15   56 0.12
  25   45 0.66
  20   44 0.57
  36   45 0.17
  47   81 0.25
  30   70 0.50
  27   31 0.57
  40   82 0.36
  23   54 0.47

  18   33 0.31
  38   61 0.51
  47   72 0.52
  41   67 0.40
   7   44 0.14
   0    4 0.15
   1    6 0.50
   4   29 0.72
   0   33 0.87
  13   59 0.96
  25   30 0.00
  12   26 0.11
  10   20 0.27
   4   16 0.70
  23   67 0.37
  40   57 0.24
  13   39 0.17
  34   80 0.43
   8   43 0.46
   1   46 0.49

  35   51 0.97
  12   58 0.97
  36   38 0.60
  25   33 0.61
   8   35 0.55
  19   46 0.69
  41   41 0.75
   9   17 0.60
   3    8 0.65
  30   48 0.08
  22   35 0.51
  47   66 0.53
  36   65 0.81
   4   50 0.54
  43   89 0.50
  39   76 0.45
  47   72 0.79
  25   43 0.79
  32   40 0.58
  25   48 0.80

  24   36 0.46
  11   32 0.49
  19   50 0.98
  19   33 0.84
  16   20 0.13
  28   58 0.70
  21   53 0.02
  39   74 0.89
  47   85 0.88
  17   17 0.47
   7   36 0.51
  23   56 0.99
  19   31 0.05
  28   51 0.05
  18   59 0.64
  15   36 0.09
   8   39 0.86
  22   26 0.47
  21   57 0.16
   3   20 0.30

  24   25 0.34
  32   54 0.87
   3   27 0.28
  10   11 0.38
  21   35 0.66
  12   54 0.12
  27   31 0.51
  26   44 0.22
  37   57 0.77
   6   26 0.69
  42   51 0.80
  22   53 0.79
  30   45 0.75
  24   54 0.93
  47   49 0.23
  37   67 0.25
  34   59 0.21
  14   15 0.90
  13   53 0.64
   3   14 0.23

  45   78 0.55
  38   40 0.42
   7   45 0.31
  13   33 0.06
  28   71 0.73
  28   60 0.79
  39   64 0.63
   8   45 0.42
   1    9 0.36
   4   31 0.34
  47   59 0.10
  19   56 0.07
  37   59 0.27
   9   32 0.79
  20   39 0.41
  14   15 0.60
  45   87 0.32
   4   37 0.35
  24   45 0.97
  42   82 0.21

  16   28 0.05
   0    1 0.06
   8   39 0.89
  34   73 0.75
  24   44 0.03
  45   62 0.78
  21   27 0.29
  41   78 0.69
   8   11 0.46
   3   48 0.31
  39   66 0.95
  22   24 0.56
  29   49 0.98
   9   22 0.29
  47   84 0.72
  44   56 0.62
  40   43 0.72
  21   52 0.40
  27   70 0.73
  30   48 0.86

