3 20 4
12   10  16   2   2  10   4   4   4  10  10   4  10

   2    9 0.44
  10   11 0.75
   2   19 0.22
  20   46 0.05
   9   41 0.43
   9   29 0.46
  16   33 0.65
  32   38 0.77
  10   34 0.40
  28   53 0.05
  14   28 0.59
  16   20 0.50
   8   38 0.79
  11   28 0.55
   1   26 0.32
  32   35 0.87
  13   34 0.11
   2   27 0.10
   1   27 0.56
   0   20 0.36

  33   58 0.76
   7    9 0.24
   6   33 0.35
  11   38 0.40
  16   31 0.48
  24   54 0.87
  30   62 0.50
  27   50 0.46
  24   28 0.27
  15   43 0.99
  14   27 0.60
  28   41 0.63
   9   42 0.76
  20   31 0.21
  17   41 0.33
   0   16 0.08
  32   39 0.46
  29   59 0.13
  28   42 0.01
  21   31 0.59

  22   22 0.91
  21   38 0.47
   5    5 0.48
  16   27 0.95
   3   34 0.24
  15   24 0.27
  27   32 0.05
   5   28 0.87
   4   25 0.18
  27   31 0.47
  26   53 0.64
   6   12 0.22
   0   31 0.12
  29   42 0.46
  10   20 0.85
  34   67 0.73
  16   41 0.69
  22   32 0.94
  27   41 0.98
  22   54 0.74

   7   17 0.71
  23   42 0.44
  29   32 0.79
   8   25 0.54
  17   46 0.92
  18   18 0.87
  17   37 0.20
  32   40 0.88
  14   26 0.41
  16   40 0.75
  21   45 0.31
  11   16 0.34
  22   48 0.28
  32   50 0.11
  22   53 0.99
  32   47 0.39
  26   43 0.18
  33   34 0.53
  33   51 0.72
  30   41 0.70

  29   53 0.78
  11   24 0.68
  29   48 0.60
  16   38 0.54
   2   20 0.19
  22   37 0.94
  13   30 0.57
  23   42 0.75
   1   31 0.20
   6    7 0.96
   1   10 0.65
  32   65 0.84
  22   26 0.49
   9   28 0.19
   6   17 0.43
  14   16 0.98
  28   52 0.05
  29   60 0.20
  18   41 0.19
   9   34 0.81

  23   57 0.82
   4   24 0.19
  26   29 0.11
  11   16 0.20
  32   38 0.24
  34   60 0.36
  12   22 0.11
   5   28 0.54
  13   32 0.34
  24   43 0.82
  34   59 0.07
   7   40 0.90
  28   57 0.70
  29   46 0.48
   5   13 0.55
  30   41 0.79
  27   45 0.62
   7   25 0.89
  14   44 0.56
  31   52 0.17

   9   18 0.62
  29   38 0.43
  23   24 0.09
  13   21 0.10
  25   36 0.24
  18   41 0.90
  18   51 0.91
  18   51 0.93
   7   31 0.62
  31   58 0.25
  29   41 0.13
   6   28 0.79
  30   47 0.12
  34   59 0.66
  17   40 0.27
   6   28 0.11
   3   13 0.58
  29   46 0.51
   4    9 0.69
   4   20 0.36

   4    9 0.31
  31   43 0.33
  31   34 0.83
  34   57 0.17
  21   24 0.10
  19   26 0.12
  24   51 0.03
   4   16 0.36
  21   48 0.92
  17   20 0.82
  21   49 0.14
   2    5 0.46
  25   54 0.90
  16   23 0.99
  13   32 0.35
  33   43 0.43
   7   35 0.17
   1    5 0.54
   0   14 0.93
   8   40 0.41

  21   24 0.79
  25   27 0.82
  15   24 0.63
   9   30 0.34
  32   54 0.56
  11   16 0.99
   2   26 0.25
  15   49 0.74
  10   24 0.78
   3   18 0.27
  30   51 0.65
  20   51 0.69
  30   35 0.53
   7   31 0.16
  19   48 0.00
  29   36 0.53
   2   13 0.18
  16   17 0.67
  33   56 0.38
  18   25 0.55

   3   20 0.45
  14   18 0.26
  28   61 0.27
  15   47 0.84
  20   34 0.36
  20   48 0.49
  13   28 0.91
  30   35 0.94
  16   22 0.98
   9   25 0.42
  23   51 0.11
  29   29 0.20
  18   30 0.13
  18   25 0.90
  34   55 0.41
  14   21 0.86
  24   35 0.64
   5   34 0.08
  13   40 0.47
  11   16 0.16

  29   35 0.32
  20   54 0.89
  34   55 0.35
   6   18 0.65
  19   21 0.64
  22   26 0.47
  30   51 0.50
   0    9 0.84
  17   44 0.15
  20   39 0.70
  28   41 0.37
   0   33 0.55
  15   22 0.13
  17   49 0.72
  23   45 0.83
   4   29 0.58
  21   41 0.37
   4   30 0.21
   8   10 0.37
  19   21 0.73

  11   38 0.26
  31   62 0.50
  11   34 0.38
  11   25 0.44
  29   49 0.87
  25   49 0.30
  33   52 0.31
   5   29 0.67
   6   22 0.67
  12   39 0.70
  29   58 0.63
   8   21 0.19
   4   24 0.77
  34   43 0.40
   1   31 0.31
  20   46 0.89
  20   45 0.49
  33   56 0.71
   1    9 0.24
   2   13 0.92

