3 30 4
6   10  16  20   2   4  16

  33   44 0.30
   0   68 0.59
  36   87 0.87
   2   66 0.97
  34   99 0.06
  23   40 0.10
  34  109 0.08
   1   65 0.30
  36   90 0.22
  30   57 0.52
  16   81 0.18
  21   78 0.20
  39  102 0.75
  11   92 0.96
   7   53 0.20
   8   79 0.05
  41   97 0.81
   6   29 0.92
  33   94 0.06
  22   66 0.70
   1   69 0.85
   2   45 0.78
   0   38 0.39
  36  109 0.04
   8   84 0.40
  13   77 0.31
  18   84 0.18
   1   69 0.13
  16   72 0.88
  11   45 0.83

  26  110 0.93
   4   61 0.09
  15   50 0.70
  39   89 0.19
  13   65 0.70
  17   92 0.50
  16   28 0.15
  38  111 0.71
  36  117 0.24
   0   26 0.24
  11   93 0.84
   2   62 0.84
  41   58 0.01
   4   71 0.57
   3   36 0.96
   5   69 0.86
  33   35 0.92
  16   87 0.53
  33   76 0.20
  28  100 0.25
  10   94 0.28
  25   70 0.52
   0   58 0.85
  20   78 0.53
  20   22 0.94
   4   55 0.12
  13   87 0.71
  11   72 0.83
   0    9 0.52
  30   97 0.89

  12   96 0.14
  29   93 0.62
  32   56 0.98
  18   96 0.94
  10   67 0.69
  13   25 0.91
   7   87 0.26
  34   88 0.18
  29   87 0.48
  25   64 0.59
  11   33 0.51
  18   75 0.36
  36  111 0.27
  38   43 0.10
  21   46 0.59
  18   65 0.79
  38   79 0.81
  12   91 0.44
  29   51 0.69
  23   59 0.45
  34   82 0.82
   1   50 0.02
   9   72 0.40
   7   91 0.09
  38   40 0.31
  36   92 0.28
  26  110 0.40
  30   64 0.58
  35   66 0.76
  21   49 0.89

  20   36 0.72
  25   99 0.30
   5   20 0.57
  23   76 0.22
   0   52 0.06
  11   44 0.56
   9   16 0.80
  19   51 0.83
  34   88 0.51
   2   42 0.86
  16   17 0.74
   4   78 0.50
   9   22 0.19
  27   84 0.22
  20   26 0.95
  31   71 0.70
   5   56 0.88
   2   23 0.54
  31  113 0.00
   7   55 0.68
  28  110 0.56
  27   56 0.74
  17   75 0.47
   0   31 0.71
  15   76 0.48
  14   70 0.37
  28   46 0.28
  27  102 0.93
   8   53 0.95
  32   75 0.47

  17  100 0.39
   1   35 0.48
  17   65 0.72
  24   98 0.33
  34   92 0.32
  29  110 0.23
  25   47 0.55
  36   36 0.57
   5   60 0.71
  11   66 0.50
   1   57 0.65
  37   71 0.25
  40   63 0.32
  20   78 0.52
  22   77 0.30
  31   33 0.07
  21   67 0.49
  29   29 0.19
  15   26 0.76
   8   29 0.71
  14   85 0.50
  26   69 0.84
  22   24 0.94
  16   75 0.70
  15   97 0.41
  16   66 0.28
  37   87 0.18
  35  109 0.17
  13   30 0.80
  32   81 0.06

  21   64 0.81
   7   55 0.57
  21   71 0.94
  38  101 0.01
   6   64 0.66
   1   62 0.13
   5   48 0.24
  40   80 0.57
   0   17 0.91
  41   87 0.95
  22   74 0.57
  16   47 0.26
   5   37 0.76
  36   87 0.59
  35   94 0.92
   3   64 0.69
  19  101 0.30
  34   57 0.85
  33   81 0.65
  17   77 0.54
   3   28 0.35
   8   13 0.04
  27   79 0.34
  20   88 0.81
   5   88 0.97
  20   58 0.32
  16   88 0.69
  19   27 0.40
  31  111 0.36
  19   27 0.48

