4 30 4
6   10   4  10  16  10   4

  43   43 0.86
  29   35 0.85
  10   21 0.23
  35   39 0.50
  22   26 0.78
   5   26 0.10
  13   23 0.41
   3   18 0.06
  39   50 0.00
  13   25 0.73
  14   18 0.45
  19   38 0.96
  25   38 0.46
   1   17 0.66
  62   67 0.57
  32   40 0.64
  62   85 0.25
  33   39 0.58
  33   37 0.52
   6   11 0.81
  61   81 0.36
  45   49 0.54
  14   20 0.00
  47   54 0.42
  47   58 0.05
  74   90 0.35
  47   69 0.65
  52   52 0.84
  66   71 0.80
  61   65 0.74

  26   49 0.03
  54   72 0.85
  47   57 0.96
  27   46 0.40
  71   73 0.65
   0   11 0.67
  59   76 0.67
  65   82 0.13
  72   79 0.39
  43   65 0.52
  51   65 0.66
  51   65 0.28
  72   83 0.17
  38   56 0.97
  73   97 0.40
  53   60 0.74
  40   54 0.89
  26   28 0.97
   5   15 0.62
  14   35 0.07
  60   68 0.46
  70   88 0.40
  69   90 0.91
  52   64 0.44
  12   23 0.49
  55   78 0.47
   1    6 0.38
  43   64 0.79
  16   19 0.25
  67   70 0.38

  71   71 0.53
  36   57 0.16
  68   70 0.14
  31   32 0.80
   8   14 0.63
   8   26 0.69
  53   58 0.10
  18   22 0.94
   7   25 0.52
  68   74 0.08
  12   29 0.02
  40   61 0.51
  26   31 0.63
  49   70 0.84
  16   34 0.15
  45   64 0.46
  25   40 0.57
  16   26 0.76
  31   40 0.53
  41   42 0.64
  63   78 0.77
  29   41 0.33
  29   31 0.43
  70   81 0.36
  21   33 0.92
  68   72 0.03
  10   25 0.53
  71   92 0.05
  65   68 0.54
  19   42 0.19

  32   42 0.54
  61   77 0.16
  46   53 0.72
  64   86 0.65
   1   18 0.69
  28   31 0.86
  57   71 0.03
  27   45 0.15
  55   61 0.77
  41   44 0.74
  42   50 0.82
  54   69 0.36
  47   71 0.04
  16   40 0.42
  55   68 0.52
  66   75 0.74
  67   73 0.53
  63   70 0.58
  22   36 0.33
  24   25 0.25
  58   64 0.77
  46   61 0.38
  38   43 0.57
  33   38 0.02
  38   54 0.91
   4    9 0.70
  62   67 0.33
   4   17 0.34
  53   74 0.83
  66   79 0.23

  32   44 0.09
   9   20 0.95
  63   77 0.76
  69   85 0.45
  34   40 0.02
  66   70 0.84
  27   31 0.87
  63   69 0.94
  46   51 0.45
  34   55 0.00
  25   34 0.48
  36   44 0.32
  45   64 0.32
  55   57 0.69
  63   70 0.48
  38   62 0.69
  15   30 0.48
  48   68 0.13
  66   73 0.36
  42   49 0.38
  18   38 0.99
  57   58 0.37
  38   39 0.68
  48   72 0.90
  49   65 0.39
  26   28 0.92
  41   56 0.67
  18   29 0.29
  17   28 0.42
   7   25 0.07

  15   24 0.50
  63   75 0.46
  23   37 0.08
  51   59 0.91
  58   62 0.42
  59   79 0.37
  72   73 0.42
  17   18 0.70
   9   28 0.62
  74   76 0.92
  65   66 0.37
   5   11 0.90
  69   72 0.58
  54   55 0.50
  15   38 0.15
  21   39 0.03
  47   59 0.50
   1    2 0.81
  39   39 0.12
  36   58 0.88
  16   33 0.29
  36   52 0.40
  43   60 0.20
  16   39 0.52
   6   30 0.08
  41   58 0.33
  21   24 0.11
  35   53 0.25
  59   59 0.65
   4    9 0.22

