4 50 8
6   16  10   2  10   2   2

  20   20 0.46
  10   16 0.50
  10   23 0.44
  22   34 0.15
  10   25 0.17
  14   14 0.73
  11   15 0.56
   4    5 0.63
  15   16 0.56
  28   39 0.71
  27   31 0.77
  30   41 0.52
   3    5 0.00
  15   23 0.00
  31   45 0.48
  15   24 0.23
  10   16 0.14
  10   25 0.16
  28   28 0.60
   1   16 0.23
  23   27 0.90
  20   31 0.17
   6    6 0.82
  22   23 0.12
  26   41 0.81
  19   24 0.81
  10   17 0.99
  10   13 0.55
   7   14 0.19
  13   18 0.65
  26   26 0.84
   8   23 0.30
   9    9 0.13
  27   33 0.99
  25   27 0.50
  10   17 0.81
   6    7 0.33
  15   23 0.36
   7   17 0.84
  21   34 0.08
  20   20 0.85
   7   18 0.65
  14   26 0.29
  20   21 0.34
  28   40 0.33
  18   28 0.56
  13   25 0.92
  20   31 0.38
  12   24 0.47
   4    9 0.17

   4   12 0.82
   0    8 0.48
   3   10 0.43
  21   24 0.54
   1   10 0.94
  30   39 0.10
  24   27 0.83
  31   38 0.59
  10   20 0.79
  10   19 0.68
  11   13 0.76
  23   25 0.74
  11   18 0.84
  18   33 0.40
  15   25 0.15
  11   20 0.63
   1   11 0.43
  18   23 0.51
  23   27 0.38
  30   36 0.02
   7   10 0.78
  17   24 0.32
   0    8 0.25
   0    4 0.86
   1    8 0.66
  28   43 0.31
  31   38 0.72
  18   25 0.36
   6   16 0.85
   2   17 0.57
  13   22 0.87
  25   36 0.95
  18   18 0.68
  16   16 0.08
  15   23 0.66
   0   13 0.39
  12   12 0.37
  14   24 0.07
   9   21 0.69
  19   33 0.11
  21   31 0.37
  25   29 0.82
   5   14 0.45
  25   31 0.65
  18   30 0.12
   2   16 0.08
  31   38 0.71
  19   25 0.92
  27   42 0.11
   8   21 0.52

  21   22 0.40
  19   22 0.72
   4   11 0.39
  18   24 0.28
  13   13 0.11
  30   45 0.96
  10   21 0.82
  15   28 0.85
   6   14 0.79
   5   14 0.74
   1    3 0.71
  18   33 0.42
   3    7 0.21
   0    7 0.01
  30   45 0.93
   8   22 0.41
  20   34 0.77
  13   14 0.79
   0   15 0.38
  29   42 0.42
   6    8 0.63
   8    9 0.18
   3    4 0.72
  14   26 0.62
  14   18 0.76
  12   22 0.96
   8   13 0.29
  16   21 0.56
  17   31 0.73
   9   16 0.69
  30   38 0.24
   1    8 0.25
  23   38 0.03
   6   11 0.64
  20   34 0.95
  13   15 0.09
  17   18 0.16
  25   26 0.61
   3    5 0.54
   5    8 0.53
   7   17 0.05
   4   10 0.26
  23   34 0.89
  27   29 0.79
   7   13 0.81
  19   20 0.87
  30   45 0.18
   1   11 0.93
  10   12 0.22
  20   27 0.07

  20   33 0.94
   3   11 0.80
   7   19 0.89
  23   33 0.63
  13   18 0.68
   2    9 0.24
  30   40 0.19
   6   12 0.49
   3   14 0.90
  19   30 0.68
  29   37 0.88
   6    8 0.50
   2   15 0.63
  24   35 0.90
  22   29 0.19
  15   19 0.52
  17   18 0.41
  29   32 0.58
   5    7 0.21
   9   14 0.48
   4    6 0.41
  21   31 0.34
  28   31 0.23
   8   15 0.62
  31   43 0.15
  22   23 0.85
  16   22 0.03
   9   12 0.09
  12   19 0.87
  19   32 0.53
   8   20 0.35
  14   21 0.69
   0    1 0.68
  25   31 0.82
   4    7 0.83
  22   37 0.67
  10   10 0.95
  13   28 0.19
  12   16 0.76
   1    3 0.92
  29   35 0.56
   4   12 0.26
  27   40 0.58
   3    3 0.60
  31   36 0.31
   3    5 0.11
  10   10 0.00
   6   16 0.96
  19   25 0.06
  24   26 0.82

   1   13 0.14
   6    8 0.94
   3    8 0.85
  24   33 0.10
  27   38 0.99
   7   11 0.12
  17   32 0.90
  27   30 0.36
  24   37 0.31
  26   29 0.60
  31   46 0.55
  21   35 0.57
   8   11 0.42
  17   25 0.03
  29   34 0.53
  23   35 0.34
  21   35 0.21
  31   40 0.48
  18   26 0.66
   6   18 0.53
  18   27 0.41
  19   25 0.07
  14   29 0.14
  26   30 0.36
   2    6 0.30
  22   31 0.58
  14   24 0.42
  26   29 0.60
  11   14 0.19
   4   17 0.75
  17   23 0.49
  22   28 0.48
  28   35 0.91
   8   23 0.41
  26   28 0.06
   5   14 0.35
  28   39 0.22
  27   31 0.20
   6   17 0.18
   1    1 0.72
  21   23 0.17
  30   41 0.03
  16   31 0.30
   0    5 0.20
   0    0 0.26
  22   26 0.97
   2    2 0.77
  20   24 0.20
  18   24 0.19
   8   23 0.68

  30   37 0.48
   6   10 0.68
   6    8 0.33
  22   31 0.04
  12   24 0.21
  14   22 0.35
  11   17 0.60
  25   29 0.76
   7   10 0.92
  22   29 0.93
  17   25 0.34
  31   38 0.85
   3   13 0.31
  16   24 0.89
  16   26 0.89
   7   12 0.32
   0    0 0.81
  21   22 0.79
  25   36 0.40
  27   28 0.52
  21   29 0.06
   1    1 0.25
   0   14 0.53
  13   14 0.03
  22   37 0.34
  11   22 0.36
   9   19 0.58
  22   23 0.25
   7   17 0.95
   9   14 0.86
  18   20 0.34
  11   22 0.91
   5    9 0.19
   4    5 0.57
   1    7 0.92
   1    6 0.42
  17   24 0.96
  23   34 0.87
  15   25 0.77
   3   14 0.15
   0    8 0.30
  15   19 0.05
  19   25 0.66
  17   31 0.78
   1    9 0.07
  30   44 0.29
  19   33 0.50
  27   39 0.48
  14   23 0.62
   0    9 0.88

