3 50 4
6    2  16   2  16   4   4

  37  116 0.38
  12   67 0.01
   0   22 0.36
  27   41 0.72
  28  114 0.02
  24   46 0.14
   6   92 0.71
   1   17 0.21
  20  110 0.71
  30   67 0.34
  12   55 0.77
  12   50 0.79
  33   37 0.99
   7   77 0.75
  33   43 0.97
   1   75 0.75
  19   56 0.08
  44   74 0.52
  23   41 0.84
  32  111 0.91
   3   35 0.32
  19  106 0.23
   6   56 0.42
  24   49 0.64
  12   91 0.52
  22  104 0.80
  26  112 0.96
   9   31 0.68
   5    7 0.44
   7   52 0.07
  32   70 0.22
  44  132 0.87
  10  100 0.45
   7   53 0.32
  19   37 0.31
  30   74 0.05
  21  109 0.91
  33   64 0.12
  43   84 0.44
  15  104 0.66
   8   21 0.32
  21   24 0.21
   4   86 0.25
  40   85 0.58
  13   68 0.37
   7   58 0.55
  20   27 0.18
  14   20 0.51
  31   93 0.72
  43  118 0.05

   4   40 0.37
   8   91 0.03
  18   79 0.22
  31   54 0.62
  27   71 0.83
  26   34 0.85
   6   96 0.26
  37   60 0.57
  23   47 0.09
  44   91 0.28
  13   79 0.49
   0   55 0.58
  18   83 0.56
  34   36 0.67
   7   21 0.24
  28   69 0.66
   1   71 0.80
  26   96 0.46
  39  113 0.27
  37   98 0.21
  12   18 0.00
  34   92 0.69
   8   56 0.80
  17  107 0.78
  11   89 0.53
  19  107 0.45
  35   67 0.68
  22   98 0.43
  14   54 0.10
   2   73 0.00
  31   50 0.84
  28   96 0.38
  39   53 0.07
  28   53 0.27
   2   64 0.87
  44  102 0.43
  39   60 0.37
  36   42 0.40
  19   26 0.77
  40   69 0.32
  17   28 0.25
  30   69 0.13
   7   55 0.99
   9   73 0.46
  18   94 0.27
   8   11 0.66
  37   79 0.62
  16   40 0.21
  12   28 0.93
  19   25 0.51

  26   35 0.78
   1   18 0.53
  34   73 0.13
  40   58 0.82
  42   67 0.09
  19   35 0.69
  39  113 0.60
  36   92 0.30
  43  104 0.07
  20   73 0.88
  13   21 0.67
  32   76 0.92
  33   85 0.91
   1   84 0.44
  29   59 0.86
  41  114 0.93
  19   81 0.62
  29   56 0.60
  44  131 0.59
   6   22 0.30
  19   69 0.78
  13   16 0.29
  14   86 0.00
  14   51 0.39
  26   64 0.54
  20  109 0.14
  17   37 0.01
   9   73 0.26
  10   19 0.00
  27   94 0.22
  10   95 0.08
   7   56 0.90
  40  111 0.44
   7   21 0.79
  28   66 0.26
  17   78 0.90
   4   45 0.36
  42   84 0.70
   3   49 0.65
  12  100 0.88
  36   83 0.35
  41   50 0.98
   7   34 0.23
  13   24 0.01
  31  102 0.90
   6   36 0.84
  33   48 0.91
  40  129 0.52
  44   80 0.47
  36  100 0.95

  19   34 0.81
  28   96 0.25
  17   37 0.84
  37   87 0.79
   7   61 0.54
   2   41 0.75
   6   89 0.45
   1   74 0.40
  40   99 0.81
  11   99 0.54
  41  119 0.94
  31   59 0.12
  30  105 0.84
  10   59 0.25
   3   25 0.55
  37   51 0.01
   0    7 0.23
  20   91 0.80
  14   45 0.88
  16   34 0.36
  22   26 0.18
   5   14 0.11
   0   80 0.27
  36   44 0.77
  14   61 0.53
  28   75 0.39
  36   37 0.60
  19   74 0.41
  25   98 0.92
  27   54 0.41
  14   76 0.43
  26   70 0.65
   2   63 0.43
  32   71 0.31
  15   22 0.00
  18   41 0.28
  24   37 0.28
  29   82 0.72
  17   80 0.32
   2   82 0.18
  18   45 0.78
  29  112 0.94
  19   59 0.47
  29   61 0.06
  13   78 0.41
  12   87 0.71
   0   86 0.82
   4   84 0.45
  24  105 0.32
  35   36 0.12

  27   96 0.77
   8   13 0.69
  39   99 0.18
  34   59 0.48
  32  119 0.64
  27   60 0.21
   2   36 0.36
  22   32 0.52
  24   87 0.98
  21   29 0.70
  32  118 0.86
  34   77 0.82
  23   86 0.46
  32   73 0.45
  19   65 0.89
  28   30 0.28
   3   43 0.46
  24   98 0.94
  44   83 0.84
   2   15 0.07
  21   76 0.44
  28   45 0.81
   4   38 0.78
  14  101 0.63
  33   35 0.12
   0   54 0.67
  14   92 0.19
   3   31 0.25
   6   53 0.51
  18   50 0.36
   2   52 0.85
  13   56 0.82
  34   79 0.69
   2   60 0.43
  14   96 0.93
  21   28 0.34
  44   90 0.21
  21   94 0.90
  17   96 0.66
  43   71 0.22
  41   96 0.79
   8   84 0.38
  12   54 0.62
  33  103 0.86
   2   59 0.87
  16   87 0.73
   4   82 0.07
  20   79 0.27
  36  112 0.89
  26   46 0.14

  30   86 0.80
  38  125 0.70
  17  101 0.05
   5   94 0.85
  27   77 0.08
  42  118 0.12
  33  110 0.56
  26   29 0.37
  34  103 0.50
  19   31 0.41
   3    4 0.94
  16  103 0.90
  28   96 0.90
  14   44 0.19
  35  101 0.02
  32   45 0.83
  37   93 0.27
   3    9 0.54
  32   53 0.07
  22   22 0.71
  39   50 0.02
  30   32 0.36
  23   90 0.64
  15   91 0.26
  11   50 0.94
  43   74 0.81
   0   18 0.63
   1   81 0.47
  11   34 0.25
   5   68 0.44
  41  129 0.50
  22   77 0.64
  13   25 0.94
  30   94 0.79
  42   51 0.42
   0   60 0.46
  30   75 0.68
   3   30 0.30
  13   59 0.99
  23  106 0.98
  29   41 0.90
   7   88 0.93
  38   97 0.41
  22  112 0.55
  16   87 0.95
  42   57 0.27
   0   81 0.36
  27   99 0.57
   8   77 0.28
  36   71 0.82

