4 15 4
12   16  16   4   4   4  10   4   4  16   4   2   4

   2    8 0.19
   5   19 0.66
   0   18 0.00
  16   34 0.85
   5   17 0.78
  13   27 0.93
  10   17 0.73
  17   30 0.41
   0   11 0.56
   5    9 0.77
   1    9 0.58
   3   15 0.58
  18   31 0.42
   7   16 0.38
   9   14 0.23

  13   16 0.84
   9   24 0.04
   6   12 0.86
  11   18 0.95
  19   19 0.88
  10   28 0.79
  15   33 0.60
   8   24 0.03
  10   17 0.83
   0   16 0.50
   8   20 0.37
   5    5 0.93
   0   16 0.90
  14   15 0.98
   0    1 0.85

  15   20 0.85
   3    6 0.37
   5   15 0.34
   0   12 0.47
  15   23 0.16
   9   26 0.79
   4   14 0.95
   5   13 0.80
  16   16 0.72
   0    6 0.81
   0    0 0.08
   3   20 0.18
   0    6 0.03
   5   20 0.57
  11   24 0.66

   8   26 0.62
   5   14 0.32
   3   11 0.45
  16   31 0.35
   8   26 0.27
   6    6 0.14
  13   26 0.36
   5   14 0.96
   7    9 0.26
  17   31 0.15
   0    5 0.72
  12   16 0.96
   4    6 0.33
  10   27 0.77
  10   17 0.13

   2    8 0.97
   5    8 0.04
   0    5 0.75
  10   15 0.94
   1    5 0.57
   3   15 0.21
   2   16 0.54
   1   10 0.53
   4   14 0.22
  12   16 0.56
   5   22 0.12
   1   19 0.40
  17   23 0.74
  18   29 0.35
   9    9 0.29

   1   17 0.30
   7   16 0.58
  15   18 0.83
  18   22 0.60
  17   33 0.79
  12   21 0.01
  14   23 0.46
  15   17 0.89
  14   16 0.51
   5   15 0.71
  19   35 0.46
   4   16 0.13
   8   10 0.12
   3   11 0.95
  10   16 0.10

   0   17 0.34
  18   22 0.70
   5    6 0.85
  16   25 0.71
  17   33 0.04
   5    5 0.79
  12   12 0.92
   6   18 0.67
   9   15 0.59
  10   24 0.04
  17   31 0.55
  19   21 0.62
   5   11 0.90
   2    9 0.39
   2    5 0.21

   1    3 0.53
   3   20 0.11
   7   26 0.25
  14   20 0.03
   3    7 0.22
  14   27 0.28
  15   23 0.30
  19   24 0.14
   8   27 0.83
   1    6 0.38
  19   35 0.83
   5   12 0.85
  15   31 0.31
  14   20 0.53
  10   29 0.87

  11   16 0.11
  10   28 0.03
   0   17 0.08
   8   20 0.49
  14   33 0.17
  16   35 0.98
   0   17 0.65
   6    6 0.53
   0    6 0.57
  18   32 0.23
   7   14 0.99
   6   21 0.62
   4   10 0.95
  17   31 0.49
  19   22 0.46

   9   11 0.88
  11   15 0.41
  17   27 0.87
  11   12 0.90
   3    4 0.34
   0   11 0.24
  13   30 0.82
  16   28 0.00
   7   18 0.37
   3   14 0.74
  15   23 0.48
  18   28 0.83
   4    7 0.18
   7   17 0.25
   9   15 0.78

   2   10 0.95
   8   20 0.69
  15   15 0.25
   9   13 0.48
  10   14 0.98
  11   22 0.11
  19   28 0.81
   9   26 0.44
  14   18 0.98
  15   34 0.33
   7    9 0.30
  14   18 0.93
   5   18 0.05
  18   35 0.05
   3    3 0.45

   6   14 0.22
  15   28 0.99
  19   37 0.56
   4    9 0.07
  12   31 0.58
  12   12 0.67
  16   18 0.54
  14   25 0.46
   7   25 0.49
   6   11 0.20
   0   19 0.30
   6   24 0.97
  18   26 0.42
  10   14 0.66
   5   19 0.86

