4 80 8
3    4   4   4

   6   11 0.18
   3    9 0.45
   2    4 0.39
   5    6 0.86
   1    7 0.51
   2    6 0.82
   5    5 0.08
   2    6 0.84
   2    8 0.34
   6   12 0.96
   4   10 0.87
   3    4 0.23
   4    7 0.13
   3    5 0.63
   2    5 0.96
   2    2 0.19
   3    8 0.39
   1    3 0.24
   6   10 0.00
   2    8 0.86
   3    5 0.85
   3    3 0.40
   5    6 0.07
   6    6 0.36
   4    7 0.49
   4   10 0.74
   2    3 0.45
   5    9 0.02
   2    3 0.43
   0    3 0.03
   4    5 0.69
   2    3 0.50
   3    7 0.17
   0    2 0.08
   1    5 0.78
   2    3 0.77
   5   11 0.02
   6    7 0.53
   1    5 0.54
   1    5 0.64
   6    8 0.83
   0    1 0.37
   6    6 0.16
   4    6 0.01
   6   11 0.69
   4    8 0.11
   4    6 0.81
   2    3 0.71
   4    7 0.94
   5   10 0.64
   4    6 0.85
   2    3 0.60
   5    7 0.14
   5    9 0.61
   2    7 0.31
   4    6 0.17
   6    6 0.96
   0    2 0.98
   3    6 0.47
   2    3 0.05
   0    5 0.58
   1    3 0.83
   2    8 0.39
   3    8 0.97
   6    7 0.89
   3    7 0.99
   6   12 0.12
   2    8 0.19
   3    7 0.17
   2    3 0.86
   4    5 0.29
   2    6 0.71
   3    9 0.47
   5    8 0.47
   2    8 0.49
   5    8 0.79
   6    7 0.28
   4    4 0.06
   6   11 0.77
   1    3 0.27

   5   11 0.25
   1    6 0.11
   6    7 0.97
   0    3 0.16
   6   11 0.52
   5    6 0.24
   1    4 0.24
   3    6 0.83
   2    6 0.07
   4   10 0.44
   5    9 0.97
   5   10 0.92
   0    1 0.82
   2    6 0.88
   4    4 0.36
   6    7 0.72
   3    5 0.38
   3    6 0.40
   1    5 0.96
   3    3 0.36
   3    3 0.83
   5   10 0.26
   0    5 0.11
   6   11 0.75
   5    9 0.62
   5    6 0.67
   1    3 0.39
   2    5 0.35
   5   10 0.48
   0    4 0.30
   0    5 0.26
   0    1 0.99
   5    7 0.14
   5    6 0.98
   3    4 0.24
   1    6 0.55
   6    6 0.01
   1    7 0.90
   2    7 0.39
   4    9 0.59
   0    5 0.48
   5    8 0.75
   2    8 0.28
   1    6 0.73
   0    4 0.80
   1    5 0.65
   4    7 0.97
   3    8 0.58
   3    9 0.24
   1    5 0.42
   3    7 0.51
   1    7 0.48
   0    4 0.26
   2    3 0.47
   6   11 0.57
   2    2 0.90
   2    4 0.24
   3    5 0.20
   4    8 0.33
   4    7 0.39
   2    6 0.30
   5    8 0.30
   6    8 0.85
   0    1 0.38
   1    6 0.00
   4    8 0.08
   2    5 0.85
   0    5 0.13
   5    7 0.11
   5    5 0.86
   2    4 0.76
   4    5 0.49
   3    8 0.09
   6    9 0.76
   3    6 0.04
   4    4 0.83
   6    6 0.53
   0    1 0.98
   1    1 0.38
   2    5 0.17

   3    9 0.63
   6    7 0.26
   4   10 0.97
   6    6 0.98
   3    7 0.81
   2    6 0.00
   1    3 0.09
   5   11 0.42
   1    3 0.85
   2    6 0.86
   4    4 0.12
   5   10 0.92
   5    9 0.79
   5   10 0.59
   4    8 0.29
   4    7 0.81
   2    7 0.10
   6    9 0.45
   6    6 0.65
   3    6 0.82
   4    7 0.01
   4    5 0.80
   2    2 0.14
   4    4 0.37
   1    2 0.05
   4    9 0.53
   1    7 0.88
   2    7 0.49
   4    7 0.79
   5   11 0.44
   4    6 0.90
   1    5 0.87
   6    8 0.32
   0    1 0.78
   0    6 0.49
   5    7 0.64
   1    6 0.19
   4   10 0.34
   6   12 0.23
   5    5 0.35
   4   10 0.90
   4    7 0.61
   1    4 0.91
   3    7 0.85
   1    5 0.10
   4    5 0.08
   2    7 0.48
   0    6 0.72
   5    6 0.66
   6    6 0.01
   1    7 0.83
   5    5 0.18
   0    3 0.99
   0    4 0.73
   5    6 0.85
   1    5 0.47
   4    8 0.08
   3    5 0.97
   1    5 0.13
   0    5 0.32
   0    4 0.08
   1    3 0.90
   0    4 0.66
   5    5 0.85
   6    7 0.93
   3    9 0.97
   4    5 0.91
   3    4 0.48
   0    0 0.58
   2    5 0.03
   4    5 0.71
   6    6 0.19
   2    4 0.37
   5    5 0.98
   1    2 0.15
   5    6 0.44
   4    6 0.74
   0    0 0.33
   2    3 0.78
   2    3 0.99

