3 20 8
12    2  10   2   2  16   4  16   4   4   2   2   4

   8   32 0.32
  25   50 0.20
  11   35 0.56
  13   26 0.50
  19   44 0.66
  13   40 0.64
   3    6 0.37
  18   22 0.64
  14   38 0.18
  27   38 0.76
  18   18 0.33
  13   26 0.69
  10   15 0.95
  12   32 0.06
   2   20 0.61
  26   26 0.55
  20   20 0.19
   9   20 0.09
  23   26 0.81
  15   27 0.00

  10   20 0.79
  19   23 0.47
  16   19 0.08
  20   32 0.20
   5   22 0.99
   9   36 0.46
  12   33 0.73
   6   11 0.22
  15   34 0.83
  17   27 0.25
  22   44 0.06
  25   33 0.32
  19   33 0.22
   3    7 0.27
  11   34 0.87
  26   43 0.40
  27   44 0.51
  11   19 0.64
  22   45 0.26
  25   41 0.01

   9   23 0.14
   4   15 0.63
   1    6 0.24
  10   26 0.18
   5   23 0.56
   9   19 0.04
   3   18 0.03
  11   19 0.62
  23   47 0.33
  27   47 0.48
  13   37 0.02
   6   22 0.51
  20   38 0.29
  16   34 0.70
  21   39 0.08
  11   31 0.20
  26   26 0.93
  11   15 0.04
  12   35 0.74
   0   19 0.90

  24   46 0.37
  16   16 0.17
  24   25 0.66
   4    8 0.38
  19   32 0.91
  13   34 0.12
  22   33 0.72
   9   17 0.33
  14   16 0.01
  13   19 0.97
  12   15 0.15
  22   41 0.23
  11   18 0.89
  19   42 0.54
   9   22 0.24
  24   36 0.20
  23   28 0.68
   7   18 0.61
  23   45 0.83
   3   12 0.52

   6   14 0.34
  22   37 0.45
  10   35 0.21
  11   19 0.41
   7   24 0.53
  19   29 0.18
   0   12 0.73
   0    3 0.83
   7    8 0.64
  22   39 0.81
  10   37 0.50
   4   23 0.87
  16   31 0.33
  18   32 0.00
  17   42 0.65
   7   23 0.95
   8    9 0.90
   9   13 0.10
  19   31 0.67
   7   22 0.90

  26   28 0.88
   8   25 0.98
  18   28 0.25
   9   33 0.07
   9   35 0.81
  20   43 0.37
  21   48 0.15
  26   31 0.95
  11   36 0.11
  17   24 0.32
   7   16 0.02
   3   26 0.99
  15   16 0.57
  23   46 0.75
  10   32 0.50
   8   35 0.58
  14   22 0.50
  17   19 0.79
  25   27 0.91
  15   35 0.15

  23   28 0.88
  26   32 0.91
  23   40 0.58
   0   20 0.14
   2   16 0.65
   5   23 0.61
   5   19 0.18
   2   11 0.65
  10   11 0.03
  26   27 0.10
  22   22 0.76
   0   13 0.61
  14   16 0.05
   6    7 0.36
  23   27 0.44
  17   20 0.33
  13   14 0.02
   6   33 0.78
  10   26 0.21
  10   22 0.87

  24   28 0.90
   7   29 0.38
  15   29 0.24
  23   48 0.45
  25   32 0.74
  20   38 0.66
  11   19 0.80
  12   19 0.18
  13   31 0.04
  21   21 0.68
  19   26 0.09
   7   11 0.37
  22   26 0.71
  19   43 0.59
  22   32 0.29
  13   36 0.29
  13   39 0.77
  25   31 0.26
  14   27 0.71
  17   19 0.42

  26   37 0.22
  17   29 0.11
   8   17 0.10
  20   31 0.24
  18   19 0.30
   2   16 0.78
   1    3 0.48
  16   22 0.90
  24   38 0.27
   9   32 0.64
  20   35 0.48
  18   30 0.68
   8   12 0.24
   1   17 0.03
  10   19 0.05
   2   25 0.12
   0   14 0.26
  12   32 0.63
  20   22 0.49
   6   15 0.57

  24   25 0.55
   3    6 0.70
  27   35 0.72
  22   29 0.42
   0   10 0.63
  14   19 0.96
   4   17 0.73
   6   29 0.46
  19   28 0.99
  12   33 0.76
  26   35 0.58
  27   43 0.36
  18   23 0.08
   0    5 0.66
  13   32 0.98
   3   23 0.77
   2   15 0.30
  12   13 0.57
  12   23 0.45
  16   39 0.72

  23   25 0.36
   9   21 0.29
   2   22 0.47
  19   25 0.62
   2   16 0.21
  16   42 0.77
  24   44 0.97
  10   33 0.58
  20   22 0.23
   4   27 0.90
   7   32 0.71
  23   46 0.03
  15   42 0.96
   8   35 0.00
  16   39 0.84
   6   18 0.92
   5   15 0.43
  18   24 0.91
  16   30 0.80
   1   14 0.72

  27   32 0.17
  16   39 0.01
  21   43 0.80
  21   27 0.26
  12   16 0.20
   6    6 0.39
   4    8 0.09
  25   26 0.46
  10   14 0.54
   1   13 0.73
   5   24 0.02
  10   24 0.49
  20   45 0.49
   7   11 0.22
  21   44 0.09
   9   23 0.89
   9   31 0.74
  11   17 0.15
  11   16 0.79
   1   23 0.85

