4 15 4
12   10   2  16  10  10  16  16  16  10  10   4   2

  10   11 0.22
  54   97 0.89
  19   45 0.83
  42   82 0.49
  37   99 0.37
  28   80 0.17
   2   69 0.72
  27   96 0.42
  17   52 0.61
  45  104 0.03
  23   56 0.39
   5   32 0.57
  38   77 0.51
  56   72 0.08
  55   96 0.69

  55   74 0.96
  23   58 0.87
  36  111 0.23
   4   13 0.97
  28   81 0.50
  41   42 0.09
  16   98 0.15
   3   38 0.98
  31  113 0.73
  50  125 0.68
  47  121 0.31
  15   64 0.17
  26   97 0.31
  49   77 0.89
  31   89 0.33

  42   99 0.49
  41   77 0.85
  24   82 0.09
   9   52 0.86
   7   39 0.95
  31   88 0.01
  10   34 0.45
  17   98 0.48
  28  107 0.90
  52   57 0.58
  30   82 0.02
  26   93 0.59
  42   51 0.06
  42  122 0.10
   1    6 0.21

  16   59 0.08
  53   79 0.11
  38   71 0.55
  45  112 0.91
  46  128 0.99
  14   49 0.88
   6   14 0.02
  46   84 0.89
  45  109 0.17
  48   52 0.25
  22   71 0.56
  34  106 0.82
  50  123 0.14
  10   45 0.15
  44  121 0.62

  36   87 0.01
   2   85 0.83
  46   68 0.66
  51   68 0.59
  25   44 0.57
   7   91 0.35
   8   66 0.00
  17   94 0.87
  24   45 0.78
  33   49 0.78
  41   80 0.43
  39  110 0.90
  36   62 0.54
  53  116 0.22
   2   39 0.32

  29   67 0.58
  17   83 0.56
  40  101 0.78
  17   31 0.74
  17   74 0.06
  18   60 0.69
  25   51 0.88
  12   92 0.97
  42  125 0.00
  30  104 0.37
  24  106 0.10
  50  124 0.92
  44   76 0.48
   2   26 0.19
  13   36 0.55

   2   13 0.11
  47   93 0.45
  35  112 0.15
  50   83 0.87
  47  129 0.02
  44  105 0.12
  34   93 0.46
  26  105 0.77
  38   61 0.70
   6   78 0.59
  10   94 0.63
  54  102 0.15
  10   18 0.17
   8   70 0.56
  15   33 0.42

  50   68 0.20
  33   80 0.96
  16   36 0.50
  30   96 0.18
  53   59 0.49
  54  137 0.72
  30   46 0.96
  39   48 0.60
  28  108 0.13
  41   51 0.58
   6   10 0.32
   7   78 0.49
  50  134 0.94
  54  105 0.50
  25   85 0.45

  17   79 0.47
  50   99 0.79
  25   65 0.70
   7   90 0.84
  51   78 0.11
   5   53 0.52
  31  110 0.91
  54  104 0.56
  13   74 0.77
  14   44 0.47
   9   44 0.36
  49   80 0.41
  11   74 0.01
  17   70 0.81
  51   97 0.66

  52  116 0.95
  27   44 0.04
  39  118 0.44
  14   44 0.12
  37   70 0.47
  21   27 0.67
  32   44 0.70
   5   56 0.95
  31   73 0.37
  21   92 0.24
  54   87 0.94
  25   32 0.36
  14   34 0.62
   0   21 0.93
   3    4 0.82

   6   82 0.33
  41   64 0.32
  29  101 0.50
  10   73 0.13
  37   78 0.16
  23   34 0.92
  10   77 0.69
  37  118 0.98
  46  112 0.78
  39  108 0.32
  40   88 0.69
  42  112 0.18
  56  110 0.96
  54   95 0.33
  12   64 0.26

   3   63 0.13
  33  116 0.64
  38   69 0.71
  45  108 0.38
  45  101 0.83
  53  135 0.18
  46  104 0.07
  51   94 0.01
  52  118 0.00
  19   54 0.44
  15   23 0.92
  53  136 0.73
  39  103 0.52
  33   94 0.55
  56   70 0.26

