5 15 4
12   16   2  10  16  16  10  16  16   4   4  16   2

  32   42 0.74
  45  108 0.13
  33   63 0.99
  30   56 0.51
  18   79 0.07
  38   66 0.65
  68   89 0.81
   3   12 0.19
  56  101 0.61
  52  111 0.75
  42   48 0.76
   0    3 0.62
  27   96 0.85
  35   90 0.55
  55   60 0.65

  63   95 0.79
  49   87 0.30
  18   86 0.91
  64  128 0.69
  25   95 0.99
  39   46 0.28
  68   87 0.54
   2   59 0.92
  41   80 0.32
  32   32 0.66
   5   41 0.18
  59   88 0.05
  21   88 0.52
  70  115 0.63
  31   99 0.11

  48  102 0.29
  34   68 0.22
  23   71 0.58
  21   70 0.84
  33  102 0.20
   7   19 0.07
  42   57 0.83
  23   59 0.44
  10   77 0.86
  35   63 0.69
  26   90 0.80
  14   77 0.51
  68  134 0.77
  58  124 0.03
  51   92 0.88

  33   96 0.27
  36   75 0.40
  62   95 0.64
  35   87 0.87
  56  124 0.53
  50  100 0.44
  58  123 0.47
  66   91 0.11
  25   48 0.97
  29   45 0.86
  52   98 0.33
  21   34 0.66
   8   59 0.45
  21   28 0.41
  51   92 0.57

   8   12 0.72
  12   36 0.88
  33   52 0.80
  53  114 0.32
  26   77 0.43
  23   35 0.91
  58   74 0.61
  30   83 0.69
  22   30 0.96
  69  112 0.39
   0   24 0.83
  13   49 0.96
  23   43 0.27
  16   57 0.51
  12   59 0.62

  57  102 0.05
   4    5 0.38
  10   64 0.20
  55  124 0.77
  11   32 0.27
  37   86 0.90
  60  125 0.84
  25   52 0.69
  69  131 0.04
  60  114 0.47
  38   94 0.27
  60  100 0.52
   3   25 0.04
  64   96 0.54
  64  118 0.99

  42   88 0.51
  71   94 0.54
  14   65 0.52
  40   46 0.67
  52  108 0.48
  19   83 0.26
  50   98 0.01
  67  100 0.51
  21   27 0.67
  34  102 0.04
  53   84 0.89
   0   11 0.14
  31   58 0.08
  48   66 0.48
  46  105 0.85

  19   70 0.40
  61   83 0.49
  58   87 0.99
  62  100 0.37
  23   49 0.90
  64   79 0.40
  16   29 0.85
   7   36 0.02
  55   74 0.47
  30   66 0.79
  17   71 0.44
  30   52 0.79
  53   97 0.32
  64   68 0.62
  63   94 0.04

   9   18 0.24
  52  120 0.46
  35   85 0.73
  60  123 0.95
  10   78 0.94
  27   42 0.43
  50  119 0.55
  52   71 0.15
  53  103 0.28
  42   48 0.71
  18   33 0.38
   5   23 0.90
  38   76 0.70
   9   27 0.16
  14   43 0.04

  51   80 0.98
   7   67 0.27
  46   57 0.52
  21   34 0.50
   8   74 0.25
   1   57 0.60
  54   82 0.74
  25   71 0.40
  27   44 0.47
   9   27 0.47
  31   81 0.02
  25   28 0.09
  16   72 0.09
  46   71 0.20
  14   35 0.85

  25   42 0.99
  32   91 0.17
  40  111 0.91
  44   82 0.21
  48   51 0.65
  49  119 0.40
  59  120 0.22
  37  102 0.29
  35   38 0.35
  32   85 0.03
  68   68 0.73
  35   80 0.00
   8   60 0.74
  13   60 0.06
  43  102 0.19

  15   81 0.06
  22   34 0.97
  39  101 0.08
  10   16 0.39
  65  124 0.19
  52   91 0.11
  10   29 0.95
  45  115 0.48
  33   46 0.91
  23   40 0.98
  61  109 0.75
  44   50 0.97
  23   85 0.78
  33   36 0.20
  64   93 0.21

