3 40 4
6   16  10   2  10  16  20

  87  249 0.72
 110  129 0.78
 151  201 0.27
 154  194 0.14
  18   64 0.31
 123  187 0.98
 141  266 0.80
 167  275 0.71
 164  312 0.59
  73   75 0.94
 113  138 0.44
  27  108 0.57
  85  161 0.21
 146  245 0.25
 114  228 0.50
 169  189 0.43
 100  262 0.45
 119  139 0.10
 119  180 0.47
  30  120 0.93
   2  109 0.24
  18  164 0.54
  66  238 0.24
  89  153 0.62
 102  222 0.44
 100  121 0.23
  43  129 0.38
  59  235 0.60
  76  159 0.97
 168  251 0.65
 142  156 0.02
 160  248 0.77
 106  250 0.57
 175  230 0.68
 102  128 0.74
  32  171 0.13
  61  195 0.95
  38  133 0.54
 155  170 0.32
  56  213 0.16

  41  120 0.88
 181  210 0.13
  98  118 0.81
 148  159 0.77
 168  212 0.06
  82  167 0.99
  91  184 0.16
  49  130 0.83
 164  265 0.77
 174  341 0.44
  48  169 0.29
 158  277 0.00
  87  142 0.03
 109  260 0.16
  67  145 0.55
 131  160 0.12
 129  264 0.82
  92  255 0.46
 136  299 0.90
 141  227 0.00
 131  218 0.00
  95  187 0.21
  45  219 0.90
 121  212 0.54
  44   98 0.42
  49   50 0.13
 126  270 0.18
  15   79 0.03
 177  326 0.34
  88  255 0.00
 117  227 0.05
  57  141 0.26
 129  193 0.42
  56   92 0.18
 105  123 0.77
 165  193 0.87
  89  131 0.09
 119  260 0.98
  70  152 0.53
 127  287 0.56

   5   49 0.40
  25   38 0.18
  45  187 0.72
  59  181 0.75
 135  150 0.04
 165  278 0.53
 180  324 0.59
  98  149 0.89
 116  212 0.55
 127  257 0.19
 120  216 0.08
  27  155 0.77
  20  184 0.11
  40   97 0.09
  58  239 0.32
 108  152 0.20
  58  238 0.78
  68  173 0.62
  55  114 0.83
  57  120 0.00
  13  160 0.67
  10   35 0.37
 171  277 0.33
 116  259 0.71
  69  132 0.02
 145  280 0.56
 168  347 0.87
 166  227 0.86
   8  140 0.11
  73  126 0.09
   3  132 0.35
  85  207 0.34
  87  198 0.16
 120  126 0.88
  63   69 0.09
 127  154 0.77
  52  214 0.83
 103  247 0.12
  37   96 0.22
  62  200 0.76

 182  201 0.80
  21  141 0.10
 123  183 0.82
  53  139 0.84
  32  186 0.67
 162  316 0.46
 180  319 0.76
 106  263 0.51
  46  153 0.02
   7  134 0.75
 177  221 0.13
  20   84 0.41
  97  186 0.87
 108  240 0.61
   5    7 0.30
 112  175 0.54
 140  320 0.60
 137  168 0.85
   6  183 0.29
  31  149 0.26
 110  226 0.34
 113  237 0.82
 105  196 0.51
 106  209 0.59
 138  152 0.58
 149  181 0.86
  94  220 0.30
  96  241 0.50
  85  140 0.61
  78  203 0.39
  86  108 0.46
  48  201 0.97
  96  112 0.28
 101  212 0.02
   9  105 0.50
 131  138 0.32
  30  183 0.36
  86  180 0.80
  77   84 0.43
 100  224 0.89

  55  216 0.66
  34   86 0.23
  35  142 0.76
  66  124 0.45
  29   34 0.77
 181  349 0.64
 107  186 0.14
  13   41 0.52
 102  285 0.91
 112  251 0.43
 146  315 0.07
  56  126 0.80
 123  172 0.94
  39  145 0.27
  73  105 0.90
  94  205 0.13
   7   73 0.48
  22  147 0.87
  50   67 0.49
 168  317 0.59
  91  155 0.94
  24  127 0.36
 102  192 0.70
 182  199 0.13
  97  224 0.81
  16  191 0.84
  34   45 0.14
  53  194 0.21
  39   97 0.13
   4  145 0.50
  27  149 0.59
 112  178 0.85
 117  284 0.69
 158  301 0.24
  46  213 0.00
  82  200 0.52
  74  154 0.62
 165  314 0.62
  60  196 0.79
  75  184 0.08

   3    3 0.56
 141  225 0.76
  69   98 0.79
 129  152 0.38
 181  320 0.38
  66   90 0.13
  36  195 0.18
  57   66 0.43
  61  230 0.74
 179  272 0.17
  50  159 0.73
 102  214 0.87
  53  193 0.33
  93  155 0.36
  95  254 0.73
 114  220 0.19
  73  193 0.39
 109  163 0.64
 158  188 0.64
 139  217 0.67
  25  180 0.66
 123  266 0.26
  23  115 0.98
 120  295 0.88
  49  111 0.28
 179  316 0.36
  50  163 0.69
  52  200 0.90
 135  137 0.58
  29   89 0.02
 129  279 0.92
 122  126 0.70
  60  235 0.94
   0   17 0.77
  15  164 0.34
  18  177 0.46
 118  231 0.15
  27  128 0.08
  16   48 0.09
 107  242 0.70

