3 25 8
12    2  16  16  16   4   4  10  10  20   4  20   4

  39   53 0.92
  56   83 0.52
  38   43 0.47
  49   53 0.21
  20   45 0.81
  32   59 0.50
  61   64 0.18
   8   28 0.63
  26   37 0.62
  57   66 0.62
  60   60 0.42
  39   43 0.75
  22   32 0.51
  27   41 0.72
  48   50 0.98
  30   58 0.90
  17   41 0.62
  49   73 0.83
   3   14 0.55
   7   33 0.95
   9   10 0.80
  18   31 0.34
  34   35 0.63
  53   67 0.47
   9    9 0.43

  30   43 0.62
  54   80 0.20
  49   71 0.21
  30   48 0.10
  21   32 0.15
  22   34 0.93
   7   33 0.55
  56   86 0.15
  56   69 0.64
  36   55 0.93
  18   29 0.26
  50   54 0.27
  61   64 0.83
  29   31 0.08
   9   33 0.59
  33   38 0.82
  38   42 0.49
  51   66 0.82
   2   19 0.63
  12   31 0.53
  13   29 0.90
  31   57 0.06
  62   93 0.25
  54   80 0.04
  16   17 0.08

  45   75 0.58
  15   19 0.01
  55   69 0.04
  12   31 0.13
  61   87 0.79
  18   34 0.88
  56   78 0.89
  37   60 0.94
  27   28 0.52
  14   18 0.25
  58   82 0.24
  24   42 0.41
   3    3 0.51
  51   61 0.10
   7   13 0.83
  25   53 0.49
   7   23 0.84
  50   70 0.76
  33   42 0.13
  19   41 0.53
   8   36 0.77
  16   37 0.20
  15   28 0.21
  18   29 0.35
  57   77 0.89

  48   78 0.35
  24   36 0.57
  17   28 0.18
  18   36 0.11
  41   67 0.59
  40   71 0.04
  43   47 0.46
  59   70 0.34
  34   46 0.54
  24   25 0.99
  51   53 0.67
  30   56 0.68
  12   19 0.46
  30   35 0.75
   2   10 0.28
  31   40 0.04
  58   72 0.02
  62   89 0.40
   3   19 0.53
  31   32 0.67
  34   48 0.89
   0   30 0.29
  63   63 0.55
  35   55 0.16
  36   61 0.17

  57   58 0.64
  52   66 0.46
  26   34 0.02
  23   27 0.98
  10   36 0.03
   2   23 0.71
   1    7 0.51
  58   61 0.51
   9   24 0.64
  53   77 0.56
   4    6 0.07
  51   55 0.63
  32   32 0.53
   6   29 0.61
   2   14 0.40
  22   32 0.36
   6   26 0.59
  53   69 0.80
  26   50 0.75
  60   72 0.53
  29   36 0.68
  19   44 0.16
  38   49 0.46
  36   49 0.63
  37   56 0.11

  40   67 0.58
  32   39 0.92
  17   46 0.58
   2   32 0.00
   8   25 0.93
  18   42 0.08
  32   47 0.71
  48   52 0.03
  45   46 0.02
  27   57 0.75
  22   51 0.72
  45   51 0.37
   9   35 0.06
  51   80 0.87
  38   64 0.46
  44   63 0.45
  28   43 0.15
  25   28 0.33
  12   34 0.67
  36   56 0.63
  11   31 0.48
   7   32 0.29
   4   27 0.09
   6   35 0.76
  44   67 0.82

  57   70 0.67
  39   61 0.02
   9   27 0.57
  63   63 0.08
  16   46 0.43
  32   56 0.00
  48   72 0.28
   8   20 0.09
  27   36 0.52
  64   79 0.42
  22   52 0.36
  58   65 0.75
  12   31 0.46
  11   28 0.00
  21   31 0.27
  32   41 0.74
   3   26 0.27
  37   60 0.44
  46   53 0.86
  29   47 0.56
  37   54 0.06
  46   70 0.30
  41   56 0.76
  30   39 0.24
  41   53 0.36

  46   53 0.58
  51   72 0.63
  43   60 0.68
  61   69 0.16
  35   46 0.00
  51   73 0.12
  25   39 0.83
  42   57 0.15
   6   36 0.67
  20   20 0.45
  18   41 0.17
  55   81 0.18
  14   22 0.09
  17   19 0.83
  15   43 0.09
  45   76 0.21
  47   76 0.22
  44   65 0.93
  23   49 0.78
  60   89 0.08
   2   23 0.71
   0   11 0.66
  57   85 0.34
  60   70 0.40
  10   20 0.37

   8   31 0.67
  35   56 0.68
  28   55 0.17
  53   77 0.18
  35   63 0.70
  11   39 0.94
  50   71 0.13
  39   55 0.44
  59   84 0.04
  41   49 0.81
   9   28 0.12
  51   80 0.85
  63   84 0.69
  56   68 0.11
   3   27 0.38
   0   27 0.22
  43   50 0.60
  10   31 0.58
  23   46 0.29
  23   44 0.58
  28   36 0.73
  49   50 0.80
   7    8 0.80
  35   66 0.04
  56   84 0.84

  62   64 0.46
  60   74 0.67
   8   27 0.96
  10   40 0.23
  58   78 0.97
  37   52 0.68
  27   43 0.67
  37   48 0.50
  44   72 0.54
  29   47 0.53
  19   34 0.71
  52   70 0.05
  28   30 0.86
  50   72 0.68
   5   13 0.61
  38   63 0.91
  16   32 0.78
  62   79 0.84
   4   10 0.75
  46   64 0.82
  53   64 0.75
  40   40 0.97
  43   49 0.93
  55   55 0.14
  14   31 0.08

  29   43 0.54
  49   71 0.59
  36   40 0.65
  52   73 0.51
  26   34 0.25
  47   59 0.86
   7   18 0.04
  11   35 0.18
  25   56 0.59
  26   30 0.23
  57   85 0.35
  48   56 0.00
   5   35 0.16
  46   76 0.74
  29   59 0.58
  55   84 0.95
   7   22 0.77
   4   28 0.83
  24   32 0.36
   2   19 0.07
  11   19 0.53
   0    8 0.33
   0   13 0.78
  15   16 0.51
  30   57 0.33

  42   71 0.60
   3   10 0.92
  28   30 0.35
  18   47 0.68
  10   33 0.34
  55   57 0.08
  11   16 0.82
  52   74 0.06
  60   64 0.64
  26   38 0.96
  30   44 0.44
   3   13 0.95
  35   64 0.19
  49   75 0.69
  17   35 0.71
  13   20 0.79
  31   31 0.44
  13   42 0.76
  58   74 0.58
  20   36 0.96
  47   62 0.55
  42   49 0.32
  15   32 0.67
  52   60 0.80
   6   15 0.27

