5 15 4
12   16   2   2  10   2  16  10  16   4  10  10   4

  48   66 0.28
  13   24 0.77
   0    3 0.96
  41   76 0.16
  49   71 0.55
  51   79 0.12
   5   16 0.20
  47   79 0.22
  54   74 0.59
  19   19 0.94
  26   51 0.29
  49   85 0.16
  19   22 0.68
  38   40 0.57
  53   75 0.21

  10   35 0.06
  30   52 0.78
  10   35 0.29
  56   74 0.06
  24   53 0.33
  27   64 0.10
  20   39 0.46
   5   34 0.05
  55   66 0.11
  48   59 0.71
  43   78 0.36
  47   81 0.32
   9   46 0.09
   9   23 0.29
   8   27 0.34

  39   54 0.47
  38   47 0.61
  47   53 0.41
  26   62 0.88
   0   36 0.77
  45   54 0.25
  44   47 0.29
  12   39 0.41
  44   62 0.02
  53   68 0.79
   6   26 0.70
  18   42 0.54
  47   58 0.32
  25   57 0.81
  17   52 0.59

   5   11 0.05
   5   15 0.19
  16   36 0.27
  34   66 0.04
  55   64 0.76
  53   56 0.86
  23   49 0.58
  11   28 0.48
  49   78 0.10
  34   68 0.36
  56   88 0.96
  24   41 0.43
  53   65 0.18
  21   36 0.62
  20   24 0.82

  43   44 0.87
  52   67 0.11
  52   88 0.13
  42   62 0.09
  40   67 0.75
  17   45 0.61
  52   58 0.62
   0   23 0.04
  28   54 0.92
  20   30 0.15
  33   59 0.56
  46   49 0.61
  17   41 0.36
   5   28 0.40
  52   73 0.27

  55   85 0.35
  25   32 0.81
  47   59 0.94
  39   49 0.15
  47   48 0.82
  44   48 0.64
  22   33 0.35
  17   51 0.07
  36   49 0.74
  11   16 0.82
  21   40 0.02
   8   41 0.23
   1   31 0.05
  25   39 0.14
  44   48 0.35

  42   62 0.06
   1    3 0.70
  33   51 0.75
  27   41 0.70
  17   43 0.89
  55   85 0.87
  26   48 0.75
  17   54 0.14
  10   26 0.84
  38   43 0.85
  14   22 0.36
  49   51 0.84
  27   48 0.94
  42   59 0.32
  28   48 0.42

  29   34 0.93
   4   11 0.60
  11   46 0.36
  18   44 0.54
  24   58 0.68
  55   70 0.17
  20   55 0.38
   3    7 0.57
  39   75 0.07
  29   31 0.68
   3   15 0.79
  13   46 0.05
  25   59 0.30
  39   76 0.81
  24   60 0.48

  36   60 0.44
  26   30 0.22
  38   51 0.26
  31   43 0.91
   8   15 0.01
  48   68 0.31
   2   20 0.02
  44   79 0.57
  42   74 0.99
  19   43 0.95
  37   51 0.39
  15   28 0.41
  56   90 0.19
  25   54 0.16
  32   47 0.04

  16   53 0.44
   7   42 0.91
  35   47 0.48
  48   73 0.03
  30   59 0.54
   2   18 0.00
  12   38 0.20
  33   59 0.12
  43   65 0.48
  15   25 0.08
  18   54 0.92
   9   16 0.31
  55   88 0.50
  50   51 0.79
  41   49 0.53

  27   42 0.72
  44   45 0.55
   8   23 0.81
   5   11 0.19
  56   58 0.08
  38   41 0.00
  32   68 0.42
  47   76 0.92
   6   36 0.65
  17   30 0.65
  13   24 0.66
  36   69 0.89
   8   30 0.87
  12   23 0.46
  53   88 0.07

  23   33 0.96
  26   39 0.49
  45   67 0.73
   9   41 0.07
  44   81 0.78
  18   23 0.26
  19   38 0.99
  53   71 0.85
  29   65 0.26
  11   13 0.29
   4   40 0.89
  33   44 0.56
   9   33 0.21
   7   19 0.14
  36   51 0.36

