5 30 4
6   10   4  10   2   2  10

   7    7 0.48
   5   15 0.01
   3    4 0.89
   7   11 0.67
   3    8 0.19
  11   17 0.33
   8   16 0.06
   4   11 0.44
  10   20 0.43
   6   11 0.87
   2    2 0.52
   0    9 0.23
   0    4 0.29
   8   21 0.02
   3    4 0.79
   8   10 0.23
   8   10 0.36
   9   20 0.90
  12   14 0.00
   2    4 0.71
  10   18 0.93
  11   19 0.97
   1   12 0.13
  10   22 0.89
   0   11 0.29
   6   14 0.33
   0   10 0.47
  10   20 0.12
  10   10 0.38
   5   11 0.50

   1   12 0.72
   7   17 0.51
   5   16 0.43
   9   11 0.51
   9   15 0.70
   0   13 0.79
   1    9 0.73
   5    7 0.57
   9   10 0.70
   4   12 0.13
  10   21 0.22
   5    5 0.44
   7   10 0.37
   1    1 0.96
  11   24 0.96
   5    5 0.45
  10   20 0.35
   6   17 0.15
   8   16 0.18
   5   11 0.91
  13   24 0.49
   5    9 0.11
  13   20 0.45
   1   11 0.17
  13   14 0.45
  10   17 0.38
   5    8 0.26
   0    3 0.16
   1    4 0.23
  10   19 0.20

   5    7 0.22
  11   12 0.06
   6    6 0.11
   2   15 0.27
   9   19 0.91
  10   18 0.70
  12   24 0.93
  12   21 0.84
  11   15 0.13
   0    1 0.40
  12   25 0.40
   2   15 0.52
   6    8 0.40
   6   18 0.52
  13   20 0.14
   2   15 0.11
  11   22 0.00
  13   17 0.67
  13   17 0.75
   5   16 0.01
  12   15 0.77
  10   13 0.86
   7   14 0.96
   7   17 0.70
   9   22 0.37
   1    4 0.34
   9   22 0.86
  10   16 0.22
   7   13 0.06
   3   12 0.26

   5   15 0.59
  10   12 0.25
  12   19 0.89
   9   15 0.71
   5   12 0.01
   0    5 0.48
   5   18 0.19
   7   16 0.65
   5   15 0.29
  12   18 0.13
  12   17 0.34
   6   12 0.36
   4   10 0.86
   8   11 0.55
   8   21 0.76
  10   23 0.98
   8   14 0.87
  10   14 0.33
   6    8 0.26
   1    6 0.18
   3    6 0.37
   8   14 0.23
   3    4 0.21
   1   11 0.49
   4   12 0.48
   6    8 0.50
  13   14 0.88
  10   20 0.38
  11   23 0.52
   2   13 0.46

   6   12 0.17
  12   20 0.67
  10   10 0.11
  12   20 0.77
   8   21 0.64
   6   12 0.86
   8   13 0.42
  11   14 0.18
  10   15 0.20
   6   15 0.78
   6   11 0.92
   4   16 0.02
   5    5 0.46
   4    5 0.39
   3   16 0.38
  10   15 0.70
   9   11 0.11
   7   17 0.32
   2   15 0.00
   6   13 0.61
  13   17 0.10
   0   11 0.90
   1    2 0.87
  10   13 0.11
   5    9 0.25
   1   10 0.48
  12   17 0.91
   3    9 0.23
   9   12 0.99
   7    9 0.98

  11   16 0.15
   5    5 0.33
  10   10 0.02
   4    8 0.35
   3   10 0.11
  11   17 0.95
   3   11 0.58
   9   21 0.35
  11   14 0.26
   5   14 0.94
  13   22 0.18
  10   21 0.71
   9   19 0.37
  11   18 0.91
   0    3 0.41
   4    7 0.58
   6   12 0.11
   0    0 0.28
   7   19 0.57
   8   20 0.28
  10   19 0.69
  12   17 0.63
   7   20 0.67
   8   10 0.61
   7   16 0.07
  13   17 0.17
   9   12 0.94
   9   10 0.81
  13   24 0.16
   2    9 0.63

