4 20 8
12   10   2  20  10   2   2   4  10  10   2  16  10

  11   38 0.43
  13   26 0.96
   6   13 0.35
  19   23 0.53
  18   19 0.28
   6   13 0.72
  23   29 0.49
  19   43 0.74
   1    7 0.41
  12   25 0.82
  28   53 0.06
  27   30 0.46
  19   33 0.73
  14   35 0.77
   6    7 0.46
   6    9 0.29
   0   18 0.67
   9   12 0.23
  27   27 0.71
  28   42 0.98

  15   20 0.65
   5   11 0.44
  29   39 0.56
  20   42 0.25
  26   47 0.56
  10   32 0.64
  21   41 0.54
  16   44 0.23
   2   10 0.98
   6   29 0.63
  23   25 0.67
  15   26 0.12
  22   30 0.25
  24   27 0.75
  18   21 0.46
   1   23 0.32
  22   34 0.18
  17   29 0.04
  15   40 0.06
  20   22 0.66

   5   21 0.59
  15   22 0.43
  23   44 0.71
  12   33 0.49
   4   31 0.20
  19   19 0.87
  16   29 0.17
  19   20 0.64
  18   24 0.00
  18   25 0.56
   2   15 0.54
   1    7 0.47
  26   49 0.54
   3   27 0.57
  25   46 0.63
  17   46 0.59
   7   18 0.15
  22   37 0.26
  22   25 0.46
   5   10 0.91

  17   38 0.35
  16   20 0.45
   4   16 0.22
  21   46 0.16
  12   15 0.87
   5   30 0.69
  22   38 0.47
   0   12 0.66
  18   37 0.17
  11   21 0.00
  15   36 0.28
   9   10 0.39
  22   24 0.48
   1   12 0.75
  24   30 0.19
   8   16 0.80
   3    5 0.54
  24   24 0.08
  14   32 0.11
   6   21 0.39

   6   23 0.39
  25   28 0.91
  27   52 0.43
  12   20 0.80
  23   26 0.73
  25   42 0.18
  14   28 0.34
  12   18 0.50
  11   25 0.53
   4   29 0.79
  26   28 0.89
  25   28 0.16
   0   14 0.24
  19   30 0.54
  19   31 0.97
  27   32 0.88
   1   29 0.30
   8   29 0.48
   1   26 0.58
   8   17 0.51

   2   10 0.05
   3   20 0.28
   8   12 0.59
  10   24 0.23
  14   33 0.86
   7   13 0.19
  29   46 0.79
  26   40 0.09
  14   32 0.84
  28   47 0.43
  22   23 0.35
   5   25 0.97
   6   19 0.01
  27   54 0.76
  22   37 0.82
  28   41 0.52
   2   29 0.97
   9   13 0.08
   1   29 0.82
  11   22 0.00

  27   55 0.80
  26   48 0.84
   1    8 0.16
  27   38 0.46
  13   30 0.80
  19   21 0.22
  13   23 0.78
  25   32 0.27
   5   20 0.24
  15   41 0.68
  29   42 0.78
  18   45 0.68
  25   26 0.87
  12   27 0.13
  25   46 0.38
  17   17 0.21
  21   38 0.12
   6   29 0.63
   7   25 0.91
  16   45 0.31

  13   26 0.33
   5   28 0.25
  29   40 0.23
   8   15 0.92
  24   35 0.09
  10   30 0.74
  14   26 0.26
  19   32 0.07
   5   26 0.55
   8   27 0.38
  10   27 0.07
   1    2 0.16
   7   15 0.40
  16   26 0.56
  29   45 0.06
  19   25 0.86
  20   27 0.08
   2   19 0.16
  29   51 0.78
  29   46 0.07

   0    6 0.08
  16   26 0.02
   9   23 0.85
   5   25 0.59
   7   19 0.46
  19   31 0.87
  10   10 0.99
  21   37 0.80
  21   31 0.38
  14   17 0.42
   4   32 0.38
   2   31 0.94
  12   17 0.17
   1   19 0.86
   9   30 0.69
  21   44 0.83
  21   26 0.87
   4   20 0.62
   8   36 0.08
  17   19 0.81

  22   27 0.25
  15   15 0.85
  26   34 0.41
  17   41 0.45
  14   41 0.43
  18   45 0.88
  21   37 0.17
  17   42 0.66
  15   30 0.63
  28   50 0.65
  25   54 0.72
   0    8 0.39
  19   30 0.94
   6    6 0.01
   6   35 0.01
  16   33 0.22
  29   31 0.27
  14   28 0.09
   4   26 0.36
   7   10 0.18

   3    3 0.13
  16   26 0.12
  15   34 0.18
   4    9 0.10
  25   31 0.00
  10   10 0.89
  26   40 0.30
  27   30 0.02
  15   32 0.32
   0   16 0.03
  22   42 0.73
  20   23 0.02
  14   36 0.77
   2   30 0.92
   4   14 0.11
  18   41 0.45
  13   38 0.43
  10   35 0.27
  11   17 0.15
   4   10 0.40

  16   33 0.21
  29   56 0.68
  16   20 0.34
  12   18 0.11
  12   37 0.27
  22   45 0.34
   2   20 0.91
  29   43 0.79
  22   37 0.52
   3   24 0.35
  23   25 0.74
   5   28 0.94
  11   25 0.56
  29   38 0.07
  23   23 0.69
  12   17 0.75
  28   44 0.71
  17   46 0.30
   3    5 0.22
  17   23 0.57

