4 15 4
12   10  16  20  20   2  10   2   4  10   2  20  10

   2   32 0.23
  53   61 0.95
   8   54 0.00
  55   57 0.12
  17   37 0.73
   5   62 0.98
  55   67 0.97
  45   99 0.16
  55   76 0.32
  53   61 0.29
  41   44 0.54
  37   87 0.11
  13   55 0.24
   5   54 0.37
  55   83 0.88

  44   68 0.01
  21   62 0.56
  28   34 0.63
  16   38 0.36
  19   62 0.73
   5   27 0.94
  11   12 0.38
  56  114 0.89
   8   36 0.29
  46  104 0.78
  10   11 0.28
  54   91 0.20
  18   59 0.15
   9   53 0.58
  12   16 0.44

   8   29 0.30
   7   38 0.34
   6   44 0.53
  11   52 0.00
  13   54 0.62
  22   52 0.65
   9   17 0.41
  53   75 0.72
  50   87 0.72
  21   51 0.57
  57   64 0.22
  20   62 0.95
   2   47 0.10
  20   37 0.33
  14   60 0.72

  46   82 0.49
  54   78 0.21
  50   61 0.74
  23   25 0.92
  58   59 0.73
  31   83 0.90
  47   89 0.51
  30   53 0.99
  36   88 0.08
  23   42 0.34
  47  102 0.03
  27   55 0.38
  26   32 0.26
  43  101 0.91
  45   95 0.28

  22   56 0.93
  10   30 0.47
  50   60 0.84
  19   35 0.27
  26   42 0.98
   5   18 0.13
  10   62 0.91
  14   37 0.26
  48   56 0.04
  48   62 0.84
  34   36 0.29
  30   70 0.61
  26   65 0.81
  15   45 0.66
  16   33 0.46

  40   89 0.32
  46   96 0.45
  36   84 0.44
  36   45 0.98
   2   40 0.96
  36   41 0.16
   7   15 0.54
  46   55 0.44
  41   66 0.28
  21   31 0.38
  23   29 0.75
  52   95 0.25
  39   48 0.59
  38   43 0.15
  38   47 0.11

  36   78 0.03
  54   57 0.20
  12   13 0.01
  35   81 0.45
   4   12 0.54
  52   93 0.16
  24   65 0.14
  44  101 0.67
  37   44 0.63
  48   94 0.66
  47   48 0.10
  19   30 0.97
   7   46 0.32
  29   64 0.92
  46   72 0.62

   3   50 0.21
  36   60 0.44
  17   20 0.38
  26   48 0.77
  55   97 0.71
  29   66 0.75
   1   47 0.59
   4   51 0.59
  48   61 0.37
   7    8 0.52
  35   59 0.30
  11   20 0.79
  53   70 0.44
  20   55 0.18
  27   45 0.58

  48   70 0.26
  36   42 0.14
  37   43 0.36
  26   53 0.85
  34   67 0.85
  14   54 0.79
  19   34 0.36
  30   49 0.39
  11   28 0.09
  50   69 0.97
  27   85 0.86
  13   41 0.63
  31   41 0.77
   5   26 0.91
   7    8 0.61

  39   44 0.37
   5   49 0.08
  34   69 0.09
   2   56 0.78
  39   76 0.81
   7   41 0.46
  19   43 0.58
  57   81 0.52
  48   74 0.79
  31   85 0.69
  25   78 0.26
  47   69 0.35
  56   99 0.24
   8   27 0.59
  54   80 0.70

  12   69 0.76
   0   47 0.84
  52   60 0.37
  12   62 0.97
  28   39 0.61
  17   58 0.65
  24   54 0.21
  13   57 0.04
  16   36 0.34
  10   15 0.55
  38   73 0.08
  30   68 0.01
  21   33 0.23
  12   50 0.68
  37   67 0.95

  23   75 0.99
  48   97 0.99
  44  100 0.42
  40   92 0.80
   7   10 0.41
   9   20 0.85
  30   37 0.39
  40   98 0.91
   6   20 0.21
   6   52 0.41
   2   40 0.61
  57   71 0.50
  50   88 0.86
  41   86 0.41
  24   47 0.46

