4 30 8
6   10  10  10  10  10   2

  19   23 0.00
  21   32 0.64
  15   19 0.04
   4    7 0.42
   1    5 0.77
  16   24 0.71
   7   10 0.26
  11   11 0.24
   5    8 0.46
  19   19 0.03
  10   14 0.64
  22   30 0.76
   3    4 0.97
   2    2 0.11
   6    6 0.19
   5   16 0.07
  20   23 0.67
  20   23 0.61
  11   19 0.98
  21   31 0.39
  10   10 0.41
  23   32 0.83
   7   12 0.81
  19   29 0.12
   4   12 0.41
   2   13 0.02
  22   31 0.17
   9   19 0.24
   3   13 0.46
   3   14 0.48

  16   21 0.59
  14   19 0.74
  21   29 0.14
   3    8 0.60
   4   11 0.99
  19   21 0.85
  18   19 0.47
  15   18 0.49
   5    6 0.67
  12   17 0.52
   4    7 0.21
   1    7 0.55
  20   22 0.05
  20   27 0.73
  20   21 0.74
  15   16 0.62
  14   25 0.50
  12   14 0.47
   2    4 0.74
   2   12 0.87
   6   15 0.03
   5    7 0.72
  20   27 0.96
  17   27 0.00
   5    7 0.64
  20   23 0.83
  10   20 0.76
  23   27 0.74
  16   16 0.27
   6    8 0.61

   8   16 0.47
  11   20 0.93
  18   20 0.02
  21   31 0.37
  21   26 0.05
   6   17 0.49
  11   19 0.49
  17   24 0.49
  11   12 0.17
  11   15 0.19
   8    9 0.62
   3    7 0.75
  16   26 0.46
   3   11 0.78
   5    5 0.98
  22   33 0.25
   3   14 0.16
  22   32 0.66
   8   11 0.99
  15   18 0.21
  10   21 0.70
   9   17 0.21
  14   18 0.95
   8   10 0.17
   3    6 0.78
  12   13 0.97
  11   18 0.92
  23   24 0.41
   9    9 0.90
  11   17 0.45

  21   29 0.89
  12   19 0.65
   1    1 0.53
  16   19 0.04
   2    8 0.08
   3    9 0.68
  12   19 0.32
  15   22 0.02
  19   23 0.56
  23   34 0.41
  14   24 0.47
  19   30 0.53
   0    3 0.38
  16   25 0.90
  16   20 0.54
   0    5 0.39
   5   12 0.95
   6   17 0.87
   2   13 0.21
   8   16 0.81
   5    6 0.80
  22   27 0.89
  13   21 0.66
   2    7 0.00
  13   23 0.44
  21   25 0.82
   8   14 0.01
  15   25 0.54
   3   10 0.02
  12   22 0.54

   0    0 0.14
  23   33 0.27
  15   20 0.75
   3   12 0.07
  12   23 0.05
   5   11 0.20
  10   11 0.86
   9   20 0.90
  17   23 0.91
  14   25 0.20
  14   24 0.34
   3    5 0.74
   2    8 0.36
   8   17 0.02
  13   23 0.11
   3   10 0.40
  20   21 0.77
   0    6 0.67
   6   17 0.56
  19   24 0.19
   1    3 0.98
  13   19 0.37
   4    4 0.60
  18   21 0.98
  10   21 0.43
  12   13 0.55
   9   20 0.68
  14   20 0.84
  10   20 0.27
  19   29 0.26

   3    7 0.56
  19   19 0.15
  15   23 0.17
  18   21 0.64
  21   31 0.33
  12   20 0.31
  11   18 0.23
   7   12 0.34
   8   16 0.66
  15   26 0.08
  12   14 0.43
   2   12 0.68
   2   13 0.66
   6   17 0.63
   0   11 0.72
   9   13 0.64
  15   18 0.25
  12   23 0.94
  12   17 0.14
  21   22 0.19
  22   26 0.45
  21   32 0.14
   7    9 0.78
  12   16 0.47
  15   16 0.35
  17   17 0.48
   9   20 0.08
   8   13 0.80
  19   29 0.22
   2    4 0.70

