5 20 8
12   16   4  10  20   4   2  10   2   2   4  16  10

   5   16 0.74
   5    6 0.08
   2    4 0.19
   4   18 0.94
  10   18 0.82
   3    7 0.95
   1    5 0.87
   2   17 0.77
   0   12 0.90
   2   20 0.39
   4   25 0.40
  10   14 0.36
  11   24 0.43
   7   27 0.17
   4   20 0.67
   9   12 0.63
  10   10 0.29
   8   19 0.89
  10   16 0.05
   6   25 0.05

   9   29 0.26
   7   11 0.73
  10   28 0.68
   8   18 0.27
   6   16 0.49
   1    1 0.37
   8    8 0.67
   5   16 0.35
   8   16 0.08
   4   20 0.00
  11   19 0.75
   6   27 0.40
  10   13 0.66
   9   25 0.90
   2   26 0.41
   3   24 0.23
   3   19 0.37
   6   23 0.28
   8   25 0.73
   5    9 0.68

   6   14 0.38
   7    7 0.53
  10   15 0.98
  11   26 0.29
   4   24 0.40
   2   18 0.11
   3   26 0.99
  10   22 0.18
   0   16 0.86
   1   10 0.38
   3    9 0.65
   5   10 0.38
   3   13 0.68
   0   23 0.79
   9   16 0.59
   0    3 0.45
   8   31 0.33
   3    5 0.68
   7   30 0.31
   7   27 0.51

   6   13 0.87
   1    6 0.86
  10   22 0.02
   6   25 0.24
   4   20 0.94
   9   16 0.07
   2    6 0.46
   6   29 0.64
   5   14 0.94
   4    9 0.98
   1    3 0.89
  11   18 0.49
   8   31 0.31
   3   24 0.28
   7   26 0.85
   5    7 0.60
   1   16 0.30
  11   16 0.60
  10   15 0.38
   7    9 0.33

   0   20 0.34
  11   30 0.29
   8   20 0.36
  11   17 0.06
  10   33 0.43
   0    9 0.47
  10   25 0.79
  10   29 0.25
   7   31 0.74
   3   12 0.92
   3    3 0.91
   7   26 0.76
  11   15 0.73
   7   15 0.16
   0   23 0.84
  11   24 0.41
   4   10 0.01
   5   20 0.63
   9   29 0.25
   2   20 0.66

   3   15 0.70
   1   22 0.49
   5   16 0.87
   8   32 0.38
   6    9 0.97
  10   26 0.31
   5    7 0.77
   5   28 0.81
   1   15 0.32
   9   24 0.44
   7    9 0.45
  10   14 0.01
   3   13 0.98
   8   17 0.67
   8   12 0.90
   1   21 0.11
   7   17 0.21
   8   29 0.96
   6   11 0.36
  11   15 0.80

   6   17 0.60
   2   11 0.64
   5   11 0.21
   1   18 0.99
   4   22 0.20
   6   29 0.25
   0    1 0.22
   0   13 0.62
  11   34 0.87
   6   22 0.33
   0   21 0.27
   9   16 0.15
  11   29 0.15
   1   13 0.46
   7   25 0.67
   4   10 0.74
  11   16 0.21
   2    7 0.67
   5   15 0.09
   6   11 0.20

   8   18 0.38
   8   22 0.57
  11   20 0.56
   5   20 0.07
   4   28 0.17
   2    4 0.60
   4    4 0.59
   3   11 0.59
   4   14 0.37
   0   23 0.99
   1   10 0.20
  11   32 0.11
   1   10 0.68
  10   17 0.69
   4   20 0.87
   4    8 0.84
  11   35 0.56
   7   20 0.66
   8   16 0.92
  11   33 0.85

   8   29 0.37
  11   28 0.22
   7   23 0.32
  11   15 0.73
   0   12 0.20
   9   13 0.65
   0   23 0.00
   2   21 0.21
   1   16 0.02
   9   13 0.67
  10   31 0.47
   2   18 0.78
   1   17 0.73
   8   19 0.08
   5   13 0.55
   9   28 0.89
  10   14 0.87
   0   21 0.11
   3    5 0.34
   5   20 0.36

  10   14 0.99
   6   30 0.71
   6   10 0.58
   6   18 0.44
   4   12 0.93
   2    2 0.23
   5   13 0.85
  10   13 0.40
   1   25 0.72
   1   19 0.74
   8   26 0.81
   2   20 0.26
   2    3 0.54
   9   15 0.01
   1   11 0.80
  10   34 0.11
   6   29 0.38
   8   32 0.65
  11   25 0.75
   3    7 0.67

   7   12 0.97
   6   27 0.67
   8   24 0.85
   7   16 0.97
  10   26 0.68
   2   22 0.91
   2   17 0.02
   2   24 0.81
   3   17 0.20
   7   31 0.25
   6   25 0.04
   6   20 0.60
   2   25 0.48
   8   27 0.81
   2   24 0.93
   0    8 0.61
  11   13 0.83
   7   31 0.09
  11   16 0.41
   1   19 0.73

   3   19 0.68
   1    5 0.66
   6   23 0.91
  10   23 0.63
  11   15 0.62
   2   15 0.39
   6   16 0.75
   8   13 0.04
   5    8 0.35
   7    7 0.86
   1   25 0.57
  11   16 0.57
   9   10 0.13
   2    7 0.33
   1    5 0.44
   2    9 0.59
  10   13 0.87
   9   18 0.82
   5   13 0.32
   3    8 0.38

