5 15 8
12   10   4   2  10  10  10  10  10  16   2   4  10

   1   14 0.49
   2    9 0.52
   4   15 0.30
   1    6 0.43
   5   19 0.98
   6   18 0.23
   3    5 0.17
   6    8 0.75
   2   12 0.17
   8   14 0.73
   1   13 0.02
   4    8 0.89
   5   22 0.18
   5    5 0.05
   5   20 0.80

   7   13 0.55
   3   19 0.47
   2   17 0.10
   7   11 0.32
   4   13 0.91
   6   20 0.51
   2    4 0.31
   2    3 0.14
   7    8 0.21
   2   13 0.66
   0   15 0.57
   4   21 0.95
   3   19 0.34
   2   19 0.88
   7    8 0.79

   5    8 0.27
   2   12 0.57
   6   10 0.02
   1    3 0.17
   2   15 0.49
   1   11 0.29
   3    4 0.39
   4   11 0.92
   4   20 0.70
   6    7 0.29
   0    1 0.03
   3   19 0.41
   4   14 0.72
   6   14 0.35
   2    8 0.74

   4   16 0.07
   5   20 0.23
   3    9 0.41
   6   23 0.79
   4    6 0.63
   7   19 0.25
   3   19 0.09
   3   12 0.56
   0    5 0.63
   5   13 0.65
   6   21 0.15
   8   24 0.05
   6    6 0.93
   3   19 0.16
   8   17 0.25

   8   21 0.99
   1   17 0.49
   8    9 0.03
   5   22 0.74
   7   10 0.55
   5   22 0.04
   5   16 0.28
   3    9 0.46
   3   16 0.89
   3    3 0.66
   6   11 0.77
   0    0 0.17
   1   12 0.34
   2   18 0.63
   1   14 0.98

   1    2 0.71
   3    7 0.14
   0    6 0.78
   4   21 0.18
   4   19 0.88
   7   22 0.67
   5    6 0.30
   5   11 0.08
   6   13 0.95
   8   18 0.99
   3   14 0.57
   0    7 0.70
   1    6 0.08
   4   13 0.58
   2   19 0.90

   0    9 0.25
   5   21 0.49
   4   21 0.58
   4   17 0.26
   4   15 0.71
   4   18 0.08
   2   12 0.67
   4   18 0.05
   2   11 0.14
   7   16 0.20
   3   13 0.38
   5   14 0.34
   3   12 0.42
   5   17 0.25
   6    7 0.35

   1   17 0.05
   1   17 0.01
   5   14 0.45
   8   18 0.79
   4   10 0.84
   8   10 0.25
   6    8 0.40
   5   13 0.45
   4    4 0.68
   8   19 0.14
   6   21 0.30
   4   12 0.16
   0    4 0.05
   3    6 0.20
   4   10 0.80

   4    5 0.08
   4   19 0.67
   1   12 0.72
   3   17 0.27
   5   17 0.78
   6   21 0.70
   4   14 0.62
   2   17 0.20
   1    7 0.82
   0   13 0.41
   3   18 0.50
   5   18 0.17
   3   12 0.74
   3   13 0.95
   5    5 0.12

   6   14 0.27
   1    1 0.85
   6    7 0.35
   2   19 0.25
   6   23 0.14
   0    0 0.79
   1    3 0.09
   2   15 0.11
   5   14 0.69
   6   14 0.03
   4   20 0.64
   7   14 0.31
   4   10 0.97
   5   22 0.15
   5   11 0.50

   6   11 0.89
   0    2 0.03
   2   10 0.96
   0   11 0.73
   8   19 0.99
   0   17 0.16
   5   18 0.70
   4   18 0.59
   2   15 0.90
   4   11 0.21
   2   15 0.33
   6   22 0.32
   6   13 0.41
   6   23 0.75
   0   11 0.23

   4   11 0.02
   7   14 0.45
   3   15 0.93
   0   16 0.48
   3    8 0.86
   4   14 0.45
   3    9 0.36
   1   15 0.64
   1   16 0.22
   1    3 0.98
   1   12 0.99
   6   15 0.81
   4   21 0.03
   4    5 0.10
   3   14 0.23

