3 25 8
12   10  16  10  16  10   4  10  16  16  10  16  16

  36  110 0.50
  14   89 0.76
  48   69 0.68
  18   71 0.87
  97  133 0.54
  27   89 0.29
 109  161 0.51
  69  144 0.06
 115  174 0.41
  31   63 0.65
   4   77 0.69
  83  129 0.82
  23   48 0.95
  70  128 0.50
  42   92 0.89
  93   96 0.35
 110  185 0.00
  49   65 0.50
  47   62 0.74
  53   79 0.21
  11   85 0.61
  76   87 0.70
   2   79 0.12
 114  170 0.79
  69  129 0.63

  18   44 0.32
  60   75 0.77
  64   64 0.19
 109  176 0.85
  79  116 0.06
  51   63 0.41
  11   71 0.29
  99  176 0.91
 104  117 0.42
   3   44 0.07
  59   78 0.60
  62   87 0.03
  75  152 0.08
  17   87 0.09
 114  162 0.25
  18   27 0.83
  62  104 0.94
  76  117 0.78
 116  156 0.30
  58  108 0.75
  57   62 0.58
  10   70 0.02
  49   53 0.29
  94  111 0.98
  21   30 0.69

  75  103 0.82
  27   50 0.67
  82  152 0.43
  58   69 0.14
  15   90 0.41
  12   81 0.04
 114  134 0.84
 111  153 0.69
  45   76 0.67
  39   41 0.28
  47  115 0.06
  42   47 0.94
  41   41 0.16
  73  100 0.68
 113  157 0.98
  89  126 0.97
  23   88 0.19
  26   73 0.14
  61   93 0.00
  72  102 0.15
  56  106 0.55
  89  165 0.06
  32  100 0.97
  32   64 0.85
  64  135 0.38

  96  145 0.73
  50  105 0.10
  14   66 0.72
  35   58 0.93
  13   85 0.14
  91   98 0.00
  29   54 0.85
  95  155 0.67
  93  100 0.83
  60  114 0.33
  92  168 0.98
  25   39 0.62
  39   41 0.62
 108  147 0.57
  98  165 0.77
  11   73 0.71
 103  171 0.73
   7   39 0.09
  56  126 0.00
  42   48 0.08
  37   89 0.06
 109  128 0.90
  14   47 0.88
  26   30 0.19
  83  130 0.70

  81  153 0.57
  97  110 0.78
  27   62 0.57
 107  117 0.07
  85  118 0.59
  79   95 0.95
  83  132 0.56
 114  142 0.13
  17   25 0.24
  98  103 0.27
 116  192 0.45
  32  106 0.63
  44   53 0.56
  99  137 0.29
  62   68 0.41
  50   63 0.58
  91  140 0.08
 108  166 0.74
 107  115 0.11
  60   79 0.57
  17   58 0.05
   9   23 0.43
   4   26 0.45
  99  171 0.73
  42   65 0.70

  49   62 0.31
 101  121 0.23
  30   95 0.47
  56  130 0.08
 111  137 0.68
  11   58 0.52
   8   79 0.85
  97  139 0.51
  65   74 0.72
  53   79 0.23
   7   30 0.42
  59   70 0.99
 107  122 0.12
  82  107 0.73
  20   78 0.89
  70   93 0.07
   3   15 0.72
  98  127 0.84
 106  117 0.11
 102  148 0.29
 108  180 0.39
   3   54 0.80
  24   72 0.18
  71  127 0.15
  26   62 0.41

  86  128 0.39
  22   91 0.81
   1   45 0.32
  57   78 0.20
  30  100 0.43
  90  120 0.90
  83  120 0.66
  40   45 0.79
 116  170 0.75
  43   50 0.88
  44   72 0.39
  28   95 0.52
  66  122 0.86
  31   63 0.57
  39   86 0.34
  93  151 0.22
  14   31 0.76
  54  114 0.49
  58  111 0.03
  82  151 0.19
   5   78 0.53
  78  110 0.12
  60   76 0.25
  79  142 0.43
  59  110 0.44

 107  177 0.45
  23   71 0.72
  35   95 0.40
  62   95 0.51
 114  138 0.68
 104  163 0.74
  54   87 0.47
 101  102 0.40
  51   71 0.18
  85  161 0.03
 100  175 0.28
  57  112 0.11
 101  172 0.91
   0    7 0.12
   9   27 0.22
  80  123 0.21
  44  119 0.11
 100  150 0.31
  64  128 0.21
  12   21 0.57
 105  119 0.28
  66   72 0.56
  66  127 0.36
  81   98 0.81
  47  123 0.26

  21   64 0.74
  77  125 0.05
  99  118 0.24
  61  133 0.72
  19   58 0.10
  57   63 0.19
  16   66 0.10
  91  142 0.83
  25   80 0.19
  43   71 0.34
 101  106 0.51
  18   41 0.85
  23   91 0.06
  57  124 0.62
  24   87 0.52
  49  123 0.44
  30   53 0.29
  55  104 0.18
  48   49 0.23
   2   12 0.47
  17   35 0.25
  46   63 0.45
  65   77 0.01
  80  142 0.29
  21   85 0.48

  23   25 0.55
 110  128 0.25
  56   94 0.76
  42   86 0.75
  25   44 0.00
  69  110 0.18
  76  109 0.24
   3   60 0.37
   2    6 0.17
  17   48 0.42
  82  159 0.96
 105  143 0.96
   4   19 0.96
 102  149 0.05
 103  110 0.28
  40   46 0.33
  46   46 0.17
  77  129 0.73
   9   71 0.52
 106  109 0.98
  88  106 0.27
  73  124 0.91
  98  124 0.24
  37  112 0.78
  71   88 0.38

  23   30 0.49
 116  163 0.44
  71   93 0.92
  66  124 0.55
  10   83 0.30
  66   99 0.06
  26   48 0.75
  46   79 0.65
   7    8 0.77
   2   35 0.23
  52   81 0.14
  35  111 0.57
  98  139 0.43
  99  162 0.87
 111  185 0.67
 108  123 0.40
  56  100 0.90
  79  100 0.52
  48   52 0.89
  72  101 0.92
  46   87 0.39
  32   99 0.76
 103  141 0.55
  52   74 0.16
  43   57 0.35

  99  120 0.60
   9   79 0.14
  45   63 0.77
  50  127 0.55
  23   48 0.44
  49   52 0.02
  19   40 0.73
   1   48 0.86
  36   70 0.69
  78  129 0.37
  94  150 0.74
  32   73 0.70
 100  140 0.03
  66   88 0.15
 106  129 0.31
  30   54 0.67
  70  115 0.31
  51   68 0.69
  91  111 0.57
  38   85 0.87
  44  114 0.83
 108  141 0.28
   6   65 0.89
  49   54 0.46
 105  169 0.16

