4 30 8
6    2   2   4  20   2  20

  17   18 0.44
  18   21 0.31
  20   20 0.58
   8   12 0.91
  15   19 0.47
   4   11 0.86
  10   13 0.74
  13   20 0.10
   4   14 0.70
   2    9 0.84
   8   15 0.48
  18   18 0.64
  16   16 0.80
  15   15 0.92
  20   22 0.25
  14   24 0.09
   1    9 0.12
   7    8 0.71
  20   26 0.25
   0    0 0.44
   6    7 0.06
   7   10 0.71
  14   18 0.02
  10   12 0.67
  15   15 0.53
  17   23 0.59
  15   20 0.06
  13   13 0.93
  11   13 0.02
  18   25 0.60

  17   22 0.09
   9   12 0.03
   5    6 0.08
  20   22 0.67
  18   23 0.70
  17   17 0.41
   2    4 0.13
  15   15 0.19
  13   23 0.42
  15   21 0.28
   2   12 0.12
  22   24 0.65
  21   23 0.29
   1    2 0.96
   6   14 0.76
  17   24 0.81
  22   24 0.44
  17   18 0.90
  20   29 0.60
  14   18 0.43
   8   10 0.75
   6    9 0.25
  16   20 0.51
  10   15 0.58
  17   22 0.65
   4    9 0.29
   5   11 0.58
  22   23 0.72
   8   17 0.41
  18   25 0.80

   1    7 0.80
  13   23 0.78
  12   14 0.02
  21   26 0.10
  12   19 0.50
  15   17 0.38
   8    8 0.81
  11   21 0.43
  17   19 0.99
   9    9 0.50
   7    9 0.97
  17   27 0.44
   2    2 0.94
   9   11 0.83
  18   26 0.11
  18   24 0.78
   1    5 0.94
  17   21 0.91
  22   28 0.64
   8   18 0.39
  12   14 0.17
  20   26 0.02
  22   27 0.24
   1    5 0.33
  13   13 0.36
   6   11 0.11
  12   16 0.05
  19   24 0.12
  12   12 0.14
   1   10 0.14

   9   18 0.56
   0    8 0.14
  16   19 0.32
   2    9 0.17
  16   23 0.66
   8   16 0.74
  16   17 0.29
  13   13 0.12
  10   19 0.82
  17   17 0.15
  10   20 0.13
  11   18 0.36
   3    6 0.52
  20   29 0.25
  12   12 0.79
  17   17 0.59
  20   23 0.49
   2    5 0.16
  16   19 0.82
   2    4 0.13
   6    8 0.99
  18   22 0.96
  10   16 0.87
  20   26 0.61
   7    9 0.99
  18   21 0.71
  19   23 0.57
   5    9 0.75
  20   26 0.46
  10   12 0.42

   2   12 0.46
  17   26 0.65
  12   13 0.55
   3    5 0.70
   2    5 0.10
   6   14 0.04
   7   13 0.09
   3    9 0.10
  17   17 0.28
   8   11 0.13
   9   18 0.69
   0    9 0.41
   5   15 0.40
   7   14 0.68
  21   31 0.06
  18   24 0.17
   2   11 0.14
   2    8 0.64
  18   28 0.00
  14   16 0.79
  16   16 0.96
  15   25 0.79
   7   13 0.45
  10   14 0.80
  22   23 0.99
  11   12 0.19
  12   19 0.93
   8    8 0.04
  20   25 0.83
  18   23 0.89

  13   15 0.29
   9   16 0.85
  15   20 0.96
  21   25 0.89
   0    2 0.44
   1    5 0.47
   2   10 0.06
  21   21 0.40
   2    2 0.21
  21   24 0.41
  12   18 0.21
  12   14 0.14
   7   11 0.99
  17   20 0.35
  20   23 0.66
  10   14 0.74
   1    1 0.04
  19   28 0.46
  15   25 0.13
   4   11 0.94
   7   13 0.84
   5    7 0.31
  12   18 0.64
  17   19 0.58
  17   23 0.87
   2   11 0.56
   2   12 0.03
   8   14 0.28
  21   24 0.98
   6    8 0.56

