3 15 4
12    2   2  10  10   2   4   2  16  16   2  10   2

   3   38 0.62
   9   70 0.81
  19   59 0.21
  14   66 0.67
  18   80 0.26
   5   39 0.67
  11   21 0.49
  18   24 0.66
   2   67 0.26
   4   48 0.97
  14   34 0.03
  17   67 0.42
  19   26 0.11
  12   60 0.37
   0   50 0.70

  20   70 0.73
   4   28 0.87
  17   26 0.90
  23   42 0.08
   5   73 0.10
   9   19 0.42
   9    9 0.66
  23   64 0.89
  15   40 0.01
  14   31 0.61
  21   59 0.43
   0   40 0.02
  23   39 0.45
   4   17 0.48
   1   49 0.46

  12   55 0.61
  18   30 0.05
  18   76 0.24
   7   35 0.61
  13   23 0.98
  23   35 0.78
   6   35 0.77
   8   73 0.56
   7   38 0.20
  23   57 0.76
  12   16 0.92
  21   80 0.31
   9   11 0.45
  12   59 0.67
  15   62 0.13

  20   60 0.42
  19   38 0.37
   8   20 0.41
  13   74 0.91
  22   74 0.57
   3   51 0.01
  23   75 0.25
  16   65 0.21
  16   52 0.62
  16   63 0.08
  14   55 0.30
  11   26 0.92
  23   25 0.16
   3   64 0.15
   5   49 0.17

   9   49 0.80
  16   76 0.53
  19   33 0.33
  10   27 0.96
   5   58 0.36
   0   19 0.06
  16   48 0.88
  23   34 0.79
   6   16 0.68
  17   73 0.01
  11   14 0.89
   6   50 0.39
   9   11 0.34
  14   63 0.32
  12   14 0.82

   3   27 0.13
   4   56 0.77
  16   54 0.77
  20   28 0.11
  18   20 0.24
   7   34 0.16
   9   62 0.90
  12   64 0.42
   2   41 0.87
  14   33 0.15
  16   45 0.22
  13   75 0.15
   2   37 0.89
  13   23 0.86
  13   78 0.63

  11   33 0.26
  18   26 0.26
  20   41 0.31
  15   33 0.69
  20   86 0.10
  21   67 0.57
  20   48 0.61
   3   62 0.31
  13   13 0.19
   4   68 0.11
   0   39 0.64
  15   71 0.70
  15   19 0.79
  13   56 0.75
   0   57 0.91

   7   78 0.39
  22   34 0.22
  14   19 0.15
   1   23 0.28
  15   57 0.33
  11   60 0.42
  12   56 0.74
   9   10 0.51
   2   37 0.86
   3   58 0.92
  16   29 0.70
  11   43 0.90
  10   75 0.69
   7    7 0.69
  19   89 0.09

  14   49 0.91
  16   42 0.52
   5   18 0.93
   8   37 0.62
  19   29 0.71
  21   87 0.31
  16   87 0.02
  18   21 0.06
  23   61 0.47
  16   60 0.53
  12   24 0.82
  16   84 0.16
   6   48 0.92
   3   74 0.14
   4   56 0.88

  13   38 0.24
  16   75 0.51
   9   68 0.53
  16   22 0.65
  20   68 0.16
   0   44 0.29
   2   46 0.19
  17   87 0.63
  12   21 0.71
  11   33 0.71
   9   63 0.12
   7   33 0.71
  15   28 0.92
  15   47 0.45
  13   38 0.80

  22   42 0.76
  16   19 0.45
   5   23 0.08
   6   29 0.57
  20   22 0.94
  21   64 0.23
  16   24 0.86
  10   31 0.19
  22   41 0.95
  11   42 0.49
   6   74 0.30
   8   47 0.56
   4   40 0.63
  17   31 0.48
  14   34 0.56

  19   58 0.29
  18   53 0.62
   6   57 0.90
  11   81 0.95
  19   41 0.46
   9   75 0.42
   6   36 0.34
  16   56 0.08
   8   76 0.58
   6   46 0.50
   3   69 0.83
   5    8 0.04
  23   53 0.65
   9   13 0.63
  16   23 0.39

