5 25 4
12   16   2  16   2   2  10  10   2  16  10  16   4

  50   60 0.41
  44   72 0.46
   8   55 0.18
  25   27 0.28
  51   52 0.77
  74   97 0.57
  56   57 0.40
  37   51 0.46
  71  100 0.09
  66  114 0.28
  24   30 0.64
  97  125 0.59
  45   99 0.41
  39   72 0.72
  54   84 0.19
  46   79 0.81
  61   89 0.50
  98  104 0.18
  79  104 0.34
  91  106 0.28
  87  131 0.23
  12   44 0.87
  19   53 0.91
  30   43 0.33
  72  123 0.67

  61  105 0.75
  74  109 0.51
  77  102 0.96
  14   36 0.51
  42  106 0.98
  53   77 0.74
  77   82 0.78
  88  151 0.10
  33   93 0.51
  87  144 0.79
  76   94 0.56
  49   89 0.90
  24   64 0.05
  21   24 0.57
  24   36 0.43
  32   45 0.53
  35   97 0.54
  38   94 0.76
  97  117 0.88
  41   62 0.16
  79   80 0.86
  69   98 0.85
  21   57 0.74
  13   68 0.51
  26   74 0.28

  86  107 0.52
  47   66 0.18
  30   87 0.26
  32   66 0.36
  96  105 0.67
  97  136 0.83
  16   43 0.34
  60   71 0.01
  63   65 0.80
  32   46 0.38
  45   74 0.91
  78   87 0.92
  51   89 0.86
   8   33 0.00
  24   32 0.96
  52  110 0.73
  37   61 0.80
  53   97 0.18
  56  100 0.60
  27   60 0.92
  71   79 0.58
  66   77 0.84
  79   79 0.16
  11   60 0.79
  31   71 0.92

  86  140 0.17
  49   79 0.14
  43   75 0.02
  64  110 0.40
  66  121 0.38
  83   87 0.93
  81   88 0.32
  59   78 0.11
  44  104 0.94
  42   58 0.53
  75   91 0.64
  21   55 0.51
  94  122 0.73
  33   70 0.68
  61   75 0.86
  17   45 0.56
  28   87 0.68
  46  111 0.04
  62   90 0.44
  64  122 0.63
  26   84 0.08
  93  109 0.20
   4   10 0.67
   0   13 0.30
  76  115 0.94

  53   86 0.82
  40   94 0.35
  41   44 0.50
   9   15 0.74
   8   64 0.75
  13   59 0.62
  56  102 0.46
  85  109 0.11
  66   73 0.42
  21   76 0.12
  50   55 0.74
  38   85 0.29
  52   72 0.56
  29   47 0.03
  93  109 0.50
  29   55 0.40
  69   78 0.00
  83   89 0.12
   4   31 0.23
  11   76 0.85
  14   48 0.57
  93  114 0.54
   1   21 0.63
  64  101 0.39
  34   42 0.20

  18   60 0.17
  34   86 0.18
  82  119 0.24
  22   30 0.20
  10   37 0.22
  27   83 0.98
  16   39 0.40
  51   78 0.52
  90  101 0.65
  25   56 0.87
  91   92 0.41
   4   59 0.61
  81  132 0.28
  83  113 0.71
  61   80 0.36
  29   70 0.76
  73   89 0.51
  98  115 0.89
  86  134 0.60
  87  118 0.72
  50  107 0.11
  97  115 0.03
  95  127 0.16
  94  147 0.67
  71   89 0.67

  21   46 0.06
  38   77 0.26
  35   54 0.78
  10   13 0.64
  84  139 0.76
  78   92 0.37
  57   82 0.67
  41   66 0.92
  61   70 0.44
  31   64 0.19
  19   34 0.91
  17   31 0.58
  80  143 0.82
  85   90 0.52
  98  141 0.39
  80  136 0.95
  76  132 0.67
  52   59 0.38
  33   89 0.62
  80   84 0.69
  89  143 0.91
  30   81 0.37
   4   58 0.64
  28   40 0.75
  38   85 0.98

  64   67 0.01
  39   46 0.30
  52  117 0.60
  86  122 0.29
  79  129 0.54
  29   93 0.55
  27   45 0.02
   3   24 0.41
  59  112 0.28
  53   91 0.58
  82  110 0.73
  51   98 0.04
  60  107 0.96
   4   60 0.75
  97   97 0.32
   7   45 0.06
  17   46 0.61
  77   95 0.10
  89  110 0.62
  31   45 0.39
  50  104 0.66
  76  139 0.78
  83  116 0.53
   7   10 0.67
  25   74 0.39

  46  107 0.15
  95  100 0.07
  57   79 0.26
  54  113 0.67
  95  157 0.91
  89  116 0.58
  61   80 0.25
  14   46 0.13
  41   44 0.34
  62  111 0.54
  87  104 0.87
  69  118 0.62
  22   44 0.03
   7   61 0.68
  44  105 0.40
  60   76 0.11
  15   68 0.13
   9   12 0.04
  89  140 0.48
  45  101 0.50
  91  122 0.46
  28   69 0.50
  88  128 0.55
  85  136 0.38
  73   82 0.11

  19   29 0.18
  58  116 0.56
  18   54 0.94
   0   29 0.77
  43  107 0.18
  88   97 0.71
  40   64 0.45
  81  136 0.11
  32   94 0.01
  83  121 0.92
  40   50 0.16
  38   85 0.08
  34   94 0.81
  18   60 0.73
  79  112 0.49
  16   35 0.42
  30   49 0.59
  34   82 0.26
  98  119 0.21
  57   57 0.19
  44  105 0.70
  94  111 0.99
  17   32 0.87
  47   84 0.76
   5   35 0.14

  98  158 0.02
  17   39 0.49
  77  122 0.87
  43   49 0.70
  87  123 0.14
  76   76 0.66
  68   98 0.77
  13   53 0.12
  53  104 0.51
  47   85 0.53
  21   37 0.45
  76  135 0.51
  54   94 0.15
  27   33 0.49
  57   95 0.62
  18   65 0.37
  72  120 0.28
  46  105 0.82
   6   56 0.71
   8   37 0.83
  14   63 0.92
   1   43 0.51
  63   64 0.00
  28   78 0.78
  70  125 0.26

  46   95 0.85
  53   59 0.48
  38   93 0.91
  65  113 0.86
   8   54 0.92
  60  106 0.69
  13   31 0.22
  88  124 0.54
   3   16 0.07
  46  104 0.71
  24   63 0.71
  41   43 0.86
  30   49 0.49
  11   43 0.17
   6   10 0.93
  14   37 0.98
  39   79 0.01
  23   82 0.29
  70  117 0.59
  92  108 0.06
  10   57 0.62
  78  128 0.33
   5   39 0.04
  38   74 0.43
  74  133 0.40

