5 80 8
3    2   2  20

   4   18 0.52
  11   24 0.96
  10   20 0.16
  21   21 0.46
   2   16 0.90
  10   14 0.05
  11   17 0.75
  12   25 0.11
  13   23 0.43
   9   22 0.41
   6   27 0.87
  12   15 0.15
  15   22 0.00
  20   32 0.64
   1    6 0.72
   5    5 0.90
  16   26 0.91
  14   21 0.62
  21   42 0.54
  10   33 0.25
  17   38 0.47
   3   26 0.67
   0   12 0.69
   8   11 0.86
   9   24 0.80
   0    3 0.66
  17   33 0.00
  18   34 0.38
   5   22 0.15
  10   26 0.49
  23   25 0.77
  15   25 0.56
  20   26 0.39
  21   33 0.85
   2   10 0.12
  22   23 0.32
   3    7 0.84
  23   43 0.40
   6   17 0.47
  19   40 0.60
  14   31 0.35
  20   31 0.92
  20   23 0.62
  10   24 0.02
   7   14 0.09
  19   41 0.01
  10   17 0.96
  20   26 0.15
  11   22 0.63
   9   31 0.42
  21   31 0.44
   0   17 0.58
   2    4 0.95
  20   25 0.23
  13   16 0.27
   4    9 0.16
  23   36 0.29
  11   30 0.31
  18   22 0.85
   3   18 0.43
   9   16 0.84
   4    6 0.34
   5   26 0.26
  10   15 0.53
  16   21 0.99
  15   22 0.56
  17   35 0.67
   6   24 0.99
  19   25 0.30
   2   14 0.88
  10   20 0.94
   1   16 0.22
  16   36 0.06
  20   24 0.85
  22   24 0.75
   5   19 0.40
  20   21 0.16
  22   43 0.25
  11   29 0.75
  16   28 0.58

  13   19 0.25
  22   26 0.57
   0    6 0.33
   9   32 0.77
   6    6 0.70
   6   11 0.96
   8   24 0.47
   2   15 0.51
  11   22 0.69
  22   23 0.44
  19   32 0.79
  15   30 0.80
  13   25 0.24
  22   27 0.06
   7   28 0.02
   6   27 0.64
  15   33 0.60
   6   29 0.01
  14   21 0.65
  15   18 0.63
   0   22 0.18
   2   13 0.96
  17   29 0.34
  14   34 0.39
  19   38 0.85
   0    6 0.55
  21   40 0.16
  15   36 0.73
  22   37 0.43
  20   38 0.15
  11   16 0.11
  17   21 0.43
  15   18 0.44
  22   41 0.22
  14   16 0.30
  15   32 0.29
  12   19 0.11
  18   35 0.98
  16   21 0.86
   3   24 0.02
  12   22 0.84
   1    7 0.41
  13   32 0.86
  13   31 0.72
   1   10 0.91
   7   24 0.21
  12   22 0.95
   3   21 0.62
   9   30 0.99
  13   24 0.55
  18   25 0.42
  16   28 0.33
  13   16 0.61
   7    8 0.73
   1   10 0.92
   2   21 0.57
   8   22 0.11
   9   28 0.13
   0   21 0.35
  23   24 0.98
  11   27 0.43
  22   26 0.08
  12   13 0.06
   0   20 0.31
  16   34 0.73
  17   28 0.60
  15   29 0.34
   9   16 0.10
  13   36 0.16
   0   16 0.01
   6   14 0.70
   8   19 0.49
  18   34 0.43
   6   15 0.37
   9   24 0.98
  13   19 0.59
   6   10 0.35
  16   31 0.98
  22   33 0.96
   1   21 0.26

  22   37 0.08
  18   30 0.67
  14   34 0.26
  17   21 0.63
   7   27 0.42
   3   18 0.60
   3   19 0.01
   5   11 0.27
  22   44 0.45
  22   41 0.78
   9   18 0.02
  21   40 0.34
   5   17 0.02
   3   14 0.37
  20   26 0.78
  11   16 0.81
  16   19 0.43
  22   32 0.76
  10   19 0.68
   7   23 0.08
  23   24 0.50
   7   25 0.76
  18   19 0.36
  15   15 0.44
  22   45 0.94
  10   29 0.62
   4   21 0.67
   6   26 0.33
   3   17 0.79
   0    5 0.83
  19   20 0.73
  16   34 0.36
   7   29 0.58
   6   15 0.65
  15   18 0.38
  18   22 0.68
   0    3 0.75
  20   32 0.86
   7    9 0.67
  23   42 0.34
  21   22 0.58
  16   28 0.19
  22   44 0.47
   9   12 0.17
  19   22 0.40
  20   20 0.27
  20   31 0.78
  20   27 0.61
  15   21 0.71
   6   16 0.86
  16   19 0.82
   2    7 0.92
   4    7 0.76
   0    0 0.85
   4   21 0.29
  10   14 0.40
   7   28 0.00
   7   17 0.86
  17   33 0.33
  10   30 0.11
   8   16 0.05
   8   14 0.50
  12   31 0.33
   8   29 0.76
  11   14 0.10
   8   26 0.17
  16   23 0.52
   4   24 0.45
  15   38 0.08
   2   18 0.14
  13   19 0.04
  16   28 0.32
  14   31 0.43
  15   31 0.12
  16   29 0.57
  18   35 0.72
  22   27 0.73
  17   35 0.37
  12   21 0.34
  18   19 0.40

