3 25 8
12   10  16  16   2  10  20   2   2   4   2   4  16

  54  122 0.87
  50  127 0.17
  40   65 0.15
  21   62 0.95
  22   45 0.01
  63   99 0.99
   2   44 0.07
  37   60 0.94
  69   91 0.93
  59   68 0.38
   2   14 0.77
  63  131 0.94
  22   31 0.03
  12   87 0.53
  50  107 0.87
  62   71 0.46
  53  129 0.10
  21   59 0.54
  61  140 0.03
  11   74 0.50
  13   63 0.67
  49   72 0.07
  42   49 0.68
  60   98 0.22
  36   86 0.58

  35  113 0.28
   3   13 0.90
  65   88 0.81
  46  115 0.79
  20   72 0.92
  29  104 0.61
  47   66 0.97
  53  114 0.26
  78  112 0.14
  15   51 0.11
  56   65 0.03
  13   13 0.90
  57   59 0.37
  19   91 0.97
   8   12 0.29
   8   31 0.58
  80  140 0.34
  26   99 0.84
  57  101 0.43
  19   79 0.44
  72  103 0.61
  42  102 0.93
  18   73 0.10
  24   54 0.82
  23   33 0.61

  78   91 0.58
  58  105 0.94
  24   90 0.83
  58  130 0.36
  33   94 0.18
  80  146 0.81
  39   90 0.56
  36   52 0.59
  56  126 0.80
  18   93 0.21
  62   76 0.26
  10   19 0.14
  10   32 0.67
  40   46 0.75
  66  121 0.46
  59  134 0.47
  78  143 0.76
  33   89 0.01
  16   53 0.63
  27   28 0.35
  38   39 0.75
  37   41 0.46
  23   66 0.06
  62  105 0.05
  45   96 0.06

   3   36 0.27
  52  117 0.96
  78   88 0.82
   4   52 0.53
  32   95 0.12
  33  112 0.84
   3   21 0.70
  35  115 0.71
   4   19 0.40
  43   44 0.95
  80  143 0.53
  16   48 0.57
  19   80 0.82
  16   53 0.49
  70  143 0.16
  60  108 0.60
  45   50 0.52
  42   77 0.56
  33  105 0.33
  15   41 0.90
  20   72 0.44
  14   52 0.27
  62  108 0.57
  18   20 0.46
  44  107 0.73

   5   76 0.52
  79  143 0.01
   2   34 0.20
  45  106 0.60
  62  117 0.26
  68  124 0.79
  51   98 0.59
  28   58 0.95
   1   81 0.54
  27   83 0.82
  69  105 0.46
  70  150 0.02
  50   55 0.19
  47   91 0.31
  38   81 0.12
  32   44 0.76
  46   59 0.99
  27  107 0.54
  37   99 0.72
  49   93 0.51
  40  116 0.69
  25   87 0.92
  61   73 0.27
  52  118 0.11
  56  130 0.12

  38   73 0.90
  15   79 0.31
  20   31 0.89
   6   35 0.70
  27  102 0.47
  57  105 0.20
   6   38 0.79
  13   24 0.21
  57  114 0.54
  55   95 0.26
  39   56 0.10
  36   51 0.24
  32   82 0.79
  14   66 0.87
  30   48 0.71
   1   49 0.10
  56   59 0.07
  56  132 0.29
  26   42 0.23
  45  104 0.47
  28   42 0.00
  48   52 0.10
  69  112 0.66
  28  105 0.32
  34   35 0.86

  59  112 0.26
  57  104 0.73
  45   65 0.68
  79  151 0.79
  37   78 0.41
  63  131 0.43
  64  135 0.75
  59  108 0.05
  38   99 0.06
  78  126 0.08
  67  101 0.26
   5   74 0.90
  59   69 0.96
  52  110 0.51
  37   41 0.39
  63  132 0.35
  60   85 0.95
  76  105 0.62
  31  107 0.98
  38   66 0.30
  50   81 0.29
  25   62 0.20
  44   76 0.65
  26   69 0.53
  26   83 0.06

  76  118 0.39
  58   94 0.81
  21   75 0.30
  55   58 0.25
  32   66 0.78
  77   78 0.61
   4   62 0.09
   7   18 0.28
  20   38 0.93
   6   79 0.19
  75  139 0.99
  37  111 0.86
   4   63 0.98
  41   57 0.27
  34   53 0.49
  15   85 0.71
  34   58 0.66
  50   52 0.03
  14   75 0.53
   4   75 0.60
  39   60 0.29
  45   91 0.13
  42  110 0.63
  44   60 0.76
  50   71 0.71

  19   63 0.28
  55   93 0.55
  52  107 0.54
  12   47 0.76
  42  116 0.86
  65   96 0.65
  42  106 0.57
   9   78 0.42
  31   32 0.19
  16   39 0.41
  12   62 0.08
  21   59 0.24
  47   54 0.94
  61   88 0.72
  48  118 0.34
  35   71 0.41
  43   54 0.77
  55  110 0.75
   3   20 0.45
  28   47 0.34
  52   82 0.91
  74  110 0.75
  19   27 0.62
  58   78 0.16
  75  146 0.57

  14   32 0.05
  51   85 0.33
  73  127 0.30
  28   52 0.47
  55   62 0.39
  77  116 0.29
  74  107 0.81
  36   76 0.16
  45  114 0.11
  18   52 0.90
  18   62 0.89
  13   18 0.45
  32   83 0.03
  48   68 0.73
  21   93 0.44
  32   35 0.16
  40  115 0.16
  79  137 0.45
   1   20 0.57
  49   91 0.08
  68   77 0.99
  72  145 0.40
  19   25 0.11
  67  116 0.22
  64  101 0.29

  27   71 0.96
  29   33 0.49
  49   82 0.88
  27   93 0.50
  24   66 0.26
  42   63 0.96
  63   65 0.69
  56  134 0.13
  49   86 0.59
  18   24 0.72
  49   75 0.58
  45   46 0.51
  26  102 0.89
   9   88 0.28
  30   73 0.16
   4   41 0.17
  48   83 0.61
  10   37 0.42
  54   90 0.50
  44   76 0.10
  64  144 0.23
  23   67 0.85
  27   27 0.41
  72  123 0.72
  14   43 0.10

   5   33 0.31
  36   95 0.82
  13   13 0.33
  48   73 0.25
  43   57 0.49
  26   90 0.18
  18   28 0.82
  16   73 0.73
  16   41 0.85
   2   80 0.12
   2   26 0.27
  24   65 0.56
  15   85 0.76
  76  138 0.02
  17   84 0.42
   3   37 0.45
  79   91 0.84
  78  109 0.89
  58   78 0.62
  41   72 0.10
  62   91 0.40
  19   51 0.35
  52   73 0.94
  61   65 0.19
  33   46 0.62

