4 15 4
12    4  10   4  10   4  16   4   2  10   2  16   2

   8   39 0.63
   9   31 0.47
  15   34 0.94
  36   64 0.35
  21   44 0.97
  28   30 0.15
  34   60 0.64
  25   25 0.30
  30   40 0.76
  32   34 0.10
  35   36 0.82
  30   44 0.97
  24   60 0.09
  22   22 0.76
  31   56 0.53

  32   48 0.00
  15   28 0.33
  11   12 0.81
   8   18 0.18
  30   51 0.09
  24   46 0.16
   5   36 0.60
  15   23 0.36
  18   20 0.83
  15   40 0.46
   8   36 0.80
  15   21 0.29
   6   10 0.97
   3    6 0.20
  30   41 0.12

  19   28 0.05
  28   39 0.71
  37   66 0.18
   0    6 0.57
   1   34 0.91
  27   64 0.52
  36   53 0.15
  13   22 0.52
  15   18 0.30
  32   56 0.83
  32   33 0.81
  30   47 0.29
  27   53 0.83
   7   14 0.67
  17   33 0.06

  36   43 0.23
  13   47 0.16
  17   40 0.62
  30   32 0.59
  38   66 0.25
  38   53 0.77
  34   66 0.56
  35   56 0.27
  33   42 0.90
   2   14 0.73
   1    4 0.26
  33   57 0.94
  20   35 0.67
   7   35 0.83
  33   33 0.36

  15   41 0.01
  36   70 0.03
  25   49 0.21
  33   52 0.54
  38   59 0.65
   8   23 0.20
   4   24 0.34
   4   40 0.15
  11   43 0.30
   9   35 0.57
  37   47 0.63
   7   27 0.65
  17   43 0.41
   6   40 0.63
  27   51 0.56

   2   13 0.97
  37   54 0.60
  15   31 0.12
  18   38 0.48
  38   39 0.91
  16   50 0.26
  33   45 0.25
  10   14 0.73
  12   23 0.25
   4   33 0.63
   9   37 0.51
  36   72 0.25
  30   49 0.17
   5   37 0.05
   4   13 0.21

  12   50 0.08
  15   21 0.15
   7   25 0.83
  27   30 0.16
  37   49 0.44
  13   51 0.80
  26   47 0.41
  24   49 0.11
   9   37 0.45
  25   26 0.56
  19   41 0.53
  37   53 0.60
  18   28 0.25
   1   19 0.65
  20   44 0.85

  26   35 0.55
  12   23 0.15
  25   25 0.32
   8   22 0.97
  26   27 0.50
   1    5 0.23
  22   48 0.95
  14   26 0.98
  38   59 0.06
  34   48 0.94
   7   35 0.52
  15   48 0.67
  17   40 0.00
  15   23 0.26
  30   64 0.58

  28   65 0.84
  11   34 0.18
  17   46 0.04
  31   44 0.98
  15   25 0.44
   4   35 0.66
   3   21 0.32
  15   44 0.84
  10   34 0.35
  16   41 0.67
  30   38 0.77
  25   44 0.11
   6    9 0.32
   1   13 0.80
  23   60 0.15

   3   26 0.93
  28   32 0.28
  11   16 0.14
  12   28 0.77
  10   29 0.90
  20   44 0.08
  38   59 0.94
   5   28 0.27
  23   52 0.70
  22   56 0.92
  15   32 0.19
  20   53 0.55
   6   34 0.46
  21   53 0.56
  17   24 0.44

  24   57 0.82
   0   19 0.72
   3   30 0.57
  30   56 0.33
  15   40 0.99
  36   43 0.62
   4   15 0.96
  37   65 0.18
  27   49 0.62
  28   30 0.24
  17   49 0.59
   4   26 0.92
  38   52 0.10
  25   52 0.28
  35   61 0.16

  29   51 0.43
  25   37 0.16
   6   12 0.18
  16   35 0.06
   4   36 0.16
  37   66 0.50
  29   56 0.33
   3   13 0.94
  17   55 0.80
  10   35 0.53
  32   54 0.37
  13   40 0.75
  27   61 0.89
  14   47 0.70
   8   43 0.89

