3 15 8
12   16  20  10  16   4   4  10   2   2  16  16  20

  61  100 0.24
   8   26 0.84
  33   53 0.82
  25   58 0.42
  18   22 0.23
  31   40 0.00
  41   67 0.85
  15   46 0.59
  62   90 0.23
   0   33 0.17
  55   55 0.04
  13   39 0.99
   3   36 0.37
  42   67 0.67
  14   15 0.19

  10   51 0.76
  14   54 0.92
  32   73 0.87
  60   94 0.49
  61   85 0.38
  54   80 0.27
   2   33 0.77
   3    9 0.69
  38   65 0.19
  22   47 0.75
  13   30 0.87
   0   14 0.37
  62   72 0.36
  41   54 0.01
  48   68 0.57

  56   74 0.73
  53   65 0.95
  54   67 0.92
  38   47 0.24
  51   79 0.34
  53   90 0.35
  15   33 0.26
   9   12 0.71
  29   57 0.24
  48   61 0.71
   4   35 0.59
  32   59 0.59
  31   64 0.69
  57   58 0.10
  45   82 0.72

  46   82 0.30
  18   22 0.36
  43   84 0.42
  21   30 0.19
  32   35 0.67
  38   63 0.41
  51   78 0.66
  52   85 0.30
  55   71 0.75
   7   22 0.21
  23   60 0.95
  29   47 0.80
   0    3 0.24
  12   52 0.01
  13   47 0.34

  17   19 0.41
   9   42 0.73
  49   69 0.42
  45   71 0.32
  31   42 0.78
  28   33 0.29
  29   57 0.48
  33   70 0.57
  33   68 0.78
  54   61 0.94
  53   63 0.15
  30   31 0.93
  31   37 0.99
  36   70 0.60
  11   46 0.02

  44   54 0.80
  19   28 0.64
  14   37 0.66
   2    3 0.95
  31   50 0.04
  12   22 0.38
  16   31 0.71
  15   15 0.62
  30   55 0.97
  54   58 0.81
   4   17 0.09
  42   49 0.29
  19   28 0.93
  53   92 0.17
  54   61 0.83

  45   75 0.67
  48   74 0.23
  62   77 0.16
  59   85 0.88
  23   35 0.33
   2   32 0.57
  46   55 0.21
  59   75 0.03
  21   44 0.78
  30   36 0.45
  29   60 0.86
   9   34 0.56
   7   19 0.74
   7   23 0.80
  60   65 0.27

  45   77 0.39
  28   57 0.69
  57   74 0.79
   8   18 0.15
  19   29 0.52
   2    3 0.76
  10   45 0.85
  28   29 0.51
  58   60 0.19
  53   58 0.63
  17   34 0.05
   3    9 0.20
  38   45 0.58
  54   68 0.45
  57   85 0.43

  13   21 0.41
   8   25 0.52
  38   42 0.49
  51   72 0.33
  61   91 0.09
  39   56 0.83
  10   51 0.82
  27   30 0.20
  20   59 0.14
  37   47 0.45
  34   56 0.77
  24   64 0.51
  12   38 0.22
   3    8 0.62
  14   22 0.29

  51   66 0.08
  36   46 0.73
  40   55 0.21
  56   72 0.67
  32   67 0.85
  21   55 0.28
  10   19 0.16
  54   57 0.02
  38   60 0.65
  21   51 0.09
  20   51 0.97
  53   56 0.94
  57   68 0.43
  48   87 0.56
   2   28 0.47

  48   82 0.37
   2   33 0.39
  53   55 0.64
   0   41 0.56
  24   26 0.89
  57   74 0.90
  30   55 0.76
  12   40 0.65
   8   42 0.68
  17   37 0.99
  45   76 0.36
   5   18 0.91
  40   59 0.89
  41   61 0.28
  18   43 0.67

  38   55 0.27
  48   55 0.16
   9   49 0.81
  45   63 0.95
  33   43 0.25
  49   85 0.84
  25   39 0.20
  29   40 0.80
   6   32 0.33
  49   82 0.78
   2    3 0.16
   2   11 0.17
  59   63 0.50
  47   86 0.29
  12   35 0.04

