3 15 4
12   10   2  10   2  16  16  16  10  10  10  20  16

 114  134 0.44
 126  176 0.88
 120  201 0.43
  66  151 0.85
  21   93 0.67
  82   98 0.22
  28   41 0.02
  66  191 0.55
 106  139 0.56
 125  246 0.53
  63  191 0.77
  91  204 0.88
 121  134 0.22
  72  177 0.04
  24   95 0.50

  62  139 0.01
 120  198 0.94
  34  138 0.55
  15   37 0.24
  68  113 0.69
   5   46 0.18
  38   71 0.90
  41  135 0.42
  33  109 0.45
  53   78 0.03
  56  184 0.98
  31  110 0.00
  77  165 0.11
  77  102 0.18
   8  114 0.67

  54  155 0.39
  51   71 0.75
  75  121 0.75
 121  166 0.26
  50   83 0.76
 102  182 0.67
  75  200 0.48
  41  148 0.60
  58   86 0.00
  96  157 0.02
  38  127 0.27
  71  165 0.86
  84   97 0.83
  54   82 0.80
   9   68 0.71

  68  118 0.04
 106  222 0.78
   2  104 0.16
 115  232 0.47
  52  116 0.72
 125  164 0.81
  44  129 0.64
  10   44 0.12
  83  200 0.67
  83  145 0.33
  37   44 0.36
  14   61 0.28
 118  134 0.03
  16   53 0.50
  95  220 0.26

  40  128 0.58
  31   97 0.53
  60  175 0.68
  12   81 0.89
  84  125 0.72
  39   73 0.97
  67  114 0.84
  84  123 0.38
  83  131 0.48
  84   93 0.47
   3   48 0.24
  52   52 0.19
  58   59 0.55
 124  227 0.13
  85  117 0.42

  33   56 0.81
  31  122 0.56
  70  195 0.39
  67  100 0.06
  35  132 0.24
 102  160 0.79
  79  132 0.72
  56   97 0.05
 120  157 0.76
  71   76 0.39
  62  159 0.70
 116  218 0.75
  25   78 0.54
  11  129 0.02
  14   39 0.68

  13   81 0.08
   1   21 0.51
   1   74 0.91
  20   71 0.75
  73  107 0.97
  44   94 0.45
  63   97 0.77
   7   95 0.76
   8   30 0.98
  41  108 0.04
  55  177 0.34
  34   88 0.52
  22   50 0.94
  57   77 0.43
  26   26 0.49

  14  131 0.16
  47   96 0.22
  69  126 0.88
  36  143 0.33
  49  132 0.98
 112  147 0.46
  61   94 0.21
  69   73 0.79
  27   35 0.63
 127  166 0.72
  20   52 0.31
  70  185 0.58
  44  153 0.79
  65  161 0.11
   0    5 0.63

  92  117 0.61
  33  150 0.62
  96  108 0.40
  37   53 0.23
  60  171 0.43
  57   57 0.77
  70  190 0.42
  61   90 0.85
  60  138 0.86
 112  117 0.01
  27  111 0.12
  29   88 0.15
 127  136 0.46
  67  116 0.58
  77  118 0.05

 126  136 0.99
  52  130 0.36
  82  181 0.47
  10   24 0.51
  93  102 0.05
 124  252 0.99
  74  126 0.48
 116  165 0.85
   4   70 0.59
 122  205 0.14
  29  142 0.13
  66   71 0.26
   2  129 0.35
   5   46 0.90
  45   68 0.17

  52   71 0.24
 125  223 0.19
  38  137 0.61
  41  164 0.49
  11   66 0.04
  84  104 0.80
  56  167 0.44
  58  160 0.86
  82  162 0.99
   1  120 0.39
 115  233 0.77
  18  115 0.41
  75  126 0.12
 126  231 0.94
  40   80 0.61

  49  105 0.70
  52  155 0.02
  43   78 0.38
 104  228 0.00
 100  103 0.55
  68  161 0.21
  59  133 0.81
   1   75 0.17
  37   62 0.74
  13   94 0.89
  80   99 0.14
 103  165 0.44
  47   74 0.93
  48  176 0.67
  94  141 0.27

