5 60 4
3   10  10   4

  20   73 0.35
   7   53 0.78
  28   47 0.70
  29   77 0.38
  11   26 0.43
  17   66 0.12
   4   28 0.78
   5   41 0.25
  11   19 0.22
  10   18 0.61
  34   86 0.58
  12   32 0.97
  14   64 0.73
  20   61 0.68
  24   33 0.54
  10   48 0.89
  21   67 0.34
  13   20 0.67
  26   64 0.55
   7   50 0.63
   1    1 0.94
   8   44 0.23
   1   25 0.73
   1   11 0.70
  12   58 0.72
   1    6 0.69
  32   72 0.31
  23   32 0.50
   3   56 0.83
  34   69 0.11
  25   72 0.34
  17   19 0.94
   1   50 0.58
  19   66 0.11
   3   28 0.68
  16   25 0.05
   9   34 0.69
   0    6 0.15
  25   71 0.27
   5   49 0.07
  15   58 0.19
  25   36 0.62
  26   50 0.61
   2   30 0.33
  33   59 0.47
   3   12 0.07
  13   63 0.50
   8   32 0.23
  20   47 0.68
  21   27 0.60
  16   22 0.41
  15   36 0.64
  32   50 0.61
   8   44 0.37
  35   51 0.02
  10   21 0.59
  13   29 0.04
   7    8 0.97
  14   49 0.68
   0   15 0.00

  34   40 0.25
  34   70 0.68
   8   18 0.13
   7   31 0.17
  32   33 0.61
  29   59 0.50
  30   64 0.51
   1   51 0.39
  27   69 0.64
   4   40 0.15
  23   69 0.06
  33   78 0.69
   3   26 0.96
   9   41 0.88
  24   34 0.62
   4    8 0.87
  18   64 0.47
  33   54 0.17
  31   49 0.87
   4   22 0.61
  32   81 0.59
  11   26 0.71
  24   32 0.82
  23   72 0.01
  16   55 0.00
   6   29 0.92
   4   33 0.18
  19   19 0.35
   1   43 0.79
   9   48 0.73
  30   53 0.35
  13   28 0.92
  20   33 0.61
  32   84 0.32
   2   54 0.78
  27   58 0.13
  16   55 0.58
  17   24 0.43
  35   77 0.70
  11   46 0.29
  22   73 0.78
  29   49 0.28
  20   26 0.29
  22   49 0.84
  34   84 0.75
  16   24 0.53
  35   39 0.78
  33   71 0.70
  34   76 0.93
  26   70 0.14
  21   41 0.26
  14   35 0.76
  34   48 0.51
  23   48 0.84
   4   30 0.64
   9   22 0.18
  32   66 0.04
  28   70 0.13
  34   80 0.78
   9   54 0.05

  29   80 0.32
  11   58 0.98
  22   48 0.01
  25   26 0.45
   8   42 0.31
  18   42 0.84
  29   72 0.52
   2   43 0.69
  10   57 0.19
  35   50 0.14
  19   70 0.13
  11   25 0.78
  33   83 0.76
  34   47 0.26
  14   28 0.59
  34   40 0.91
  13   44 0.41
  15   22 0.47
  10   46 0.92
  34   68 0.43
  24   27 0.81
   2    6 0.02
  19   71 0.18
  15   47 0.68
   2    3 0.12
  17   50 0.28
  11   18 0.46
   4   10 0.10
  21   48 0.06
  31   51 0.82
  23   33 0.89
   6   53 0.73
  17   22 0.29
   9   25 0.46
  23   74 0.01
  24   29 0.96
   6   58 0.54
  18   67 0.58
  12   47 0.76
   3   29 0.70
  17   32 0.45
  15   25 0.96
  14   63 0.04
  16   26 0.71
  29   34 0.02
   5   28 0.01
  15   29 0.49
  32   82 0.95
   8   21 0.06
   2   24 0.60
  27   30 0.60
  14   48 0.50
  25   37 0.86
   8   14 0.49
   9   15 0.63
   9   50 0.72
  27   60 0.09
   0   48 0.69
  17   18 0.53
   0   36 0.53

