3 15 4
12    2  20   2  10   4  10  20  10  16  20  10  10

   3   42 0.65
   8   47 0.80
  25   33 0.26
   1   24 0.26
   9   24 0.78
  18   23 0.03
   3    8 0.03
   2   12 0.34
  14   15 0.10
  40   67 0.62
  15   24 0.13
  33   62 0.08
  38   74 0.32
  19   48 0.73
  39   50 0.47

  10   29 0.36
  24   27 0.25
   5   39 0.71
  15   28 0.09
  18   53 0.33
   3   40 0.15
  30   65 0.81
   9   23 0.01
  17   54 0.16
  27   64 0.23
  35   38 0.60
   5   40 0.47
  31   69 0.64
   1   18 0.29
   3   14 0.35

   8   17 0.85
   8   39 0.40
  27   27 0.88
  28   67 0.92
  22   27 0.21
  32   39 0.52
  20   25 0.29
  12   34 0.05
  24   40 0.42
   3   16 0.88
  40   46 0.08
  33   46 0.98
  37   54 0.96
  15   46 0.11
   9   28 0.65

  15   50 0.54
  14   48 0.51
  12   21 0.67
  17   54 0.04
   4   40 0.96
  17   18 0.45
   3   24 0.93
  17   49 0.24
  18   42 0.43
   3   31 0.43
   8   35 0.99
  30   51 0.88
   6   10 0.44
  21   42 0.18
   1   17 0.25

  36   57 0.14
  15   50 0.27
  23   23 0.67
  35   36 0.12
  40   77 0.52
   6   17 0.79
  39   62 0.32
  17   54 0.32
  12   37 0.81
   5   40 0.10
   5   32 0.60
  14   20 0.79
  24   37 0.22
  40   42 0.33
   8   41 0.34

  22   43 0.79
  38   67 0.40
   8   28 0.76
  38   45 0.17
  23   53 0.33
  27   67 0.64
  17   49 0.25
  22   41 0.82
  28   44 0.43
  30   58 0.17
   1   39 0.01
  26   30 0.05
   6   34 0.64
  27   55 0.68
  34   54 0.03

   6   26 0.04
  26   31 0.53
  27   58 0.46
   7   16 0.32
  28   56 0.03
   5   25 0.86
  24   47 0.10
  19   26 0.00
   7   44 0.01
  13   38 0.46
  22   60 0.29
   7   40 0.35
  10   37 0.67
  34   57 0.12
  13   27 0.31

  33   69 0.62
   3    7 0.94
  12   13 0.70
  10   12 0.98
  31   52 0.63
   6   23 0.32
  15   51 0.94
   0   14 0.53
  35   36 0.31
   9   26 0.24
  14   26 0.35
  22   58 0.26
  26   60 0.91
  12   29 0.02
  24   64 0.26

  21   46 0.20
  24   38 0.97
  37   44 0.53
  29   34 0.65
  23   62 0.48
   7   21 0.16
  14   38 0.72
  12   38 0.16
   0   27 0.37
  37   39 0.41
  14   41 0.30
   1   13 0.18
  32   40 0.37
  10   12 0.44
  18   25 0.50

  37   75 0.45
  22   53 0.67
  29   68 0.42
   5   32 0.41
  20   54 0.57
   5   22 0.82
  22   57 0.52
   2   10 0.01
  36   42 0.27
  25   26 0.04
   2   33 0.85
   0   17 0.70
  24   40 0.93
  22   47 0.15
  36   74 0.04

  23   24 0.60
  18   29 0.24
  16   54 0.50
  29   41 0.85
  14   37 0.13
  16   32 0.85
  12   24 0.16
  18   39 0.25
  24   59 0.99
  35   73 0.77
   4    8 0.89
  35   49 0.90
  14   35 0.84
  34   39 0.44
  27   46 0.06

  24   26 0.52
  34   72 0.72
  12   27 0.99
   8   48 0.82
   7    9 0.01
  39   79 0.35
  11   34 0.17
  20   29 0.41
  38   65 0.35
  23   23 0.68
  22   44 0.70
  28   63 0.68
  12   39 0.24
  38   57 0.18
  25   27 0.17

