3 30 4
6   10   4  16   4   2  20

   9   15 0.67
   8  100 0.09
  11   30 0.54
  18  105 0.40
  14   43 0.51
   2  106 0.48
  13   53 0.12
   8   87 0.91
  13   80 0.92
  34   36 0.89
  28   54 0.10
  24  110 0.50
  11   71 0.62
  13   24 0.05
   1   35 0.07
  31  109 0.67
   9  110 0.99
  13  100 0.54
  11   16 0.43
  14   90 0.83
  23   26 0.71
  33  125 0.36
   4   60 0.35
  34   78 0.53
   5   10 0.37
  26   84 0.80
  20   89 0.36
  20   75 0.41
   7   41 0.18
   9   56 0.21

  14   49 0.47
  29  127 0.81
  21   57 0.14
  28  105 0.81
  19   36 0.52
  16  120 0.39
  29   72 0.71
  34  127 0.74
  14   28 0.49
  10   86 0.98
  15   72 0.85
  15   85 0.27
  26  106 0.45
  17   98 0.90
  10   45 0.78
  19   56 0.17
  19  116 0.29
  18   70 0.10
   6   95 0.03
   1    4 0.42
  21   43 0.27
  14   62 0.45
   8   64 0.18
   0   11 0.75
  19   70 0.70
   3   10 0.05
  25  107 0.94
  32   45 0.24
   0    2 0.76
  16   38 0.66

   8   96 0.77
  27  124 0.72
  16   72 0.41
  30   44 0.87
  24   75 0.17
  24   90 0.38
  26  107 0.87
  18   98 0.29
  13   32 0.25
  27   33 0.60
  30   47 0.95
  21   70 0.93
  21   67 0.76
  31  123 0.82
  22   74 0.79
   4   39 0.14
   2   30 0.50
  26   79 0.97
   1   13 0.57
  11   72 0.54
  21   86 0.14
  28   69 0.81
   0   71 0.32
  29   91 0.33
   0   80 0.24
  24   28 0.44
  10  114 0.44
   9   89 0.35
   0   76 0.89
  31   79 0.77

   2   81 0.55
  11   69 0.92
  21   34 0.68
   7   45 0.28
  33   90 0.09
  34  119 0.90
  10  110 0.87
  16   95 0.42
  29   76 0.43
  28   65 0.30
  16   32 0.05
  29   90 0.28
  15   20 0.60
  26   57 0.21
   1    7 0.21
   2   25 0.71
   4   82 0.17
  23   55 0.08
  15   32 0.15
  22  114 0.07
  26   63 0.23
   9  109 0.98
  23   86 0.05
   4   38 0.08
  17   94 0.58
  33  108 0.45
  22  122 0.49
  23  125 0.49
  34   95 0.86
  23   47 0.40

  21   87 0.50
  12   36 0.72
   1    8 0.73
  13  103 0.96
  22   28 0.12
  10   46 0.45
  25  117 0.23
  32   76 0.93
  25  122 0.20
   5    5 0.70
   5   22 0.33
  28  114 0.47
   6   41 0.68
  15   20 0.66
  28   41 0.30
   1   31 0.68
  30   51 0.23
   6   64 0.82
   7   77 0.85
  13   64 0.11
   8   75 0.40
  12   43 0.69
  25   29 0.67
  31   87 0.50
  29  116 0.63
  27   36 0.39
  11   47 0.56
  25   54 0.29
  30   48 0.12
   6   19 0.56

   7   53 0.69
  34  136 0.23
  17  111 0.56
  25  122 0.24
  10  111 0.86
  32   53 0.13
   7    7 0.93
  21   40 0.46
  10   66 0.59
  16   21 0.68
   2   41 0.93
  22   23 0.42
  17  101 0.51
   6  103 0.02
  16   97 0.69
   1    6 0.24
  30   74 0.59
  17   46 0.53
   0   17 0.35
  29  114 0.54
  34  126 0.37
  30   54 0.84
  22   30 0.62
  20   66 0.68
  13   14 0.06
  10   89 0.82
  13   28 0.25
   2   65 0.34
  15   43 0.08
  33   62 0.51

