5 80 8
3    4   2   4

   1    6 0.37
   4    9 0.20
   1    4 0.85
   4   10 0.15
   4    4 0.05
   3    3 0.75
   1    6 0.09
   1    8 0.34
   4    4 0.02
   3    7 0.76
   4    7 0.59
   4    8 0.53
   2    4 0.48
   3    8 0.15
   2    4 0.96
   3    8 0.68
   0    8 0.49
   3   10 0.16
   0    6 0.25
   2    5 0.86
   0    0 0.37
   0    2 0.65
   2    7 0.57
   2    5 0.50
   4    9 0.13
   3    6 0.08
   3   11 0.26
   3    5 0.00
   4    6 0.63
   1    7 0.54
   4    4 0.69
   0    3 0.81
   4    6 0.01
   2    3 0.15
   4    8 0.54
   4   11 0.94
   2    3 0.60
   3    7 0.81
   1    8 0.32
   4    8 0.23
   1    5 0.89
   4    9 0.84
   4   12 0.45
   1    2 0.27
   2   11 0.86
   1    3 0.87
   0    7 0.69
   2    9 0.53
   4    9 0.99
   2    5 0.25
   0    4 0.59
   2    2 0.04
   4   13 0.94
   0    7 0.05
   2    9 0.96
   4    5 0.44
   1    7 0.02
   4    7 0.99
   4    8 0.68
   0    2 0.31
   2    4 0.30
   2    9 0.15
   3   12 0.85
   2   10 0.14
   3    8 0.83
   1    7 0.67
   3   10 0.19
   0    4 0.33
   3    7 0.28
   2   11 0.33
   0    1 0.17
   0    4 0.00
   3    7 0.33
   1    1 0.81
   2    3 0.56
   0    8 0.74
   1    4 0.08
   4    7 0.89
   4    8 0.70
   3   11 0.23

   4    8 0.07
   2    7 0.74
   4   12 0.05
   1    2 0.26
   0    0 0.88
   0    3 0.32
   2   10 0.74
   2    3 0.65
   1    7 0.74
   3    5 0.05
   0    3 0.15
   3    4 0.16
   0    0 0.07
   3   12 0.78
   3    5 0.74
   1    3 0.87
   1    4 0.03
   2    9 0.04
   0    8 0.48
   0    7 0.51
   4    9 0.05
   3   12 0.29
   0    7 0.57
   4    6 0.91
   0    7 0.36
   1    9 0.49
   0    3 0.66
   0    0 0.28
   0    5 0.92
   2    3 0.51
   1    8 0.41
   0    3 0.45
   3   11 0.29
   3    6 0.63
   1    3 0.50
   4   10 0.47
   2    8 0.59
   0    0 0.91
   3    9 0.46
   3    5 0.25
   3   10 0.18
   1    8 0.85
   4    8 0.48
   1    4 0.47
   1   10 0.72
   0    0 0.35
   3    8 0.56
   0    3 0.29
   1    6 0.26
   3   11 0.60
   2    3 0.84
   1   10 0.81
   2    7 0.44
   0    6 0.89
   4    9 0.75
   1    3 0.93
   1   10 0.44
   1    4 0.32
   0    4 0.28
   0    0 0.35
   1    5 0.11
   1    2 0.95
   0    1 0.47
   4   13 0.81
   2    7 0.33
   0    8 0.93
   3    7 0.99
   0    8 0.68
   0    8 0.39
   4   13 0.09
   2   11 0.40
   2    2 0.95
   2    2 0.67
   3    3 0.40
   2    9 0.30
   1    2 0.60
   2    5 0.24
   4   11 0.32
   2    8 0.86
   3    4 0.36

   3    5 0.86
   0    3 0.05
   1    1 0.91
   1    6 0.63
   0    2 0.51
   4   11 0.15
   0    3 0.64
   1    7 0.90
   2    7 0.07
   4   13 0.81
   0    7 0.12
   2    8 0.87
   0    9 0.58
   4    5 0.93
   2   11 0.95
   1    3 0.85
   1    9 0.91
   4    7 0.03
   4    9 0.39
   1    8 0.73
   4    5 0.48
   3    7 0.66
   2    3 0.10
   0    2 0.44
   3    8 0.23
   4    7 0.69
   4    6 0.38
   1    5 0.67
   4    8 0.19
   1    1 0.67
   0    7 0.49
   0    9 0.91
   0    7 0.28
   3   10 0.14
   2   11 0.46
   0    8 0.53
   0    4 0.95
   4    9 0.01
   4   11 0.12
   2    6 0.29
   4   12 0.83
   1    3 0.16
   3   11 0.74
   3    6 0.54
   2    7 0.51
   0    9 0.03
   3    8 0.83
   0    6 0.10
   0    8 0.87
   0    4 0.02
   4    9 0.39
   3    4 0.54
   1    3 0.98
   4    4 0.99
   1    7 0.13
   1    4 0.68
   2    5 0.32
   4   11 0.12
   0    9 0.68
   2    6 0.28
   4   13 0.69
   4   11 0.27
   2    7 0.28
   3   11 0.12
   4    9 0.04
   4    8 0.28
   4   12 0.77
   4   12 0.83
   0    8 0.01
   3    7 0.59
   1    6 0.06
   3   11 0.24
   1    7 0.02
   0    7 0.25
   1    8 0.14
   4   10 0.14
   0    5 0.00
   2    3 0.03
   1    7 0.47
   4    4 0.36

