4 50 8
6    2  10  16  10  20   4

  29   70 0.31
  14   59 0.11
   4   28 0.33
  42   52 0.12
  35   78 0.89
  34   67 0.88
  36   69 0.56
  47   64 0.14
  22   67 0.62
   4   27 0.84
   9   33 0.14
  12   16 0.95
  32   45 0.91
  14   27 0.12
  42   83 0.55
  15   20 0.22
  38   51 0.96
  34   62 0.04
   4   31 0.35
   4    4 0.31
  35   35 0.25
  37   62 0.62
   9   35 0.01
  47   91 0.17
   1    4 0.34
  41   53 0.23
  24   31 0.48
  24   71 0.72
  41   87 0.37
  26   58 0.59
  29   59 0.87
  38   56 0.98
  45   56 0.07
  44   55 0.84
  44   66 0.60
  15   37 0.76
  35   57 0.97
  35   50 0.37
   9   56 0.60
  31   69 0.48
  19   57 0.04
  19   21 0.84
  11   34 0.29
   7   54 0.77
   4   15 0.03
  41   51 0.24
   2   31 0.10
  24   37 0.53
   3   44 0.04
  10   38 0.55

  38   80 0.74
  32   39 0.29
   5   25 0.32
  11   17 0.23
  34   78 0.24
  21   50 0.10
  30   59 0.63
  33   76 0.64
  15   37 0.27
  32   64 0.39
   2   30 0.15
  26   40 0.54
  37   42 0.18
  12   14 0.03
  12   27 0.17
  44   62 0.79
  30   66 0.02
  32   79 0.30
  44   62 0.69
  45   45 0.20
  28   63 0.89
  25   51 0.06
   6   21 0.50
  34   76 0.91
  46   49 0.05
  28   40 0.90
  24   49 0.69
  28   60 0.76
  31   53 0.74
  10   37 0.10
  43   46 0.53
   1   33 0.08
  31   52 0.32
  36   43 0.16
  44   82 0.36
  23   57 0.61
  37   70 0.90
  34   75 0.23
  13   33 0.28
  38   57 0.68
  20   34 0.63
  31   46 0.73
   7   29 0.00
  30   64 0.84
  12   41 0.85
  24   27 0.27
  18   47 0.24
  23   32 0.60
  20   30 0.22
   5   32 0.92

  24   32 0.18
  40   69 0.47
   5   43 0.05
  23   44 0.57
  22   55 0.15
  43   68 0.62
  42   47 0.66
  34   37 0.67
   4   49 0.23
  31   70 0.26
  23   50 0.70
  29   50 0.25
   6   42 0.20
  30   46 0.51
  23   26 0.02
   9   15 0.05
  19   64 0.32
  32   37 0.88
   9   41 0.61
  30   55 0.61
   4   18 0.32
  32   78 0.96
  45   53 0.59
  28   32 0.79
  17   52 0.95
  46   64 0.25
  11   25 0.32
   1   13 0.84
   8   22 0.44
   4   12 0.71
  36   51 0.10
   6   25 0.72
  15   61 0.92
  14   43 0.63
  44   59 0.74
  15   62 0.08
  11   45 0.96
  19   25 0.97
   7   28 0.29
  35   79 0.91
  17   33 0.66
  25   64 0.95
  19   24 0.62
  25   45 0.39
  12   46 0.56
  41   61 0.15
  21   50 0.66
   5   34 0.98
  47   80 0.17
  47   55 0.76

   8   42 0.79
  17   36 0.67
  45   50 0.31
  22   25 0.56
   3   31 0.77
  31   53 0.20
   7   18 0.33
   1   26 0.40
   9   40 0.11
  14   37 0.68
   5   29 0.38
  28   51 0.31
   7   51 0.77
  43   57 0.98
  39   69 0.34
  36   60 0.36
  40   63 0.06
  43   58 0.03
  14   58 0.04
   5   14 0.08
  12   39 0.96
   6   36 0.99
  38   65 0.28
   3   28 0.63
  10   21 0.90
  23   39 0.55
   6   28 0.34
  44   81 0.78
  19   29 0.01
   1   36 0.50
  42   52 0.19
  44   46 0.56
   8   22 0.51
  36   51 0.54
   0   15 0.30
  32   75 0.95
  46   79 0.00
   0   15 0.72
  17   55 0.46
   0   44 0.58
   0   41 0.14
  41   51 0.35
  33   69 0.86
  23   38 0.10
   4   12 0.59
  13   51 0.17
  42   88 0.57
   5   28 0.30
  35   57 0.48
  34   80 0.90

  38   76 0.04
   7   34 0.50
  34   63 0.00
  35   69 0.46
  11   48 0.45
   5   41 0.38
  22   60 0.34
  45   61 0.18
  27   36 0.74
  12   54 0.30
  23   26 0.36
   5    7 0.34
  27   59 0.97
  14   57 0.93
  19   48 0.32
  29   68 0.68
  35   41 0.81
  23   36 0.47
   5   37 0.04
  39   76 0.39
  39   52 0.29
  18   23 0.39
  22   57 0.09
   9   23 0.79
  21   32 0.83
  28   36 0.82
  37   65 0.52
   2   19 0.29
  32   72 0.37
  39   40 0.72
  19   54 0.87
  12   32 0.18
  11   50 0.39
  17   36 0.60
  17   39 0.26
   3   36 0.76
   9   46 0.76
   6   39 0.91
  29   59 0.46
  36   50 0.74
  35   68 0.11
  20   47 0.68
  10   42 0.61
  42   74 0.44
  27   71 0.44
  14   26 0.11
  15   54 0.80
  37   71 0.95
  32   33 0.87
  35   52 0.50

   2   18 0.53
  12   29 0.38
  34   40 0.14
   0   11 0.63
   5   43 0.68
  38   65 0.66
   8   11 0.70
  35   75 0.72
  32   47 0.36
   4   12 0.54
  31   34 0.81
  34   80 0.84
   1    8 0.25
   1   26 0.07
   5   46 0.34
  12   53 0.83
  17   61 0.52
  28   60 0.85
   6   11 0.54
  30   37 0.55
  24   50 0.54
  37   69 0.41
  39   63 0.29
  26   27 0.40
  20   28 0.90
  38   60 0.59
  16   52 0.19
  35   46 0.26
  36   55 0.30
   5   28 0.91
  14   22 0.97
  28   75 0.21
  27   69 0.39
  24   35 0.76
  41   51 0.31
   1    8 0.14
  35   60 0.39
  40   49 0.31
   2   24 0.43
  38   63 0.80
  46   88 0.23
  41   60 0.33
  17   55 0.65
  47   70 0.12
   4   13 0.29
  25   30 0.11
  45   64 0.33
  32   70 0.77
  10   34 0.48
  23   33 0.90

