4 20 4
12   16  20   2  16   4  16   4   4  10   2   2  16

  28   52 0.73
  18   26 0.29
  32   44 0.96
  34   51 0.19
  15   20 0.71
  23   30 0.36
  16   26 0.99
   7   38 0.76
  10   13 0.73
  28   35 0.20
  16   50 0.55
  29   43 0.79
  19   43 0.69
  34   44 0.82
  11   43 0.14
  14   37 0.97
  18   39 0.66
  10   16 0.50
   3   37 0.31
  30   41 0.38

   8   16 0.44
   5   27 0.31
  19   28 0.39
  26   42 0.69
  11   33 0.13
  31   62 0.34
   6   21 0.91
  28   43 0.37
  12   24 0.39
  25   49 0.29
  11   31 0.57
  11   21 0.40
  19   31 0.58
  32   45 0.53
   2   28 0.18
   0   17 0.37
  19   43 0.67
  12   44 0.34
  32   59 0.60
  25   44 0.28

  26   60 0.41
   6   40 0.06
  33   64 0.99
  32   47 0.01
  22   28 0.15
  25   53 0.76
  16   29 0.82
  18   28 0.34
  24   53 0.91
   0   12 0.57
  20   53 0.91
  32   51 0.57
  25   34 0.58
   9   40 0.24
   4   32 0.27
  25   53 0.29
  21   22 0.88
  25   30 0.51
  19   30 0.92
  25   26 0.95

   8   33 0.45
   3   13 0.45
  10   26 0.99
  29   39 0.28
  13   45 0.84
  25   57 0.02
  32   35 0.34
   3    9 0.53
  15   48 0.76
  13   38 0.16
  34   47 0.13
  17   24 0.99
  18   28 0.97
  34   47 0.84
  18   33 0.51
   7   16 0.20
  32   48 0.84
  20   52 0.17
   7   25 0.84
  33   43 0.94

  16   48 0.45
  26   40 0.75
   8   16 0.29
  33   35 0.62
  29   35 0.64
  10   32 0.94
  11   33 0.71
  23   57 0.56
  10   40 0.43
  10   26 0.64
  31   42 0.24
   4   20 0.61
  19   52 0.19
  34   38 0.20
  16   42 0.91
   9   33 0.00
  34   60 0.93
  30   38 0.58
  28   42 0.47
  12   39 0.01

   1   21 0.10
   6   17 0.48
  19   40 0.43
  11   29 0.79
  26   49 0.65
  25   38 0.17
  22   55 0.71
   8   26 0.57
  10   30 0.61
   3    7 0.52
  27   44 0.17
   7   25 0.35
   9   18 0.50
  34   67 0.90
  22   39 0.04
  20   41 0.46
  11   15 0.00
  20   44 0.49
  16   19 0.89
  16   26 0.13

  26   59 0.38
  24   57 0.60
  10   42 0.57
  24   41 0.37
  12   28 0.24
  17   30 0.02
   4   36 0.79
  21   39 0.64
   7   28 0.92
  20   41 0.46
  17   46 0.43
  15   18 0.64
  32   60 0.02
   2   14 0.20
  28   35 0.97
  27   38 0.34
  34   68 0.09
  13   47 0.50
  32   55 0.34
  10   10 0.26

  26   27 0.20
  16   33 0.30
  19   45 0.40
  12   23 0.52
  30   39 0.02
  24   57 0.38
   6   20 0.57
  14   40 0.22
   3   10 0.90
  15   44 0.68
  21   29 0.91
  25   36 0.99
   2    9 0.74
  30   33 0.76
  34   38 0.01
   1   12 0.14
   2   16 0.77
  16   21 0.70
  29   43 0.01
  20   26 0.40

  15   32 0.26
  30   57 0.80
  23   48 0.80
  16   42 0.54
  17   50 0.99
  27   55 0.60
  21   32 0.21
  22   43 0.71
   4   15 0.98
   8   40 0.79
  24   24 0.58
  22   53 0.65
   4   32 0.56
  22   40 0.98
   3   23 0.43
   6   31 0.81
  20   30 0.96
   4   23 0.04
  30   52 0.36
  19   41 0.64

  12   12 0.77
  28   34 0.59
   9   40 0.18
  28   47 0.60
  13   36 0.82
   6   24 0.31
  23   31 0.50
   1   11 0.76
  28   28 0.12
   5   30 0.72
  19   40 0.26
  16   46 0.48
  20   25 0.10
  17   25 0.20
   9   11 0.99
   7   21 0.03
  21   30 0.73
   8   19 0.61
   0    2 0.17
  15   37 0.34

   9    9 0.68
  22   45 0.43
  28   54 0.37
  18   42 0.64
  16   26 0.46
  12   37 0.37
  14   15 0.72
  33   59 0.67
  32   49 0.64
   4   28 0.92
  18   46 0.37
  12   23 0.34
  27   56 0.25
  21   29 0.32
  31   57 0.06
  26   51 0.79
   0   14 0.70
  34   58 0.26
  34   46 0.70
  27   55 0.27

  18   28 0.87
  21   32 0.22
   8   24 0.17
  28   41 0.88
  28   31 0.28
  11   36 0.74
  11   28 0.15
   1   23 0.03
  17   17 0.81
  19   23 0.46
  23   46 0.50
  21   22 0.79
   9   30 0.57
  16   24 0.02
  26   40 0.48
  31   46 0.13
  33   33 0.56
   3    9 0.22
  18   24 0.04
  12   33 0.28

