4 40 4
6   20   4   2  16  10  10

  19   71 0.35
  16  131 0.42
  13   96 0.84
  12   62 0.11
  21  110 0.88
  27   56 0.22
  36   70 0.55
  16  130 0.47
   9   92 0.78
  16  126 0.93
  15   42 0.86
   6   27 0.03
  21   77 0.05
  21  114 0.90
  36  141 0.21
   3   70 0.32
  36  124 0.52
  11  105 0.11
  36  134 0.00
  12  120 0.54
  24   35 0.04
  31   35 0.45
   5   51 0.93
   4   71 0.16
   0   36 0.14
   7   10 0.62
  19   42 0.64
  21  103 0.47
  22   89 0.54
  21   26 0.21
  14   32 0.51
  34  125 0.28
  26  111 0.04
  31   37 0.82
  11  118 0.01
  14   56 0.68
  16   54 0.64
  18  133 0.88
  34   75 0.50
   9   21 0.59

   0  114 0.97
   2   80 0.43
   7   51 0.52
  31   99 0.27
  32   99 0.46
  33   96 0.26
  37   96 0.99
  22   50 0.68
  26   63 0.34
  37   90 0.28
  34  106 0.20
  37   72 0.84
  24  127 0.25
   5   46 0.13
   0  102 0.02
   5  118 0.32
  31  129 0.86
  12  102 0.96
  16  101 0.39
   3  105 0.92
   0   88 0.58
  26   27 0.51
   3   88 0.22
   6   65 0.09
  20   59 0.21
  33   69 0.79
   8  109 0.05
  34  112 0.74
  20   46 0.12
   7   35 0.45
  35   63 0.78
   2  114 0.88
  29  137 0.59
  29  112 0.00
  23   61 0.73
  17  105 0.03
   7   10 0.29
  17   71 0.60
  17  132 0.68
  26   55 0.92

  14   81 0.56
  10  102 0.38
   4   12 0.74
  15  100 0.63
  30  141 0.97
  10   77 0.89
  13  124 0.92
  22   46 0.02
   8  111 0.92
  16   44 0.01
  27   31 0.69
  15  127 0.55
  15   22 0.52
  35   60 0.99
  16   82 0.04
  11   29 0.84
   2   13 0.43
   7  120 0.45
  12   41 0.35
  22   86 0.87
  30   41 0.63
  36   43 0.22
  17   71 0.19
  37  106 0.91
  26   43 0.24
  32   90 0.39
  33  117 0.38
   4   32 0.32
  22  136 0.60
  10  103 0.03
  20   80 0.92
   9  115 0.66
  26   60 0.63
  30   64 0.85
   7   34 0.06
  26  135 0.82
  15  102 0.13
  28   32 0.09
   5  100 0.90
  24   50 0.96

  26  105 0.29
  10   56 0.33
  33  132 0.99
  11  101 0.93
  25   96 0.84
  26   67 0.32
  11  107 0.24
  27  101 0.35
  20   99 0.25
  30   75 0.55
  28   72 0.07
  20  113 0.01
  20  104 0.34
  35   87 0.62
  28  133 0.09
  35  128 0.82
  32   98 0.87
  19   29 0.98
  31   73 0.43
   4   18 0.24
  33   47 0.98
  10   30 0.13
   8   84 0.27
   1   35 0.38
  32   34 0.59
  17   92 0.41
   6   94 0.36
  32  113 0.05
  30   65 0.45
  15   55 0.89
   7   18 0.46
  19   40 0.06
  17   55 0.89
  17  119 0.72
  30   45 0.77
  23   39 0.65
   7   89 0.85
  30   32 0.31
  18   22 0.68
  28   46 0.04

   7   71 0.92
  28   33 0.78
  23  117 0.41
  26  102 0.80
  19   64 0.57
  11   98 0.51
  20  129 0.12
   6   84 0.92
   6   59 0.05
   3   27 0.03
  24   61 0.25
  15  127 0.90
  35  124 0.13
  27   99 0.56
  25   81 0.22
  31  114 0.02
  27   46 0.15
  22   41 0.38
  26   34 0.56
  31   62 0.96
  16   43 0.48
   4   73 0.84
  18   64 0.99
  37   43 0.70
  22   50 0.95
   4  119 0.66
  24   24 0.28
  15  119 0.67
   0   15 0.36
   2   17 0.21
  31   60 0.11
   3   20 0.19
  16   79 0.28
  13   77 0.78
   2   96 0.02
   2   53 0.90
  30   32 0.75
  12   37 0.19
   0  107 0.13
   8    9 0.73

   6   50 0.37
  18   96 0.83
   7   44 0.26
  34  137 0.43
   1   87 0.30
  28   32 0.81
  18   73 0.11
  32  119 0.16
  24  133 0.68
  17   48 0.03
   1   92 0.30
   9  121 0.92
  17  100 0.63
  30   55 0.67
   6   95 0.81
  32   37 0.18
  28   49 0.40
  22   35 0.18
  35   67 0.82
   3   51 0.64
  36   70 0.33
  27   95 0.36
  14   63 0.85
  19   59 0.22
  21   56 0.88
   6   29 0.47
   9  106 0.92
  31  139 0.37
  13   24 0.20
  33   90 0.43
  36  107 0.54
  21   71 0.66
  37   66 0.40
   6   64 0.90
  11   48 0.63
  27   86 0.65
  20   77 0.16
  37   65 0.12
  18   32 0.23
  34  121 0.83

