3 25 4
12   20  10  10   4   4   2   2  10   4  10   4  10

  36   78 0.02
   3   32 0.38
   5    7 0.12
  45   46 0.69
  41   43 0.70
  41   55 0.08
  35   58 0.96
  15   55 0.72
  21   34 0.56
  12   37 0.23
  10   54 0.74
  21   61 0.88
  18   53 0.38
  30   41 0.25
  27   57 0.19
  34   36 0.19
  15   23 0.30
  20   28 0.23
  25   31 0.87
  44   73 0.45
  41   48 0.38
   1   24 0.97
  37   47 0.12
   8   29 0.93
  25   40 0.69

  41   43 0.97
  37   54 0.44
  29   63 0.15
   6   48 0.75
   8   51 0.83
  35   50 0.76
  21   54 0.18
   2   44 0.53
  23   68 0.54
   5   24 0.72
  40   67 0.82
  35   56 0.45
  11   30 0.25
  22   67 0.12
   1   11 0.99
  24   66 0.75
  39   62 0.89
  13   46 0.95
  44   79 0.99
  10   28 0.21
  41   76 0.33
  31   63 0.86
  10   35 0.29
  14   53 0.42
  36   61 0.74

  31   36 0.95
  41   82 0.58
  10   43 0.93
  23   34 0.57
  24   66 0.38
  11   18 0.13
  29   74 0.49
  32   69 0.85
  21   41 0.40
  32   58 0.53
  45   48 0.44
  20   62 0.58
  43   64 0.07
  26   28 0.98
   7   10 0.65
  26   30 0.23
  10   19 0.37
  12   28 0.29
  10   10 0.90
  45   45 0.46
  16   37 0.97
  25   33 0.28
   8   22 0.69
   9   20 0.85
   1   45 0.15

  42   80 0.74
  16   57 0.66
  22   29 0.44
  14   31 0.58
   2    8 0.17
   8   47 0.32
  17   31 0.30
  35   41 0.35
   5   11 0.97
  43   81 0.37
  42   69 0.12
  39   60 0.48
  34   71 0.45
  14   54 0.04
  15   23 0.32
  28   48 0.98
  13   45 0.08
  33   51 0.39
  35   77 0.34
   2   32 0.03
   5   29 0.17
  43   46 0.23
  30   54 0.64
  32   36 0.55
   8   33 0.86

  16   31 0.50
  20   33 0.74
  36   45 0.57
  13   16 0.14
   3   31 0.99
  23   35 0.89
  41   41 0.29
   7   52 0.21
  28   40 0.17
  34   42 0.20
  13   16 0.08
  12   36 0.45
  38   39 0.39
  45   82 0.27
  16   18 0.56
  15   38 0.74
  38   51 0.84
  26   63 0.91
  30   52 0.21
  30   56 0.94
   0    4 0.66
  12   23 0.10
   2   20 0.63
  21   30 0.74
  27   47 0.25

  34   76 0.84
  40   77 0.93
  16   22 0.64
   2   44 0.62
  24   29 0.66
  27   34 0.37
  30   42 0.37
  37   38 0.47
  26   36 0.98
  35   63 0.82
  40   52 0.37
  39   69 0.08
  24   24 0.06
  29   53 0.26
  30   31 0.21
  29   42 0.90
  33   37 0.73
  17   42 0.88
   8   23 0.60
  28   56 0.64
  22   54 0.36
  40   41 0.66
  13   14 0.10
  22   58 0.24
  36   63 0.42

  30   65 0.18
  10   38 0.85
   1   40 0.28
  38   58 0.58
  25   66 0.71
  33   73 0.53
  17   61 0.65
   7    7 0.95
   2   15 0.53
  45   55 0.13
   9   42 0.06
  23   66 0.80
  37   54 0.25
   6   12 0.71
  26   35 0.68
   1   12 0.21
   3   42 0.34
  37   58 0.05
   0   16 0.28
  19   27 0.10
  16   20 0.59
   3   42 0.28
  18   36 0.70
  34   72 0.64
  19   53 0.62

   2   41 0.34
  27   51 0.18
  24   47 0.25
   6   16 0.68
   5   30 0.31
  36   45 0.12
   7   10 0.24
  35   61 0.75
  27   51 0.00
  29   34 0.61
  34   37 0.84
  38   47 0.53
  11   31 0.51
  24   40 0.31
  39   71 0.36
   0   26 0.66
  31   34 0.02
  40   52 0.27
  43   45 0.59
   0    1 0.49
  36   79 0.18
  35   46 0.37
  18   56 0.96
  15   58 0.57
  40   71 0.10

   2   30 0.12
   8   10 0.41
  36   50 0.38
  36   65 0.36
  21   58 0.13
  17   39 0.72
  38   41 0.73
  11   48 0.67
   1   36 0.05
  13   31 0.95
  29   63 0.96
  44   64 0.70
  12   27 0.09
  12   48 0.82
   0   44 0.76
  35   43 0.81
  14   21 0.61
  10   44 0.93
   4   15 0.03
  43   77 0.18
   3   23 0.95
   9   21 0.90
   5   19 0.34
  28   46 0.89
  45   80 0.58

   4   21 0.18
   9   26 0.41
   5   17 0.83
  25   40 0.83
  40   52 0.91
  33   62 0.73
  45   59 0.72
  15   50 0.63
  11   18 0.03
  20   53 0.35
  41   69 0.16
  13   45 0.09
  43   81 0.23
  39   55 0.39
   2   41 0.11
   7   26 0.82
  32   68 0.14
  39   71 0.08
   5   33 0.72
  45   68 0.78
  43   59 0.75
  14   50 0.80
  14   49 0.26
  41   55 0.09
  28   72 0.21

  32   56 0.07
  34   43 0.76
  10   12 0.02
  31   65 0.94
  39   81 0.63
  10   19 0.92
   8   43 0.46
  30   34 0.42
   1   32 0.27
   4   48 0.47
  29   41 0.05
  45   84 0.57
  10   19 0.80
  45   80 0.03
  10   50 0.05
  41   72 0.63
  36   60 0.56
  39   67 0.43
  28   65 0.52
  27   65 0.90
  41   54 0.26
  16   32 0.46
  33   73 0.87
  24   38 0.45
  16   50 0.93

  38   72 0.51
  43   72 0.83
   3   11 0.76
   5    7 0.93
  45   55 0.89
  29   44 0.72
  21   28 0.39
  25   35 0.82
  15   32 0.91
  11   15 0.63
  28   40 0.63
   9   40 0.42
   4   43 0.50
  27   38 0.24
  34   50 0.79
  41   62 0.22
  15   59 0.28
  29   61 0.35
  26   45 0.90
  32   33 0.24
  44   80 0.67
  25   26 0.51
  39   70 0.93
  27   51 0.28
  25   38 0.35

