4 20 4
12   16   4   4   2  10  20   2   2  16  10  16  10

   8   62 0.98
  30  103 0.72
  27   59 0.20
  25  114 0.16
  16   99 0.10
  26  130 0.91
  11   77 0.65
   2   69 0.54
   0   92 0.23
  13   59 0.69
  18   38 0.18
   9   62 0.68
  25   83 0.49
   5   83 0.76
   9   12 0.84
  30   95 0.43
  22   38 0.82
   8   92 0.28
  18   49 0.77
   7   63 0.93

   5   71 0.28
  22   41 0.02
   8   26 0.37
  19   49 0.01
  16  105 0.66
  26   68 0.75
  15  105 0.75
  21  117 0.99
  30   52 0.24
  13   47 0.01
  25  102 0.56
  22   35 0.46
  19   37 0.21
  11   16 0.90
  21   43 0.08
  19   67 0.64
  23   42 0.35
  13  112 0.85
  12   39 0.96
  22   57 0.01

  14   71 0.90
  13   68 0.19
  23  101 0.43
  16   56 0.67
   2   48 0.07
  31   99 0.95
   9  102 0.43
  11   64 0.66
   6  100 0.42
   6   96 0.72
   7   25 0.55
  33   69 0.56
  11   52 0.86
   7   76 0.01
  14   18 0.12
  29  121 0.26
  21   50 0.09
  22  124 0.73
  17   73 0.01
  32   42 0.56

  23   26 0.16
   4  103 0.41
  24  126 0.30
  19   77 0.30
  17   29 0.68
  32   56 0.83
   4   85 0.79
  33   59 0.40
  18  113 0.41
  15   51 0.45
  24   75 0.40
  27   98 0.12
  28   86 0.74
  13   14 0.33
  29   40 0.00
  10   16 0.89
  11  111 0.26
  34   92 0.06
  16   87 0.07
  27   37 0.98

  32   43 0.02
   2  100 0.43
  22   31 0.36
  11   45 0.91
  17   37 0.91
   6   13 0.87
  22   73 0.40
   4    5 0.59
   7   81 0.97
  23  112 0.17
  34   37 0.51
  33   33 0.96
  27   51 0.84
   1   30 0.21
  25   48 0.64
  14  113 0.00
   2   52 0.82
  17   23 0.15
  29  112 0.72
   6   26 0.32

   3   27 0.42
  29   84 0.74
  31   91 0.30
  18   62 0.09
  13   98 0.68
   4  106 0.72
  12   42 0.46
  27   78 0.25
  23   29 0.61
   4   17 0.76
  20  112 0.46
  27  119 0.07
  27   52 0.77
  33   95 0.05
   6   24 0.72
  26   68 0.70
  32  116 0.05
   2   53 0.69
   8   22 0.78
  12   33 0.16

  32   51 0.82
  23  125 0.81
   4   68 0.79
  32   91 0.10
   8  102 0.12
   5   85 0.00
   9   47 0.71
  12   92 0.34
   7    9 0.28
  31  128 0.12
  30  126 0.84
  16  113 0.00
   3   16 0.53
  16   53 0.56
  34   68 0.14
  26  125 0.74
  15  106 0.87
  23   72 0.27
   3   15 0.33
  18   40 0.43

   5   41 0.96
  19  112 0.22
   8   66 0.49
  26   55 0.81
  12   74 0.43
  22   54 0.53
  32   76 0.75
  15  119 0.10
  15   60 0.67
   2   81 0.42
   4   31 0.26
   8   95 0.03
  31  110 0.73
  27   58 0.05
   7   61 0.67
   4   19 0.06
  11   20 0.92
  14   89 0.86
  21  109 0.41
   7   40 0.34

   5   43 0.84
  25   54 0.73
  29   85 0.11
  12   16 0.81
  33   60 0.62
  29  108 0.93
  12   77 0.12
   7   56 0.41
   2   96 0.95
  13   38 0.23
  19   23 0.40
  27  103 0.15
   0   19 0.92
  10  102 0.79
   1   66 0.44
  23   65 0.36
  14   26 0.24
   1   22 0.47
  11   77 0.53
  34   99 0.97

   1   11 0.10
  29   77 0.76
   8   15 0.31
  32  133 0.21
  18   28 0.61
  16   60 0.66
  31  105 0.60
  17   30 0.24
  34  104 0.49
  21   46 0.72
  21  110 0.10
   8   62 0.58
   1  104 0.57
  27   31 0.56
  33  111 0.05
  25   90 0.13
   1   12 0.90
   7   10 0.30
  24  117 0.59
  34  128 0.72

  20   28 0.81
  13   92 0.47
  24   77 0.09
  20   38 0.25
  17  100 0.08
   4   17 0.28
  32  104 0.39
  24   39 0.40
  16   77 0.33
  34   61 0.49
  31   58 0.41
  21   39 0.28
  27  112 0.44
  18   37 0.31
  23   53 0.14
  19   48 0.58
   8   70 0.94
  14   80 0.00
  20   88 0.94
  26   72 0.20

   9   22 0.46
  30   46 0.98
   9   71 0.60
  10   25 0.56
   8  110 0.00
  15   16 0.21
  30   61 0.18
  19   88 0.49
  19  104 0.96
  14   75 0.70
  18   37 0.36
   9   98 0.50
  31   53 0.84
  31   51 0.56
  14   63 0.74
  32   71 0.61
  32   44 0.08
  32   64 0.01
  18   37 0.21
  34   43 0.90

