5 25 4
12   20   2  10  20  16  16  16  10  16   4  20   4

  28   65 0.64
  11   32 0.07
  10   44 0.00
  22   22 0.06
  26   37 0.08
  30   59 0.14
  19   28 0.74
   2   29 0.97
  31   47 0.04
  23   63 0.34
   0   44 0.73
  25   59 0.91
  10   25 0.80
  21   48 0.66
   6   21 0.35
  34   80 0.49
  10   27 0.63
  11   35 0.43
  11   43 0.57
   9   39 0.27
  21   57 0.96
   0    1 0.53
  34   67 0.77
  24   43 0.00
  37   64 0.56

  20   50 0.95
  42   65 0.33
   5   16 0.91
  19   41 0.73
  36   65 0.75
   9   44 0.18
  13   30 0.61
  38   73 0.26
   2   12 0.49
  37   54 0.80
  14   51 0.44
  46   82 0.23
  30   30 0.29
   3   34 0.07
  42   51 0.43
  44   46 0.94
  40   71 0.57
  37   68 0.97
  10   54 0.68
  37   71 0.22
  42   88 0.56
  30   46 0.53
   0   42 0.16
  24   61 0.87
  16   51 0.00

  23   48 0.80
   1   37 0.57
  27   49 0.99
  43   59 0.19
  24   46 0.70
  18   46 0.53
  29   76 0.52
   6   23 0.04
  47   71 0.64
  33   69 0.91
  40   84 0.70
  24   44 0.03
  37   60 0.00
  23   63 0.70
  21   41 0.70
  11   36 0.99
  33   75 0.92
  44   69 0.45
   5   41 0.43
  43   53 0.91
  45   56 0.11
  43   55 0.97
  12   42 0.64
  18   46 0.63
  24   59 0.52

  23   42 0.80
  33   34 0.79
  34   57 0.88
  44   57 0.81
  29   71 0.82
  21   30 0.77
  20   55 0.73
  18   43 0.68
  43   47 0.30
  16   58 0.30
  16   52 0.80
  34   48 0.55
  16   39 0.14
  19   60 0.94
  45   84 0.09
  16   21 0.93
  21   43 0.03
   9   20 0.16
  27   40 0.61
  19   55 0.91
  12   26 0.91
  47   48 0.51
  14   38 0.54
  24   63 0.61
  40   44 0.92

   6   41 0.55
  13   34 0.17
  23   60 0.39
  28   73 0.92
  38   65 0.81
  11   36 0.68
  36   53 0.74
   8   37 0.13
  38   43 0.05
  21   67 0.97
  25   39 0.34
  32   53 0.48
  10   15 0.83
  13   29 0.07
  18   43 0.12
  14   53 0.65
  45   54 0.81
  22   41 0.40
   9   10 0.56
  11   55 0.97
  15   47 0.28
   0   40 0.24
   4   45 0.38
  41   81 0.59
  16   26 0.17

  21   54 0.60
  44   60 0.97
  20   64 0.87
  29   63 0.13
  36   37 0.77
  31   31 0.39
  25   54 0.44
  11   19 0.23
  45   52 0.98
   9   46 0.50
  23   42 0.85
  18   37 0.30
  29   41 0.87
  31   31 0.27
  20   41 0.86
  29   67 0.90
  12   40 0.08
  28   72 0.10
  34   37 0.68
  31   64 0.75
  21   55 0.82
  31   62 0.93
   4    8 0.89
   8   35 0.12
  21   60 0.20

   5   26 0.05
  27   61 0.01
   9   23 0.17
  39   51 0.65
  19   28 0.77
  21   24 0.71
  20   22 0.16
  46   52 0.97
  40   45 0.00
  23   48 0.10
  23   53 0.57
  36   78 0.61
  33   76 0.10
   9   21 0.99
  43   55 0.07
   2   12 0.51
  12   16 0.54
   2   25 0.54
  24   52 0.85
   0   47 0.69
  17   41 0.03
  37   54 0.63
  28   71 0.30
  30   69 0.88
  14   60 0.11

  44   73 0.60
  29   49 0.13
  19   52 0.05
  34   56 0.28
  19   39 0.40
  42   49 0.24
  38   77 0.24
  13   33 0.81
  39   40 0.50
  25   34 0.78
  26   53 0.81
   7   22 0.51
   0   46 0.87
  12   40 0.26
  47   85 0.83
  14   40 0.93
  28   74 0.36
   6   52 0.30
   6   19 0.65
  19   53 0.13
  46   89 0.96
  29   68 0.44
  20   41 0.67
  23   32 0.33
   6   38 0.36

   1   32 0.41
  10   18 0.61
  35   36 0.89
  17   43 0.80
  44   58 0.84
  35   44 0.91
  22   34 0.54
   4   31 0.94
  26   50 0.72
  47   68 0.21
  35   54 0.50
  36   67 0.93
  43   82 0.16
  31   57 0.03
  10   31 0.09
  25   28 0.28
  23   65 0.45
   2   31 0.52
  37   71 0.60
  35   69 0.99
  18   31 0.58
  47   86 0.43
  22   46 0.84
  45   47 0.01
  16   27 0.04

  34   51 0.50
   0   44 0.22
   1   16 0.15
  27   60 0.34
  43   58 0.23
  19   31 0.84
  43   82 0.60
  35   39 0.07
  21   38 0.76
  13   49 0.35
  33   56 0.49
  22   59 0.88
   4   12 0.50
  29   44 0.03
   2   22 0.36
  31   66 0.16
  18   56 0.05
  25   41 0.66
  47   59 0.32
  20   53 0.28
  11   37 0.58
   3   20 0.25
  39   84 0.75
  43   83 0.08
  38   49 0.21

   8   51 0.68
  38   60 0.03
  45   45 0.32
  38   41 0.52
  10   15 0.89
  32   62 0.29
  31   58 0.36
  33   78 0.40
  46   48 0.67
  25   60 0.44
  12   46 0.51
   0   18 0.79
  24   46 0.15
  40   60 0.09
  23   26 0.85
  24   25 0.25
  22   30 0.83
  29   45 0.23
  32   57 0.10
  40   70 0.15
  27   73 0.94
  32   65 0.68
  37   67 0.61
   3   16 0.62
  45   49 0.71

  43   46 0.13
  27   57 0.01
  31   45 0.72
  17   47 0.41
  26   36 0.19
  45   74 0.79
  15   26 0.01
   6   38 0.30
   1    4 0.39
  21   65 0.69
  13   29 0.71
  47   75 0.36
  46   56 0.68
  25   47 0.69
  43   70 0.58
  37   80 0.77
  32   45 0.43
  40   57 0.05
  27   32 0.74
  13   43 0.78
   7   37 0.26
  37   56 0.94
  28   28 0.53
  22   60 0.38
  29   76 0.56

