5 80 8
3   20  16  16

  23   66 0.13
   3   50 0.23
  11   39 0.37
  21   68 0.99
   6   36 0.69
   5   30 0.65
   9   56 0.16
  17   53 0.89
  24   37 0.52
   7   57 0.51
   8   22 0.73
  14   62 0.30
  22   43 0.17
  24   33 0.26
  21   69 0.18
  23   29 0.29
  23   56 0.87
   1   28 0.22
  20   54 0.92
   6   46 0.08
   7   48 0.52
  18   40 0.21
   5   31 0.83
  13   29 0.45
  10   31 0.53
  20   68 0.75
  13   46 0.64
  14   51 0.30
  18   46 0.87
  21   32 0.03
   7   46 0.84
   8   51 0.09
  14   14 0.74
  23   61 0.41
   6   44 0.15
   7   43 0.19
  23   47 0.91
   0    0 0.17
  17   24 0.69
  13   57 0.56
  23   71 0.33
  23   51 0.03
  15   35 0.12
  21   38 0.04
   1   45 0.44
   0    1 0.68
  11   24 0.30
   3    6 0.36
  12   24 0.21
  21   28 0.72
  10   25 0.96
   1   47 0.91
   2   40 0.10
  21   35 0.93
  16   30 0.63
   0    9 0.18
  14   38 0.67
  20   57 0.43
  20   22 0.87
  20   35 0.54
  19   67 0.12
  24   58 0.44
  25   68 0.94
   1   37 0.65
  12   54 0.32
  22   39 0.90
   4   20 0.38
  16   57 0.55
  18   59 0.74
  10   40 0.19
  21   42 0.86
  21   40 0.34
  22   31 0.46
  23   42 0.89
  18   43 0.77
  10   56 0.84
  22   34 0.82
  15   21 0.78
  20   67 0.76
  17   34 0.76

  13   31 0.86
  23   61 0.93
  22   25 0.09
  10   51 0.86
   2   40 0.80
  23   43 0.26
   3   51 0.96
  16   66 0.23
   3    5 0.01
  11   43 0.60
  13   21 0.81
   6   50 0.57
  12   34 0.36
   4   50 0.89
  20   24 0.66
   9   47 0.83
   7   27 0.56
   5   20 0.74
  13   46 0.23
  23   55 0.48
  12   42 0.13
   6   17 0.86
   6   28 0.52
  21   60 0.20
  22   63 0.82
   5   53 0.03
   9   28 0.58
  17   43 0.71
  10   43 0.71
  25   44 0.00
  22   32 0.64
   8   33 0.69
  23   52 0.04
  21   55 0.18
  21   21 0.71
  23   60 0.54
   3   16 0.27
  13   26 0.74
   0   30 0.29
  18   32 0.48
  24   41 0.86
  17   46 0.66
  22   34 0.82
  17   54 0.34
   0    9 0.15
  17   19 0.74
  17   67 0.65
   9   39 0.58
  14   20 0.59
   2   35 0.85
   6   48 0.01
   6   25 0.77
  24   54 0.38
  20   54 0.76
  14   28 0.78
   0   19 0.90
  21   52 0.43
   0   31 0.66
  22   73 0.98
   3   15 0.28
  11   42 0.50
  18   26 0.22
  10   19 0.11
  12   56 0.84
  25   38 0.76
  12   24 0.01
  11   39 0.43
   6   52 0.87
   8   28 0.07
  23   32 0.28
  10   44 0.78
  21   72 0.92
  12   28 0.63
  13   40 0.29
  23   57 0.07
  13   33 0.17
   6   47 0.33
  21   36 0.71
  10   19 0.86
  12   61 0.99

  13   45 0.59
   1   31 0.75
  14   54 0.61
  24   24 0.51
   6   43 0.67
  24   28 0.52
  17   26 0.88
  13   15 0.70
  18   69 0.39
   0   51 0.91
  18   63 0.25
  25   63 0.84
   8   59 0.84
  19   65 0.04
  10   56 0.96
  14   15 0.05
  23   59 0.78
  13   35 0.56
   4   16 0.40
  24   72 0.76
  21   22 0.04
   7   54 0.24
  20   70 0.67
  23   35 0.76
  20   60 0.84
  24   63 0.05
   4   46 0.31
  12   34 0.35
   5   31 0.38
  19   24 0.28
   2   27 0.97
   8   50 0.97
  12   39 0.92
  13   36 0.84
   1   38 0.41
  16   66 0.10
  25   69 0.49
  14   50 0.82
   7   46 0.02
  15   37 0.03
   1   47 0.31
  18   30 0.77
  13   26 0.24
  13   64 0.02
  20   40 0.33
  18   67 0.14
   2   21 0.07
  11   46 0.99
  13   17 0.01
   4    8 0.18
  24   52 0.27
   4   20 0.46
  12   23 0.66
  23   34 0.66
  16   48 0.53
  18   67 0.63
   7   38 0.45
   2   47 0.06
   6   38 0.79
  24   71 0.48
  10   55 0.02
  15   34 0.01
  23   29 0.71
  22   26 0.97
  12   14 0.04
  12   44 0.12
   1   30 0.03
  18   55 0.61
  13   47 0.96
   6   57 0.14
  20   55 0.13
  22   60 0.47
  22   53 0.19
  12   19 0.51
  16   26 0.62
  22   29 0.07
   1   16 0.53
   5   21 0.97
  24   57 0.01
   9    9 0.15

