5 15 8
12   10  16  16  10   2  10  16   2  10  16  16  10

   1    9 0.65
  17   21 0.32
  15   20 0.75
  26   28 0.48
  32   43 0.98
   6   10 0.46
  33   38 0.03
  22   26 0.70
  16   25 0.88
  27   33 0.98
  13   22 0.54
   9   16 0.31
  27   37 0.02
   9   13 0.61
  20   30 0.10

  26   33 0.29
  35   41 0.10
  24   33 0.10
  13   17 0.90
   7    9 0.70
  18   20 0.45
   0    9 0.36
  17   24 0.51
  27   33 0.95
   9   19 0.71
  10   16 0.40
  17   27 0.73
   2   12 0.42
  24   35 0.49
   3   11 0.96

  13   17 0.43
  30   34 0.31
  35   44 0.31
   2    7 0.90
  13   24 0.31
  15   18 0.42
  16   20 0.66
  26   36 0.97
  21   28 0.31
  21   31 0.32
   0    3 0.34
  29   34 0.21
   2    6 0.43
   9   14 0.52
  14   22 0.08

  24   27 0.07
  36   38 0.20
  19   30 0.52
   3    9 0.30
  35   43 0.55
  13   14 0.49
  10   14 0.37
  25   29 0.79
  22   27 0.13
  23   27 0.57
  10   13 0.16
  12   14 0.22
  25   30 0.62
   2    5 0.36
  23   30 0.42

  28   29 0.65
  28   32 0.96
   2    6 0.09
  22   32 0.57
   7   13 0.11
   9   13 0.80
  32   36 0.91
  21   32 0.43
  21   25 0.45
  33   38 0.95
  28   34 0.11
  35   36 0.22
  14   17 0.44
  17   19 0.67
  19   19 0.82

   8   15 0.37
  11   15 0.56
  31   36 0.43
  36   36 0.72
  25   31 0.79
   7   13 0.84
  17   17 0.72
  13   22 0.80
  36   40 0.58
  15   19 0.18
  13   13 0.18
  27   31 0.66
  13   23 0.65
  16   20 0.72
  19   30 0.19

  30   39 0.53
  26   35 0.81
  25   25 0.24
  18   27 0.74
  26   30 0.81
  35   43 0.97
   9   16 0.32
   8   19 0.34
  33   38 0.80
  31   40 0.69
  11   17 0.97
  17   28 0.89
  33   37 0.63
  23   29 0.73
  29   34 0.85

  22   29 0.20
  24   30 0.12
   2    8 0.70
  12   12 0.67
  33   37 0.40
   7    8 0.14
   4    5 0.40
  21   27 0.23
  23   24 0.42
  10   15 0.73
  18   29 0.52
  20   23 0.53
   6   10 0.54
  24   34 0.38
  15   22 0.56

  20   28 0.66
  17   25 0.61
  23   27 0.42
  27   30 0.61
   5    8 0.65
  26   30 0.77
  14   23 0.98
  25   31 0.17
  32   36 0.02
  34   38 0.46
  10   20 0.18
  13   16 0.46
  20   20 0.46
  15   25 0.06
  31   32 0.79

  24   24 0.10
   2    2 0.46
  34   40 0.95
  24   33 0.61
  25   27 0.07
  28   37 0.96
   2    3 0.87
  32   43 0.73
  26   37 0.28
   1    2 0.15
  27   34 0.77
  31   31 0.42
  19   27 0.17
   6   11 0.13
   7   15 0.79

   3    6 0.07
  20   29 0.88
  22   31 0.99
  36   36 0.71
  29   37 0.13
   5   11 0.25
  22   29 0.96
  23   29 0.34
  17   23 0.10
  15   22 0.00
   8   16 0.54
  27   32 0.78
  18   19 0.53
   2    8 0.37
   7   11 0.22

  16   24 0.59
   8   15 0.34
  17   25 0.75
   5   10 0.30
  14   23 0.09
  13   14 0.89
  19   29 0.76
  13   15 0.40
  28   33 0.88
   5   14 0.90
  20   21 0.24
  20   25 0.88
  29   31 0.84
  26   28 0.68
  22   26 0.52

