4 50 4
6    4   2  10  20   4  20

  16   44 0.08
  14   86 0.11
  24   74 0.47
  38   67 0.34
  30   62 0.72
  24   78 0.24
  12   39 0.10
  38   69 0.85
  34   71 0.06
  25   82 0.15
  23  111 0.56
   6   19 0.17
  17   22 0.06
  30  120 0.37
  34   91 0.57
  26   59 0.15
  37  128 0.65
  30  100 0.98
  30   88 0.51
  25   69 0.60
   9   64 0.15
  23   92 0.81
   1   88 0.11
  41   54 0.12
  24   79 0.39
  13   25 0.76
  37  106 0.88
  10   86 0.36
  12   96 0.97
  13   86 0.04
  16   80 0.64
  30  118 0.64
  29  104 0.61
  41   77 0.75
  40   60 0.89
  31   61 0.21
  20   79 0.99
  14   92 0.00
   4   80 0.66
  44   61 0.24
  18   20 0.55
  29  114 0.63
   0   77 0.18
   9   22 0.30
  10  100 0.42
  30   81 0.39
  11   69 0.56
  15   37 0.15
  16   60 0.04
  43   62 0.40

  42   56 0.96
  34  120 0.37
  32  124 0.48
  33  106 0.61
  38   42 0.89
  33  124 0.92
  27   37 0.29
  24   34 0.85
  37   51 0.72
  43  124 0.30
  38   89 0.58
  10   79 0.40
  41   96 0.48
   0   62 0.59
  45  137 0.49
  29   81 0.85
  31   80 0.63
  16   76 0.26
   6   82 0.76
  28   89 0.42
  38  106 0.40
  18   45 0.09
   6   39 0.44
   8   57 0.36
   1   92 0.74
   6   28 0.44
  16   26 0.09
  34  100 0.00
  24  100 0.32
  40  116 0.51
  29  118 0.47
   7   24 0.57
   4   69 0.73
   8   89 0.49
  16   37 0.82
  15   90 0.75
  26   85 0.34
  20  110 0.12
  25   89 0.24
  17   17 0.23
   2   72 0.02
  37   73 0.93
  36   77 0.31
  24   73 0.88
   8   48 0.58
   1   53 0.30
  36   57 0.68
  35   58 0.02
  38  122 0.37
  29  105 0.01

  33  113 0.34
  12   76 0.70
  33   77 0.70
  45  111 0.04
   6   15 0.34
  21   74 0.14
  45   89 0.68
   3   55 0.49
   1   44 0.41
  19   22 0.48
  38  118 0.65
  26   47 0.47
  40  116 0.51
   6   24 0.92
  42   61 0.70
  37   38 0.34
  44   95 0.26
  22   46 0.98
  45  124 0.79
  12   64 0.34
  28   50 0.27
  12   98 0.98
  30  115 0.54
  26  102 0.80
   1   92 0.75
  20   23 0.16
  13   20 0.21
  30   92 0.12
  20   72 0.41
  39  115 0.46
  28   38 0.55
  29   93 0.39
   5   61 0.25
  29   74 0.19
  26   49 0.83
  10  101 0.95
  16   50 0.77
  19   36 0.04
  42  133 0.80
  14   35 0.07
  38   86 0.20
  17   80 0.97
  25   75 0.59
  23   30 0.49
   6   13 0.15
   6   14 0.15
  10   29 0.20
  37   67 0.34
  27   63 0.03
   3   76 0.92

  45   72 0.78
  35   37 0.37
   6    8 0.46
  44  111 0.86
  31  119 0.80
   8   96 0.91
  36   74 0.94
  18   18 0.03
  44   92 0.84
  12   86 0.58
  43   77 0.64
  20   48 0.01
   3   74 0.34
  33   37 0.95
  43   75 0.47
  27  104 0.70
  20   55 0.63
  20   60 0.24
  11   35 0.64
  45  130 0.43
  16   86 0.66
   9   12 0.50
  12   99 0.10
  21   22 0.62
  31   66 0.75
  12   83 0.24
  42   85 0.60
  18   93 0.20
  23   34 0.21
  16   56 0.60
  45   73 0.86
  41   98 0.55
  18  107 0.12
  31  102 0.22
  29   88 0.55
  42  100 0.83
  14   50 0.72
  25  106 0.54
   9   85 0.14
   2   73 0.43
  19   34 0.89
  25  113 0.46
  16   19 0.62
  21   69 0.78
   9   22 0.60
  20   82 0.65
  32   91 0.78
   5    6 0.79
  12   94 0.17
  19   68 0.50

   2   81 0.15
  37   69 0.95
   5    5 0.22
  40   71 0.76
   8   93 0.24
  31   56 0.42
   1   61 0.99
  38   86 0.89
  40   74 0.81
  24   84 0.36
  32   63 0.86
  22   47 0.24
  23   28 0.63
  25   41 0.00
  11  101 0.53
   5   64 0.72
   4    6 0.51
  27  114 0.52
   5   71 0.98
   9   63 0.42
  37   49 0.68
   6   22 0.06
  37   55 0.99
  18  102 0.02
  42   70 0.59
   7   32 0.51
  37   43 0.67
  15  104 0.50
  42   55 0.14
   6   33 0.82
  37   95 0.15
  14   33 0.50
   5   94 0.83
  38   50 0.52
  36   50 0.16
  25   41 0.23
  31   73 0.58
  44   69 0.14
  32  102 0.40
  28   28 0.82
  21  103 0.00
   3   63 0.79
   5   83 0.00
  39   75 0.11
  38   64 0.69
   8   49 0.87
  21   38 0.94
  13   74 0.95
  28  102 0.77
  22  111 0.82

  16   50 0.62
  11   55 0.90
  15   28 0.15
  44  102 0.05
  21   70 0.70
  36  120 0.78
  43  129 0.10
  23   98 0.18
   3   61 0.57
  24   52 0.16
   3   70 0.36
  45   50 0.59
  38  115 0.76
  17   98 0.59
  15   47 0.88
  32   56 0.34
   0   83 0.28
  41   60 0.98
   9   19 0.23
   0    2 0.30
   1   18 0.99
  33   98 0.61
  12   19 0.05
  32  114 0.00
  20   98 0.85
   4   34 0.72
  10   49 0.93
   4   63 0.83
   8   29 0.53
   9   68 0.84
  19   44 0.63
  32   40 0.57
  31  123 0.49
  15   93 0.43
  41  116 0.21
   1   10 0.36
  29   79 0.78
   4   33 0.04
  44  106 0.40
  19   86 0.44
   7   88 0.44
   4   40 0.70
  44   83 0.36
  27   53 0.70
   9   87 0.84
  30   37 0.93
  29   44 0.45
   4   83 0.88
  21   42 0.75
  26   94 0.78

