5 80 8
3    2   4  10

  17   21 0.51
  22   25 0.30
  15   20 0.51
  13   15 0.22
   6   12 0.21
   0    6 0.83
   4    8 0.53
  12   13 0.29
  10   13 0.86
   1    7 0.94
   4   11 0.58
  15   19 0.06
  17   24 0.34
   7   14 0.94
   5    9 0.39
  22   26 0.46
   7    9 0.55
  11   11 0.64
   7   12 0.68
   0    5 0.21
   8    8 0.66
  16   22 0.44
  13   18 0.20
  13   17 0.95
  21   23 0.09
  18   22 0.85
   5    9 0.60
   5   12 0.96
  11   14 0.68
   3    3 0.36
   3    3 0.70
  15   16 0.01
  13   19 0.82
   3    4 0.39
  10   16 0.83
  20   24 0.08
   4   11 0.54
   6   13 0.27
   3   10 0.65
  22   25 0.50
  13   20 0.49
   3    7 0.85
  18   24 0.00
   3   10 0.92
  12   16 0.39
  10   11 0.13
  23   24 0.95
  15   17 0.15
  23   23 0.30
  14   16 0.49
  10   16 0.67
  17   19 0.68
  13   14 0.62
  12   18 0.16
   9   10 0.34
  12   12 0.15
  15   17 0.78
  10   10 0.81
  14   17 0.36
   9   10 0.13
   6    6 0.23
  11   14 0.23
  20   26 0.14
  11   15 0.96
   7   14 0.79
  10   16 0.77
  18   24 0.91
   4    8 0.86
  20   26 0.83
  22   25 0.39
   3    5 0.24
  23   30 0.62
  20   20 0.56
   6   12 0.53
   4    7 0.43
  14   21 0.15
  21   26 0.06
  21   24 0.46
  14   18 0.35
  21   21 0.06

  16   17 0.35
   8   15 0.70
   6   10 0.62
  22   25 0.14
  22   26 0.19
  22   25 0.52
   2    2 0.91
   6    7 0.57
   9   11 0.36
  23   29 0.92
   6   11 0.57
   8   12 0.73
  12   15 0.64
   8   10 0.07
   0    4 0.68
  17   19 0.84
  22   28 0.65
  21   22 0.35
  15   22 0.34
  21   23 0.52
  12   14 0.97
  16   17 0.37
  11   14 0.81
   0    4 0.29
   7   13 0.99
  18   22 0.25
  16   23 0.72
  15   18 0.37
  22   23 0.60
   9   13 0.28
  12   17 0.39
  16   21 0.33
  12   16 0.33
   1    8 0.24
  11   17 0.40
  15   20 0.97
  19   19 0.69
  14   20 0.47
  15   17 0.42
  20   20 0.34
  10   12 0.26
   8   12 0.93
  13   13 0.51
   2    9 0.90
   5   11 0.81
   8   13 0.17
   6   10 0.57
   0    3 0.45
  12   16 0.06
  11   14 0.14
   2    9 0.93
  22   29 0.77
  14   18 0.45
  20   20 0.31
  19   23 0.85
   0    2 0.75
  21   21 0.06
  16   16 0.90
   0    0 0.26
  23   26 0.96
  21   22 0.50
  12   18 0.52
   0    2 0.85
   1    2 0.77
  17   19 0.58
  17   19 0.41
   9   12 0.01
  14   16 0.27
   6   11 0.04
  12   12 0.86
   9    9 0.32
  21   25 0.86
  20   24 0.64
  23   26 0.97
  20   26 0.00
   6    8 0.93
  16   17 0.17
   4    7 0.04
   6   11 0.76
   1    1 0.54

  15   15 0.41
   4    8 0.77
  19   19 0.95
   7    9 0.83
   0    3 0.61
   3    4 0.12
  20   24 0.15
   0    1 0.56
   0    6 0.13
  22   23 0.82
   4    4 0.22
  13   20 0.09
  11   16 0.46
  23   30 0.92
  10   14 0.14
   0    5 0.10
   8   11 0.21
   9   16 0.24
  17   22 0.34
   0    1 0.30
  21   26 0.40
   0    7 0.36
  15   15 0.77
  18   23 0.13
  21   27 0.74
  19   22 0.83
   2    7 0.94
  20   25 0.54
  23   27 0.72
   5   10 0.72
  17   23 0.83
  12   13 0.16
   0    3 0.18
   0    4 0.28
   0    1 0.49
  17   20 0.96
  18   18 0.75
  19   23 0.60
   5    7 0.84
   0    2 0.19
  22   23 0.32
   5   11 0.64
  10   15 0.96
  18   18 0.04
  16   20 0.14
  11   11 0.82
  11   14 0.69
  20   27 0.68
   1    7 0.38
  15   22 0.10
   3    6 0.39
   8   11 0.04
   2    7 0.17
  10   13 0.21
  17   20 0.88
  10   13 0.79
  14   14 0.89
  20   24 0.03
   7   14 0.41
  14   15 0.57
   8   14 0.38
   1    4 0.10
  21   22 0.02
   0    4 0.32
  14   18 0.21
  23   26 0.08
  19   21 0.15
  12   15 0.25
  22   25 0.37
   5    5 0.08
   6    6 0.04
  15   19 0.41
   8    9 0.47
   6    6 0.08
  20   21 0.31
   6   10 0.20
   3   10 0.05
   6    7 0.38
  18   25 0.23
  22   24 0.79

