4 30 4
6   16   4  16  20  10  10

  25   48 0.00
  12   30 0.63
   6   33 0.59
  19   22 0.62
  14   16 0.27
  19   38 0.26
  32   56 0.13
  21   54 0.41
  13   33 0.65
  17   27 0.86
  22   43 0.30
  24   58 0.31
  13   45 0.32
  14   15 0.42
  24   48 0.83
  16   32 0.87
   7   28 0.48
  31   36 0.47
  12   30 0.98
   3   17 0.96
  16   49 0.50
  31   49 0.51
  20   52 0.89
  29   49 0.21
  27   47 0.04
  28   47 0.66
  12   25 0.45
  20   20 0.20
   3    7 0.26
  14   15 0.71

   2   29 0.51
  30   52 0.37
  26   40 0.19
   5   11 0.45
  11   15 0.52
  23   50 0.03
  30   38 0.17
  32   36 0.04
  15   43 0.03
  19   52 0.54
  17   42 0.65
  29   30 0.18
   9   19 0.08
   5   25 0.59
  31   37 0.38
  11   16 0.85
  24   48 0.66
   2   30 0.35
  34   50 0.44
   8   36 0.51
  24   39 0.58
  19   33 0.76
  28   33 0.92
  13   37 0.28
  18   30 0.01
  14   40 0.50
  28   36 0.75
   4    7 0.43
   0   33 0.81
   1    3 0.06

   7   18 0.63
  14   37 0.32
  26   33 0.40
  32   47 0.81
  27   38 0.61
  13   47 0.28
  12   23 0.50
   8   42 0.16
   2   18 0.00
  11   39 0.82
  25   45 0.64
  14   36 0.70
  15   35 0.69
  34   50 0.89
   1   21 0.79
   7   32 0.45
  15   34 0.16
  27   50 0.86
  17   19 0.82
   5   35 0.17
  33   52 0.22
  17   34 0.96
   3   29 0.36
  32   51 0.41
   3   36 0.52
  17   25 0.61
   7   16 0.77
  16   49 0.59
  25   28 0.35
   1   13 0.71

  22   43 0.43
  20   45 0.79
  15   47 0.05
  16   36 0.35
  32   49 0.83
  18   25 0.95
  10   38 0.66
  33   60 0.17
   4   12 0.61
   3   20 0.18
  11   40 0.18
  34   34 0.84
   9   34 0.04
  19   49 0.50
   3    6 0.11
  34   68 0.52
  11   18 0.38
   6   26 0.14
  11   16 0.67
   7    8 0.65
   2    2 0.64
   5   30 0.20
  30   64 0.52
  28   34 0.50
  32   34 0.53
  24   38 0.07
  28   57 0.70
  12   21 0.11
  15   20 0.53
  27   52 0.76

   8   40 0.64
  19   50 0.07
   6   15 0.96
  31   52 0.14
  22   52 0.38
  21   34 0.84
  30   33 0.51
   2   33 0.23
  15   25 0.66
   1   22 0.39
  19   34 0.24
  12   15 0.53
  18   38 0.46
  32   35 0.03
  11   38 0.49
   7   12 0.61
  25   41 0.86
  26   33 0.06
  12   23 0.79
  13   36 0.22
  15   47 0.97
   7   39 0.11
  32   58 0.96
  23   38 0.50
   1   21 0.93
  25   58 0.34
  18   32 0.36
  21   21 0.45
  26   53 0.94
  12   35 0.05

  15   38 0.07
  34   54 0.77
  34   67 0.34
   9   11 0.65
  23   26 0.63
   9   12 0.81
   9   26 0.27
   4    8 0.56
  11   29 0.68
   6   18 0.88
  12   15 0.18
  18   41 0.42
  23   23 0.12
  33   51 0.93
  14   17 0.36
  23   49 0.34
  19   53 0.04
  25   40 0.21
  12   23 0.73
   9   19 0.07
  11   42 0.62
  10   18 0.53
  34   63 0.59
  10   36 0.51
  31   40 0.09
   2   27 0.49
  15   27 0.32
  32   47 0.19
  31   57 0.71
  19   30 0.92

