5 80 4
3    2  20  20

  78  184 0.86
  12   28 0.69
  90  133 0.85
  60   91 0.80
 114  152 0.18
  15   48 0.63
  60  181 0.81
 100  105 0.09
  96  146 0.43
  24   57 0.05
  51   90 0.46
  31  125 0.69
 100  206 0.36
  20   47 0.86
  58   69 0.06
  38   74 0.96
  60   89 0.41
  45  156 0.58
  62   91 0.81
  20  111 0.64
  66  137 0.34
  88  151 0.38
  54   63 0.42
  11  117 0.30
 104  126 0.95
  84  169 0.64
  17   34 0.96
 118  174 0.05
  38   57 0.32
  79  203 0.62
   2   92 0.33
  55  123 0.29
 116  207 0.65
   4   23 0.93
  63  116 0.82
  35  101 0.67
  51   51 0.10
   9   31 0.81
  73   82 0.43
  40  110 0.08
  68  163 0.36
  53  176 0.64
  60  138 0.68
 105  137 0.47
  10   97 0.45
  27  140 0.80
  65  128 0.32
  52  109 0.63
  54  175 0.00
  73  177 0.88
  30   42 0.62
  59  157 0.57
   8   26 0.23
 109  198 0.02
  91  150 0.26
  85  103 0.97
 102  143 0.07
  51   84 0.36
   9   75 0.69
  21  121 0.95
  62   68 0.94
  39   76 0.93
 101  190 0.47
  70   91 0.60
  24  116 0.23
   3   45 0.43
  64  174 0.16
   0   66 0.07
  95  102 0.10
  80   97 0.30
  71  164 0.05
  24  133 0.62
  47  134 0.80
 112  143 0.32
  72  185 0.38
  38   70 0.72
  85  105 0.09
 100  194 0.13
  49   89 0.65
 102  140 0.40

  26   95 0.97
  45   75 0.42
  82  168 0.52
  96  200 0.29
 123  235 0.12
   6   65 0.24
  60  164 0.49
   4   56 0.00
 122  151 0.10
 111  138 0.50
 112  191 0.01
  45  146 0.24
  67  160 0.62
  87  153 0.47
  35  119 0.40
  17   45 0.12
   7  132 0.61
 109  175 0.21
  12  119 0.68
  49  151 0.19
  36   63 0.42
 103  227 0.44
  99  183 0.04
  50  170 0.99
  26   67 0.20
  81  190 0.86
 119  119 0.94
  74   84 0.67
 104  184 0.80
  95  213 0.70
   4   88 0.83
  18  129 0.26
  11   57 0.88
  15   77 0.14
   9  119 0.87
  24  101 0.51
  40  145 0.59
 119  141 0.80
  41  119 0.49
  61  163 0.90
  94  169 0.21
  12   93 0.25
   2   26 0.76
 103  190 0.47
  15  115 0.38
  85  118 0.62
  73  138 0.15
  38  143 0.62
  38   52 0.62
 114  205 0.82
  85  205 0.69
 117  140 0.56
  79  196 0.28
  49  136 0.68
 103  118 0.16
  67  181 0.64
   6   79 0.08
  63  111 0.24
  21   99 0.94
  25  131 0.88
  99  126 0.74
 100  193 0.76
  67   88 0.13
  85  119 0.78
  41   87 0.76
  16   19 0.57
 113  145 0.96
  46  141 0.89
  10   99 0.46
  28   76 0.82
  93   93 0.70
 123  165 0.04
  89  143 0.68
  83  175 0.73
 119  203 0.95
  59  145 0.53
  14  111 0.84
  63  114 0.16
 101  196 0.76
  67   87 0.38

  90  144 0.49
  13  117 0.74
 100  179 0.03
  79  127 0.69
  51   61 0.51
  68  103 0.86
  50   60 0.79
 122  241 0.53
   8  132 0.44
  96  183 0.40
  94  219 0.18
  60   60 0.24
   1   73 0.34
   1   52 0.98
  10   24 0.72
  48  153 0.27
  59   92 0.43
  24   95 0.12
 115  115 0.89
  96  129 0.79
  68  179 0.86
 102  188 0.55
  78  158 0.87
   4   63 0.26
  81  162 0.19
  96  104 0.98
  45   60 0.45
 105  146 0.97
  57  131 0.88
  39  135 0.95
  34   96 0.63
   5   78 0.15
  55   55 0.57
   7   22 0.33
  13  118 0.10
  21   82 0.75
  42  107 0.18
  42  167 0.91
  42  165 0.75
  55  107 0.73
  77  152 0.03
  76  179 0.12
  48  171 0.60
  24  149 0.95
   5    5 0.29
  34  103 0.39
  10   80 0.90
  99  213 0.94
   0   45 0.79
  76  170 0.14
  95  188 0.33
  42   65 0.86
 124  168 0.54
  78  187 0.57
 103  217 0.16
 110  175 0.23
  49  121 0.57
  23   23 0.92
   1   30 0.66
 124  142 0.32
  52  159 0.72
  88  143 0.94
  56  113 0.57
 103  159 0.86
  66  105 0.71
   4  125 0.56
  52   62 0.83
 114  183 0.21
  52  108 0.02
  32   51 0.81
  63   71 0.55
  75  193 0.49
  10   28 0.43
  62  165 0.46
 122  127 0.74
  96  161 0.20
  79  134 0.27
  12   93 0.49
   0    5 0.62
 121  126 0.42

