4 40 8
6    4  10  16   4   2   2

  24   40 0.06
   6    8 0.16
   9   13 0.85
  11   31 0.18
  27   44 0.87
  23   40 0.49
  19   34 0.54
   5   17 0.97
  32   51 0.85
   7   24 0.25
   6   10 0.72
  32   51 0.87
  27   42 0.75
  20   20 0.78
  11   13 0.82
  17   34 0.26
   0    3 0.35
  12   18 0.47
  14   31 0.40
   0   16 0.41
  18   19 0.40
   8   28 0.46
  26   39 0.44
  13   18 0.99
  26   27 0.52
  13   30 0.40
  21   40 0.53
   7   17 0.68
  27   34 0.80
   3    9 0.61
  15   26 0.85
  24   43 0.28
   9   25 0.74
  27   34 0.30
  12   24 0.76
   8    8 0.70
   1   11 0.50
   1    7 0.19
  24   44 0.52
  25   35 0.24

  32   33 0.56
   0   21 0.01
  15   32 0.10
  31   35 0.44
   2   11 0.36
  20   20 0.68
  13   13 0.17
   3   20 0.18
  29   29 0.40
  21   36 0.05
  26   40 0.66
  33   38 0.83
  13   32 0.59
  18   21 0.58
  14   27 0.13
  25   31 0.38
  25   25 0.19
  13   34 0.11
  20   28 0.10
  27   31 0.17
  25   35 0.64
  21   34 0.60
  14   17 0.87
  17   32 0.19
  32   53 0.97
   0    0 0.74
  11   21 0.32
  13   28 0.68
  28   46 0.83
  16   21 0.47
  15   19 0.86
  14   20 0.37
  23   23 0.12
  19   28 0.12
   6   16 0.48
  31   33 0.52
  19   28 0.55
  17   32 0.98
  27   46 0.11
  10   27 0.78

   3    4 0.21
  20   41 0.61
  28   32 0.02
   3   16 0.99
   8   24 0.41
   5   15 0.12
  10   22 0.58
  17   33 0.30
   6    8 0.83
  16   21 0.09
  24   35 0.15
  24   25 0.70
   9   10 0.74
  29   36 0.66
   3   16 0.27
  23   30 0.81
   0    5 0.05
  10   32 0.21
   3   24 0.53
   3    8 0.03
  11   31 0.28
  34   52 0.20
  11   33 0.53
  34   40 0.62
  11   19 0.39
  25   27 0.52
   2    6 0.02
  34   55 0.96
  28   48 0.30
  27   27 0.31
  25   28 0.16
  25   29 0.76
  14   27 0.62
  25   27 0.04
  17   37 0.52
   0   13 0.04
  34   37 0.55
  17   39 0.91
   3   18 0.60
  33   50 0.99

  15   27 0.34
  34   51 0.28
   1   16 0.40
  21   33 0.51
   3    3 0.85
  16   37 0.56
   5   18 0.22
   7   28 0.29
  34   34 0.65
  24   45 0.06
   1   10 0.52
  34   48 0.49
  16   26 0.80
  10   22 0.19
  16   37 0.48
  31   37 0.52
  13   30 0.60
  20   42 0.81
  13   30 0.99
  20   42 0.71
  21   36 0.18
   4   11 0.92
   7   12 0.79
  16   22 0.09
  17   30 0.83
  29   37 0.57
   1   21 0.39
  17   18 0.60
   0    6 0.55
  11   19 0.31
  16   32 0.95
  22   36 0.60
  27   31 0.99
  27   43 0.96
  32   39 0.04
  20   21 0.28
  23   28 0.33
   0   14 0.93
   3   13 0.55
  14   35 0.77

   6   12 0.53
  29   40 0.73
  13   34 0.25
   1    3 0.88
   4    6 0.23
   7   10 0.06
   9   28 0.32
  19   30 0.86
  34   40 0.74
   7   25 0.61
  19   21 0.20
  21   37 0.83
   0    6 0.64
  25   35 0.16
  26   35 0.17
   1    1 0.36
  20   32 0.48
  24   38 0.13
   4   19 0.31
  10   24 0.05
  24   37 0.58
  16   37 0.92
  33   47 0.42
  13   29 0.94
  14   20 0.46
   7    8 0.12
  10   31 0.76
  29   50 0.44
  12   27 0.42
   7   18 0.94
  12   12 0.39
  29   45 0.63
  25   43 0.85
  32   37 0.99
  23   39 0.15
   7   17 0.49
  14   27 0.69
  23   39 0.99
  24   44 0.32
   9    9 0.10

  20   26 0.87
   9   25 0.58
  14   16 0.57
   4   19 0.18
   1   18 0.70
  16   34 0.99
  34   48 0.41
   3    5 0.79
   9   19 0.61
   0   13 0.02
  19   39 0.49
  10   23 0.88
  13   17 0.37
  15   21 0.83
  25   45 0.74
  32   34 0.73
  17   33 0.18
  30   33 0.08
  11   13 0.43
  19   20 0.60
  25   44 0.28
  30   50 0.94
  34   55 0.22
  15   19 0.56
  23   43 0.21
  11   27 0.67
  31   40 0.83
  12   30 0.36
  30   46 0.18
  34   45 0.02
  13   14 0.05
  13   32 0.26
  26   37 0.46
  12   28 0.11
  11   12 0.53
   8   22 0.37
  14   28 0.34
   5   25 0.53
   6   13 0.00
  19   28 0.52

