4 80 8
3    4   4   4

   2    5 0.43
   4    6 0.42
   4   10 0.23
   6    7 0.96
   6   14 0.91
   0   12 0.66
   5   20 0.24
   6   22 0.65
   1    8 0.95
   6   18 0.32
   3    5 0.90
   5   13 0.19
   3   20 0.67
   2   13 0.42
   2   18 0.29
   5   10 0.62
   5   18 0.82
   4   11 0.31
   0   21 0.12
   1   16 0.43
   4    7 0.78
   6   19 0.54
   2    9 0.72
   1    4 0.00
   2   13 0.12
   2    5 0.53
   1   12 0.17
   1    9 0.66
   1    3 0.03
   2    9 0.73
   0    2 0.40
   1   20 0.03
   3   17 0.48
   3    6 0.11
   1    6 0.38
   3   16 0.65
   2    4 0.99
   3   16 0.32
   5   23 0.78
   1    7 0.51
   1    9 0.83
   0   11 0.28
   1    2 0.21
   0    6 0.21
   4    6 0.10
   3    7 0.48
   1   18 0.31
   2   23 0.26
   0   20 0.52
   3    4 0.06
   2    7 0.15
   3   23 0.82
   1    4 0.82
   1   10 0.49
   1   17 0.75
   6   16 0.80
   4   17 0.30
   5   18 0.98
   6   24 0.42
   5    8 0.86
   0   17 0.05
   3    7 0.19
   6   25 0.27
   1    7 0.11
   6   27 0.02
   5   19 0.34
   0    0 0.07
   4   11 0.05
   6    9 0.17
   5   25 0.06
   1    6 0.60
   1    4 0.83
   1    8 0.56
   2    6 0.16
   3    4 0.27
   3    5 0.93
   0   17 0.73
   6   17 0.37
   2    5 0.44
   2   13 0.69

   2    2 0.65
   2   16 0.10
   4    5 0.04
   2   11 0.00
   1   20 0.43
   4   10 0.81
   0   13 0.48
   4   11 0.58
   2   11 0.56
   3   22 0.22
   1   16 0.75
   1    6 0.35
   2   16 0.66
   2   12 0.20
   5   11 0.08
   4    9 0.19
   5   25 0.11
   6   13 0.54
   6    7 0.45
   2   11 0.04
   5    9 0.76
   0   17 0.77
   4   19 0.92
   5   19 0.41
   0   17 0.85
   1    6 0.75
   3    3 0.97
   4   19 0.37
   6   20 0.15
   4   22 0.65
   3    7 0.15
   5   11 0.85
   1   12 0.76
   1   14 0.60
   5   17 0.78
   1    2 0.82
   3    8 0.86
   0   12 0.85
   5   23 0.73
   1   22 0.47
   4   10 0.99
   2   23 0.94
   6   19 0.40
   1    1 0.93
   6   19 0.55
   3   10 0.68
   0    3 0.12
   1    8 0.40
   0   10 0.10
   3   13 0.99
   4   23 0.10
   0   20 0.10
   0   13 0.28
   0   16 0.60
   5    9 0.53
   2   20 0.74
   6   16 0.15
   2    5 0.30
   2   16 0.30
   1   21 0.75
   6   18 0.12
   3   11 0.19
   0    9 0.54
   5   25 0.04
   2   20 0.05
   1    5 0.59
   3   14 0.23
   4    5 0.71
   1   19 0.21
   2   20 0.25
   0   11 0.95
   4   19 0.69
   0   21 0.33
   6   19 0.33
   0   16 0.08
   1   17 0.28
   5   16 0.58
   1    4 0.83
   5   11 0.95
   1   15 0.25

   2   16 0.76
   2   21 0.46
   3   10 0.04
   4    9 0.95
   1    6 0.45
   5   20 0.39
   5    5 0.86
   6   25 0.08
   6   10 0.57
   1    1 0.92
   2   23 0.04
   6    8 0.21
   6   18 0.65
   4   24 0.19
   4    5 0.67
   6    9 0.68
   4   12 0.49
   0   11 0.92
   5   25 0.61
   2   17 0.98
   6    6 0.51
   0   10 0.38
   4    7 0.89
   6   18 0.54
   6    9 0.44
   0    0 0.04
   1   16 0.97
   3   19 0.36
   6   27 0.86
   6   12 0.16
   1   18 0.08
   2    5 0.33
   0   12 0.52
   6   26 0.87
   0   20 0.44
   5   12 0.19
   0    4 0.20
   2    9 0.32
   4    8 0.32
   1   13 0.40
   3   21 0.63
   2    9 0.18
   3   22 0.05
   3   23 0.49
   2   18 0.89
   3   23 0.54
   3   17 0.51
   4    4 0.88
   5   12 0.67
   0   20 0.22
   1   17 0.97
   0   10 0.89
   0    9 0.89
   0   13 0.52
   5   20 0.25
   5    8 0.36
   6   10 0.48
   1   11 0.59
   1    4 0.01
   4    6 0.98
   4    7 0.64
   0    1 0.55
   4    6 0.01
   4   11 0.34
   3   15 0.86
   1   12 0.61
   3   13 0.54
   1   12 0.02
   6    6 0.96
   1    1 0.17
   0   21 0.87
   6   26 0.47
   0    0 0.49
   5   16 0.15
   1   13 0.35
   2   11 0.54
   1   19 0.88
   0   15 0.08
   4   25 0.34
   4   15 0.52

