5 40 4
6   16   4  10   2   4  16

  25   68 0.53
  16   30 0.55
  15   50 0.82
  19   66 0.55
  34   35 0.07
   5   44 0.22
  33   61 0.90
  49   76 0.22
   7   32 0.39
  35   70 0.92
  12   45 0.85
   9   52 0.29
   4   24 0.27
  45   77 0.23
   9   47 0.59
  11   18 0.11
  21   32 0.82
  26   52 0.01
  26   72 0.77
  45   59 0.43
  43   60 0.55
   9   57 0.38
  40   54 0.47
  28   71 0.72
  29   51 0.24
  40   44 0.81
  35   70 0.56
  12   32 0.45
  32   34 0.37
  51   65 0.30
  14   59 0.39
  33   67 0.04
  35   76 0.21
  50   89 0.56
  16   53 0.88
  34   64 0.13
  42   66 0.68
   4   26 0.33
  47   91 0.69
  24   55 0.73

  13   61 0.50
   6   26 0.07
   9   57 0.75
  19   51 0.72
  12   34 0.35
  19   67 0.34
   5   56 0.77
  31   50 0.36
  17   23 0.48
  20   52 0.66
  36   42 0.55
  22   44 0.91
  33   66 0.05
   7   25 0.39
  16   32 0.41
  16   61 0.11
  51   64 0.07
  36   86 0.18
  51   98 0.81
   8   45 0.32
  42   45 0.64
  12   45 0.10
  27   49 0.71
   1   49 0.27
  45   88 0.69
   6   47 0.55
   5   10 0.04
   8   25 0.29
  12   42 0.40
  30   76 0.62
   7   56 0.21
  28   33 0.18
  37   54 0.83
   3   35 0.90
  47   70 0.21
  22   45 0.66
   9   45 0.88
  16   58 0.21
  10   29 0.48
  38   74 0.31

  48   98 0.53
  15   39 0.46
  37   65 0.26
  26   72 0.85
  38   58 0.74
  37   53 0.10
   6   49 0.12
  22   36 0.51
  47   82 0.60
   0   18 0.00
  45   52 0.22
  44   60 0.16
   4   10 0.25
   6   30 0.02
  37   64 0.97
   5   36 0.28
  19   42 0.34
  10   46 0.85
  45   68 0.13
  40   80 0.47
  46   94 0.32
   5   54 0.00
  34   85 0.01
  30   57 0.59
   3   20 0.26
   3   30 0.97
  35   57 0.26
  41   69 0.12
  26   71 0.90
  34   48 0.83
  22   60 0.11
  33   68 0.45
   7   58 0.19
  34   82 0.92
  34   34 0.55
  44   71 0.21
  22   40 0.02
  19   57 0.66
   7   57 0.28
  38   89 0.28

  21   44 0.44
  43   48 0.46
  16   48 0.70
  29   30 0.66
  43   81 0.34
  27   45 0.45
  42   89 0.89
  37   52 0.73
  45   63 0.54
  51   70 0.49
  32   83 0.88
  22   54 0.18
  46   87 0.78
  28   35 0.56
   7   33 0.58
   1    6 0.01
  27   71 0.48
  10   35 0.20
   0   30 0.43
  21   40 0.86
  41   88 0.73
  19   19 0.37
  36   68 0.39
   0   23 0.90
  46   54 0.72
   7   36 0.24
  42   92 0.86
  21   37 0.74
  20   40 0.21
  17   65 0.75
  33   48 0.88
  23   34 0.05
  44   70 0.57
  17   44 0.85
  12   52 0.69
  22   71 0.33
  39   58 0.01
  22   36 0.67
  13   50 0.52
  40   61 0.20

  19   30 0.15
  18   34 0.87
  10   47 0.44
   3   15 0.40
   9   55 0.72
  31   41 0.57
  26   29 0.44
  14   32 0.04
   8   57 0.47
   5   22 0.20
  46   55 0.40
  46   95 0.76
  24   26 0.21
   6   49 0.54
   1   42 0.03
  14   14 0.42
   4   14 0.18
  13   64 0.02
  25   31 0.10
  13   14 0.98
  42   88 0.51
  38   79 0.93
  19   64 0.93
  30   81 0.79
   9   57 0.12
  46   78 0.44
  46   50 0.81
   8   51 0.44
  40   87 0.20
  46   93 0.17
   3   46 0.90
  47   63 0.59
  45   93 0.04
   5   34 0.44
  20   41 0.18
   3   31 0.55
  30   73 0.96
  22   31 0.19
  11   55 0.74
  21   43 0.59

  47   56 0.40
  26   42 0.96
  33   57 0.32
  15   48 0.81
  48   79 0.10
   2   34 0.58
   3   13 0.73
  40   79 0.69
  27   47 0.63
   0   37 0.19
  15   31 0.36
  47   61 0.91
  18   33 0.04
  13   40 0.97
  18   57 0.42
  34   47 0.02
  32   52 0.22
  46   74 0.59
   5   17 0.44
   2   45 0.02
   1   13 0.85
  25   31 0.94
  22   26 0.06
  10   26 0.36
  46   83 0.84
  49   92 0.95
   5   36 0.57
  34   63 0.84
  11   58 0.92
  21   24 0.10
   7   25 0.64
  21   62 0.52
   0   32 0.80
  23   45 0.48
  26   42 0.19
   1    5 0.78
  25   31 0.40
   5    8 0.62
  49   62 0.17
   5   36 0.66

