3 20 4
12   10   2   2  16  10  16  16   4  16  16  10  16

 129  172 0.91
  97  111 0.14
 111  164 0.46
 109  141 0.54
  94  131 0.36
 145  199 0.19
 122  144 0.86
 111  142 0.45
  11   26 0.07
  56   86 0.45
   6   26 0.41
 111  125 0.85
  91  131 0.91
 135  163 0.32
 135  189 0.06
 163  203 0.67
  82   95 0.04
 165  169 0.42
 100  104 0.87
  41   82 0.46

  76  104 0.04
 162  182 0.52
 139  176 0.21
  14   59 0.64
  85  109 0.78
 107  133 0.34
 126  172 0.39
 126  175 0.20
 136  144 0.05
  60   73 0.56
 150  156 0.72
  42   53 0.33
 125  144 0.45
 146  171 0.35
  47   80 0.92
  13   66 0.42
  60   86 0.34
   2   36 0.24
 142  189 0.81
  75   91 0.35

  46   86 0.13
  15   44 0.67
  83  100 0.66
  44   92 0.16
 112  138 0.03
  31   67 0.47
  79   84 0.21
  61   73 0.68
 114  129 0.88
 100  114 0.12
 148  154 0.80
  90  143 0.39
  92   97 0.88
  41   90 0.89
  67  116 0.48
 110  150 0.67
 128  176 0.68
   6   43 0.55
 111  133 0.58
 104  125 0.48

 148  169 0.19
  81  112 0.18
 135  145 0.02
  15   19 0.06
  57   90 0.07
   2   48 0.00
  44   53 0.30
   2   45 0.76
  84  121 0.95
  33   82 0.27
  46   86 0.90
  36   70 0.90
 119  156 0.10
  79  104 0.66
  73  122 0.69
  25   45 0.10
  83  112 0.65
 108  132 0.22
 162  206 0.80
  20   68 0.43

  25   60 0.03
  65   79 0.33
 108  141 0.05
  89  139 0.50
 146  189 0.68
 160  175 0.08
  22   43 0.10
  40   71 0.62
   9   24 0.73
  81  122 0.63
  53  106 0.98
  49   80 0.18
  71  100 0.79
  12   44 0.61
 162  214 0.13
 110  113 0.69
 103  118 0.86
   8   15 0.60
  79   98 0.72
 145  159 0.82

  55  104 0.63
 164  164 0.05
 126  179 0.39
 103  115 0.80
  41   61 0.48
  53   77 0.35
 162  213 0.41
 128  145 0.83
  83  116 0.88
  50   95 0.82
  93  101 0.44
 157  171 0.16
 155  171 0.27
  17   50 0.46
  48  101 0.50
  39   61 0.54
  16   70 0.31
  49   82 0.54
 101  147 0.47
  74  102 0.73

  16   57 0.99
   6   53 0.51
 153  190 0.45
  22   33 0.76
  77  130 0.19
  66  110 0.25
  75   87 0.92
  12   20 0.86
  25   51 0.57
 107  119 0.48
  72   96 0.42
 146  157 0.49
 142  160 0.35
   4   54 0.69
  36   79 0.10
 111  149 0.18
 146  163 0.53
 112  140 0.14
 162  175 0.60
  27   34 0.07

 119  173 0.00
  27   59 0.83
 161  215 0.69
  98  114 0.91
  31   57 0.39
 156  162 0.43
  14   68 0.79
  74   75 0.18
  45   95 0.13
 104  105 0.03
 110  125 0.55
 100  132 0.01
 159  177 0.88
  28   53 0.06
  89   90 0.61
 109  144 0.89
  48   69 0.65
  12   31 0.49
  58   89 0.96
  66   97 0.61

  81  119 0.68
 159  175 0.43
  29   57 0.43
 107  149 0.21
 109  159 0.58
 129  171 0.28
  56  109 0.52
  72   79 0.24
  86  102 0.20
  41   86 0.90
 155  175 0.08
 129  156 0.47
  39   54 0.86
 109  119 0.44
  42   82 0.02
 127  167 0.44
  96   98 0.88
  27   57 0.59
 103  116 0.31
  39   76 0.64

 161  189 0.75
  74   78 0.30
 114  132 0.65
  29   34 0.16
 136  158 0.55
  43   43 0.53
 127  144 0.55
  71   82 0.49
  34   46 0.57
  79  117 0.01
  56  100 0.69
 159  170 0.42
  77  104 0.72
 123  125 0.10
 135  182 0.25
 103  107 0.03
  62   82 0.68
  36   51 0.21
  69  118 0.41
 120  167 0.59

 144  163 0.45
 142  187 0.03
 143  155 0.82
  11   63 0.53
  98  112 0.81
  17   52 0.54
  77  123 0.25
  14   48 0.23
 125  178 0.56
  49  102 0.19
  51   89 0.95
  33   74 0.75
  84  113 0.28
  39   78 0.08
  77  112 0.31
 119  153 0.68
  40   58 0.45
 149  202 0.43
  99  122 0.43
 103  136 0.71

  89  125 0.25
  88  112 0.86
  76  123 0.23
   2   34 0.81
 113  126 0.52
  42   47 0.93
  50  101 0.78
  67  101 0.17
  12   25 0.86
 147  162 0.25
  86  104 0.45
  39   76 0.89
 111  116 0.29
  85  111 0.07
 106  109 0.58
 116  123 0.06
  55   99 0.73
  42   64 0.64
  74  101 0.08
  41   54 0.52

