3 80 4
3    4   2   2

   9   19 0.98
  10   34 0.43
   5   13 0.87
   4   17 0.18
   6   28 0.97
   1   10 0.71
   5   29 0.04
   5    6 0.27
  12   29 0.68
  11   27 0.14
  12   18 0.75
   9   13 0.35
   1   13 0.33
   4    4 0.60
   6   12 0.44
   7    9 0.04
  10   10 0.64
   8   22 0.54
   3   23 0.71
  12   30 0.95
   4   18 0.44
   4    8 0.18
   5   21 0.81
   6   24 0.64
   0   17 0.96
   3   28 0.70
   1    4 0.12
   3   23 0.27
   6   13 0.27
   9   32 0.92
  11   36 0.15
   9   31 0.06
   6   12 0.32
   4    7 0.46
   3   21 0.21
   0   17 0.44
   0   15 0.45
  12   13 0.31
   6   11 0.09
   4   27 0.24
   0   12 0.92
  10   11 0.34
   9    9 0.89
   0   13 0.39
  12   15 0.55
   6   18 0.34
   1    2 0.45
  12   25 0.30
   9   27 0.53
   7   14 0.70
   7   22 0.71
   6    8 0.76
  11   30 0.53
   5   16 0.06
   0    3 0.33
   0   15 0.51
   4   17 0.35
   9   22 0.98
   7   27 0.35
   2    5 0.40
   5   16 0.64
  12   25 0.66
  12   19 0.78
   7   17 0.32
  11   14 0.26
   5   16 0.74
   6    6 0.36
  11   11 0.21
   7   17 0.81
   4    7 0.98
  11   11 0.53
   4   20 0.62
   0    7 0.64
  11   21 0.73
  11   26 0.94
  11   30 0.19
  10   13 0.06
   6   27 0.14
  12   30 0.00
   6   31 0.43

   2   18 0.83
   5   20 0.99
   6   11 0.99
   5   14 0.59
   6   19 0.90
   7   32 0.66
  12   27 0.12
   0    1 0.58
   7   16 0.94
   8   25 0.81
   9   34 0.04
   7   13 0.86
  10   35 0.24
   5    9 0.61
   1   11 0.34
   6   11 0.78
  11   27 0.78
   5   11 0.98
   6   27 0.00
   5   26 0.64
  12   31 0.09
   4   12 0.05
  12   25 0.09
   6   29 0.17
   6   24 0.39
   3   24 0.42
   1   26 0.21
   4   18 0.07
   0   22 0.73
   5   28 0.43
  10   20 0.25
   3   28 0.67
   3    7 0.11
   5   18 0.97
   5   11 0.21
   3   25 0.00
  11   16 0.92
   2   18 0.90
   1    9 0.27
   1    6 0.75
   3   19 0.35
  12   29 0.63
   4   23 0.00
  12   32 0.83
   1    4 0.43
   9   21 0.94
   9   12 0.25
   3   25 0.30
   8   13 0.40
   5   22 0.63
   4   21 0.40
   7   29 0.65
   9   17 0.70
   8   26 0.03
   0   25 0.21
   6    9 0.85
   1   10 0.26
   0    1 0.86
  11   22 0.60
   3   12 0.75
   5   10 0.09
   1    9 0.78
   7   31 0.83
   5    6 0.50
   9   25 0.12
   9   24 0.19
  10   15 0.95
   9   25 0.59
   2   15 0.38
   0    7 0.17
  10   14 0.98
   3   22 0.72
  12   27 0.80
   6   30 0.87
   2    6 0.59
   3   25 0.88
   3   15 0.91
  11   17 0.97
  12   22 0.34
   6   30 0.02

  12   14 0.78
   4   16 0.40
  11   11 0.18
   4    7 0.56
  11   33 0.43
  11   15 0.89
   0    9 0.80
   3   26 0.55
  10   23 0.19
   6    9 0.48
  11   13 0.29
   2   14 0.68
   4   12 0.04
  11   21 0.27
   9   26 0.48
   7   13 0.33
   4   14 0.82
   0   16 0.58
  12   25 0.77
   6   30 0.72
   3   14 0.04
   4    6 0.39
   3   20 0.88
  10   23 0.87
   4   17 0.01
   9   19 0.97
  11   16 0.49
   4   23 0.37
  11   11 0.46
   1    2 0.85
   2   25 0.56
   5   21 0.93
   6   16 0.50
   1   24 0.66
  10   35 0.84
  10   23 0.73
  11   15 0.72
   1   13 0.47
   4   24 0.92
   2   24 0.01
  10   15 0.04
   9   28 0.73
   0   18 0.10
   6   30 0.72
   4   23 0.53
   1   23 0.77
   4   11 0.02
   3   14 0.10
   4    7 0.74
  12   16 0.97
  12   35 0.53
  12   23 0.79
  10   26 0.74
   5   26 0.62
  10   19 0.39
   3   21 0.07
  12   23 0.88
   9   26 0.34
   8   17 0.30
   0    4 0.35
   5   19 0.52
   9   24 0.23
   0    3 0.32
   9   30 0.95
   1   12 0.99
   8   28 0.49
   3   16 0.19
   4    5 0.32
  11   29 0.78
   6   30 0.04
   6    6 0.35
   6   29 0.28
   2   13 0.13
   8   19 0.32
  11   19 0.76
   5   24 0.80
  10   35 0.53
   7   27 0.68
  11   19 0.78
   5   28 0.70

