4 25 4
12    2  20   4  20   2   2   4   2   4  20  16  10

   2   28 0.96
  28   43 0.06
  21   45 0.64
   5   17 0.09
   8   35 0.87
  31   41 0.12
  21   46 0.65
   7   13 0.84
  25   43 0.53
   2   33 0.80
   8   29 0.49
  40   42 0.12
   8   18 0.30
  10   11 0.42
  34   62 0.74
  37   55 0.82
  38   75 0.86
   4    5 0.87
   7   19 0.18
  11   46 0.72
  22   22 0.82
  30   48 0.79
  26   52 0.97
  21   53 0.07
   0   26 0.44

  29   51 0.55
  15   24 0.23
   1    1 0.15
  11   21 0.82
   0   20 0.69
  22   35 0.59
  17   35 0.79
  32   37 0.20
  15   48 0.21
   1    7 0.52
  15   27 0.33
  13   13 0.52
  15   43 0.37
  35   66 0.22
  25   45 0.44
  16   26 0.39
  32   45 0.06
  13   21 0.59
  31   65 0.00
  37   73 0.48
  19   55 0.89
  38   45 0.99
   3   11 0.82
  19   52 0.87
  39   50 0.37

  39   47 0.97
  18   43 0.88
  20   42 0.66
  20   26 0.03
   1    2 0.83
   8   43 0.26
  14   37 0.91
  15   34 0.48
  11   24 0.40
  12   12 0.78
   3   43 0.91
   1   13 0.85
  34   71 0.84
   3   14 0.98
  24   51 0.29
   1    8 0.84
   8   30 0.68
  36   46 0.68
  36   38 0.23
   9   26 0.85
   1   36 0.15
  33   48 0.81
   9   17 0.48
  30   68 0.68
  11   30 0.92

   8   25 0.69
  13   22 0.49
  26   65 0.13
  36   55 0.22
  26   52 0.89
   5   17 0.58
   3   18 0.96
  22   44 0.20
  20   56 0.43
  10   40 0.04
   1    5 0.10
  19   58 0.29
  14   27 0.62
  39   41 0.77
   7   19 0.92
   5   42 0.11
   3   18 0.94
   0   37 0.58
   7   39 0.95
  31   67 0.27
  16   48 0.59
  25   36 0.16
  31   36 0.64
  12   41 0.33
  16   29 0.60

  19   34 0.69
  32   54 0.29
   4   29 0.04
  27   46 0.70
  31   61 0.13
   0   24 0.88
   9   30 0.76
  30   37 0.93
  32   62 0.36
   5    6 0.06
  21   50 0.34
  25   28 0.15
  36   73 0.86
  22   48 0.79
  38   64 0.37
   2   15 0.83
  13   23 0.37
  23   36 0.25
   5   36 0.35
   3   13 0.40
  23   59 0.82
  17   56 0.74
   8   41 0.46
   4   34 0.58
   6   41 0.07

  19   56 0.66
  21   37 0.99
  25   28 0.40
  16   34 0.92
  27   54 0.28
  28   40 0.59
  16   31 0.30
  11   31 0.40
   5   36 0.17
  12   27 0.25
  10   45 0.86
  21   52 0.57
  30   64 0.86
  34   70 0.03
   2   14 0.30
  37   70 0.86
  22   37 0.81
  18   43 0.72
   5   42 0.64
  13   47 0.08
  38   44 0.39
  21   59 0.54
   7   16 0.05
  40   73 0.47
  13   43 0.59

  11   50 0.08
   6   42 0.38
  40   64 0.39
  34   36 0.51
  24   58 0.83
   9   28 0.45
  24   38 0.99
   4    9 0.83
  29   39 0.61
  31   43 0.71
  31   67 0.89
   6   22 0.77
   5   27 0.85
  21   40 0.75
   5   27 0.15
  18   44 0.52
  40   45 0.29
  27   60 0.18
  15   29 0.52
   6   32 0.51
  25   57 0.57
   6   44 0.03
  22   49 0.42
  24   53 0.62
  11   37 0.17

  22   23 0.00
  34   35 0.50
  27   28 0.23
  35   43 0.80
  34   37 0.38
  14   46 0.81
  10   14 0.37
  27   63 0.06
   1   36 0.30
  34   46 0.95
  30   55 0.06
   6   39 0.55
  39   40 0.69
   3   41 0.29
  11   42 0.78
  39   67 0.85
  26   42 0.46
   0   28 0.59
  11   47 0.07
  34   58 0.49
  33   43 0.97
  22   55 0.78
  34   68 0.14
  39   47 0.77
   6   25 0.83

  21   53 0.27
   5    9 0.66
  39   59 0.85
  27   46 0.79
  26   35 0.52
  36   48 0.56
  31   50 0.63
   7   14 0.08
   7   40 0.23
  36   66 0.12
  28   67 0.79
   8   11 0.24
   8   27 0.60
  12   49 0.66
  35   35 0.27
  27   50 0.79
  27   54 0.90
  26   46 0.91
  20   31 0.22
  36   39 0.49
   9   37 0.29
   7   30 0.66
  15   51 0.51
  37   72 0.12
  14   36 0.07

  10   47 0.49
  19   39 0.13
   4   18 0.06
  36   58 0.18
   0   15 0.36
  38   75 0.73
  38   56 0.25
  32   34 0.28
  34   54 0.16
  21   42 0.28
  23   37 0.68
   1   35 0.32
  26   48 0.52
   1    4 0.78
  12   36 0.62
   1   11 0.92
  39   42 0.21
  37   66 0.11
  35   35 0.09
  25   50 0.71
   9   36 0.67
  39   69 0.84
  26   41 0.37
  36   67 0.13
   6    6 0.60

   1    7 0.40
  37   45 0.13
   7   11 0.68
  37   49 0.11
   3   29 0.19
  32   70 0.05
  25   40 0.24
  17   23 0.68
  31   54 0.34
  22   44 0.52
   7   41 0.90
   5   28 0.66
  11   23 0.69
  15   36 0.40
  25   49 0.90
  39   45 0.21
  10   47 0.22
  40   59 0.49
   8   48 0.71
   0    3 0.90
   8   46 0.80
  32   55 0.31
   5   31 0.07
  23   43 0.95
   1   10 0.67

  20   32 0.79
  13   23 0.42
  11   26 0.48
   5   28 0.33
  19   28 0.79
  17   43 0.74
  31   45 0.59
  31   37 0.24
  30   35 0.65
  20   35 0.85
   2   28 0.26
  16   51 0.60
   4   22 0.88
   6   35 0.87
  21   59 0.23
   7   45 0.68
  15   23 0.61
  16   41 0.22
  15   32 0.99
   1   38 0.93
  13   14 0.85
   1   30 0.66
   7   16 0.92
   6   13 0.31
   3   31 0.46

