4 25 4
12    4   4  16   4   4  20  10   4  16   4  20  10

  36   52 0.72
  29   33 0.07
  10   85 0.57
  32   50 0.89
   0   34 0.33
  43   97 0.15
   5   44 0.52
  34   53 0.30
  12   26 0.82
  29  104 0.12
  11   73 0.74
  10   43 0.14
   3   68 0.43
  24   81 0.89
   9   30 0.80
   8   11 0.89
  40   91 0.18
  26   48 0.82
  33   65 0.59
  44   94 0.67
   5   72 0.52
  17   31 0.23
   5   39 0.22
   7   16 0.49
   9   23 0.30

  11   49 0.95
  11   18 0.55
  24   31 0.37
  42   97 0.60
   4   10 0.38
  33   79 0.71
  30   47 0.56
  13   63 0.08
  11   47 0.25
  23  103 0.27
  27   70 0.54
   3   92 0.74
  30   88 0.72
   1   24 0.40
  22   31 0.97
   5   65 0.43
  42  108 0.25
  10   80 0.94
   7   96 0.62
  17   47 0.33
   7   78 0.11
  40  126 0.10
  21  101 0.07
  28   59 0.62
  18   54 0.22

  22   90 0.02
   3   80 0.62
  30   68 0.87
  15   18 0.33
  25   54 0.08
  22   73 0.73
  44   52 0.41
  21   38 0.20
  21   84 0.96
  38   87 0.11
  18   57 0.17
  27   79 0.24
  17   35 0.39
  13  100 0.73
   4   38 0.49
  32   94 0.63
  40   94 0.10
  13   60 0.21
  36  104 0.12
  28   88 0.53
  28   68 0.27
  13   63 0.96
  12   12 0.76
  18   81 0.88
  28   82 0.25

  14   66 0.26
  14   98 0.44
  16   73 0.47
   0   61 0.78
  43   67 0.75
  11   93 0.90
   0   47 0.49
   1   38 0.91
  29  112 0.63
  34   80 0.65
  16   60 0.55
   2   85 0.43
   1   20 0.69
  20   44 0.80
  29   89 0.64
  23   57 0.75
  27   98 0.56
  28   37 0.13
  22   24 0.79
  17   55 0.65
  23   97 0.86
   4   23 0.28
  19   83 0.91
   4   44 0.46
  11   35 0.11

  21   95 0.34
   7   23 0.38
  33   78 0.06
  26   50 0.88
   5   21 0.67
  19  107 0.10
   1   88 0.38
  15   94 0.75
  29   88 0.10
   3   30 0.84
  21   35 0.92
   9   73 0.06
  28   79 0.93
  32   35 0.50
   8   17 0.32
   3   70 0.26
  44   63 0.08
  42   90 0.24
  41   58 0.25
  20   90 0.43
  10   86 0.75
  43  114 0.62
  33   76 0.45
  11   54 0.98
  44  103 0.98

  21   67 0.96
  12   44 0.44
  36   84 0.02
  31   68 0.56
  26   88 0.10
  23   67 0.07
  18   23 0.14
   4   13 0.96
  15  100 0.86
  18   80 0.81
  34   57 0.90
  43  129 0.26
  39   44 0.94
  11   88 0.31
   6   65 0.16
  21   65 0.02
  38   77 0.91
  20   28 0.72
  26   71 0.37
  40  110 0.12
  30  112 0.11
  38   82 0.58
  10   87 0.84
  36   73 0.76
  41  100 0.93

   8   90 0.62
  36   76 0.22
   2   33 0.12
  23   88 0.91
  28   65 0.50
  31  113 0.63
  24  110 0.63
  42   70 0.87
   3    6 0.54
  44   78 0.17
  35   51 0.05
  15   39 0.54
  12   79 0.88
  39   87 0.67
  15   72 0.91
  10   95 0.41
  37   81 0.68
   5   77 0.40
   8   31 0.48
  11   87 0.82
   3    8 0.98
  28   53 0.28
  38   59 0.92
   2    3 0.87
  19  101 0.81

   4   84 0.58
  19   86 0.45
  28   66 0.80
  13  100 0.01
   4   19 0.07
  44  129 0.96
   1   65 0.98
  43  129 0.44
   4   85 0.26
  32  100 0.29
  39   55 0.18
  28   56 0.66
  22   56 0.21
  35  107 0.29
   0    2 0.11
  15   59 0.13
  17   27 0.55
  20   94 0.64
  42   72 0.59
   9   29 0.86
   1   74 0.11
  41   47 0.82
  19   90 0.65
  14   90 0.26
   6   80 0.40

  24   68 0.14
  16   70 0.75
  21   41 0.93
   7   43 0.73
   2   56 0.25
  33   72 0.05
   0   82 0.29
  19  106 0.87
  21   64 0.03
  11   31 0.74
   1   80 0.48
  38  127 0.08
  41   81 0.64
   7   78 0.22
  33   99 0.70
  10   98 0.32
  19   51 0.50
  31   37 0.16
  13   40 0.25
   8   86 0.15
  30  106 0.94
  42  110 0.08
  23   71 0.18
  12   83 0.24
  12   27 0.71

  11   38 0.20
   9   72 0.22
  13   46 0.96
  43   51 0.01
  18   56 0.95
  39  121 0.29
  25   53 0.09
  31   68 0.23
  22   43 0.75
  14   88 0.98
   6    8 0.09
   8   34 0.44
  30   61 0.28
   4   57 0.02
   3   72 0.63
  42  125 0.91
  29   49 0.09
  39   89 0.89
  34  117 0.72
  28   80 0.16
   5   66 0.29
  31  109 0.83
  10   99 0.06
   1   68 0.17
   3   81 0.52

  33   66 0.58
  36   95 0.60
  17   83 0.21
  12   98 0.72
   8   80 0.81
  11   75 0.97
  30   53 0.92
  11   90 0.38
   0   73 0.41
  40  124 0.12
   8   22 0.52
   8    8 0.58
   8   63 0.23
  33  106 0.26
   9   23 0.31
  38   90 0.54
  43   71 0.90
  27   87 0.78
  30   91 0.33
  31  112 0.89
  40  114 0.33
  15   15 0.17
  42   52 0.96
  12   13 0.32
  42   47 0.66

  44   46 0.94
   2   65 0.57
  22   32 0.04
  10   61 0.40
  23   88 0.41
  33   50 0.64
  11   23 0.64
   2   22 0.59
  18   34 0.18
  38  106 0.43
  20   49 0.41
  26   96 0.22
  19   77 0.96
  41  115 0.39
  44   50 0.09
  28   44 0.26
  31  116 0.53
  34   89 0.40
  31   44 0.92
  30   99 0.73
  38   65 0.29
  17   20 0.11
   3   16 0.44
   2   77 0.08
  23   35 0.55

