5 40 4
6   10  10  10   4  10   2

  15   22 0.69
  20   20 0.69
  21   39 0.90
  20   20 0.67
   9   31 0.36
   9   10 0.21
   1   22 0.74
  18   23 0.00
   1    9 0.99
  22   22 0.51
   8   12 0.71
  10   18 0.81
  10   32 0.40
  10   16 0.00
   6   26 0.07
  12   28 0.47
   9   12 0.57
   8   20 0.99
  20   34 0.56
  15   16 0.60
  20   28 0.64
  15   21 0.96
  16   26 0.10
   4   26 0.89
  18   21 0.44
   8   25 0.23
  19   32 0.58
   3    7 0.11
   0   12 0.11
  21   21 0.02
   6   14 0.99
  21   39 0.35
  11   33 0.57
   0   15 0.61
   5   17 0.99
  17   32 0.53
   7   24 0.81
  17   17 0.33
   7   17 0.18
  10   27 0.67

  12   20 0.66
  11   16 0.39
  14   17 0.36
   4    5 0.62
   6   14 0.80
   5   21 0.35
   0    2 0.81
   4    6 0.30
  16   31 0.23
   1    5 0.25
  14   23 0.17
   4   23 0.54
   3   10 0.63
  11   29 0.66
   0    1 0.38
   1   13 0.13
  13   34 0.96
   9   21 0.71
  13   17 0.15
   2   13 0.42
   6   23 0.92
  18   19 0.94
   6   10 0.37
  12   13 0.61
  21   41 0.99
   1    7 0.34
  20   23 0.51
  20   36 0.60
  13   25 0.71
   7   18 0.68
   6   20 0.76
   7   26 0.53
  21   25 0.89
  15   21 0.69
  10   10 0.91
  16   29 0.09
   9   28 0.07
  18   27 0.79
  11   31 0.28
   7   28 0.69

  14   33 0.23
  14   30 0.18
   2    6 0.50
   5   24 0.91
  19   29 0.54
  22   40 0.56
   4   14 0.89
   3   16 0.23
   2    2 0.69
   6   17 0.53
  18   32 0.89
  18   34 0.99
  17   20 0.44
  13   19 0.20
  15   25 0.59
   6   23 0.60
   4   23 0.32
   1   13 0.54
  17   18 0.10
   8   25 0.98
   0   14 0.51
  18   31 0.31
   2    6 0.73
   6    6 0.46
  20   31 0.21
  19   34 0.26
   9   30 0.03
  14   29 0.10
  22   30 0.14
  13   18 0.68
  14   31 0.84
  12   30 0.89
   0   18 0.97
  21   21 0.85
   5   14 0.10
   9   28 0.56
   5   15 0.95
   2    3 0.14
  16   31 0.86
   0    4 0.25

  16   31 0.69
   5    7 0.70
  19   36 0.93
   7   17 0.93
  12   34 0.91
   2    8 0.78
   3   12 0.13
  10   19 0.20
  11   22 0.98
  17   32 0.00
  11   29 0.85
   7   13 0.20
  22   34 0.87
  21   31 0.81
  16   20 0.96
   5   24 0.26
   2    3 0.16
   3   12 0.29
  18   24 0.61
  19   31 0.68
  13   28 0.19
  13   24 0.98
   3   14 0.83
   3    3 0.06
   6   23 0.25
   0    9 0.67
  18   20 0.98
  14   16 0.41
  21   39 0.29
  13   16 0.06
  11   26 0.50
  19   33 0.09
   3    6 0.42
   0    5 0.30
  21   30 0.19
  16   33 0.18
  16   23 0.13
  17   17 0.55
   8   22 0.89
   7    7 0.20

  20   41 0.50
  17   35 0.45
   4    7 0.40
  19   22 0.58
  22   44 0.69
  12   19 0.94
  20   37 0.71
   8   11 0.36
   1    6 0.76
  22   36 0.02
  19   40 0.64
   1   13 0.33
   7   23 0.00
  20   23 0.78
  21   25 0.60
   3   18 0.00
  16   33 0.64
   2   19 0.10
   0   17 0.34
   4   17 0.49
   9   30 0.60
  17   39 0.22
  10   29 0.37
   6   21 0.35
   5    5 0.38
  14   27 0.03
  13   33 0.78
  13   16 0.76
  22   34 0.82
   4   24 0.88
  11   15 0.64
  21   37 0.73
  18   32 0.13
  13   19 0.03
  13   22 0.46
  10   10 0.23
  14   15 0.43
  16   22 0.02
  13   19 0.47
  14   27 0.81

  22   40 0.40
  12   32 0.70
   0    7 0.97
  20   40 0.63
   6   25 0.87
  12   15 0.43
  14   36 0.13
  12   19 0.79
   6   20 0.40
   7   11 0.93
  10   18 0.17
  18   20 0.66
  16   37 0.13
   0    0 0.02
  18   30 0.97
   5   10 0.21
  14   26 0.19
  19   30 0.71
  21   22 0.58
   8   27 0.16
  14   35 0.26
  17   37 0.03
   8   13 0.93
  21   34 0.83
   5   27 0.85
   5   27 0.89
  15   29 0.32
  14   26 0.36
   2   16 0.19
  22   32 0.58
  20   41 0.46
   7   19 0.93
   6   27 0.19
  19   20 0.96
   0    8 0.28
   0   15 0.27
  18   37 0.06
   1    7 0.42
  11   21 0.75
  16   17 0.42

