4 40 4
6    2   4   2   2  16   4

   0   54 0.99
   8   39 0.73
   1   10 0.76
   8   16 0.13
   4   20 0.59
  17   32 0.40
  10   61 0.96
  11   12 0.33
   1   27 0.39
  13   46 0.16
   1   18 0.67
   9   41 0.29
   3   41 0.34
   2   23 0.74
  12   21 0.65
   3   38 0.64
   3   12 0.29
  10   41 0.40
  13   50 0.26
  16   22 0.57
   9   39 0.69
   7   33 0.25
   9   34 0.35
   0    7 0.85
   7   57 0.35
  11   46 0.02
  13   63 0.36
  13   67 0.83
  10   35 0.93
  12   60 0.77
   1   17 0.91
  10   26 0.81
  17   24 0.68
  11   36 0.10
  10   47 0.46
  13   57 0.20
  13   38 0.26
   9   32 0.76
   0   54 0.65
  16   39 0.79

   3   48 0.31
   3   15 0.29
   3   45 0.95
  15   52 0.33
  10   10 0.55
  14   17 0.68
   6   31 0.13
   7   47 0.11
   0   15 0.51
   6   47 0.90
  17   56 0.51
  17   38 0.04
   7   47 0.48
  10   36 0.60
   5   47 0.98
   4   41 0.27
  14   16 0.67
  10   26 0.96
  11   43 0.26
   0    8 0.57
   6   48 0.97
   2   51 0.06
   3    7 0.85
  11   43 0.12
  11   11 0.33
   8   40 0.68
  11   61 0.00
   0   52 0.84
   6   23 0.04
   7   13 0.32
   6   16 0.21
  15   50 0.92
   3   50 0.32
   8   49 0.57
   9   27 0.37
  17   36 0.79
   8   46 0.25
  11   16 0.81
   2    2 0.55
   7   57 0.80

  12   36 0.60
   8   58 0.54
   4   26 0.28
  17   21 0.03
   8   60 0.65
   4   10 0.59
   2   24 0.37
   4   57 0.37
   2   53 0.75
   5   56 0.44
   4   37 0.34
  17   34 0.74
   7   18 0.78
  10   61 0.09
   4   22 0.69
   8   41 0.77
  11   43 0.69
   3   45 0.83
   7   40 0.54
   8   24 0.20
   8   24 0.07
   7   19 0.08
   4   41 0.96
   7   13 0.86
  14   27 0.07
   5   13 0.13
  15   49 0.93
  10   37 0.33
   8    9 0.63
  11   40 0.76
   6   34 0.46
  17   41 0.15
  13   26 0.61
   6   17 0.59
  10   44 0.54
   5   15 0.71
   7   10 0.77
   9   61 0.94
  10   32 0.75
  17   65 0.00

   2   15 0.37
  16   60 0.37
  15   35 0.29
  17   63 0.78
  16   69 0.03
  14   36 0.02
   8   19 0.42
   0    2 0.08
   6   61 0.71
  14   38 0.12
  11   59 0.90
   5   11 0.45
  14   19 0.33
   9   26 0.09
   0   25 0.40
   3   33 0.79
  15   24 0.14
  16   57 0.60
  13   21 0.00
  17   62 0.53
   0   16 0.93
   8   17 0.54
   1   39 0.27
  16   42 0.68
   9   46 0.12
   6   42 0.85
  10   61 0.92
   2   17 0.19
   5    9 0.14
   9   15 0.70
   2    5 0.21
   7   44 0.74
  17   58 0.24
  16   35 0.80
  13   24 0.78
   4   13 0.40
  17   65 0.84
   2   12 0.38
  10   47 0.84
   4   31 0.81

   1   47 0.97
   3   13 0.26
   5   22 0.53
  17   17 0.68
  17   25 0.13
  17   46 0.10
  16   36 0.14
  12   17 0.08
  14   57 0.02
   7   27 0.46
  16   29 0.90
   9   16 0.24
   8   20 0.78
  16   42 0.18
  17   71 0.53
  10   10 0.39
   1   10 0.30
  15   44 0.01
   3   44 0.71
   3    7 0.53
  10   26 0.46
   4   38 0.62
   3   39 0.26
   5   49 0.99
   9   32 0.96
   7   14 0.67
   3   16 0.82
   5   46 0.30
   4    7 0.72
   2   40 0.72
   9   34 0.92
   0   20 0.84
   5   42 0.58
  10   34 0.22
  12   38 0.22
  17   31 0.54
  16   18 0.90
  17   24 0.19
  16   24 0.69
   9   28 0.16

   1    3 0.76
   6   54 0.43
  15   25 0.62
   9   36 0.94
   8   20 0.92
   9   33 0.76
   3   24 0.61
  12   63 0.71
   8    9 0.24
  11   25 0.94
   5   49 0.55
   6   54 0.07
   6   52 0.52
  11   51 0.15
  11   59 0.32
   3   24 0.29
  10   56 0.37
  10   52 0.45
  11   13 0.05
   4   35 0.06
   9   16 0.29
   7   10 0.28
   0    8 0.46
  12   18 0.84
  17   28 0.90
   6    8 0.78
  11   32 0.74
  14   28 0.38
   4   39 0.78
  10   34 0.84
  14   18 0.94
   3   25 0.29
   4   51 0.34
  11   34 0.08
   2   56 0.49
  14   14 0.38
  13   47 0.14
   5   48 0.36
   2   43 0.38
   3    5 0.21

