3 40 4
6   16  16  10  16   4  16

  84   91 0.70
  33  219 0.95
 146  170 0.92
 134  182 0.10
  81  208 0.76
 169  193 0.51
  63  122 0.74
 180  225 0.55
  93  156 0.10
  95  196 0.60
 121  193 0.51
  67  228 0.53
 130  153 0.51
   5   15 0.32
 120  283 0.13
  76  153 0.71
 148  292 0.65
  12  112 0.71
  24   67 0.58
  93  107 0.05
  68  194 0.95
  18  211 0.78
 116  120 0.62
  67   81 0.21
 155  170 0.70
  12  150 0.42
   2   59 0.73
  18  172 0.84
 154  218 0.83
  82  173 0.58
  18  153 0.00
  52  193 0.46
  36   43 0.84
 165  205 0.88
   1    8 0.21
 115  148 0.13
  79  232 0.84
 150  212 0.37
 140  195 0.40
  93  216 0.95

 188  204 0.64
  76  206 0.82
 107  250 0.28
 127  316 0.58
 132  240 0.84
 164  182 0.04
 184  252 0.67
  12  129 0.44
  15  163 0.42
  85   86 0.47
 117  192 0.02
 104  251 0.78
  29  208 0.86
  64  202 0.77
 112  294 0.48
 193  328 0.76
 172  270 0.29
   3  120 0.37
  53  126 0.08
 192  202 0.14
  74  133 0.45
 130  256 0.89
 145  310 0.00
  63  249 0.62
 118  126 0.41
 129  138 0.37
 104  186 0.03
 123  239 0.03
 171  172 0.98
 167  298 0.85
  42  216 0.98
  35   68 0.56
 155  204 0.39
 175  231 0.53
 189  274 0.31
 108  231 0.92
  26  157 0.93
  83  109 0.63
 113  223 0.31
 164  261 0.36

 165  244 0.05
  82  187 0.06
 109  187 0.54
   4  190 0.70
 101  117 0.41
  22  135 0.69
 109  294 0.28
 171  229 0.97
  73   89 0.77
 106  152 0.18
  52   57 0.41
 191  255 0.85
  58  133 0.35
 169  180 0.23
   8  102 0.80
  53  194 0.17
 151  272 0.17
  88  268 0.64
 154  312 0.84
 140  262 0.62
 109  155 0.98
 115  251 0.11
 117  292 0.27
  83  205 0.99
 123  252 0.70
 148  241 0.17
  81  246 0.48
  67  246 0.38
  61  206 0.90
 194  238 0.70
  61  238 0.95
  84  275 0.68
  56  217 0.27
 102  243 0.52
 110  193 0.51
 106  279 0.47
  48  185 0.14
 100  151 0.94
  67  149 0.47
 177  347 0.39

  14   85 0.65
 178  324 0.23
 120  176 0.64
 192  378 0.52
 176  283 0.93
   5  175 0.93
 193  336 0.82
  56   91 0.75
  23  125 0.51
  56  178 0.87
 109  128 0.54
  23  130 0.40
  78  210 0.11
 145  191 0.15
 170  208 0.35
 173  201 0.06
 105  186 0.62
 153  245 0.10
 140  234 0.40
 118  158 0.88
 143  197 0.34
  42  176 0.61
  46   90 0.13
 161  201 0.47
 189  283 0.80
  85  177 0.84
 110  292 0.31
 188  377 0.47
  91  203 0.09
 182  299 0.74
  29  199 0.42
  87  217 0.79
  35  227 0.82
 126  259 0.85
  63  127 0.74
  36  116 0.40
 155  331 0.34
  45  169 0.07
 147  164 0.97
  16  127 0.89

  63  222 0.48
 100  129 0.16
 144  192 0.71
  61  255 0.28
 116  264 0.81
  59  103 0.68
  59   63 0.86
  67   83 0.16
 126  299 0.46
  34  213 0.63
 169  231 0.41
  13   54 0.66
  26  220 0.70
 164  192 0.52
 133  233 0.55
  38  154 0.69
 129  313 0.03
  16  179 0.28
 111  219 0.12
  66  245 0.10
  87  244 0.77
 188  353 0.72
  69  105 0.03
 173  212 0.44
 180  366 0.08
 101  215 0.68
  92  231 0.41
 185  268 0.75
 183  339 0.94
   2    9 0.20
 148  172 0.81
  74  156 0.30
  54  192 0.80
 136  282 0.27
 130  238 0.09
 194  333 0.15
 101  145 0.69
 102  108 0.27
  80  243 0.68
   2   18 0.46

  79  212 0.91
  59  177 0.06
  27  113 0.92
 151  300 0.73
 100  285 0.57
 181  266 0.02
  45   48 0.23
 183  349 0.15
  73  116 0.33
 146  192 0.38
 190  236 0.49
  15  155 0.11
 147  282 0.19
  91  162 0.31
 114  206 0.80
  20   45 0.82
 183  279 0.94
 107  207 0.96
 108  134 0.78
 183  196 0.91
  70  238 0.58
 188  188 0.34
 152  292 0.42
  51  158 0.54
  21  189 0.13
 130  298 0.54
 141  264 0.43
  37  204 0.64
 172  353 0.83
 170  197 0.89
 189  262 0.25
  41  226 0.74
 123  240 0.28
 156  258 0.89
  34   68 0.10
   6   14 0.04
  23   97 0.04
 145  268 0.53
 130  187 0.67
 153  325 0.52

