5 50 4
6   16  10   4  16   4   2

  51  108 0.43
   4   80 0.89
  51   65 0.58
   6   76 0.67
  39   93 0.32
   0   45 0.35
  45   96 0.07
  17   58 0.47
  19   54 0.88
  37  125 0.98
  25   31 0.77
  60   83 0.75
  47   93 0.27
  32   91 0.21
  53  101 0.59
   7   13 0.85
  43  117 0.21
  18   42 0.50
  28   34 0.74
  52  100 0.72
  29  119 0.89
  52  118 0.36
  63   77 0.50
  24   60 0.02
  11   31 0.00
  59  142 0.09
  34   58 0.84
  37   39 0.76
  43  136 0.10
  44  111 0.15
  28   70 0.11
  63  142 0.23
  28   46 0.32
  40   91 0.02
  48   76 0.80
  64  143 0.86
   9    9 0.30
  60  152 0.34
  23   29 0.41
  13   62 0.60
  31   91 0.25
  26   27 0.61
  56   99 0.27
  32   93 0.88
  28   85 0.48
  50  136 0.64
  22   53 0.80
  45  121 0.51
  29   68 0.14
  20   80 0.05

   6   96 0.06
   9   90 0.05
  22   70 0.16
   8    9 0.88
   6   51 0.13
  50   77 0.51
  59  147 0.01
  49  135 0.06
  57  150 0.30
   4   96 0.23
  47  105 0.34
  10   96 0.05
  27  117 0.01
  64  100 0.28
  21   69 0.32
  26   29 0.30
  27   59 0.20
  63  108 0.40
  20   61 0.15
  34   37 0.56
  18   56 0.72
  18   41 0.28
  18   25 0.72
  34   99 0.62
   0   28 0.16
  53   89 0.47
  45  101 0.57
  17   48 0.71
  56  151 0.16
   4   66 0.13
  15   47 0.71
  31   78 0.76
  58  120 0.52
  37   91 0.70
  14   61 0.73
  33   43 0.22
  32   56 0.69
  32   94 0.62
  31   58 0.28
  33   77 0.45
  63  120 0.47
  38   54 0.44
  38   73 0.63
  15   82 0.04
  33   37 0.57
  32   82 0.62
  42   69 0.84
  51  105 0.34
  32   87 0.81
  22   30 0.02

  33   76 0.86
  44  112 0.73
  35  116 0.75
  48   50 0.97
  54  150 0.09
  37   54 0.45
  10   36 0.31
  23   70 0.59
  51   53 0.67
  21   23 0.51
   3   56 0.34
  23  115 0.44
  45  119 0.20
  10  103 0.31
  51  125 0.58
  51  118 0.18
  44  131 0.96
  34  127 0.59
  56  141 0.49
  55  132 0.04
   2   53 0.37
  56   96 0.57
  20   59 0.55
  36  120 0.69
  42   87 0.56
  10   80 0.47
  49  124 0.50
  33   57 0.32
  29  117 0.07
   6   66 0.22
  52   76 0.23
  45   75 0.67
  44   49 0.76
   4   38 0.16
  27   89 0.38
  51   51 0.29
  34   65 0.63
  24   73 0.97
  64   87 0.22
  30  115 0.53
  18   95 0.57
  57   83 0.40
  63   63 0.05
  42   94 0.88
   3   90 0.76
  26  101 0.78
  12   41 0.97
   3   33 0.18
  19  105 0.51
  44  134 0.47

  31   75 0.57
  37   44 0.20
  45  138 0.30
  21   45 0.88
  12   16 0.59
   5   47 0.88
  13   79 0.09
  55  126 0.04
  41   69 0.94
  55  119 0.50
  36  122 0.74
   2   44 0.41
  57  144 0.97
  62   84 0.47
  51   67 0.84
   8   57 0.82
  50  100 0.53
   8   71 0.11
  58  104 0.14
   0   69 0.52
  23   46 0.88
   7   51 0.39
  49  122 0.04
  47  121 0.70
  52  112 0.15
  46   48 0.91
  40   64 0.32
   2   62 0.44
  51  114 0.66
   4   51 0.93
  14   88 0.35
  23   60 0.29
  48  119 0.09
  25   36 0.50
  28   52 0.62
   2   38 0.92
  37   94 0.25
  63  132 0.09
   5   38 0.15
  59  110 0.69
  45  141 0.40
  12   74 0.33
  22   90 0.37
  24  110 0.93
   3   61 0.45
  64  158 0.42
  19   87 0.07
  62   76 0.95
  62  113 0.52
  25  120 0.08

  17   64 0.92
  50   82 0.20
  44   59 0.57
   4   96 0.55
  38   86 0.83
  39   54 0.32
   5   65 0.51
  58  145 0.39
   9   22 0.68
  37  113 0.94
  16   72 0.51
  47  140 0.19
  20   80 0.79
  33   38 0.75
  31   69 0.89
  51   79 0.43
  41  103 0.35
   4   66 0.02
  30   80 0.75
   4   37 0.90
  54   86 0.70
  54   96 0.67
   2    5 0.80
  55  108 0.64
   2   35 0.31
  41  132 0.12
   5   47 0.34
  22   64 0.05
  37  122 0.77
  30   66 0.71
  27  103 0.43
  51   64 0.83
  21  107 0.39
  37   53 0.90
  64  148 0.45
  52  123 0.21
  41   79 0.39
  41  109 0.16
  36   98 0.77
  37   97 0.15
  16   93 0.07
  16  102 0.45
  63   94 0.30
  24   32 0.60
  34   98 0.13
  64  106 0.83
  31   96 0.25
  55  123 0.82
  38  127 0.34
   8   49 0.98

  13   81 0.19
  45   84 0.13
  64   91 0.61
  49   51 0.14
  27  111 0.81
  64  111 0.32
  42   64 0.41
  43   84 0.87
  47   79 0.53
  25   46 0.43
  50  102 0.53
  12   99 0.90
  18   55 0.74
  20   94 0.04
  60  122 0.79
  49   80 0.29
  13   58 0.96
  45   48 0.75
  60  154 0.12
   8    8 0.36
  25   97 0.29
  48   63 0.44
  23  105 0.93
   2   44 0.50
  63  128 0.05
  26   69 0.65
   9   75 0.29
   2   63 0.46
   4   30 0.21
  37   73 0.52
  29  108 0.58
  41  133 0.68
  10   51 0.99
  62  143 0.78
  40   40 0.81
  49   84 0.89
  43  108 0.85
  29  118 0.59
  64  107 0.66
  44   75 0.14
  33   71 0.80
  20  109 0.81
  42   44 0.00
  31   89 0.27
  18   60 0.33
  61  128 0.76
  37   93 0.21
  60   75 0.19
   6   46 0.74
  48   53 0.11

