4 60 8
3    4  10  16

  24   28 0.67
  11   14 0.38
  14   20 0.17
  12   25 0.80
   5    6 0.17
   8   10 0.26
   0    8 0.92
  24   36 0.85
   5   13 0.27
   5   13 0.13
  16   22 0.05
  15   24 0.91
   6   17 0.65
  10   19 0.79
  24   37 0.22
   5    7 0.40
  13   18 0.85
  19   27 0.68
   8   21 0.53
   8   16 0.28
   1    3 0.35
  19   31 0.93
   8   11 0.57
  14   17 0.09
  27   39 0.28
  26   34 0.28
   4   10 0.51
   2    9 0.49
  22   26 0.83
   4   14 0.97
   3   12 0.63
  22   35 0.27
   5    6 0.22
  16   28 0.26
   2   13 0.04
  20   23 0.87
  18   24 0.29
   5   13 0.14
  10   22 0.62
   0    4 0.01
  10   13 0.36
  16   21 0.30
  11   23 0.37
  18   21 0.15
   2    4 0.75
   6   17 0.92
  11   21 0.77
  16   24 0.57
   5    6 0.87
  20   28 0.07
  27   32 0.33
   6   19 0.73
  24   36 0.92
   5    7 0.63
   3    4 0.13
  24   36 0.52
  12   20 0.08
  19   29 0.42
   0    6 0.55
   9   13 0.68

   3   12 0.97
   1   11 0.63
  14   20 0.52
  22   33 0.71
  24   34 0.21
  18   18 0.91
  16   17 0.87
  18   24 0.18
  13   17 0.65
  14   20 0.12
   8    8 0.57
  23   35 0.81
  27   34 0.32
  14   19 0.51
  14   23 0.72
  19   20 0.11
  15   15 0.34
  21   33 0.94
   7    9 0.37
  24   34 0.73
  23   27 0.02
  14   21 0.95
   9   11 0.80
  13   17 0.44
  21   32 0.36
   7    9 0.96
   2   11 0.67
  27   29 0.11
  15   26 0.22
   3   10 0.42
  27   33 0.82
  11   11 0.38
   8   13 0.27
  24   26 0.14
   2   13 0.73
   5    5 0.36
  27   38 0.77
  22   33 0.26
   6   18 0.89
  24   33 0.03
  14   27 0.16
  11   23 0.85
  17   26 0.24
  15   20 0.01
  17   17 0.59
  27   34 0.99
  14   16 0.64
  19   25 0.09
  27   40 0.51
   6   17 0.44
  25   32 0.35
   7   16 0.07
  20   22 0.45
  22   30 0.13
   4    4 0.60
  17   28 0.80
  16   19 0.67
   9   21 0.23
   0   10 0.12
   1   11 0.54

  11   13 0.62
  27   40 0.87
  24   32 0.06
   3    9 0.51
   2   14 0.75
   9   21 0.94
  24   37 0.56
  21   34 0.44
  17   18 0.41
   0    5 0.10
  12   22 0.12
  23   36 0.28
  13   14 0.90
  25   33 0.96
  14   14 0.98
  26   27 0.85
  24   33 0.96
   7   17 0.08
  22   34 0.82
   6   18 0.99
  19   32 0.16
   6   10 0.71
  17   22 0.88
   7   14 0.19
  16   20 0.32
   7   15 0.67
  12   24 0.43
  13   14 0.13
  25   34 0.06
   4   13 0.40
  18   20 0.96
  24   37 0.89
  16   24 0.61
  26   30 0.54
  23   23 0.84
  15   15 0.27
  15   16 0.61
   0   13 0.46
  19   21 0.51
  15   28 0.90
   6   18 0.65
   6    9 0.69
   7   12 0.34
   7   12 0.07
  14   24 0.51
  23   23 0.74
  23   32 0.78
  17   26 0.57
  25   37 0.91
  23   33 0.63
   8   13 0.02
  16   21 0.59
   8   19 0.47
   4    6 0.30
  22   29 0.19
   8   19 0.41
   8   19 0.87
   9   18 0.73
  17   22 0.50
  26   39 0.99

