5 50 4
6   10  20  10  10  10  16

  92  133 0.34
  66  107 0.42
  78  183 0.49
   5  144 0.50
  35  137 0.34
   5   73 0.91
  87  185 0.99
  47  131 0.52
   2   93 0.42
  56   61 0.60
  46  135 0.67
  77  106 0.85
  82  194 0.39
  60  100 0.94
  18   47 0.68
   8    9 0.06
  88  200 0.50
  65   83 0.92
  55  163 0.32
  29   59 0.34
  76  110 0.14
  18  135 0.10
  10   52 0.20
  69   74 0.02
  53  163 0.64
  70   95 0.34
  40  151 0.85
  11  128 0.95
  91  158 0.07
  41   93 0.87
  91  132 0.88
  90  200 0.97
  29  115 0.24
  91  210 0.16
  30  100 0.84
  28   42 0.74
  31  114 0.24
  72  147 0.06
  32  142 0.46
  66  149 0.89
   8   48 0.81
  76  129 0.05
  81  167 0.04
  88  132 0.59
  65   84 0.70
  21   61 0.51
  73  193 0.91
  86  129 0.94
  38  103 0.24
   4   40 0.66

  39   48 0.02
  64  154 0.04
  52  147 0.76
  30  120 0.51
  62  168 0.27
  33  132 0.94
  42  140 0.95
  57  184 0.62
  94  158 0.08
  39  131 0.15
  93  118 0.05
  52   52 0.73
  43  126 0.97
  16  145 0.47
  28  169 0.90
   4  112 0.76
  84   87 0.49
  49   78 0.92
  65  179 0.68
   3   89 0.99
  23  112 0.30
  83  198 0.18
  40  154 0.45
  45  113 0.62
  53   91 0.97
  90  201 0.53
  35  141 0.89
  68  116 0.99
  58   86 0.97
  38   94 0.52
  14  111 0.95
  43  167 0.26
  85  144 0.54
  30   49 0.24
  81  171 0.37
  82  146 0.09
  50  189 0.78
  18  138 0.99
  27  104 0.43
   0   11 0.43
  27  123 0.60
  41  121 0.50
  65   84 0.96
  54  194 0.26
   9  119 0.85
  53   66 0.72
  75  179 0.55
  83  113 0.22
  50   78 0.59
   6  141 0.88

  63  204 0.48
  88  180 0.37
  72  142 0.82
   7  120 0.69
  82  109 0.12
  87  113 0.52
  10   76 0.77
  83  164 0.39
  32  157 0.37
  30   74 0.19
  67  163 0.69
  90  106 0.21
  70  177 0.34
  13   94 0.56
  62  126 0.44
  58  122 0.66
  23  143 0.09
  92  158 0.17
  11  130 0.53
  82  106 0.09
   5  108 0.90
  92  107 0.64
  67  204 0.27
  47  107 0.13
  53   91 0.00
  44   58 0.35
  36  174 0.35
  61  122 0.59
  79  171 0.13
   4  138 0.23
  56  193 0.78
   3  137 0.86
   9  138 0.03
  63  176 0.48
  23   36 0.67
  32  122 0.00
  23   95 0.01
  84  113 0.66
  85  108 0.57
  18   19 0.33
  85  215 0.46
  52  137 0.43
   8   60 0.23
  88  104 0.05
  56   92 0.25
  17  132 0.77
  28  161 0.44
  24  133 0.78
   4   55 0.92
   8   20 0.89

  84  212 0.33
  75  169 0.80
  59  119 0.91
  16  156 0.49
  70  201 0.49
  22  136 0.60
  49  147 0.60
  31   78 0.10
  27  104 0.64
  76  160 0.62
  56  100 0.99
  84  172 0.50
  88  211 0.19
   1   25 0.25
  65  164 0.93
  81  182 0.40
  64  186 0.44
  70  206 0.64
  67  110 0.35
  10   24 0.96
  36  124 0.00
  94  150 0.31
  74  167 0.73
  17   98 0.25
  31   47 0.44
  85   92 0.36
  61  101 0.24
  18   38 0.44
  14  149 0.41
  59  194 0.55
  92  187 0.43
  80  180 0.99
  94  156 0.30
  72   89 0.63
  26  108 0.73
  33   85 0.62
  73   73 0.15
  94  197 0.90
  27   47 0.78
  51  148 0.50
   1    4 0.87
  48  161 0.91
  40  123 0.89
  53  155 0.79
  49   51 0.78
   5   90 0.22
  48  144 0.06
  34   76 0.14
  20   79 0.42
  39  179 0.08

  43  138 0.80
   8   88 0.07
  76  208 0.19
  75   99 0.73
  53  125 0.96
  21   71 0.39
  47  181 0.80
  28  125 0.70
  67  131 0.91
  77  151 0.85
  73   93 0.71
  49  124 0.34
  66  125 0.08
  36   67 0.71
  88  225 0.19
  18  143 0.03
  35   92 0.38
  81  219 0.36
   1   67 0.93
  68  152 0.53
  10   80 0.13
  77  133 0.68
  25   87 0.53
  32   75 0.51
  80  200 0.99
   1   90 0.55
  30  151 0.66
  64  186 0.38
  41  120 0.50
  31   95 0.85
  53  141 0.88
  43  141 0.10
  93  122 0.75
  13  140 0.97
  40  119 0.41
  78  185 0.42
  22   36 0.53
   0  113 0.44
  94  180 0.10
  63  107 0.30
  82  210 0.66
  36  176 0.97
  42   43 0.55
  25   92 0.35
  29   82 0.97
  84  124 0.47
  46  105 0.08
  86  209 0.40
  29  123 0.97
  73  135 0.02

  55   83 0.34
  74   75 0.35
   2  115 0.13
   7  142 0.02
  18   90 0.74
  65  127 0.78
  36  144 0.21
  91  206 0.92
  82  181 0.76
  10   48 0.10
  91  224 0.29
   4   84 0.89
  76   82 0.07
   2   61 0.40
  71  111 0.32
  24   63 0.73
  25  101 0.75
  62  197 0.35
  79  170 0.70
  16   86 0.52
  51  130 0.15
  51   92 0.98
  40   83 0.57
  90  158 0.79
  24  115 0.25
  79  141 0.50
  61  199 0.36
  82   83 0.93
   8  146 0.11
  54  127 0.10
  65   78 0.98
   3  141 0.68
  52  176 0.07
   0  110 0.73
  58  196 0.50
  57  173 0.75
  19  150 0.29
  29   77 0.36
   1   73 0.19
   0   20 0.77
  92  149 0.52
   3    8 0.25
  33  148 0.31
  34   68 0.19
  34   60 0.23
  36   36 0.95
  54   63 0.07
  20   90 0.04
  35  174 0.13
  44   82 0.28

