5 30 8
6   16  10  10  10   2   2

   3   26 0.50
   6   10 0.89
   5   28 0.44
   8   12 0.11
   2    8 0.81
   0    4 0.49
   0   13 0.44
   4   18 0.93
   5   19 0.47
   1   27 0.87
   8    8 0.92
   7   30 0.01
   2   24 0.43
   3   27 0.36
   3   27 0.63
   8   27 0.53
   3   28 0.91
   0    8 0.32
   4   13 0.68
   2   27 0.84
   1   20 0.89
   4   22 0.38
   1   23 0.59
   8   25 0.14
   1    7 0.66
   7   12 0.49
   8   33 0.12
   2    8 0.55
   1   12 0.39
   0   15 0.68

   8   26 0.71
   2   23 0.51
   3   10 0.03
   1   26 0.82
   0    3 0.61
   4   25 0.57
   2   11 0.45
   3    3 0.93
   4   12 0.53
   1   25 0.97
   7   27 0.41
   6    8 0.59
   7    9 0.89
   1   20 0.67
   3    6 0.53
   4   18 0.78
   8   10 0.87
   1   12 0.01
   2   27 0.18
   0    4 0.25
   8   24 0.78
   7   25 0.55
   2   17 0.91
   3   21 0.83
   8    8 0.09
   3   24 0.33
   4   27 0.62
   5   15 0.32
   7   30 0.86
   2   12 0.97

   3    4 0.21
   3    5 0.65
   5    5 0.11
   2   12 0.90
   2   20 0.71
   6   21 0.60
   1   11 0.02
   5   28 0.88
   5   16 0.87
   7   19 0.40
   6   15 0.70
   5   27 0.97
   0   23 0.29
   7   30 0.39
   6   21 0.49
   5    5 0.47
   2   17 0.95
   5   24 0.33
   5   31 0.60
   5   18 0.80
   4    9 0.09
   4   19 0.86
   1    2 0.88
   7   24 0.63
   8   18 0.12
   3   20 0.08
   1    8 0.83
   0   24 0.08
   7   29 0.83
   5   21 0.30

   1   18 0.46
   5   29 0.81
   8   11 0.12
   6    8 0.40
   6   24 0.36
   0    1 0.02
   1   23 0.90
   3    9 0.27
   4   14 0.88
   3   26 0.47
   5   10 0.00
   8   18 0.36
   8   13 0.66
   0    6 0.72
   0    7 0.89
   1   18 0.21
   1    3 0.96
   7   20 0.14
   3    6 0.40
   5   26 0.63
   5    6 0.67
   8   17 0.44
   0   15 0.95
   7   18 0.82
   2   18 0.99
   0   13 0.15
   4   15 0.14
   3   14 0.29
   7   14 0.16
   5   19 0.86

   1   21 0.25
   3    5 0.15
   8   11 0.81
   2   10 0.29
   0   23 0.39
   4   29 0.38
   1    5 0.39
   4   21 0.68
   7   17 0.89
   4   18 0.76
   1   19 0.30
   6   14 0.07
   7   14 0.14
   5   24 0.32
   3    8 0.70
   8   29 0.44
   0    7 0.63
   2   19 0.91
   1    7 0.13
   4   16 0.00
   8   23 0.70
   0   14 0.63
   7   14 0.39
   0    3 0.66
   6    6 0.67
   1   17 0.94
   0   23 0.75
   2   17 0.13
   7   14 0.99
   5   27 0.94

   2   26 0.88
   1   16 0.64
   1   23 0.37
   0   12 0.84
   1   10 0.75
   1   25 0.51
   5   24 0.33
   0   16 0.38
   6   20 0.91
   6   16 0.48
   0    4 0.86
   6    7 0.18
   4   18 0.13
   2   18 0.32
   0    9 0.71
   7    9 0.13
   5   13 0.53
   4   17 0.11
   4   22 0.78
   3   29 0.52
   7   14 0.21
   7   16 0.33
   6   32 0.04
   8    9 0.33
   0   26 0.25
   5   13 0.94
   5    9 0.07
   7   31 0.96
   5   24 0.15
   5   28 0.87

