4 50 4
6    4  20  10   4   4   4

  99  109 0.89
  91  111 0.67
  78   86 0.78
  28   45 0.26
  89  108 0.49
  78   93 0.14
  70   74 0.05
   8   21 0.83
  90  111 0.93
  67   74 0.36
  21   55 0.02
   4   26 0.49
  12   14 0.92
  65   97 0.35
   4   13 0.06
  40   67 0.02
   1    1 0.03
  31   31 0.99
  97  119 0.71
  74  102 0.25
  53   53 0.64
   8   20 0.71
   7   41 0.39
  27   41 0.26
  31   65 0.86
  26   30 0.30
  41   62 0.71
 100  125 0.73
  37   50 0.58
  15   35 0.61
  85  101 0.49
  55   65 0.82
  81  114 0.08
  29   51 0.43
  43   67 0.20
  57   78 0.08
  85  108 0.02
  91  111 0.23
  89   98 0.70
  18   29 0.46
   6   19 0.04
  38   62 0.13
  60   77 0.14
  97  103 0.58
  94  126 0.41
  56   62 0.28
  64   78 0.12
  66   87 0.96
  25   36 0.29
  19   36 0.91

  43   53 0.22
  81  107 0.89
  53   64 0.44
  18   43 0.69
  91  106 0.81
  73  101 0.21
   8   10 0.22
  66   69 0.78
  31   47 0.92
  78  105 0.22
  11   23 0.03
  83  105 0.63
   5   29 0.87
  12   14 0.22
  62   71 0.09
 103  119 0.92
   6   13 0.74
  59   91 0.39
  71   89 0.01
  31   40 0.73
  27   30 0.59
  75   94 0.57
  66   92 0.99
  26   40 0.82
   2   27 0.18
  58   65 0.01
  80   91 0.01
  80  106 0.72
  20   44 0.16
  90   97 0.60
  94  118 0.09
  35   41 0.04
  12   14 0.86
  59   79 0.05
  79  106 0.41
  59   65 0.88
  84   90 0.67
 100  128 0.11
 101  120 0.82
  78   96 0.69
 105  125 0.03
   3   21 0.33
  54   61 0.85
  42   49 0.62
  33   52 0.74
  86   86 0.84
  78   85 0.78
   4   34 0.79
 103  124 0.09
  28   37 0.31

  70   73 0.66
  68   98 0.15
  95  104 0.16
  94  100 0.40
  67  101 0.75
  88  102 0.93
  24   26 0.88
  63   87 0.14
  86   96 0.73
  78  112 0.29
   6   15 0.69
  97  125 0.34
  62   70 0.56
  89  120 0.26
  30   62 0.15
  90  121 0.79
  43   54 0.80
  24   37 0.15
  58   73 0.00
 106  120 0.61
  44   47 0.08
 104  134 0.35
  26   59 0.14
  42   48 0.55
  52   54 0.22
  80  104 0.44
  89   92 0.75
  92  112 0.64
  63   97 0.86
  38   71 0.19
  37   56 0.93
  26   43 0.52
  15   49 0.25
  83  112 0.73
  64   84 0.04
  22   48 0.67
  57   78 0.81
  34   64 0.24
  32   34 0.96
  57   59 0.31
  61   65 0.66
 104  118 0.73
  59   89 0.76
  77   84 0.37
  50   70 0.07
  78   79 0.65
  14   44 0.59
  54   83 0.77
  33   66 0.25
  52   69 0.11

  96  116 0.01
  37   50 0.83
   7   13 0.59
  43   58 0.29
  86   92 0.94
   4    9 0.36
  70   90 0.80
  93  121 0.32
  30   56 0.66
  33   44 0.37
   7    8 0.65
  18   32 0.48
  18   32 0.61
  73   92 0.33
  45   70 0.47
  76  105 0.75
  89  123 0.32
  71  100 0.86
  30   41 0.23
  14   15 0.03
  92   95 0.47
   5   39 0.42
  50   58 0.95
  62   93 0.76
  11   22 0.20
  75  103 0.67
  25   34 0.84
  57   61 0.86
  38   43 0.73
  61   91 0.64
 103  112 0.81
  25   49 0.66
  23   44 0.70
  53   55 0.28
  25   29 0.23
  56   82 0.85
  69   83 0.82
   5   22 0.16
  80  108 0.25
  42   50 0.83
  96  100 0.38
 100  103 0.25
  41   56 0.35
  49   68 0.87
  11   20 0.78
  20   24 0.03
  47   50 0.38
  24   42 0.50
  94   95 0.59
  28   41 0.57

  40   58 0.67
  41   43 0.76
  80   88 0.13
  13   22 0.05
  34   53 0.15
  76   82 0.13
  80  112 0.38
  25   53 0.66
  64   76 0.73
  45   53 0.68
  68   87 0.35
  75  109 0.95
  29   44 0.26
 100  128 0.82
  77   81 0.22
  74  101 0.66
   8   34 0.09
  86  113 0.98
 104  137 0.48
  96  101 0.95
  75   90 0.35
   1   12 0.24
  82   94 0.68
   1   35 0.90
   2   28 0.08
  93  113 0.10
  89  100 0.79
  22   40 0.82
  88  115 0.16
  73   89 0.29
  95  127 0.94
  55   75 0.19
  90  108 0.00
  14   44 0.13
  81  103 0.93
  22   36 0.66
  70  101 0.24
  88  115 0.64
  16   43 0.10
   1    3 0.23
  64   89 0.13
  83  113 0.80
  64   75 0.30
  44   58 0.24
  33   49 0.14
  90   97 0.59
  27   49 0.93
  49   73 0.39
  29   56 0.51
  43   59 0.77

 101  126 0.92
  98  108 0.04
  36   61 0.93
  24   33 0.87
  88  105 0.79
  36   41 0.09
  56   80 0.21
  56   64 0.48
  77  110 0.93
  91  117 0.54
  64   89 0.67
  83   90 0.17
  92  118 0.60
 100  129 0.89
  29   52 0.69
  40   51 0.65
 100  113 0.60
  34   61 0.69
  93  114 0.93
  53   59 0.45
   4   29 0.67
  73   87 0.34
  82  111 0.35
 101  121 0.45
  68  102 0.69
  67   94 0.97
  88  102 0.03
  35   51 0.31
 104  116 0.97
  59   84 0.68
  85  111 0.38
  71   81 0.52
  24   52 0.19
  39   69 0.36
  98  116 0.91
  41   70 0.04
  95  115 0.44
 105  123 0.38
 103  111 0.32
  77   98 0.14
  41   61 0.84
  92  123 0.95
 103  136 0.93
  82  113 0.53
  18   41 0.98
  59   77 0.27
   2   33 0.12
   5   15 0.41
  84   95 0.77
  41   75 0.56

