3 40 4
6   16  10  10   2  16  10

 129  244 0.41
  20   70 0.47
  43   45 0.13
  97  133 0.40
  14   96 0.07
  59   98 0.07
 149  280 0.16
  10   19 0.09
 144  278 0.07
  76  155 0.89
 154  207 0.47
  68  159 0.54
 125  270 0.59
  14   93 0.00
  75  207 0.41
  82  119 0.65
  12   16 0.99
 117  142 0.94
  36   86 0.31
  21   23 0.56
  70  123 0.25
  19  132 0.17
 110  140 0.20
 157  254 0.77
  50  155 0.47
   9  106 0.22
 148  249 0.16
  81  139 0.86
  68  197 0.86
  37   50 0.88
  28   61 0.81
  80  119 0.39
  59  179 0.40
 150  285 0.33
 122  209 0.97
 152  283 0.19
 135  175 0.53
  29   85 0.69
 127  245 0.12
  25   83 0.27

 116  188 0.98
 128  152 0.46
   1   78 0.41
  88  166 0.13
  83  213 0.38
 113  226 0.51
  68  134 0.31
 117  119 0.29
 145  203 0.12
  33  136 0.03
  23  113 0.82
 141  275 0.56
 131  150 0.97
  91  185 0.93
   6   16 0.98
  27  106 0.93
 119  145 0.82
  26  112 0.74
  42  143 0.36
  37   38 0.39
  31   40 0.50
  83  199 0.99
 128  136 0.75
 108  151 0.79
 144  296 0.42
  81  139 0.32
 140  210 0.25
 100  249 0.36
  67   82 0.24
 140  176 0.00
 139  234 0.34
  61   81 0.69
  17   64 0.88
  18   95 0.14
 103  256 0.52
  59  140 0.27
 118  214 0.00
  46  170 0.88
  68  222 0.08
  58  123 0.43

  35  141 0.03
  63   65 0.94
  49  123 0.45
  22  168 0.68
  93  227 0.37
  71  192 0.34
  90  130 0.94
 133  256 0.36
  70  142 0.38
  38  106 0.73
  40  182 0.57
  59   67 0.16
   0  101 0.20
  93  198 0.69
 110  235 0.85
  46  187 0.26
  30  150 0.93
  36  121 0.01
  27  140 0.72
  14  160 0.15
  30  129 0.07
 109  242 0.96
  82  199 0.10
   9   83 0.04
  24  138 0.26
  80  160 0.58
 110  199 0.65
  30   95 0.80
  44   45 0.32
  27   34 0.40
 108  231 0.17
 117  133 0.19
 131  148 0.28
 120  225 0.15
  92  246 0.90
   7  101 0.14
  89   94 0.82
   8   35 0.67
  78  161 0.40
 102  120 0.44

 124  243 0.20
 148  278 0.57
  21   52 0.43
 131  254 0.12
  40  153 0.52
 153  205 0.37
  80  133 0.12
 128  144 0.10
 102  115 0.89
  19   88 0.76
 113  169 0.38
  97  114 0.02
  83  203 0.87
  98  156 0.85
 140  209 0.76
  14  100 0.35
  57  200 0.72
  39   46 0.91
 128  148 0.54
 103  185 0.45
  47   89 0.59
 104  115 0.23
 109  140 0.43
  68  138 0.42
  48   88 0.54
  14   40 0.54
  81  110 0.46
  92  223 0.66
 146  292 0.67
  44   93 0.81
 132  234 0.45
 108  238 0.88
  71  192 0.15
 127  180 0.40
 129  173 0.50
  20  106 0.75
  97  224 0.04
 130  178 0.04
  14   97 0.90
  47  144 0.33

 100  139 0.75
  69  118 0.05
  71  135 0.11
  97  142 0.63
  49  156 0.84
 117  160 0.87
  93  101 0.13
 119  240 0.34
  94  133 0.73
  43  141 0.63
  11   59 0.53
 149  275 0.45
   4   31 0.73
   3  100 0.20
  17   87 0.08
 104  176 0.99
 155  182 0.38
 151  234 0.83
  38  181 0.30
 150  214 0.14
 144  144 0.61
  27  125 0.28
 154  217 0.55
  50  184 0.08
  38  158 0.25
  78  212 0.82
 142  263 0.22
  37   67 0.05
   9  117 0.97
  57  126 0.66
  77   78 0.33
   2  141 0.02
  83  235 0.10
   6   79 0.43
 142  250 0.07
  26  165 0.49
  63  108 0.49
  24   59 0.81
  36  133 0.67
 132  221 0.78

  90  178 0.53
 126  209 0.74
 105  200 0.20
 106  107 0.60
 136  257 0.25
  78  147 0.09
 141  240 0.14
 156  293 0.78
  88  151 0.11
 117  201 0.49
 107  117 0.52
 145  238 0.72
  28   76 0.32
 118  246 0.20
  61  109 0.59
 109  226 0.85
   9   46 0.02
  64  124 0.21
 115  151 0.27
  34   60 0.59
 104  223 0.86
 147  257 0.79
 113  172 0.59
 131  136 0.90
  58  151 0.08
  13   83 0.64
  25   34 0.62
 104  153 0.69
 145  262 0.31
  80  224 0.12
 126  204 0.67
  65  204 0.14
  47   93 0.90
 104  157 0.02
  19  137 0.37
 131  223 0.87
  82  192 0.03
  29  142 0.92
 151  304 0.32
  63   84 0.08

