4 30 4
6   10  10  20   4  10   2

  25   40 0.11
  49   49 0.75
  13   24 0.24
  23   62 0.84
   9   35 0.68
  18   61 0.56
  23   58 0.24
  34   38 0.77
  21   57 0.98
   3   40 0.78
   5   55 0.16
   8   43 0.69
  33   55 0.78
  25   40 0.42
  32   66 0.11
  41   62 0.12
  12   38 0.25
  10   57 0.61
  32   61 0.21
  43   81 0.51
   6   26 0.29
  48   72 0.86
  44   93 0.87
  31   69 0.22
   1   41 0.63
  37   78 0.32
  48   98 0.09
  51   96 0.07
   5    7 0.04
  31   33 0.86

  29   68 0.11
  37   77 0.10
  43   75 0.34
  43   50 0.80
  48   68 0.19
  33   66 0.07
  37   55 0.81
  41   52 0.55
  22   54 0.58
   3   37 0.20
  14   57 0.05
  50   74 0.92
  15   49 0.16
  15   64 0.92
  41   67 0.15
  17   60 0.45
  21   70 0.50
   8   31 0.99
  17   48 0.37
  42   77 0.94
  18   61 0.90
  46   53 0.08
  32   80 0.26
  44   73 0.98
  41   75 0.40
   8   37 0.55
  16   42 0.17
  37   69 0.93
  24   26 0.75
  19   38 0.03

  34   83 0.95
  20   35 0.20
  38   87 0.02
  40   59 0.07
  22   57 0.16
  39   41 0.46
  24   53 0.69
  15   44 0.19
  35   35 0.15
   5   13 0.98
  30   41 0.20
  35   73 0.38
  27   45 0.09
  18   22 0.93
  20   36 0.46
  37   46 0.18
  48   54 0.79
   9   40 0.30
   0   13 0.80
  33   66 0.76
  40   47 0.14
  29   59 0.83
  10   39 0.32
  18   65 0.64
  15   20 0.83
   7   40 0.02
  49   99 0.40
  37   71 0.31
  16   53 0.20
  47   86 0.63

  20   24 0.11
   0    9 0.40
  42   93 0.50
  29   64 0.05
  42   91 0.70
  33   66 0.33
  43   72 0.35
  11   34 0.04
  10   44 0.27
  18   21 0.18
  21   68 0.82
  32   43 0.08
  18   67 0.08
  26   64 0.67
  31   53 0.17
   3    7 0.76
  32   73 0.46
  41   81 0.77
  46   91 0.14
  17   27 0.04
  18   51 0.36
   3   16 0.97
  33   66 0.77
   7   10 0.92
  27   51 0.52
  19   29 0.25
   7    7 0.58
  24   50 0.61
  34   54 0.90
  49   50 0.66

  43   76 0.34
  33   44 0.88
  31   47 0.97
  17   65 0.71
  41   58 0.07
   2   25 0.06
  31   56 0.27
  51   81 0.07
  34   76 0.44
  25   52 0.22
   0   36 0.89
  18   57 0.50
  20   43 0.50
   5   17 0.30
  38   68 0.26
  34   46 0.34
  39   58 0.12
   1   51 0.37
   4   55 0.07
  11   51 0.46
  27   51 0.92
  17   58 0.27
  18   41 0.79
  31   72 0.11
  36   62 0.47
  16   44 0.25
  33   67 0.41
  12   30 0.73
  47   71 0.29
  51   96 0.99

  31   33 0.59
  25   29 0.04
  22   47 0.65
   9   49 0.52
  26   65 0.32
  51  102 0.64
  50   53 0.00
  27   78 0.45
  27   30 0.88
  11   34 0.78
   7   20 0.72
   7   24 0.37
  16   21 0.38
  18   24 0.37
  35   65 0.07
  20   51 0.59
  14   21 0.75
  12   15 0.32
  15   40 0.20
  32   36 0.12
  23   38 0.02
  28   56 0.13
  19   45 0.70
  17   17 0.15
  36   42 0.76
  20   53 0.29
   1   38 0.55
  44   59 0.87
   1   50 0.73
  37   70 0.37

