4 40 4
6    4  10   2  10  20  16

  20   83 0.95
  37  151 0.29
  40  137 0.87
  28  103 0.34
 115  121 0.72
   4  108 0.81
  62   74 0.10
 104  206 0.18
  16   48 0.59
  24   88 0.48
  36  127 0.98
  34  140 0.49
  34   34 0.36
  25   77 0.84
  89  190 0.36
  64   87 0.70
  83  172 0.98
  18   99 0.02
  23   49 0.80
  61  113 0.77
  56   85 0.47
 114  162 0.52
  68  156 0.15
   4   63 0.42
  10   78 0.93
  50  133 0.44
  78  132 0.52
 114  171 0.30
  61  151 0.03
  85  113 0.18
  71  145 0.54
  44  104 0.54
   7  102 0.09
   8   94 0.93
  69  150 0.43
  84  142 0.51
  55  148 0.01
  24   47 0.46
   5   92 0.98
  83  167 0.92

  96  112 0.91
  93  195 0.58
  97  176 0.57
 108  139 0.06
 107  168 0.54
 112  164 0.49
 112  143 0.45
  43   69 0.81
  60  159 0.51
  13  125 0.27
  21   78 0.44
 105  190 0.45
 104  142 0.21
  82  145 0.87
  27   37 0.96
  62  103 0.80
  55   80 0.94
  43  157 0.45
  88  180 0.30
  27   46 0.93
  49   77 0.18
  46   53 0.17
  55   93 0.30
  69  139 0.12
   8   61 0.94
 101  195 0.61
  55  100 0.14
  97  164 0.99
  69  144 0.67
  78  106 0.86
  13  114 0.88
  50  149 0.57
  63  102 0.03
  27   58 0.34
  77  185 0.45
  53   61 0.21
  76  185 0.71
  22   54 0.64
 108  163 0.98
 104  217 0.02

  47   79 0.94
   3   17 0.64
  17   28 0.20
  73  173 0.96
  33  138 0.13
  12   16 0.33
  86  133 0.78
  11   90 0.66
  51  161 0.32
  32   45 0.37
 108  115 0.22
  45  135 0.53
  91  136 0.31
  60  174 0.17
  74  101 0.38
  15   37 0.00
  87  109 0.65
  22   42 0.73
  62   90 0.33
 107  201 0.79
  59  156 0.46
  66  129 0.53
  81  135 0.25
  57   93 0.05
  42  110 0.59
  98  104 0.24
  16  112 0.06
  28   74 0.77
  11   92 0.43
  13   33 0.51
  47  119 0.51
  98  164 0.63
 100  107 0.15
   0   71 0.86
  14   36 0.67
  69  122 0.07
  66  176 0.41
  96  127 0.23
   1  108 0.44
  17   29 0.74

  23   91 0.57
 107  124 0.56
  44   57 0.07
  87  128 0.88
  33  106 0.32
  65  110 0.34
  59  164 0.51
 111  202 0.13
 108  150 0.82
  97  134 0.38
 107  127 0.83
 112  120 0.39
  54  128 0.98
  69  117 0.27
  73  180 0.53
  90  180 0.63
   9   38 0.99
  98  100 0.52
  91  120 0.65
 110  138 0.08
 109  134 0.54
  55   75 0.56
  60   86 0.97
 109  204 0.25
  66  175 0.42
  60  110 0.68
  44  101 0.27
 111  176 0.94
  33  141 0.47
  14   62 0.44
  97  111 0.68
  61  158 0.77
  22   32 0.30
  50   68 0.72
 107  204 0.22
  35  131 0.13
   5  107 0.28
  15   71 0.41
 106  139 0.08
  60  110 0.10

  22   34 0.41
 108  137 0.31
 104  128 0.97
  83   87 0.34
  22   42 0.47
   1   43 0.01
  18  120 0.15
  76   81 0.17
  95  201 0.68
  27  141 0.75
  85  106 0.61
 106  221 0.48
  98  190 0.08
  78  150 0.75
  36   45 0.92
  38   49 0.76
  59  104 0.07
  39  112 0.90
  27   59 0.89
  56  124 0.56
  44  128 0.30
  91  197 0.32
 100  143 0.94
  14  106 0.06
  78   95 0.47
  83  107 0.31
  58   84 0.46
  82  146 0.23
  93  199 0.22
  96  174 0.57
   8   17 0.82
  19   64 0.76
 107  188 0.14
  49  105 0.00
 108  208 0.90
  10   49 0.38
  50  117 0.69
  19  105 0.26
 103  144 0.88
  49  118 0.45

  50   95 0.52
  45   80 0.52
  30  101 0.52
  17   62 0.87
   1   87 0.38
  13   76 0.22
  18  119 0.87
  73  188 0.67
 109  113 0.90
   9   31 0.00
  28   75 0.91
  27   63 0.03
 100  177 0.82
  81  135 0.48
  81  177 0.31
  21   21 0.91
  13   89 0.85
   4   50 0.77
  28   70 0.76
  43   70 0.27
  83  144 0.72
  50   75 0.26
  68  111 0.45
  32   95 0.59
  81  157 0.49
  10   15 0.62
  68  108 0.23
  78  189 0.29
  56  164 0.01
   0   72 0.34
  96  118 0.47
  42   45 0.24
  64   79 0.44
  52  145 0.84
  35   54 0.07
  46   62 0.19
  76  117 0.62
  95  189 0.35
  42   48 0.39
  45  122 0.76

