5 20 4
12    2   4   4  16  16  10  16  10   2   2  20  16

   3   16 0.23
  32   53 0.95
  32   45 0.32
  73   97 0.20
  71   71 0.52
  63  101 0.41
  53   80 0.58
  34   36 0.19
  36   37 0.10
   3   25 0.16
  65   77 0.83
  63  120 0.88
  41   79 0.59
  78  109 0.02
  48   67 0.71
  66   73 0.06
  86   99 0.79
  16   45 0.73
  55  106 0.49
  39   69 0.81

   0    6 0.11
  42   42 0.67
  42   47 0.32
  44   48 0.17
  20   66 0.09
  11   68 0.09
  52   76 0.20
  21   40 0.89
  10   24 0.34
  72  105 0.73
  67   81 0.91
  68   84 0.72
  20   61 0.57
  56  113 0.73
  59  101 0.41
   0   38 0.40
   8   44 0.38
  80   84 0.28
  18   40 0.97
  77   85 0.24

  26   32 0.11
  12   63 0.91
  52  100 0.33
   4   41 0.75
  62   68 0.14
  22   38 0.07
  48   81 0.52
  83   92 0.98
  37   80 0.20
  43   73 0.78
  66   98 0.34
  31   66 0.99
  46   73 0.72
  19   45 0.70
  35   79 0.00
  57   89 0.03
  71   98 0.79
  57  100 0.65
  79  108 0.53
  30   76 0.74

  36   71 0.19
  36   79 0.54
  61  101 0.80
  42   83 0.64
  15   60 0.42
  20   36 0.73
  28   43 0.99
  15   44 0.58
  17   62 0.29
  47   86 0.98
  20   76 0.64
  58   99 0.58
   0   15 0.01
  46   98 0.59
  75  115 0.27
  38   93 0.08
  10   30 0.80
  51   96 0.06
   2   21 0.71
  44   95 0.33

  57   58 0.23
  13   23 0.19
  64  121 0.21
  82   97 0.21
  72   81 0.47
  55   67 0.02
  85  139 0.69
   3   52 0.39
  29   39 0.30
  45   90 0.25
  74  130 0.66
  64   77 0.40
  31   34 0.32
  72  123 0.02
  63   71 0.40
  76   92 0.09
  19   32 0.49
  75   93 0.87
  84  108 0.00
  13   29 0.92

  18   53 0.45
  29   55 0.37
  84   86 0.77
   0   43 0.74
  85  119 0.54
   9   42 0.13
  80   85 0.33
  29   55 0.73
   3   53 0.33
   4    6 0.56
  73  118 0.42
  61   92 0.13
  43   58 0.76
  15   43 0.99
  80   82 0.57
   0   58 0.89
  70  108 0.79
  53   76 0.95
  17   35 0.51
  84   99 0.82

  47   75 0.04
  86   99 0.41
  69  113 0.98
  34   78 0.91
  21   52 0.24
  76  110 0.40
  72   80 0.27
  34   57 0.57
  64   90 0.87
  85  120 0.26
  35   91 0.78
  65  123 0.10
  67  117 0.59
  82   92 0.97
  66   82 0.10
  16   24 0.65
  57   76 0.52
  46  101 0.63
  65  106 0.26
  57   81 0.88

  59   95 0.38
  66  123 0.77
  19   65 0.99
  69   89 0.09
  65   86 0.08
  80   95 0.00
  27   81 0.03
  41   67 0.69
  40   90 0.68
  30   45 0.48
  15   66 0.85
  50   90 0.26
  51   92 0.20
  44   88 0.80
  25   45 0.99
  13   28 0.51
  13   15 0.03
  33   39 0.53
  16   51 0.61
  35   50 0.02

  30   33 0.67
  82   88 0.47
  64  100 0.83
  52  109 0.74
  52   62 0.25
   4   49 0.25
  61   90 0.36
   3   44 0.61
  44   70 0.10
  28   40 0.01
  70   80 0.64
   9   21 0.24
   1   38 0.14
  76   94 0.20
  16   56 0.43
  30   79 0.68
  53   62 0.46
  32   32 0.90
  64   64 0.27
  29   37 0.19

  86  136 0.66
  32   53 0.93
  30   72 0.09
  30   34 0.41
  19   59 0.59
  32   34 0.91
  38   53 0.27
  25   64 0.08
  31   40 0.29
  14   61 0.29
  80   80 0.53
  80  119 0.79
  85  114 0.69
  59   86 0.25
  19   39 0.04
   6   59 0.69
  29   74 0.93
   5   33 0.02
  54   83 0.55
  55   97 0.04

  22   27 0.49
  75  118 0.67
  72   88 0.09
  71   74 0.08
  21   25 0.61
  82  118 0.38
  33   76 0.34
  38   49 0.12
  69   70 0.22
  87   92 0.50
  24   50 0.13
  27   59 0.85
   0    1 0.10
  53   69 0.95
  70  125 0.85
   0   39 0.69
  37   72 0.74
   1    1 0.05
  51  103 0.23
  62   78 0.66

  42   73 0.19
  11   11 0.51
  56   69 0.12
  17   20 0.28
  21   25 0.77
  47   90 0.49
   5   29 0.16
  55  107 0.39
  22   29 0.59
   4   38 0.76
  29   80 0.59
  84   86 0.04
  79  118 0.55
   4   55 0.16
   6   34 0.42
  25   71 0.30
  79  105 0.07
  37   94 0.82
  21   67 0.27
  38   45 0.00

