3 15 4
12   16  10   2   2   4   2   2   4  10  10   2  10

  15   15 0.00
  13   35 0.49
   6   26 0.38
  10   20 0.19
   3   22 0.81
   6    6 0.68
  17   34 0.19
   3    8 0.27
  21   24 0.77
  17   32 0.43
   5   16 0.29
  12   32 0.03
   7   17 0.57
  20   39 0.34
  14   28 0.27

   1   21 0.67
  20   27 0.02
  11   21 0.54
   7   28 0.73
   7   27 0.53
  17   28 0.34
  18   18 0.71
   0    7 0.89
  15   23 0.69
  12   20 0.70
  15   19 0.70
  15   36 0.85
   5   22 0.98
   0    6 0.75
  12   27 0.80

  17   24 0.02
   8   13 0.84
  15   28 0.42
  17   39 0.11
  14   34 0.04
  20   31 0.50
  14   23 0.54
   5    7 0.04
  21   32 0.27
  18   39 0.10
  19   35 0.14
   1   16 0.12
   3    8 0.99
  13   17 0.70
   4    8 0.03

  20   40 0.88
  21   26 0.03
  12   14 0.42
  17   24 0.87
   1   20 0.03
  16   35 0.55
   5   24 0.40
   5    8 0.54
  11   25 0.74
  19   26 0.38
   6   19 0.16
  12   26 0.40
  10   11 0.42
   7   28 0.45
  13   24 0.04

   4   19 0.15
   5    7 0.91
  12   17 0.49
   0    6 0.49
   2   19 0.55
  19   27 0.61
   4   13 0.36
  18   30 0.87
  20   32 0.07
  22   38 0.39
  11   24 0.83
   9   18 0.82
  19   41 0.42
  11   29 0.29
   3   10 0.47

   6    8 0.50
   1    2 0.95
   3    3 0.31
  11   25 0.08
  17   24 0.40
  10   20 0.69
  11   33 0.40
   1    3 0.58
  16   27 0.65
  20   32 0.78
  15   22 0.44
   2    3 0.67
   1   22 0.35
   5   26 0.97
   6   21 0.84

  18   27 0.23
  11   18 0.03
  14   15 0.21
  21   39 0.84
  21   25 0.55
   2   18 0.86
   0    5 0.12
  20   32 0.52
  20   20 0.00
  18   25 0.58
  22   29 0.33
   9   28 0.26
   6   22 0.63
  21   39 0.39
  17   28 0.50

  16   27 0.95
   4    9 0.18
   7   26 0.37
  10   28 0.89
   5   12 0.07
  10   16 0.20
  22   33 0.93
   9   25 0.48
  22   42 0.03
   1   13 0.13
  17   37 0.33
   3   18 0.34
  11   16 0.21
   0   15 0.59
   9   15 0.00

  16   28 0.37
   6   20 0.33
  21   26 0.81
   5   19 0.09
  10   28 0.33
  21   36 0.75
   7   15 0.82
   6   26 0.49
  20   27 0.75
  16   33 0.99
   8   27 0.25
   7   12 0.04
   2   13 0.26
  21   37 0.01
  14   16 0.87

  18   38 0.33
  18   40 0.73
  20   34 0.53
   9   25 0.88
   5   19 0.65
  22   32 0.77
   7   10 0.77
   7   20 0.89
   0   16 0.53
  12   24 0.80
  19   26 0.53
   1    8 0.81
  10   11 0.82
  17   28 0.19
   0    6 0.03

  15   27 0.40
   3   10 0.41
   2   22 0.04
   4   25 0.29
  16   32 0.69
  15   20 0.12
   9   28 0.60
  22   40 0.98
  12   12 0.08
  16   20 0.24
   0   14 0.27
   7   29 0.19
  21   39 0.70
  20   23 0.35
   2   17 0.84

   6    7 0.79
   5   19 0.90
   9   18 0.08
  12   14 0.35
  22   32 0.01
  10   29 0.56
   1    5 0.81
  16   27 0.52
  20   34 0.81
  19   25 0.48
  15   22 0.00
  21   39 0.74
  19   40 0.61
  15   35 0.14
   1   13 0.98

