4 30 8
6   10  16  10  16   2   2

  10   22 0.97
  11   47 0.09
   1    4 0.74
   1   32 0.18
   6   35 0.23
   1    2 0.28
   5   42 0.50
   0    6 0.77
   4   30 0.23
   3    5 0.54
   8   16 0.73
   8   43 0.51
  12   36 0.91
   9   31 0.44
  11   31 0.43
   3   30 0.92
   8   21 0.43
   6   21 0.65
   5   14 0.45
  12   32 0.52
   9   16 0.10
   7    8 0.05
  10   32 0.85
   9   36 0.83
  10   24 0.76
   2   22 0.45
   3   38 0.58
   1   10 0.21
   0   10 0.32
   7   39 0.43

   7   25 0.61
   0   19 0.57
   8   10 0.96
   6    7 0.67
   6   27 0.96
   5   13 0.24
   7   17 0.95
   7   36 0.63
   1   15 0.09
   3    9 0.42
   0   24 0.47
  12   24 0.95
  10   36 0.15
   9   32 0.58
   9   16 0.67
  10   46 0.05
   3   31 0.35
   7   14 0.74
   4   20 0.55
   1   15 0.03
   3   38 0.10
   8   46 0.13
   5   43 0.57
   5   33 0.01
   2   23 0.73
   3    5 0.11
   3   27 0.71
  11   35 0.82
   1    2 0.90
   2   36 0.13

   9   47 0.27
   0   33 0.29
   5   13 0.37
   8   28 0.10
  11   20 0.41
   5   23 0.57
  11   35 0.06
   9   42 0.14
   5   29 0.16
   2   37 0.24
   1   10 0.65
   1    9 0.65
  11   23 0.46
  12   14 0.18
   5   30 0.18
   2   27 0.38
   9   42 0.81
   2   14 0.30
   8   32 0.94
  10   26 0.76
   4   20 0.51
   7   26 0.93
  12   42 0.78
   1   13 0.21
   8   44 0.93
   3    5 0.00
   7   28 0.75
  10   38 0.82
  10   25 0.08
   0    6 0.08

   3   35 0.90
  11   31 0.46
   4   24 0.15
   7   37 0.35
   8   18 0.93
   1   38 0.51
  11   15 0.43
   5   43 0.81
   3   26 0.25
   3   34 0.82
   5   13 0.96
   2   14 0.15
  12   13 0.42
  10   27 0.70
   8    9 0.00
  10   34 0.07
  12   24 0.97
   4    6 0.02
   3   10 0.54
   2   10 0.96
   9   45 0.49
   4    7 0.98
   0   16 0.89
  12   14 0.47
   1   37 0.36
  11   14 0.87
   3   14 0.80
   1   29 0.26
  11   34 0.22
   3   19 0.78

  10   32 0.69
   6   22 0.00
   9   32 0.94
   6   24 0.68
   0   23 0.49
   0   24 0.10
   1   35 0.12
   5   10 0.20
   8   26 0.70
   7   27 0.93
   9    9 0.44
   6    7 0.52
   6   21 0.89
   0    9 0.12
   9   46 0.53
   7   14 0.28
  12   12 0.13
   5   30 0.00
   3   26 0.05
  10   43 0.63
   6   34 0.40
   2   20 0.13
  12   12 0.39
   7   31 0.16
   9   46 0.51
   2    8 0.59
   5   41 0.40
   7   10 0.48
   6   33 0.92
   1   22 0.70

   4   31 0.67
   3    5 0.93
  12   47 0.48
   0   15 0.25
   0   37 0.99
   5   23 0.51
   8   30 0.62
   1   14 0.65
  12   38 0.95
  11   42 0.32
   6   16 0.51
  12   37 0.68
   3   13 0.45
  11   28 0.78
  12   24 0.53
   1    7 0.92
  11   49 0.54
   4   10 0.88
   3   31 0.13
  12   31 0.91
   8   31 0.57
   9   12 0.25
   1    8 0.09
  12   30 0.00
  12   49 0.93
   1   11 0.85
   8   36 0.43
   8   28 0.51
   0   22 0.76
   4   28 0.04

