5 40 4
6    4  10  10   2  10  10

  10   13 0.35
   5   24 0.56
  10   25 0.02
   9   12 0.75
  21   34 0.48
  14   36 0.87
   4   23 0.22
  14   15 0.14
  13   34 0.28
  18   24 0.42
   5   11 0.01
  17   27 0.52
  16   26 0.85
  21   41 0.12
   4   14 0.20
  16   26 0.80
   1   18 0.73
  19   35 0.18
  15   19 0.52
   3   25 0.25
   9   12 0.15
  11   14 0.64
  11   21 0.41
   2   12 0.48
  11   32 0.43
   9   25 0.77
  10   31 0.88
  18   31 0.45
  15   33 0.66
  10   16 0.71
   8   15 0.99
  21   29 0.44
  10   30 0.30
  20   41 0.93
  13   35 0.67
   7   13 0.08
  22   35 0.78
   2   16 0.11
   7   20 0.50
   9   24 0.75

  18   37 0.81
  15   24 0.14
  15   24 0.00
  15   37 0.89
   6   18 0.07
   2    7 0.25
   0    4 0.83
  19   40 0.77
   7    9 0.36
   7   10 0.75
  10   24 0.02
  12   33 0.54
  10   19 0.52
   5   18 0.86
  16   19 0.02
   3   13 0.83
   6   11 0.87
  16   28 0.44
   7    8 0.44
  11   18 0.30
  18   30 0.95
   6   11 0.04
  16   27 0.81
   5   16 0.58
  22   33 0.67
   3    4 0.28
   8   19 0.88
   5   12 0.90
  21   35 0.65
   9   31 0.21
  21   32 0.89
  10   29 0.57
  12   28 0.38
  17   36 0.46
   6   21 0.06
   6   16 0.51
   3    7 0.80
   5   19 0.05
  10   19 0.46
  11   11 0.61

  10   17 0.05
   8   23 0.66
   3    5 0.36
  13   18 0.64
   1   20 0.15
  21   21 0.38
   1   16 0.73
  13   28 0.23
   2   16 0.32
  18   29 0.20
  20   37 0.58
  15   28 0.27
   6   20 0.79
   3    7 0.74
  18   40 0.36
   3   12 0.91
   6   13 0.46
  18   36 0.46
   3    7 0.41
  22   41 0.23
  21   41 0.54
  18   35 0.09
   5    5 0.27
   9   28 0.80
  14   30 0.40
  11   17 0.96
   7   20 0.18
  15   19 0.21
  21   22 0.01
   9   27 0.33
   6   24 0.23
   3   21 0.93
  22   35 0.41
  16   19 0.89
   7   24 0.50
  21   35 0.09
  10   28 0.52
   3   12 0.00
  21   40 0.68
   5   21 0.80

  14   15 0.69
  10   23 0.25
  10   14 0.98
  17   27 0.24
  16   27 0.03
   0   15 0.31
   0   16 0.25
  11   33 0.15
   5   16 0.28
  12   21 0.94
  16   16 0.06
  21   33 0.74
   7   10 0.36
  13   28 0.39
  20   30 0.36
   1   23 0.85
   0   16 0.30
   2   16 0.74
  20   39 0.36
  18   22 0.56
   4   22 0.10
   9   29 0.65
  14   28 0.81
  18   34 0.56
  19   26 0.07
  20   31 0.70
  19   19 0.12
   6   15 0.41
   0    1 0.30
   5   25 0.60
  20   26 0.90
  16   27 0.54
  20   37 0.55
  21   22 0.70
  11   18 0.04
  19   39 0.78
  15   31 0.34
  20   33 0.72
  14   22 0.90
   9   27 0.90

   6   15 0.41
  19   26 0.46
  12   15 0.39
  14   36 0.48
  13   27 0.20
   5   21 0.58
  14   36 0.16
  19   26 0.31
   2   12 0.82
  17   28 0.61
   7   13 0.40
   9   25 0.51
  10   10 0.98
   4   13 0.05
   2   13 0.11
   4   19 0.86
   8   20 0.64
   4    7 0.98
  20   27 0.62
   3    9 0.46
   5   15 0.66
   5   18 0.85
   6   17 0.98
   2   24 0.66
   9    9 0.45
   0    3 0.64
  18   22 0.92
   0   14 0.84
   3   21 0.53
  18   23 0.36
   5   18 0.04
   1   17 0.61
  21   22 0.12
  11   19 0.36
   6   27 0.69
   4   10 0.84
   6   10 0.30
  22   23 0.24
   8   19 0.55
   4   13 0.98

   9   21 0.33
   8   16 0.60
  21   21 0.82
  11   17 0.98
  15   31 0.06
   5   18 0.33
  10   28 0.31
   1    4 0.71
   2    4 0.04
  12   25 0.57
   5   24 0.53
  20   28 0.54
  15   28 0.91
  13   31 0.88
   2    4 0.78
   8   15 0.86
   4   20 0.64
   8   29 0.76
  16   17 0.50
  11   14 0.38
   6   16 0.59
  10   27 0.81
   0   17 0.95
   5    8 0.95
  11   21 0.34
   8   14 0.97
  21   23 0.98
  20   32 0.94
  13   13 0.05
  14   29 0.71
   7   13 0.02
   6   26 0.86
   3   22 0.21
   3   18 0.73
   2   22 0.86
  12   18 0.65
  22   35 0.21
  10   10 0.08
   4   23 0.80
  14   23 0.88

