4 20 8
12   20  16  16  20  10  10  10  20  10   4   4  10

  40   61 0.24
  52   67 0.89
  40   59 0.37
  52   86 0.55
  23   68 0.90
  16   56 0.03
   8   28 0.64
   7   48 0.95
  18   38 0.79
  11   45 0.47
   7   68 0.10
  25   28 0.81
  39   40 0.25
  11   61 0.71
  25   31 0.85
  54   55 0.87
   9   35 0.80
  35   35 0.59
   5   55 0.76
  24   40 0.79

  33   97 0.39
  36   68 0.93
  11   15 0.88
  50   94 0.04
  41   68 0.69
   9   29 0.88
  41   66 0.78
   7   22 0.35
   6    8 0.35
  26   86 0.25
  13   75 0.50
  15   75 0.31
  25   77 0.28
  10   54 0.31
  57   68 0.43
  14   80 0.73
  43   65 0.35
   1    6 0.13
  42   81 0.00
   7   29 0.05

  49   74 0.36
  13   44 0.92
  20   46 0.22
  56   62 0.29
  28   45 0.78
  68   96 0.77
  61  118 0.35
  37   67 0.04
  52   78 0.12
  56  116 0.18
  48   99 0.00
   0   62 0.02
  45   57 0.93
  11   16 0.64
  63   79 0.62
  37   40 0.95
  31   54 0.25
  48   89 0.01
  51   88 0.14
  68   96 0.44

  32   86 0.33
  23   32 0.63
  51   65 0.70
  37   57 0.65
  42   59 0.30
  24   88 0.70
  63  116 0.66
  36   38 0.64
  29   94 0.61
  17   39 0.82
  36   55 0.99
  66   80 0.49
  36   81 0.41
  36   81 0.15
  25   76 0.69
  10   19 0.18
  40   77 0.22
  45   68 0.48
   2   61 0.03
  56   83 0.89

  38   83 0.89
  16   77 0.78
  37   73 0.40
   1   61 0.40
  48   92 0.76
  30   51 0.81
   1   61 0.49
  41   53 0.92
  16   53 0.48
  24   57 0.93
  33   38 0.78
  36   86 0.18
  51  118 0.68
  22   27 0.23
  65  113 0.28
  58   59 0.10
   1   13 0.92
  42   86 0.77
   1    6 0.82
   7   53 0.49

  10   25 0.55
  23   77 0.90
   0   30 0.86
  65  106 0.49
   7   21 0.48
  31   55 0.25
  41   55 0.19
  39   51 0.46
   5   40 0.19
  51   66 0.74
  54   74 0.97
  21   82 0.52
   6   62 0.99
  58   72 0.54
   8   51 0.69
  16   67 0.79
   9   27 0.75
  20   42 0.51
  38   98 0.11
  40   50 0.98

  34   89 0.38
  24   43 0.35
  38   55 0.52
  49   58 0.43
   0   46 0.62
  37   85 0.96
  36   55 0.51
  64   90 0.06
  43  106 0.00
  65   95 0.52
  40   69 0.58
  32   96 0.56
  21   25 0.05
  10   32 0.30
  68   81 0.65
  31   51 0.91
   6   40 0.31
  40   69 0.58
   4   16 0.04
  68   93 0.23

  36   40 0.12
  61   73 0.88
   2   49 0.69
   9   58 0.95
  49  116 0.50
  33   83 0.35
  15   16 0.23
  46  104 0.20
  19   47 0.15
  26   79 0.56
  35   36 0.92
  45   91 0.09
   1   55 0.12
  61  121 0.68
   2   50 0.17
  47   50 0.49
  48   97 0.34
  28   38 0.62
   3   28 0.53
  22   54 0.17

  40  102 0.85
  68   97 0.64
  65   87 0.28
  66  122 0.53
   0    0 0.71
  57   62 0.82
  50  112 0.20
  13   74 0.13
  39   81 0.86
  27   92 0.89
  18   48 0.15
  37  101 0.31
  39   98 0.02
  11   60 0.45
  66  120 0.18
  67  127 0.44
  38   85 0.39
  42  110 0.68
  42  110 0.98
  14   76 0.31

  16   54 0.90
   2   36 0.32
  21   77 0.14
  30   37 0.09
  64   87 0.73
  42   52 0.27
  54   77 0.13
  13   56 0.70
  42   71 0.09
  22   89 0.14
  63   76 0.48
  59  117 0.63
  43   65 0.72
   3   64 0.13
   6   54 0.18
  58   90 0.49
  41  106 0.86
  35   83 0.69
  49  114 0.74
  57   92 0.49

  60  122 0.59
  64   97 0.18
  14   16 0.09
   1   11 0.92
  36   89 0.67
  42   64 0.43
  55   63 0.18
  68  107 0.49
  67   74 0.81
  40   93 0.38
   4   52 0.50
  42   89 0.29
   3   11 0.98
  34   78 0.96
  27   57 0.43
  11   22 0.42
  63  130 0.81
  17   63 0.85
  16   19 0.75
  28   36 0.52

  46   73 0.50
   7   15 0.60
  12   72 0.05
  62  101 0.92
  47   77 0.68
  13   69 0.31
  10   37 0.17
  44   56 0.58
  54   85 0.45
  44  112 0.00
   9   38 0.37
   3   50 0.53
  44   66 0.52
  18   69 0.51
  43  109 0.02
  41   82 0.37
  59   75 0.54
  48   68 0.98
  60   71 0.23
  48  115 0.48

