4 100 8
3   20  16   4

  25  109 0.08
   6   26 0.18
  30   53 0.05
   2   63 0.36
  10   47 0.05
  17   72 0.11
  24   87 0.29
  17  103 0.10
  24   97 0.93
   0   17 0.24
  30  105 0.52
  13   83 0.88
   4   84 0.31
  13   57 0.48
   6   79 0.41
  14   99 0.87
  14   62 0.31
  25   46 0.31
   5   63 0.39
  20   44 0.74
   3   57 0.54
  24  100 0.99
  26   60 0.37
  26   37 0.69
  30  108 0.90
  13   79 0.00
  17   41 0.78
   7   28 0.45
  24  108 0.43
   5    7 0.44
   2   17 0.04
  16   30 0.56
  26   89 0.33
   7   42 0.92
  20   91 0.11
  28  114 0.98
  10   27 0.59
   3   10 0.54
  22   34 0.60
  30  101 0.44
  28   78 0.43
   9   75 0.91
  12   89 0.77
  22   65 0.32
   9   55 0.28
  19   55 0.11
  10   57 0.50
  11  101 0.44
  23   96 0.72
  13   89 0.23
   1   85 0.16
  23   70 0.87
  12   20 0.82
   9   32 0.26
  25   82 0.02
  26  116 0.94
  21  113 0.52
  12   96 0.04
   2   23 0.98
  13   76 0.32
  14   90 0.96
  10   41 0.23
  28   52 0.82
  22   85 0.96
  29  103 0.01
   7   23 0.47
  14   66 0.71
   4   36 0.53
  16   22 0.83
  19   25 0.99
  28   67 0.28
   3   15 0.90
  13   37 0.99
  29   71 0.09
  28   31 0.26
   1   41 0.75
  27   82 0.20
   0   12 0.83
  19   51 0.70
   5   10 0.88
   8   16 0.81
  21   99 0.22
   5    5 0.00
   2   90 0.74
  18   38 0.72
  29   45 0.48
   1   90 0.32
  10   39 0.31
   1   80 0.06
   2    3 0.57
  26   42 0.98
  19  102 0.50
  22  114 0.77
  24  106 0.26
  27   94 0.99
  17   47 0.78
  10   57 0.43
  13  105 0.21
  20   52 0.25
   5   26 0.38

   2   71 0.28
  17   79 0.52
  10   88 0.41
  20   96 0.01
  10   56 0.59
   8   92 0.08
  17   73 0.91
  29   72 0.02
  21   81 0.15
  22   40 0.92
  22   37 0.54
   7   47 0.59
  16   68 0.36
   0   14 0.90
  10   48 0.47
  29  103 0.42
  25   36 0.63
   4   77 0.61
  25   33 0.27
  28   43 0.49
  20   48 0.86
  17   65 0.32
  30  113 0.07
  28   67 0.44
  23   72 0.34
   0    6 0.63
  16   48 0.15
  19   51 0.11
  22   65 0.53
  12   58 0.64
  17   26 0.09
  10   10 0.04
   0   75 0.28
   9   83 0.35
  15   94 0.96
   4   96 0.60
  29   76 0.87
   3   50 0.57
  15  104 0.33
  30   47 0.17
   8   70 0.71
  19   71 0.94
  29   59 0.37
  15   49 0.61
   8   71 0.77
   4   52 0.62
   9   34 0.79
  29   39 0.89
  29   43 0.77
   2    4 0.85
  27  109 0.12
  27   39 0.84
  15  107 0.50
  12   56 0.34
  19   66 0.88
  14   74 0.73
  17   19 0.26
  14   19 0.28
  26   58 0.79
   9   74 0.63
  28   90 0.17
   2   59 0.98
  10   85 0.36
  11   11 0.20
   3   71 0.21
   3   74 0.02
   9   10 0.08
  20   93 0.16
  27   55 0.73
  22   47 0.05
  30  110 0.83
  28   65 0.35
  30  111 0.50
  21   76 0.29
   1   60 0.79
  20   64 0.29
  18   81 0.42
   9   11 0.81
  25   30 0.94
  22   94 0.84
  21   43 0.12
   2   86 0.00
  14  102 0.57
   6   87 0.31
  26   80 0.19
  15   97 0.13
  30   36 0.73
  20   62 0.78
  25  117 0.95
  11   53 0.47
   9   53 0.58
  16   47 0.37
   6   55 0.52
  28   45 0.21
  12   48 0.85
  29   63 0.33
  28   79 0.96
   4   62 0.56
  12   16 0.46
  29   62 0.85

   0   54 0.04
  22   35 0.70
   2   66 0.09
  23   33 0.88
  30   98 0.34
  19   30 0.65
   8   75 0.25
  29   65 0.99
  22   96 0.58
   3   29 0.33
  24  103 0.19
   4   53 0.22
  15   94 0.09
   8   61 0.75
  11   51 0.97
  11   19 0.23
   3   49 0.45
   7   68 0.27
   7   64 0.31
  28   54 0.82
   2   50 0.55
   1   57 0.31
   1   55 0.40
  29  108 0.02
  29   45 0.02
  24   52 0.04
   0   69 0.36
   0   39 0.76
  24   38 0.53
  15   36 0.96
  24   38 0.29
  12   95 0.14
  15   86 0.91
   5   38 0.46
   3   79 0.48
  15   89 0.94
   3   89 0.09
   4    6 0.94
  13   77 0.02
   9   44 0.08
  11   13 0.16
  19   70 0.73
  30   65 0.91
   6   33 0.72
  16   78 0.92
  19   39 0.00
  30  114 0.41
  21   92 0.56
   6   55 0.36
   9   66 0.70
  19   34 0.00
   0   32 0.26
  18   98 0.67
  19   45 0.15
  19   80 0.97
  24  110 0.25
  29   39 0.38
  23   23 0.91
  18   28 0.10
  20   22 0.65
  26   88 0.00
   5   84 0.44
   2   58 0.33
   3   24 0.48
  23   86 0.11
  14   49 0.31
   7   59 0.75
  12   25 0.46
   3   34 0.08
  25   53 0.65
  30  100 0.62
  13   86 0.20
   9   15 0.37
   4   93 0.01
  11  101 0.12
   1   46 0.61
  27   51 0.56
   3   48 0.96
   2   40 0.59
   0   85 0.93
   4   80 0.99
  27  110 0.16
  14   16 0.58
  21   93 0.98
  15   67 0.39
   3   37 0.61
   4   48 0.26
   1   18 0.07
   7   88 0.62
  19   75 0.34
  17   45 0.30
   3   49 0.27
  30  105 0.92
   1   77 0.79
  12   64 0.18
  24   46 0.34
  16   65 0.32
  15   40 0.03
  27  108 0.98
  29   89 0.95

