4 80 4
3   16  10  10

  84  153 0.09
  36  102 0.59
  83  154 0.09
  32   94 0.09
  38  114 0.19
  29   97 0.47
  36   71 0.22
  13   72 0.33
  96  132 0.23
  79  116 0.57
  23   29 0.47
 104  144 0.43
  80  136 0.98
  78  159 0.99
 120  193 0.33
  58  146 0.75
  59   98 0.13
  41   98 0.48
  66  133 0.73
 119  128 0.46
  97  152 0.78
  61  135 0.28
  92  159 0.23
  88  140 0.04
  12  101 0.23
  41  121 0.27
 120  167 0.92
  52  136 0.21
  73  116 0.32
  32   99 0.69
  42   90 0.44
  86   86 0.52
  84  151 0.80
 117  138 0.74
  32   41 0.29
  27   80 0.60
  33   65 0.74
  43   72 0.81
  30   52 0.25
 118  207 0.55
  86  145 0.28
 121  150 0.10
  95  126 0.56
 122  129 0.48
 113  144 0.03
  16   32 0.63
  80  163 0.12
 113  144 0.40
  70  155 0.73
   9   95 0.34
  58   86 0.33
  26   82 0.79
  68  149 0.20
  16   85 0.34
 131  149 0.48
 107  116 0.84
  71  112 0.04
  16   16 0.11
 116  163 0.33
  15   89 0.87
  24   38 0.15
 107  150 0.99
 106  162 0.45
 128  132 0.94
  72  138 0.27
  30   56 0.62
  23  101 0.39
  10   18 0.46
  97  104 0.84
  89  150 0.96
  43  131 0.02
  47   63 0.99
  11   74 0.78
  99  131 0.42
  19   38 0.62
  75  128 0.65
 115  138 0.14
  62  138 0.45
  46  122 0.84
 102  107 0.04

 131  179 0.24
 128  157 0.30
  28   96 0.96
  56  107 0.15
  54  125 0.44
  37   94 0.27
  44  107 0.96
  41   97 0.57
   0   80 0.90
   6   72 0.57
  83  103 0.55
  83  140 0.41
  48  129 0.19
 115  124 0.56
 130  196 0.81
 126  130 0.23
  94  149 0.89
  92  125 0.91
  17   99 0.61
  67  137 0.58
  95  104 0.05
  15   37 0.43
  34   81 0.97
  83  153 0.72
  98  153 0.47
  52   56 0.25
  65  133 0.74
  77  156 0.79
  14   19 0.69
  36  123 0.06
  46   85 0.28
  43  101 0.13
  80  105 0.76
 125  160 0.15
  99  164 0.95
  51   83 0.06
  50  133 0.23
  62   79 0.17
 108  119 0.21
 114  151 0.08
 100  163 0.75
  10   96 0.99
  73  137 0.58
 126  131 0.16
 126  204 0.51
  75  149 0.34
  64  110 0.02
  92  105 0.40
 121  197 0.84
 115  168 0.57
  63  130 0.71
 115  186 0.13
 126  179 0.56
  61  148 0.17
 118  162 0.19
  51  134 0.66
  94  108 0.45
  52  107 0.55
  67   77 0.47
  73  104 0.05
   5   72 0.77
  19  105 0.76
 127  159 0.60
  40   41 0.89
  85  119 0.51
  66  111 0.96
  16   81 0.76
  38   90 0.71
  61  141 0.90
  16   59 0.15
  99  101 0.25
   4   26 0.05
  19   34 0.25
  96  171 0.60
 131  208 0.26
   4   92 0.44
 105  144 0.49
  87  121 0.71
 113  158 0.24
  90  177 0.93

   1    2 0.70
 115  119 0.08
  44  111 0.59
  10   44 0.67
  90  126 0.51
  66   73 0.84
  81  124 0.83
  17   19 0.91
  89   90 0.33
  65   89 0.48
  11   20 0.93
  21   71 0.56
  27  109 0.70
  55  124 0.29
  34  117 0.01
 115  142 0.40
  90  146 0.15
  53  138 0.35
  58   61 0.82
  10   45 0.63
  93   94 0.70
  74  148 0.09
  48  130 0.04
  15   36 0.95
  69   96 0.92
  97  100 0.87
  25   83 0.32
 106  183 0.88
  76  128 0.07
 100  160 0.41
 115  148 0.01
  37   83 0.13
  87  120 0.88
   6   68 0.20
 133  153 0.75
 127  156 0.67
  35   69 0.64
 102  123 0.51
  22   88 0.74
  95  168 0.00
  39  111 0.83
  22  108 0.84
  85  130 0.44
  91  165 0.15
 114  126 0.08
  97  139 0.79
 107  179 0.69
  20   40 0.23
 129  209 0.46
 106  166 0.51
  68   68 0.98
  74   95 0.65
  52  103 0.22
  54   68 0.26
  61   68 0.92
  72  154 0.74
   7   20 0.34
  51   92 0.54
  56  111 0.31
  75  119 0.45
  54   89 0.18
 108  120 0.98
 126  143 0.59
  14  102 0.17
  63   78 0.86
  28   62 0.57
 101  131 0.86
 132  197 0.65
  34   57 0.64
 113  139 0.02
  96  164 0.11
 120  168 0.68
  45  118 0.10
  92  155 0.28
   4    7 0.85
  50   85 0.91
   7   79 0.78
 118  172 0.80
  53  138 0.94
  28  106 0.09

