5 20 4
12    2  10  10   2   4   4  20   2  10  10  16   2

  33   52 0.09
  42   64 0.46
  17   24 0.92
  55   55 0.03
   6   20 0.20
  28   42 0.66
  45   67 0.25
  29   32 0.05
   8    8 0.70
  64   71 0.10
  42   44 0.30
  40   42 0.97
  36   50 0.42
  28   42 0.48
  46   47 0.06
  47   54 0.96
  25   34 0.18
   9   25 0.55
  35   56 0.48
  50   53 0.24

  11   33 0.57
  14   31 0.31
  58   79 0.51
  46   61 0.99
  52   54 0.64
  24   41 0.12
  20   42 0.29
  46   56 0.35
  25   40 0.44
  39   40 0.97
  68   77 0.13
  66   84 0.19
  11   22 0.41
  17   27 0.34
  62   72 0.28
  17   19 0.06
  65   67 0.62
   5   24 0.20
  35   46 0.73
  21   42 0.26

  14   22 0.33
   9   15 0.91
  29   32 0.03
  56   69 0.79
  54   61 0.16
   6   24 0.76
  14   15 0.48
  51   60 0.04
  59   62 0.33
  44   57 0.25
  41   57 0.88
  10   20 0.76
  57   73 0.62
  39   54 0.86
  67   78 0.33
  14   30 0.21
  38   42 0.60
  40   51 0.37
  63   81 0.44
  25   44 0.38

  37   45 0.21
  51   58 0.37
  36   52 0.59
  56   61 0.32
  64   72 0.44
  48   57 0.63
  12   17 0.21
   7   11 0.15
  14   16 0.13
   3   11 0.22
  12   18 0.65
  44   54 0.76
  15   20 0.00
  20   27 0.83
   5   15 0.40
  54   59 0.05
   7   27 0.26
  63   78 0.55
  63   69 0.12
  61   66 0.07

  68   85 0.38
  60   81 0.00
   4   19 0.74
  23   33 0.80
  23   35 0.76
  41   63 0.29
  55   72 0.46
  67   88 0.14
  27   35 0.97
  33   38 0.35
  57   75 0.92
  10   25 0.63
  60   65 0.78
  42   53 0.65
  40   53 0.76
  47   61 0.69
  27   32 0.77
  24   43 0.22
  34   50 0.01
  21   37 0.55

  40   53 0.13
  63   77 0.52
   1    4 0.87
  22   30 0.85
  60   63 0.36
  36   37 0.43
  53   54 0.40
  56   62 0.13
   9   13 0.67
  63   82 0.65
  25   37 0.11
  47   59 0.51
  62   68 0.77
  38   56 0.09
  65   87 0.21
  20   25 0.19
  68   73 0.32
  46   52 0.21
  21   24 0.09
   8   25 0.77

  58   76 0.37
  65   77 0.48
  28   45 0.80
  61   65 0.56
  18   39 0.50
  48   52 0.58
   0    8 0.23
  53   54 0.94
  10   12 0.64
  25   37 0.14
  43   64 0.38
   1    6 0.43
  36   55 0.18
  48   52 0.19
  60   80 0.49
  56   59 0.20
   1   18 0.03
  52   63 0.39
   4   10 0.17
  27   40 0.58

  49   62 0.92
  14   33 0.53
  62   74 0.18
  14   29 0.15
  34   47 0.95
  50   65 0.63
  34   52 0.58
  27   49 0.37
  64   82 0.45
  60   64 0.90
  25   43 0.29
  49   68 0.50
  43   64 0.14
  13   18 0.04
   2    8 0.59
   8   21 0.23
  41   52 0.33
  34   52 0.67
  22   40 0.54
  38   59 0.11

  42   64 0.70
  22   31 0.25
  37   48 0.17
  63   83 0.49
  25   28 0.05
  33   38 0.35
  23   27 0.24
  59   59 0.57
   4   20 0.72
  20   26 0.90
   9   11 0.61
  61   72 0.24
   6   23 0.67
  29   37 0.99
   8   12 0.66
  54   55 0.60
  55   76 0.70
  28   50 0.87
  21   25 0.25
  33   52 0.70

  13   25 0.88
   5   14 0.59
  13   29 0.77
  62   77 0.12
  14   23 0.63
  38   39 0.80
  12   20 0.58
  52   72 0.22
  24   40 0.71
   1    6 0.69
  47   49 0.51
  67   74 0.96
   4   20 0.62
   8   15 0.88
   0    0 0.30
   3   15 0.03
  13   22 0.05
  53   62 0.71
  31   42 0.84
  14   36 0.80

  21   27 0.12
  38   56 0.29
  54   70 0.41
  66   78 0.51
  66   74 0.51
   5    9 0.16
  26   28 0.86
  46   49 0.48
  29   44 0.93
  16   28 0.92
  45   67 0.70
   7   16 0.74
  31   47 0.47
  32   43 0.88
  41   61 0.18
  51   64 0.17
  46   46 0.61
  43   54 0.36
  39   47 0.85
   6    6 0.39

  35   47 0.33
  65   80 0.11
  39   50 0.23
  34   49 0.01
  46   49 0.41
  57   76 0.21
   1   22 0.20
   8    9 0.60
   9    9 0.34
  61   64 0.04
  52   74 0.20
   8   29 0.81
  66   82 0.65
  18   19 0.75
  38   53 0.69
  37   46 0.36
  17   25 0.85
  15   16 0.16
  41   49 0.69
   2   11 0.84

