4 20 8
12    4  16   2  20  20   2   2  16  10  10   4  16

   5   18 0.15
   3    7 0.00
  14   39 0.13
   1   26 0.57
   3   34 0.87
  11   40 0.43
  14   20 0.05
  17   18 0.05
   0   34 0.73
  12   26 0.01
  11   28 0.08
   1   35 0.16
   7   17 0.21
   1   32 0.51
   0   19 0.92
   1    1 0.65
  14   28 0.15
  11   31 0.79
  17   52 0.46
  11   43 0.34

   0    9 0.49
  17   43 0.27
  16   52 0.04
  13   38 0.29
  13   41 0.50
  16   49 0.09
  12   46 0.62
  11   48 0.29
  18   28 0.50
   7   37 0.03
   8   21 0.50
   0   14 0.57
  17   26 0.34
   0   24 0.04
   3   14 0.36
  17   30 0.96
   5   40 0.05
   8   29 0.02
  13   19 0.20
  15   43 0.93

  14   22 0.95
  15   35 0.05
   4   25 0.41
   8   32 0.82
   9   32 0.50
   5   33 0.45
   3    3 0.95
   7   14 0.12
   6   19 0.58
  10   11 0.04
  18   31 0.24
  14   42 0.22
  10   36 0.14
  18   53 0.82
  15   30 0.76
   7   21 0.42
  16   19 0.16
  16   49 0.13
  13   18 0.37
  12   26 0.39

   2   24 0.88
  16   50 0.19
  10   27 0.52
  13   27 0.72
  15   37 0.16
  13   22 0.51
   4   37 0.82
  10   28 0.75
  10   14 0.03
  18   33 0.44
   9   30 0.15
  12   39 0.74
  12   30 0.96
   4    4 0.75
   2   39 0.64
   6   35 0.14
   1   32 0.08
  10   27 0.75
  16   44 0.90
  18   23 0.98

  17   39 0.54
   0   17 0.24
  11   42 0.29
  10   45 0.39
   2   12 0.50
   0   36 0.84
  18   34 0.79
   2   33 0.20
  16   52 0.17
  13   36 0.35
   7   16 0.78
   0   31 0.44
   1    8 0.48
   9   29 0.05
   5   38 0.43
   1   11 0.21
   5   39 0.64
   8   17 0.50
   6   11 0.57
  18   55 0.52

   0   35 0.80
  12   12 0.04
  11   20 0.72
  11   31 0.75
   6   18 0.19
   3   31 0.95
  18   22 0.66
  12   21 0.22
   9   20 0.64
   5   34 0.21
   9   32 0.63
  15   52 0.41
   3    7 0.03
  15   41 0.72
  11   38 0.43
   1   22 0.85
   5   28 0.38
  12   41 0.69
  16   52 0.08
  16   47 0.10

  18   40 0.80
  15   33 0.66
   7    8 0.61
   7   35 0.44
   6   24 0.53
   1    3 0.23
   1   28 0.39
  13   17 0.29
  12   32 0.11
  18   39 0.24
  13   44 0.11
  10   19 0.38
   5   13 0.24
   8   34 0.19
  11   32 0.35
  11   41 0.68
  13   50 0.80
   2   23 0.96
   3   36 0.76
  14   22 0.69

   6   11 0.72
  14   35 0.32
   0    8 0.24
   7   19 0.35
  18   55 0.07
   1   35 0.31
  11   39 0.84
  16   30 0.84
   7   10 0.05
   5    6 0.36
  12   35 0.88
  16   43 0.72
  16   44 0.10
  18   40 0.79
   3   24 0.42
   0    3 0.99
   3   22 0.56
   7   34 0.37
   5   24 0.84
   0   12 0.90

   0   13 0.31
  16   48 0.14
  10   42 0.37
  16   25 0.36
  10   41 0.76
  14   43 0.88
   0   20 0.10
   3   32 0.28
   1   17 0.32
   5   28 0.90
  18   48 0.73
   4   34 0.43
  14   27 0.06
   2   19 0.88
  11   21 0.18
   5    7 0.47
  14   44 0.08
  16   25 0.29
  13   40 0.21
   0   19 0.53

   7    9 0.03
  16   17 0.22
  13   20 0.39
   5    8 0.01
  11   12 0.05
  17   51 0.61
   4    9 0.17
  12   47 0.26
  18   42 0.20
   9   24 0.44
   1   28 0.17
   7   30 0.78
   9   10 0.99
   5   36 0.40
   9   23 0.11
   4    9 0.08
  10   17 0.26
  14   19 0.12
  11   21 0.64
   9   25 0.77

   0   21 0.98
   0   35 0.11
   2   27 0.44
   3    9 0.23
   7   18 0.30
   0    9 0.00
  11   42 0.81
   3    7 0.84
   4   17 0.86
  14   41 0.16
  13   30 0.65
  12   29 0.62
  15   45 0.69
   4   15 0.90
  17   50 0.41
   5   40 0.07
   8   41 0.11
  18   49 0.53
   9   35 0.65
   2   14 0.99

   7   16 0.69
   5   39 0.04
  11   26 0.40
   1    7 0.68
  18   20 0.59
  16   17 0.41
   2   19 0.80
  18   40 0.69
   3   11 0.93
  12   24 0.22
   4   41 0.24
   1    5 0.74
  15   27 0.02
  10   46 0.68
  11   16 0.56
  12   43 0.79
  17   18 0.87
   9   14 0.81
   3    7 0.77
  14   44 0.64

