3 20 8
12    4   2  10  16   2  16  20   4  10  20   2  10

  59   81 0.85
  16   33 0.34
  59   60 0.15
  71   91 0.09
  49   71 0.52
  10   15 0.93
  10   23 0.40
  49   71 0.52
  17   30 0.04
  48   56 0.66
   5   13 0.47
  25   42 0.18
  17   26 0.51
   5   12 0.93
  24   35 0.54
   2   16 0.40
  22   25 0.90
  44   53 0.10
  44   57 0.35
   8   24 0.84

  10   22 0.65
  55   71 0.18
  15   16 0.82
  57   57 0.45
  71   71 0.49
  32   54 0.30
  26   26 0.26
  43   61 0.15
  35   46 0.20
  62   82 0.59
  20   40 0.31
  37   60 0.94
  45   65 0.12
  52   75 0.38
   5   15 0.44
  34   36 0.85
  39   46 0.27
  30   33 0.09
  37   40 0.17
  34   49 0.54

  21   34 0.72
  13   26 0.78
  14   17 0.63
  19   28 0.86
  21   38 0.06
  27   31 0.39
  16   19 0.31
  39   42 0.10
  63   66 0.02
  34   35 0.73
   4   16 0.35
  47   49 0.76
  39   48 0.55
  26   33 0.81
  19   31 0.43
  16   33 0.83
  65   72 0.02
  65   85 0.96
  56   61 0.80
  20   33 0.55

  60   63 0.65
   8   17 0.22
  12   15 0.72
   3    6 0.35
  35   48 0.15
  26   48 0.06
  25   38 0.73
   2   24 0.71
  48   62 0.81
  15   33 0.85
  17   25 0.65
  21   43 0.45
  43   51 0.08
   1    3 0.52
  31   39 0.62
  56   61 0.63
  50   63 0.12
  14   21 0.14
  38   61 0.73
  68   72 0.35

  40   60 0.63
  62   75 0.61
  18   36 0.77
  23   45 0.78
  59   60 0.09
   7   25 0.43
  60   61 0.81
  52   55 0.06
   9   28 0.63
  47   52 0.37
  58   73 0.10
  52   53 0.14
  51   62 0.41
  64   72 0.11
  55   65 0.42
  20   26 0.58
  45   64 0.65
  66   80 0.39
  62   66 0.76
  49   58 0.64

  13   17 0.96
  13   29 0.88
  29   48 0.70
  64   66 0.17
  34   54 0.20
  30   43 0.05
  64   77 0.27
  42   49 0.08
  71   94 0.79
  43   43 0.74
  43   51 0.61
  23   39 0.11
   9   21 0.02
  57   64 0.21
  13   29 0.99
  49   70 0.59
  54   73 0.79
  29   39 0.97
  18   34 0.82
  68   91 0.21

  55   60 0.78
  57   58 0.72
   0   14 0.46
  36   49 0.42
  46   50 0.11
  32   41 0.94
  52   62 0.78
  15   32 0.89
  19   23 0.43
  45   53 0.69
  45   52 0.56
  37   55 0.30
  60   77 0.56
  41   63 0.66
  58   78 0.58
  52   63 0.22
  68   70 0.66
  19   42 0.56
  16   28 0.40
  63   83 0.20

  63   84 0.58
  36   36 0.97
  15   27 0.23
  17   33 0.23
   2   15 0.94
  66   80 0.02
  14   35 0.34
   5   12 0.21
  48   49 0.81
  44   65 0.82
  36   38 0.47
  65   86 0.90
  67   72 0.58
  71   94 0.86
  41   52 0.17
  69   87 0.90
  31   53 0.07
  56   68 0.18
  60   78 0.64
  46   58 0.75

  69   70 0.23
  34   52 0.27
  46   66 0.76
   6    8 0.83
   7   28 0.47
  10   15 0.20
  31   43 0.34
  24   43 0.00
  56   58 0.96
  64   73 0.26
  40   44 0.07
  24   39 0.09
  23   32 0.30
  16   29 0.68
  25   46 0.95
  33   52 0.81
  20   25 0.72
  41   59 0.15
  12   13 0.41
  35   46 0.82

  49   66 0.40
  37   50 0.55
   2    8 0.52
  60   64 0.00
   4   15 0.20
  33   50 0.62
   5    9 0.78
  37   45 0.22
  13   22 0.34
   7    8 0.79
  54   56 0.24
  47   53 0.20
  12   14 0.60
   1   22 0.74
   8   29 0.93
   6    7 0.38
  13   28 0.95
   8   19 0.62
  21   31 0.82
  46   61 0.84

  46   49 0.09
  22   39 0.63
  55   61 0.97
  61   75 0.90
  24   41 0.17
  63   63 0.98
  58   61 0.93
  17   19 0.18
  53   65 0.86
  31   34 0.09
   0   13 0.46
   3   21 0.93
  33   37 0.47
  39   47 0.88
  53   57 0.57
  27   39 0.27
  52   58 0.78
   0    6 0.85
  61   81 0.47
   4   26 0.38

  71   91 0.27
  53   54 0.26
  67   86 0.97
  43   50 0.20
   6   13 0.66
  19   21 0.73
  60   78 0.27
  60   74 0.18
   5   14 0.91
  44   54 0.55
  19   34 0.98
   4    6 0.28
  38   61 0.26
  20   21 0.82
  46   47 0.10
  46   47 0.83
  26   47 0.42
   2   12 0.69
  49   69 0.44
   7   28 0.59

