3 50 4
6   10  16   4  10   2  16

   2   31 0.58
  16   22 0.98
  49   80 0.60
  47  143 0.72
  12  104 0.45
   1   65 0.74
  31  143 0.49
  26   44 0.68
  55   58 0.55
  24  112 0.41
   0   68 0.02
  39   92 0.82
  40   97 0.46
  46  137 0.42
  43   91 0.48
  27  137 0.97
  34   37 0.18
  43   48 0.04
  21  107 0.77
  57   68 0.13
  25   72 0.50
  11   76 0.43
  13   78 0.55
  39   53 0.34
  11   59 0.15
  23   88 0.14
   7  106 0.25
  34  144 0.04
  15   60 0.31
  18   95 0.68
  37   88 0.41
  36  148 0.37
  24   79 0.65
  56   57 0.16
  49  123 0.39
   2   48 0.65
   3   13 0.24
  41   90 0.61
  39  116 0.97
  54  172 0.61
  11   62 0.37
  15   63 0.68
  46  102 0.08
  11   96 0.26
  36  144 0.57
  34   35 0.59
  54   70 0.75
  31   35 0.92
  47  108 0.27
  47   67 0.31

  35   53 0.53
  41  101 0.99
  57  141 0.62
  39   44 0.41
  29  144 0.24
  39   84 0.01
  59  169 0.13
  32   88 0.42
  37  133 0.35
  33  141 0.52
   8   70 0.59
  29   54 0.96
  19  107 0.28
  59  153 0.38
  31   45 0.65
  26  116 0.70
  27   41 0.83
  12   35 0.58
  31   58 0.30
  18  128 0.92
  48   83 0.66
  28  107 0.05
  16  134 0.54
  57   78 0.87
  44  104 0.54
  20   51 0.65
  28   85 0.63
   9   49 0.43
  44  116 0.00
  43  162 0.89
  51  138 0.84
   1   71 0.67
  26   95 0.88
  39  106 0.37
  19  123 0.41
   7   46 0.03
  37  113 0.06
   5   20 0.11
   3  111 0.67
  53  158 0.25
  36  110 0.34
  41  120 0.16
   9   94 0.56
   2   75 0.13
  55   87 0.47
  46   73 0.92
  25  107 0.02
  18   69 0.14
  38  156 0.90
  21   88 0.80

  56  161 0.85
  28  136 0.66
  18  125 0.88
  48   95 0.64
  49   53 0.54
  39  134 0.40
  57   90 0.84
   1   50 0.06
  56  129 0.57
   3   73 0.44
  57   72 0.13
  27   33 0.14
  49  116 0.18
  28   64 0.59
  48  151 0.81
  25   50 0.24
  38  107 0.68
  56  160 0.00
   6  112 0.82
  25  123 0.37
  27   99 0.22
  25  132 0.23
  43  155 0.49
  27  114 0.53
  49  164 0.58
  14  107 0.60
  30   66 0.44
  38  103 0.59
  21   64 0.87
  15  130 0.22
  19  115 0.27
  13   38 0.61
  59  174 0.22
  38   99 0.65
   9   22 0.91
  10  118 0.86
   3   73 0.84
  56  143 0.68
  43  145 0.50
   8  124 0.30
  23  121 0.54
  27  121 0.23
  56  142 0.53
   0   64 0.89
   9   57 0.88
  57   70 0.85
  23   46 0.03
  26   32 0.91
  58  148 0.70
  21   68 0.86

  28  121 0.22
  15  102 0.38
  40  116 0.29
  21   52 0.55
  21   23 0.84
  13   24 0.29
   0   38 0.18
  13  106 0.53
  48  140 0.61
  33  151 0.16
  15  120 0.97
  54  161 0.39
  54   82 0.38
   9   60 0.71
  23   56 0.63
  29  133 0.75
  52  116 0.23
  22   29 0.76
  41  155 0.92
  45  161 0.39
  32   68 0.72
  44   44 0.48
  17   79 0.43
  22  131 0.52
  54   91 0.92
  44  114 0.50
   0   21 0.87
  36   69 0.47
  48  150 0.36
  22  120 0.10
   0   22 0.56
  47  115 0.87
  47   93 0.20
  11   25 0.95
  17   40 0.29
  29   80 0.71
  55   65 0.84
  52  169 0.43
  47  119 0.04
   2   91 0.88
  37   84 0.24
  13   96 0.58
   4   56 0.71
  10   60 0.97
   3   54 0.71
   7   86 0.82
  36  118 0.40
  40   94 0.69
  28   89 0.56
  13   85 0.21

  27   60 0.55
  53   92 0.49
  25   51 0.18
   5   10 0.48
  18   53 0.03
  47  100 0.15
   0   58 0.19
  57   81 0.19
  12   72 0.71
  24  137 0.46
  22  105 0.67
  49  150 0.54
  35  142 0.18
  50   98 0.48
  19   56 0.26
   6   37 0.39
  10   26 0.73
  20   62 0.45
  25  126 0.99
  57   92 0.31
  49  168 0.99
  25   43 0.69
  25  119 0.23
  52  124 0.37
   7  107 0.86
  44   84 0.91
   2   87 0.85
  21  131 0.33
  11   27 0.04
  56  133 0.91
  13   25 0.54
  13   27 0.34
  21  128 0.85
  37   52 0.21
  30   79 0.24
  23   41 0.15
  50  125 0.56
  47  124 0.76
   8   88 0.48
  25   79 0.06
  28   72 0.31
  33  108 0.42
  19   98 0.88
  27  113 0.29
   3   83 0.31
  49   51 0.53
  43   52 0.86
  34   51 0.90
  59  132 0.99
   3  100 0.86

  35   65 0.22
  10   16 0.66
  50  111 0.36
  31   79 0.15
  27   43 0.00
  20  105 0.90
   1   35 0.45
  51   81 0.83
  42  131 0.78
   5   77 0.36
  50  116 0.52
   1   25 0.33
  19   39 0.05
  19   38 0.05
  12   13 0.93
  40   92 0.77
  30  135 0.03
  46  110 0.75
   6   19 0.10
  41   62 0.38
   2    7 0.88
  34   58 0.43
  33   62 0.23
   0   98 0.23
  33   35 0.35
   8   86 0.18
  48  117 0.84
  17   83 0.97
  36  143 0.63
  36  122 0.52
   1   58 0.87
  57   83 0.57
  24   82 0.53
  13  114 0.55
  47   72 0.62
  52   85 0.55
  56  134 0.57
   7  104 0.04
  44  128 0.89
   0   26 0.55
  20   60 0.22
  33   94 0.03
  48   48 0.68
  42   46 0.98
  54   99 0.54
  20   41 0.88
  31   40 0.20
  31  141 0.95
   3    4 0.09
  42   58 0.55

