3 100 4
3   16  16   2

 171  231 0.59
 160  178 0.37
 150  197 0.09
 126  174 0.36
 211  263 0.13
  19   28 0.23
 187  187 0.65
 157  208 0.67
  65   89 0.11
  49   98 0.59
 160  201 0.20
 121  138 0.44
 128  145 0.22
  69  116 0.57
 184  221 0.74
 111  171 0.36
 121  136 0.72
  70  104 0.85
  76  101 0.37
 171  229 0.09
  94   98 0.84
 126  180 0.35
   0   23 0.78
 135  157 0.83
 138  145 0.66
 142  195 0.54
 194  263 0.30
 104  114 0.54
 184  242 0.30
  51  120 0.80
  18   39 0.17
  17   38 0.90
   5   69 0.77
 185  209 0.45
  63   86 0.87
 100  167 0.19
 150  211 0.16
  51   54 0.98
  21   85 0.28
 165  206 0.79
  73  134 0.16
 129  154 0.92
  76   94 0.56
  49   67 0.40
   7   44 0.00
 113  147 0.13
 164  212 0.75
  56   63 0.47
  63   87 0.49
  23   58 0.91
 126  179 0.34
  53  114 0.09
 125  138 0.03
 207  213 0.51
 106  110 0.95
 166  197 0.40
  18   36 0.98
  50   64 0.76
  34   61 0.69
  38   47 0.22
 158  185 0.24
 192  214 0.57
 210  264 0.87
 166  216 0.44
 109  162 0.56
  49   90 0.07
   0   58 0.69
 161  188 0.19
 123  155 0.87
  60   64 0.46
 110  174 0.48
  19   46 0.82
 126  182 0.40
   3   49 0.50
 174  203 0.64
 116  146 0.99
  74   96 0.73
   4   56 0.53
 206  250 0.59
 156  225 0.66
  12   26 0.76
  56   69 0.16
  97  164 0.48
  86   97 0.50
  46   53 0.40
  82  119 0.26
  88  152 0.40
 165  219 0.88
  42   89 0.05
 111  150 0.36
  56   67 0.52
   1    1 0.21
 127  147 0.74
  84  145 0.06
 140  197 0.95
  79   99 0.88
 164  167 0.56
 131  140 0.57
 106  145 0.17
 195  257 0.79

 101  136 0.94
 206  261 0.53
 163  171 0.93
 199  252 0.45
  99  135 0.20
 181  240 0.05
  99  131 0.35
  84  148 0.32
 188  220 0.05
 211  228 0.41
 113  179 0.73
  27   69 0.04
 151  175 0.69
 103  158 0.84
  19   36 0.00
  69  132 0.88
 132  185 0.57
  87   89 0.83
  41  106 0.85
 170  201 0.51
 106  175 0.28
  28   90 0.85
  36   94 0.10
 177  195 0.31
  76   80 0.86
  36   55 0.47
  30   37 0.77
 203  234 0.73
  38   40 0.55
  73  122 0.77
  31   89 0.83
 157  220 0.72
 121  160 0.35
 183  194 0.06
  90  121 0.05
  91  108 0.51
   1    9 0.04
 104  122 0.21
  61  112 0.10
  17   49 0.52
  34   56 0.87
 190  224 0.82
 197  215 0.42
 194  256 0.51
   5   19 0.91
 145  187 0.75
 198  219 0.69
 106  113 0.78
 123  184 0.83
  89  153 0.82
 209  225 0.07
  72  130 0.06
  27   36 0.19
 159  191 0.30
 171  228 0.31
  84  149 0.95
 209  237 0.33
  72  121 0.72
  70   82 0.42
  78  119 0.64
 154  210 0.36
  45   99 0.81
  33   66 0.01
 208  264 0.37
 170  171 0.32
   5   12 0.73
   9   28 0.62
  85  120 0.33
  92  110 0.15
 168  213 0.55
  85   90 0.51
 134  159 0.34
   4   59 0.73
 108  157 0.54
   6   24 0.53
  31   68 0.47
 169  213 0.84
 122  182 0.66
 140  177 0.15
  89   97 0.77
 136  170 0.38
   6   20 0.23
 192  199 0.17
 156  179 0.41
  85   86 0.41
 210  264 0.41
  71  128 0.87
  36   83 0.21
 165  227 0.15
  51   65 0.46
 198  262 0.97
  69  106 0.76
  37   80 0.58
 117  136 0.36
 115  178 0.29
 154  174 0.15
  97  122 0.06
  34   77 0.90
 155  215 0.12
   0    7 0.70

 155  179 0.91
  29   54 0.13
 100  105 0.08
 139  185 0.55
 165  193 0.73
 183  210 0.78
 176  177 0.02
 193  244 0.13
 128  161 0.62
 137  171 0.15
 199  265 0.59
 187  199 0.40
 111  160 0.41
 132  177 0.50
 190  190 0.32
  73  121 0.27
  84   84 0.72
 210  215 0.05
 194  245 0.35
  40   94 0.86
 137  189 0.59
   2   29 0.75
 108  131 0.54
 203  265 0.06
  70  139 0.66
 159  220 0.02
  64   78 0.43
 102  166 0.42
 209  229 0.38
 196  203 0.06
 119  166 0.69
 169  190 0.27
  14   29 0.46
 114  154 0.68
 120  161 0.49
 132  201 0.22
 169  216 0.32
 161  175 0.15
  92  117 0.85
 145  160 0.57
  41   93 0.26
 136  200 0.79
 142  163 0.32
  23   32 0.20
 179  237 0.02
  84  109 0.47
  36   66 0.03
  51   74 0.89
 198  209 0.30
 111  123 0.38
 170  205 0.54
  77   87 0.30
  57  109 0.54
  30   49 0.40
  90  118 0.62
  60  106 0.33
 190  215 0.76
 151  209 0.59
  90   98 0.05
  40   90 0.21
 159  206 0.01
 100  151 0.03
  95  127 0.55
 198  255 0.16
 171  217 0.37
 176  241 0.45
 123  176 0.28
  38   76 0.76
  46   52 0.18
  51  116 0.63
 104  136 0.03
  61   90 0.98
  17   48 0.48
 105  111 0.03
  37   81 0.26
 134  151 0.04
  29   41 0.59
 162  181 0.03
  40   46 0.18
  46   80 0.26
  74   74 0.80
  37   73 0.44
 173  174 0.76
 189  212 0.60
 195  211 0.21
 165  213 0.30
  70   96 0.40
 156  198 0.18
  40   76 0.20
 155  223 0.46
  56  122 0.97
  21   57 0.52
  95  121 0.02
 101  114 0.46
  26   73 0.61
  33   36 0.64
 195  234 0.72
  11   52 0.26
  79  110 0.87
  48   64 0.57

