4 30 8
6    2   2  16  10  10   4

  29   54 0.73
   3   32 0.92
  18   33 0.10
  29   39 0.89
  28   56 0.91
  26   46 0.96
  22   48 0.70
  15   19 0.39
   4   15 0.55
  10   30 0.63
  15   33 0.50
  18   47 0.51
   6   22 0.61
   3    3 0.36
  21   39 0.85
  15   37 0.65
  24   34 0.32
  24   31 0.69
  11   12 0.77
  21   39 0.80
  12   17 0.66
  17   21 0.54
  20   39 0.82
   8   27 0.43
  23   51 0.27
  21   50 0.07
  27   51 0.68
  12   17 0.97
   2   16 0.95
  14   17 0.84

   1   12 0.57
  29   47 0.95
   8   14 0.75
   4   33 0.58
  25   35 0.38
  27   30 0.13
  16   23 0.33
  21   37 0.56
  28   36 0.20
  12   32 0.51
   0   10 0.14
   8   10 0.50
   4   22 0.48
   6   15 0.87
  15   41 0.31
   0   11 0.21
   9   16 0.84
  12   21 0.89
  26   38 0.76
  14   22 0.00
  15   26 0.69
  18   21 0.67
   0   16 0.90
   6   30 0.46
  17   26 0.17
  16   17 0.07
   7   20 0.71
  26   39 0.79
   0   20 0.46
   4    4 0.56

  25   40 0.06
  18   32 0.67
   4   12 0.46
   2   28 0.35
  22   47 0.71
  12   16 0.41
  11   25 0.57
  16   37 0.56
   7   12 0.60
  14   25 0.09
  20   31 0.08
  20   26 0.49
  27   37 0.85
   3   10 0.73
  22   34 0.08
  25   30 0.98
   3   20 0.13
  20   23 0.92
  22   32 0.11
  12   14 0.67
  11   33 0.34
   0   27 0.92
  15   22 0.09
  20   45 0.57
  14   25 0.94
   4   14 0.88
  16   21 0.01
   4   20 0.58
  23   25 0.51
   4   28 0.50

   9   30 0.25
   3   18 0.92
  13   33 0.80
  26   35 0.08
  11   23 0.28
  10   22 0.96
  12   24 0.44
  23   38 0.51
  13   30 0.20
  13   36 0.84
  19   32 0.12
  11   40 0.16
  14   21 0.03
   5   32 0.86
  21   35 0.68
  20   27 0.25
   8    9 0.57
   0   27 0.58
  13   34 0.34
  29   53 0.16
  10   19 0.78
   8   24 0.58
   9   17 0.62
  16   21 0.59
   5   33 0.08
  15   16 0.19
   9   25 0.99
  27   33 0.23
  20   42 0.69
  25   38 0.35

   0    7 0.19
  14   25 0.98
  12   17 0.10
   6   22 0.38
  14   31 0.74
  13   42 0.01
  23   48 0.63
  17   29 0.34
   6   13 0.56
  16   40 0.11
  18   30 0.94
  17   46 0.35
  29   33 0.21
  11   16 0.67
  13   17 0.65
   2   15 0.50
  12   17 0.35
   9   31 0.72
  15   20 0.40
  10   23 0.24
  17   21 0.42
  27   40 0.82
  19   21 0.26
  12   33 0.13
  23   28 0.55
   7   33 0.88
  11   37 0.27
   2   11 0.02
  15   41 0.50
  10   20 0.80

   0   19 0.46
   3   23 0.04
  19   40 0.03
   4   32 0.41
  23   31 0.85
  22   32 0.06
  20   35 0.99
  13   26 0.28
  22   29 0.42
  25   35 0.01
  10   25 0.06
  23   30 0.06
  20   23 0.31
  19   42 0.94
   2   21 0.79
   4    4 0.65
   4   33 0.57
  28   38 0.52
  24   45 0.02
   3   25 0.81
  27   31 0.12
  22   44 0.63
   3   30 0.81
   2   14 0.60
  25   43 0.62
   3    8 0.49
   2   26 0.19
   5   26 0.36
   1   19 0.06
  25   33 0.28

