3 40 8
6   20  10   4   2   2  16

  29   71 0.92
  19   57 0.73
  21   52 0.22
  35   57 0.42
  25   37 0.39
  26   64 0.33
   7   43 0.95
  16   52 0.74
  15   37 0.12
  19   38 0.32
  31   74 0.80
   0   22 0.00
  28   66 0.80
   4   28 0.08
  43   50 0.18
   6   32 0.19
   2   34 0.85
  28   59 0.09
  24   39 0.59
  37   65 0.70
  14   18 0.30
   1   20 0.34
  19   25 0.65
  34   58 0.58
  20   23 0.88
  36   77 0.32
  18   54 0.41
   0   34 0.92
  17   28 0.33
  30   51 0.11
  19   38 0.68
  35   66 0.79
  43   63 0.83
  10   16 0.96
  24   42 0.54
  36   66 0.38
  28   53 0.09
  12   47 0.50
  12   48 0.64
  24   61 0.02

   6   29 0.76
  42   83 0.36
  36   52 0.76
   6   28 0.89
  41   72 0.17
  29   41 0.11
  38   64 0.02
  12   45 0.19
   3    4 0.69
  28   69 0.21
  27   65 0.50
  20   23 0.58
  18   30 0.06
  34   59 0.77
  16   29 0.16
   9   31 0.59
  22   54 0.48
  35   55 0.75
  44   73 0.51
  23   41 0.79
   8   11 0.99
  28   40 0.15
  16   16 0.29
  35   51 0.62
  35   45 0.95
  25   67 0.50
   8   23 0.54
   5   11 0.44
  29   41 0.36
  43   61 0.45
  36   64 0.15
  35   42 0.33
  27   50 0.32
   1   18 0.89
   9   18 0.97
  20   24 0.97
  33   41 0.21
  25   58 0.93
  41   45 0.62
   3   20 0.00

  21   46 0.88
  25   61 0.26
  34   43 0.08
  35   43 0.07
   6   38 0.78
  44   54 0.48
   4   46 0.64
  14   25 0.68
  31   47 0.09
  25   47 0.15
  37   71 0.53
  10   20 0.82
  10   40 0.67
  34   48 0.73
  33   42 0.34
  16   18 0.36
  11   51 0.81
  35   46 0.81
  42   86 0.60
  34   59 0.02
  24   47 0.00
   5   39 0.92
  27   52 0.87
  30   70 0.01
  10   16 0.95
  11   18 0.45
  37   47 0.27
  29   55 0.29
   7   17 0.72
  27   55 0.54
  15   34 0.22
   8   18 0.12
  23   27 0.63
  20   46 0.97
  36   60 0.01
   2   25 0.21
  16   19 0.39
  40   54 0.85
  27   56 0.23
   0   28 0.21

  39   67 0.09
   0   15 0.78
   2    8 0.09
  12   44 0.13
   1    6 0.50
   6   15 0.35
   1   33 0.95
  23   27 0.64
  29   66 0.73
  37   40 0.85
  22   60 0.02
  44   50 0.10
   0   23 0.72
   6   40 0.91
  17   51 0.34
  41   51 0.14
   6   14 0.02
  29   30 0.41
  27   27 0.38
  14   25 0.72
  33   48 0.13
  14   16 0.58
  21   21 0.46
  34   64 0.38
  12   43 0.41
  20   62 0.18
  24   45 0.53
  26   66 0.25
  33   50 0.81
   5   28 0.86
   7    8 0.12
  18   55 0.90
  33   70 0.08
  16   39 0.41
   5   38 0.06
  28   71 0.03
  18   49 0.60
  37   41 0.43
  42   57 0.32
  34   70 0.18

   0   44 0.90
  30   30 0.04
  23   66 0.98
  41   80 0.52
  25   58 0.61
  12   50 0.40
  16   22 0.11
  33   56 0.74
  14   35 0.36
   9   40 0.57
  12   44 0.26
  36   45 0.03
  43   83 0.25
   3    7 0.28
  37   79 0.07
  33   45 0.03
  35   72 0.44
  37   49 0.84
  25   34 0.12
  21   43 0.62
  21   60 0.59
  12   38 0.12
   0   11 0.59
  32   74 0.20
  16   29 0.47
  14   44 0.56
  37   50 0.15
  43   78 0.04
   0   42 0.40
  22   49 0.70
  12   44 0.01
  12   45 0.03
  43   54 0.29
  28   41 0.53
  22   63 0.62
  23   49 0.30
  20   51 0.06
   7   36 0.97
  30   42 0.18
  38   75 0.31

  14   36 0.94
  34   76 0.16
  41   54 0.48
   9    9 0.16
  23   35 0.15
   1   27 0.18
   8   48 0.83
  28   51 0.26
  12   28 0.12
  23   61 0.05
   0   15 0.87
  25   60 0.28
  36   56 0.62
  20   40 0.19
  12   35 0.00
  27   36 0.54
  28   66 0.18
  40   63 0.18
   4    5 0.06
  40   69 0.56
  27   49 0.66
  34   61 0.48
  15   47 0.03
   3    8 0.94
   6   19 0.05
  42   50 0.95
  25   48 0.61
  20   60 0.02
  16   40 0.80
  37   43 0.79
   8   45 0.27
   8   51 0.97
  31   57 0.59
  30   56 0.24
  40   74 0.46
  12   23 0.29
  44   84 0.28
  42   86 0.74
  17   45 0.59
   2   20 0.03

