4 30 4
6    2  10   2  20   2   4

   3   18 0.39
  10   12 0.21
  34   34 0.64
  21   26 0.23
  34   49 0.02
   8   12 0.74
  21   29 0.23
  13   21 0.47
  30   43 0.79
   5    8 0.57
  17   28 0.64
   4   18 0.98
  27   29 0.21
  27   35 0.23
  30   38 0.85
   6   22 0.51
  18   24 0.35
  14   30 0.94
  26   30 0.94
   4   20 0.79
   7   19 0.90
  13   25 0.89
  11   21 0.03
   9   25 0.63
  29   44 0.44
  33   48 0.12
  15   18 0.23
  13   26 0.40
   3   11 0.86
  23   36 0.31

  18   18 0.67
   4   18 0.98
  33   35 0.36
  20   32 0.40
  32   48 0.65
  17   19 0.98
  32   40 0.30
  25   36 0.44
  26   29 0.54
  17   34 0.12
   8    8 0.29
   1   18 0.82
  20   22 0.99
  28   41 0.43
  24   31 0.86
  31   37 0.09
  16   20 0.11
   9   21 0.86
  34   38 0.67
  32   44 0.61
  23   35 0.29
   8   19 0.68
  36   47 0.29
   9   13 0.62
  15   16 0.48
  20   20 0.83
  18   18 0.37
  31   46 0.45
  15   22 0.06
  36   37 0.51

   3   12 0.90
  28   29 0.35
  36   52 0.82
  10   24 0.76
   9   20 0.93
   0   12 0.34
  34   38 0.12
  19   36 0.36
  36   40 0.14
  19   19 0.17
   1   16 0.63
  26   32 0.66
  22   25 0.75
  29   32 0.24
   0    9 0.97
  34   41 0.53
  33   36 0.42
  30   40 0.84
  17   20 0.38
  28   32 0.42
   7   23 0.84
  32   32 0.88
  35   50 0.94
   8   21 0.52
  31   39 0.56
  24   35 0.21
  25   34 0.99
  20   35 0.21
  30   36 0.61
  18   22 0.82

  26   34 0.18
   2   14 0.46
  17   24 0.12
   6   12 0.43
   3   14 0.73
   1    5 0.34
  23   30 0.56
  33   45 0.99
  14   28 0.02
  35   46 0.68
   4    4 0.50
  27   28 0.76
  13   27 0.02
   3   13 0.85
   0    5 0.95
  23   30 0.99
  27   30 0.89
  11   26 0.12
  18   19 0.88
   6   15 0.36
  28   44 0.83
   8   24 0.33
  25   27 0.42
   2   18 0.78
  21   34 0.54
  28   41 0.47
  27   28 0.83
  19   22 0.66
  33   45 0.79
   6   22 0.45

  30   37 0.92
  15   28 0.33
  27   39 0.67
  19   28 0.10
  28   33 0.55
  36   47 0.76
  33   48 0.80
   3    8 0.32
  17   29 0.59
   7    7 0.20
  12   15 0.62
  10   14 0.55
  36   39 0.38
  16   18 0.74
  21   32 0.34
   9   11 0.63
   8   21 0.27
   9   18 0.39
  28   36 0.60
  19   34 0.32
  26   37 0.96
   4    7 0.55
  27   30 0.49
   3   14 0.59
  12   20 0.54
  25   33 0.60
   4    4 0.37
   7   24 0.56
   4    5 0.66
  26   34 0.02

   0   15 0.33
   2   19 0.99
  36   43 0.62
  14   16 0.25
   5    9 0.92
  19   25 0.19
  19   35 0.97
  32   32 0.29
   7   18 0.62
  36   40 0.70
  23   24 0.96
  28   37 0.64
  13   30 0.21
   1   17 0.53
  22   22 0.22
   5   15 0.65
   8   19 0.12
  36   42 0.31
   8   18 0.30
  29   32 0.33
  36   47 0.05
   5    8 0.88
   7    9 0.50
  20   22 0.71
  31   31 0.46
   2    4 0.94
  25   36 0.58
  22   35 0.44
  24   35 0.34
  32   49 0.84

