3 80 4
3    2   4  16

  69  131 0.11
  57  105 0.32
  18   56 0.64
  25   47 0.21
  10   80 0.61
  22   29 0.93
  42  105 0.45
  57   82 0.01
  15   26 0.40
  50   78 0.33
  61  105 0.82
  69   96 0.92
  46   85 0.77
  59  115 0.89
  53   76 0.63
   0    9 0.48
  55   93 0.21
  10   79 0.86
  71   96 0.17
  17   72 0.52
   8   16 0.12
  66  103 0.69
  10   48 0.13
  44  105 0.36
  26   50 0.26
  11   34 0.94
  17   66 0.29
  56  110 0.91
  61   64 0.77
  70  104 0.16
  51   53 0.27
   9   66 0.79
  27   88 0.15
  48   84 0.73
  43   48 0.12
  13   22 0.87
  58  117 0.33
  63  116 0.14
  49  107 0.03
  32   57 0.21
   5    8 0.43
  39   90 0.53
  21   59 0.11
  72  114 0.92
  34   83 0.43
  50   93 0.01
   8   58 0.01
  11   67 0.12
  26   75 0.76
  51   53 0.11
  10   35 0.37
  21   27 0.01
  21   50 0.66
  45  114 0.19
  23   47 0.43
  59  128 0.73
  28   70 0.32
  64   91 0.57
  40  112 0.09
  34   97 0.09
  18   52 0.21
  36   99 0.24
  34   71 0.27
  15   36 0.27
  24   52 0.83
  31   67 0.23
   8   61 0.99
  30   79 0.54
   4   40 0.88
  33   89 0.43
  19   65 0.70
  11   30 0.21
  46  108 0.22
  67  107 0.48
  65  108 0.59
  10   50 0.13
  33   88 0.42
  29   61 0.96
  48   71 0.30
  17   31 0.57

  32   56 0.88
  48   53 0.52
   2    3 0.28
  61  131 0.71
  65  122 0.13
  71   76 0.45
  45  115 0.09
  62  101 0.30
  58  101 0.60
  68  101 0.86
  56   83 0.20
  59   99 0.60
  31   91 0.30
  36   83 0.15
  38   48 0.47
  29   87 0.49
  67   82 0.48
  50  116 0.89
  53   68 0.51
  19   37 0.37
  59   69 0.95
  70   90 0.27
   8   54 0.70
  12   84 0.45
  28   87 0.95
  54  126 0.02
  52  116 0.52
  14   73 0.69
  20   50 0.35
  22   70 0.88
  47   55 0.78
  16   80 0.08
  19   36 0.36
  30   98 0.50
  63  129 0.24
  47  115 0.77
   9   22 0.06
  48   56 0.34
  66   77 0.21
  14   66 0.89
  14   29 0.32
  66  118 0.14
  56  121 0.44
  54   93 0.78
  64   88 0.40
  40  105 0.87
  56   83 0.10
  34   75 0.95
  58  119 0.74
   2   17 0.73
  69   96 0.73
  62   84 0.84
  62  104 0.34
   7   18 0.96
  60  120 0.56
  40   63 0.15
  72   95 0.82
  58   95 0.26
  27   62 0.25
  25   31 0.39
  23   83 0.29
  58   84 0.02
  36  105 0.65
  68  118 0.76
  58  125 0.37
  65  117 0.69
  15   69 0.30
  11   11 0.04
  70   92 0.88
  20   29 0.55
  46  104 0.06
  11   70 0.57
  61   70 0.97
  10   52 0.37
  51   83 0.00
  24   68 0.95
  25   47 0.64
  36   86 0.93
  56  121 0.63
   2   68 0.07

  24   30 0.92
  40  103 0.73
  28   59 0.74
  31   83 0.20
  42   47 0.04
  12   65 0.20
  57   72 0.34
  37   46 0.49
  42   88 0.36
  41   74 0.65
   0   68 0.17
  41  102 0.08
  59   62 0.81
  60   73 0.78
  22   45 0.99
  27   96 0.26
  60   83 0.70
  26   65 0.37
  62   92 0.95
  23   62 0.43
  47   57 0.49
  18   27 0.84
  35   56 0.15
  19   56 0.87
  61   94 0.74
  70  120 0.74
  31   73 0.16
  49  110 0.77
  59   60 0.34
  46   76 0.24
  20   56 0.12
  64  130 0.72
  25   79 0.67
  45   93 0.46
  28   82 0.05
  10   75 0.32
   3   50 0.54
  43   64 0.16
  56   60 0.69
  12   13 0.78
  60   76 0.05
  25   67 0.87
  52  119 0.46
  71  116 0.62
  10   25 0.62
  12   56 0.31
  69  111 0.17
  21   37 0.40
  40   41 0.48
  27   76 0.09
  31   69 0.06
  56   73 0.50
  39   63 0.25
  42   74 0.77
  44   45 0.30
  65  126 0.61
  44   50 0.45
  68  115 0.79
   3   60 0.60
  68  138 0.66
   3   10 0.29
   6   42 0.86
  51   87 0.52
  41  113 0.02
  54  104 0.90
  66  110 0.12
  28   36 0.57
  24   63 0.48
  69  114 0.11
  10   43 0.47
  66   92 0.86
  64   99 0.59
  20   58 0.72
  18   63 0.24
  51  106 0.99
  45  100 0.59
   6   46 0.93
  28   70 0.55
  36   88 0.41
   1   41 0.92

