3 100 8
3   16  16   4

  16   42 0.93
   3   10 0.20
  18   24 0.28
  30   49 0.27
  18   46 0.32
  28   59 0.26
  34   44 0.65
  36   46 0.42
  11   12 0.54
  10   43 0.26
  15   23 0.35
   6   14 0.89
  34   45 0.41
  23   54 0.97
  26   57 0.83
  31   58 0.04
   7    9 0.47
   3    6 0.67
  11   25 0.07
  12   47 0.41
   9   31 0.72
  36   69 0.52
   5   14 0.15
  33   51 0.57
  20   27 0.24
   6   33 0.45
  31   51 0.80
  27   39 0.62
   3   16 0.02
  10   29 0.04
   3    9 0.76
  19   21 0.20
  30   49 0.54
  11   20 0.70
  31   52 0.74
  21   35 0.55
  21   43 0.13
  28   61 0.92
  14   20 0.83
  22   42 0.11
  14   34 0.93
  22   53 0.92
  28   44 0.99
  29   40 0.09
  11   26 0.23
   3   22 0.09
  33   63 0.08
  20   54 0.38
  28   62 0.58
  31   63 0.20
  10   31 0.12
  25   30 0.10
  18   50 0.85
  10   13 0.88
  14   29 0.74
  33   69 0.75
   8   37 0.60
  25   48 0.65
  18   43 0.15
  13   31 0.49
   0    6 0.30
  25   31 0.05
  17   29 0.89
   2   18 0.33
  12   28 0.37
  23   36 0.04
  28   54 0.37
  14   15 0.01
   3   15 0.02
  18   50 0.17
  14   48 0.04
  19   21 0.02
  33   66 0.72
  35   50 0.52
   1   17 0.83
  10   11 0.21
  33   50 0.00
   2   33 0.45
  12   31 0.35
  33   45 0.55
  24   58 0.90
  26   62 0.17
  32   52 0.18
  24   27 0.16
  19   52 0.17
   5   26 0.24
  25   30 0.48
  34   42 0.97
   8   44 0.03
  11   23 0.95
  14   17 0.73
  30   62 0.61
   8   35 0.24
  10   39 0.68
   9   26 0.44
   5   30 0.08
  27   54 0.93
  24   54 0.59
  26   27 0.08
  34   44 0.33

  28   57 0.68
  22   27 0.70
  35   62 0.65
  26   40 0.82
  31   65 0.86
  12   21 0.99
  34   47 0.25
   3   30 0.26
   6   32 0.66
  35   67 0.40
  16   29 0.32
  16   39 0.19
  31   37 0.88
  23   36 0.43
  11   47 0.85
  13   43 0.64
  15   28 0.74
  11   17 0.56
  30   64 0.14
  31   39 0.68
  15   23 0.90
   4    8 0.28
   1    6 0.74
  10   22 0.80
  25   50 0.37
  20   53 0.28
  36   37 0.01
   2    7 0.06
  16   42 0.30
  20   33 0.02
  12   44 0.48
  15   44 0.23
  27   29 0.82
  35   62 0.06
  12   21 0.14
   8   21 0.35
  30   52 0.83
  32   68 0.56
  31   39 0.95
  34   47 0.90
  35   68 0.27
  31   36 0.68
  13   33 0.79
  16   24 0.22
  35   68 0.51
  11   40 0.86
  36   57 0.33
  13   26 0.98
  34   39 0.95
  10   21 0.27
  35   63 0.28
   4   25 0.89
   9   11 0.12
   4    5 0.88
  18   32 0.66
  19   23 0.00
  15   27 0.20
  24   34 0.38
  20   33 0.28
   1   25 0.48
  13   38 0.73
  16   30 0.70
  24   51 0.05
  17   24 0.20
  30   40 0.53
   2   14 0.26
  17   47 0.47
  24   55 0.09
   6   25 0.32
  25   60 0.44
  12   48 0.51
   8   43 0.63
  25   43 0.86
  10   44 0.25
  25   35 0.35
  32   32 0.76
  35   54 0.31
  32   64 0.61
  31   66 0.09
   5   27 0.02
  21   50 0.57
  12   18 0.66
  27   56 0.86
  31   50 0.82
  18   31 0.49
  15   18 0.26
   0   23 0.24
  16   49 0.19
   1   12 0.97
  16   51 0.33
  25   27 0.04
  36   64 0.72
   1   15 0.33
  22   30 0.62
  33   33 0.59
   8   20 0.78
  28   42 0.91
   8   42 0.82
  29   38 0.32
  31   40 0.72

  31   31 0.20
  16   35 0.18
  24   37 0.53
   1   24 0.27
   9   20 0.52
  30   62 0.53
  26   44 0.38
   8   33 0.53
  30   38 0.68
  31   61 0.53
   9   23 0.58
  13   40 0.69
  17   49 0.07
  14   41 0.80
  28   35 0.00
  15   19 0.29
  18   51 0.30
  32   66 0.31
  35   63 0.21
  15   47 0.43
  20   37 0.61
  30   41 0.98
  30   62 0.59
  14   33 0.16
   4    6 0.42
   6   16 0.79
  29   55 0.18
  10   37 0.58
  25   55 0.78
   1   15 0.09
  27   36 0.52
  30   36 0.52
  35   50 0.55
  10   35 0.99
  10   27 0.19
  13   28 0.44
  31   67 0.36
  15   28 0.77
  30   35 0.66
  25   57 0.49
  23   58 0.19
  23   44 0.09
  25   27 0.16
   9   41 0.29
   1    9 0.25
  30   55 0.62
  32   43 0.57
   8   14 0.01
   2   13 0.74
  27   38 0.90
  14   31 0.89
  18   47 0.51
  23   36 0.07
   4   30 0.65
   8   13 0.59
  29   32 0.67
   4   11 0.52
  19   44 0.53
  20   43 0.49
  13   19 0.33
  17   24 0.66
  36   58 0.19
  34   48 0.37
  24   35 0.97
  13   42 0.97
  22   41 0.38
   7   23 0.27
   4   11 0.81
  21   53 0.18
   1   10 0.71
   0   20 0.48
  15   46 0.48
  21   30 0.63
  34   58 0.78
  33   46 0.51
   2   29 0.92
   5   16 0.68
   1   25 0.83
  33   40 0.58
  34   68 0.61
  10   31 0.17
  17   37 0.20
  20   36 0.56
  27   44 0.98
  25   42 0.35
  15   25 0.49
  18   22 0.21
  22   33 0.72
   1   22 0.68
  12   28 0.79
  16   37 0.18
  36   43 0.41
  30   36 0.73
   0   15 0.81
  12   29 0.89
  34   37 0.52
   6   36 0.95
  15   41 0.20
  30   63 0.55
  11   44 0.46

