4 80 8
3   16   2  16

   8   27 0.28
   2    3 0.37
   6   17 0.72
  14   22 0.48
   5   22 0.12
   1   19 0.59
  18   30 0.45
  14   31 0.95
  14   33 0.12
  19   21 0.53
   0   15 0.98
   4   23 0.64
   7   20 0.67
  17   28 0.93
  17   20 0.67
  11   26 0.30
  17   33 0.46
   0    1 0.97
   6   12 0.15
  17   22 0.78
  16   16 0.32
   1   17 0.43
   3   22 0.53
  17   35 0.57
  11   28 0.77
  16   18 0.32
   2   11 0.13
   5   12 0.59
   6   16 0.31
   1    3 0.59
  19   23 0.73
  12   32 0.73
  14   34 0.32
  15   34 0.24
   4   15 0.58
   1    9 0.02
   5    5 0.20
   2    8 0.73
  16   26 0.60
   7   26 0.72
   0    8 0.42
  15   17 0.51
   4   15 0.05
  17   31 0.38
  18   36 0.13
   4   17 0.64
   7   25 0.57
  14   28 0.03
   7   24 0.05
  19   31 0.60
  19   23 0.26
   7   14 0.66
  11   16 0.34
  11   24 0.34
  19   39 0.73
   3   10 0.08
   7    9 0.37
   8   17 0.66
  20   35 0.21
  17   33 0.62
  18   32 0.77
   6   19 0.71
  15   16 0.26
  14   27 0.64
   9   15 0.56
  11   16 0.29
   9   27 0.69
   8   25 0.97
  14   20 0.46
   3   10 0.75
  17   37 0.94
  15   15 0.16
   6    8 0.97
  16   36 0.85
  14   22 0.27
   7   16 0.71
   8   15 0.38
   2   12 0.14
  13   23 0.08
  13   26 0.14

  17   23 0.52
  10   30 0.85
   5    6 0.07
   7   27 0.91
   8   21 0.14
   1   18 0.86
  17   32 0.64
  14   32 0.28
  17   29 0.06
   6   11 0.02
  12   19 0.03
  16   28 0.96
  13   31 0.99
   0    4 0.53
   0    3 0.13
  13   16 0.13
  18   22 0.75
  13   23 0.75
   7   26 0.93
  14   20 0.97
   0    6 0.86
  10   14 0.66
  18   25 0.92
  18   32 0.61
   6   16 0.30
   0   18 0.07
  19   27 0.88
   7   16 0.55
  17   32 0.87
   6    9 0.59
  11   18 0.76
   7   17 0.75
  11   28 0.57
   4   22 0.55
  14   18 0.59
   4    7 0.12
  11   27 0.36
  13   29 0.66
   7   16 0.67
   6   22 0.87
   2   17 0.84
  15   18 0.06
  20   33 0.48
   1    1 0.00
  11   24 0.30
   5   15 0.70
  14   14 0.61
   4   10 0.24
   8    8 0.21
   0   13 0.11
   8   27 0.81
   6   13 0.94
   5   18 0.76
  13   25 0.49
  13   16 0.18
   1   14 0.13
  10   11 0.47
  19   23 0.51
  16   25 0.79
  11   14 0.10
  15   31 0.13
   0    0 0.14
  16   30 0.99
   7   11 0.78
   0   13 0.49
  16   36 0.78
  19   26 0.21
   2    6 0.86
  11   11 0.45
  16   22 0.78
  13   15 0.65
  14   18 0.02
   4   11 0.91
   1    8 0.90
  10   26 0.47
  10   18 0.75
  10   28 0.04
   9   20 0.57
   9   16 0.19
   2   17 0.77

   1   16 0.86
   9   11 0.00
  15   32 0.22
   7   26 0.08
   1   14 0.60
  18   27 0.64
  11   24 0.47
  15   31 0.61
   5    5 0.86
   4   23 0.79
   9   28 0.56
   4   20 0.51
   6   25 0.06
   3    5 0.99
   8   17 0.94
   6   16 0.59
  19   26 0.45
   0    0 0.79
  11   18 0.59
   3   13 0.33
  13   19 0.83
   9   26 0.30
   2    2 0.63
  12   29 0.97
   8   19 0.39
  17   23 0.88
   5   18 0.21
  12   23 0.17
   9   21 0.03
  17   23 0.86
   5    7 0.11
   9   11 0.95
  11   29 0.14
   5    9 0.62
  11   25 0.31
  20   37 0.54
   5   24 0.91
   8   16 0.55
  17   21 0.76
  18   37 0.68
   4   11 0.01
  13   18 0.03
   5    6 0.40
   6   26 0.56
  10   24 0.64
  20   27 0.70
   0    8 0.00
  15   20 0.97
   2    9 0.55
  16   24 0.69
   4    8 0.73
  13   23 0.97
   3   15 0.75
   9   25 0.35
  13   19 0.13
  16   34 0.11
  16   17 0.32
  12   16 0.90
   8   27 0.93
   8   20 0.82
   2   10 0.45
   0    1 0.30
   0    4 0.80
   1    5 0.84
  10   10 0.13
  15   29 0.70
  10   15 0.24
   1    8 0.10
  15   23 0.91
   8   16 0.67
  20   39 0.44
  18   34 0.16
   4    5 0.42
  10   21 0.17
   6    8 0.51
  18   23 0.59
  10   30 0.94
  18   29 0.88
   2   13 0.63
  19   25 0.54

