4 50 8
6   16  16   4  16  10  10

   1   75 0.99
  48  113 0.44
  35  103 0.57
   6   13 0.33
   0   41 0.72
  36   79 0.49
   6   30 0.77
  23   77 0.65
  35   98 0.03
   9   29 0.19
  55  109 0.57
  22   59 0.29
   7   87 0.55
   9   10 0.25
  51   51 0.51
  53   67 0.52
  39  112 0.65
  51  119 0.30
  30  108 0.76
  24  106 0.76
  50   82 0.89
  30   97 0.31
  12   84 0.59
  24   66 0.52
  13   36 0.00
  23   80 0.27
  23   61 0.58
   2   28 0.54
  10   36 0.75
  16   30 0.64
  11   68 0.92
   0    7 0.37
  40   74 0.43
  42  123 0.80
   0   70 0.99
  38   62 0.34
  28   46 0.29
  12   63 0.32
  39   80 0.52
  15   39 0.99
  23   91 0.12
  52   65 0.76
  55  111 0.63
  25   93 0.07
  41   81 0.21
  23   50 0.96
   9   88 0.56
  47   96 0.96
  38   93 0.91
  28   32 0.76

  18   97 0.74
  54  109 0.61
  15   54 0.79
  22   31 0.91
  17   75 0.62
  19   20 0.24
  28   29 0.82
   1   66 0.73
   2   60 0.84
  51  134 0.00
  39   42 0.81
  52   64 0.66
  41   83 0.68
  42   44 0.14
  44  111 0.20
  25   44 0.43
  17   72 0.84
   9   12 0.73
  55  127 0.58
  33   72 0.98
  30   89 0.60
  26   42 0.07
  38   74 0.80
  28   94 0.49
   1   28 0.78
  54   96 0.62
  24   83 0.77
   0   47 0.50
  36   63 0.04
  33   71 0.31
  53   75 0.77
   7   36 0.99
  47   94 0.43
  36   45 0.29
  24   98 0.30
  14   52 0.52
   9   52 0.53
  28   98 0.46
  49   67 0.06
  52  129 0.00
  34  100 0.62
  33   92 0.62
  23   49 0.73
  32  100 0.12
   8   55 0.63
  42  113 0.35
  45   47 0.02
  46   96 0.78
  47   55 0.75
  39   86 0.20

   3   50 0.24
  11   20 0.86
  37   37 0.89
  55   86 0.76
   0   56 0.63
   0   59 0.21
  54  101 0.06
  12   87 0.30
  14   22 0.43
  20   26 0.86
  53   92 0.67
  52   65 0.39
  54   97 0.41
  53   61 0.52
  36   90 0.43
  41   62 0.60
  28   46 0.24
  24   65 0.08
  21   79 0.63
  43   53 0.29
  14   61 0.58
  54   58 0.13
   9   76 0.13
  29   36 0.09
  24   32 0.75
  18   42 0.66
  40   44 0.73
  38  117 0.51
  51   90 0.81
  10   69 0.84
   9   88 0.29
  33   54 0.05
  15   25 0.93
  42   97 0.40
   4   51 0.80
   7   22 0.79
  29   53 0.42
   7   62 0.21
  29   65 0.18
  43   70 0.47
  49   57 0.43
   3   64 0.33
  43   70 0.03
   7   22 0.78
  23   84 0.90
  28   34 0.81
   1    5 0.65
  14   76 0.02
   5   47 0.86
  42   55 0.87

  36   46 0.38
  26   33 0.34
  41  108 0.45
  41   60 0.40
  14   80 0.60
  38  112 0.73
  51   51 0.47
  28   35 0.97
   9   18 0.47
  47  119 0.27
   5   46 0.14
  43   97 0.13
  23   41 0.37
  31   58 0.85
  26   28 0.78
  55  129 0.40
  17   61 0.21
  50  113 0.92
   4   43 0.19
  19   43 0.39
  22   44 0.19
  37  112 0.04
  34   69 0.45
  37  102 0.61
  38   89 0.13
   3   86 0.86
  49  122 0.88
  38   79 0.45
  14   15 0.65
  26   50 0.90
  33   80 0.13
  14   75 0.87
  30   95 0.42
  30  106 0.61
  10   89 0.67
  52   59 0.23
  25   47 0.88
  13   90 0.46
   8   27 0.61
  13   41 0.72
  12   30 0.81
   4   80 0.08
  44  112 0.71
  35  118 0.38
  34  117 0.92
  40  123 0.48
  29   63 0.96
   8   66 0.71
  30   76 0.47
  39   50 0.43

   6   48 0.55
   3   35 0.47
  41   98 0.44
  32  102 0.26
  25   77 0.22
  10   15 0.41
  14   54 0.20
  48  113 0.41
  19   77 0.55
  41   54 0.92
   4   61 0.69
  30   78 0.29
   9   14 0.75
  19   29 0.10
  20   74 0.20
  34   76 0.58
   3   10 0.48
  23   89 0.32
   3   73 0.49
  26   81 0.80
  55  115 0.26
   5   25 0.99
  32   47 0.18
  37   68 0.44
  25   38 0.58
  32   74 0.82
   1   73 0.82
  37   54 0.41
  24   31 0.37
  46  120 0.52
  50   89 0.47
  30   62 0.32
  43  119 0.39
  31   42 0.67
  23   40 0.94
  44   65 0.65
  45   57 0.20
  27   79 0.81
  36   52 0.26
  37  114 0.39
  39   88 0.71
  55   79 0.90
  10   66 0.30
  34   43 0.11
   5    8 0.18
  33   89 0.27
  36   41 0.63
  36   40 0.16
  43   97 0.00
  26   86 0.82

  34   54 0.94
  28   88 0.58
  39   47 0.28
  43  126 0.55
  53  125 0.86
  44   87 0.03
  41   97 0.93
   4   54 0.89
  28   44 0.94
  45   56 0.42
  27   87 0.35
  34   54 0.39
  22  100 0.20
  49   86 0.74
  51   77 0.09
  23   58 0.13
  15   77 0.37
   2   84 0.33
   8   74 0.28
  22   31 0.62
  23   39 0.47
  34   78 0.18
  11   81 0.04
   7   35 0.28
  41   83 0.71
  53   92 0.96
   4   38 0.28
  48  127 0.47
  17   67 0.85
  52   74 0.73
   1   81 0.63
  37  116 0.14
  25   56 0.08
  28   76 0.89
  26   73 0.24
  33   86 0.19
  28   50 0.27
  23   69 0.63
  15   39 0.30
  30   47 0.92
   4   74 0.16
  41   96 0.21
   5   35 0.29
  42   68 0.93
   8   36 0.51
  45   67 0.62
  46  110 0.35
  19   50 0.84
  50   90 0.72
  33   52 0.70

