5 15 4
12   16   4   4  10   4  20  10  16   2  16   2  10

  29   46 0.18
  24   40 0.74
  16   34 0.71
  11   29 0.55
  22   38 0.83
  12   31 0.57
   0    5 0.71
  38   44 0.70
  26   35 0.68
  29   31 0.21
  36   40 0.38
  38   51 0.96
  15   34 0.15
   5   18 0.80
  13   22 0.26

   4   14 0.34
  12   19 0.07
  14   33 0.38
  36   40 0.46
  12   19 0.66
  40   45 0.07
  14   15 0.69
  29   39 0.58
  18   34 0.57
  30   37 0.84
  30   47 0.78
  14   27 0.80
  26   40 0.41
   4   22 0.62
  10   18 0.43

  37   45 0.78
  15   16 0.72
  32   47 0.19
   6   20 0.17
  37   50 0.39
  33   36 0.06
   4   18 0.13
  39   51 0.36
  13   14 0.53
  21   30 0.41
   1   18 0.09
  19   30 0.67
   1    4 0.94
  36   41 0.95
   0    8 0.60

   7   15 0.20
  33   44 0.45
  16   32 0.84
   7   13 0.25
  28   32 0.83
   1    7 0.84
  10   13 0.31
   4    7 0.51
  20   37 0.02
   6   14 0.73
  29   44 0.73
  34   43 0.81
  38   49 0.38
  37   57 0.98
   0   12 0.45

  35   50 0.79
  10   19 0.96
  28   29 0.72
  19   23 0.92
  10   15 0.20
  29   45 0.11
   1   15 0.94
  16   35 0.65
  39   42 0.85
  24   35 0.48
   0    0 0.85
  11   21 0.06
  40   44 0.75
  26   34 0.62
  36   45 0.11

  10   11 0.55
  16   27 0.12
  26   31 0.75
  35   53 0.12
  18   23 0.23
  19   21 0.50
   5   17 0.11
  20   38 0.13
  35   42 0.73
  28   34 0.05
  23   28 0.32
  24   36 0.96
   7   26 0.21
  26   37 0.31
  13   13 0.02

  33   40 0.52
  28   45 0.64
  32   41 0.21
  19   19 0.88
  17   30 0.22
  16   20 0.36
  32   40 0.31
   9   11 0.75
   5    6 0.43
  41   44 0.04
  15   24 0.51
  24   28 0.86
   7   26 0.71
  30   36 0.42
  33   38 0.31

  27   42 0.17
  41   57 0.17
  24   30 0.26
  11   16 0.29
  15   19 0.66
  21   32 0.07
  22   34 0.02
  17   28 0.39
  23   31 0.05
   5    9 0.89
  39   57 0.87
  36   38 0.70
  26   31 0.92
  15   20 0.54
  14   30 0.04

  28   47 0.94
  17   34 0.35
  17   17 0.35
  10   19 0.80
  30   35 0.75
   3   10 0.68
   1    5 0.48
  35   51 0.01
  10   26 0.55
  36   41 0.26
  12   29 0.55
   2    4 0.07
  14   21 0.32
  36   37 0.53
  13   26 0.26

  36   47 0.17
   0    0 0.59
   1   10 0.81
   9   21 0.31
  13   14 0.94
  25   32 0.02
  37   48 0.65
  16   23 0.18
  35   42 0.99
  41   52 0.34
   4   19 0.14
  37   44 0.59
  16   22 0.73
   7   26 0.53
   0    5 0.61

  10   16 0.54
   4   23 0.50
  40   40 0.46
  26   28 0.96
  13   25 0.35
  19   28 0.55
  22   37 0.05
   1   15 0.31
  15   15 0.42
  20   31 0.79
   4   16 0.45
  20   24 0.11
  29   34 0.62
   1   11 0.93
  41   59 0.83

  32   41 0.70
  17   31 0.12
   4   20 0.56
  15   18 0.33
  16   23 0.30
  20   36 0.74
  15   19 0.89
  22   24 0.59
   2    2 0.27
   0    7 0.45
   9   21 0.17
  27   40 0.34
  19   28 0.54
  31   45 0.73
  26   41 0.07

