3 60 8
3   16   2  16

   4   51 0.07
  14   68 0.57
   7   22 0.46
   2    4 0.61
  20   60 0.55
   8   22 0.05
   2   16 0.54
  11   36 0.05
   7   42 0.70
  19   49 0.05
  16   42 0.53
  14   48 0.26
   3   61 0.33
   0   15 0.84
   7   19 0.54
  18   80 0.00
  18   39 0.96
  12   37 0.74
  15   59 0.81
   4   36 0.38
   5   53 0.78
  19   78 0.87
   2   64 0.78
  20   79 0.28
   5   49 0.28
  11   32 0.61
  11   22 0.56
   0   48 0.44
   7   59 0.98
   1   11 0.64
   5    5 0.15
  20   48 0.40
   4   51 0.54
   5   59 0.45
  19   24 0.45
  16   63 0.49
  19   21 0.79
  15   37 0.14
  10   72 0.26
  16   19 0.95
   7   54 0.62
  10   38 0.56
  18   56 0.78
  17   29 0.88
  18   27 0.38
  16   39 0.65
  15   46 0.59
  12   46 0.25
  14   69 0.65
   0   53 0.96
  12   41 0.73
   6   64 0.33
  10   20 0.37
  20   30 0.06
   4   31 0.61
  18   62 0.12
   4   14 0.93
   3   34 0.07
   1   46 0.62
  10   24 0.59

   5   18 0.21
  11   14 0.06
   4   35 0.30
  13   14 0.45
   1   63 0.40
   3   52 0.40
   2   38 0.93
  12   23 0.79
  16   64 0.32
   2   50 0.30
   6   63 0.06
   9   40 0.90
   5   65 0.38
   9   71 0.89
   9   47 0.87
   1   29 0.65
   0   55 0.39
   7   69 0.86
   4   20 0.14
  11   72 0.09
  18   20 0.06
  19   35 0.47
  14   55 0.72
  14   17 0.41
  12   70 0.66
  14   61 0.69
   5   12 0.57
  20   41 0.16
  16   52 0.51
   5   43 0.70
   3   18 0.56
  12   31 0.25
   0    1 0.65
   3   20 0.93
   8   45 0.09
  11   15 0.57
  18   51 0.97
   2   42 0.52
   9   32 0.84
  19   32 0.59
   1    7 0.83
  10   72 0.97
  17   28 0.72
   7   65 0.89
   2   30 0.19
  15   64 0.17
  19   55 0.80
   0   12 0.02
   8   40 0.07
   0    9 0.37
  20   42 0.57
  11   41 0.55
   2   41 0.69
  12   22 0.90
   6   56 0.21
  19   68 0.78
   4   55 0.21
  13   32 0.15
  12   17 0.30
   7   17 0.56

   8   17 0.85
  12   55 0.68
  10   55 0.38
  20   82 0.42
  11   47 0.68
  13   14 0.25
   5   63 0.94
  17   17 0.43
  15   17 0.56
   6   58 0.32
   5   26 0.17
  17   75 0.12
   0   17 0.72
   9   63 0.52
  14   32 0.83
   2   50 0.89
  10   25 0.25
   7   44 0.66
  18   35 0.26
   6   41 0.18
  14   55 0.91
   4   22 0.97
  17   29 0.07
  15   56 0.32
   7   68 0.63
   8   59 0.61
   1    2 0.04
  20   51 0.45
  19   67 0.98
   3   49 0.07
  16   31 0.73
  11   67 0.13
   9   32 0.77
   6   46 0.63
  11   25 0.13
  13   61 0.60
  10   67 0.55
  15   61 0.94
   0   11 0.51
   1   21 0.08
   1   18 0.42
  10   69 0.35
   5   20 0.61
   4   10 0.43
   8   13 0.55
   0   30 0.53
   1   55 0.55
   2   57 0.53
   1   25 0.96
  18   66 0.98
   5   27 0.63
  10   33 0.90
  15   39 0.55
  17   25 0.70
  11   26 0.05
  13   17 0.75
  20   40 0.95
  16   19 0.03
  19   23 0.06
  12   67 0.22

