5 25 8
12   16  10  20  10  10  10  20  16  10   4  10  10

   3   20 0.48
   7   16 0.92
   6   40 0.78
   1   25 0.06
   0   43 0.27
  16   58 0.90
   5   23 0.04
   6   49 0.72
  18   36 0.44
  15   35 0.13
   2   25 0.90
  12   51 0.58
  10   22 0.19
   1   41 0.31
  16   36 0.65
   8   22 0.11
  11   54 0.69
  18   57 0.06
   0   28 0.38
  11   51 0.20
  19   51 0.53
  16   57 0.02
   3   30 0.91
   6   24 0.76
  20   28 0.89

  10   11 0.14
  15   27 0.80
  12   52 0.64
   0   32 0.45
  16   58 0.91
   1   15 0.68
  16   46 0.34
   4   28 0.44
   1   30 0.96
   8   23 0.14
  12   52 0.25
  12   16 0.84
  19   33 0.52
   7   43 0.76
  15   22 0.99
  20   50 0.91
  21   55 0.94
   0   14 0.82
  11   49 0.46
  13   57 0.89
   0   42 0.45
  13   32 0.46
  20   34 0.59
  20   56 0.20
   7   49 0.07

   6   48 0.75
  18   58 0.41
  14   34 0.58
   3   27 0.97
  16   39 0.26
   0    0 0.93
  14   48 0.67
   0   29 0.83
   8   42 0.37
   6   26 0.82
  16   44 0.23
  12   41 0.76
  12   25 0.66
  12   26 0.90
   0   32 0.77
   1   31 0.25
  14   52 0.51
   6   26 0.78
  11   44 0.88
   8   16 0.39
  11   41 0.76
  14   21 0.31
  18   55 0.45
  14   42 0.02
  10   21 0.08

  20   26 0.54
  17   29 0.42
  19   46 0.32
  21   27 0.96
  10   30 0.58
   2   27 0.77
  20   28 0.53
   4   23 0.89
  17   59 0.56
  14   51 0.52
   1   30 0.32
   5   16 0.21
  15   35 0.18
   8   32 0.12
   5   14 0.47
  17   41 0.44
   0   31 0.51
   6    8 0.12
   8   41 0.99
  16   32 0.87
  16   20 0.58
   2   19 0.20
   8   27 0.83
  15   36 0.44
   1   36 0.97

  16   22 0.49
  19   19 0.17
   3   38 0.96
  20   42 0.57
  17   44 0.71
   5   15 0.80
  18   33 0.54
  21   55 0.99
   4    7 0.01
  17   55 0.00
  21   51 0.93
   6   48 0.17
   3   34 0.00
   5   28 0.64
   5   26 0.00
  15   18 0.01
   5   45 0.82
  14   54 0.95
   3   10 0.39
  14   27 0.53
  19   25 0.97
  19   26 0.13
   9   26 0.37
   5    6 0.72
   0   33 0.87

  20   46 0.75
  15   44 0.61
   9   41 0.05
  17   33 0.92
  20   31 0.09
  16   36 0.82
   1   35 0.18
   0   40 0.83
   1   43 0.66
  16   51 0.39
   0   26 0.87
  15   26 0.84
  10   33 0.37
  17   55 0.66
  19   30 0.63
   4   47 0.26
  14   48 0.06
  14   22 0.19
  10   37 0.30
   4   33 0.39
   7   27 0.95
   2   43 0.23
  21   22 0.84
  16   18 0.29
   9   14 0.93

  19   20 0.58
   4   38 0.85
  15   18 0.12
  19   52 0.27
   7   42 0.10
  13   28 0.18
  14   29 0.28
   8   31 0.33
   4   46 0.61
  15   29 0.55
   5   38 0.05
  10   12 0.07
   4   29 0.77
   9   18 0.89
  14   40 0.04
   3   47 0.15
   8    9 0.86
  20   64 0.90
   8   16 0.52
  17   60 0.13
  11   28 0.21
  15   54 0.75
  12   34 0.17
   5   10 0.86
   2   23 0.71

  10   20 0.86
   4   38 0.64
   3   22 0.67
  14   44 0.40
   3   23 0.89
  11   46 0.12
  21   42 0.79
   6   47 0.96
  21   39 0.30
  20   25 0.03
  10   43 0.58
  18   56 0.85
   8   20 0.03
   3   16 0.16
  21   62 0.20
   6   46 0.39
   8   52 0.24
  19   48 0.56
  16   36 0.14
  12   21 0.73
   3   13 0.30
  14   33 0.34
  15   22 0.12
   8   31 0.30
   8   49 0.27

  18   35 0.64
   9   11 0.51
  15   48 0.18
   9    9 0.36
   2   36 0.71
  17   33 0.27
  14   53 0.57
  14   33 0.62
   3   36 0.98
   4   17 0.99
   8   15 0.21
   7   31 0.04
   1    7 0.19
  15   21 0.92
  15   50 0.86
   8   19 0.60
  12   30 0.01
   0    3 0.49
  17   31 0.47
   7   22 0.49
   4   27 0.70
  14   27 0.65
   0   40 0.27
   6   34 0.88
  19   57 0.24

   1   38 0.66
  14   19 0.38
   9   28 0.02
  21   41 0.64
  20   49 0.84
   5   11 0.40
   1   33 0.12
  21   48 0.95
  16   51 0.87
   7   38 0.95
  15   19 0.20
  17   58 0.27
   0   35 0.34
  16   43 0.96
   2   12 0.92
   2   17 0.50
  21   29 0.76
  11   27 0.35
   5   29 0.30
  18   29 0.42
   4   11 0.49
  17   29 0.04
   7   28 0.35
   7   31 0.59
   6   24 0.05

  10   18 0.40
  10   43 0.82
  11   14 0.10
  16   32 0.44
  15   29 0.32
  20   56 0.07
   7   48 0.45
  11   36 0.62
  17   19 0.39
   0   44 0.39
  13   30 0.19
  18   23 0.07
  14   28 0.35
  21   50 0.87
  10   25 0.37
   9   21 0.94
  18   18 0.06
  17   23 0.77
  14   39 0.57
  16   60 0.22
  11   51 0.86
   9   31 0.70
  11   11 0.79
  10   23 0.82
   8   32 0.78

  16   17 0.01
   9   36 0.42
  18   26 0.18
  16   49 0.70
  20   32 0.07
  20   53 0.80
  13   41 0.97
  20   52 0.40
   6   33 0.40
  17   26 0.96
   3   33 0.16
  19   51 0.08
   8   38 0.37
   0   10 0.43
   9   33 0.03
  14   19 0.01
  19   40 0.14
   2   41 0.62
   4   15 0.43
  20   41 0.06
   0   32 0.50
  16   48 0.07
   9   50 0.44
   3   39 0.09
   1   10 0.30

