3 50 4
6   16  20   2   2   2   4

   1   28 0.95
  44   56 0.28
  73  108 0.06
  84  108 0.56
  41   58 0.95
  29   50 0.86
  36   78 0.67
  53   71 0.97
  65   91 0.46
  77   96 0.96
   9   51 0.97
  69   92 0.44
  80   92 0.11
  45   52 0.22
   6    8 0.78
  17   52 0.28
  75  112 0.79
  39   75 0.73
  65  110 0.05
  38   84 0.50
  18   59 0.94
  19   45 0.01
  64   92 0.89
  63   79 0.74
  47   63 0.05
  63   89 0.07
  68  100 0.89
  33   36 0.64
  36   40 0.72
  18   23 0.90
   6    8 0.96
  56   76 0.47
  48   93 0.74
  91  131 0.70
  29   44 0.55
  79  125 0.57
  36   51 0.78
  51   55 0.09
  81   93 0.37
  82  123 0.75
  54   84 0.51
  58   85 0.95
  86   91 0.47
  85  127 0.15
  67   77 0.98
  63  105 0.72
  17   61 0.52
  66   82 0.31
  76   80 0.10
  77  109 0.93

  16   36 0.91
   2   36 0.80
  34   65 0.16
  75  111 0.11
  11   39 0.91
  69   82 0.68
  74   79 0.97
  86  113 0.72
  30   41 0.78
   3   10 0.47
  86  119 0.57
  60   95 0.06
  82  109 0.61
  23   52 0.64
  52   94 0.14
  93  126 0.49
  37   56 0.07
  41   77 0.03
  28   55 0.25
  50   84 0.63
  75   76 0.65
  21   60 0.90
  39   63 0.11
  77  101 0.35
  33   79 0.18
  44   71 0.05
  57   94 0.27
  19   48 0.76
  61   67 0.38
  28   44 0.73
  40   59 0.89
   1   16 0.62
  83  118 0.28
   8   38 0.84
  73  101 0.10
  17   57 0.93
  27   70 0.47
  64   77 0.26
  79   96 0.52
  27   64 0.97
  80  104 0.64
   8   12 0.14
  52   62 0.84
  83   99 0.68
  50   67 0.78
  40   86 0.08
   6   46 0.39
  63  107 0.59
   2   18 0.83
  46   66 0.74

  90  108 0.72
   0   24 0.55
  84  124 0.03
  55   87 0.37
  58   86 0.34
  11   28 0.63
  77   93 0.57
  40   74 0.38
  88  127 0.90
  24   51 0.18
  48   92 0.21
  94  107 0.77
  94   95 0.51
  88  105 0.94
  88  103 0.67
  42   58 0.69
  28   59 0.01
  73   82 0.84
  71   94 0.13
  42   83 0.44
   2   19 0.70
  71  114 0.65
  47   82 0.08
  18   30 0.64
  62   81 0.14
   7   44 0.41
  74  110 0.52
  53   53 0.54
   1   24 0.22
  82   89 0.98
  77   93 0.61
  88  104 0.02
  55   92 0.25
  81  126 0.84
  59   71 0.43
  56   99 0.17
  34   78 0.42
  80   80 0.70
  15   36 0.74
   7   17 0.23
  69  106 0.48
   2   18 0.76
  19   60 0.19
  37   71 0.07
  82   84 0.41
  22   50 0.43
  35   81 0.86
  22   23 0.27
  35   70 0.41
  83   92 0.48

  15   27 0.49
  36   59 0.91
  44   59 0.32
  74  103 0.09
  90  121 0.28
  12   39 0.81
  72  101 0.71
  44   87 0.49
  62   87 0.57
  64   81 0.83
  14   48 0.51
  74  100 0.15
  13   45 0.82
  19   27 0.40
  66   86 0.21
  82   85 0.45
   8   20 0.17
  65   95 0.28
  74   90 0.04
  76  107 0.93
  93  107 0.64
  89  115 0.55
  29   71 0.89
  59   69 0.56
  23   44 0.33
  10   43 0.28
  22   66 0.90
  76  122 0.14
  85  126 0.80
  87  113 0.38
  82  120 0.17
  73  118 0.77
  55   71 0.95
  89  132 0.01
  17   38 0.66
  45   47 0.37
  72  103 0.01
   3   29 0.70
  91  117 0.10
  26   51 0.48
  11   38 0.47
  81  110 0.78
   9   28 0.29
  30   52 0.66
  89  116 0.39
  88  107 0.96
  37   42 0.63
  81  101 0.96
  10   28 0.33
   7   44 0.13

  93  122 0.43
  28   31 0.80
  50   65 0.51
  63   95 0.14
  28   54 0.04
  40   72 0.91
  29   33 0.00
  46   69 0.07
  25   50 0.76
  38   57 0.18
  60   81 0.09
  32   62 0.67
  90  125 0.82
  90  123 0.59
   5   42 0.91
  23   53 0.17
  27   34 0.83
  47   62 0.05
  83   86 0.60
  45   80 0.90
  64   88 0.55
  66   93 0.18
  49   81 0.76
  63   96 0.91
  46   63 0.09
  73   97 0.55
  73  104 0.82
  77   93 0.60
   2   42 0.85
  71  107 0.19
  81  120 0.40
  79  113 0.77
  71  117 0.93
  11   17 0.59
  67   99 0.11
  46   82 0.69
   2   29 0.50
  61   85 0.45
  17   42 0.67
  45   80 0.84
  88  101 0.91
   7   38 0.49
  59   87 0.85
  37   65 0.33
  19   32 0.51
  65   84 0.73
  77  122 0.26
  20   27 0.48
  63   82 0.43
  84   90 0.77

   4    7 0.95
   8   51 0.17
  77  116 0.27
   5   17 0.02
  15   39 0.14
  58   90 0.14
  82  102 0.26
   4   47 0.61
  84  128 0.57
  19   54 0.78
  47   87 0.55
  47   51 0.26
  62  103 0.56
  67   81 0.66
  11   38 0.06
  77   98 0.34
   4   33 0.48
  69   78 0.74
  84  110 0.78
  55   66 0.74
  80   98 0.49
  91  100 0.00
  30   68 0.13
  45   61 0.77
  43   67 0.80
  45   55 0.41
  68   81 0.77
  48   56 0.33
  15   28 0.22
  44   53 0.72
  94   94 0.24
  31   70 0.97
  57   91 0.88
  77  102 0.84
  51   87 0.82
  67  105 0.69
  62   80 0.63
  90  116 0.72
  48   50 0.65
  58   86 0.45
  17   19 0.26
  41   49 0.13
  89  103 0.70
   3   32 0.27
   6   10 0.78
  32   50 0.95
  70   88 0.15
  16   53 0.52
  72   92 0.22
  87   98 0.40

