5 20 8
12   20   4  10   4   2   4   4  10  10  20  10  16

  20   44 0.68
   7   13 0.76
  19   59 0.99
  26   40 0.00
  23   64 0.79
  19   29 0.16
  24   47 0.13
   8   28 0.09
  20   37 0.55
  12   39 0.76
   3   22 0.32
  16   35 0.50
  13   33 0.12
  24   42 0.00
  24   54 0.82
  12   40 0.92
   1   18 0.70
   1   39 0.61
   9   11 0.14
   5   17 0.14

  22   36 0.07
  25   41 0.83
   6   45 0.54
  19   43 0.80
  26   44 0.84
   7   46 0.19
  26   51 0.48
   2   35 0.65
  20   39 0.66
  14   28 0.30
  19   25 0.81
  12   32 0.08
  17   18 0.99
  10   25 0.66
  25   54 0.61
  20   39 0.99
  26   33 0.03
  27   60 0.80
   9   33 0.81
  23   56 0.88

  15   52 0.80
  18   29 0.37
  16   23 0.81
  26   53 0.58
  14   23 0.58
  15   41 0.10
  22   32 0.46
   7   47 0.63
  16   37 0.71
  25   48 0.26
   9   34 0.16
  19   27 0.02
  20   28 0.31
  13   51 0.62
  20   60 0.11
   4   45 0.82
  27   45 0.22
   6   16 0.55
  16   16 0.59
  18   26 0.28

  22   22 0.42
  23   37 0.93
  25   28 0.49
   8   12 0.46
  18   24 0.55
  22   49 0.20
  17   46 0.36
   4   41 0.04
  20   24 0.48
   0    8 0.35
  15   54 0.93
  27   56 0.40
  20   24 0.20
  21   55 0.22
  13   20 0.21
  15   35 0.77
   0   25 0.54
  26   50 0.01
   6   22 0.04
   5   36 0.09

  12   49 0.57
  24   39 0.55
  22   36 0.86
   3   37 0.63
  17   20 0.67
  22   52 0.64
   7    8 0.12
   1   30 0.74
  21   22 0.35
   2    6 0.69
  26   59 0.38
  14   30 0.50
   6    6 0.56
  21   33 0.62
   9   30 0.71
  22   29 0.70
   7   16 0.76
   9   15 0.91
   7   10 0.56
  26   34 0.80

  21   27 0.70
  19   24 0.02
  17   30 0.93
   8   45 0.29
  18   26 0.60
  24   34 0.00
  18   53 0.32
  19   32 0.37
  19   19 0.92
   4    6 0.85
  25   62 0.64
  21   34 0.26
   0   25 0.96
  21   56 0.18
   1    9 0.22
  24   61 0.34
   5   34 0.72
   1   28 0.01
   6   41 0.73
  27   66 0.94

  26   35 0.51
  26   40 0.02
  11   45 0.07
  14   14 0.81
  14   32 0.81
  21   55 0.57
  25   42 0.46
   7   43 0.74
  20   30 0.27
  18   50 0.26
   1   42 0.53
   1    4 0.29
  26   48 0.31
   7   22 0.49
  19   59 0.68
   5   32 0.71
  27   50 0.39
  16   27 0.78
   2   10 0.22
  12   48 0.08

  11   47 0.29
  13   17 0.87
   7    7 0.13
   1   38 0.02
  24   42 0.77
  16   55 0.80
  26   44 0.82
   0   21 0.88
  12   12 0.44
   1   32 0.35
  14   41 0.86
  21   41 0.44
  17   37 0.87
  19   19 0.22
   8   21 0.56
  17   52 0.75
  23   30 0.91
   1    9 0.76
  14   39 0.15
  18   32 0.40

  17   17 0.55
  13   38 0.78
  14   29 0.83
   2    9 0.65
  17   24 0.29
   8   12 0.59
   6   14 0.84
  27   55 0.46
   6    6 0.45
   7    9 0.90
  17   18 0.91
   9   18 0.32
  16   43 0.23
  25   61 0.51
  27   31 0.48
   7   33 0.49
  20   28 0.74
  13   51 0.40
  12   36 0.91
   5   40 0.75

   6    8 0.50
  18   35 0.03
  23   54 0.90
  21   62 0.42
  13   18 0.74
   8   29 0.00
  25   66 0.67
  25   50 0.30
  18   57 0.68
  24   24 0.38
  19   57 0.66
  17   19 0.42
  26   29 0.61
  19   25 0.95
  12   47 0.29
  10   46 0.74
  24   25 0.32
  23   34 0.32
  18   23 0.19
   2   40 0.87

  11   32 0.91
  11   20 0.40
   5   12 0.02
  17   46 0.60
  14   26 0.77
   1    7 0.32
  21   23 0.45
  16   49 0.03
  16   47 0.50
  25   43 0.64
   0   22 0.29
  20   30 0.53
  27   47 0.23
  20   50 0.32
  16   52 0.02
  17   46 0.02
  12   44 0.00
  17   34 0.37
   5   24 0.85
  24   37 0.17

  13   25 0.96
  11   23 0.73
  17   48 0.31
  14   16 0.11
   3   16 0.00
  11   20 0.56
  16   19 0.09
   6   23 0.82
  13   51 0.42
  23   60 0.49
  18   18 0.62
  22   47 0.16
  13   53 0.40
  12   41 0.61
  27   35 0.49
   1   28 0.16
  25   25 0.88
   8   19 0.39
  10   26 0.60
   3   12 0.56

