4 15 8
12    2   4   2  10   4   4   4  10  20  16  16   4

  31   33 0.47
  28   28 0.24
  23   30 0.28
  13   13 0.50
  24   29 0.44
   5    7 0.04
  19   26 0.31
  32   39 0.40
   3   12 0.13
  21   21 0.38
  28   36 0.20
  10   13 0.57
   5    9 0.70
   1    6 0.72
  13   13 0.73

   6   15 0.54
  31   37 0.60
   0    7 0.55
   0    1 0.80
  11   20 0.36
  10   14 0.52
   1    5 0.10
  19   27 0.10
  10   19 0.14
  13   16 0.11
  29   29 0.90
  25   27 0.22
  28   35 0.20
  26   36 0.12
  24   24 0.17

  23   29 0.54
  32   39 0.10
  24   34 0.57
  30   38 0.75
  20   20 0.07
   2    3 0.50
  23   27 0.61
  20   20 0.93
  31   36 0.72
  20   30 0.59
  31   36 0.56
  15   15 0.30
  25   30 0.50
  12   21 0.10
   5    8 0.51

   3    7 0.84
  29   38 0.61
  32   37 0.94
   0    2 0.74
  23   25 0.12
  20   30 0.30
  32   39 0.90
   7   16 0.16
   6   16 0.90
   9   11 0.66
  12   15 0.58
  16   21 0.74
  30   40 0.39
  31   40 0.58
  21   24 0.67

   0    6 0.39
  24   30 0.54
  28   36 0.89
   9   15 0.63
  31   41 0.50
  19   29 0.04
  21   23 0.86
  23   28 0.01
  27   32 0.16
  11   14 0.80
  18   25 0.63
  32   37 0.68
  24   34 0.40
   2   11 0.55
   0    7 0.85

  22   26 0.42
  14   15 0.89
  29   33 0.36
  19   29 0.17
  17   25 0.54
  31   31 0.15
  32   41 0.35
  28   32 0.54
  22   24 0.77
  14   24 0.29
  15   25 0.94
  27   37 0.45
   6   13 0.82
   3    3 0.94
   5   10 0.53

  32   41 0.66
  18   26 0.05
  24   34 0.30
  19   20 0.07
   5    6 0.64
   8   16 0.46
  18   26 0.78
   5    7 0.43
  22   27 0.15
  10   16 0.01
  13   17 0.14
  32   32 0.52
   7   13 0.00
  13   22 0.48
  17   22 0.66

  15   24 0.08
   7   16 0.96
  13   14 0.19
   7   15 0.91
   5   11 0.48
  25   27 0.45
  19   20 0.64
  15   19 0.12
  14   15 0.57
  26   28 0.90
  20   20 0.48
  24   29 0.13
  21   25 0.24
  27   27 0.34
   1    4 0.29

  17   26 0.63
  17   24 0.75
   5    7 0.15
  13   22 0.41
   6   13 0.61
  19   28 0.19
  10   13 0.23
   6   10 0.61
   4   12 0.45
  20   29 0.62
  29   33 0.11
   8   17 0.89
  25   31 0.30
   8    9 0.14
  15   20 0.62

  32   40 0.44
  28   33 0.21
  16   20 0.17
   9   17 0.21
   9   15 0.55
  24   32 0.70
  28   38 0.91
  20   30 0.97
  32   38 0.07
  30   39 0.44
  12   18 0.77
  23   24 0.96
  11   21 0.63
  32   38 0.60
  19   19 0.56

  23   33 0.32
  32   36 0.03
  17   26 0.62
  20   24 0.18
  31   37 0.69
  19   28 0.54
  19   21 0.12
  10   14 0.87
  28   38 0.89
  11   19 0.06
  24   31 0.72
  19   27 0.22
  25   25 0.13
  13   16 0.13
   6    9 0.05

   2   11 0.53
  22   27 0.70
  29   37 0.50
  23   29 0.13
  17   18 0.43
  10   10 0.18
   8   16 0.69
   3    4 0.04
   3   13 0.86
  32   32 0.68
  14   18 0.91
   3    6 0.44
  24   25 0.92
   7   13 0.29
   0   10 0.22

