3 60 8
3   10  20  10

  11   25 0.61
  60   71 0.57
  56   75 0.48
  66   68 0.75
  68   95 0.48
  43   75 0.91
  12   51 0.04
   6   25 0.73
  23   32 0.55
  21   29 0.85
   8   26 0.32
  21   37 0.44
  29   74 0.08
  63   99 0.13
   3   14 0.72
  17   38 0.81
  68   80 0.41
  65  102 0.94
  60   67 0.80
  34   54 0.76
  53   67 0.82
  71  101 0.44
  65  101 0.87
  64  105 0.01
  43   44 0.14
  65   82 0.63
  52   56 0.35
  13   55 0.92
  21   34 0.92
  68   95 0.57
  40   89 0.65
  53   66 0.84
  13   33 0.35
  54   78 0.23
  12   13 0.51
  57   61 0.72
  59   91 0.92
  17   24 0.02
  38   46 0.01
  61   83 0.42
  49   63 0.59
  44   71 0.91
  37   63 0.56
  44   46 0.40
   0   12 0.23
  35   84 0.64
   5   44 0.88
  55   86 0.49
  62   93 0.90
  17   53 0.36
  55   67 0.91
  37   45 0.22
  70   91 0.13
  13   60 0.22
  50   74 0.23
  17   55 0.92
  72   76 0.48
  59   62 0.53
  73   96 0.21
  68  113 0.52

   2   32 0.49
  63  110 0.34
  66   98 0.51
  31   50 0.93
  27   39 0.37
  33   47 0.77
   2   10 0.68
  11   54 0.84
  34   74 0.79
   1   40 0.28
   8   23 0.33
  15   29 0.22
  38   41 0.08
  40   72 0.51
  66  115 0.50
  31   35 0.98
  29   56 0.72
  22   35 0.41
  24   52 0.06
   0   42 0.13
  60   72 0.27
  39   40 0.67
  63   96 0.44
  51   76 0.31
  73   87 0.02
  19   46 0.90
  24   45 0.18
  69  104 0.98
  66  111 0.79
  55  103 0.92
  24   61 0.34
   0   29 0.73
  20   40 0.83
  67   71 0.16
  72   76 0.79
  61  100 0.18
  59  106 0.39
  34   58 0.30
  37   38 0.50
  37   55 0.68
  13   30 0.69
  14   25 0.53
  20   23 0.81
  23   48 0.40
  14   57 0.04
  52   68 0.44
  46   64 0.68
  48   78 0.89
   0    4 0.73
  50   51 0.10
  70   78 0.14
  16   61 0.37
  10   15 0.48
  32   38 0.74
  71  113 0.97
  25   65 0.99
  68  103 0.78
  29   55 0.45
  72   78 0.41
   3   12 0.98

  38   79 0.80
  41   45 0.85
   9   24 0.55
  22   30 0.56
  61   86 0.65
  64   82 0.70
  70   82 0.73
  30   59 0.55
  68   80 0.96
   2   33 0.12
  55   64 0.36
  13   56 0.98
  64   89 0.85
  62   68 0.85
  38   55 0.37
   0   30 0.56
  26   66 0.25
  51  100 0.95
  16   41 0.81
  47   60 0.73
  67   97 0.50
  45   67 0.04
  71  116 0.76
  13   25 0.22
  23   33 0.00
  33   49 0.20
  44   66 0.03
   5   10 0.46
  55   67 0.97
  43   82 0.79
  46   66 0.37
  73  109 0.73
   8   14 0.07
  67   87 0.76
   5   31 0.18
  31   67 0.52
   6   49 0.32
  13   35 0.26
  30   66 0.01
  24   32 0.77
  38   48 0.81
  38   87 0.89
  65  108 0.56
   7   11 0.36
  37   69 0.52
   1   11 0.99
   4   18 0.66
  57   92 0.39
  69   92 0.31
  63   79 0.72
  35   66 0.57
  59   77 0.31
  71   87 0.88
  23   62 0.15
  52  101 0.28
  36   43 0.03
  20   59 0.11
  17   47 0.14
  42   65 0.75
  63   79 0.77

