4 20 8
12    4   4  10  10  20  10   4   4  16   2   4   2

  11   30 0.42
  23   23 0.58
  10   27 0.45
  18   28 0.61
  22   23 0.95
  25   46 0.38
   9   29 0.64
   6   21 0.88
  23   33 0.37
   4   14 0.65
  27   38 0.89
  23   45 0.33
   5   19 0.24
   6   20 0.52
   5    6 0.92
  26   50 0.77
  21   33 0.91
   7    7 0.81
   7   11 0.11
  13   21 0.75

  26   30 0.17
   3   23 0.60
  24   38 0.73
  14   22 0.47
  10   32 0.89
   9   33 0.71
  13   38 0.28
   3    9 0.81
  26   42 0.71
  20   37 0.81
  23   23 0.44
  20   37 0.69
   7   13 0.12
  25   51 0.98
  14   16 0.46
  24   48 0.85
  26   46 0.37
   2    3 0.59
   8   27 0.07
  12   25 0.29

  18   38 0.87
  21   21 0.60
   5    9 0.57
   1    7 0.59
   8   21 0.93
  20   34 0.22
  24   35 0.47
   5   18 0.48
  10   29 0.27
  16   42 0.03
   3   26 0.40
   8    9 0.70
   3   15 0.42
  24   48 0.02
  23   41 0.22
   7   11 0.74
  18   32 0.00
  12   30 0.43
  23   47 0.87
   8   27 0.00

   9   36 0.34
   9   13 0.47
   5   22 0.12
   8   19 0.37
  21   39 0.28
  15   18 0.12
  24   31 0.92
  14   28 0.32
  15   38 0.20
  13   31 0.05
   8    9 0.68
   9   22 0.21
   9   13 0.45
  12   19 0.39
  12   15 0.37
   0    3 0.94
   1   18 0.77
   2    7 0.91
   3   29 0.45
  23   26 0.55

  21   23 0.57
  25   40 0.10
   9   20 0.66
  17   30 0.00
   0   27 0.77
  15   39 0.65
  19   19 0.16
   1   28 0.76
   5   22 0.64
  24   27 0.55
   1   19 0.10
  26   36 0.92
  22   45 0.37
  15   29 0.24
  26   51 0.94
  23   41 0.65
  23   41 0.34
   8   21 0.20
  25   41 0.40
  14   25 0.67

  15   24 0.88
   2    2 0.35
   2   12 0.41
  19   43 0.51
   2   26 0.56
   3   13 0.86
  23   36 0.24
   7   29 0.46
  24   31 0.77
   1   13 0.90
   1    8 0.42
  18   35 0.66
  21   47 0.74
  12   29 0.68
   7   30 0.34
  22   43 0.61
  10   21 0.57
  12   34 0.24
  13   39 0.46
   5   21 0.72

   3   10 0.28
   9   18 0.51
  23   45 0.96
  21   23 0.10
   1    6 0.59
   4   22 0.07
  19   32 0.60
  22   28 0.41
  18   22 0.11
   4   10 0.25
   5    6 0.59
  25   40 0.12
   3   26 0.34
  13   29 0.41
  26   41 0.15
  15   41 0.11
  18   36 0.75
   8   32 0.36
  11   28 0.60
  20   38 0.15

   1   24 0.43
   0    1 0.47
  19   28 0.58
   8   20 0.53
  26   41 0.45
   3    9 0.14
  14   34 0.68
   1   17 0.01
   7   17 0.02
  24   33 0.24
   8   19 0.34
  19   19 0.26
  24   40 0.12
  12   27 0.58
  26   26 0.26
  13   21 0.33
   6   19 0.28
   6   12 0.61
   4   27 0.08
  26   32 0.25

  11   13 0.06
  24   44 0.44
  19   26 0.22
   2   21 0.81
  20   45 0.37
  19   31 0.85
   7   18 0.10
  13   27 0.33
  26   42 0.86
  18   45 0.74
   3   27 0.31
  25   45 0.89
  16   37 0.49
   3   24 0.59
   4    9 0.37
  18   37 0.32
   0    0 0.70
   5   13 0.79
  13   21 0.00
  23   38 0.96

  17   38 0.53
  22   38 0.73
  25   49 0.62
   7    9 0.74
  24   32 0.73
  24   41 0.84
  10   35 0.24
  18   30 0.60
  22   29 0.61
   0    1 0.13
  16   34 0.67
   4    7 0.86
  20   45 0.75
  19   28 0.44
   3   27 0.56
  11   34 0.77
  16   23 0.65
   3   20 0.52
  18   28 0.37
  12   20 0.25

   0   20 0.18
  22   32 0.99
  20   45 0.97
  23   34 0.16
   2   15 0.23
   6   10 0.22
   5   11 0.87
  12   27 0.92
  27   34 0.85
  27   28 0.33
   1   19 0.42
  20   46 0.78
  26   50 0.69
  18   23 0.74
  20   44 0.39
  12   35 0.96
  15   17 0.70
   9   16 0.86
  22   29 0.94
   7   20 0.53

  19   25 0.93
  15   38 0.56
  27   41 0.57
  15   35 0.98
  27   32 0.39
   1    1 0.41
  22   37 0.28
  22   40 0.91
   1   22 0.71
   1   13 0.37
  22   38 0.74
  18   31 0.03
  26   37 0.94
  19   28 0.28
   6   26 0.36
  18   34 0.01
   1   27 0.08
  14   17 0.27
  14   26 0.43
  18   22 0.59

