3 15 4
12    2   2  10  10   4  20   4  16   4  20  16  10

  24   33 0.84
   2   32 0.39
  10   35 0.67
  11   79 0.40
   3   21 0.91
  23   29 0.79
   6   71 0.81
  25   43 0.74
  15   84 0.25
  35   48 0.66
  24   65 0.10
  16   30 0.15
  29   61 0.16
  15   18 0.46
  25   84 0.33

   0   30 0.47
   9   51 0.73
   0   16 0.35
  18   74 0.93
  19   84 0.69
   2   51 0.06
  26   95 0.42
  24   42 0.10
  25   89 0.60
   9   62 0.87
  34   64 0.70
   1   30 0.56
  30   76 0.15
  17   72 0.07
  35   92 0.87

  11   40 0.05
  16   28 0.82
  21   78 0.49
   4   73 0.80
   8   54 0.98
  18   72 0.70
  10   39 0.14
  17   50 0.29
  13   84 0.01
  24   64 0.82
  32   92 0.78
  15   38 0.64
   7    7 0.61
  24   78 0.35
  31   59 0.46

  34   84 0.48
   3   34 0.98
   9   65 0.09
   5   37 0.24
  12   56 0.35
   2   36 0.15
   6   37 0.78
   7   11 0.35
  16   32 0.70
  17   77 0.26
  13   38 0.71
   4   13 0.45
  27   47 0.15
  21   39 0.22
  21   23 0.14

  29   45 0.54
  14   65 0.06
  10   55 0.66
   1   55 0.51
  22   70 0.64
  12   44 0.85
   7   41 0.77
   3   36 0.73
  20   89 0.32
   5   29 0.86
  13   51 0.88
   4   19 0.95
  15   25 0.99
  20   68 0.37
  14   50 0.16

  32   92 0.39
   2   72 0.73
  13   37 0.87
   0   30 0.57
   9   53 0.70
  13   25 0.16
   2   63 0.15
  11   13 0.62
   7   33 0.82
   3   48 0.61
   0   30 0.94
  22   80 0.06
  11   45 0.64
  25   87 0.47
  25   67 0.90

  21   59 0.66
  32   66 0.80
   9    9 0.76
  32   56 0.59
  27   75 0.29
  21   38 0.07
  35   63 0.32
  34   64 0.03
  20   31 0.49
  10   47 0.19
  28   55 0.23
  19   28 0.47
  22   50 0.75
   4   17 0.97
   0   14 0.71

  24   28 0.21
   4   73 0.25
  24   65 0.94
   2   19 0.67
  16   75 0.83
  32   79 0.41
  19   24 0.47
  14   60 0.50
  31   45 0.36
  22   43 0.41
  26   79 0.52
  18   44 0.91
  21   66 0.34
  28   32 0.86
   5   37 0.66

   0   48 0.88
  22   69 0.28
   4   37 0.58
   3   66 0.99
  15   16 0.60
  21   75 0.73
  27   63 0.45
  24   61 0.30
  20   71 0.18
   3    3 0.77
  27   92 0.50
  30   60 0.79
  12   25 0.95
  21   68 0.55
  16   52 0.09

  18   65 0.93
   7   53 0.31
   9   41 0.11
  30   99 0.05
  32   90 0.74
   3   74 0.03
  17   54 0.41
   2   49 0.64
   4   38 0.14
   6   47 0.13
  10   72 0.30
  31   53 0.18
  30   65 0.63
  32   46 0.73
  31   60 0.93

  19   34 0.85
  27   53 0.61
  33   59 0.12
  12   82 0.29
  34   66 0.92
   2   64 0.98
   2    3 0.30
  33   82 0.29
  33   51 0.83
  18   51 0.56
   9   69 0.00
   6   37 0.84
  11   32 0.76
  20   72 0.04
  35   95 0.62

   9   35 0.43
  30   38 0.80
   0    4 0.45
  16   87 0.34
  15   76 0.76
  16   75 0.95
   7   75 0.22
  34   35 0.89
  27   50 0.16
  27   70 0.44
  33   59 0.37
  18   84 0.46
  23   42 0.20
  17   87 0.23
  20   40 0.05

