4 50 8
6   16  20  10  20  10   2

  32  117 0.41
  37  108 0.80
  57  115 0.32
   7   15 0.73
  74  158 0.40
  85   86 0.88
  16  103 0.99
   4   41 0.59
  69  121 0.41
   8   26 0.86
  80   83 0.58
  31  102 0.26
  32   59 0.58
  14   89 0.12
  79  116 0.52
  29   53 0.79
  69  101 0.47
  25   92 0.72
  17   42 0.89
  46   55 0.68
  30  106 0.81
  64   68 0.39
  72   76 0.06
   1   27 0.48
  12   96 0.85
  59  114 0.10
  24   76 0.85
  23   68 0.79
  74  130 0.41
  76  118 0.03
  80  120 0.88
  60   81 0.40
  79   93 0.36
  81  124 0.42
  25   68 0.85
  55  128 0.80
  18   35 0.23
  78  108 0.84
  32   87 0.91
  21  103 0.49
  14   81 0.83
  21   81 0.73
  87   88 0.58
  88  118 0.27
   1   11 0.74
  68  151 0.14
  36   59 0.32
  78  107 0.82
  12   46 0.20
  46   47 0.65

  84  129 0.53
  44   70 0.00
  23   72 0.41
  57   65 0.04
  17  102 0.81
  83  149 0.61
  66  147 0.12
   2    4 0.82
  34   63 0.31
  25   55 0.93
  74  119 0.50
  14   60 0.04
  74  154 0.72
  84  170 0.13
  17   75 0.41
  13   82 0.23
  79   92 0.37
  30   98 0.25
  26   60 0.15
  55  135 0.63
  32  105 0.02
  56   85 0.24
  16   26 0.94
  46   48 0.16
  65  142 0.00
  16   98 0.88
  27   80 0.89
  85   98 0.44
  14   50 0.24
  68   75 0.56
   7   87 0.19
  35  121 0.73
   5   63 0.88
  72  147 0.15
  75  135 0.95
  53   60 0.70
  30   99 0.78
  13   27 0.00
  30   80 0.48
  67  138 0.47
  83   98 0.39
  59  102 0.59
  28  105 0.02
  15   16 0.36
  54  111 0.42
  55  117 0.74
  59  122 0.13
  39   49 0.83
  31  102 0.70
  29   87 0.48

  27  108 0.12
  77  127 0.52
  60  130 0.12
  71  150 0.36
  30   56 0.89
  10   35 0.29
  62   85 0.68
  51   98 0.18
   2   80 0.64
  82  150 0.69
  59   86 0.86
  43   75 0.49
  36  120 0.33
  15   52 0.71
  50  135 0.96
  13   77 0.37
  71   84 0.78
  49   77 0.87
  86  159 0.75
   1   80 0.44
  82   83 0.28
  42   71 0.17
  23   34 0.30
  52  108 0.22
  47  108 0.49
  19   71 0.37
  50   63 0.66
  69   96 0.78
  38  127 0.07
  16   70 0.46
  52   53 0.34
   6   51 0.21
  31   59 0.23
  47   85 0.18
  70   91 0.25
  66  142 0.26
  88  104 0.85
  81  120 0.54
   0   25 0.55
  71  140 0.31
   5   51 0.74
  20   21 0.99
  41  104 0.00
  65  125 0.90
  51  116 0.50
  63  152 0.00
  22   31 0.80
  62  103 0.57
  64  110 0.39
  52   71 0.13

  16   27 0.02
   9   98 0.57
  18   23 0.49
   2    4 0.32
  62  106 0.34
  47  111 0.29
  69   78 0.60
  13   98 0.58
  17   60 0.02
  85  108 0.33
  32   75 0.08
  51   78 0.64
  22   61 0.23
  28  104 0.25
  38  107 0.08
   0   30 0.78
  89  106 0.37
  63   71 0.48
  29   53 0.97
  73   92 0.32
   0   40 0.91
  78  120 0.42
  13   48 0.12
  86  162 0.56
  64  133 0.36
  67  117 0.30
  89   91 0.21
  12   22 0.24
  54   75 0.55
  77  147 0.71
  82  115 0.13
  25   38 0.85
  42  120 0.85
  37   77 0.91
  71  123 0.79
  61   69 0.27
  28   93 0.53
  20   29 0.96
  31   93 0.51
   2   48 0.58
  61  134 0.35
  85   90 0.31
  43   86 0.36
  73   97 0.16
  87  133 0.72
  17   42 0.39
  39   91 0.06
  10   83 0.56
  57  146 0.00
  48  103 0.84

  36   47 0.74
  28   62 0.27
  68  124 0.18
  42  127 0.04
  76  135 0.85
  36   56 0.05
  63  141 0.93
   5   47 0.73
  16   83 0.99
  11   36 0.71
  33   94 0.75
  44   61 0.79
  77  159 0.81
  55   66 0.19
  76  124 0.39
  41  128 0.19
  32   35 0.13
   4   68 0.67
   5    6 0.29
  83  108 0.48
   6   42 0.17
  45  101 0.42
   6   94 0.41
  89  164 0.89
  41  121 0.74
  57   80 0.11
  28  105 0.85
  19   39 0.16
   5   64 0.74
   2   44 0.92
  50   98 0.59
  13   22 0.66
  25  104 0.96
  18   56 0.67
  88  172 0.14
  33   94 0.07
  55   65 0.14
  36  120 0.26
  29   34 0.87
  53  105 0.75
  10   55 0.67
  40  109 0.97
  65   95 0.35
  77  159 0.49
  50   96 0.07
  79   96 0.75
  37   55 0.00
  73  105 0.64
  23   43 0.16
  10   79 0.76

  71  143 0.16
  10   72 0.72
  82  133 0.75
  39   87 0.62
  31   36 0.16
  73  161 0.38
  78  135 0.74
  20  108 0.86
  35   61 0.14
  25  107 0.07
  78  167 0.83
  17   95 0.34
  81  168 0.44
  12   44 0.09
  62   66 0.42
  70  136 0.39
  66  153 0.69
  73   73 0.74
  69  129 0.06
  81  137 0.75
  46   92 0.97
  55  142 0.17
  83   85 0.10
  32   92 0.17
  12   34 0.03
  42   65 0.22
   6   15 0.70
  84  105 0.24
  85  107 0.63
  67   88 0.71
  63   88 0.47
  18   37 0.74
  31   94 0.37
  63   96 0.96
  60  133 0.20
  25   57 0.78
  44   73 0.85
  19   53 0.35
  24   62 0.85
   1   90 0.02
  52   85 0.78
  57  104 0.36
  31   59 0.22
  52   71 0.09
  32   97 0.48
  15   83 0.17
  44   74 0.56
  41  100 0.65
  49  116 0.10
  38  122 0.69

