3 100 8
3   20   2   4

  11   76 0.32
   4   65 0.38
   2   51 0.77
  10   54 0.30
  12   63 0.42
   8   32 0.08
  19   86 0.01
  26   43 0.11
  11   52 0.35
   3   45 0.64
   1    3 0.34
  14   55 0.83
  18   35 0.01
  22   40 0.97
  22   75 0.85
  25   30 0.63
  21   34 0.80
  15   68 0.29
  12   34 0.43
  21  100 0.15
   2   59 0.53
  25   90 0.39
   4   49 0.43
  23   32 0.49
  10   40 0.28
   5   48 0.83
  20   66 0.84
  26   65 0.81
   4   32 0.93
  21   84 0.86
   4   75 0.04
   3   56 0.63
  16   38 0.07
   5   53 0.11
  13   87 0.57
  19   83 0.08
  13   28 0.81
   7   59 0.26
  12   62 0.04
  11   21 0.96
  18   35 0.89
   3   50 0.75
  14   32 0.39
  19   26 0.90
   9    9 0.74
  18   24 0.81
  26   90 0.82
  14   94 0.12
  19   62 0.41
  23   75 0.12
  12   31 0.90
  15   26 0.65
   2   32 0.75
  11   29 0.95
  24   44 0.05
   9   86 0.93
  11   73 0.85
  23   95 0.34
   9   24 0.08
  15   47 0.72
   1   12 0.91
  17   78 0.28
  26   66 0.94
  23   62 0.06
  25   74 0.05
  15   29 0.57
  23   67 0.49
  12   90 0.45
  20   43 0.20
  24   93 0.94
   4   24 0.11
   3   59 0.68
  25   73 0.85
  25   71 0.48
  25   76 0.12
  18   82 0.03
   3   23 0.20
  22   26 0.22
  21   83 0.01
   4   68 0.06
   8   78 0.54
  15   40 0.58
   9   88 0.50
   9   65 0.99
  11   50 0.23
   5   50 0.78
  10   68 0.75
  22   37 0.83
   7   38 0.50
   5   49 0.51
   7   62 0.11
  11   73 0.97
   0   79 0.02
  18   86 0.90
  13   57 0.11
  16   35 0.17
   8   29 0.39
  11   82 0.02
   0   22 0.83
  20   97 0.54

  11   12 0.04
  14   33 0.30
  18   82 0.67
  11   22 0.62
  17   42 0.23
  16   22 0.79
  12   72 0.83
   7   58 0.53
  18   70 0.82
  25   86 0.20
   5   71 0.94
  23   67 0.17
   6   34 0.87
   0   64 0.36
  22   79 0.27
  11   31 0.72
  26   42 0.78
  14   75 0.84
  14   75 0.49
  25   36 0.03
   2   62 0.70
   4   51 0.54
  18   74 0.54
  15   25 0.14
   2   24 0.82
  16   74 0.05
  10   68 0.42
   9   21 0.69
   4   12 0.33
   3   50 0.55
   2   54 0.77
   0   50 0.34
  11   49 0.48
   7   74 0.76
  23   48 0.86
   8   65 0.78
  24   95 0.54
  22   74 0.08
  20   59 0.06
   8   55 0.88
  18   97 0.01
   2   17 0.06
   1   62 0.84
  16   81 0.52
   5    7 0.23
  23   40 0.26
  14   46 0.53
   2   62 0.61
   5   30 0.16
   9   86 0.68
   4   22 0.03
  23   68 0.42
   7   40 0.67
  12   55 0.03
   2   22 0.83
   0   58 0.33
  18   79 0.54
   3   45 0.33
   5   31 0.47
  17   36 0.04
  26   59 0.26
  11   24 0.36
  18   22 0.05
  14   50 0.37
  26   75 0.58
  14   42 0.69
  19   99 0.65
  23   84 0.93
  10   29 0.75
  23   90 0.18
  11   77 0.23
   3   67 0.81
  11   67 0.48
   9   85 0.38
   8   73 0.69
   7   73 0.55
   8   38 0.95
  14   26 0.20
  12   69 0.16
  13   90 0.28
   7   65 0.48
  25   66 0.52
  15   54 0.46
  12   43 0.90
  14   67 0.49
   9   36 0.05
   1   45 0.71
   0   62 0.86
  14   65 0.42
   8   31 0.30
   0   57 0.30
  26   98 0.01
   3   28 0.11
  20   86 0.08
  18   67 0.02
  22   53 0.03
  18   90 0.46
  22   48 0.44
  20   49 0.00
  26   45 0.46

  14   23 0.69
  26   71 0.06
  26   44 0.04
  10   84 0.19
  21   89 0.96
  12   31 0.02
  11   76 0.57
  25   91 0.06
  16   35 0.51
   7   11 0.53
   8   21 0.93
  14   84 0.87
   6    7 0.51
   7   80 0.82
  12   87 0.32
  13   20 0.74
  24   85 0.69
  18   96 0.45
  11   15 0.82
  22   75 0.51
  14   82 0.00
  17   25 0.12
  12   62 0.63
  13   29 0.09
   0   68 0.91
   7   77 0.13
  25   32 0.24
   4   59 0.89
  16   89 0.54
   6   29 0.95
  20   26 0.00
  16   70 0.49
  15   79 0.01
  20   80 0.13
  10   28 0.40
  17   76 0.78
  10   30 0.49
   4   20 0.11
   2   52 0.90
   3   55 0.89
  14   38 0.18
  14   87 0.74
  16   60 0.18
   2   41 0.10
  13   45 0.65
  26   64 0.99
  14   90 0.54
  15   72 0.91
  26   57 0.03
  18   43 0.87
  11   54 0.37
   2   64 0.02
   3   74 0.13
  21   91 0.90
  11   45 0.67
  14   77 0.14
  26   59 0.23
  19   92 0.05
  17   74 0.51
   4   38 0.74
  16   93 0.55
   5   18 0.44
   3   29 0.43
  20   75 0.19
   7   67 0.46
  14   30 0.56
  15   33 0.47
   2    4 0.23
  21   34 0.10
   6   43 0.41
  21   66 0.57
   7   26 0.93
  26   45 0.44
   8   56 0.43
  12   37 0.20
  25  103 0.47
  11   64 0.28
  26   34 0.75
  14   45 0.81
  19   90 0.75
  10   11 0.34
   4   15 0.39
  23   68 0.46
   7   22 0.58
  21   99 0.36
  25   78 0.37
  14   94 0.28
  19   52 0.71
  18   45 0.74
   8   20 0.49
  11   38 0.55
   9   84 0.90
   0   36 0.23
  25   26 0.76
  25   84 0.19
  26   57 0.06
   2   47 0.37
  15   79 0.02
  18   50 0.65
   1   29 0.33

