3 25 4
12   16  20  10   2   2  16  10  10  20  10   2  16

  62  137 0.51
  21  109 0.21
  50   54 0.99
  67  193 0.97
  11   57 0.97
  65   98 0.44
  21  125 0.29
  60  198 0.85
  21  136 0.70
  40   41 0.80
  49  114 0.72
  30  148 0.98
  56   84 0.26
  62  171 0.62
   2   24 0.67
  51   81 0.26
  32  145 0.83
  37   53 0.76
  21  141 0.41
  33  159 0.52
  53   78 0.78
  57   84 0.76
  45  166 0.59
  38  165 0.24
  41  130 0.28

  29   33 0.94
   2  125 0.10
  19  140 0.83
  47   88 0.09
   9   77 0.90
  36  101 0.78
  66  182 0.54
  45  108 0.87
  32  154 0.74
   0    2 0.06
  64  126 0.72
  12  149 0.54
  21  100 0.52
  45   56 0.53
  17  106 0.81
   6   46 0.11
  18   31 0.47
  27   41 0.48
  41  109 0.09
  41   81 0.80
  26   72 0.39
  34   39 0.50
  38   55 0.78
  30  153 0.95
  43  127 0.46

  27  115 0.25
  23  135 0.21
  68  162 0.09
  43   60 0.76
   5   59 0.54
  35   91 0.23
  14   21 0.88
  42   42 0.66
  14   49 0.87
  48  179 0.51
  48  172 0.26
  57   77 0.51
  38  106 0.62
  38  154 0.02
  49   92 0.97
   3   92 0.95
  26   74 0.17
  19   91 0.18
   6  123 0.32
  12  129 0.88
  37  165 0.01
   3   67 0.39
   3   77 0.56
  45  157 0.37
  38  157 0.12

  29   53 0.76
  17   59 0.12
  46  139 0.57
  13  121 0.78
  32  103 0.49
  30  138 0.56
  49   81 0.00
  39   48 0.78
  36  151 0.09
  34  136 0.04
  56  163 0.05
  58   96 0.84
  22  110 0.02
  32   41 0.35
  30   50 0.40
  40  178 0.75
  62  184 0.79
  67  164 0.34
  61  178 0.85
  46   81 0.41
  68  177 0.62
  40  167 0.68
   9   16 0.48
  32   60 0.34
  22   98 0.42

  33   48 0.11
  63  139 0.55
  49  148 0.92
   9   60 0.10
  12  127 0.52
  37  100 0.85
  25  150 0.90
  56  170 0.91
  21   69 0.46
  59   67 0.61
  42   69 0.85
  64   81 0.11
  32   71 0.79
  54  128 0.83
  35  118 0.64
  45   47 0.31
  35  161 0.76
  51   71 0.89
  40  151 0.75
  49  147 0.23
  30   74 0.26
  67  111 0.17
  27  123 0.49
  41   52 0.47
  28  100 0.09

   8   36 0.80
  20   99 0.01
   8  138 0.96
  58  170 0.08
  16  131 0.94
  59  108 0.19
   8  100 0.31
  15  108 0.38
   6  103 0.73
   2   84 0.24
  33  153 0.34
   5  137 0.96
  33  164 0.20
  23  123 0.75
  34  149 0.22
  21   44 0.78
  41  138 0.78
  47   93 0.81
  53   87 0.88
  67  164 0.99
  20  113 0.38
  13  123 0.10
  28   35 0.43
  14  139 0.76
   5   39 0.72

  29   61 0.61
  39  107 0.08
  64  200 0.36
  11   78 0.24
  46  152 0.47
  43   63 0.39
   6   84 0.30
  45   84 0.37
  50  149 0.11
  57  105 0.61
  40   85 0.78
  65  110 0.93
  20  140 0.29
  58  182 0.79
  25   31 0.97
  33  142 0.11
  41  134 0.99
  68  100 0.79
  37   65 0.42
  38   80 0.06
  63  119 0.83
  17   87 0.41
  44  104 0.73
  34   40 0.53
  16   43 0.23

  40   69 0.00
  38   90 0.36
  44   69 0.74
  44   47 0.02
  23  104 0.08
  27   71 0.56
  48  158 0.83
  27  136 0.55
  10  143 0.67
  47   82 0.62
  39  177 0.26
  54   83 0.99
  47   59 0.19
  44  103 0.81
  58  119 0.08
  22   44 0.15
   1   87 0.02
  16  128 0.89
  19   52 0.00
  46   70 0.80
  48  183 0.53
  63  156 0.76
   4   79 0.53
  20   93 0.74
  40   85 0.01

  28  152 0.33
  51  111 0.70
  49  100 0.26
  60  103 0.96
  30   91 0.66
  37  150 0.09
  13  119 0.10
  11  136 0.87
  23  117 0.63
  41   68 0.99
   2  109 0.90
  13   71 0.64
  57  113 0.72
  53  164 0.29
  25   76 0.81
  27  106 0.02
   1   47 0.18
  29  105 0.18
  12  130 0.66
  40   54 0.87
  47   98 0.14
   7  108 0.60
  43   59 0.36
  47   73 0.58
  33   86 0.77

   1  128 0.08
  60  169 0.87
  42  153 0.25
  25  144 0.68
   5   32 0.67
  24   82 0.09
   1    5 0.12
  25  149 0.22
  45  163 0.77
  26  144 0.47
  61  122 0.43
  53  145 0.94
  47   74 0.91
  43  105 0.88
  53  124 0.81
  55  122 0.39
  67  135 0.52
  29   40 0.51
  27  139 0.22
  14   55 0.85
  32   96 0.36
  55  141 0.75
  49   71 0.71
  52  184 0.42
  50  116 0.25

  25  110 0.72
  59  107 0.19
  44  155 0.86
  19  155 0.74
   6  108 0.76
  31   34 0.52
  37   64 0.95
  55  131 0.41
  57   98 0.91
  50  147 0.79
  28  144 0.32
  57  123 0.31
   7  126 0.80
  25   70 0.85
  11  124 0.59
  50  112 0.50
  62   88 0.80
   3   69 0.78
  38  131 0.64
  38   55 0.87
  41  129 0.15
  24  136 0.38
  45   75 0.80
   7  105 0.73
  31  111 0.88

  44  169 0.98
  59   66 0.90
  32  103 0.73
  54  143 0.85
  56  102 0.93
  39  127 0.22
  13   43 0.11
  49  118 0.97
  18  102 0.32
  63  134 0.88
  22   56 0.49
  49  136 0.13
  26   82 0.74
  39   64 0.14
  64   91 0.50
  52   72 0.29
   3  100 0.67
  22   86 0.00
   6   18 0.80
  47  156 0.74
   3  137 0.78
  59  171 0.07
   0   28 0.50
  59  136 0.23
   1  132 0.38

