3 30 8
6   10   4  16   2   2  20

   0   27 0.04
   2   22 0.66
   3   11 0.04
  14   42 0.76
   6   30 0.97
   5   19 0.51
   2   25 0.79
  13   33 0.18
   2   13 0.17
  11   31 0.37
   8   17 0.04
   1   25 0.71
   3   33 0.77
   0   22 0.05
   5   32 0.51
  15   36 0.70
  15   39 0.81
   4   20 0.40
   4   21 0.24
   9   12 0.40
   5   26 0.00
  11   43 0.82
  15   44 0.46
  11   14 0.83
   2   24 0.18
   6   22 0.35
   1   28 0.62
   3   32 0.32
   1   22 0.75
   0   21 0.35

   3   19 0.04
   0   12 0.87
   8   15 0.94
  12   24 0.26
   1   20 0.96
  14   17 0.27
   0    0 0.20
  14   43 0.34
  12   29 0.09
   1   14 0.05
   4    4 0.67
   7   18 0.32
   5   14 0.42
   0   28 0.77
  14   27 0.89
   5   37 0.95
   7   25 0.23
   5   28 0.83
  13   17 0.90
  10   24 0.19
   6   37 0.79
   3   33 0.67
  11   43 0.93
  12   21 0.74
   6   17 0.30
   7   19 0.40
  13   24 0.45
  13   45 0.61
  14   42 0.05
   2    3 0.09

  11   40 0.75
  12   28 0.98
  14   30 0.00
   5   31 0.16
   3   25 0.78
  13   23 0.91
  13   14 0.88
  15   35 0.27
   8   24 0.32
   4   12 0.34
   8   21 0.65
   3   18 0.85
   0   20 0.84
   8   13 0.27
   7   21 0.38
  14   26 0.75
  13   19 0.16
   6   13 0.77
   1    2 0.62
   8   11 0.30
  11   35 0.36
   3   28 0.77
   3   26 0.61
   8   22 0.19
  11   29 0.70
   6   15 0.99
  12   15 0.08
  14   45 0.40
  15   34 0.63
   6   25 0.91

  12   25 0.86
  11   42 0.13
   6   31 0.30
   0   20 0.44
  13   20 0.04
   4   28 0.16
   9   19 0.72
  12   37 0.95
   1    9 0.71
   7   23 0.65
   6   33 0.57
   1   14 0.26
  13   14 0.27
  13   28 0.21
  13   38 0.85
   5   29 0.62
   6   24 0.30
   1    6 0.11
   9   16 0.81
  10   13 0.81
  11   13 0.65
   0   23 0.20
   0   18 0.43
   6   10 0.36
   3   19 0.91
   2   34 0.76
  13   31 0.03
   3   34 0.65
   7   35 0.00
   8   20 0.50

  13   21 0.45
   6   32 0.41
   2   32 0.52
   7   15 0.97
   9   19 0.36
   3    9 0.89
   7   33 0.96
   3   17 0.46
   3   25 0.75
   1   24 0.16
   3    9 0.64
   0   14 0.12
   3   23 0.81
  11   26 0.79
   5    7 0.19
   6    7 0.77
   3   22 0.33
   7   19 0.88
  10   34 0.11
   3   21 0.83
   9   28 0.45
  10   17 0.08
  12   24 0.68
   5   10 0.96
   4   34 0.84
  12   41 0.66
  13   25 0.15
   8   19 0.03
  10   15 0.98
   8   23 0.04

   0    0 0.30
  13   21 0.99
   1   25 0.78
   8   30 0.34
   9   16 0.11
  12   43 0.35
  12   31 0.80
  14   29 0.76
   6   18 0.37
  12   16 0.34
   8   10 0.00
   6   34 0.47
  12   44 0.77
   1   12 0.96
   6   28 0.95
  10   30 0.25
   6   31 0.69
   5   26 0.18
  10   36 0.09
   6    7 0.38
  10   24 0.69
  10   17 0.79
   5   18 0.99
  14   32 0.14
  14   20 0.16
  15   18 0.71
   0   24 0.15
  13   15 0.45
  11   35 0.38
   1   23 0.19

