4 25 4
12   10  20   2   2  10   4  20  10   4  10   2   2

 102  192 0.30
  96  118 0.31
  67  137 0.37
 104  131 0.83
  95  173 0.58
  99  176 0.15
  85  134 0.69
  42   93 0.21
  58  102 0.06
  73   77 0.68
   8   12 0.78
  83  103 0.82
  25   91 0.87
  63   76 0.05
  15   51 0.07
  42  127 0.36
   9   95 0.70
  25  135 0.04
  17   29 0.31
  92  178 0.65
  15   23 0.56
  30   52 0.11
  49  147 0.81
  97  185 0.45
  54  143 0.36

  31   46 0.82
  15   87 0.95
  48   58 0.56
  71   81 0.61
   7   28 0.23
  15   16 0.06
  22   91 0.20
  74   83 0.94
 105  206 0.59
  40   46 0.87
  50   60 0.87
  76  117 0.36
  53  143 0.44
  80  121 0.12
   4  111 0.81
  50  130 0.67
  92  176 0.33
  54  127 0.92
  70   94 0.57
  14   20 0.99
  21   96 0.69
  33   87 0.03
  74  165 0.93
  16   92 0.64
  16   83 0.83

  40  143 0.44
  86  108 0.29
  63  154 0.36
  27  107 0.67
  97  138 0.36
  13   25 0.36
 103  134 0.65
  83  127 0.82
  94  153 0.32
  14  107 0.01
  22   88 0.40
  29  131 0.14
  53   76 0.50
  98  168 0.56
  82  142 0.00
  36   66 0.23
 111  161 0.01
  82  138 0.14
 109  119 0.73
   4   82 0.96
  67  154 0.90
  39   47 0.89
  44   74 0.27
  39  115 0.33
  52   84 0.62

  53   77 0.52
  84  188 0.42
  96  174 0.07
  41  142 0.64
  73   78 0.13
  87   89 0.36
  85  114 0.54
  28   86 0.05
  33   97 0.80
  14   95 0.85
  34   47 0.42
  54   57 0.63
  45   94 0.59
 103  193 0.78
  43   71 0.12
   8   51 0.08
  84  141 0.23
  33  100 0.32
  65   90 0.49
  13   66 0.40
   9   47 0.83
  22  129 0.71
  57  144 0.87
  47  144 0.40
  79  156 0.14

  25   36 0.27
  72   75 0.83
   7   26 0.20
  74  125 0.10
  32  110 0.18
  19   69 0.20
  10   25 0.90
 104  213 0.51
  19   81 0.34
  53   68 0.90
  64  137 0.40
  46  103 0.28
  54  150 0.33
   1   37 0.66
  54  113 0.40
  23  100 0.00
  84  102 0.58
  26   33 0.40
 103  191 0.18
 106  169 0.24
  77  129 0.18
  64  103 0.57
  87  167 0.10
 106  175 0.93
  18   38 0.79

  13   52 0.74
   0   84 0.47
  51  145 0.33
  46  156 0.20
   1   59 0.81
  33   44 0.88
  67  131 0.45
  71  153 0.25
  74  169 0.71
  20   73 0.97
   6   73 0.01
  22   45 0.28
 103  167 0.41
  14   78 0.41
  71   86 0.42
  68  117 0.01
  46   84 0.39
  77  133 0.57
  19   69 0.31
  53  163 0.95
  27   27 0.63
  30   66 0.63
  78  162 0.55
  41   95 0.88
  91   95 0.50

  92  106 0.01
  11  122 0.98
  97  132 0.81
 105  158 0.64
  80  178 0.48
  72   81 0.19
  96  158 0.88
  57  127 0.21
  70  176 0.25
  24   93 0.90
  83  111 0.73
  19   96 0.31
  60  133 0.61
  68   94 0.06
   1   42 0.32
   1   13 0.02
  17   23 0.95
  68  133 0.72
  54   56 0.30
  43  119 0.13
  27  117 0.06
  25   46 0.89
  77  181 0.71
  50  110 0.58
  41  117 0.89

  14  116 0.68
  13   80 0.78
  43  116 0.88
  91  103 0.19
  96  174 0.12
  86  155 0.69
  30   76 0.40
  95  126 0.91
  74  131 0.09
 107  187 0.51
  79  189 0.82
  93  119 0.28
  69  132 0.85
  34  139 0.72
  43   58 0.97
 102  104 0.96
  80  164 0.98
  27  138 0.52
  87  113 0.97
  57  123 0.02
  75  157 0.01
  30   36 0.79
 101  166 0.04
  70   99 0.32
  90  127 0.96

  72   80 0.51
  56  104 0.47
  87   93 0.75
  23   30 0.60
  55  132 0.03
   9   48 0.98
  91  120 0.50
  72  102 0.13
 100  125 0.27
  25   48 0.49
 101  113 0.84
  51   86 0.47
  65  135 0.71
  26  134 0.97
  21   39 0.13
  62  146 0.69
 100  119 0.97
  89  147 0.59
 102  213 0.19
 106  215 0.47
   2   47 0.10
 109  120 0.31
 104  137 0.69
  98  196 0.25
  63  172 0.93

  21   93 0.72
  79  189 0.81
  48   81 0.45
  70  167 0.70
  79   85 0.22
  44  126 0.37
  65  135 0.34
   5   99 0.36
  69  104 0.24
  26  116 0.26
  41  135 0.35
  11   49 0.33
  92  173 0.60
 108  141 0.36
  89  154 0.92
  52  122 0.37
 110  144 0.24
  22   49 0.58
  79  121 0.12
  83  101 0.34
  39   77 0.54
   9   57 0.67
  94  151 0.86
  50   86 0.10
 111  192 0.38

  99  205 0.48
  79  170 0.69
  71   89 0.22
 103  135 0.98
  86   87 0.28
   7   63 0.95
  72   87 0.18
   6   68 0.11
  87  173 0.64
  11  105 0.24
  81  181 0.78
  54  120 0.11
  75  121 0.50
  64  108 0.37
  51  130 0.84
 106  183 0.56
  14   94 0.40
  87  153 0.30
  15   91 0.29
   2   67 0.95
  52  150 0.89
  40   63 0.63
  19   86 0.60
  49  116 0.18
   3   36 0.05

  14   58 0.95
 101  134 0.28
  61   80 0.94
  81  176 0.69
   3   50 0.24
  30   73 0.31
  73  181 0.64
  59  141 0.77
  60  142 0.60
 105  200 0.60
  63  135 0.23
  37   46 0.00
 103  133 0.24
  29   58 0.05
  18  120 0.76
  89  185 0.44
   3   69 0.01
  55  157 0.77
  66   81 0.49
  58  146 0.27
  81  130 0.80
  43  141 0.15
  31  132 0.86
  72  168 0.85
  41   83 0.05

