3 40 4
6    2  16   4   2   2  16

  20   39 0.67
  34  126 0.00
  16  108 0.58
  14   68 0.42
  30   71 0.84
  25   38 0.70
  34  126 0.02
  15   32 0.40
   2   52 0.70
   0    6 0.31
  28  114 0.43
  24  121 0.24
  11   38 0.47
   4   58 0.66
   3   34 0.67
  22   94 0.68
  14   73 0.20
  15   93 0.22
  13  103 0.56
   0  102 0.04
  20  122 0.52
   0   13 0.30
  21   60 0.64
  15   19 0.56
   1   63 0.59
   9   10 0.57
  30   76 0.24
   2    8 0.07
   9   16 0.17
  12   27 0.75
  28  100 0.64
  17  118 0.68
  33   61 0.48
  24   34 0.93
  25  107 0.62
   0   73 0.45
  23   48 0.92
   2   54 0.40
  21   42 0.18
  27  129 0.02

  10  109 0.78
   3   69 0.94
  31   34 0.60
  21   95 0.28
  18  109 0.12
   3   87 0.24
  10   89 0.96
  13   79 0.97
  29   96 0.99
  28  112 0.82
  27   88 0.78
  24  104 0.33
   7   86 0.80
  22   95 0.64
  28  129 0.22
  13   41 0.58
  25   27 0.51
   9   48 0.65
  23   61 0.58
   2   57 0.92
  12   74 0.81
  27  127 0.17
   2   97 0.06
   2   10 0.25
  31   74 0.30
   2    7 0.23
  11   20 0.67
  33   82 0.39
   6   24 0.87
   5   83 0.96
  20   48 0.03
   4  100 0.54
   0  101 0.32
  30   73 0.86
  32   97 0.48
  16  108 0.92
   1   44 0.92
  30   73 0.80
  15   67 0.36
   2   17 0.82

   0   62 0.16
   2   25 0.79
   8   22 0.84
  12   81 0.98
  29   75 0.87
  34   55 0.72
  12   36 0.56
   3   68 0.30
  21  122 0.12
  33  109 0.91
  13   65 0.30
   9   33 0.27
  20   75 0.73
   3   94 0.08
  22   75 0.74
  24   89 0.57
   8   69 0.94
  10   39 0.52
  10   64 0.17
  20   70 0.57
  20   45 0.64
   7   28 0.31
  23   33 0.20
  24   99 0.57
  27  126 0.91
   7   14 0.52
   3   32 0.35
  27  107 0.86
  17   40 0.34
  18   28 0.93
  30   97 0.78
   6   82 0.40
  30   53 0.86
   5   16 0.47
  29   50 0.59
  18   91 0.38
  18   96 0.40
  22   77 0.60
  32   60 0.50
  25   60 0.53

   1   72 0.12
  12   22 0.67
  14   76 0.65
   2   94 0.74
   8   10 0.22
   4   98 0.04
   9   47 0.59
  22   80 0.50
   9   63 0.46
   3   14 0.86
  11   96 0.44
  10   37 0.85
   0   95 0.87
  10   39 0.93
   9   57 0.14
   2    9 0.09
  20  122 0.32
  30   59 0.48
  21   92 0.37
  26   93 0.30
  33   77 0.12
  30   50 0.82
  19  113 0.50
  24   88 0.90
   9   16 0.31
  10   14 0.99
  33   65 0.48
  20  104 0.86
  30   55 0.32
  22   52 0.58
   4   72 0.01
  31   74 0.42
  18   40 0.00
   6   72 0.73
   7   11 0.76
   8   23 0.79
  21   35 0.51
  10  101 0.89
  11   35 0.99
   6   63 0.28

  28   97 0.02
  19  106 0.11
  24   54 0.36
  25   37 0.62
   6   90 0.21
  17   97 0.98
  14   14 0.63
  18   53 0.13
  21  114 0.15
  18   44 0.42
  14  113 0.62
   1   43 0.62
  20  118 0.98
  14  107 0.64
   1   90 0.56
  13  111 0.89
  19   73 0.95
   0   72 0.59
  24   87 0.54
  28   81 0.88
  11   34 0.94
  13   93 0.27
  10  111 0.43
  10   72 0.17
  25   57 0.10
   6  105 0.97
  26   29 0.30
   6   35 0.78
   2   66 0.53
  26   58 0.11
  12   43 0.97
  27  120 0.77
  19   32 0.29
  12   35 0.56
  12   13 0.41
   2   96 0.81
  27  115 0.90
  28   91 0.85
   5   15 0.88
   3   59 0.38

  29   74 0.46
  31   51 0.45
  14   48 0.42
   9   85 0.44
  18   41 0.33
  17   37 0.83
  25   96 0.08
  17   60 0.28
  25   87 0.03
  32   58 0.31
  22   41 0.00
  31   63 0.50
   9   79 0.51
  22   39 0.55
  10   41 0.49
   2   29 0.67
  24   60 0.58
  24   73 0.74
  31   76 0.90
  22   64 0.53
  33  121 0.15
  20   80 0.09
  21  113 0.05
  17  101 0.27
  21  120 0.08
   4  102 0.64
  24  121 0.31
  24   67 0.88
  32   48 0.57
  34   36 0.56
   7   81 0.53
   2   50 0.26
  11  102 0.52
  11  105 0.47
  26   77 0.01
  22  125 0.56
  19   86 0.93
  13   82 0.43
  11   56 0.90
  27   82 0.03

