5 60 4
3   10  10  10

  10   76 0.48
  14   45 0.36
   7   61 0.62
  14   69 0.43
  10   60 0.07
   6   12 0.20
  20   61 0.99
   1   25 0.51
   2   42 0.29
   1   13 0.98
  14   52 0.47
   8   13 0.47
  21   71 0.05
  15   23 0.09
   5   68 0.37
  16   18 0.12
   3    7 0.23
  17   73 0.87
   8   23 0.57
   3   68 0.00
  18   56 0.60
  11   52 0.31
   6   43 0.13
  18   50 0.70
  18   39 0.88
  14   38 0.88
  16   25 0.91
   6   66 0.65
  20   61 0.72
  11   48 0.28
   1   30 0.25
   4   56 0.83
  11   72 0.61
   2   16 0.96
  10   56 0.78
  18   72 0.85
  21   48 0.75
  11   75 0.47
  10   71 0.22
  11   64 0.81
  18   74 0.23
  19   27 0.63
  19   64 0.35
   7   24 0.47
  15   81 0.76
   4   57 0.11
  15   70 0.57
   5   65 0.77
  16   38 0.78
   1   23 0.14
   1   40 0.40
  11   13 0.54
  19   24 0.43
  12   30 0.01
  21   81 0.72
  17   83 0.16
  21   29 0.78
   1   52 0.44
  11   48 0.78
  14   77 0.45

   8   40 0.34
  10   17 0.29
  21   31 0.85
   8   18 0.78
   7   50 0.64
   1   33 0.68
   1   51 0.38
  11   73 0.57
  19   64 0.43
   7   12 0.33
  19   41 0.24
   6   11 0.93
  15   30 0.79
  19   25 0.08
  11   46 0.86
   0   19 0.08
   1   13 0.61
   5   16 0.16
  19   56 0.07
  16   27 0.92
   5   46 0.74
  13   52 0.98
   2   15 0.27
   7    7 0.78
  10   52 0.03
  21   22 0.98
  14   34 0.07
   7   43 0.23
  21   50 0.99
  13   52 0.30
  18   30 0.56
   3   56 0.88
   5   48 0.29
   9   60 0.75
  10   23 0.50
   3   18 0.88
  16   34 0.48
   0   60 0.25
  12   28 0.51
   5    7 0.03
  16   45 0.40
   8   73 0.35
  15   24 0.41
  11   75 0.45
  14   71 0.68
  10   63 0.59
  20   83 0.56
  13   23 0.72
   3   45 0.49
  13   66 0.41
   1   15 0.90
   5   33 0.23
  19   68 0.64
   9   71 0.94
  20   85 0.92
   0   53 0.56
  13   63 0.99
  20   79 0.71
   7   32 0.26
   8   64 0.99

  14   53 0.00
  11   57 0.08
   5   63 0.28
   7   71 0.91
  21   44 0.31
  20   86 0.58
   1   36 0.77
  11   19 0.33
  12   35 0.25
   2   28 0.07
   6   54 0.57
  10   76 0.75
   2   63 0.25
   5   24 0.93
  14   33 0.55
  11   62 0.23
  16   43 0.11
   9   20 0.08
  12   77 0.61
   7   71 0.88
  17   74 0.99
   9   74 0.49
  10   53 0.19
  16   24 0.53
   8   20 0.19
   2    4 0.59
  18   41 0.37
  18   37 0.44
  18   28 0.63
  14   63 0.84
   5   40 0.48
   5   60 0.69
   5   53 0.76
   5   15 0.36
  17   30 0.23
   5   13 0.58
  15   38 0.83
  15   15 0.51
   9   72 0.71
   6   31 0.61
   2   18 0.64
  15   36 0.49
  11   37 0.55
  19   79 0.65
   1   19 0.67
  10   27 0.94
  19   82 0.24
   5   18 0.30
  17   36 0.82
   2   27 0.16
  20   34 0.45
  14   63 0.49
  16   55 0.39
  20   73 0.21
  16   69 0.18
   9   74 0.22
  20   26 0.35
  13   61 0.13
   3    3 0.59
   7   45 0.02

