3 80 8
3    2   2  10

   1   33 0.22
   0   19 0.34
   8   12 0.05
  10   23 0.54
  10   27 0.79
  12   15 0.02
  13   22 0.95
   3   22 0.72
  14   38 0.86
   8   39 0.05
  11   33 0.17
   0    5 0.66
  15   16 0.69
   8   36 0.36
  15   35 0.45
  15   48 0.86
  15   29 0.27
   8   27 0.37
   5   14 0.15
   2   17 0.16
   4   36 0.54
  15   16 0.56
  17   35 0.87
  10   34 0.94
  19   48 0.26
   3    9 0.08
  11   27 0.30
  22   53 0.99
  20   49 0.38
   3   27 0.26
  11   12 0.66
  16   16 0.78
  20   20 0.15
  16   28 0.05
  20   37 0.64
  10   31 0.82
  15   34 0.63
  10   37 0.06
   8   23 0.17
   2   21 0.84
   2    5 0.05
   0   26 0.51
   8   25 0.03
  14   33 0.82
  15   20 0.90
   4   29 0.77
  17   42 0.33
   7   11 0.34
   2   10 0.89
   1   10 0.86
  10   31 0.60
  10   11 0.12
   5    7 0.42
   6    9 0.07
  21   30 0.24
   9   29 0.15
   5   11 0.04
  15   40 0.67
  20   40 0.86
  16   23 0.21
  10   15 0.30
  15   30 0.32
   3    9 0.40
   6    7 0.94
  14   28 0.28
  12   31 0.26
  21   27 0.38
   9   11 0.99
  19   38 0.10
   9   29 0.58
   7   27 0.19
  10   43 0.28
  14   32 0.20
  14   32 0.04
   0    8 0.48
  11   21 0.80
  11   11 0.59
  15   26 0.23
  21   30 0.02
  15   24 0.67

  12   37 0.23
   7   36 0.97
   3   15 0.10
   3   20 0.96
   1   10 0.41
  17   31 0.30
  21   46 0.12
  18   25 0.60
   7   34 0.59
   1   20 0.77
  16   19 0.13
  12   32 0.41
   9   34 0.98
  18   38 0.65
  22   55 0.91
  19   20 0.16
   3   17 0.20
   5   38 0.09
  16   34 0.90
   1   33 0.93
   5   15 0.07
   4   33 0.50
  11   44 0.96
  14   21 0.64
  13   23 0.20
   2   11 0.52
  17   30 0.67
  12   17 0.24
   6   36 0.00
   7   31 0.00
  14   38 0.05
  10   37 0.79
   4   15 0.19
  16   17 0.73
   6   36 0.09
  14   14 0.18
  10   18 0.10
  10   32 0.89
   3   13 0.72
  12   25 0.28
  17   34 0.91
  15   47 0.38
   7   16 0.27
  10   41 0.72
  18   37 0.18
   6   11 0.64
  11   44 0.80
  19   45 0.91
  10   19 0.79
  19   27 0.17
  12   14 0.45
  14   34 0.44
   6   38 0.21
  19   26 0.15
   9   12 0.29
  22   26 0.32
  11   37 0.54
  19   24 0.36
  19   35 0.76
  17   32 0.08
  18   46 0.09
  21   35 0.00
  11   24 0.82
   2   19 0.40
  19   52 0.91
  12   12 0.06
   7   16 0.68
   0    8 0.56
  16   22 0.53
  17   36 0.81
   8   22 0.40
  15   41 0.65
  21   28 0.24
   7   26 0.98
   9    9 0.07
  21   39 0.87
  13   30 0.06
  20   42 0.78
   9   15 0.86
   9   38 0.48

   7   37 0.13
   8   14 0.34
  16   45 0.66
  10   23 0.96
   8   20 0.26
  11   24 0.83
  22   48 0.09
  14   31 0.83
   1   21 0.56
  18   28 0.47
  21   22 0.89
  22   53 0.19
   5   13 0.90
   8   10 0.54
  17   22 0.48
  17   30 0.35
  12   27 0.45
  16   17 0.05
  10   15 0.95
  18   28 0.19
  10   14 0.45
   1   27 0.09
  18   42 0.35
  22   51 0.29
   0   18 0.42
  16   18 0.62
  22   42 0.01
  21   21 0.19
  14   25 0.54
   2   14 0.18
  11   34 0.02
   8   33 0.95
   0    4 0.26
  12   18 0.96
  21   49 0.11
  17   26 0.84
  19   48 0.33
   0   14 0.93
  20   37 0.49
  18   40 0.82
   0   15 0.56
   0   13 0.66
  13   25 0.84
  20   30 0.04
  16   17 0.19
  10   27 0.26
  19   36 0.71
   6   14 0.92
  16   42 0.11
   0    6 0.69
   1    3 0.68
  18   37 0.39
  14   35 0.04
  11   41 0.41
  16   18 0.58
  14   29 0.53
   0    9 0.17
   0    5 0.17
   4   28 0.23
  15   43 0.99
   9   34 0.26
  22   26 0.04
   1   28 0.03
   3    9 0.12
  10   26 0.06
   2   34 0.96
  21   50 0.68
  16   36 0.41
  15   45 0.98
   6   11 0.50
   6   24 0.73
  21   49 0.01
  19   22 0.37
  20   49 0.91
   9   25 0.05
  21   37 0.08
   7    8 0.16
  19   43 0.20
   7   31 0.36
  22   29 0.50

