5 30 4
6    4  10   2   4   4   2

  15   29 0.75
  15   30 0.39
   6   16 0.94
   3    8 0.42
  17   30 0.58
  13   26 0.69
  11   26 0.81
  13   15 0.64
   3    6 0.87
   5   19 0.35
   6   23 0.68
   7   25 0.13
   7   21 0.32
  18   36 0.80
   6   16 0.01
   3   10 0.54
  18   30 0.22
  11   12 0.82
  18   25 0.83
   8   11 0.15
   7   11 0.12
   9    9 0.66
   6   14 0.47
  12   20 0.64
   2   16 0.28
  14   14 0.43
   0   10 0.62
   7   11 0.98
  11   27 0.35
  11   19 0.98

   1    4 0.40
   0    9 0.89
   2   19 0.05
   8   11 0.39
  11   20 0.95
  17   35 0.48
  10   16 0.52
  17   33 0.14
   2   11 0.41
   2   19 0.59
  15   19 0.19
  10   26 0.71
  13   22 0.26
   1   19 0.44
  18   34 0.23
   6   19 0.11
   7   23 0.22
  11   17 0.92
   1    8 0.33
  14   19 0.57
   4   20 0.46
   6   11 0.23
   6    7 0.27
  11   19 0.88
  13   31 0.77
   2   17 0.75
  17   24 0.36
   1   18 0.41
  13   17 0.05
   4   16 0.66

  14   23 0.13
   9   12 0.28
  14   27 0.37
  16   22 0.38
  12   28 0.10
   4   22 0.30
   6   15 0.58
   4    5 0.13
  16   28 0.37
  14   15 0.02
  13   25 0.21
  13   25 0.36
   9   27 0.09
  12   17 0.89
   2   15 0.48
   1    3 0.47
  18   30 0.30
  10   10 0.83
  18   28 0.65
  18   34 0.46
  12   26 0.47
  10   25 0.99
   1   15 0.66
   8   18 0.35
  11   15 0.32
  12   15 0.00
   3   13 0.30
  12   16 0.65
   7   19 0.82
  15   24 0.17

  16   20 0.90
   7   22 0.95
  18   24 0.60
  13   26 0.75
  17   20 0.68
   5   17 0.40
  13   18 0.87
   0   16 0.94
  18   30 0.53
  10   10 0.05
  16   31 0.20
   6   14 0.41
  14   21 0.82
   3    5 0.92
   9   24 0.61
  17   27 0.85
  16   30 0.52
  17   26 0.92
  15   28 0.06
   2   16 0.07
  12   30 0.78
  17   29 0.33
  12   22 0.21
   4    7 0.29
  11   18 0.23
  12   13 0.62
   6   19 0.36
   5   12 0.24
  12   13 0.55
  16   33 0.16

   8   16 0.09
  17   17 0.91
  10   28 0.39
  11   22 0.50
  12   13 0.11
   0    2 0.15
   8   17 0.86
   6    9 0.82
   6    8 0.48
  13   25 0.89
  12   28 0.37
   1    6 0.81
   4   19 0.10
  18   26 0.03
   6   15 0.58
  11   19 0.25
   2   10 0.94
  10   19 0.99
   4   13 0.51
  18   33 0.34
   8   15 0.70
  17   22 0.88
  12   22 0.86
   6   24 0.08
  11   24 0.90
   5    8 0.79
  10   24 0.20
   0   18 0.68
   2    7 0.10
  17   17 0.78

   3   21 0.73
   3    6 0.82
  18   35 0.14
  12   20 0.91
   9   17 0.87
   0   18 0.13
  11   27 0.66
   9   10 0.19
  11   17 0.81
  12   27 0.20
   2   16 0.88
   2    3 0.52
  14   20 0.63
   2   13 0.80
  16   22 0.11
   9   24 0.84
  17   35 0.91
   2   11 0.41
   6   10 0.13
   6   18 0.19
  15   26 0.14
  18   24 0.82
   5    6 0.75
   3    3 0.62
  10   13 0.19
   5   13 0.95
  13   23 0.75
  18   29 0.25
   7    8 0.55
  16   17 0.06

