4 20 4
12   10  20  16  10   2   2  16  16  10  10  10  16

   3   26 0.18
  11   48 0.92
  24   44 0.82
  34   63 0.80
  22   41 0.43
  12   21 0.76
  29   45 0.74
  16   42 0.32
   7   10 0.78
   1   40 0.61
  39   80 0.32
  38   43 0.32
   1    5 0.68
  23   60 0.33
  40   58 0.94
   1   23 0.71
  14   30 0.98
  33   68 0.73
  16   55 0.16
  36   73 0.66

  35   35 0.75
  28   43 0.33
  24   66 0.74
  19   55 0.18
   4   31 0.73
  12   49 0.66
   0    6 0.11
  16   29 0.21
   7   23 0.07
  27   57 0.76
  21   58 0.76
  38   63 0.26
  41   83 0.24
  38   72 0.14
  26   49 0.08
   6    6 0.27
  35   40 0.48
  31   61 0.82
  40   69 0.53
  23   51 0.77

   9   28 0.12
  10   35 0.36
   2    7 0.89
  23   53 0.25
  20   58 0.55
  28   55 0.37
   3   28 0.38
  23   62 0.45
  38   44 0.56
  23   35 0.63
  31   50 0.35
  19   54 0.63
  14   18 0.33
  27   33 0.24
  23   35 0.81
  30   72 0.13
   2   19 0.01
  21   60 0.13
  15   26 0.61
  17   24 0.82

  29   54 0.30
  37   56 0.20
  27   50 0.95
   1   24 0.29
   5   30 0.68
  12   14 0.68
   1   28 0.98
  40   70 0.92
  16   32 0.29
   8   44 0.23
  40   55 0.13
  38   39 0.75
  29   69 0.73
   0    7 0.20
  23   53 0.01
   8   41 0.53
  39   61 0.48
  42   60 0.75
  15   31 0.37
   3   11 0.22

  19   44 0.36
   3   32 0.38
  33   62 0.59
  41   56 0.14
   3   23 0.15
  16   19 0.46
   7   14 0.11
  24   31 0.21
  16   20 0.01
   5   45 0.02
  22   25 0.45
  19   19 0.16
  33   56 0.23
  35   53 0.78
  12   27 0.95
  40   76 0.83
  11   47 0.26
  42   60 0.58
  24   58 0.37
  40   62 0.87

   6   35 0.07
  17   51 0.96
  13   28 0.00
  30   43 0.94
  12   14 0.61
   6   35 0.56
  41   56 0.12
  15   18 0.09
  41   54 0.12
   8   24 0.87
  41   80 0.85
  10   39 0.54
   7   48 0.09
   1   33 0.86
  20   30 0.95
   2   35 0.67
  41   78 0.74
   7   35 0.56
  24   49 0.18
  23   26 0.90

  10   11 0.16
   5   35 0.41
  13   38 0.57
  37   48 0.69
   1   38 0.38
  29   36 0.29
  10   35 0.97
  25   62 0.04
  38   63 0.92
  30   50 0.57
  16   26 0.65
  33   48 0.68
  42   48 0.33
   7   27 0.49
  33   61 0.39
  42   52 0.95
  20   57 0.01
  25   58 0.50
  13   43 0.58
   8   40 0.30

   6   20 0.14
   8   24 0.92
   9   32 0.22
  18   21 0.90
  40   80 0.63
   2   43 0.91
   4   37 0.88
   0   32 0.78
  31   58 0.29
  15   28 0.21
  10   37 0.32
  34   64 0.56
  17   19 0.78
  14   54 0.72
  35   39 0.43
  28   50 0.31
  36   71 0.24
  38   39 0.02
  25   47 0.64
  25   44 0.00

  16   37 0.16
   5   27 0.97
  36   45 0.85
  22   47 0.60
  21   36 0.63
  21   54 0.41
  23   33 0.02
   4    5 0.24
  20   25 0.64
  11   17 0.74
  32   55 0.03
  18   22 0.54
  34   39 0.22
  39   49 0.59
  35   58 0.02
  16   28 0.60
  21   57 0.07
  39   64 0.71
   9   12 0.02
  32   42 0.48

  38   70 0.73
  16   25 0.30
   2   15 0.30
   6   20 0.83
  28   57 0.72
  35   40 0.64
  21   57 0.84
  11   52 0.96
  21   33 0.05
  42   48 0.41
  29   52 0.06
   1   32 0.67
  34   55 0.01
   0   34 0.13
  31   72 0.31
  32   62 0.97
   1   27 0.26
  11   19 0.49
   1   17 0.05
   4    7 0.27

  18   60 0.46
   9   12 0.01
  41   70 0.74
  13   46 0.67
   1   32 0.44
  13   33 0.07
  41   53 0.23
  25   52 0.94
  17   40 0.35
  16   46 0.13
  30   72 0.01
  27   45 0.79
  32   62 0.00
  32   48 0.83
   4   36 0.99
  35   62 0.91
  16   54 0.69
  30   54 0.92
   1   10 0.88
  32   67 0.34

  39   65 0.03
  14   35 0.37
  10   51 0.73
  24   32 0.93
   6   23 0.68
   6   20 0.38
   3   39 0.29
  27   59 0.56
  38   67 0.48
  23   32 0.32
   2    5 0.39
  23   31 0.30
   7   17 0.27
  25   63 0.35
  28   69 0.24
  30   67 0.56
  34   70 0.89
  19   39 0.69
  35   44 0.95
  41   73 0.38

