4 30 8
6    2   4   2   4  10   4

   9   26 0.97
   6   11 0.48
   3   18 0.67
   4   16 0.27
   8   25 0.32
   2    9 0.10
   8   14 0.48
  10   24 0.57
  10   20 0.05
  11   27 0.98
   8   25 0.69
   2   18 0.92
   9   23 0.40
   6   16 0.47
   2    4 0.27
   7   18 0.37
   3    9 0.11
   2   12 0.63
  11   20 0.22
   6   19 0.67
   5   20 0.79
   4    5 0.43
   4    4 0.87
   8   25 0.53
   6   11 0.19
   3   11 0.38
   8   12 0.24
   0   17 0.14
   2   11 0.39
   3    3 0.24

   0    3 0.78
   8   19 0.75
   5   10 0.99
   1    7 0.45
   0    7 0.56
   7   18 0.73
   4   12 0.20
  10   20 0.37
   4    4 0.67
  11   15 0.44
  10   12 0.66
  11   14 0.87
  11   25 0.50
   8   25 0.07
  10   26 0.84
   7   13 0.37
   2   19 0.91
   5   11 0.61
   8   12 0.36
  11   28 0.33
   9   17 0.65
   9   21 0.04
   4   11 0.58
   9   10 0.72
   6   22 0.24
   2    2 0.92
  11   21 0.86
   9    9 0.94
   3    9 0.62
   1   16 0.18

   5   16 0.85
   4   20 0.19
   5   18 0.83
   9   11 0.22
   2    3 0.77
  10   25 0.41
   1    6 0.27
   5   20 0.06
   7   19 0.16
  10   13 0.15
   6   10 0.84
   3    5 0.88
   8   14 0.66
   3    4 0.32
  11   17 0.79
  11   21 0.50
   1    4 0.81
  10   22 0.79
   7    8 0.78
  11   26 0.17
   6   17 0.58
  10   21 0.22
   2   16 0.79
   0   13 0.51
   2    8 0.45
   3    3 0.12
   7   19 0.62
   6    7 0.16
   1    8 0.45
   6    7 0.16

   3    9 0.96
   0    6 0.83
   1   16 0.68
   3   11 0.43
   4   12 0.43
  10   19 0.81
   7   21 0.04
   5   18 0.41
  10   27 0.14
   3   10 0.74
   7   12 0.24
   7    8 0.47
   4    9 0.69
   9   22 0.67
  10   22 0.14
   7   17 0.55
   2    9 0.84
   3    9 0.91
   9   13 0.45
   8   20 0.85
   1    7 0.57
   2   17 0.56
   0    2 0.96
   3   10 0.42
   1   16 0.27
   3   19 0.05
   9   13 0.00
   9   10 0.54
  11   12 0.81
   0    1 0.27

   7   22 0.95
   7   18 0.14
   6   11 0.03
   8   19 0.37
   4   17 0.06
   6   23 0.10
   0    8 0.87
   8   23 0.39
   9   10 0.45
   6    7 0.64
   3   20 0.46
   4    4 0.84
   3    5 0.24
   1   10 0.45
   5   12 0.77
  10   22 0.35
  10   11 0.72
   8   11 0.28
   3   12 0.94
   1   14 0.56
   3   14 0.27
   5    9 0.40
   5   13 0.84
   9   12 0.08
   8   23 0.92
   6   16 0.61
  11   24 0.74
   5   20 0.54
   3    7 0.91
   1   18 0.27

   3   10 0.43
   9   10 0.67
   4   17 0.32
   4   16 0.58
   3    7 0.94
   6   17 0.75
   8   19 0.54
   8   17 0.38
   9   25 0.27
   3    8 0.01
   8   19 0.86
   1   10 0.90
   4   14 0.22
   1    2 0.42
   2    9 0.04
   5   14 0.90
   9    9 0.42
   1   10 0.93
   9   16 0.66
   4   19 0.45
  10   24 0.33
   9   22 0.70
   3   17 0.55
   6    8 0.59
   2    5 0.90
   5   12 0.47
   1    8 0.45
  11   21 0.64
   2    2 0.16
   7   16 0.18

