5 80 8
3   20  10  10

  18   27 0.78
  27   78 0.13
   7   48 0.67
   9   14 0.33
   9   37 0.29
  22   38 0.89
  11   52 0.51
  30   43 0.73
  13   67 0.84
  28   74 0.59
  32   69 0.87
   1    6 0.26
  12   56 0.61
  31   61 0.06
  35   48 0.03
  23   36 0.05
  38   73 0.37
   0   19 0.50
  17   64 0.99
  38   50 0.10
  28   44 0.85
  29   53 0.94
  33   46 0.00
   0    1 0.04
  13   27 0.20
   8   47 0.15
  36   95 0.35
  11   15 0.79
  33   57 0.63
  19   43 0.33
  16   37 0.14
   6   65 0.40
  18   44 0.20
  19   68 0.20
  17   44 0.57
  30   70 0.56
  23   81 0.27
  26   38 0.05
   2   34 0.81
  34   36 0.43
  19   22 0.14
  32   38 0.09
  35   91 0.19
  10   40 0.06
  14   19 0.65
  28   81 0.78
  19   56 0.87
  22   27 0.77
  27   33 0.37
  38   66 0.87
  16   52 0.51
   5   44 0.99
   2   35 0.63
   1   19 0.77
  29   34 0.06
  36   47 0.47
   7    7 0.88
  39   52 0.59
  36   56 0.24
   2   42 0.93
  10   41 0.90
  12   28 0.26
  20   45 0.16
  33   91 0.24
   9   29 0.61
  14   42 0.30
  12   17 0.84
  22   35 0.81
  27   75 0.63
   4   54 0.44
   1    4 0.68
  28   53 0.80
  39   91 0.46
  15   35 0.41
  13   31 0.75
  29   81 0.66
   5   33 0.57
   6   39 0.78
  17   45 0.25
  26   30 0.76

  11   41 0.80
  29   83 0.25
  13   71 0.04
  36   89 0.38
  11   45 0.91
  23   62 0.27
  37   62 0.13
  35   56 0.14
  26   79 0.40
  19   37 0.62
  30   83 0.17
   6   22 0.98
  28   48 0.68
   5   63 0.24
   9   36 0.25
  28   59 0.23
  23   58 0.53
  22   57 0.05
  16   57 0.94
  18   38 0.32
  38   53 0.18
  29   29 0.67
  16   21 0.05
  12   13 0.67
  32   79 0.50
  39   84 0.56
  14   41 0.75
  25   62 0.34
   8   33 0.92
  36   67 0.12
   5   45 0.35
  10   36 0.53
  22   49 0.30
   3   36 0.75
   6   27 0.88
  26   50 0.58
  38   90 0.41
  25   77 0.31
  17   49 0.05
  12   28 0.38
  15   72 0.10
  21   42 0.94
  35   75 0.35
   8   21 0.43
  31   83 0.59
  15   17 0.80
   9   64 0.02
  15   62 0.88
   5   21 0.75
   9   32 0.76
  13   70 0.98
   0   30 0.16
   0    5 0.50
  29   71 0.24
  39   82 0.71
  27   49 0.50
  15   21 0.59
  17   18 0.56
  22   52 0.35
  22   37 0.14
  32   32 0.71
   8   59 0.07
  38   68 0.88
  22   25 0.61
  13   39 0.51
  17   33 0.92
  21   74 0.67
  32   85 0.77
  20   78 0.29
  13   54 0.75
  25   64 0.23
  39   60 0.82
   6   19 0.96
   5   20 0.65
   4   29 0.60
  31   80 0.27
  10   68 0.69
   2   21 0.68
  35   60 0.62
   2   53 0.40

  11   34 0.05
   0   59 0.87
  19   54 0.85
  27   60 0.90
   8   60 0.63
  20   60 0.60
   6   31 0.95
  32   48 0.77
  27   76 0.00
  12   39 0.91
   5   37 0.48
   5   61 0.29
   5   23 0.38
   0   12 0.82
  30   67 0.09
  22   41 0.83
   7   29 0.95
  31   87 0.38
  16   54 0.79
  28   36 0.56
   4   60 0.47
   4   37 0.94
  13   19 0.22
  28   38 0.10
  22   30 0.55
  18   66 0.57
  32   50 0.54
  11   53 0.30
  22   24 0.47
  37   79 0.17
   7   24 0.69
  14   63 0.95
   1   39 0.41
  27   75 0.50
   2    3 0.37
   0   14 0.93
  31   87 0.75
  33   37 0.75
  37   88 0.96
  20   79 0.61
  37   87 0.31
  34   82 0.47
   3   28 0.69
  37   63 0.51
   6   53 0.17
   5   19 0.19
   4   59 0.41
  19   77 0.04
  14   29 0.13
  13   49 0.48
   1   20 0.94
  32   82 0.77
  39   46 0.98
   6   47 0.52
  13   38 0.15
  36   85 0.84
  16   54 0.75
  30   85 0.32
  14   67 0.40
  21   39 0.50
  19   47 0.88
   9   15 0.20
  13   31 0.11
  26   29 0.00
  29   80 0.84
   2   48 0.89
  19   43 0.80
   1   26 0.78
  20   63 0.44
   6   43 0.94
  36   93 0.78
  22   73 0.46
  29   80 0.66
   9   60 0.54
  16   65 0.95
   6   17 0.01
  35   52 0.40
  14   64 0.81
  16   54 0.12
  28   84 0.71

