5 50 4
6   10  20  10  16  16  16

  51   81 0.67
  71   77 0.68
 109  135 0.56
  23   55 0.37
  83  100 0.66
   8   23 0.73
  97  123 0.79
  77   79 0.69
  71   71 0.10
  25   35 0.61
  30   58 0.80
  37   60 0.67
  53   90 0.17
  56   99 0.48
  75  105 0.91
  29   66 0.06
 106  113 0.05
  55   80 0.88
  88   97 0.64
  34   45 0.85
  41   59 0.44
  74   91 0.48
 108  154 0.35
  68  122 0.64
  87  122 0.52
  14   28 0.24
  98  127 0.64
  19   59 0.88
  46   95 0.88
  99  150 0.74
  92  111 0.52
   0   40 0.41
  70   76 0.34
  66  106 0.65
  38   75 0.85
  86   95 0.85
  11   64 0.54
  92  138 0.64
  53   58 0.24
   8   39 0.91
 100  138 0.67
  69   76 0.49
  55   65 0.83
  84  100 0.96
  10   32 0.21
   6   22 0.43
  32   32 0.22
  73  107 0.45
  17   17 0.88
 107  157 0.77

  74   90 0.05
  70  104 0.21
  50  102 0.88
  69  100 0.89
  93  129 0.33
  95  104 0.76
  69   86 0.84
  55   72 0.84
   7   14 0.83
  17   36 0.97
  83  134 0.54
  22   53 0.02
 100  107 0.23
  14   21 0.40
  76  126 0.91
  36   71 0.88
  95  112 0.33
   1    5 0.23
  58   80 0.23
  21   43 0.73
  12   37 0.68
  80   87 0.95
  17   61 0.69
  35   52 0.86
  31   34 0.72
 103  140 0.17
 107  125 0.37
  13   57 0.06
  90  134 0.99
  42   61 0.03
  43   70 0.93
  12   46 0.97
   8   48 0.42
  22   30 0.91
  24   33 0.37
  49   77 0.44
  54  108 0.58
  25   31 0.14
  40   74 0.65
  66  118 0.44
  69   80 0.56
 107  144 0.97
  32   64 0.29
  56   67 0.18
  47   63 0.79
  16   67 0.19
 103  150 0.46
  68  111 0.95
  64   82 0.05
   5   47 0.08

  78   86 0.66
  61   89 0.28
  46   98 0.91
  91   91 0.56
  66   96 0.03
  57  107 0.32
  28   35 0.07
  33   53 0.07
  33   44 0.40
  82  107 0.21
  94  137 0.60
  42   87 0.00
  10   16 0.33
  59  105 0.20
  42   58 0.68
  80  118 0.68
  85  127 0.55
  13   35 0.32
  99  127 0.21
  88  130 0.80
   8   21 0.98
  86   89 0.98
  18   35 0.11
  73   98 0.02
  76  105 0.06
   8   16 0.46
  15   51 0.05
  30   71 0.40
  78  104 0.45
   3   36 0.72
  25   67 0.81
  78   90 0.95
  46   68 0.87
  44   70 0.36
  63   73 0.34
  72  125 0.74
  93  132 0.93
  84  131 0.11
  52  101 0.24
  69  113 0.45
 101  147 0.87
  80  126 0.20
  34   72 0.75
  50  102 0.72
  10   53 0.16
  95   96 0.78
   0   20 0.13
  74  113 0.95
  98  121 0.24
  41   74 0.14

  10   46 0.24
 106  108 0.00
 108  113 0.24
  27   77 0.28
   2    8 0.24
  79   97 0.60
   7   47 0.72
  11   37 0.89
  94  114 0.79
  35   52 0.85
  33   37 0.30
   2   26 0.00
  95  119 0.14
  75  106 0.80
  46   75 0.77
  65   98 0.50
  53   78 0.59
  58   88 0.62
  35   62 0.61
   7   46 0.03
  90  107 0.99
  83  117 0.48
  22   53 0.17
  62  115 0.10
  88  116 0.67
  35   47 0.48
  76   79 0.85
  55   99 0.67
  61   67 0.54
  54   65 0.84
  95  113 0.42
  62  116 0.98
   8   34 0.58
  60   92 0.82
  40   76 0.10
 109  143 0.83
  64   78 0.39
  63   70 0.17
   8   13 0.53
  69   83 0.97
  39   69 0.38
  35   40 0.26
  28   52 0.41
  91  140 0.87
  66   83 0.30
  78   79 0.91
  48   80 0.73
   6   38 0.98
  25   51 0.87
  65   74 0.91

  89   97 0.92
  45   64 0.87
  56   80 0.49
  32   76 0.99
  32   80 0.51
  55   87 0.12
  41   59 0.48
  39   72 0.71
 101  137 0.81
  44   53 0.42
  54  100 0.04
  41   78 0.16
  51   73 0.53
  22   45 0.36
   3   52 0.39
  45   96 0.20
  72  101 0.97
 101  147 0.39
  64   94 0.08
  49   91 0.31
  99  125 0.29
  33   54 0.92
  56  106 0.07
  66   71 0.45
   7   44 0.19
  63   91 0.69
  34   76 0.98
  96  119 0.97
  50   90 0.30
  74   80 0.24
  10   28 0.31
  98  114 0.49
  80   86 0.73
  65  107 0.04
  50   68 0.96
  78  104 0.54
  61   79 0.92
  91  127 0.90
  88  102 0.90
   2   38 0.73
  41   85 0.75
  71  114 0.20
  41   53 0.81
  16   63 0.10
  31   80 0.86
  33   69 0.92
  23   31 0.75
  15   30 0.32
  12   47 0.85
  77  123 0.31

  72  115 0.95
  68   87 0.57
  46   78 0.30
  68  116 0.79
  37   67 0.36
 102  107 0.56
  17   42 0.03
 105  135 0.78
  26   75 0.59
  49   56 0.33
  33   38 0.49
  91  139 0.12
  22   45 0.89
 105  127 0.12
 105  141 0.90
   6   17 0.55
 100  109 0.37
  13   38 0.37
   2   38 0.93
  49   56 0.56
  19   48 0.57
  11   46 0.39
 107  156 0.08
 108  154 0.81
   0   53 0.51
 107  112 0.22
  19   28 0.53
  89  128 0.42
  79   95 0.62
  23   46 0.85
  65   86 0.73
  98  137 0.93
  49   65 0.33
  76   82 0.88
   3   19 0.29
  25   71 0.09
  93  118 0.67
  27   49 0.51
  60   67 0.67
  84   96 0.41
  69  104 0.28
  38   82 0.39
  28   76 0.17
 104  113 0.25
  95  105 0.23
  74  120 0.77
 108  134 0.91
  29   53 0.33
  15   37 0.45
  80  103 0.45

