4 80 8
3   10  10   4

   0    8 0.80
   2    2 0.64
  14   17 0.18
   4   25 0.50
   7   24 0.40
   1    4 0.14
   9   11 0.94
   7   28 0.94
  12   34 0.03
  12   15 0.80
  14   32 0.22
   0   13 0.56
  14   25 0.35
   6   26 0.19
  13   28 0.90
   3   17 0.75
   0   15 0.46
   3    9 0.19
  12   27 0.46
   2    5 0.62
  14   30 0.51
   0   26 0.12
  14   18 0.55
  10   14 0.11
   0    0 0.07
   5   19 0.44
   1   19 0.29
   2   27 0.43
  11   36 0.16
   5    7 0.19
   3   23 0.32
   0   10 0.74
   9   16 0.64
   4   22 0.64
   3    6 0.99
   1    2 0.42
   1   27 0.97
   0   14 0.14
   2   27 0.04
  11   16 0.45
   6   18 0.20
   2   12 0.38
  13   16 0.84
   7   16 0.71
  11   18 0.16
   7   20 0.35
   5   33 0.06
   0   20 0.20
  12   41 0.04
   8   33 0.30
   6   14 0.26
  10   10 0.42
   9   10 0.92
  14   26 0.19
   2   18 0.55
   9   28 0.42
   4   28 0.12
   3   18 0.68
   0   19 0.26
  10   14 0.97
   0   25 0.50
   4   19 0.81
   7   15 0.12
   5   20 0.53
  10   32 0.94
   3   11 0.36
  11   38 0.70
   0    9 0.29
  13   23 0.59
  11   15 0.14
  10   35 0.50
   9   25 0.57
   4   19 0.24
   6    7 0.50
  11   33 0.77
  11   30 0.62
   9   21 0.54
   7   26 0.17
   5   10 0.72
   9   30 0.24

  10   27 0.08
  13   40 0.69
   5   34 0.16
   2   10 0.13
   2    9 0.13
  14   23 0.54
  11   23 0.58
   5   33 0.18
   9   19 0.53
   4    5 0.42
   1   26 0.38
   3   11 0.19
   2   27 0.63
   9   33 0.49
  11   28 0.21
   2   13 0.24
   4   17 0.25
   8   24 0.77
   3   29 0.89
   9   34 0.93
   8   17 0.17
   1    4 0.94
   1   26 0.48
   2   11 0.31
   4   27 0.11
   2   10 0.64
   2   21 0.69
   2   26 0.12
   5   21 0.39
  13   41 0.04
   0    4 0.67
  12   12 0.56
  10   23 0.77
   2    6 0.49
   2    6 0.35
   3    8 0.93
   8   26 0.38
  13   22 0.25
  12   32 0.88
   7   24 0.83
   2    5 0.09
   9   17 0.83
   7   13 0.48
   7   15 0.45
   8   27 0.58
   6    9 0.34
   9   14 0.33
   9   33 0.46
   6   18 0.38
   2   30 0.14
   4    8 0.09
   5   15 0.28
   5   31 0.31
  11   18 0.81
  12   32 0.26
   7   16 0.53
  11   20 0.05
   9   36 0.65
   3   25 0.24
  13   41 0.11
   1   14 0.94
   8   33 0.17
   2   26 0.53
   4    9 0.38
  12   24 0.79
  12   26 0.82
   6   19 0.66
  12   19 0.80
  14   36 0.95
   9   33 0.15
   4    7 0.47
   4   27 0.73
  14   40 0.08
  14   38 0.38
   3    9 0.37
   4   15 0.47
   1    8 0.43
  13   36 0.65
  11   21 0.94
   2   30 0.39

   4   26 0.59
  10   32 0.44
  14   28 0.45
  11   11 0.65
  14   24 0.98
  10   12 0.24
   9   29 0.91
   0    5 0.04
   9   29 0.11
   9   17 0.01
  13   13 0.70
   7   35 0.54
   2   31 0.11
   8   11 0.60
   4    6 0.36
   3   32 0.20
  11   21 0.74
   1   22 0.11
  10   11 0.90
   7   24 0.41
   6   15 0.85
  13   15 0.96
   7   26 0.45
   4   11 0.12
   3   23 0.66
   1    4 0.56
   1   29 0.41
   1   23 0.13
   3   29 0.30
   8   34 0.21
   5   14 0.01
  12   26 0.15
   4   27 0.10
   9    9 0.90
  11   12 0.07
   5    7 0.44
   2   27 0.16
   3   26 0.47
   0    9 0.61
  13   41 0.57
  11   34 0.56
   5   20 0.51
   6   26 0.58
   3   13 0.45
  12   38 0.55
  13   33 0.16
   7   29 0.33
   8   12 0.04
  14   21 0.71
   9   17 0.12
   5    8 0.47
   7   18 0.20
   3   21 0.75
   8   24 0.54
   1   14 0.08
   9   11 0.48
   2   21 0.56
   7   16 0.49
   7   34 0.32
   9   31 0.63
   3   27 0.36
   2   12 0.27
   6    9 0.58
   8   13 0.74
   9   32 0.59
   6   22 0.13
   4    9 0.97
   4   25 0.08
  10   27 0.92
   0    2 0.29
   3   26 0.98
   5   22 0.02
   8   20 0.53
   5   33 0.96
   0    0 0.06
   8   23 0.29
  12   33 0.57
   5   23 0.21
   8   19 0.04
  14   33 0.24

