4 15 4
12   10   4   4   2  10   2  16  10   2   2   4   4

   2   41 0.63
  10   38 0.92
   3    3 0.92
   6   36 0.49
   0   12 0.44
  23   30 0.45
  23   46 0.21
  29   53 0.98
   0   27 0.25
  31   69 0.13
  17   51 0.94
   1   39 0.82
  17   61 0.23
  13   20 0.23
   3    6 0.54

  24   34 0.14
  26   29 0.94
  17   61 0.05
  12   47 0.17
  24   40 0.06
  30   41 0.00
  12   13 0.71
  31   63 0.13
  23   60 0.50
  19   52 0.19
  28   71 0.66
  22   34 0.52
  22   58 0.52
  31   34 0.79
  10   44 0.54

  17   37 0.23
  16   36 0.53
  20   46 0.24
  17   17 0.89
  20   33 0.19
  31   46 0.04
  14   50 0.63
  17   59 0.17
  31   36 0.19
  16   36 0.22
  11   49 0.70
  20   67 0.00
  15   39 0.22
   8   23 0.75
  11   29 0.22

   0   47 0.67
  22   22 0.05
  21   60 0.48
   8   29 0.77
  30   76 0.10
  23   41 0.19
  25   66 0.70
  23   43 0.15
  10   36 0.46
   5   27 0.35
  19   55 0.02
   0   38 0.32
  27   52 0.47
  29   52 0.70
  16   21 0.77

  26   62 0.60
  20   58 0.36
   1   13 0.71
  18   22 0.70
  11   27 0.86
  11   56 0.07
  22   59 0.07
  31   46 0.94
   0   36 0.31
  24   30 0.61
   0    9 0.40
  12   17 0.63
   8   36 0.78
   2   49 0.34
  29   59 0.32

  10   31 0.45
  22   43 0.35
   7   20 0.21
   0   26 0.66
  17   42 0.13
  22   60 0.85
  10   47 0.68
  15   56 0.78
  12   42 0.31
  15   30 0.94
   1   23 0.81
   0   31 0.82
   5   42 0.38
  27   60 0.17
  30   55 0.84

  15   62 0.03
  17   48 0.02
   3   49 0.11
  29   73 0.91
   3   15 0.72
  30   34 0.65
  31   65 0.86
  14   26 0.94
   2   34 0.07
  28   33 0.37
  12   13 0.52
   5   38 0.09
  18   61 0.30
   9   13 0.22
  15   34 0.25

   0   15 0.19
  18   32 0.22
   0    0 0.75
  10   38 0.26
  24   34 0.76
  25   64 0.81
   4    9 0.77
  28   59 0.14
  12   37 0.41
  13   28 0.46
   9   45 0.79
  30   36 0.38
   9   23 0.67
   7   24 0.00
   3   19 0.72

  27   37 0.25
  29   66 0.06
   5   34 0.95
  18   43 0.99
  17   58 0.16
  29   57 0.20
  16   45 0.95
  14   26 0.04
   6   15 0.79
  20   55 0.61
  16   39 0.01
  15   25 0.95
  12   34 0.92
  15   36 0.08
  12   32 0.75

  31   55 0.89
  24   27 0.76
   7   28 0.54
   7   22 0.82
   2   26 0.89
  31   47 0.63
  14   58 0.73
  24   57 0.70
   6   28 0.37
  18   42 0.44
  28   30 0.64
   9   37 0.99
   8   45 0.76
  28   43 0.86
  27   70 0.45

  18   40 0.86
   6   50 0.07
  26   35 0.97
  16   52 0.84
  23   47 0.18
  11   38 0.43
  27   40 0.60
  13   44 0.03
  31   38 0.47
  24   59 0.42
  25   35 0.05
  21   65 0.25
  23   40 0.63
  15   52 0.66
  22   64 0.97

  14   22 0.91
   7   34 0.76
   5   15 0.45
  27   65 0.82
  13   39 0.39
  19   61 0.65
   8   11 0.18
  13   54 0.51
  30   74 0.31
  21   21 0.65
  14   16 0.39
  16   41 0.12
  18   26 0.27
  26   51 0.08
   0   25 0.64

