5 50 4
6    4   2  10  20  10   2

  25   64 0.18
  20   70 0.04
  14   96 0.80
  15   61 0.82
  13   65 0.12
  40   77 0.12
  22  109 0.36
  13   42 0.62
  17   79 0.93
  57   89 0.39
  36  118 0.92
  46   82 0.75
  52   64 0.06
   8   34 0.76
  35   46 0.81
  45   67 0.53
  46   69 0.43
  50   72 0.16
  16   64 0.79
   1   40 0.63
  47   83 0.94
  29  110 0.18
  59  126 0.73
  43   81 0.84
  48   75 0.66
   8   97 0.52
  31   47 0.96
  25   50 0.73
  12   86 0.75
   3   77 0.19
   3   71 0.60
   7   26 0.83
  10   83 0.29
   6   49 0.23
   0   10 0.53
  45   81 0.43
  15   54 0.16
  32  105 0.11
   1   45 0.78
  48  106 0.60
   7   27 0.03
  28   58 0.14
  41   56 0.10
  45  120 0.82
  11   79 0.68
  24   60 0.62
  40   73 0.58
  27   32 0.65
  34   91 0.99
   4   56 0.84

  53  118 0.43
  17   42 0.40
  53   98 0.09
  12   36 0.89
  58  139 0.81
   4   76 0.35
  59   68 0.55
  52   72 0.39
  21   99 0.32
  52   55 0.25
  26  102 0.00
   4   59 0.23
  30   82 0.39
  50   54 0.11
  14   19 0.75
  13   87 0.54
  53  109 0.50
  28   41 0.65
  11   20 0.09
  36   75 0.22
   2    7 0.42
  12   76 0.82
  17   71 0.06
  36   58 0.43
  18   45 0.39
  15   42 0.83
  46  101 0.97
  12   21 0.66
  36  119 0.81
  48  130 0.23
   1   69 0.90
  22   54 0.01
  12   54 0.31
  54  114 0.13
  40  114 0.34
  58  120 0.47
  55   94 0.53
  21   24 0.29
  19   22 0.14
   3   61 0.33
  27   56 0.19
  12   55 0.09
  35   53 0.40
  27   49 0.30
   0    2 0.79
  59   75 0.52
  13   56 0.81
  44   98 0.27
  16   94 0.19
  21   57 0.12

  52  113 0.60
  54   79 0.74
  20   82 0.67
  29   60 0.48
  41   55 0.18
  39   94 0.64
  43   46 0.82
  29   31 0.86
  17   32 0.63
  50   75 0.77
   7   50 0.45
  32  109 0.14
   2   25 0.04
  48  118 0.23
  57  129 0.44
  21   76 0.80
  22   73 0.14
  27   99 0.22
  32  109 0.48
   3   20 0.64
  32  120 0.05
  36  117 0.19
  14  102 0.93
  43   59 0.79
  21   78 0.57
  50   73 0.82
  46   66 0.49
  14   95 0.15
  55   65 0.98
  19   22 0.57
  49   86 0.13
  48   94 0.08
  19   37 0.18
  43  123 0.30
  35   79 0.99
  14   30 0.25
  49  136 0.51
  44   58 0.37
  13   28 0.44
  31   50 0.25
  31   60 0.77
  29   66 0.90
   9   14 0.23
  30   84 0.03
  54   82 0.21
  10   79 0.59
  45   58 0.13
  41  121 0.23
  37   48 0.59
  23   51 0.81

  55   65 0.07
   9   46 0.10
  58  145 0.54
  58  110 0.28
  20   49 0.57
  57  111 0.52
  14   35 0.78
  51   90 0.61
  35   43 0.97
  13   50 0.88
  39   45 0.97
  18   21 0.13
  29   62 0.80
  24   73 0.36
   8   43 0.65
   8   92 0.90
  24  109 0.07
  52  100 0.91
   2   25 0.73
  15   36 0.36
  43   67 0.92
  44  113 0.99
  37   53 0.86
  17   30 0.37
  51   68 0.06
  22  110 0.66
   9   20 0.09
  32   56 0.04
  42   45 0.03
  35   39 0.63
   6   34 0.31
  34  102 0.93
  20   52 0.89
  12   60 0.49
   4   57 0.04
  23  104 0.48
  44  101 0.80
  19   37 0.04
  23   54 0.06
  24   30 0.15
  20   74 0.90
  38  126 0.03
  34   39 0.12
  29   70 0.81
  43   48 0.99
  46  120 0.45
  55   87 0.99
  31  100 0.27
  42   58 0.38
  10   83 0.00

  19   95 0.41
  27   45 0.27
  25   34 0.63
  17   61 0.63
  59  106 0.52
  34  111 0.82
  56  108 0.67
  38   72 0.91
  31   89 0.28
   6    9 0.71
  31   96 0.78
  18   89 0.75
   4   39 0.56
  36   71 0.96
  45   72 0.99
  16   51 0.43
  31   92 0.91
  18   42 0.88
  35   47 0.29
  40   59 0.74
  56  125 0.55
   7   67 0.62
  12   42 0.72
   9   46 0.36
  44  121 0.62
  13  100 0.04
  52   81 0.51
  57   73 0.43
  52   89 0.82
   6   77 0.48
  53   87 0.88
  37   65 0.20
  46  111 0.69
  54   75 0.25
  40   94 0.89
   1    8 0.38
  29   44 0.70
  45  127 0.34
  29   65 0.61
  43   80 0.09
  31  116 0.95
  56  122 0.63
  49  104 0.33
  35   76 0.65
  49  130 0.08
  33   86 0.33
  44   47 0.93
   4   56 0.32
  39   80 0.42
  55  119 0.70

  47  117 0.05
  30   99 0.64
   1   69 0.76
   3   41 0.24
  51   62 0.45
  35  102 0.74
  53   56 0.95
  40   61 0.75
   2   25 0.47
  21   60 0.66
   2   39 0.28
  24   39 0.61
  34   70 0.07
  56   65 0.29
  13   44 0.98
  59   88 0.71
  11   46 0.69
  45   53 0.72
  59  115 0.80
   8   40 0.28
  28   46 0.61
  11   32 0.34
  14   71 0.84
  15  100 0.32
  42   90 0.96
  54   87 0.35
  19   92 0.98
  17   55 0.49
   5   73 0.74
  45  103 0.66
  36   84 0.11
   6   17 0.13
  55  120 0.72
  42  122 0.00
  58  140 0.61
  11   40 0.60
   9   26 0.82
  56  115 0.19
  41   57 0.79
   3   69 0.76
  31   72 0.32
  24   68 0.78
  31   65 0.48
  53  139 0.15
  48   63 0.53
  48   57 0.18
  14   60 0.57
   6   42 0.83
  14   44 0.36
  40   50 0.72

