4 25 4
12   10  16   2  16   4   2  10  16   4   2  20  10

  69   93 0.34
  44   65 0.00
 125  154 0.63
  19   52 0.40
   1    4 0.80
  66  104 0.41
  34   34 0.28
  46   66 0.73
 130  171 0.79
 101  133 0.59
  93  113 0.10
  32   44 0.92
  34   70 0.31
  55   79 0.38
  90  132 0.85
 116  143 0.95
 126  127 0.34
  64   74 0.68
  45   69 0.03
 124  128 0.09
  15   36 0.14
  99  124 0.40
  30   31 0.38
   7   16 0.60
 103  125 0.63

  98  106 0.69
  41   81 0.09
  52   87 0.73
  31   60 0.57
  43   81 0.19
  89  100 0.54
 116  123 0.76
  55   74 0.39
  18   25 0.48
  54   80 0.27
 123  143 0.24
  71   97 0.52
   7   29 0.31
  90   94 0.87
 111  125 0.00
 120  137 0.40
   9   25 0.54
   5    5 0.56
 109  143 0.43
  59   74 0.99
  64  100 0.76
  95  118 0.79
  68   80 0.14
  51   72 0.14
  79  113 0.22

 120  143 0.04
  28   55 0.59
  33   63 0.39
  60   62 0.78
  86  121 0.19
  26   39 0.56
  83  110 0.03
  23   29 0.16
   9   50 0.83
  77   97 0.49
  17   59 0.92
   8   45 0.37
 107  149 0.65
 101  133 0.31
  26   40 0.96
 121  131 0.88
  99  123 0.07
  58   77 0.34
  83  114 0.44
  48   64 0.00
 107  114 0.26
  66   86 0.60
  87  104 0.21
  51   74 0.99
  71   85 0.84

  65   84 0.46
   2   24 0.41
  86  110 0.04
  26   61 0.82
  71   97 0.83
  30   37 0.16
 130  133 0.75
  33   38 0.70
  84  107 0.43
 118  134 0.04
  86   99 0.07
  83   94 0.93
  47   77 0.10
 115  152 0.38
 105  117 0.89
  15   50 0.80
   4   27 0.02
  58   64 0.90
  26   48 0.24
  99  119 0.66
  18   52 0.33
 115  119 0.47
  73  106 0.73
  86  114 0.72
  94   99 0.94

  73   91 0.88
 113  148 0.44
  34   40 0.64
  58   61 0.13
   8   46 0.21
  14   35 0.23
 110  147 0.92
 123  149 0.02
  41   54 0.33
  51   93 0.93
  13   53 0.64
  71  102 0.51
  96  127 0.02
  93  131 0.69
  10   13 0.33
  30   63 0.17
  75  109 0.42
   5    9 0.85
  35   49 0.18
  10   43 0.25
 100  139 0.13
  16   43 0.50
   5   31 0.75
  26   31 0.86
 115  126 0.47

  91  116 0.61
   9   48 0.85
  44   63 0.89
  62   67 0.15
  76   94 0.91
   2   41 0.54
  36   41 0.32
  49   57 0.84
   8    9 0.44
  82  118 0.66
  97  126 0.12
 122  140 0.24
 114  120 0.13
  99  114 0.69
  49   50 0.21
 110  112 0.91
 126  137 0.00
  73   77 0.35
  12   53 0.55
  38   52 0.62
  14   53 0.40
  42   78 0.20
  23   51 0.18
  24   57 0.87
  86   86 0.13

 122  159 0.99
  75   84 0.33
  77   80 0.87
  87   92 0.84
 100  123 0.46
 115  140 0.34
  52   55 0.93
  56   83 0.12
  75   95 0.22
 112  123 0.01
  63   79 0.81
   1   37 0.29
 125  147 0.77
  35   53 0.84
 130  136 0.69
  18   56 0.96
  87  102 0.77
   6   11 0.99
 115  120 0.71
 120  131 0.30
  24   40 0.38
  61   96 0.89
  57   92 0.32
   2   13 0.28
  15   39 0.87

   1   42 0.53
 119  151 0.99
  36   63 0.56
  55   67 0.56
  57   93 0.16
  80  111 0.45
  49   68 0.14
   6   47 0.16
  81   84 0.22
  30   44 0.76
 125  142 0.85
  58   91 0.23
 101  128 0.51
  45   78 0.30
  67  109 0.52
  54   73 0.57
  96   98 0.24
  54   69 0.44
  20   35 0.71
  10   44 0.29
  59   72 0.63
  51   92 0.83
 119  131 0.43
 127  156 0.14
  15   36 0.08

  29   56 0.17
  10   26 0.61
  86  118 0.46
  86   97 0.96
  66   71 0.07
 129  166 0.62
  97  121 0.58
  89  117 0.34
  62   72 0.06
  97  112 0.19
  37   39 0.57
  76   87 0.92
  51   75 0.24
  55   80 0.22
  72  102 0.29
  87  109 0.04
  99  100 0.81
  71  109 0.09
  93  118 0.03
   7   19 0.79
  21   32 0.97
 112  145 0.77
  14   23 0.82
 126  164 0.06
  54   63 0.88

  78   85 0.71
  43   82 0.89
 124  143 0.51
 107  141 0.36
 113  148 0.14
 112  153 0.44
 108  121 0.29
  26   35 0.42
 119  120 0.96
 101  113 0.68
  94   99 0.08
  34   36 0.08
  71   91 0.37
  73   97 0.95
  23   40 0.39
  84  115 0.62
 117  123 0.64
  83   84 0.71
  86   94 0.71
 117  150 0.03
 107  128 0.21
 125  132 0.78
  59   67 0.15
  54   65 0.57
  17   18 0.08

  35   50 0.10
  31   71 0.08
 127  166 0.03
  96   96 0.96
  84   92 0.68
 108  120 0.15
  82  106 0.54
 109  121 0.74
 115  128 0.38
  97  127 0.73
  99  119 0.74
  76  112 0.16
  45   59 0.46
  59   72 0.44
 119  143 0.11
  14   25 0.52
  64   97 0.77
  26   40 0.31
  97  108 0.60
  38   63 0.70
 126  168 0.89
  15   47 0.35
 122  147 0.99
  38   76 0.21
  12   14 0.70

   9   18 0.11
  95  112 0.94
  89  126 0.80
  68   96 0.42
  89   93 0.15
 116  138 0.44
  76  111 0.68
  42   63 0.27
  98  105 0.29
 111  141 0.23
  48   67 0.01
  14   50 0.28
   2   42 0.83
  12   36 0.64
  25   47 0.67
  16   32 0.45
   6   19 0.98
  66   80 0.80
 111  141 0.10
  77   80 0.71
  74   98 0.23
   9   14 0.39
  90   98 0.19
  32   42 0.06
  13   21 0.47

