5 60 8
3    4  10   4

   9   12 0.67
  10   28 0.32
  19   26 0.80
  19   30 0.40
  15   28 0.46
  12   23 0.05
  17   19 0.01
   3   18 0.77
   2    8 0.44
   3   17 0.57
   3   10 0.55
  17   28 0.05
   9   28 0.57
   0   18 0.38
  14   24 0.56
  13   16 0.20
   9   17 0.06
   3   21 0.68
   9   25 0.28
   1   19 0.19
  13   30 0.86
   9   25 0.89
  12   19 0.55
  15   29 0.57
  17   19 0.73
  19   21 0.15
  14   24 0.52
   3    5 0.94
   2    4 0.36
  15   20 0.32
  16   18 0.14
  11   11 0.01
   1   15 0.49
   7   15 0.65
   5   14 0.21
   7   24 0.64
  10   12 0.52
  15   33 0.64
  15   33 0.87
  13   23 0.18
   8   25 0.03
   7   22 0.31
  14   20 0.80
   1   14 0.69
  18   26 0.99
  13   21 0.84
   4   19 0.23
   4   15 0.00
  12   27 0.47
   4   13 0.95
   1    7 0.86
  10   17 0.27
   2   10 0.85
  18   25 0.65
   7   16 0.28
  12   12 0.88
   0    8 0.13
   6   17 0.03
   9   25 0.81
  15   25 0.48

   0    0 0.37
   9   19 0.59
  17   20 0.14
   4   11 0.31
   8   27 0.51
   2   16 0.45
   7    8 0.74
   4   20 0.45
   4   13 0.82
  11   19 0.29
   5   13 0.56
  19   37 0.34
   2   10 0.28
   2   20 0.03
  15   25 0.79
   3   21 0.52
  11   12 0.45
  13   24 0.43
   2    4 0.26
   1    4 0.14
  10   15 0.92
  14   30 0.94
  16   22 0.48
   8   10 0.63
  14   31 0.27
  19   29 0.65
   2   14 0.47
   1   20 0.00
   9   20 0.65
  16   34 0.73
  15   30 0.36
   7   26 0.94
  14   20 0.83
  13   25 0.11
  15   18 0.55
   2   19 0.16
   7   23 0.81
   1    1 0.09
  14   26 0.99
   6    7 0.27
  16   26 0.70
   3   20 0.25
  10   17 0.68
   1   15 0.39
  18   34 0.91
  17   32 0.69
   7   13 0.75
  13   20 0.34
   8   14 0.50
   3   21 0.66
   6   23 0.15
  11   28 0.47
   6    8 0.86
   2   14 0.57
  13   22 0.10
  19   22 0.89
   4   11 0.88
   0   12 0.43
  12   25 0.58
  14   16 0.91

  14   28 0.82
   5   24 0.60
   7   13 0.64
   4   11 0.38
  12   20 0.19
   3   15 0.83
   3   22 0.17
  15   28 0.42
   4   15 0.20
   6   12 0.73
   6   23 0.99
   0    4 0.46
   1   17 0.02
   0    9 0.71
  19   38 0.83
   3    9 0.84
   3   16 0.00
  11   25 0.04
  13   27 0.73
   9   21 0.87
   5   23 0.83
  15   22 0.38
   8    8 0.64
   8   13 0.89
  18   24 0.72
  18   25 0.27
   1   19 0.51
  15   33 0.47
  11   26 0.00
   2    2 0.20
  10   25 0.95
  14   28 0.03
  12   22 0.26
  18   20 0.81
  10   11 0.26
   9   11 0.14
   6   11 0.44
  15   15 0.12
   4   10 0.71
   1   13 0.38
   0    9 0.47
   5   18 0.04
  18   22 0.60
   3    3 0.62
   1   17 0.89
  12   28 0.88
   0    1 0.17
  12   24 0.96
   9   19 0.00
   5   12 0.32
   6   16 0.22
   4   20 0.07
  18   33 0.70
  10   27 0.38
   7   20 0.14
   2    2 0.73
   5   21 0.34
  13   15 0.97
   7   16 0.25
  19   28 0.15

