4 100 8
3   10  10   4

  31   46 0.73
  45   55 0.88
  13   18 0.33
  24   41 0.63
  51   60 0.44
  25   36 0.23
  12   23 0.47
   1   16 0.94
  51   63 0.36
  50   55 0.30
  51   64 0.08
  53   64 0.31
  27   40 0.68
  10   18 0.46
  19   19 0.49
   4   13 0.64
  43   48 0.63
  37   44 0.58
  15   30 0.75
  24   32 0.02
  12   27 0.03
  55   71 0.06
  26   33 0.40
  12   13 0.37
   5   12 0.53
   5   21 0.47
  26   34 0.91
  53   67 0.84
  48   52 0.39
  33   49 0.28
  53   57 0.94
   4   12 0.95
  32   47 0.46
  41   45 0.74
  11   21 0.02
  18   28 0.99
  53   59 0.32
  50   60 0.83
  27   28 0.51
  30   43 0.17
   2   12 0.37
  49   56 0.00
   9   13 0.84
   4   15 0.17
  21   29 0.66
  27   30 0.47
  47   52 0.08
  38   45 0.32
  33   42 0.15
  55   68 0.06
  27   36 0.59
  47   56 0.76
  32   42 0.98
  41   55 0.42
  18   34 0.19
   6   15 0.40
  28   33 0.63
   8   14 0.75
  10   15 0.62
  24   33 0.72
  23   26 0.53
   1    2 0.53
  13   16 0.71
  42   52 0.42
  41   42 0.61
  13   20 0.06
  28   42 0.87
  53   66 0.33
  33   38 0.35
  42   52 0.57
  49   56 0.15
  43   48 0.21
  47   54 0.86
  38   50 0.31
  41   47 0.75
  42   53 0.07
  33   41 0.96
  33   34 0.36
  49   50 0.61
  54   67 0.07
  11   26 0.88
  44   61 0.89
  39   43 0.10
  44   47 0.96
  19   22 0.18
  36   52 0.36
  20   25 0.09
  52   52 0.03
  21   28 0.25
  12   16 0.23
   0   17 0.82
  47   60 0.27
  12   23 0.44
  27   42 0.57
  38   51 0.61
  18   34 0.84
   2   10 0.71
   9   24 0.25
  17   31 0.96
  50   60 0.13

  25   25 0.39
  32   49 0.49
  14   28 0.13
  48   49 0.74
  10   25 0.27
  41   51 0.19
  27   39 0.59
  23   40 0.58
  21   36 0.49
  44   55 0.25
  31   41 0.27
  44   51 0.46
   9   10 0.69
  12   21 0.94
  43   45 0.26
  13   29 0.67
  54   61 0.95
  35   41 0.11
  41   58 0.14
  30   33 0.88
  33   49 0.72
  18   27 0.20
  52   64 0.69
   8   22 0.43
   7   11 0.25
  20   21 0.25
  23   24 0.28
  52   59 0.53
  28   39 0.24
  20   32 0.35
  26   39 0.77
  15   19 0.64
  37   51 0.16
  36   47 0.74
   1    8 0.46
  45   46 0.25
  52   62 0.09
   9   17 0.19
   6    7 0.26
  35   41 0.93
  43   54 0.29
  19   28 0.02
  18   20 0.49
  40   54 0.92
   4    8 0.03
  24   40 0.39
  39   43 0.42
  20   25 0.92
  16   16 0.11
  36   49 0.09
  41   54 0.29
   4    6 0.71
   6   11 0.31
  42   59 0.18
  21   38 0.46
  45   48 0.11
  54   56 0.59
  47   63 0.84
  18   20 0.29
  16   33 0.05
   6   11 0.03
  31   34 0.00
  30   31 0.18
  21   30 0.05
  36   45 0.55
  16   33 0.94
  27   43 0.39
   2    3 0.45
   3   11 0.08
  46   47 0.48
  12   24 0.03
  30   36 0.77
  51   53 0.25
  31   35 0.03
  42   45 0.29
  42   50 0.41
  19   35 0.45
  32   39 0.70
  43   50 0.98
  32   42 0.79
  34   43 0.23
  31   42 0.76
  52   62 0.08
  47   57 0.83
  46   46 0.95
  19   26 0.97
  37   47 0.12
  37   54 0.64
  27   30 0.23
  10   10 0.76
  21   33 0.42
  22   36 0.45
  40   51 0.57
   2    7 0.12
  55   70 0.83
  36   48 0.64
  38   50 0.59
  18   23 0.15
  13   21 0.38
   8   20 0.58

   2    9 0.35
  41   46 0.19
  43   51 0.25
  24   28 0.04
  19   31 0.05
  47   52 0.71
  30   46 0.58
  10   27 0.77
  23   23 0.37
  43   58 0.24
   6   16 0.78
  41   50 0.41
  26   35 0.46
  29   46 0.09
  41   50 0.94
  13   28 0.40
   0    7 0.59
  46   56 0.00
  42   52 0.41
  16   32 0.33
  21   35 0.80
  53   60 0.83
   1    4 0.73
  22   35 0.00
   3    8 0.65
  20   23 0.58
  35   52 0.08
  12   17 0.06
  35   37 0.13
  50   51 0.18
  53   56 0.16
  21   37 0.41
  38   49 0.98
  34   39 0.38
  28   38 0.70
  50   66 0.13
  21   29 0.88
  28   30 0.31
  40   47 0.20
  32   40 0.69
   7   11 0.96
  26   26 0.05
  17   19 0.74
  39   53 0.92
  42   56 0.05
  14   26 0.12
  10   25 0.55
  23   26 0.14
  29   32 0.48
  51   63 0.33
  53   68 0.12
   6    8 0.22
  53   56 0.72
  25   40 0.38
  38   38 0.80
  24   30 0.83
  54   66 0.40
  45   49 0.88
  51   65 0.37
  14   18 0.94
  36   45 0.53
  49   49 0.99
  27   44 0.38
  51   60 0.93
  25   32 0.75
  48   60 0.73
  31   31 0.21
  34   38 0.73
  16   24 0.43
  53   56 0.87
   6   14 0.51
  36   39 0.40
  51   56 0.65
  28   30 0.41
   4   14 0.82
  41   52 0.19
  18   32 0.43
   9   11 0.05
  53   64 0.15
  14   17 0.94
  44   50 0.86
  17   22 0.58
  29   36 0.45
  31   32 0.36
  42   50 0.91
   6   16 0.45
  43   54 0.17
  44   45 0.92
  41   54 0.61
  14   14 0.76
   7   19 0.90
  48   52 0.69
  31   48 0.26
  30   36 0.66
   1    6 0.23
  16   26 0.94
  42   53 0.04
   4   16 0.54
  11   18 0.34
  42   43 0.26

