3 20 4
12   16   4  16  10  10   4  16   4  10  10  16   4

  22   61 0.79
  95  124 0.75
  18   22 0.33
 119  135 0.91
  57   65 0.01
  70  114 0.72
 125  137 0.50
 120  129 0.17
  45   90 0.87
 133  178 0.80
 123  131 0.79
 101  106 0.96
  32   74 0.26
  77   83 0.09
 124  130 0.64
  58   93 0.79
  33   77 0.54
  27   28 0.36
  32   53 0.03
 117  121 0.22

  43   59 0.06
  22   66 0.55
 123  169 0.21
  30   60 0.34
  15   29 0.58
 100  101 0.06
  59   88 0.59
  13   50 0.55
  69  109 0.30
  93  142 0.90
  45   49 0.05
  52   83 0.66
  21   21 0.42
 124  160 0.75
 127  171 0.59
 134  175 0.07
  80  111 0.31
  68   95 0.86
   2   33 0.07
  81   92 0.08

 127  166 0.03
  69   70 0.55
  73  116 0.31
  54   78 0.76
   3    4 0.80
  49   50 0.24
 125  149 0.32
  35   35 0.57
  11   20 0.00
  28   33 0.17
  55  102 0.70
  43   81 0.37
 130  133 0.34
   6   54 0.85
 146  167 0.77
  70  115 0.71
  21   69 0.73
 101  134 0.02
  25   47 0.95
  56   59 0.88

  14   28 0.57
 110  138 0.60
 146  146 0.35
 128  149 0.73
  98  122 0.30
  59  106 0.36
 118  119 0.82
  48   80 0.78
  98  110 0.25
  82  101 0.95
 140  141 0.37
  30   49 0.49
  79  108 0.34
  55   63 0.65
 131  145 0.18
  76   81 0.63
   2   25 0.72
  92  137 0.28
 109  137 0.74
 101  132 0.35

 115  145 0.52
 137  184 0.67
  68   75 0.95
   1   13 0.06
  37   59 0.57
  31   34 0.87
 141  188 0.97
 129  143 0.41
  17   17 0.90
 108  123 0.72
  29   67 0.19
 145  176 0.17
 138  155 0.57
 142  189 0.96
  66   81 0.35
  39   75 0.03
 119  127 0.07
  18   33 0.06
 100  107 0.62
  61   74 0.47

  69  105 0.72
   0   38 0.92
  15   56 0.18
  48   72 0.23
  37   84 0.37
 129  153 0.29
  94  112 0.28
  60   94 0.19
  46   75 0.75
 141  169 0.85
 103  145 0.50
  16   35 0.16
  31   60 0.33
  70   83 0.14
  70  114 0.68
  96  126 0.12
 103  128 0.65
  80   81 0.77
  51   78 0.65
 101  142 0.13

  61   69 0.80
 146  181 0.32
  88  109 0.01
  72   82 0.90
 139  156 0.84
 114  117 0.70
 115  124 0.53
  61  108 0.24
 122  136 0.26
 106  142 0.60
  32   61 0.23
 119  122 0.69
  75  104 0.63
  48   48 0.81
 130  133 0.70
 115  121 0.10
  77  110 0.91
   2   29 0.96
 134  143 0.12
  24   55 0.79

  44   79 0.24
  13   32 0.44
  86  131 0.31
   0    8 0.64
 136  172 0.56
  20   61 0.85
 128  128 0.10
  30   63 0.81
 137  139 0.85
 139  163 0.50
  13   15 0.09
  11   53 0.05
   1   18 0.28
 142  175 0.00
  83  115 0.06
 149  186 0.63
   3   45 0.97
  22   70 0.68
  20   28 0.16
 111  133 0.93

   4   15 0.90
 111  155 0.46
  88  126 0.12
  30   57 0.42
  22   57 0.95
 141  162 0.13
  93  141 0.63
  17   57 0.10
  37   61 0.24
 133  138 0.82
 124  150 0.84
  15   40 0.51
  46   63 0.95
 147  160 0.65
   0   45 0.35
 105  115 0.31
  76  123 0.16
 110  157 0.77
  73  115 0.32
  49   74 0.80

   7   32 0.50
  14   58 0.83
 102  148 0.36
 128  161 0.98
  75   79 0.40
  92  119 0.53
  95   99 0.25
   9   56 0.64
  58   74 0.20
  64   96 0.61
   6   16 0.97
  36   44 0.24
  49   82 0.23
  15   16 0.73
 139  165 0.78
  45   46 0.65
   9   13 0.30
  12   41 0.28
  92   94 0.44
 122  156 0.47

  23   58 0.52
 109  115 0.66
  69   94 0.46
 127  146 0.87
 141  169 0.00
  17   55 0.59
 104  135 0.20
 107  137 0.93
  26   73 0.65
 136  171 0.82
  50   69 0.16
  10   33 0.44
  56  100 0.23
  32   41 0.40
   2   43 0.64
 116  117 0.65
 147  154 0.43
 115  156 0.10
 123  161 0.80
 136  174 0.97

  75   83 0.18
  60   97 0.35
  83   84 0.13
 114  155 0.91
 102  142 0.70
 112  152 0.17
  41   79 0.93
  76  105 0.14
  52   83 0.38
  12   37 0.44
  96  128 0.00
  57  104 0.05
 121  131 0.48
  61   73 0.28
  42   47 0.03
  44   87 0.11
  79   99 0.88
 103  123 0.19
  23   23 0.95
 145  172 0.18

