5 40 4
6   10   2  16   4   4  20

  54   81 0.72
  73   85 0.88
   5   26 0.11
  57   64 0.19
  72   82 0.40
  24   38 0.75
   9   25 0.75
  79  100 0.58
  21   30 0.43
  61   86 0.24
  77   78 0.98
  30   43 0.50
  14   40 0.43
  69   88 0.60
  57   66 0.71
  76  100 0.99
  38   55 0.73
  53   73 0.46
  69   93 0.46
  46   54 0.41
  73   83 0.41
  12   27 0.12
  28   38 0.69
  49   72 0.61
  25   50 0.49
  63   73 0.57
  23   31 0.32
  78   96 0.62
  71   85 0.50
  69   80 0.60
  77   77 0.60
  64   73 0.40
  24   42 0.46
  68   90 0.83
  37   62 0.79
  20   25 0.77
  40   66 0.79
  58   64 0.32
  28   55 0.38
  50   66 0.35

  15   34 0.63
  16   43 0.26
  32   42 0.88
  55   55 0.25
  28   42 0.29
  79   95 0.76
  78   95 0.73
  58   77 0.74
   7   32 0.91
  23   40 0.30
  39   57 0.73
  39   63 0.26
  45   63 0.01
  25   52 0.69
  59   69 0.22
  73   79 0.31
  17   24 0.37
   8   31 0.47
  75   85 0.12
  27   41 0.67
  75   76 0.75
  65   68 0.18
  76  100 0.04
  82   97 0.11
  77  102 0.91
  79   98 0.34
  28   43 0.03
  73   79 0.96
  19   27 0.49
  40   40 0.77
  33   36 0.64
  21   38 0.52
  15   29 0.72
  45   61 0.16
  79   98 0.80
  19   34 0.91
  69   91 0.47
  46   47 0.62
  13   24 0.09
  18   35 0.38

  70   83 0.52
  78   99 0.35
  44   69 0.89
  34   58 0.25
  52   64 0.35
  30   56 0.61
  80   83 0.59
  45   45 0.64
  49   67 0.30
  71   76 0.06
  51   58 0.30
  52   59 0.88
   8   13 0.36
  81   98 0.42
  26   32 0.78
  78  103 0.71
  57   68 0.75
  46   63 0.59
  77   87 0.64
  43   70 0.72
  75   84 0.01
  49   63 0.87
  11   17 0.82
   5    6 0.32
  43   58 0.99
  64   66 0.84
  54   56 0.39
   2    3 0.60
  83   90 0.41
  54   78 0.30
  32   44 0.66
  13   25 0.13
  68   88 0.89
  12   22 0.01
  83   88 0.53
  22   34 0.00
  20   33 0.98
   9   36 0.42
  49   69 0.00
  23   50 0.90

  55   81 0.35
  36   37 0.99
  28   43 0.83
   4   26 0.79
  80   81 0.33
  35   46 0.29
  48   75 0.09
  41   68 0.33
  43   44 0.26
  66   88 0.89
  24   37 0.70
  63   73 0.64
  57   77 0.55
  65   79 0.81
  46   64 0.04
  77  100 0.44
   8   18 0.98
  25   31 0.72
  22   39 0.60
   9   36 0.35
  28   41 0.99
  44   68 0.57
  47   69 0.81
  62   86 0.33
  29   55 0.56
  70   84 0.57
  12   22 0.26
  23   25 0.72
  70   86 0.48
  47   71 0.59
  76  100 0.80
  24   50 0.15
   1    2 0.87
  76   79 0.80
  80   99 0.03
  16   38 0.93
  25   47 0.74
  50   64 0.42
  81   90 0.42
  39   60 0.53

  37   51 0.28
   9   36 0.12
  46   60 0.96
  73   87 0.61
  29   47 0.43
  31   44 0.11
  35   45 0.53
  34   53 0.01
  22   48 0.47
  44   68 0.44
  54   69 0.40
  64   79 0.14
  81   84 0.49
  46   66 0.62
  40   59 0.02
   6   25 0.74
  41   49 0.67
  81  103 0.82
  68   76 0.31
  75   87 0.28
  18   40 0.20
  77   96 0.04
  20   29 0.16
  43   53 0.24
  53   57 0.39
  21   48 0.20
   9   26 0.17
  27   35 0.41
  25   40 0.40
   6   15 0.49
  77   79 0.00
  19   23 0.63
  21   40 0.89
  81  101 0.69
  50   54 0.18
  80   88 0.12
  71   93 0.32
  45   47 0.65
  52   54 0.41
  72   78 0.61

  65   68 0.13
  13   37 0.83
  38   46 0.74
  22   34 0.91
  30   52 0.24
  33   46 0.29
  77  103 0.32
  69   80 0.62
  43   45 0.93
  67   85 0.08
   6   22 0.93
  63   84 0.82
  63   90 0.54
  61   86 0.98
  66   72 0.75
  50   63 0.49
  73   83 0.40
  60   85 0.79
  43   45 0.86
  46   72 0.01
  52   57 0.17
  35   41 0.55
  53   70 0.28
  70   93 0.43
  68   92 0.73
  32   37 0.19
  28   55 0.41
  60   82 0.59
  82   91 0.36
  74   97 0.04
  72   82 0.89
  22   45 0.24
  60   78 0.55
   5   18 0.89
  23   23 0.91
  35   61 0.55
  31   44 0.34
  78   89 0.15
  42   48 0.52
  42   65 0.96

