5 60 4
3   10  16  10

  57   87 0.13
  23   54 0.75
  78  109 0.06
  26   71 0.25
  70   74 0.48
  48   69 0.19
  14   34 0.37
   3   15 0.16
  12   59 0.63
  77  130 0.59
  60   87 0.00
  53   62 0.50
  52   67 0.87
   5   36 0.75
   3   27 0.87
  26   58 0.44
  12   30 0.80
  55   66 0.59
   5   33 0.87
  32   63 0.18
  23   61 0.47
  36   69 0.03
  45   90 0.88
  69   90 0.48
   9    9 0.12
  16   40 0.12
   9   59 0.03
  43   53 0.88
   0   20 0.29
  14   32 0.64
   4   52 0.52
   1   41 0.56
  75  126 0.89
  19   55 0.85
  30   30 0.65
  35   44 0.61
  71   96 0.62
  17   31 0.85
  49   79 0.86
  22   42 0.99
  16   53 0.86
  39   69 0.39
  24   35 0.86
   3   25 0.70
   4   12 0.04
  49  102 0.06
  42   54 0.63
   9   10 0.24
  76   86 0.01
   6   45 0.34
  76  103 0.93
  63  116 0.08
   0   30 0.14
  78  131 0.03
  35   73 0.41
  23   45 0.11
  30   53 0.83
  76   99 0.50
  67   89 0.28
  20   62 0.06

   1   33 0.42
  21   21 0.03
  13   58 0.02
   0   45 0.79
  58   98 0.88
  63   87 0.85
  69   71 0.97
  63   78 0.87
  38   38 0.24
  40   89 0.41
  74  112 0.20
  66  102 0.56
  23   42 0.79
  35   68 0.30
  11   33 0.96
   4    8 0.70
  73   92 0.06
  39   84 0.91
  41   41 0.29
  23   40 0.44
  10   58 0.34
  47   81 0.66
   5   17 0.81
  10   48 0.84
  47   88 0.88
  51   60 0.76
  80   80 0.19
  53   57 0.15
   2   22 0.68
  15   52 0.57
  21   74 0.57
  27   79 0.59
  43   64 0.72
  36   56 0.66
  72   79 0.54
   8   17 0.77
  50   79 0.72
  80  110 0.76
  68   81 0.66
  26   55 0.31
  59  101 0.41
  33   79 0.10
  32   62 0.67
  79   80 0.45
  73   80 0.93
  71   77 0.58
   1   17 0.10
   7   39 0.02
  34   54 0.58
   7   18 0.65
  64   66 0.69
  13   15 0.38
  18   45 0.27
  79  131 0.41
  16   66 0.91
  58   88 0.62
  64   94 0.01
  11   30 0.07
  22   37 0.33
  52   90 0.84

  70   74 0.90
  80   96 0.92
  49   66 0.94
  30   46 0.99
  36   57 0.31
  10   22 0.28
  40   48 0.25
  56   94 0.65
  41   87 0.44
  33   47 0.65
  33   35 0.85
  31   67 0.64
  15   22 0.41
  31   38 0.37
  31   81 0.90
  63  102 0.51
  38   58 0.54
  66   69 0.14
  11   52 0.55
  53   98 0.94
  65  118 0.14
  22   38 0.45
  13   57 0.33
  26   67 0.71
  38   64 0.04
  25   62 0.18
  67   72 0.41
  78  131 0.01
   7   52 0.14
  52   74 0.67
  70   97 0.27
  12   23 0.65
  72   90 0.79
  77  101 0.84
  33   63 0.26
  14   65 0.32
  37   76 0.87
  79  110 0.85
  12   14 0.99
  42   65 0.89
   4   54 0.80
  72   74 0.60
  33   85 0.50
  26   60 0.68
  43   82 0.76
  15   51 0.85
  17   33 0.82
  44   83 0.57
  57   93 0.93
   8   42 0.63
  19   58 0.80
  50   61 0.17
  79  111 0.55
  58   71 0.41
  59   87 0.34
   1   36 0.34
  42   64 0.25
   8   11 0.89
  49   98 0.38
  65   90 0.74

