4 60 4
3    4  16  16

  12   12 0.77
  60   81 0.69
   1    2 0.95
  22   39 0.84
  36   44 0.29
  46   47 0.29
  17   19 0.78
  46   72 0.41
   5   19 0.03
  13   40 0.25
  38   47 0.26
  23   28 0.72
  49   79 0.75
  39   49 0.29
  64   67 0.83
  39   60 0.98
  51   82 0.80
  49   51 0.56
  26   51 0.60
  12   30 0.38
   3   28 0.66
  27   44 0.24
  35   49 0.87
  18   29 0.08
  32   34 0.11
  31   63 0.11
  60   85 0.42
  64   91 0.89
  39   54 0.59
  32   32 0.38
  32   33 0.09
  24   39 0.28
  44   55 0.31
  28   57 0.83
  28   46 0.49
  28   30 0.24
  65   82 0.25
  15   41 0.53
   4   28 0.25
  41   59 0.35
  38   66 0.93
  39   56 0.55
   9   17 0.28
  27   54 0.41
  18   27 0.82
   4   12 0.67
  27   38 0.54
  53   79 0.14
  60   81 0.01
  60   72 0.32
  43   56 0.50
  60   77 0.56
   1   18 0.21
  62   86 0.43
  59   84 0.87
  63   74 0.89
  25   42 0.23
  27   47 0.17
   6   12 0.82
  14   15 0.55

  58   76 0.73
  43   53 0.32
  26   35 0.28
  28   30 0.65
  53   77 0.76
  29   53 0.67
  57   66 0.37
  10   29 0.86
  52   61 0.86
  28   49 0.47
  20   49 0.17
  28   44 0.52
  64   94 0.04
  61   88 0.56
   8   17 0.25
  57   71 0.95
  39   56 0.53
  31   38 0.35
  46   71 0.87
   1   18 0.06
  61   66 0.47
  64   69 0.98
  48   72 0.70
  12   12 0.09
  57   62 0.83
  63   72 0.85
  43   49 0.56
  12   34 0.63
  58   64 0.87
  31   33 0.63
   1   31 0.50
  16   16 0.02
  35   66 0.18
  49   52 0.61
  55   81 0.78
  19   23 0.18
   5   25 0.67
  50   70 0.56
  61   64 0.39
  41   58 0.35
  58   82 0.97
  35   54 0.53
   0   32 0.09
   0    5 0.15
  48   61 0.59
  28   47 0.00
   3   22 0.41
  14   34 0.74
  43   61 0.99
   4   22 0.50
  51   69 0.32
  60   76 0.42
   5   14 0.92
  26   49 0.33
  66   67 0.91
  66   87 0.92
   4    8 0.93
  18   39 0.49
  30   36 0.50
  13   39 0.92

  58   82 0.63
   7   27 0.44
  53   54 0.06
  54   84 0.87
  30   39 0.46
  54   82 0.40
  54   61 0.87
  27   47 0.11
  32   41 0.24
  39   55 0.75
  10   32 0.82
  20   39 0.32
  16   32 0.29
  46   64 0.51
  37   58 0.86
  48   78 0.47
  46   77 0.54
  49   61 0.76
  46   46 0.46
  29   38 0.81
   7   31 0.84
  49   68 0.28
  10   10 0.35
  50   51 0.30
  55   83 0.44
   9   29 0.66
  15   22 0.31
  17   24 0.27
  58   68 0.85
  24   34 0.92
  34   51 0.13
  55   55 0.71
  10   34 0.84
  18   48 0.05
  40   48 0.57
  46   60 0.88
   9   29 0.98
  52   80 0.17
   7   25 0.83
  55   69 0.72
  11   42 0.43
  36   64 0.24
  18   24 0.39
  47   73 0.55
  42   64 0.07
  61   81 0.87
  56   77 0.28
  58   87 0.22
  61   65 0.22
   1    3 0.20
  58   62 0.82
  21   41 0.42
  31   61 0.56
  17   42 0.16
  49   65 0.69
  31   48 0.22
   7   23 0.45
  25   31 0.08
  58   85 0.16
   4   35 0.89

