3 60 8
3    4  10   4

  10   10 0.04
   3    5 0.99
   5   16 0.93
  10   22 0.07
   2    9 0.22
  15   29 0.97
   5   15 0.37
  12   30 0.61
  17   30 0.02
   1   19 0.51
  21   25 0.95
   6    9 0.10
  13   31 0.16
  14   35 0.67
  12   31 0.85
  15   30 0.86
   8    9 0.60
  20   39 0.35
  12   16 0.14
  13   19 0.12
   5    9 0.75
  18   20 0.11
  21   29 0.62
  10   22 0.68
   7   26 0.19
  11   22 0.92
  21   41 0.00
  11   12 0.37
   1   15 0.28
  21   37 0.90
  14   31 0.54
   2   15 0.20
  18   38 0.65
  11   28 0.30
  20   24 0.77
   2    7 0.13
  15   33 0.05
  18   19 0.97
  10   17 0.77
  19   26 0.69
  17   19 0.10
  15   29 0.16
  12   17 0.73
  18   36 0.20
  21   31 0.43
   8   11 0.52
  20   35 0.06
   4   16 0.89
   3   11 0.12
   1   13 0.04
   0   16 0.57
  11   18 0.51
  17   20 0.27
  16   17 0.93
  12   26 0.95
  20   26 0.05
   7    8 0.78
  16   21 0.50
   7   15 0.57
  12   27 0.52

   8   18 0.20
   1   17 0.25
   2   12 0.24
   8   24 0.23
  21   32 0.75
   2   11 0.00
   1   11 0.57
  21   42 0.07
  19   34 0.57
  18   22 0.35
   3    9 0.41
  17   38 0.89
  11   28 0.93
   3   13 0.70
  10   21 0.39
   4   21 0.49
  17   22 0.09
  18   31 0.74
   2    4 0.74
  18   35 0.81
  19   27 0.50
  14   35 0.53
   2    7 0.33
  10   18 0.86
   6   26 0.29
   4    6 0.94
  19   22 0.33
   2    2 0.89
  20   32 0.48
  12   13 0.21
  15   23 0.98
   3    6 0.73
  18   28 0.06
  14   31 0.12
  13   16 0.04
   5   14 0.31
  19   32 0.27
  18   39 0.61
   6   21 0.48
   7   28 0.06
   7   23 0.14
   0   14 0.16
  14   27 0.13
  16   36 0.28
  17   38 0.16
   9   28 0.08
   0   17 0.97
   2    2 0.49
  10   20 0.42
  17   28 0.20
  18   20 0.21
   0    1 0.11
  20   40 0.90
  14   28 0.29
  18   22 0.83
   1   13 0.82
   0    7 0.11
   4   18 0.56
  10   12 0.62
  17   26 0.53

  11   21 0.02
  21   29 0.13
  11   25 0.34
  20   38 0.85
   4   23 0.64
  11   27 0.94
   7   19 0.47
  13   25 0.37
   5    7 0.92
  11   23 0.26
  14   23 0.43
  17   22 0.22
   8   29 0.00
   8   18 0.54
  19   22 0.18
  11   31 0.75
  15   25 0.59
   1    1 0.52
  16   22 0.01
   6   26 0.04
   8    8 0.30
  15   15 0.50
  14   17 0.45
   2   20 0.75
  21   39 0.92
   5    5 0.03
  13   16 0.30
  10   24 0.67
   5   17 0.30
   4    6 0.65
  15   22 0.72
  11   21 0.09
   7   15 0.88
  18   37 0.91
  21   35 0.33
   4   11 0.08
   9   29 0.28
  18   27 0.53
  20   36 0.03
  14   20 0.76
  11   21 0.20
  17   38 0.25
   5   17 0.32
   2    6 0.66
   2   12 0.06
  11   14 0.03
  19   19 0.47
   9   14 0.70
   2    5 0.78
  14   31 0.77
  12   24 0.65
  11   12 0.60
  20   21 0.24
   2   18 0.00
  20   40 0.88
   1   20 0.52
   4    7 0.60
  11   30 0.73
   1   17 0.51
  20   34 0.04

