4 60 4
3    4  10  10

   0   65 0.94
  31   32 0.78
   0   13 0.60
  44   46 0.89
  65   89 0.87
  54   74 0.87
  54   86 0.90
  22   22 0.15
   5   58 0.83
  62  106 0.74
  39   53 0.52
  28   57 0.42
  27   37 0.62
  12   46 0.01
  42  108 0.54
  19   60 0.76
  57   85 0.84
  54   94 0.13
   0   27 0.09
   0   40 0.14
  56  102 0.11
  38   75 0.58
  60  105 0.75
  61   70 0.55
  65   84 0.62
   3   66 0.13
   0   15 0.15
  41   53 0.91
  29   66 0.15
  62  116 0.05
   1   14 0.02
   9   17 0.18
   2   53 0.69
   1   56 0.39
  61  117 0.40
   5   11 0.41
  52  104 0.53
  60  125 0.50
   2   27 0.99
  17   33 0.84
  23   24 0.86
   3   13 0.15
  54   78 0.73
  55   88 0.94
  29   51 0.71
  30   42 0.06
  61   86 0.89
  20   35 0.05
   0   65 0.84
  19   82 0.92
  23   75 0.44
  54   57 0.22
  17   26 0.00
  25   32 0.59
   8   20 0.40
   8   46 0.75
   0   28 0.97
  17   17 0.99
  44   78 0.09
  37   92 0.77

  40   59 0.44
  55  112 0.78
   8   70 0.99
  41   41 0.61
  64  124 0.72
  58  120 0.91
  30   46 0.76
  31   78 0.30
  50  103 0.97
  60  126 0.35
  49  101 0.46
  56   88 0.45
  54   71 0.62
  41   53 0.93
  30   31 0.31
  54   73 0.28
  11   30 0.19
  54   97 0.38
  59  111 0.75
  50   72 0.51
   9   16 0.75
  37   72 0.79
  37   41 0.70
  53   95 0.65
  44  100 0.06
  40   45 0.81
  26   61 0.51
  58   74 0.34
  11   75 0.57
  31   92 0.98
  27   70 0.85
  31   58 0.93
  26   32 0.02
  32   76 0.07
  50   70 0.40
  27   45 0.69
  19   35 0.94
  53  110 0.90
  26   62 0.70
  59   59 0.86
  27   56 0.52
  54   61 0.69
  21   56 0.99
  66  132 0.33
  16   33 0.24
  33   33 0.95
  46   64 0.18
  42  102 0.16
  18   27 0.76
  34   61 0.25
  12   43 0.89
   7   21 0.91
  55   71 0.30
  17   70 0.28
  48   77 0.75
   4   68 0.92
  16   61 0.83
  58   69 0.62
   5   24 0.96
  59  108 0.61

  34   63 0.50
   6   41 0.13
   0   24 0.29
  63  123 0.44
  37   73 0.92
  37   54 0.12
  61   69 0.73
   7   56 0.61
  29   70 0.19
  22   44 0.59
  16   80 0.27
  21   29 0.15
  58   94 0.53
  66   77 0.65
   1    2 0.70
  13   65 0.36
   4   38 0.35
  17   21 0.73
  28   88 0.22
  10   36 0.98
  39  100 0.17
  40   89 0.13
  18   59 0.19
   9   34 0.55
  16   38 0.40
   7   53 0.95
  43   72 0.07
   9   55 0.64
  39   87 0.82
  12   75 0.87
  32   38 0.15
  10   20 0.74
  57   67 0.01
  25   91 0.81
   7   11 0.26
  12   36 0.12
   4   26 0.59
  11   19 0.95
  42   46 0.22
  34   81 0.51
  37   65 0.79
   8   33 0.87
   8   26 0.75
  21   34 0.27
  15   40 0.04
  11   37 0.83
  18   22 0.86
  52   63 0.34
  26   44 0.83
  52   55 0.44
  50   94 0.22
  61  113 0.63
  11   12 0.19
   5   40 0.27
  45   81 0.29
  50   53 0.69
  35   35 0.49
  33   69 0.69
  38   40 0.73
  37   73 0.12

