5 20 4
12   16  16  16  10  16   2   4  16  10  16   2   4

  30   45 0.04
  41   47 0.82
  60   83 0.22
  11   15 0.48
  46   53 0.76
  27   57 0.89
  56   79 0.83
  35   49 0.00
  40   60 0.30
  38   38 0.43
  13   33 0.78
  13   30 0.22
  30   43 0.51
  12   35 0.20
  23   35 0.56
  34   49 0.35
  60   91 0.37
   0   25 0.87
   1   15 0.12
  59   76 0.37

   2   26 0.45
  18   23 0.99
  30   43 0.44
  57   84 0.29
   1   27 0.65
  28   58 0.08
  10   19 0.05
  26   40 0.25
  21   51 0.96
  45   52 0.63
   3   28 0.71
  58   88 0.63
  34   40 0.62
  54   54 0.83
   2   31 0.71
  39   61 0.72
  18   26 0.78
  50   51 0.36
  31   34 0.02
  42   51 0.73

  14   36 0.17
  26   47 0.70
  36   59 0.15
  17   44 0.70
  59   77 0.21
   9   33 0.46
  48   64 0.22
   1   17 0.56
  55   73 0.22
  45   65 0.99
  16   40 0.50
  60   78 0.25
  20   35 0.00
  47   71 0.92
  25   52 0.48
  47   56 0.85
  20   40 0.57
  35   62 0.56
   9   28 0.42
  62   84 0.04

  39   43 0.09
  51   67 0.90
  31   50 0.32
  19   37 0.17
  33   45 0.88
   8   18 0.47
  57   74 0.92
  36   41 0.97
   0   10 0.07
  58   77 0.29
  45   70 0.19
   4   13 0.57
  28   58 0.34
  58   65 0.62
  41   56 0.02
  44   44 0.65
  48   63 0.84
  61   84 0.40
  15   19 0.94
  10   29 0.94

   9    9 0.55
  43   70 0.62
  12   40 0.16
  10   23 0.21
  12   32 0.70
   8   31 0.15
  56   86 0.84
  35   59 0.24
  45   75 0.88
  33   51 0.86
  51   81 0.81
  37   60 0.65
  44   58 0.24
  59   77 0.30
  62   69 0.65
   1    4 0.77
  20   45 0.22
  56   85 0.07
  24   36 0.09
  25   35 0.67

  47   54 0.32
  10   22 0.93
  26   42 0.31
   9   14 0.34
  12   14 0.85
  29   45 0.43
  21   40 0.62
  53   78 0.87
  52   80 0.24
  63   73 0.23
  43   74 0.50
  20   37 0.38
  41   42 0.17
  18   24 0.73
  44   63 0.10
  61   87 0.15
  33   63 0.63
  53   78 0.89
  50   65 0.26
  48   79 0.80

   2   20 0.18
  47   74 0.29
  63   64 0.69
  39   46 0.22
  30   50 0.16
  29   35 0.83
  22   37 0.86
  30   42 0.00
  49   53 0.77
  29   44 0.51
  23   28 0.62
  32   61 0.86
  25   46 0.08
  59   63 0.47
  31   31 0.62
  19   41 0.18
  21   47 0.78
  27   35 0.27
  32   59 0.33
   6   36 0.40

   1   18 0.50
  39   50 0.43
  61   86 0.36
  57   59 0.77
  17   30 0.82
  59   73 0.39
  41   61 0.39
  45   61 0.21
  13   20 0.12
  15   36 0.02
   0    5 0.48
  45   68 0.92
  13   19 0.02
  36   50 0.06
  38   58 0.99
  28   58 0.69
  52   65 0.85
  49   51 0.48
  31   33 0.01
   0    2 0.12

  49   55 0.00
  15   40 0.78
  47   67 0.98
  15   36 0.46
  53   67 0.75
  35   54 0.80
  52   54 0.63
  56   75 0.07
  47   47 0.58
  12   17 0.35
   1   32 0.29
  53   59 0.88
  14   19 0.48
  14   31 0.84
  60   71 0.54
  15   44 0.45
  56   83 0.73
  61   70 0.85
  58   81 0.29
  49   57 0.13

   7   12 0.68
  44   49 0.73
  26   50 0.48
  49   73 0.71
   4   23 0.72
  24   27 0.81
  31   47 0.76
  27   48 0.36
  39   58 0.83
  16   47 0.89
  18   42 0.81
   0    0 0.19
  13   36 0.75
  39   59 0.68
  24   41 0.78
  63   73 0.00
  58   66 0.93
  29   47 0.08
  16   28 0.16
  18   39 0.32

  18   28 0.40
   9    9 0.77
  48   72 0.11
  27   37 0.15
  20   37 0.69
  11   31 0.92
  33   45 0.73
  47   73 0.48
  22   27 0.71
  48   64 0.86
  24   45 0.10
  34   60 0.18
   7   24 0.67
  39   39 0.87
  55   56 0.51
  21   46 0.75
  33   50 0.92
  35   53 0.69
  35   47 0.77
  62   66 0.66

  45   73 0.15
  17   39 0.40
  39   49 0.53
  54   82 0.27
  60   75 0.91
  60   82 0.90
   9   30 0.11
   7   28 0.86
  34   61 0.11
  62   85 0.18
  44   69 0.59
  55   74 0.68
  54   72 0.73
  41   58 0.09
  39   68 0.47
  15   16 0.98
   9   22 0.74
  54   66 0.14
  35   55 0.52
  49   68 0.32

