5 40 4
6    4  16   2  10  10   2

  21   46 0.57
  14   72 0.87
  10   54 0.59
   1    4 0.69
  15   35 0.18
   4   47 0.95
  13   32 0.09
   7   43 0.60
   6   27 0.18
   1   32 0.73
   7   52 0.86
   3   53 0.68
   7   40 0.63
  21   47 0.46
  10   15 0.16
   0   24 0.93
  14   62 0.36
  18   19 0.92
  21   58 0.03
   2   11 0.11
   0   38 0.59
   6   55 0.27
   6   25 0.05
  13   27 0.23
   9   35 0.31
  18   53 0.43
  15   25 0.59
  11   59 0.08
  17   58 0.51
  11   37 0.35
   4   16 0.34
  17   55 0.39
  17   29 0.87
   4   28 0.81
   0    4 0.22
  14   35 0.74
  17   76 0.62
  13   38 0.68
  20   34 0.07
   0   60 0.25

   7   32 0.36
  20   69 0.95
   5   28 0.10
  17   33 0.50
  14   51 0.85
  18   48 0.62
   1   25 0.91
  20   22 0.81
  13   55 0.01
  14   46 0.54
  21   24 0.22
   4   68 0.75
   3   31 0.41
   6   26 0.96
   8   52 0.23
  13   31 0.73
  21   85 0.43
  18   72 0.47
   5   13 0.29
  14   45 0.72
  21   66 0.42
  21   59 0.55
  13   15 0.64
   2   47 0.11
   6   32 0.53
  10   18 0.61
  10   74 0.43
   4   67 0.67
  16   68 0.29
  14   33 0.84
   3   35 0.55
  20   74 0.33
   0   32 0.64
  19   38 0.31
   8   11 0.13
  19   45 0.01
  21   84 0.36
  15   74 0.88
  14   29 0.65
   2   30 0.63

   3   13 0.71
  21   42 0.57
  15   44 0.00
   1   54 0.52
  20   52 0.80
   1   58 0.41
   3   53 0.07
   8   33 0.26
   1   23 0.54
   6   45 0.41
   3   17 0.28
  21   85 0.26
   8   38 0.51
  10   71 0.77
   9   24 0.72
   3   11 0.28
  18   43 0.40
   6   18 0.93
   2   39 0.83
  16   73 0.40
   5   56 0.72
  20   60 0.84
   2   46 0.48
   5   13 0.69
   5   67 0.75
  16   67 0.62
  14   60 0.25
  12   71 0.48
   9   62 0.24
  16   66 0.96
   9   68 0.70
   2   61 0.10
  12   71 0.77
  14   17 0.32
   8   64 0.35
   5    6 0.36
  19   63 0.49
   4   15 0.10
   3   67 0.95
  21   40 0.42

  15   34 0.71
  11   61 0.83
   3    7 0.34
  11   21 0.10
  18   18 0.65
   3   14 0.32
   4   12 0.52
  15   70 0.51
   0   37 0.64
  16   61 0.74
   5   59 0.48
  16   73 0.22
  11   67 0.22
   5   39 0.59
  21   49 0.38
  14   71 0.36
  14   56 0.72
   2   63 0.28
  17   27 0.80
   2   26 0.12
  12   47 0.78
  11   72 0.41
  18   71 0.26
   6    9 0.11
  11   45 0.88
   9   36 0.72
  21   36 0.72
   4   31 0.89
  15   56 0.43
   2   15 0.30
   6   57 0.53
  19   43 0.06
  10   22 0.30
  10   65 0.95
  12   57 0.73
  17   43 0.01
  12   19 0.85
  19   77 0.65
   8   54 0.19
  12   77 0.95

  15   72 0.08
  15   38 0.27
   6   52 0.51
   7   57 0.44
  16   70 0.01
  20   82 0.07
  17   56 0.02
  16   72 0.26
   4   30 0.92
  11   42 0.28
  17   55 0.56
  15   78 0.55
  12   29 0.06
  13   23 0.88
   2   34 0.13
  16   54 0.05
  17   66 0.67
  17   56 0.01
   1   65 0.60
  14   33 0.10
   6   23 0.35
   4   61 0.07
   3   25 0.04
  20   37 0.49
   6   67 0.69
  21   46 0.26
  21   51 0.72
  17   81 0.10
   5   22 0.59
   1   29 0.60
   2    6 0.48
   6   68 0.61
   7   54 0.88
   3   31 0.74
   9    9 0.77
  14   34 0.06
   5   18 0.70
  14   58 0.38
   0    9 0.74
  11   46 0.84

  20   61 0.39
  13   36 0.64
  12   17 0.36
   5   47 0.08
  10   73 0.99
   8    8 0.81
   1   10 0.31
   8    8 0.56
   9   24 0.15
  19   82 0.99
  14   66 0.53
  15   36 0.36
  20   37 0.52
   5   29 0.55
  10   38 0.91
   1   21 0.59
  16   75 0.21
  13   52 0.52
   9   55 0.71
  15   28 0.21
  12   33 0.86
   8   11 0.85
   1    1 0.69
  13   63 0.72
  19   23 0.18
  13   36 0.25
  16   77 0.52
  17   28 0.45
   1   24 0.47
   2   57 0.09
  18   64 0.43
   2    8 0.05
   6   20 0.12
  15   47 0.22
  20   28 0.11
   2   67 0.72
   7   26 0.62
   7   61 0.04
   3   42 0.08
   8   37 0.76

