3 50 4
6   16   4  16   4   2  16

  28  100 0.77
 135  248 0.15
 116  231 0.79
 140  149 0.91
 141  159 0.20
 108  125 0.78
  94  197 0.53
 120  122 0.91
  44  147 0.50
  32   84 0.84
 153  246 0.99
  38   65 0.22
  64  163 0.17
  84   91 0.34
  17  122 0.74
 136  143 0.75
 122  200 0.20
  39  148 0.07
 140  168 0.78
 101  142 0.64
  39   97 0.17
 124  232 0.16
  54   91 0.20
  60  135 0.56
 120  145 0.37
  12   17 0.61
 174  289 0.92
  69  122 0.15
  57  160 0.02
 135  221 0.66
 131  203 0.20
 172  261 0.81
 139  143 0.93
   6    7 0.27
  99  171 0.44
 170  273 0.52
 170  183 0.93
  40   49 0.67
 163  180 0.72
 145  245 0.58
 138  182 0.07
 176  283 0.90
  40   77 0.24
   3   74 0.74
  48  125 0.98
 102  113 0.72
   5   12 0.83
  65  183 0.54
 147  221 0.37
 140  196 0.20

 133  232 0.02
   1  118 0.52
  60  110 0.62
 156  182 0.41
  18  123 0.14
  58  154 0.00
  83   97 0.66
  63  176 0.64
  14   65 0.87
   3   14 0.98
  36  152 0.82
  87  152 0.14
  30   99 0.47
 146  185 0.24
 137  256 0.45
  96  197 0.16
 101  122 0.19
 129  185 0.78
  88  207 0.08
  12   13 0.85
  53   89 0.63
 122  142 0.08
  92  210 0.52
 130  245 0.03
  88  164 0.40
 128  133 0.33
 155  230 0.11
 118  162 0.61
  28  127 0.94
  73  106 0.10
 120  195 0.44
  26  125 0.14
 145  183 0.88
  10  107 0.54
  70  122 0.21
  70  127 0.62
  60  149 0.96
 124  196 0.19
 111  138 0.03
  11   95 0.78
  19   26 0.50
  25   63 0.91
  30   88 0.79
 164  169 0.09
  80  173 0.51
 154  184 0.68
 118  193 0.67
  87  115 0.78
 176  196 0.89
  74  126 0.25

  65   81 0.01
 128  231 0.43
  37   84 0.46
  24   50 0.39
 159  269 0.55
 179  257 0.95
  96  162 0.59
  36  151 0.35
  71   85 0.92
   6   71 0.76
 151  203 0.22
  96  161 0.77
  59  137 0.79
 139  240 0.46
 158  245 0.06
 121  133 0.88
  47   88 0.30
 104  156 0.27
 123  224 0.13
  59  150 0.19
   8   43 0.25
  17  117 0.19
 108  153 0.22
  18  113 0.39
  69  165 0.43
  11  118 0.78
  21  116 0.25
 145  166 0.31
 174  275 0.92
 138  138 0.30
  90  182 0.12
 105  172 0.41
 103  222 0.80
  66   94 0.93
  90  132 0.28
  18   56 0.25
  88  107 0.71
  13  111 0.91
 112  151 0.20
  84  135 0.39
 174  228 0.46
 104  156 0.29
 165  265 0.32
  69  146 0.93
 137  215 0.33
 169  193 0.92
  86  114 0.60
 165  235 0.71
 153  209 0.05
 108  150 0.21

  76  105 0.30
  55   95 0.46
 137  213 0.68
  18   92 0.87
 106  161 0.14
 114  222 0.86
   7   62 0.03
 146  178 0.18
  41   76 0.05
  83   95 0.43
  24   95 0.08
 160  271 0.07
  50  111 0.40
 153  223 0.73
 167  227 0.61
  15   23 0.84
 120  141 0.98
 141  158 0.88
 120  206 0.80
 174  206 0.02
  96  203 0.31
 148  153 0.35
 141  207 0.19
 175  234 0.68
 106  148 0.35
   1   78 0.43
 154  187 0.54
  95  161 0.46
  81  176 0.55
  19  122 0.43
   4   22 0.30
  52  134 0.31
  13  118 0.59
 147  194 0.25
 116  179 0.93
  84  122 0.71
 107  214 0.96
  99  178 0.00
  21   83 0.28
 102  197 0.28
  49  154 0.78
 167  282 0.12
  89  122 0.92
  39   89 0.65
 161  232 0.93
  31  131 0.58
  49  129 0.68
  83  150 0.39
  75   76 0.23
  76  126 0.58

 154  160 0.54
  68  164 0.60
  77  155 0.34
 114  137 0.41
 148  190 0.01
  98  161 0.46
  98  104 0.92
  87  152 0.58
  85  196 0.82
  25   77 0.58
   9  111 0.59
 119  223 0.07
 102  133 0.34
  19   88 0.45
 121  235 0.59
  60  100 0.28
 103  218 0.46
  25   33 0.14
  81  196 0.76
 142  238 0.81
 123  241 0.56
 107  154 0.44
  16   49 0.13
  73   84 0.24
  81  107 0.46
 106  123 0.81
  53  135 0.53
  94  123 0.00
  56   59 0.66
 166  226 0.51
  24  124 0.92
 104  218 0.12
  57  125 0.89
 125  230 0.50
 174  238 0.98
  97  196 0.34
  11   42 0.86
  59  139 0.19
 166  190 0.83
  32  122 0.80
  76  173 0.49
  15   60 0.31
   4   39 0.39
  52  124 0.65
  38  131 0.83
  45   88 0.24
 129  183 0.11
  89  157 0.71
  43  132 0.73
 160  271 0.76

  95  132 0.59
 118  179 0.88
 129  191 0.05
 122  185 0.42
   3   38 0.61
  59  150 0.77
  36  111 0.28
 125  185 0.13
   0  111 0.75
  39   81 0.27
 146  158 0.25
  65  181 0.78
  74  177 0.05
   5  109 0.05
  52  116 0.37
 156  161 0.43
  36  149 0.98
  63  144 0.90
  78  175 0.44
 177  239 0.09
  45   53 0.31
 104  183 0.63
  77  196 0.07
  53  140 0.86
 101  178 0.28
 139  178 0.39
  99  218 0.86
 110  226 0.30
  23   93 0.70
  15  105 0.45
  71  119 0.00
  20  120 0.37
 122  149 0.81
  96  200 0.74
  10   97 0.30
  65  177 0.63
 157  236 0.59
  42  117 0.13
 166  202 0.56
 144  226 0.48
 162  182 0.05
 122  188 0.95
  53  161 0.58
 110  170 0.54
  70   96 0.45
 106  142 0.03
 172  269 0.74
 133  231 0.63
 113  115 0.00
   9  128 0.76

