3 40 4
6   16   2  10  10  10   2

 122  122 0.49
  44  122 0.09
  25  103 0.53
  52  132 0.30
  57  100 0.98
  86  106 0.78
  69   87 0.31
  65  138 0.05
 102  141 0.28
  76  112 0.25
 109  152 0.61
  61  102 0.82
 104  140 0.47
 111  117 0.59
 103  150 0.57
  81  136 0.94
  85  107 0.47
  62   63 0.12
 118  182 0.83
  51  112 0.36
  42   97 0.14
 109  171 0.66
 101  175 0.89
  11   35 0.38
  82   97 0.45
  15   32 0.57
  51  108 0.62
  28   28 0.81
   6   52 0.84
  26   82 0.67
   5   81 0.39
 109  154 0.40
  87  142 0.75
  49   97 0.56
  96  101 0.78
  64  121 0.41
  76  149 0.11
  61   95 0.80
   3   59 0.19
  39   81 0.69

  91  169 0.14
  53  128 0.16
  12   91 0.92
 117  128 0.89
  34   69 0.39
  51   68 0.74
 123  125 0.12
   2   71 0.01
  83   83 0.21
  98  113 0.68
  50   50 0.08
  50  131 0.81
  71   74 0.98
  10   44 0.64
  27  104 0.29
  15   68 0.37
 110  140 0.34
  16   38 0.01
  59  136 0.45
 114  158 0.93
  41   52 0.38
  23   42 0.64
  39   99 0.08
  43   81 0.33
  72  139 0.19
 104  119 0.84
  77  137 0.81
   3    7 0.81
  74  142 0.37
  77   83 0.51
  28   46 0.38
  39   63 0.17
  57  113 0.28
 118  172 0.43
  35   82 0.20
  71  101 0.80
 116  141 0.24
  54   72 0.04
  82  108 0.71
 112  163 0.42

  24   91 0.41
  72  119 0.63
  74  141 0.72
  72   93 0.83
 123  184 0.55
   4   42 0.90
 100  170 0.80
  42   74 0.53
  32  100 0.83
  55   98 0.93
  72  119 0.60
  22   78 0.32
  36  111 0.86
 115  119 0.37
  30   33 0.26
  23   31 0.04
  43  105 0.48
  11   64 0.43
  28   91 0.04
  27   88 0.27
  78  127 0.44
   7   44 0.67
  58   61 0.74
  54  125 0.94
   4   32 0.54
 119  137 0.10
   7   10 0.17
  70  119 0.42
  87  165 0.61
  37   87 0.69
  86  145 0.21
  15   86 0.58
   4   59 0.50
  60  112 0.99
  92  106 0.11
  95  165 0.14
  34   80 0.33
 103  182 0.89
  10   32 0.32
  52  107 0.64

  87   98 0.99
  50   72 0.44
  85  133 0.25
  15   51 0.31
  47  122 0.12
   3   24 0.56
  53  132 0.64
  71  135 0.82
  66   93 0.15
 115  178 0.91
  35   57 0.81
 119  169 0.46
 109  173 0.95
   7    9 0.72
  55  120 0.25
 105  142 0.79
  64  128 0.91
  81  132 0.32
  33   89 0.07
  60   98 0.47
 105  119 0.32
  16   91 0.57
 121  179 0.56
  31   46 0.92
  59  116 0.73
  67   76 0.57
  33   74 0.21
 110  143 0.31
   2   72 0.47
 117  120 0.98
  18   21 0.87
  97  113 0.25
  51   82 0.43
  41   64 0.44
  64   81 0.43
  95  131 0.73
  59   84 0.74
  19   23 0.54
  43  108 0.69
 121  172 0.26

  88  132 0.51
 111  131 0.97
  25   74 0.02
  31   59 0.23
  49   54 0.90
 120  152 0.65
  53  113 0.57
  58   81 0.24
  98  112 0.23
  88  168 0.38
  27   46 0.42
   4   51 0.24
 104  163 0.25
  78  111 0.79
 101  170 0.43
  76  109 0.28
  14   75 0.49
  29   66 0.97
   9   79 0.55
  98  179 0.81
  93  166 0.46
 104  115 0.82
 120  158 0.15
 105  180 0.17
  20   20 0.86
  29  110 0.23
 123  164 0.77
  93  149 0.62
  12   48 0.85
  38   51 0.59
  41  114 0.95
  11   89 0.04
 121  146 0.05
 116  120 0.45
 109  118 0.82
  32   95 0.93
  20   30 0.94
  87  122 0.80
 101  166 0.84
  91  154 0.50

  29   79 0.15
 119  172 0.69
  25   64 0.63
  98  107 0.87
   4   59 0.25
  72  107 0.44
  40   95 0.21
  70   80 0.14
   8   25 0.03
  93  106 0.23
  36   77 0.55
 113  165 0.61
  82  155 0.10
  44   74 0.04
  76   98 0.34
   8   31 0.30
  91  157 0.53
  69  113 0.62
  95  175 0.81
  13   58 0.23
 116  128 0.00
  96  107 0.59
   7   76 0.37
  51  120 0.85
 122  194 0.09
 121  124 0.27
  24   42 0.25
  28   71 0.84
 102  181 0.03
 123  163 0.71
 102  128 0.20
  10   17 0.80
  97  159 0.47
  27   39 0.70
  33   35 0.00
  90  162 0.71
  55  110 0.48
   9   11 0.88
  91   93 0.08
 117  195 0.71

