3 60 4
3    4  10   4

  47   67 0.81
  36   36 0.73
  45  101 0.82
  32   91 0.30
  53   65 0.79
  37   71 0.70
  32   69 0.63
   8   30 0.04
  12   67 0.85
   3    9 0.01
   9   53 0.12
  66  106 0.56
  35   36 0.36
  50   56 0.31
  11   49 0.57
  50   56 0.79
  34   55 0.42
  11   50 0.99
  47   70 0.09
  43   56 0.87
  26   49 0.00
  23   62 0.80
   2   63 0.90
  66  124 0.80
  20   65 0.42
  16   48 0.05
  57   82 0.84
  49   78 0.21
  58  112 0.79
  51   52 0.91
   7   17 0.70
  60   63 0.77
  21   50 0.59
  60  122 0.55
  53   53 0.31
  32   98 0.93
  58  111 0.07
  39   47 0.00
   4   60 0.70
  50   64 0.80
  25   76 0.34
  11   12 0.76
  49   83 0.53
  56   97 0.21
  51   52 0.10
  15   76 0.71
  32   39 0.64
  46  105 0.32
  34   88 0.19
  42   64 0.47
  22   59 0.70
   2   27 0.72
   0   48 0.18
  30   74 0.26
  62  123 0.47
  19   32 0.12
  60  110 0.73
  60  106 0.12
  46  101 0.55
  18   54 0.71

  23   83 0.93
  30   94 0.69
  39   97 0.98
  21   45 0.21
  19   19 0.00
  53  111 0.43
  12   57 0.41
  43   99 0.99
  31   39 0.05
  61   63 0.85
  41   93 0.48
   1   10 0.73
   1    4 0.09
  23   75 0.35
  23   69 0.48
   1   42 0.19
  39  105 0.35
  64   95 0.42
  46   86 0.47
  46   84 0.17
  30   76 0.34
   7   32 0.30
  52   53 0.14
  35   40 0.32
  45   54 0.62
  42   78 0.58
   3    7 0.15
  16   30 0.73
   0   50 0.65
  23   35 0.73
  12   75 0.16
  16   24 0.34
  39   52 0.83
  27   76 0.27
  12   47 0.07
  25   61 0.16
  43  104 0.48
  41   59 0.95
  43   63 0.58
   1   58 0.62
  65   99 0.16
  17   45 0.06
  50   70 0.48
  64  100 0.48
  39   60 0.44
  17   79 0.54
  51   99 0.13
  46   54 0.68
   3   53 0.28
  50   95 0.69
  64  101 0.63
  38   97 0.88
  39   54 0.96
  18   47 0.52
  41   99 0.75
   0   49 0.33
  48  109 0.87
  46   64 0.52
  48   85 0.39
  31   36 0.19

  23   79 0.01
   2   28 0.26
  31   52 0.91
  65   83 0.33
  41  106 0.16
  64   96 0.65
  65   95 0.01
  59  107 0.30
  40   74 0.06
  17   80 0.93
  24   71 0.71
   4   31 0.68
  16   29 0.69
  36   62 0.98
  18   63 0.44
  37   62 0.84
  10   47 0.76
   7   49 0.39
  26   33 0.45
  11   66 0.27
  25   31 0.80
  49   70 0.92
  30   44 0.65
  12   42 0.55
   1   58 0.09
  31   60 0.76
  61   82 0.95
  29   91 0.13
  45   45 0.62
  36   39 0.92
  16   80 0.53
  12   44 0.26
  37   88 0.34
   0    1 0.72
  16   40 0.44
  60   78 0.56
   3   25 0.45
  46   72 0.91
  21   56 0.44
  35   86 0.47
  23   46 0.15
  25   40 0.50
  38   75 0.41
  37   52 0.04
  40   41 0.76
  44  110 0.36
  17   76 0.31
  34   43 0.17
   1   67 0.04
  43   70 0.85
  20   42 0.10
   8   38 0.89
  26   59 0.35
  63  126 0.91
  38   47 0.59
  66   93 0.46
  55   59 0.12
  18   82 0.32
  42   72 0.56
  18   38 0.12

