3 40 8
6    4   2   4  16  20  10

   8   10 0.79
  37   81 0.72
  18   31 0.08
   6   52 0.75
  19   69 0.41
  60   65 0.21
  66   97 0.44
  52  107 0.68
  55   83 0.52
  26   66 0.53
  34   67 0.33
  29   39 0.64
  40   45 0.80
  17   85 0.85
  33   77 0.39
   6   49 0.76
   9   76 0.93
  44   72 0.64
  42   98 0.38
   9   48 0.72
  13   52 0.20
  12   40 0.16
  54   82 0.76
  34   66 0.03
   7   18 0.88
  61   68 0.43
   1   56 0.32
  61   76 0.58
  13   77 0.28
   7   18 0.31
  65  104 0.72
  60  119 0.00
   1    4 0.46
   1   48 0.73
  48   58 0.86
  60  103 0.03
  58   97 0.62
  15   80 0.54
  15   24 0.94
  36   41 0.81

  55  122 0.88
  64  112 0.04
  68   96 0.62
   4   52 0.04
   0   17 0.78
   3   14 0.67
   3   17 0.50
  60  100 0.23
  34   50 0.74
  48   58 0.38
  60  114 0.88
  41   79 0.71
  28   61 0.39
  68  119 0.44
  52   54 0.03
   8   18 0.01
  20   26 0.90
  16   55 0.14
  21   45 0.88
  11   79 0.81
  17   63 0.34
  52   59 0.67
  39  100 0.50
  22   24 0.78
  60   87 0.60
  46   57 0.54
  47   63 0.76
  49  115 0.31
  25   47 0.96
  43   53 0.83
   8   27 0.63
   0   34 0.69
  20   26 0.20
  22   48 0.29
  38   91 0.68
   8   17 0.82
   1   62 0.39
  49  113 0.75
  59   83 0.21
   5   16 0.27

  50   54 0.69
  42   68 0.36
  54   65 0.15
  67   71 0.77
   8   21 0.62
   5   73 0.80
  39   87 0.16
  57   93 0.21
  27   70 0.91
  30   33 0.60
  19   58 0.70
  22   40 0.37
  14   47 0.52
  22   59 0.53
  45   95 0.77
  11   37 0.57
  65   65 0.63
  26   36 0.32
  32   75 0.09
  36   48 0.70
  34   81 0.12
  65  128 0.08
  67   82 0.94
  63   79 0.08
   8   53 0.09
  41   80 0.29
  35   99 0.91
  10   31 0.62
   7   42 0.52
  14   43 0.76
  23   36 0.09
  51  117 0.63
  60  111 0.27
  58   91 0.79
   6   55 0.04
   3   36 0.80
  43   48 0.07
  44   47 0.99
  63  104 0.24
  54   96 0.53

  48   92 0.41
  61   89 0.27
  57   58 0.22
  54   73 0.15
  34   37 0.33
  41  107 0.15
  17   54 0.20
  32   92 0.77
  64  107 0.12
  32   48 0.94
  52   92 0.97
  17   51 0.81
   7    7 0.36
  33   74 0.19
  53   53 0.28
  44   80 0.34
  33   86 0.21
  44  105 0.66
  23   57 0.85
  23   60 0.84
  59   67 0.91
  47   64 0.94
  38   92 0.97
  62  105 0.40
  46   99 0.38
  63   69 0.22
  15   63 0.30
   7   63 0.74
  28   45 0.45
   2   51 0.33
   4   56 0.66
  29   97 0.79
   7   41 0.58
   5   55 0.01
   4   38 0.39
  67  117 0.42
   8   63 0.81
  36   87 0.39
  25   79 0.15
  54   58 0.41

  10   25 0.99
  37   60 0.96
  15   33 0.01
   2   54 0.00
  47   59 0.18
  67  106 0.22
  22   78 0.69
  65  125 0.11
  27   60 0.66
   6   36 0.47
  53  107 0.51
  32   37 0.68
  34   62 0.62
   0   43 0.37
  17   19 0.06
  64   66 0.58
  16   56 0.99
  10   63 0.22
  16   48 0.07
   9   67 0.03
  64  100 0.04
  16   54 0.03
  20   38 0.47
   1   69 0.44
  51   65 0.72
  65  130 0.37
  20   51 0.65
  45   61 0.96
  41   91 0.28
  24   32 0.24
  51  111 0.31
  31   48 0.83
  65   71 0.92
  48   54 0.98
   7   49 0.33
   8   44 0.79
  17   72 0.64
  28   84 0.81
   7   36 0.24
  37   41 0.66

  61   69 0.90
  40   87 0.77
  54  116 0.76
  64  117 0.77
  41   95 0.55
  61   68 0.34
  68  114 0.51
  62   87 0.45
  24   79 0.50
  51   51 0.41
  18   84 0.71
  38  105 0.25
  49   60 0.68
  33   61 0.44
  18   80 0.06
  30   80 0.92
  39   41 0.85
  47   66 0.28
  15   31 0.93
  16   18 0.95
  46   80 0.94
  49   82 0.27
  40  101 0.00
  17   42 0.29
  54   66 0.68
   7   34 0.97
  23   49 0.84
  55   67 0.41
  66  128 0.40
   8   48 0.42
  11   52 0.61
  22   24 0.20
  66  132 0.51
  44   78 0.66
  36   87 0.58
  45   69 0.89
  29   32 0.20
  62  113 0.68
  63   75 0.17
  26   32 0.61

