4 50 4
6    4  20  10   4  16  10

  11   72 0.71
   5   79 0.35
  29   38 0.84
   1   60 0.05
  12   97 0.15
  36  104 0.39
  17  103 0.42
  24   40 0.55
  35   72 0.19
  20  119 0.07
  44   77 0.83
  17  107 0.72
  40   85 0.69
  14   88 0.56
  45  131 0.44
  31   32 0.10
  48  136 0.99
  26   27 0.89
  36  120 0.11
   5  101 0.65
   9   15 0.09
  43   45 0.26
  34   73 0.42
  15   84 0.64
  45   91 0.20
  17   34 0.46
  40   69 0.20
  11   11 0.22
  41   99 0.94
  18   63 0.81
   2   16 0.32
   0   91 0.04
  16   40 0.80
   9   22 0.01
  13   56 0.29
   3   49 0.03
  21   71 0.79
  49   64 0.45
  22   38 0.63
  36   82 0.32
  27   60 0.26
  10   72 0.70
  47  123 0.49
  25  101 0.50
  32   61 0.59
  14   16 0.18
  16   69 0.02
  24   31 0.25
  13   53 0.05
  13   22 0.03

  28  104 0.52
   8  104 0.09
   9   78 0.64
  25   97 0.06
  16   27 0.97
  32  114 0.29
  35  118 0.48
   8   53 0.96
  43   76 0.88
   8   85 0.49
  34  104 0.27
  19   37 0.64
  32   50 0.37
   8   56 0.84
  29   45 0.72
  14   70 0.65
  24   30 0.24
  34  116 0.11
   5   61 0.73
  12   26 0.49
  30  105 0.96
  12   68 0.82
   7   54 0.03
  17   17 0.14
  24  116 0.78
  49  132 0.44
  28   83 0.70
  19   47 0.52
  17   32 0.27
  42  101 0.10
  14   95 0.26
  16   22 0.68
  44  142 0.10
   3  100 0.59
  34   61 0.52
  32   34 0.87
  39   63 0.33
  43  117 0.34
   2   48 0.65
  44  119 0.03
  17   67 0.92
   9   90 0.47
  36  100 0.62
  48   66 0.74
  26  110 0.80
  31   60 0.40
  31   87 0.29
  44  125 0.99
  33   49 0.53
  27   53 0.56

  28   77 0.91
  49   89 0.77
  49   85 0.57
  39   63 0.65
  20   25 0.19
  34   50 0.97
  10   53 0.70
  33   54 0.10
  46   61 0.90
  38   81 0.97
   9   73 0.54
   6   43 0.05
   0   83 0.64
  16   80 0.06
  11   17 0.14
  20   78 0.02
  27  111 0.94
  10   14 0.58
  10  104 0.82
   8   41 0.41
  28   55 0.80
  26  117 0.61
  27   53 0.91
  11   14 0.10
  13   16 0.25
   4   59 0.91
  31   97 0.65
  18   26 0.90
  29   30 0.74
  12   98 0.48
  29   54 0.14
  13   91 0.83
  31  124 0.15
  38   53 0.48
  25  114 0.31
  35   51 0.73
  21   54 0.88
   7   82 0.85
  30  128 0.42
  22  119 0.11
  14   58 0.27
  38   54 0.77
   8   53 0.56
  20   59 0.80
   3   20 0.29
   9   23 0.83
  32  120 0.04
   8   24 0.67
  11   45 0.35
  42   79 0.94

  10  102 0.75
   6   42 0.36
   7   94 0.46
  32   71 0.05
   6   24 0.94
   6    9 0.76
  23   59 0.42
  25  115 0.16
  14   17 0.97
  10   55 0.87
   6   13 0.70
  38  110 0.91
  22   53 0.62
  21   92 0.80
   4   73 0.55
  33   98 0.95
  35   58 0.34
  39   91 0.89
  44  131 0.28
  28   97 0.14
  26   28 0.30
  42  137 0.60
  23   90 0.49
  15   42 0.01
  48  144 0.33
  17   68 0.97
  27   47 0.39
   7   29 0.26
  24  104 0.71
  47   81 0.34
  40   82 0.43
  35   41 0.55
  36   88 0.45
  30  108 0.68
  12   62 0.81
  30   87 0.00
  26   53 0.56
  35   84 0.63
  37   59 0.23
  26   81 0.05
  11   42 0.76
   2   52 0.71
   9   66 0.55
  16  111 0.08
  24   59 0.91
  32   40 0.11
  43  116 0.38
  28   99 0.40
  11   58 0.77
  33   67 0.62

  17   45 0.65
  23   73 0.86
  14   19 0.77
  18  114 0.14
  40  127 0.80
   2    2 0.35
  19   29 0.88
  16   96 0.50
   9  104 0.17
  18   92 0.04
  43   65 0.88
  48  136 0.55
  24   91 0.46
  37   96 0.57
   4   65 0.88
  38   77 0.48
  26   97 0.87
  10   88 0.24
  26  113 0.86
  40   82 0.96
  38   48 0.74
  27   61 0.28
  13   15 0.38
  36   93 0.17
  46  117 0.40
  15   25 0.20
  36  117 0.50
   7   68 0.20
  43   59 0.87
  25   42 0.22
  25   84 0.41
  18   74 0.00
  12   19 0.69
  14   48 0.43
  10   75 0.84
  23   78 0.70
  13  102 0.37
   5   76 0.62
  10   18 0.85
   0   51 0.89
  11   54 0.95
  38   93 0.87
  15  110 0.10
  23   41 0.29
  22   97 0.60
  17  105 0.01
  21   52 0.99
  39  127 0.18
  29   68 0.31
   3   69 0.48

  17   61 0.72
  28   82 0.18
  36  128 0.86
  38  120 0.47
  26   26 0.45
  19   36 0.59
  19   54 0.77
  10   77 0.50
  41  131 0.02
  41   83 0.26
  26  116 0.16
  17   20 0.05
  32  117 0.37
   9   70 0.07
  48   66 0.47
  44  140 0.61
  16   64 0.30
  14   75 0.75
  14   22 0.90
   6   93 0.51
  14  110 0.25
   2   45 0.95
  11   43 0.45
   5   50 0.49
   5   90 0.10
   0   69 0.34
  19   69 0.94
  41   74 0.74
   9  107 0.74
   5   85 0.08
  45   55 0.92
  35  112 0.84
   9   94 0.49
   5   96 0.44
  19   62 0.11
  13   50 0.77
  15   44 0.00
   7   46 0.55
  41  103 0.58
  17   57 0.54
  47  131 0.91
  10   74 0.99
   6   47 0.60
  34   74 0.02
   7   78 0.78
  21   35 0.79
   5   15 0.78
  48   57 0.86
  40  100 0.08
  46  118 0.20

