3 30 4
6   16  16   4  10   2   2

  25   28 0.01
   0   24 0.93
  12   23 0.01
   5   26 0.15
   9   14 0.51
   1   17 0.32
  25   27 0.81
   4   10 0.39
  20   49 0.94
  26   34 0.63
  25   46 0.58
   2   13 0.93
  21   32 0.40
  20   43 0.51
   6   23 0.21
  29   53 0.96
  12   23 0.99
   9   38 0.72
  14   33 0.34
  11   15 0.08
  18   34 0.52
   9   13 0.71
  25   31 0.98
   6    8 0.87
  18   22 0.68
  29   55 0.50
  13   26 0.41
  21   26 0.18
   7   26 0.44
  18   44 0.95

  15   42 0.24
   7   22 0.00
  21   47 0.35
   6   21 0.01
  11   30 0.50
  13   28 0.28
  30   38 0.17
  11   14 0.01
  10   21 0.75
  11   15 0.97
   6   33 0.31
   9   18 0.83
  14   26 0.21
  28   45 0.07
  10   28 0.88
  23   52 0.75
  28   56 0.63
  16   42 0.20
   3   14 0.50
   2   26 0.77
  22   39 0.39
  24   24 0.36
   8   20 0.54
  27   43 0.75
  21   28 0.87
  14   39 0.85
  15   18 0.72
   5   10 0.59
   8   33 0.30
  11   19 0.15

  19   29 0.19
  16   26 0.85
  25   29 0.32
  13   13 0.23
   4    7 0.28
   8   34 0.23
  20   31 0.88
  15   34 0.93
  14   18 0.17
  28   50 0.62
  26   40 0.72
  24   25 0.31
  11   37 0.16
  10   19 0.78
  20   23 0.15
   7    8 0.16
  26   31 0.64
  14   22 0.65
  16   24 0.70
  29   54 0.33
  27   49 0.56
   5   27 0.36
  27   46 0.76
  16   28 0.06
   9   34 0.06
   1   22 0.83
   1    2 0.31
   3   24 0.00
  29   48 0.30
  29   38 0.31

  18   39 0.34
  12   36 0.62
   0    9 0.98
  28   39 0.61
  22   23 0.65
  14   22 0.88
  12   40 0.96
  30   60 0.57
  16   27 0.86
   3   27 0.80
  14   31 0.43
   4   20 0.15
  26   46 0.98
   9   36 0.64
  30   30 0.91
  15   16 0.89
   8   37 0.99
   5    7 0.99
  27   53 0.89
  30   30 0.13
  18   20 0.91
  13   35 0.28
  30   49 0.93
  21   23 0.09
   2    5 0.01
  30   33 0.48
   3   12 0.04
   9   32 0.64
  27   31 0.79
  14   27 0.26

   8   27 0.92
  19   45 0.18
  19   23 0.76
   4   21 0.88
  10   31 0.26
  12   33 0.40
  19   46 0.12
  15   31 0.43
  18   36 0.76
  23   40 0.25
   1   16 0.49
   4   29 0.15
   3   28 0.27
  19   38 0.29
  29   52 0.54
  20   26 0.01
  26   55 0.83
  30   59 0.43
  24   28 0.30
   4   11 0.62
  17   22 0.61
  12   25 0.56
  18   33 0.53
   2    7 0.05
  10   26 0.61
   7   28 0.06
   3   15 0.67
  23   53 0.54
  15   23 0.16
   6   29 0.85

  15   34 0.23
  23   37 0.08
  19   26 0.67
   4   30 0.25
   7   21 0.17
   3   27 0.45
  24   34 0.17
  20   20 0.69
   6   23 0.08
  15   37 0.12
  23   46 0.26
  15   33 0.66
  23   41 0.80
  28   49 0.56
  27   35 0.10
  28   32 0.07
  29   31 0.63
  10   18 0.90
  17   29 0.48
  12   35 0.24
  11   40 0.99
  26   31 0.39
  10   23 0.86
   0   18 0.25
   9   11 0.69
  21   32 0.80
   3    9 0.47
   2   26 0.61
  13   38 0.94
  22   28 0.14

