3 25 4
12    2   2  10  10  10   2  10  20  16  10  10  16

  23  102 0.47
   4   45 0.27
  17  102 0.82
 111  170 0.07
  52  115 0.70
 102  222 0.01
  21   26 0.38
  34   73 0.91
  22   82 0.77
 117  200 0.54
  81  188 0.64
  51  154 0.63
  75  184 0.12
  43  146 0.00
  88  168 0.73
  66  168 0.26
  51   85 0.93
  53   93 0.84
  79  168 0.51
  62  100 0.26
 102  171 0.07
 108  171 0.82
  61  158 0.82
   6   27 0.11
  17   81 0.88

   4   51 0.32
  25   39 0.43
  77   91 0.81
  22   90 0.56
  85  123 0.13
  94  170 0.40
  66  146 0.98
  16   85 0.36
  16  128 0.94
 103  140 0.48
  38  100 0.56
  68  136 0.99
 116  213 0.28
   1   87 0.51
  48   89 0.18
  67  112 0.28
  55   94 0.21
  53   81 0.00
   1   29 0.41
  74  131 0.33
  82  119 0.24
   8   34 0.10
 100  204 0.69
  43  122 0.79
 115  230 0.75

  70  122 0.71
   7  120 0.64
   8   69 0.54
  58  107 0.28
 109  157 0.52
 113  158 0.58
  64  142 0.59
  75  179 0.21
 109  118 0.78
  30   68 0.14
 120  220 0.71
  55  123 0.76
  83  126 0.65
 112  161 0.48
 103  196 0.94
   0   53 0.14
   0    9 0.22
  61  126 0.00
  86  160 0.32
  34  103 0.71
 114  125 0.68
  22  141 0.22
 104  119 0.51
  90  136 0.15
  62   67 0.15

   7   95 0.63
  72  102 0.97
 120  186 0.63
  15  112 0.84
  38   52 0.59
  95  213 0.71
 120  135 0.66
  59   76 0.21
 106  121 0.04
  17   38 0.58
  59  149 0.53
  67  140 0.10
  99  117 0.86
   5   64 0.06
 117  191 0.73
  88  187 0.67
  15  128 0.75
  86  202 0.41
 106  141 0.04
  63  106 0.39
 115  167 0.45
  91   96 0.13
  59   85 0.98
  63  181 0.05
   3  100 0.10

  18  106 0.81
 106  192 0.09
  93   93 0.69
  78  116 0.44
  87  107 0.16
  85  170 0.99
  27  136 0.57
   4   39 0.01
   7   59 0.43
  16   24 0.83
  76  141 0.41
  14  119 0.04
  19   27 0.20
 113  141 0.85
  77   90 0.35
  50  149 0.53
  78  143 0.63
  95  166 0.26
  62   83 0.40
  84  179 0.47
  30  101 0.76
 117  236 0.88
  37  148 0.03
  49   88 0.92
   3   22 0.25

 108  151 0.46
  60  133 0.95
  26   30 0.61
  40  150 0.10
  10   61 0.91
   1   70 0.96
  41   85 0.69
  15   62 0.27
   0   70 0.71
  69  181 0.73
  46  165 0.10
  76  174 0.13
   8   91 0.06
  11  103 0.02
  22   60 0.03
   9   34 0.51
  39  101 0.40
  10   92 0.99
  36  145 0.69
  78  167 0.70
  50  124 0.61
  80  102 0.74
  40  138 0.01
  85  136 0.52
 119  180 0.35

  55  141 0.69
  72  152 0.81
  75  104 0.01
  74  108 0.61
  73  111 0.46
  22  133 0.65
  74  179 0.16
  22   39 0.25
 107  198 0.46
  15   75 0.20
  25  144 0.84
  19  139 0.36
   7   50 0.21
  77   92 0.35
  11   98 0.85
  31   77 0.01
  52  100 0.54
   3   69 0.09
  49   81 0.53
  82  197 0.99
  66  134 0.53
  51   54 0.21
  41   69 0.66
  89  162 0.35
  38  124 0.27

  93  106 0.08
  84  163 0.46
 113  234 0.18
   7  124 0.30
 118  230 0.07
 105  154 0.41
  34  106 0.15
  61  172 0.74
  66  152 0.88
  82   87 0.02
  88  163 0.88
  65  107 0.44
  78  196 0.66
 115  225 0.81
   3   91 0.22
  46  133 0.46
  82  177 0.74
  61  162 0.56
  19  124 0.42
  73  103 0.34
  99  128 0.03
  60  110 0.43
 102  153 0.57
  59  161 0.54
  53   89 0.86

  19   81 0.96
  22   85 0.43
  91   95 0.75
  26  115 0.83
  61  176 0.03
  13   31 0.88
 112  229 0.37
   6  103 0.03
  31   82 0.63
   7   70 0.15
  68   94 0.87
 118  144 0.35
 109  126 0.86
   6  103 0.83
   1   38 0.39
 121  221 0.92
  11   96 0.50
  29   40 0.34
  90  127 0.13
  12   12 0.11
  59  101 0.52
 103  184 0.60
  67  179 0.27
  64   72 0.99
  22  108 0.32

  45  162 0.85
 106  117 0.84
  59   70 0.09
  92  120 0.21
  32   97 0.18
  66  107 0.98
  55   92 0.76
   8   84 0.95
  42  162 0.97
  55   60 0.96
  89  207 0.57
  51   77 0.50
  18   98 0.62
  22  107 0.84
  37  132 0.89
  93  140 0.54
   5   92 0.09
  49  109 0.57
  16  116 0.29
  85  166 0.44
  25  145 0.38
  50  114 0.28
  53  105 0.37
  73  126 0.06
  91  143 0.27

  77   83 0.57
  48  140 0.56
  10   41 0.70
  77  198 0.48
 119  216 0.39
  13   64 0.91
  42   90 0.06
 121  221 0.68
  36   75 0.15
  23   63 0.33
 113  175 0.48
  81  180 0.70
   3   81 0.22
  21  115 0.02
  75  144 0.17
  23  113 0.90
  60  112 0.04
  58  165 0.52
 115  179 0.28
  92  183 0.42
  77  100 0.38
  34   34 0.25
  94  189 0.05
  48  157 0.23
  18  128 0.15

  89  149 0.01
 101  155 0.78
  56  165 0.97
  89  194 0.49
 116  174 0.63
  28   78 0.80
  82  167 0.58
  42  140 0.47
   7   35 0.62
  48   88 0.05
 118  128 0.42
  15   50 0.68
  87  146 0.42
 119  218 0.25
 104  194 0.99
  76   90 0.99
 120  172 0.91
  27  129 0.51
  40   95 0.58
  75   96 0.41
  37   90 0.82
  97  106 0.51
 119  166 0.14
  16   64 0.15
 103  164 0.50

