4 20 8
12   16   4  20  16   4  16  16  10  16  16   4  10

  54   63 0.20
  46   56 0.90
  31   48 0.72
  18   26 0.78
  67   75 0.78
  57   69 0.34
   3    6 0.65
  21   38 0.23
  13   31 0.36
  41   53 0.50
  63   85 0.04
  30   30 0.34
  56   69 0.32
  59   70 0.42
  50   57 0.41
   6   24 0.65
  10   12 0.60
  28   37 0.67
  31   49 0.65
  42   42 0.49

  51   59 0.42
  17   20 0.12
  41   48 0.73
  21   35 0.66
  18   24 0.29
  26   27 0.50
  43   45 0.43
  18   37 0.34
  55   57 0.14
   0    6 0.86
   9   20 0.06
  18   30 0.45
  36   57 0.27
  35   36 0.98
  28   49 0.40
  32   51 0.79
  64   80 0.03
  37   45 0.58
  58   80 0.90
  33   40 0.28

  49   70 0.91
  15   24 0.32
  45   51 0.42
  68   85 0.99
  61   64 0.07
   8   19 0.50
  36   46 0.88
   8   24 0.99
  36   57 0.36
  12   33 0.30
  16   17 0.87
  22   22 0.58
  45   59 0.56
  53   67 0.31
  24   44 0.33
   5    9 0.83
  50   69 0.27
  11   18 0.15
  23   28 0.70
   1   18 0.42

  63   66 0.70
  15   33 0.16
  58   75 0.91
  57   74 0.54
  14   27 0.57
  30   41 0.11
  59   62 0.14
  34   35 0.38
  53   75 0.85
  57   57 0.10
  29   30 0.75
  18   23 0.43
  47   61 0.78
  30   45 0.33
  25   44 0.53
  33   50 0.37
  21   39 0.57
  45   55 0.36
  56   75 0.34
  38   57 0.08

  42   56 0.70
  51   54 0.27
  26   37 0.22
  35   57 0.34
   7   26 0.08
  52   72 0.62
  34   54 0.26
  57   61 0.94
  48   52 0.34
  53   72 0.15
  68   75 0.21
  23   23 0.23
  25   25 0.77
  40   41 0.65
   1   12 0.00
  10   10 0.02
  31   38 0.81
   6   26 0.34
  68   83 0.14
  29   37 0.61

  17   19 0.37
  44   46 0.11
   7   24 0.57
  32   41 0.00
  32   37 0.89
  14   27 0.74
   9   16 0.10
  14   19 0.12
  63   82 0.67
  39   61 0.05
  54   54 0.59
  36   52 0.54
  52   62 0.50
  50   55 0.70
  24   36 0.48
  31   45 0.73
  18   21 0.29
  65   80 0.75
   9   28 0.51
   0    1 0.04

  33   39 0.40
  31   47 0.95
   2    3 0.76
   8   17 0.86
   5   18 0.63
  39   58 0.72
   8   25 0.91
  31   31 0.71
   3   18 0.72
  44   46 0.18
  54   58 0.67
  58   67 0.70
  21   40 0.50
  30   43 0.08
   0    9 0.96
  12   14 0.36
  15   30 0.21
  52   54 0.23
  19   39 0.40
  60   79 0.08

  55   66 0.08
  56   59 0.96
  26   35 0.03
   6   27 0.08
  50   65 0.01
  29   39 0.50
  59   73 0.15
  17   32 0.31
  66   72 0.12
  37   37 0.35
  18   39 0.01
   0   12 0.83
  16   25 0.43
  18   37 0.46
  52   74 0.94
  51   51 0.58
  36   42 0.44
  22   32 0.05
  13   21 0.86
  37   50 0.15

  11   27 0.04
   2   21 0.28
  26   39 0.87
   7   13 0.51
  12   25 0.76
  24   35 0.54
  47   54 0.51
   4    9 0.29
   0    7 0.37
  17   20 0.27
   3   13 0.73
  28   31 0.69
  44   51 0.36
  49   54 0.46
  64   79 0.34
   1    4 0.09
  33   49 0.50
  59   66 0.44
  51   68 0.88
   8    9 0.84

   1    2 0.96
  55   62 0.09
  15   21 0.96
  14   22 0.85
  52   68 0.10
  58   59 0.77
  31   45 0.49
   3   19 0.98
  23   43 0.53
  48   60 0.70
   2   24 0.67
  33   36 0.68
  12   30 0.59
  50   52 0.84
  20   40 0.24
  46   53 0.10
  47   69 0.47
  33   52 0.61
  25   44 0.40
  66   83 0.33

  45   52 0.37
  21   36 0.22
  68   79 0.19
  35   39 0.95
  10   19 0.64
  49   57 0.91
  28   47 0.15
  23   28 0.11
  53   64 0.29
  50   62 0.07
  44   56 0.11
  62   76 0.04
  59   77 0.09
  24   33 0.26
   2    7 0.88
  52   60 0.28
  61   61 0.10
  44   52 0.79
  49   49 0.23
  27   47 0.16

  37   45 0.14
  33   36 0.32
   2   12 0.10
   8   11 0.65
  17   32 0.85
  20   25 0.81
  54   60 0.10
  50   64 0.77
  51   60 0.20
  31   38 0.12
  58   79 0.77
  47   62 0.06
  63   63 0.26
  63   79 0.22
  38   47 0.68
  17   29 0.47
  40   56 0.54
  50   56 0.30
  33   44 0.71
  68   90 0.37

