3 40 4
6    4  20   4   4  10  16

  41   43 0.88
  79   80 0.80
  69   84 0.11
  69  144 0.85
  51   70 0.55
 136  169 0.68
  89  103 0.87
  74  124 0.35
 110  180 0.65
  20   98 0.34
   8   97 0.03
 134  204 0.17
  69   80 0.64
   1   33 0.01
 122  149 0.33
   3   74 0.54
 127  140 0.26
 103  104 0.29
  16   91 0.43
  13   32 0.68
  44  117 0.49
  36   59 0.38
 117  161 0.44
  43   62 0.64
   3   16 0.68
 120  170 0.87
  38   45 0.61
  78  151 0.27
 106  158 0.40
  32   54 0.52
 111  119 0.17
 104  127 0.11
  71   73 0.25
   7   80 0.20
 103  125 0.03
  94  177 0.29
   6   97 0.86
  10   10 0.56
  13   68 0.73
  65  138 0.06

  59   68 0.54
  11   18 0.60
  84   88 0.96
 121  169 0.72
  74  121 0.17
  89  169 0.75
 124  197 0.48
 116  165 0.35
 100  171 0.91
  30   59 0.34
   3   35 0.53
  14   98 0.36
  36   39 0.12
  73  153 0.24
  44   90 0.71
  49   62 0.29
  26   92 0.20
 141  159 0.81
 109  171 0.98
  80  151 0.53
   7   88 0.19
  58  123 0.99
  46  107 0.83
  62   77 0.34
  41   77 0.84
 122  153 0.24
  48  103 0.04
  68   71 0.92
 105  126 0.18
 111  135 0.89
 124  140 0.11
  84  111 0.35
  34  127 0.24
  76  160 0.43
  61   66 0.04
  88  112 0.16
  52  102 0.02
  82  144 0.25
  48  116 0.64
  79  123 0.24

  25   57 0.11
  44  126 0.06
 122  196 0.23
 120  130 0.59
 135  146 0.20
 140  185 0.39
  89  117 0.46
  79   94 0.48
   7   74 0.01
 120  169 0.31
  63   71 0.77
   8   87 0.44
  52   61 0.95
 128  183 0.49
  43  136 0.07
  11   15 0.59
  88   90 0.70
  65  123 0.78
  58   66 0.68
  64  116 0.48
  82  108 0.20
  79  112 0.76
  30   46 0.47
 123  157 0.01
 124  151 0.58
  30  106 0.39
 125  146 0.41
  25  112 0.44
  27   40 0.02
  35  101 0.82
  60   97 0.57
  91  108 0.77
 103  184 0.20
 121  210 0.44
 108  172 0.96
  99  176 0.00
  14  103 0.49
   6   12 0.84
  21   34 0.11
  77  125 0.27

  67   77 0.46
  96  136 0.58
 130  190 0.15
 128  187 0.67
  12   65 0.41
  42   58 0.08
 109  170 0.76
  70   85 0.24
 123  174 0.86
  52  102 0.99
 139  140 0.61
  72  134 0.11
  60   60 0.39
  33   50 0.38
  74  154 0.23
 142  226 0.41
  95  152 0.36
 139  146 0.31
  10   85 0.25
   6   43 0.61
 104  161 0.49
 116  136 0.28
  89   93 0.27
 130  186 0.72
  69   85 0.25
  79   88 0.82
  98  125 0.90
 119  171 0.87
  15   20 0.57
  31   83 0.67
  56  146 0.03
  19   92 0.97
  69  147 0.84
 110  188 0.10
  63  146 0.66
 111  144 0.91
 116  162 0.16
  97  163 0.58
  59  147 0.69
 119  191 0.80

  74  121 0.01
 138  138 0.31
 140  231 0.18
 118  175 0.97
 140  204 0.76
  94   96 0.04
  57   97 0.70
  85  159 0.42
 133  213 0.39
   8   38 0.36
 108  172 0.82
  37   95 0.33
  98  142 0.92
  79  156 0.81
 143  167 0.66
  75  164 0.07
  60   82 0.24
   3   93 0.74
  84  102 0.28
  60   84 0.56
  36  107 0.49
 142  188 0.76
 138  196 0.50
  42   92 0.03
 133  204 0.46
  57  148 0.34
  62  130 0.96
  94  153 0.55
  70   80 0.58
  93  132 0.28
  30   34 0.56
  22   93 0.04
  61   75 0.82
 107  198 0.46
 117  195 0.51
  33   94 0.56
  28   78 0.11
  94  169 0.21
  84  163 0.43
  88  148 0.44

   6   31 0.15
  31   71 0.95
 125  137 0.82
  96  142 0.70
 129  193 0.95
   9   13 0.42
  21   47 0.23
  62   74 0.65
  50  142 0.50
  80   85 0.09
  42  136 0.42
 106  123 0.12
  53   77 0.48
 108  121 0.11
  98  104 0.00
   8   75 0.15
  59  136 0.29
 106  146 0.68
  22   94 0.07
   3   66 0.99
  25   28 0.23
 117  203 0.57
  94  183 0.32
 139  174 0.87
  45  117 0.94
  16   75 0.11
 110  127 0.12
   0   33 0.14
  67  145 0.39
  88  125 0.08
  65  159 0.20
   0   34 0.43
  56   66 0.75
  24   85 0.10
 132  202 0.32
 141  165 0.15
 110  153 0.05
  29   78 0.58
  21   22 0.36
  83  155 0.83

