5 20 8
12    2   2   4  16  10   2  10  10   4  10   4   2

   8   27 0.37
   4    8 0.60
   8   13 0.82
  17   28 0.95
   1   18 0.73
   7   33 0.32
  13   17 0.45
   9   35 0.48
  16   24 0.89
   2    2 0.61
  17   17 0.18
   2   21 0.02
  16   41 0.80
   8   26 0.74
   7   10 0.29
  11   27 0.23
   9   36 0.69
   6   20 0.74
   0   15 0.13
   2    8 0.18

   0   15 0.76
  15   32 0.89
  14   25 0.82
   4    7 0.64
   1    6 0.94
   5   28 0.23
   6    8 0.25
   6   33 0.61
   8    9 0.48
   2   25 0.85
   9   29 0.99
  17   42 0.02
   7   20 0.35
  12   27 0.75
   0    2 0.38
   6   21 0.81
  11   34 0.86
  17   35 0.22
   8   22 0.85
  12   27 0.07

   7    9 0.41
  16   23 0.68
   6   13 0.19
  10   10 0.93
   2    6 0.29
   5    6 0.96
  15   22 0.58
  12   16 0.07
   4   24 0.89
  14   34 0.86
  18   44 0.84
  17   25 0.97
   9   14 0.67
  15   38 0.87
  16   41 0.17
  18   27 0.12
   5   22 0.02
  13   36 0.93
   4   23 0.83
   9   34 0.88

  14   29 0.27
  14   30 0.07
  14   36 0.71
   2   19 0.58
   9   15 0.93
  15   32 0.14
  14   16 0.86
  15   31 0.76
   0    4 0.86
   0   21 0.03
  15   29 0.31
   2   22 0.86
   6   16 0.39
  17   24 0.03
  12   23 0.29
   0    0 0.55
   1   25 0.28
  11   21 0.31
  12   21 0.27
   8   35 0.13

  18   21 0.80
   3    9 0.82
   2    2 0.98
   5   24 0.50
   6   28 0.74
  18   35 0.56
   7   19 0.28
  17   25 0.04
   6   24 0.56
   1   27 0.33
  10   18 0.55
  17   39 0.38
  17   35 0.27
  16   18 0.73
  18   41 0.85
   4   12 0.35
   5   31 0.96
   8   28 0.33
   6   25 0.89
  16   39 0.56

   3    5 0.74
  14   25 0.06
   9   15 0.08
   8   19 0.53
   8   18 0.16
   4   22 0.29
  17   24 0.29
   0   20 0.48
   0   23 0.76
   5   20 0.90
  13   24 0.98
   4    8 0.64
   4    5 0.28
  13   36 0.38
   4    4 0.57
   6   21 0.63
   5   13 0.36
  18   44 0.23
   8   16 0.22
   9   13 0.28

   5    8 0.01
   2   16 0.46
  17   26 0.77
   5   15 0.00
   3    7 0.77
  18   39 0.75
   9   13 0.99
  10   36 0.59
  11   19 0.59
   8   31 0.63
  17   25 0.20
   0   19 0.53
  16   18 0.01
   4    8 0.27
   6   30 0.32
   0   26 0.80
  14   16 0.99
   1   11 0.87
   0   12 0.07
  15   34 0.88

  15   22 0.61
  13   35 0.82
  15   15 0.89
   8   12 0.26
   0   26 0.52
   1    2 0.13
  10   36 0.39
   1   18 0.82
   0   16 0.18
   2   27 0.21
  12   22 0.94
   8    8 0.12
   5   15 0.88
   9   22 0.48
   2    9 0.93
   0   10 0.52
   6   16 0.56
   6   19 0.39
  11   35 0.61
  14   24 0.97

  17   38 0.39
  16   34 0.25
   5   19 0.99
  16   21 0.91
   7   23 0.39
  10   18 0.31
   4   12 0.83
  11   36 0.51
  13   13 0.92
  13   26 0.40
  11   36 0.31
  15   21 0.51
  12   18 0.24
   0   10 0.47
  11   20 0.17
   8   26 0.66
  17   23 0.41
   5   12 0.83
   5   28 0.69
  16   17 0.74

   1   14 0.34
  15   39 0.09
   7   24 0.73
  17   18 0.56
   4   25 0.69
   3   20 0.41
  12   37 0.91
   1   23 0.32
  16   16 0.64
   7   30 0.54
  15   26 0.89
   5   29 0.25
  10   31 0.58
   2   10 0.50
  15   18 0.22
   4   24 0.50
   4   11 0.48
   5   29 0.42
   9   26 0.68
   6    7 0.18

   2   21 0.00
  16   17 0.26
   8   26 0.44
   1   18 0.70
   3   11 0.24
   4   23 0.92
  18   35 0.26
   3    6 0.64
   7   31 0.22
   4   29 0.73
  18   28 0.50
   8   22 0.98
  14   15 0.54
  15   17 0.16
   9   27 0.47
  11   21 0.36
  13   30 0.01
  13   33 0.06
   7   18 0.74
   3   12 0.67

  11   37 0.90
   1   14 0.79
   4   29 0.53
   7    8 0.87
   9   25 0.46
  11   30 0.55
  15   17 0.97
   0    5 0.66
  16   41 0.09
  18   44 0.23
   3   26 0.25
   9   23 0.13
  17   39 0.93
  16   24 0.69
  10   29 0.40
  11   38 0.31
   5   32 0.41
  10   23 0.58
  12   12 0.20
  11   29 0.04

