4 25 4
12   16   2  20  10   4   4  16  10   4  16  10  10

  74  130 0.57
  66  150 0.67
  64  181 0.96
  34  138 0.77
  65  139 0.76
  10   20 0.49
  44  112 0.29
  11  117 0.90
  44  158 0.43
  11  145 0.79
  51  158 0.02
  41   63 0.75
   7  133 0.16
   9  123 0.09
  86  155 0.26
  48  136 0.79
  34  107 0.81
  58   63 0.26
  34   86 0.75
  80   82 0.01
  30  134 0.40
  63  101 0.01
  82  186 0.06
  67  166 0.84
   4  130 0.74

   9   92 0.30
  55  164 0.74
  24  165 0.98
  83  112 0.06
  18  137 0.27
  79   87 0.52
  81  176 0.81
  82  103 0.60
  10   70 0.21
  14  153 0.83
  49   75 0.69
  68  177 0.86
   3   74 0.84
  73   86 0.86
  41   46 0.48
  91  196 0.26
  22  120 0.18
  25  132 0.25
  41   73 0.40
  84  126 0.64
  90  226 0.11
  63  176 0.07
  61  103 0.66
  58  128 0.89
  15   74 0.93

   6  117 0.19
  48  144 0.87
  27  126 0.16
  52  182 0.85
  63  194 0.18
  33  123 0.64
  42  169 0.36
  53  177 0.10
  92  231 0.33
  76   91 0.48
  46   46 0.66
  55  103 0.88
  15   53 0.84
  60   60 0.09
  11  118 0.69
  84  106 0.76
  62  157 0.58
  63  188 0.11
  21   76 0.24
  15  145 0.94
  72   85 0.06
  24  100 0.16
  86  134 0.00
  58  154 0.16
  23   98 0.86

  24   89 0.21
  87  217 0.98
  69  118 0.34
   0   41 0.90
  88  131 0.92
  25   25 0.45
  85  113 0.05
  94  119 0.79
  55  137 0.52
  59   64 0.55
  89  107 0.68
  46  151 0.29
  24  116 0.04
  89  199 0.56
  21  129 0.04
  40  162 0.02
  39  117 0.11
  13   19 0.01
  74  187 0.43
  82  111 0.69
  69  125 0.15
  77  207 0.44
  47  175 0.20
  49  183 0.18
  43  125 0.03

  58   88 0.23
  47  152 0.96
  87  137 0.90
  24   44 0.44
  15  144 0.81
  68   74 0.29
  74  189 0.14
  74  145 0.95
  10   37 0.30
  21   27 0.66
  11   50 0.19
  50   99 0.61
  65  141 0.03
  35   85 0.66
  84  195 0.85
  81  131 0.94
  72  160 0.95
   4   72 0.87
  12   49 0.76
   9   23 0.38
   7   40 0.32
  39  162 0.73
   9  137 0.23
  43  180 0.81
  27  161 0.41

  93  217 0.19
  92  204 0.80
  72  166 0.01
  41   90 0.27
  70   72 0.72
  94  225 0.23
  83  155 0.14
  32   93 0.18
  14   80 0.18
  32  164 0.78
  89  183 0.78
  91   95 0.10
  71  129 0.48
  91  144 0.24
  12   85 0.44
  51   79 0.45
   2  105 0.13
  87   90 0.54
  49  162 0.34
  42  118 0.02
  67   82 0.80
  57  175 0.91
  43  168 0.22
  94  232 0.39
  85  213 0.61

  81  190 0.75
  92  159 0.85
  59  155 0.76
  78  121 0.04
  24   84 0.94
  64  178 0.64
  19   50 0.24
  39  116 0.29
   9  133 0.97
  89  229 0.22
  64  174 0.20
  78  191 0.84
  47  115 0.56
  92  124 0.18
  50  171 0.85
  22  122 0.71
  58  141 0.26
  37  150 0.48
  59   90 0.10
  90  138 0.29
  18   97 0.02
  47  149 0.62
  82   99 0.62
  80  140 0.92
  73  141 0.31

  38  170 0.29
  44   76 0.67
  31   44 0.78
   5   26 0.14
  38  157 0.48
  20  153 0.95
  41   63 0.95
  54  119 0.86
  84  216 0.57
  63  106 0.58
  67   83 0.54
  18  129 0.12
  75  149 0.38
   5   36 0.53
  94  214 0.01
  41  145 0.75
  19   48 0.26
  46  171 0.74
  41  149 0.42
  46  100 0.71
  85  195 0.04
   2   60 0.33
  45   96 0.48
  88  119 0.66
  20   76 0.80

  81  158 0.93
  35   57 0.93
  62  201 0.90
  25  139 0.11
  46   80 0.37
   7  148 0.06
  55   58 0.61
  47  104 0.24
  74  116 0.77
  94  230 0.96
  18   68 0.02
   9   34 0.97
  19  127 0.76
  44   54 0.72
  57  161 0.13
  31  106 0.58
  46   47 0.64
  52  137 0.10
  14  139 0.01
  88  101 0.57
  62   88 0.05
  69  168 0.10
  52   98 0.87
  17   27 0.49
  33   51 0.30

  49  142 0.27
  28   80 0.74
  25  129 0.61
  56  146 0.40
  76  176 0.24
  78  140 0.74
  91  119 0.20
  74   77 0.55
  19   66 0.60
  74  123 0.58
   4  113 0.69
  65  172 0.31
   8   60 0.05
  64   90 0.73
  67  108 0.81
   3   29 0.64
  86  127 0.99
  91  214 0.95
  90  104 0.27
  63  141 0.29
  74  125 0.62
  94  113 0.71
  59  192 0.80
  83  146 0.38
  22   86 0.25

  42  105 0.44
   7  115 0.11
  56  157 0.55
  52   64 0.81
  63   69 0.82
   5  105 0.55
  66  128 0.43
  55  148 0.22
  46   50 0.70
  38  141 0.55
  53  187 0.25
  82   94 0.92
  55   93 0.37
  46   60 0.10
  63  197 0.17
   0  119 0.85
  74  204 0.04
  43  135 0.47
  50  180 0.71
  32   41 0.89
   5   71 0.03
  63  105 0.62
  70   79 0.12
  79   93 0.55
  29   91 0.60

  57  142 0.76
  79   80 0.38
   0   71 0.42
  12  145 0.90
  43   80 0.75
  62  137 0.70
  25  149 0.87
  51  159 0.91
  57   67 0.38
  36   40 0.51
  10   53 0.21
  47  184 0.50
  80  208 0.29
  40  144 0.25
  36   58 0.09
  53   86 0.27
   8  129 0.60
  31   85 0.37
  28  161 0.59
  86  217 0.24
  56  147 0.76
  90  135 0.15
  92  105 0.17
  15  154 0.25
  47   76 0.97

