3 15 8
12   20   2  10   2  16  10  10  16  16   4   4   4

  15   63 0.33
  11   48 0.57
  14   65 0.02
   9   37 0.53
   8   55 0.69
   2   28 0.26
   9   16 0.97
  16   50 0.17
  14   51 0.53
   6   44 0.03
   7   52 0.92
  15   16 0.10
  16   21 0.92
  11   49 0.87
  15   48 0.96

   8   49 0.10
   4   41 0.72
   9   54 0.19
  15   25 0.27
  13   60 0.31
  11   13 0.06
  13   40 0.96
   1   46 0.94
  10   13 0.47
   5    6 0.70
  12   38 0.92
   9   38 0.49
   6   54 0.94
  10   56 0.70
  12   25 0.22

  11   53 0.94
  10   37 0.16
   8   26 0.23
  12   30 0.84
   5   23 0.43
   3   18 0.79
   8   40 0.73
  10   12 0.24
  10   39 0.75
   8    9 0.07
   6   40 0.29
   2   29 0.64
   5   37 0.99
  12   54 0.59
  13   50 0.84

   0   40 0.74
   2   34 0.01
  16   27 0.68
   1   20 0.06
  13   57 0.87
  12   17 0.65
  14   27 0.95
   5    9 0.11
   7    7 0.79
  12   40 0.70
  12   21 0.04
   1   15 0.84
   8   31 0.18
   1    4 0.96
   5   17 0.15

   9   33 0.42
   6   49 0.89
  16   40 0.48
   4   13 0.07
   0   24 0.31
  12   30 0.35
  14   27 0.00
  14   32 0.70
   5   33 0.29
  14   62 0.41
   6   47 0.76
  12   12 0.27
  10   32 0.24
  10   39 0.44
  12   15 0.80

   4   56 0.35
   2    4 0.26
  15   61 0.02
   3   30 0.91
   9   31 0.24
   1   50 0.81
   4   32 0.43
   4   10 0.32
  14   39 0.24
   8   14 0.60
   9   38 0.97
   6   23 0.67
   8   13 0.57
   1   22 0.54
   7    8 0.26

   5   29 0.90
  13   57 0.85
   2   45 0.24
   9   41 0.13
   5   56 0.89
   8   15 0.68
   8   16 0.08
  13   33 0.38
  15   62 0.75
  14   49 0.40
   0   42 0.14
   1    3 0.82
  12   39 0.86
  16   59 0.28
  13   52 0.86

   7   36 0.11
  14   31 0.29
  10   17 0.00
   4   52 0.42
  12   24 0.16
   4   42 0.68
   1   35 0.12
   3   17 0.78
   9   36 0.32
   9   44 0.28
  15   60 0.36
  10   49 0.66
   6   17 0.47
   2   18 0.72
   2   15 0.72

  16   25 0.99
  14   24 0.81
  12   19 0.07
   2   10 0.51
   0   26 0.28
  15   52 0.46
  10   34 0.35
   8   43 0.64
  10   36 0.30
   0   13 0.22
   1    6 0.62
  14   42 0.40
  14   57 0.10
   3   48 0.99
  14   39 0.67

  13   27 0.86
   8   16 0.83
   1   27 0.60
   0    3 0.36
   8    9 0.85
   0   28 0.61
  10   59 0.43
  12   21 0.06
   0   25 0.95
  12   62 0.96
   3    3 0.97
   5   43 0.76
  15   22 0.86
   6   57 0.79
  14   51 0.05

  16   68 0.20
   7   16 0.03
  16   57 0.99
   8    9 0.46
  10   15 0.82
   0   46 0.66
   4   44 0.35
  15   27 0.25
  16   59 0.87
   4   53 0.84
   9   34 0.90
  16   20 0.11
  11   52 0.18
  13   39 0.61
  15   34 0.36

   2   38 0.27
  15   16 0.93
   8   41 0.65
   7   44 0.32
   9    9 0.55
   4   37 0.86
   3   52 0.67
   1   16 0.82
   4   46 0.60
   0   23 0.98
   6   27 0.21
  10   29 0.91
   5   31 0.47
  15   62 0.33
   0   18 0.70

