4 60 8
3   10   4  20

  12   21 0.18
   4   18 0.98
  12   13 0.67
   9   13 0.33
   0   14 0.30
   8   13 0.85
  13   15 0.57
  11   24 0.96
  12   14 0.75
   6    9 0.58
  10   17 0.54
   2   14 0.66
  14   18 0.69
   6   16 0.99
   5   12 0.22
   3    6 0.07
  11   23 0.04
   6   14 0.99
   3    5 0.89
   7   11 0.37
   0    3 0.85
  13   26 0.48
  13   25 0.90
   1    1 0.58
   5   16 0.14
  11   14 0.22
   8   11 0.20
   5   15 0.99
  13   16 0.33
   7   19 0.89
  12   26 0.38
   1    5 0.97
   7    7 0.02
  11   14 0.58
  13   22 0.36
   3   11 0.83
   3   13 0.58
  11   22 0.10
  13   22 0.33
  10   17 0.88
   9   17 0.61
   7   20 0.73
   1    2 0.90
   3    3 0.57
  12   15 0.32
  13   16 0.62
   8   22 0.35
   2   11 0.21
   5   15 0.75
  14   15 0.90
   4   14 0.01
   1    3 0.71
  10   17 0.37
  12   12 0.93
  13   19 0.16
   3    6 0.84
   8   19 0.10
   5    6 0.18
   2   16 0.98
   7   15 0.78

   9   22 0.05
   4   16 0.83
   5   16 0.52
   0   14 0.05
   8   21 0.79
   1   14 0.02
   3    3 0.88
  12   25 0.76
   2    4 0.63
  14   14 0.67
   4    5 0.66
  13   26 0.82
   8   18 0.50
   0   10 0.70
   9   12 0.79
   7   15 0.78
   5   13 0.17
   7   14 0.85
   8   14 0.44
  12   20 0.44
  14   14 0.37
   3   14 0.45
   7    7 0.15
   6   13 0.14
   6    6 0.02
  14   28 0.10
  11   11 0.72
   7   11 0.77
  14   26 0.03
  11   21 0.89
   9    9 0.61
   8   11 0.32
  11   14 0.53
   8    8 0.51
  11   16 0.78
   6    9 0.45
   4   16 0.39
  11   24 0.67
  13   27 0.87
   8   15 0.22
   2    5 0.13
   5   16 0.98
   3   13 0.59
   2    2 0.08
  11   21 0.60
   1   12 0.81
  11   12 0.47
   1    7 0.37
   3    4 0.97
   7   15 0.99
  11   12 0.46
  13   25 0.60
   3   15 0.80
  13   25 0.01
   4    9 0.26
  10   19 0.48
   9   11 0.23
   2   10 0.54
   3   15 0.59
   5   19 0.81

  11   21 0.60
   4   17 0.15
   3    8 0.74
   9   12 0.58
   6   20 0.04
   8   16 0.12
   7   10 0.29
  13   27 0.30
   1   10 0.04
  10   24 0.87
   7   19 0.82
  11   21 0.75
  12   13 0.64
  14   15 0.69
   0   14 0.14
   4   14 0.56
   4    8 0.82
  14   14 0.74
   8   20 0.99
   4   18 0.22
   5   12 0.64
   4    4 0.17
   4    4 0.72
   6    8 0.80
   4    5 0.34
  14   27 0.29
   2    4 0.04
   3   14 0.02
   7    9 0.06
  11   21 0.30
   9   11 0.12
   4    6 0.68
  14   16 0.25
  13   22 0.82
  13   19 0.53
  11   18 0.67
   6   15 0.13
   1   14 0.10
   7    8 0.53
  12   15 0.69
   6    8 0.12
   5   11 0.40
  10   16 0.37
   0   10 0.04
   4   11 0.33
  13   22 0.63
  14   26 0.64
   5    6 0.79
   2    7 0.12
   4    5 0.86
  10   20 0.58
   8   20 0.33
  11   16 0.34
   7   20 0.73
  12   19 0.19
   5    6 0.10
   2   11 0.69
   0    8 0.73
   5   15 0.37
  12   18 0.15

