5 15 8
12   10  16  20  10  16  20  10  16  20   2   4   2

   5   17 0.35
   5   37 0.88
   3   22 0.81
   0   19 0.66
  10   27 0.04
   9   14 0.11
   3   25 0.35
   6   43 0.42
   0   12 0.04
   2   29 0.50
   5    9 0.96
   3   36 0.60
   7   29 0.15
  12   42 0.67
   2    6 0.18

  11   33 0.98
   5   28 0.82
   1   20 0.70
   3    8 0.74
   7   30 0.53
   7   18 0.06
   2    5 0.76
  11   40 0.38
   2   19 0.23
   9   36 0.46
   6    6 0.27
   7   26 0.26
   6   39 0.01
   0   31 0.72
   9   39 0.83

   2   28 0.57
   6   26 0.60
   0    2 0.49
   9   38 0.41
  11   43 0.35
   9   47 0.15
   5   34 0.83
   3   23 0.72
   8   32 0.25
  11   42 0.00
   8   16 0.31
   7   15 0.68
   5    9 0.24
   0    4 0.59
   3   40 0.34

   1   30 0.03
   0   22 0.98
   7   18 0.45
   1   32 0.43
   7   19 0.85
  12   20 0.06
   6   31 0.37
   5   40 0.75
   4   19 0.95
   9   26 0.51
   7   38 0.71
  11   15 0.61
   8   40 0.50
   6   33 0.11
   2    4 0.26

   5   33 0.20
   0    1 0.77
   2   28 0.53
   7   25 0.08
   4   29 0.89
   3   11 0.12
   7   46 0.64
  11   17 0.24
   1   39 0.16
   7   33 0.35
   4   41 0.12
   0   14 0.64
   2   37 0.39
   3   37 0.27
   3   30 0.02

   0    1 0.31
  12   51 0.62
   9   18 0.63
   3    6 0.03
   0   17 0.65
   2   38 0.21
  10   26 0.62
  12   29 0.10
   0   28 0.93
   1   28 0.34
   2   30 0.51
   3   41 0.71
   2   22 0.98
   5   13 0.16
   0    2 0.70

   0   39 0.98
   8   33 0.05
   1   10 0.81
  11   31 0.42
   5   30 0.52
   3   25 0.86
   5   31 0.97
   9   36 0.14
   8   23 0.59
   7    9 0.89
   8   36 0.95
   7   28 0.71
   9   48 0.37
   1    9 0.20
   7   38 0.84

   1   10 0.70
   3   12 0.40
   6    7 0.50
  12   16 0.61
  12   45 0.15
   8   17 0.47
   5   37 0.82
   1   24 0.29
   6   21 0.82
   0   22 0.92
  11   26 0.73
   3   23 0.63
   0    3 0.94
   6    9 0.60
   6   31 0.80

   2    3 0.61
   6   19 0.78
  12   33 0.30
  12   19 0.14
   3   15 0.54
  11   41 0.74
   2   32 0.04
  12   19 0.96
  10   39 0.64
   6   10 0.94
   4    5 0.42
   6    8 0.14
   7   45 0.17
   1   15 0.97
  11   17 0.80

   2   40 0.70
   8   10 0.79
   3   16 0.42
  12   43 0.47
   5   17 0.23
  10   29 0.37
   3   39 0.10
   8   27 0.20
  11   37 0.80
  10   18 0.05
   1   18 0.25
   7   24 0.53
   5   32 0.01
  11   17 0.43
   3   16 0.46

   2   19 0.55
  12   49 0.53
   8   37 0.68
   5   21 0.71
   6   30 0.42
   3   31 0.29
   1   38 0.07
   7   16 0.14
   1   10 0.71
  12   26 0.32
  12   22 0.70
   8   21 0.33
  10   30 0.95
   5   13 0.75
  10   40 0.49

   4   34 0.49
   8   32 0.05
  12   43 0.12
   1   30 0.19
   6   36 0.82
   7   26 0.23
   4   13 0.34
   7   44 0.26
   5   17 0.17
   3   41 0.24
   3   39 0.99
  11   18 0.72
   4   27 0.02
   8   34 0.88
   4   35 0.73

