4 20 8
12    2  20  10   2  10  16  16  10  16  20   2   4

  12   22 0.61
  10   13 0.75
  39   53 0.92
  38   50 0.13
   1    6 0.62
  32   48 0.15
  26   44 0.88
  20   37 0.19
   0    6 0.98
  27   33 0.39
  18   24 0.91
   2   21 0.94
  24   41 0.94
  37   43 0.27
  23   39 0.13
   8   27 0.47
  39   46 0.21
  39   53 0.25
  22   23 0.53
  29   34 0.34

   9   24 0.71
   9   16 0.03
  15   16 0.22
  20   35 0.71
   8   15 0.83
   3   10 0.83
  24   43 0.62
  39   50 0.00
  37   37 0.10
  12   17 0.31
  25   40 0.95
   2    8 0.44
  38   57 0.69
   3   22 0.34
  39   48 0.04
  10   22 0.90
   9   21 0.23
  36   36 0.31
  21   21 0.06
  23   31 0.63

  25   28 0.55
  12   18 0.45
   0   11 0.49
   7   11 0.56
  14   20 0.39
  39   56 0.15
  26   37 0.73
  21   30 0.28
  10   20 0.58
   9   10 0.61
  10   16 0.56
  17   24 0.25
   9   19 0.34
  27   32 0.27
   1    8 0.77
   0    0 0.97
   8   17 0.93
   1    2 0.05
  24   34 0.25
   7   24 0.50

   2   21 0.13
  25   30 0.95
  33   38 0.30
  19   24 0.29
  16   30 0.69
  21   40 0.65
  12   30 0.12
  12   17 0.24
   7   20 0.71
  11   21 0.98
  36   39 0.39
  19   35 0.63
  38   39 0.15
  12   19 0.89
   1   10 0.47
   0    9 0.17
  32   46 0.30
  28   33 0.12
   6   16 0.17
   0   18 0.27

  16   32 0.63
   1    9 0.01
  30   35 0.12
   6   16 0.52
  35   38 0.20
  22   39 0.70
   3   12 0.02
  33   42 0.70
  10   10 0.97
  25   33 0.12
   7    7 0.38
  30   44 0.36
  16   26 0.13
  19   22 0.55
  23   24 0.37
  22   40 0.28
   0   16 0.02
   0    7 0.00
  21   31 0.89
  10   26 0.23

   3   11 0.62
  23   38 0.27
  14   18 0.83
   6   11 0.19
   9   20 0.29
  11   22 0.46
   4   15 0.40
  35   35 0.05
  23   37 0.57
   3    9 0.10
  28   35 0.10
  17   26 0.64
   1    6 0.40
  30   48 0.01
  34   49 0.59
  36   50 0.69
  15   33 0.30
  34   47 0.44
  36   46 0.42
   4    7 0.75

  12   29 0.99
   5   23 0.22
   5    8 0.41
   3   10 0.45
   5   18 0.94
  28   33 0.52
  35   37 0.46
  27   37 0.33
  24   25 0.74
  37   47 0.90
  35   43 0.76
  37   45 0.16
   6   22 0.36
   8   11 0.95
  20   30 0.62
  16   18 0.35
   1   12 0.18
  10   15 0.73
   2    3 0.55
  33   41 0.01

  25   39 0.98
   4   15 0.32
  12   12 0.12
  31   50 0.35
  37   53 0.66
  16   33 0.04
  23   42 0.17
   2    6 0.83
  30   44 0.51
   5   21 0.24
  29   40 0.69
  28   29 0.04
  32   37 0.04
  28   30 0.00
  17   27 0.17
  24   39 0.84
  27   46 0.25
  28   28 0.25
  37   54 0.47
  33   33 0.08

  22   35 0.63
  18   36 0.68
   6   10 0.36
  13   31 0.57
  22   33 0.26
  28   39 0.13
  37   46 0.27
  19   30 0.92
  38   41 0.41
  16   32 0.46
  18   21 0.99
  26   33 0.75
  32   41 0.17
  39   41 0.99
  29   41 0.47
  19   34 0.40
   4   23 0.52
  31   43 0.67
  37   46 0.84
   1    5 0.93

  22   35 0.19
   9   27 0.54
  29   47 0.83
   8   16 0.57
   4   11 0.23
  23   26 0.61
   4   18 0.64
  27   46 0.91
   8   22 0.97
  26   35 0.47
   3   19 0.26
   1    1 0.93
  36   48 0.17
  34   40 0.14
  29   47 0.36
  10   16 0.23
  20   23 0.11
  13   14 0.90
  34   47 0.59
   5   10 0.08

   1    1 0.22
  29   31 0.84
   5   11 0.57
   5   23 0.60
  35   40 0.60
   5   11 0.34
   7   15 0.31
  30   32 0.55
  22   30 0.83
  20   35 0.93
  20   34 0.02
  17   18 0.57
  24   41 0.95
  21   32 0.11
  37   43 0.43
  31   42 0.07
   2   16 0.32
  37   56 0.02
  13   19 0.56
  21   39 0.57

  22   38 0.86
  22   28 0.90
  24   26 0.97
  35   51 0.32
   0   17 0.50
  26   40 0.91
  32   39 0.91
  11   18 0.18
  25   34 0.95
  35   38 0.33
  11   22 0.02
   0   16 0.77
  32   46 0.61
  26   36 0.28
   2    3 0.25
   4   20 0.08
   2    2 0.65
  29   36 0.90
  12   18 0.39
  22   30 0.96

