4 15 4
12    4   2  20   2  16  10  16  20  10   2   2  20

  57  110 0.02
  45   86 0.20
   5   60 0.80
  18   21 0.03
   9   27 0.53
   9    9 0.25
  13   52 0.68
  12   55 0.16
  29   63 0.26
  45   78 0.47
   6   25 0.72
  27   63 0.41
  34   60 0.88
   3   59 0.65
  25   60 0.52

  45   70 0.78
  33   73 0.56
  52   52 0.94
  33   72 0.61
  22   77 0.59
  56  104 0.97
  44   91 0.86
  56   58 0.66
  54   56 0.35
   8   38 0.27
  47   79 0.81
  42   70 0.78
  52   81 0.44
  29   48 0.02
  21   65 0.31

  26   70 0.79
   4   16 0.02
  55  106 0.65
  24   25 0.45
  43   59 0.19
   4   32 0.82
  30   39 0.98
   7   52 0.26
  14   65 0.97
  26   67 0.98
  16   30 0.96
  30   73 0.64
  22   32 0.55
  14   71 0.50
  40   54 0.86

   0   29 0.16
  46   93 0.58
  13   24 0.37
  39   61 0.74
  20   62 0.11
  46   49 0.01
  32   46 0.96
  44   84 0.43
  38   45 0.64
  27   33 0.26
   9   28 0.55
  43   89 0.75
  30   30 0.42
  27   34 0.17
  13   68 0.70

   6   39 0.52
  55   95 0.54
  55   95 0.79
  43   87 0.14
  21   62 0.48
  56   56 0.97
   8   43 0.71
  20   61 0.32
  37   77 0.07
  20   37 0.78
  28   67 0.99
  16   62 0.97
  37   61 0.37
  51   69 0.16
  14   32 0.57

  28   72 0.99
  43   62 0.19
  41   66 0.29
  26   36 0.10
  20   37 0.71
  18   67 0.18
  55   57 0.69
  48   88 0.58
  26   54 0.48
  21   49 0.17
  38   67 0.49
  48   64 0.02
  53   96 0.63
  52   56 0.91
  42   48 0.98

  20   61 0.92
  23   56 0.20
  10   61 0.57
   5   34 0.11
   9   66 0.89
   5   34 0.60
  32   39 0.01
  57   98 0.34
  50   53 0.51
  46   85 0.52
  56   71 0.68
  22   66 0.30
   6   31 0.88
  38   93 0.05
  21   60 0.21

  18   60 0.98
   1   20 0.57
  48   93 0.72
  54  100 0.54
  16   70 0.64
  44   66 0.08
  55   58 0.20
  26   34 0.62
  45   93 0.08
  35   58 0.81
  31   48 0.18
  31   75 0.76
  28   69 0.49
  22   39 0.86
  37   79 0.29

  25   63 0.89
  42   85 0.45
  38   92 0.93
  18   41 0.95
  48   98 0.33
  34   51 0.05
   3   16 0.33
  53   93 0.10
  54   81 0.92
  49   93 0.16
  16   20 0.09
  32   68 0.82
  36   57 0.38
   2   33 0.49
  35   57 0.96

  26   37 0.34
  18   23 0.08
  57   73 0.70
   2    6 0.29
  28   49 0.90
  13   58 0.32
  17   29 0.59
  25   76 0.63
  46   94 0.16
   5   54 0.00
  29   60 0.35
   5   16 0.48
  39   74 0.18
  40   95 0.78
   1   39 0.89

  52   94 0.78
  47   87 0.80
  18   42 0.07
  35   62 0.42
  42   88 0.77
  22   77 0.01
  40   50 0.02
  34   62 0.49
   9   59 0.78
   3   41 0.91
  13   50 0.71
  40   66 0.63
  47   65 0.83
  17   32 0.70
  20   54 0.44

  20   22 0.84
  55   80 0.33
  36   52 0.56
  29   46 0.43
  49   93 0.30
  29   67 0.43
   4   12 0.47
   6   28 0.24
  28   67 0.41
  42   97 0.32
  45   89 0.84
  29   32 0.12
  42   61 0.55
   2   26 0.63
  22   73 0.64

