5 25 8
12   16   2  16  16  10  10   2  16  20   4  20   4

   4   13 0.75
  38   51 0.55
  37   43 0.01
   5   19 0.27
  10   26 0.48
  35   49 0.49
   2   17 0.49
  27   27 0.41
  23   30 0.12
  39   50 0.49
   2   16 0.76
  35   42 0.43
  10   22 0.76
  37   57 0.35
  25   38 0.63
  18   33 0.70
  32   40 0.91
  41   41 0.60
  23   32 0.17
  17   20 0.64
  23   30 0.95
  31   31 0.91
  21   40 0.72
  37   55 0.73
  27   33 0.65

   8   23 0.27
  17   30 0.31
   5   17 0.15
  12   12 0.68
  24   39 0.43
  12   12 0.95
  15   20 0.80
  12   29 0.18
  39   52 0.66
   0    2 0.15
   2   21 0.65
  35   55 0.23
  27   39 0.61
  16   36 0.59
  17   25 0.45
  24   35 0.47
  38   46 0.66
  16   31 0.67
   7   14 0.95
  26   36 0.59
   6    6 0.99
   5   20 0.11
  14   19 0.53
  20   29 0.91
  26   46 0.50

  37   45 0.98
   2    7 0.65
  32   51 0.57
  14   33 0.78
  40   54 0.84
  14   15 0.69
   4    4 0.44
  30   50 0.02
  15   19 0.52
  39   47 0.42
  12   28 0.56
   8   13 0.88
  39   57 0.23
  22   32 0.77
   5   25 0.06
   1   14 0.50
   2   20 0.93
  40   57 0.84
  25   30 0.91
  32   44 0.56
   6   23 0.53
  38   50 0.91
  26   39 0.81
   6   23 0.81
  41   44 0.52

  16   26 0.31
  13   33 0.51
   0    2 0.76
  11   30 0.97
  23   38 0.42
  21   23 0.01
  36   47 0.61
  25   35 0.44
  12   14 0.17
  20   29 0.16
   7   18 0.36
   2   22 0.95
   7    9 0.62
  25   43 0.39
   1   19 0.63
  15   19 0.68
  14   14 0.85
  25   33 0.71
   3   10 0.07
  16   27 0.85
   5   24 0.85
  25   35 0.55
   6    8 0.82
  25   26 0.25
   0    7 0.50

   8   25 0.36
  30   38 0.95
  13   17 0.44
  26   34 0.85
  17   31 0.78
  13   14 0.59
  17   19 0.32
  29   42 0.47
  12   30 0.70
  12   23 0.50
   7   23 0.33
  41   53 0.51
  37   48 0.68
  27   38 0.16
  40   41 0.71
  23   41 0.87
  12   19 0.92
  37   37 0.50
  33   50 0.94
  34   50 0.08
  15   33 0.89
  38   55 0.72
   6    9 0.59
  28   33 0.56
  23   32 0.80

  37   53 0.28
  27   28 0.81
  17   26 0.44
  38   43 0.10
   6   25 0.38
  36   36 0.57
  27   27 0.98
  38   58 0.48
  40   43 0.22
  31   35 0.22
  37   53 0.65
  24   35 0.87
  26   43 0.28
  11   28 0.99
  10   10 0.11
   1   12 0.68
  13   20 0.90
   7   23 0.07
  15   35 0.83
   2   22 0.56
  27   41 0.72
  29   42 0.90
  35   54 0.83
  22   30 0.43
  37   57 0.51

  20   24 0.09
  28   48 0.19
   0   16 0.55
  25   36 0.54
  31   33 0.65
  19   20 0.79
  12   12 0.88
  35   49 0.90
  32   50 0.90
  20   33 0.86
  18   23 0.62
   0    4 0.23
  10   14 0.66
  33   35 0.08
  41   54 0.85
   8   24 0.92
   9   10 0.23
  10   29 0.90
  27   30 0.43
  14   30 0.15
  15   17 0.09
  23   40 0.31
  38   53 0.35
  29   41 0.12
  40   54 0.22

   7   23 0.65
  34   53 0.22
   2    2 0.52
  39   54 0.47
  26   33 0.85
  32   42 0.31
  34   37 0.56
  33   40 0.48
   5   21 0.68
   5   10 0.47
  23   34 0.40
  31   36 0.21
  27   40 0.14
  22   35 0.01
  24   36 0.17
   7   10 0.70
  12   12 0.67
  21   24 0.23
  15   17 0.77
  11   12 0.92
  24   43 0.64
  27   32 0.78
  26   46 0.46
   4   18 0.29
  40   49 0.08

  27   35 0.34
  35   39 0.44
  30   43 0.10
  19   32 0.24
  41   44 0.29
  25   43 0.43
  38   39 0.55
  35   37 0.15
  15   15 0.69
   2    5 0.45
   3   12 0.40
  18   22 0.81
  20   22 0.52
  28   34 0.28
  23   27 0.98
  10   11 0.13
  15   29 0.31
  25   32 0.19
  35   55 0.92
  35   38 0.34
  31   40 0.98
  12   16 0.14
  35   41 0.87
  35   40 0.36
   3   10 0.93

  34   51 0.71
  14   14 0.34
  33   53 0.90
  30   41 0.91
  18   26 0.39
   1   14 0.62
  40   53 0.26
   0    7 0.05
   2   16 0.76
  27   40 0.14
  18   38 0.12
  32   52 0.46
   9   23 0.68
  14   27 0.66
  30   34 0.08
  12   17 0.25
  21   25 0.06
   4   12 0.70
  11   12 0.03
  34   48 0.40
  39   49 0.16
  20   32 0.56
  41   41 0.75
   0    2 0.27
  33   47 0.18

   5   15 0.70
  34   46 0.13
   9   14 0.24
  38   56 0.05
  27   44 0.90
  40   59 0.27
  11   11 0.93
  41   55 0.10
  28   47 0.54
   6   11 0.23
  16   22 0.61
  27   28 0.76
   1    3 0.96
   5   20 0.42
  22   42 0.83
  32   45 0.03
  18   25 0.28
   8   10 0.60
  30   38 0.84
  24   35 0.15
  21   37 0.23
   0   10 0.44
   5   16 0.34
  35   42 0.21
   3    4 0.93

  22   34 0.19
  35   49 0.65
  10   13 0.80
  35   50 0.67
  28   33 0.99
   4   13 0.37
   8   12 0.59
  12   27 0.43
  15   24 0.05
   8   17 0.65
  25   30 0.25
  26   45 0.03
   1   14 0.01
  38   57 0.63
  38   46 0.93
  22   36 0.42
  13   15 0.33
   9   16 0.59
   9   25 0.44
  34   34 0.77
  30   30 0.11
  25   43 0.48
  12   28 0.12
   0    2 0.17
  38   58 0.05

