3 20 8
12    2   2  10   2  10  20   4  20   2   2   4  16

  14   24 0.54
  25   38 0.26
  14   21 0.78
   8   21 0.66
  21   33 0.06
  25   37 0.39
  33   33 0.47
   7   15 0.06
   1   15 0.60
   6   14 0.06
  32   46 0.07
   2   14 0.68
  11   26 0.79
   4    8 0.31
  32   41 0.01
  29   45 0.90
  27   42 0.79
   9   11 0.04
  27   44 0.53
  10   17 0.57

   9   11 0.66
  26   26 0.30
  33   45 0.39
  15   30 0.52
  26   38 0.96
  25   36 0.83
  12   18 0.79
  36   47 0.20
   5   11 0.88
   6   13 0.69
  14   19 0.76
   6   13 0.24
  23   39 0.59
   7   25 0.21
  36   49 0.16
  25   26 0.59
   3    6 0.56
  15   18 0.63
  30   39 0.40
  30   33 0.53

  10   17 0.29
   5   13 0.24
  15   17 0.01
  24   33 0.86
  16   27 0.72
  31   46 0.68
  19   26 0.22
  27   38 0.26
  16   30 0.47
  37   42 0.65
  30   48 0.67
   5   23 0.48
  17   28 0.23
  36   49 0.31
   7   18 0.38
  13   15 0.32
  33   49 0.43
  38   53 0.18
  30   44 0.12
  11   12 0.12

  23   33 0.79
   7    7 0.06
  33   34 0.02
  26   41 0.81
  26   37 0.95
  32   38 0.22
  16   20 0.80
   0   10 0.19
  16   28 0.06
  29   45 0.71
   8   16 0.50
   5   21 0.81
  15   19 0.64
  12   30 0.70
   0    3 0.86
  26   30 0.62
   1    2 0.64
  18   29 0.59
  28   28 0.38
  36   52 0.85

  38   55 0.77
  25   33 0.71
   5   20 0.27
  21   23 0.95
   3   12 0.01
   4    7 0.05
  14   21 0.17
  19   36 0.27
   6    6 0.18
  34   47 0.33
  11   14 0.24
   3    5 0.01
  19   37 0.13
   0   15 0.38
  20   37 0.62
  31   43 0.98
  18   26 0.73
  21   25 0.68
   9    9 0.30
  26   32 0.30

  24   28 0.70
  16   27 0.76
  35   46 0.45
  10   27 0.68
  19   24 0.82
   5    9 0.83
  10   10 0.99
  17   28 0.91
  38   56 0.27
   8   15 0.25
  21   28 0.77
  32   43 0.89
   2    7 0.33
   7   16 0.71
  16   27 0.49
  28   44 0.45
  28   45 0.73
  31   38 0.51
  29   46 0.73
  20   24 0.47

  21   21 0.42
   7   25 0.91
  14   18 0.88
   7   21 0.63
  25   30 0.07
  20   27 0.80
  32   46 0.33
  27   39 0.79
  28   31 0.14
   5   22 0.52
  23   26 0.70
  17   35 0.69
   5   23 0.12
  27   45 0.94
  13   19 0.85
  11   12 0.24
   3   21 0.41
  13   19 0.20
   8   23 0.16
  25   43 0.57

  33   38 0.49
  17   30 0.13
  17   21 0.27
  32   41 0.01
  33   40 0.51
   6   10 0.97
  24   32 0.93
   1   13 0.70
  18   18 0.94
   0    0 0.98
  22   25 0.66
  33   45 0.10
   4   10 0.06
  26   27 0.73
  15   21 0.20
   3    5 0.26
   9   18 0.92
  20   34 0.16
  27   27 0.16
  24   41 0.76

   2    8 0.37
  27   27 0.77
  21   27 0.16
   5    7 0.34
  21   38 0.15
  34   52 0.68
  21   29 0.93
   3   13 0.39
  37   55 0.32
  35   47 0.52
  13   16 0.61
   0    4 0.39
   0   18 0.75
  18   18 0.08
  23   31 0.39
  29   35 0.53
  13   20 0.72
  31   35 0.92
   8   17 0.62
  24   30 0.97

  15   24 0.45
  12   16 0.41
  31   39 0.48
   8   26 0.07
  35   50 0.70
  23   34 0.42
  19   19 0.16
   6   24 0.51
  23   35 0.57
  12   27 0.31
  24   32 0.08
  29   38 0.08
  33   48 0.98
  33   49 0.32
  27   43 0.95
  26   39 0.18
  31   42 0.51
  17   23 0.10
  31   46 0.51
  31   42 0.40

  36   41 0.83
   4   17 0.69
  35   52 0.66
  34   41 0.39
  37   44 0.68
  27   40 0.25
   5   12 0.58
  31   32 0.89
  18   26 0.36
  24   37 0.21
  32   41 0.73
  26   33 0.48
  21   27 0.20
   2   11 0.09
  26   37 0.35
  16   26 0.01
  22   33 0.99
   2    5 0.11
  26   40 0.83
   5   10 0.80

  16   27 0.73
  28   35 0.37
  28   43 0.36
  30   32 0.41
  33   39 0.89
   1   10 0.53
  20   22 0.12
   4    8 0.70
   1    6 0.44
   8   12 0.65
  22   38 0.73
  31   40 0.62
  35   51 0.27
  13   13 0.36
  21   35 0.46
  16   34 0.48
  22   30 0.13
  30   31 0.13
  33   39 0.56
   0   15 0.93

