3 20 4
12   10   4  16  20  16  10   2   2  16  20  10   4

 118  131 0.23
  17   69 0.24
 118  158 0.57
  62   81 0.54
 156  198 0.82
 118  137 0.34
  59   90 0.27
  88  129 0.24
  23   44 0.92
  23   73 0.09
 152  179 0.88
  13   40 0.89
  20   58 0.17
 154  180 0.85
  39   47 0.73
   3   27 0.98
 137  141 0.13
  96  147 0.90
  54   83 0.40
 138  168 0.60

 109  130 0.09
  96  146 0.93
  36   89 0.93
 109  127 0.36
 130  157 0.88
   7   14 0.95
 161  187 0.48
 115  127 0.48
  24   55 0.07
 115  162 0.24
 108  148 0.13
  90  117 0.09
   0   23 0.13
  53  104 0.51
  81  107 0.49
  95  114 0.71
  12   60 0.67
 119  146 0.28
 130  162 0.02
   1   36 0.85

 153  154 0.54
  89  137 0.26
   7   32 0.36
  40   56 0.40
  28   34 0.53
  20   53 0.58
  73  114 0.45
  31   82 0.25
 124  171 0.08
 154  159 0.52
  83  130 0.39
 107  141 0.09
 145  172 0.61
  28   57 0.81
  43   65 0.21
 115  165 0.89
 152  168 0.27
  76  124 0.49
  65  105 0.27
 109  109 0.86

 115  128 0.85
  58   88 0.75
 104  107 0.49
 150  176 0.15
  92  129 0.20
  61   88 0.82
  87   94 0.13
  31   41 0.65
  88  122 0.88
 128  152 0.73
 152  171 0.69
 118  149 0.87
 127  156 0.71
 126  133 0.37
  88  103 0.28
 156  193 0.74
  68   94 0.35
   3   37 0.53
  60  107 0.44
  96  139 0.39

  65   90 0.37
  71  120 0.74
  85   98 0.35
  91  118 0.91
 130  148 0.21
  46   78 0.69
  70  121 0.32
  29   59 0.10
  72  122 0.53
 138  168 0.95
 117  160 0.05
  37   40 0.24
 126  156 0.57
 136  179 0.03
  48   64 0.47
 160  195 0.16
  88  104 0.29
  76  109 0.13
  34   87 0.55
  25   56 0.10

  46   95 0.65
  81  129 0.53
 155  181 0.55
  34   41 0.50
  79  132 0.71
  37   83 0.94
 126  172 0.06
  95  126 0.25
  17   20 0.47
   6   27 0.09
  22   40 0.28
 160  209 0.60
 118  119 0.75
 146  190 0.05
 104  140 0.28
  53  104 0.48
  96  101 0.42
  56   80 0.64
  54   83 0.27
 135  142 0.65

 142  170 0.38
  30   71 0.14
 112  165 0.10
 158  166 0.14
 125  129 0.59
  49   63 0.25
  50   84 0.23
  68  112 0.55
  36   51 0.11
 133  186 0.77
 129  178 0.69
  53   82 0.12
  68   96 0.83
 104  113 0.02
 128  160 0.01
  85  135 0.14
  10   19 0.35
  97  146 0.14
  86  136 0.48
  78  117 0.68

  56   96 0.69
 160  200 0.83
  72   91 0.33
  87  131 0.28
  29   61 0.54
  63   75 0.25
  94   98 0.09
 144  197 0.58
  69   90 0.79
 134  161 0.91
   9   26 0.50
 129  143 0.37
  70   87 0.38
  51  100 0.29
  20   55 0.62
  33   46 0.19
 110  149 0.24
  68   87 0.01
  94  147 0.37
  37   41 0.42

 146  154 0.58
  21   49 0.70
 103  103 0.80
  45   53 0.25
 156  179 0.01
  81  106 0.97
 110  160 0.23
   8   47 0.11
 160  213 0.98
  80   94 0.81
 105  119 0.56
  15   25 0.51
  47   69 0.26
 122  147 0.14
 153  173 0.45
  12   33 0.12
  16   23 0.27
 157  184 0.45
 110  152 0.36
 104  110 0.43

  53   89 0.24
 148  151 0.86
  70   81 0.93
  70  101 0.38
  94  121 0.98
  28   58 0.18
 118  158 0.80
   9   55 0.41
  17   31 0.59
  88  125 0.14
  95  110 0.92
 117  139 0.36
  85  136 0.46
   0   49 0.19
   9   19 0.76
 106  145 0.03
  37   81 0.79
 124  160 0.37
  10   29 0.16
  65  100 0.98

 104  104 0.45
 134  171 0.78
 156  177 0.59
  94  117 0.62
  69   90 0.73
  12   41 0.55
  18   32 0.22
 137  185 0.70
   4   35 0.61
  26   59 0.77
  25   28 0.27
  95  132 0.98
 149  179 0.73
  92  107 0.04
   9   19 0.20
  22   31 0.35
  70  118 0.81
  13   49 0.65
  60   73 0.42
  29   75 0.55

  67   69 0.72
  45   75 0.25
 119  145 0.74
 114  157 0.25
  33   64 0.40
 100  151 0.53
  28   69 0.37
  17   19 0.16
  50   87 0.14
  35   73 0.31
 155  160 0.54
  48   57 0.85
  66   66 0.15
  69   83 0.86
  17   34 0.52
 118  119 0.65
  90  100 0.02
  82   96 0.78
 104  118 0.70
  92  118 0.48

