5 50 8
6   10  10   4  16  10  16

   9   19 0.66
   5   29 0.06
  21   43 0.27
  29   64 0.19
  25   36 0.65
  10   42 0.78
  37   45 0.87
  37   77 0.63
   0   31 0.21
  34   70 0.17
  32   37 0.28
  34   53 0.31
  21   57 0.90
  15   27 0.87
  40   70 0.44
   8   28 0.11
  14   30 0.50
  24   36 0.38
  16   17 0.68
  26   57 0.70
  34   66 0.59
  17   54 0.53
   7   43 0.23
  33   64 0.80
  21   24 0.97
   7   47 0.03
  34   61 0.60
   6   36 0.46
  10   46 0.87
  36   62 0.46
  20   49 0.15
  25   64 0.63
  28   52 0.05
  33   46 0.38
  34   69 0.54
  39   39 0.14
  28   53 0.66
  10   12 0.39
   1    1 0.27
  40   55 0.36
  24   55 0.56
  14   51 0.26
   5   37 0.36
  31   47 0.08
  14   54 0.01
  29   33 0.07
  31   61 0.34
  26   34 0.80
  16   48 0.55
   1   36 0.15

  38   39 0.98
   5   15 0.46
  29   62 0.18
   0   13 0.13
  31   46 0.18
  25   26 0.51
  39   63 0.97
  26   56 0.73
   7   10 0.55
  17   47 0.27
  14   52 0.35
  33   61 0.40
  32   58 0.51
   1   19 0.81
  26   41 0.03
  37   48 0.25
  29   35 0.73
  24   57 0.84
   8   12 0.66
   7   11 0.92
  21   54 0.82
  20   48 0.47
  23   39 0.47
  40   69 0.01
  15   36 0.43
  29   35 0.46
  24   63 0.72
  38   54 0.52
  23   35 0.85
  38   53 0.61
  30   41 0.60
  33   64 0.95
  22   32 0.05
  12   13 0.53
  25   46 0.96
  39   79 0.48
  28   62 0.36
   6   42 0.00
   4   37 0.34
  13   14 0.36
  17   21 0.48
  37   62 0.96
  13   21 0.43
  34   64 0.31
  28   50 0.88
   2   17 0.83
  20   55 0.24
  24   38 0.08
  14   16 0.53
  38   66 0.06

  32   49 0.64
   1   28 0.68
  40   75 0.70
   5   29 0.60
  24   54 0.20
  27   31 0.50
  27   36 0.53
   0   27 0.77
  21   39 0.68
   2   26 0.06
  29   47 0.55
   5   23 0.90
   2   17 0.52
  38   65 0.95
  26   54 0.04
  12   49 0.79
  18   30 0.97
  19   58 0.34
  33   69 0.15
  35   67 0.43
   0   35 0.41
  33   65 0.93
   4    6 0.05
  18   54 0.79
  22   34 0.92
   4   13 0.66
  35   73 0.88
  14   20 0.06
  17   24 0.22
  10   40 0.79
   9   15 0.86
   9   18 0.43
  18   31 0.65
   3   37 0.22
  23   44 0.50
  40   77 0.11
  34   58 0.79
   8   16 0.97
  27   67 0.58
   7   14 0.45
   5    8 0.20
  37   70 0.81
  26   40 0.06
  19   20 0.40
   6   19 0.40
  21   31 0.43
  25   29 0.97
  38   71 0.97
  26   57 0.20
   5    8 0.10

  31   69 0.34
   2   38 0.00
  36   55 0.98
   1   19 0.51
  25   41 0.45
   9   15 0.15
  10   48 0.94
   3   38 0.54
  25   51 0.49
   3   32 0.57
  26   40 0.54
  22   39 0.38
  10   18 0.52
  39   60 0.47
  10   43 0.01
  36   71 0.43
  35   68 0.18
  19   37 0.69
  29   60 0.80
  18   30 0.06
  17   36 0.43
  13   46 0.87
  37   56 0.57
   4   32 0.80
  32   57 0.44
  21   41 0.18
  27   52 0.79
  20   50 0.79
  21   46 0.79
  30   35 0.33
  26   51 0.98
  31   71 0.78
   3   16 0.09
  37   68 0.92
  39   61 0.00
  19   40 0.68
  22   54 0.16
  11   13 0.00
  28   43 0.28
   2   26 0.63
  10   11 0.81
  36   42 0.12
   8   35 0.39
   0   31 0.29
  19   33 0.60
   4   15 0.19
  20   27 0.03
  34   44 0.79
  32   68 0.46
  35   50 0.09

  14   25 0.94
   5    9 0.20
  40   45 0.82
  37   43 0.90
  40   57 0.07
  12   50 0.73
   5   36 0.48
  19   41 0.37
  19   47 0.71
  11   33 0.87
  21   54 0.34
   8   45 0.38
  25   42 0.31
  21   30 0.32
  16   50 0.68
  38   73 0.47
  18   31 0.96
  26   55 0.74
  28   45 0.86
  19   23 0.79
  28   58 0.39
  11   40 0.61
  22   24 0.67
  25   48 0.88
  28   64 0.66
  13   35 0.76
   7   35 0.36
   4   31 0.17
  31   55 0.04
   2   15 0.37
  34   61 0.50
  13   31 0.08
   2    6 0.41
  18   44 0.28
  33   62 0.05
  32   68 0.95
  23   25 0.97
  39   56 0.86
  27   66 0.02
  26   26 0.11
  18   46 0.37
  23   40 0.62
  19   25 0.02
  35   55 0.73
  32   34 0.82
  12   20 0.93
   9   47 0.43
  40   47 0.23
  28   58 0.77
  13   36 0.82

  34   38 0.82
  32   55 0.55
  12   14 0.71
   6   10 0.03
   5   29 0.27
   3   30 0.63
  38   67 0.18
   3   11 0.78
  38   76 0.02
  13   37 0.51
   6    9 0.67
   2   27 0.23
  36   72 0.14
   1   10 0.76
  17   38 0.90
   5   37 0.98
   1   10 0.02
  22   44 0.60
  31   36 0.52
  21   56 0.12
  20   32 0.97
  14   33 0.26
   8   11 0.11
  17   29 0.77
  35   47 0.83
   4    8 0.28
   4    5 0.79
  25   65 0.49
   4   11 0.42
  12   16 0.86
  26   31 0.20
  33   45 0.48
  34   59 0.23
  23   58 0.81
  32   45 0.63
  11   37 0.47
  17   24 0.25
  14   23 0.96
  10   33 0.85
   6   34 0.52
  33   54 0.36
  29   45 0.17
  40   40 0.89
  40   46 0.99
   1    9 0.66
   4    5 0.99
   8   36 0.25
  30   50 0.74
   9   11 0.19
   8   30 0.35

