5 30 4
6    2  10   2  10   2   2

  23   29 0.62
   0    4 0.67
  18   22 0.97
  11   20 0.97
   5   10 0.50
  13   17 0.80
  26   33 0.74
  20   23 0.49
  11   12 0.55
   0    4 0.91
   4    7 0.20
  19   20 0.09
  20   20 0.73
  18   21 0.49
   5   14 0.20
  18   20 0.52
  23   27 0.42
  23   24 0.52
  20   20 0.80
   0    7 0.68
   8   10 0.38
  27   32 0.76
  12   12 0.89
  15   24 0.15
  15   21 0.08
   0    1 0.25
  27   36 0.48
  29   38 0.61
  10   14 0.20
  29   34 0.29

   8   10 0.24
   7   11 0.42
   0    6 0.42
  28   33 0.14
   1    8 0.74
  22   26 0.90
  29   37 0.95
  28   31 0.90
   5   12 0.40
  12   16 0.34
  15   21 0.75
  15   18 0.09
   4    5 0.51
  19   23 0.68
  15   22 0.55
  12   21 0.47
  24   28 0.99
  27   29 0.34
   6    7 0.53
   8   15 0.35
  28   28 0.99
   8    9 0.88
  27   35 0.37
  22   27 0.52
  10   19 0.57
  23   25 0.28
  15   21 0.33
  25   32 0.54
   9   18 0.68
  20   27 0.79

  12   21 0.30
  30   39 0.95
  10   15 0.88
   1    8 0.40
  13   22 0.57
  19   27 0.11
  21   23 0.34
  27   36 0.87
   2    9 0.29
  20   27 0.25
   5    7 0.00
  26   27 0.98
   4   12 0.67
   1    7 0.67
  16   19 0.30
  24   25 0.11
  25   32 0.32
  26   29 0.20
   7   10 0.38
  17   23 0.23
  18   27 0.37
  13   15 0.32
   1    5 0.78
   8   13 0.61
   5   14 0.52
   5    5 0.24
  16   18 0.68
  27   36 0.11
   5   13 0.17
   3   12 0.19

  30   36 0.97
  18   24 0.84
  15   24 0.44
   5   14 0.16
   3    3 0.33
  17   25 0.21
  24   24 0.81
  29   30 0.06
  16   20 0.33
   4   12 0.90
  30   30 0.72
  16   25 0.04
   3   11 0.63
  19   20 0.84
  20   23 0.74
  15   19 0.85
  12   14 0.58
  13   13 0.61
   6   15 0.60
  24   27 0.79
   4    7 0.62
   8   13 0.70
  21   23 0.15
  28   30 0.79
  29   30 0.99
  14   23 0.12
  15   23 0.16
  25   29 0.45
  26   32 0.68
  14   20 0.73

  14   18 0.61
   6   13 0.12
  13   14 0.46
   1    4 0.13
  15   23 0.48
  14   22 0.56
  15   16 0.01
  29   37 0.88
  29   38 0.10
  15   18 0.90
  16   17 0.51
   4    9 0.14
  24   24 0.07
  21   21 0.09
  15   21 0.47
   8   16 0.97
  17   19 0.25
  17   20 0.95
  25   34 0.96
  19   23 0.30
  25   26 0.94
  10   19 0.70
  19   26 0.70
  24   26 0.67
  13   14 0.54
   6   11 0.91
  14   23 0.72
  27   32 0.84
  23   24 0.64
  12   18 0.59

  20   24 0.14
   4    5 0.24
  15   20 0.17
   5   11 0.73
   3   10 0.54
  21   30 0.53
  27   35 0.98
   4    6 0.71
  23   28 0.46
  18   21 0.18
  27   33 0.85
  20   25 0.00
  13   13 0.60
   4    7 0.00
   6   12 0.51
  18   26 0.82
  13   17 0.77
  15   15 0.19
  19   24 0.27
  21   24 0.40
  21   24 0.86
  25   26 0.83
  10   18 0.87
  27   28 0.95
   5    8 0.33
  28   30 0.39
  30   31 0.71
  18   25 0.25
  15   23 0.63
  29   29 0.45

