3 25 8
12    4  10   2  20  10  16  16   4  10   4  10  16

  31   51 0.42
   7   59 0.75
   2   74 0.10
   6   28 0.40
  37  107 0.93
  52  138 0.08
  22   48 0.03
  35  102 0.42
  54  116 0.51
  15   56 0.92
  37   74 0.46
  61  105 0.21
  40  129 0.84
  25   73 0.58
  21   79 0.86
  16   45 0.96
   9   97 0.02
  15  104 0.25
   2   25 0.69
  61   95 0.80
  47  115 0.84
   7   89 0.89
  10   64 0.52
  16   82 0.97
   6   57 0.68

  57  120 0.10
  38  125 0.37
  44   55 0.42
  22   30 0.40
  15   20 0.75
   3   42 0.31
  20   77 0.42
  18   90 0.31
  13  103 0.26
  38  109 0.90
  15   51 0.64
  59   94 0.14
  15   94 0.59
  31   92 0.97
  34   37 0.40
  11   12 0.36
   2   60 0.70
  20   74 0.37
  52   68 0.12
  62   92 0.21
  13   91 0.65
  11   82 0.02
  33  113 0.65
  26  105 0.06
  19   95 0.26

  52  124 0.67
  58   83 0.02
  60  137 0.07
   2   50 0.60
  31  111 0.01
   1    6 0.12
  48  105 0.52
  31   45 0.32
  36   81 0.52
  33  119 0.99
  42  114 0.02
  56   87 0.26
  27   35 0.42
  43   46 0.19
  54   85 0.00
  18   28 0.42
  31  108 0.08
  20   76 0.55
  34   48 0.56
  11   67 0.41
  36   78 0.19
   2    2 0.03
   8   69 0.76
  53  126 0.15
  36   73 0.78

  30   67 0.96
  36   73 0.65
  42   97 0.82
  45  128 0.85
  25   69 0.12
  50   92 0.87
  59  145 0.35
  48  106 0.33
  49   94 0.50
  17   46 0.14
  44   61 0.59
  33  123 0.57
  13   15 0.56
  25   99 0.59
  56   59 0.61
  39  107 0.77
  16   91 0.95
  50   63 0.66
   9   38 0.15
  33   59 0.02
  57  143 0.75
  60   61 0.11
  47   90 0.06
  33   72 0.98
  11   20 0.43

   1   54 0.70
  29  114 0.51
  32  106 0.56
  38   47 0.38
  19   57 0.88
  43  113 0.46
  52  104 0.38
  59  137 0.20
  26   92 0.75
  58  105 0.08
  31   31 0.69
  44   65 0.31
   0   46 0.30
  14   20 0.48
  29   82 0.05
  17   18 0.29
  38  125 0.21
  43  105 0.02
   3   27 0.81
  42  118 0.45
  45  132 0.50
  42  121 0.81
   3   29 0.94
  27   98 0.64
  40  101 0.12

  53  105 0.49
  59   99 0.04
  25   57 0.99
  24  103 0.75
  41   57 0.67
  53  115 0.29
  28   80 0.70
  47   93 0.09
  20   80 0.24
  13   43 0.77
  30   38 0.39
  51   72 0.12
  38   42 0.48
  47  114 0.77
  20   65 0.35
  53  122 0.19
  34  105 0.28
  11   41 0.70
  11   22 0.33
   4   63 0.38
  56  142 0.98
  20   48 0.09
  43   56 0.13
  11  101 0.85
  61  153 0.20

  19   77 0.82
  37   86 0.87
  47   61 0.40
  31   34 0.43
  46  118 0.09
  60   73 0.81
  48   86 0.60
   7   74 0.17
  24   91 0.20
  18   52 0.97
  17   38 0.89
  53   81 0.37
  37  114 0.28
  43   48 0.82
  62  131 0.60
  32  124 0.53
   9   13 0.58
  43  102 0.61
  37   87 0.66
   1    3 0.72
   1   28 0.50
   1   14 0.71
   1   27 0.66
  29  102 0.02
  39   99 0.50

  62  100 0.58
  21   85 0.03
  29  112 0.13
  47   83 0.06
  61  153 0.88
  42   83 0.61
  35   88 0.26
  49   58 0.73
  16   54 0.47
  61  147 0.61
  48  129 0.31
  50   94 0.59
  36  127 0.94
  36   51 0.95
  38  131 0.58
  57   99 0.29
  46   56 0.70
  59  115 0.71
   2   64 0.95
  30  114 0.17
  46   76 0.33
  15   61 0.83
  33   74 0.10
  51   77 0.23
   2   50 0.80

   9   69 0.32
  40  112 0.35
  61  138 0.75
  46   47 0.63
  54   54 0.87
  49   54 0.13
  59   65 0.12
  21  115 0.01
  61  136 0.01
  56   60 0.56
  22   58 0.48
  47  124 0.45
  40   42 0.77
  62  143 0.51
  10   44 0.17
  22   93 0.15
  42   88 0.02
  18   43 0.94
  11   99 0.76
  59  115 0.91
   1   49 0.76
  55  101 0.25
  40   84 0.29
   4   71 0.43
  57  109 0.59

  30  103 0.53
  23  100 0.14
  41   97 0.18
  41  113 0.38
  25   89 0.14
   6   87 0.71
  58  102 0.63
  19  107 0.37
  25   37 0.17
  55  106 0.30
  29  101 0.87
  21   38 0.90
  38  108 0.54
  36   42 0.07
   9   24 0.48
   6   18 0.65
  33   77 0.88
   7   81 0.51
  45  114 0.15
  20   26 0.29
  48  133 0.40
  32   65 0.89
  58  128 0.68
  52  106 0.65
  62   66 0.80

  36   64 0.52
  18   30 0.36
   2   31 0.96
  61  147 0.58
  21  110 0.90
  18   48 0.98
  14   99 0.77
  10  100 0.20
   8   53 0.96
  55  111 0.73
  24   50 0.94
  35  116 0.33
  12  103 0.84
  57   81 0.04
  44   72 0.65
  28  103 0.01
  16   78 0.20
  23  100 0.27
  31  101 0.88
  37   42 0.04
  11   61 0.28
  43   52 0.10
  22   22 0.46
  56  134 0.01
  13   88 0.54

  55   78 0.04
  49   85 0.50
  55  136 0.20
  53  100 0.04
  60  140 0.47
  23  111 0.48
  31  106 0.04
  55  127 0.38
  46   51 0.33
  60  113 0.81
  61   77 0.72
  37   96 0.29
   7   23 0.73
  58  106 0.35
   9   42 0.08
  12   72 0.39
   3   66 0.73
  34   56 0.82
  21   46 0.56
  22   42 0.16
  38  111 0.50
  42   89 0.53
   9   31 0.99
  13   47 0.49
  51  123 0.39

