4 40 8
6   10   2   4   4  16  10

   5   34 0.76
  13   48 0.96
   1   11 0.21
  11   26 0.60
  13   18 0.84
  12   21 0.22
  13   17 0.23
   4   29 0.51
   3   10 0.65
  11   26 0.40
   8   28 0.33
   7   40 0.85
   4   31 0.20
   4   44 0.80
   0    8 0.26
  13   30 0.10
   7   15 0.72
  13   48 0.69
  13   30 0.47
   6   31 0.80
  10   25 0.75
   4   45 0.62
   8   37 0.08
  12   41 0.06
   0   37 0.77
   9   35 0.87
  12   17 0.74
  13   37 0.76
   2   15 0.19
  12   21 0.93
   1   16 0.96
  11   34 0.72
   0   24 0.30
  11   37 0.52
  13   41 0.48
   2   20 0.69
   0   33 0.32
  12   47 0.14
   3   34 0.70
   3   28 0.42

   1   12 0.94
  13   45 0.82
  13   47 0.93
  12   37 0.57
   5   11 0.83
   6   13 0.37
  13   39 0.90
   9   39 0.01
   8   15 0.20
  11   31 0.72
   6    8 0.94
   5   33 0.73
   6   40 0.00
  13   44 0.26
   1   21 0.00
   3    5 0.23
  13   24 0.38
   8   28 0.87
  10   34 0.50
   1    8 0.12
   7   27 0.94
   8   23 0.81
   4   31 0.79
   0    3 0.40
  10   49 0.97
   5   19 0.15
   3   38 0.41
   2   32 0.56
   9   41 0.92
   5   19 0.32
  13   54 0.76
   2   27 0.03
   2    7 0.82
   0    4 0.10
   2    9 0.75
   0   36 0.30
  13   52 0.60
   5   29 0.54
   4   37 0.77
   1   33 0.12

  10   42 0.04
   5   35 0.61
   9   47 0.08
   0   34 0.49
   2   32 0.82
   2   13 0.60
   7   27 0.05
   5   28 0.73
   0   29 0.55
  12   40 0.17
   3   23 0.83
   3   18 0.68
   3   13 0.83
   6    7 0.30
   9   12 0.45
   4   43 0.80
   9   49 0.09
   5   24 0.62
   0   38 0.77
   4    8 0.79
   2   23 0.72
   9   24 0.65
   3   31 0.63
   4   11 0.61
   2   31 0.77
  10   37 0.31
   1   16 0.01
  13   44 0.64
   8   39 0.43
   9   45 0.44
   6   20 0.28
   9   17 0.95
   2   38 0.70
  13   42 0.26
   5   13 0.00
   9   36 0.48
   4   20 0.11
   9   11 0.37
   6   23 0.92
   7    9 0.74

   1    3 0.03
   8   21 0.43
   9   29 0.12
   6   46 0.34
  10   38 0.18
   0    0 0.19
   9   36 0.95
   7   30 0.52
  13   23 0.18
  12   33 0.51
   2   43 0.99
   8   29 0.92
   9   33 0.17
   8   35 0.35
   7   27 0.07
   0   37 0.26
   9   33 0.51
  13   50 0.09
  10   44 0.60
   6   27 0.83
  12   37 0.68
   2    8 0.50
  12   29 0.35
  12   30 0.46
  13   47 0.49
   0   35 0.03
  11   19 0.78
   1   31 0.34
   7   44 0.88
  10   37 0.32
   0   23 0.40
   0   36 0.56
   0   11 0.17
   7   33 0.91
   4   26 0.78
   9   46 0.64
   0   33 0.35
   2    3 0.60
   4   39 0.40
   4   37 0.23

  12   13 0.36
   4   24 0.68
   3   36 0.52
   9   18 0.40
  13   27 0.45
   4   20 0.73
   0   36 0.97
   1    7 0.48
  11   35 0.68
  10   18 0.61
  12   24 0.39
   1   40 0.67
   0    4 0.11
   8   45 0.89
  11   21 0.01
  11   52 0.40
   9   32 0.96
   0   41 0.83
  13   50 0.87
   7   41 0.02
   1   17 0.22
   3    7 0.57
   4   13 0.46
   9   27 0.24
   4   15 0.23
   3    9 0.36
   0    9 0.17
   1    8 0.03
   2   32 0.14
  13   14 0.06
   0   27 0.13
   5   19 0.11
   1   19 0.32
   1   27 0.81
   9   20 0.07
   9   36 0.99
  11   46 0.49
   7    7 0.04
  11   27 0.05
   6   19 0.24

   5    5 0.49
   0   40 0.22
  12   19 0.59
   3   15 0.95
   6   38 0.56
   3   34 0.11
   7   46 0.15
   5    6 0.66
   4    8 0.29
   1   22 0.14
   8   27 0.99
  13   16 0.10
   4   38 0.23
   2   19 0.29
  12   21 0.89
   5   41 0.98
   9   29 0.04
   3    5 0.75
  11   17 0.64
   3   18 0.63
   6   38 0.11
   4   37 0.76
   2   23 0.58
   4    5 0.06
   4   27 0.32
   5   38 0.76
   0   35 0.41
   0   10 0.73
  13   31 0.34
   1   42 0.34
   7   19 0.82
   4   20 0.62
  10   24 0.04
   5   24 0.80
   5   22 0.07
  13   53 0.08
  10   44 0.91
   1    3 0.07
   2    6 0.12
   3   42 0.20

