3 30 4
6   10  10   2   2   4   2

  22   34 0.64
  29   41 0.12
   4   38 0.46
  20   49 0.72
  15   28 0.32
  34   45 0.72
  31   34 0.40
   1   15 0.03
  10   12 0.62
   1   29 0.37
  18   39 0.47
   4   29 0.93
  34   34 0.97
  27   37 0.36
  10   16 0.23
   2   24 0.86
  18   30 0.07
   5    8 0.11
  10   44 0.76
  16   47 0.31
  11   26 0.63
  27   55 0.32
  26   32 0.94
  24   36 0.20
   0    8 0.37
  15   26 0.35
  28   63 0.01
  30   63 0.53
  24   26 0.65
  28   34 0.75

  10   23 0.71
   2   20 0.67
  17   51 0.53
   7   16 0.69
  23   54 0.54
  35   61 0.62
  36   65 0.56
  15   26 0.74
  18   35 0.14
  36   47 0.36
  11   22 0.76
  23   24 0.90
   8   42 0.23
  31   40 0.25
   4   10 0.22
  11   17 0.13
  10   44 0.64
  30   52 0.97
  32   41 0.37
   6   37 0.26
  23   33 0.32
  34   50 0.54
  10   21 0.08
   8   24 0.05
  21   31 0.36
  15   18 0.51
  23   30 0.92
  31   39 0.62
   5   27 0.53
   6   41 0.16

  18   25 0.57
  27   50 0.59
  26   53 0.18
   9   15 0.67
  16   30 0.03
  19   53 0.77
  22   46 0.77
  15   40 0.75
  17   46 0.32
  29   40 0.34
  12   39 0.82
  19   42 0.79
   9   17 0.77
  31   52 0.05
  12   45 0.24
  14   39 0.33
  30   60 0.77
  29   59 0.62
  15   44 0.48
  36   46 0.76
  35   37 0.73
  17   26 0.28
  30   55 0.39
  10   32 0.55
  31   66 0.29
  22   29 0.61
  21   43 0.56
  23   34 0.00
   1   32 0.02
   4   26 0.66

  12   35 0.49
  32   62 0.76
  31   56 0.76
  14   50 0.47
   2   12 0.76
  34   53 0.51
  26   57 0.86
  25   32 0.56
   4    9 0.94
  24   40 0.74
  36   59 0.24
  30   39 0.36
  26   35 0.20
  28   48 0.16
  25   27 0.89
  33   61 0.68
   5   17 0.42
  19   35 0.82
   4   15 0.14
  14   45 0.56
  33   42 0.67
  35   61 0.99
  28   44 0.33
   7   35 0.18
  18   42 0.08
   0    5 0.15
  16   30 0.42
   4   19 0.04
  18   40 0.33
   2   21 0.38

  29   65 0.18
   1    8 0.31
   6   30 0.98
   9   34 0.28
  25   39 0.45
  18   36 0.80
   0   23 0.63
  13   24 0.99
  29   32 0.98
   4    8 0.82
  36   52 0.82
  34   44 0.85
  15   22 0.05
  11   12 0.68
   5   28 0.19
  17   45 0.43
   9   16 0.28
  34   59 0.25
  17   18 0.64
  31   47 0.00
  16   16 0.61
  12   32 0.70
  36   36 0.94
  20   30 0.50
  19   36 0.27
   1   22 0.79
   5   38 0.48
  11   37 0.70
  29   55 0.07
  36   69 0.04

  15   25 0.36
  26   49 0.19
  19   36 0.86
  23   45 0.94
  26   54 0.71
  29   31 0.98
  12   44 0.28
  14   26 0.33
  14   14 0.45
   2    8 0.35
  24   44 0.95
  24   25 0.20
   3   37 0.52
  28   52 0.90
  16   41 0.53
  22   34 0.87
  35   39 0.19
  34   56 0.99
  30   31 0.66
   2   16 0.72
  36   55 0.47
  23   55 0.43
   1   29 0.54
  29   32 0.48
   1   27 0.89
  15   24 0.61
  17   29 0.86
  30   32 0.19
  27   47 0.39
  29   63 0.20

