3 30 4
6    4  16   4   4   2   2

  29   55 0.01
  11   29 0.19
   0    2 0.51
  25   47 0.58
  36   39 0.36
  44   61 0.28
  40   68 0.90
  15   45 0.53
  39   46 0.87
  27   45 0.09
  43   52 0.87
  33   41 0.64
  27   52 0.07
  39   46 0.51
   4   11 0.81
  53   71 0.23
  51   65 0.60
  15   32 0.15
  19   56 0.19
  37   63 0.46
  24   29 0.06
   0   26 0.88
  15   23 0.72
   7   15 0.16
  43   61 0.13
  44   79 0.98
  19   51 0.25
  17   32 0.67
  48   48 0.35
   8   27 0.10

  53   63 0.09
  38   63 0.48
  43   65 0.46
  49   65 0.11
  31   39 0.17
   2    4 0.61
  53   81 0.19
  26   52 0.57
   5   27 0.64
  58   97 0.12
   4   26 0.05
  29   35 0.85
  58   97 0.93
   4   36 0.95
  29   45 0.81
  28   52 0.13
  50   66 0.95
  42   78 0.16
   4   39 0.72
  26   61 0.83
   3   21 0.16
  29   56 0.50
   1   40 0.50
  47   52 0.43
   7   13 0.45
  36   52 0.93
   7   32 0.57
  23   37 0.77
  26   54 0.54
  29   61 0.33

  51   82 0.66
  33   34 0.45
  45   66 0.89
  15   28 0.99
  54   88 0.10
  47   68 0.99
  50   61 0.52
  13   13 0.91
  17   37 0.08
   8   37 0.97
  41   55 0.98
  38   43 0.50
  12   39 0.04
   6   20 0.66
  19   51 0.66
   7   15 0.06
  45   57 0.28
  34   50 0.03
  29   48 0.11
  25   33 0.14
   3   23 0.47
  18   42 0.00
  48   49 0.90
  54   57 0.76
  23   50 0.38
  37   66 0.70
  47   52 0.19
  34   44 0.37
  42   44 0.18
  32   33 0.43

  32   56 0.89
  40   60 0.64
  27   66 0.29
  43   69 0.73
  34   65 0.27
  55   87 0.22
  31   69 0.01
  33   33 0.62
  55   67 0.71
  47   78 0.37
  42   53 0.63
  13   38 0.32
  10   27 0.09
   0    0 0.90
  12   41 0.50
  10   37 0.97
  47   60 0.22
   1   17 0.39
  56   78 0.67
  46   70 0.58
   7   31 0.17
  28   28 0.45
   3    4 0.17
  26   50 0.17
  38   40 0.38
  45   45 0.59
  13   32 0.23
  39   41 0.63
  54   66 0.28
  17   37 0.87

  12   25 0.01
  16   53 0.62
  13   33 0.75
  20   57 0.93
  46   62 0.98
   7   37 0.62
  13   36 0.47
  30   33 0.49
  20   38 0.41
  53   79 0.30
  56   66 0.48
  54   86 0.73
  43   76 0.09
  58   80 0.37
   2   20 0.51
   7   31 0.96
  31   45 0.57
  56   67 0.70
  19   48 0.36
  32   39 0.49
  29   49 0.54
  20   59 0.10
  22   23 0.09
  25   44 0.43
  25   51 0.27
   6    8 0.65
  16   36 0.42
  47   66 0.80
  47   52 0.00
   9   38 0.15

  53   72 0.17
  13   20 0.27
  42   67 0.94
  54   87 0.47
  36   67 0.16
  28   29 0.39
  11   21 0.06
  56   94 0.39
  18   39 0.85
  56   59 0.17
  40   78 0.35
  17   43 0.69
  26   64 0.14
  15   50 0.29
  53   83 0.70
   6   18 0.22
  42   57 0.58
  42   78 0.65
  57   94 0.53
   5   22 0.21
  36   53 0.10
  31   69 0.53
   0   16 0.74
   7   29 0.83
  47   59 0.91
  26   26 0.78
   4   11 0.41
   7   21 0.89
  23   38 0.47
  23   43 0.13

