5 20 8
12    2  10  16   4  10   4  10  10   4  10  10   4

   2    3 0.84
   2    5 0.29
   4   29 0.92
  10   38 0.31
   9   21 0.98
   6   30 0.28
   3   24 0.83
   8   38 0.19
  10   20 0.44
   7   17 0.89
   1   26 0.36
   3    9 0.41
   0   20 0.12
  10   31 0.78
   9   27 0.80
   5    6 0.46
   2    7 0.87
   0   18 0.87
   2   13 0.98
   1   14 0.61

   4   38 0.81
   9   14 0.07
   4   17 0.20
   2   21 0.72
   7   14 0.25
   1   23 0.41
   2   36 0.46
   5   18 0.55
  10   24 0.87
   5   15 0.90
   7   37 0.15
   9   32 0.71
   6   38 0.47
   1   26 0.57
   9   38 0.27
   6   18 0.78
   1   28 0.68
   2   24 0.52
  10   20 0.32
   5   26 0.82

   0   19 0.81
   3    7 0.58
   1   16 0.09
   8   29 0.63
   0   17 0.11
   4   33 0.64
   2   29 0.43
   9    9 0.45
   6    7 0.76
   0    3 0.68
   0   21 0.69
   5   38 0.63
   6   15 0.54
  10   16 0.27
   3    4 0.78
   5   15 0.73
   0    8 0.03
   6   26 0.38
   7   16 0.38
   6   40 0.20

   2   10 0.72
   2   33 0.56
   7   10 0.15
   6    9 0.91
  10   26 0.24
   9   23 0.50
   3   18 0.32
   7   25 0.64
   1    6 0.39
   2   25 0.20
  10   36 0.18
   7   41 0.68
  10   12 0.75
   6   17 0.02
   1   25 0.29
   6    7 0.47
   3    9 0.05
   7   41 0.25
   4    5 0.17
   1   10 0.40

  10   16 0.71
   2   25 0.39
   8   35 0.26
   5   10 0.96
   5   17 0.17
   0   16 0.40
   3   35 0.73
   7   41 0.05
   8   37 0.14
   2    9 0.27
  10   34 0.09
   6   12 0.05
  10   44 0.17
   0   27 0.41
   2   32 0.21
   5   11 0.71
  10   17 0.16
   5   36 0.49
   9   21 0.59
   2   12 0.81

   4   17 0.60
   6   21 0.28
   4   22 0.16
   9   12 0.03
   0   12 0.01
   1    2 0.26
  10   21 0.57
   8   27 0.60
   3   31 0.03
   9   25 0.92
   7   26 0.42
   8   19 0.43
   4   21 0.57
   3   10 0.44
   1   35 0.81
   0   27 0.16
   1   24 0.09
  10   22 0.58
   2    6 0.49
   2   26 0.02

   4   34 0.29
   6   18 0.72
   8   29 0.28
   9   29 0.59
   1   35 0.37
   9   11 0.81
   0   25 0.54
   5   38 0.75
   6    6 0.58
   0   34 0.41
   9   15 0.43
   1    1 0.46
   7   21 0.97
   8   30 0.73
   9   36 0.68
   8   24 0.29
  10   34 0.99
   5   12 0.85
   6   15 0.01
  10   18 0.98

   4   11 0.96
  10   14 0.34
   3   33 0.17
   4    6 0.06
   4   38 0.89
   2   17 0.82
   3   34 0.53
   8   32 0.66
   4   11 0.95
   6    9 0.60
   6   31 0.74
  10   44 0.38
   4   14 0.60
   9   31 0.20
   5   29 0.38
   2   30 0.23
   7   15 0.05
   6   38 0.39
   7   33 0.94
  10   42 0.75

   8   21 0.58
   9   14 0.99
   9   19 0.26
   8   10 0.65
   8   10 0.73
  10   33 0.51
  10   15 0.72
   0   29 0.53
   0   12 0.13
   4   29 0.84
   4   21 0.08
   4   16 0.09
   6   21 0.00
   7   38 0.15
   2   21 0.40
   9   42 0.53
   5   39 0.59
   6   16 0.29
   5    5 0.75
   1   29 0.20

   9   39 0.86
   7   26 0.91
   1   35 0.80
   8   35 0.96
   3   26 0.20
   5   27 0.32
   6   24 0.33
   5   35 0.91
   3   37 0.76
   0    7 0.48
   4   21 0.53
   0   13 0.51
   5   18 0.60
   7   35 0.75
   0   31 0.98
   5   18 0.40
   9   18 0.93
   5   30 0.53
   4   16 0.25
  10   41 0.30

   2   13 0.28
   1   18 0.75
   1   20 0.12
   1   20 0.37
   1   19 0.79
   0   31 0.66
   0   24 0.65
   1   26 0.20
   0    5 0.28
   3    6 0.83
   4   23 0.28
   1   31 0.01
   2    4 0.82
   9   42 0.95
   1   30 0.27
   2    9 0.64
   0   22 0.92
   4   22 0.52
  10   16 0.11
  10   10 0.85

   0    6 0.26
   1   22 0.71
   6   27 0.30
   7   23 0.91
   0   17 0.77
   7   29 0.72
   7   25 0.24
   2   28 0.89
   8    9 0.87
   5   22 0.39
   3   33 0.83
  10   11 0.86
   2   31 0.27
   4   13 0.61
  10   16 0.83
   0   18 0.14
   3   12 0.54
   7   35 0.83
   7    8 0.77
   4   20 0.79

