4 80 4
3   16   4  10

  16   49 0.35
  16   45 0.20
   5   33 0.36
   1   36 0.61
  18   18 0.44
  10   14 0.15
  34   53 0.35
  25   29 0.13
  21   41 0.52
  24   24 0.42
  18   47 0.40
   6    9 0.16
  13   49 0.11
   0   23 0.67
   1   23 0.22
  27   62 0.64
  26   57 0.95
   8   34 0.20
  33   40 0.67
  18   23 0.80
   3   22 0.05
  31   36 0.63
   7   41 0.92
  15   34 0.00
  27   62 0.27
  35   48 0.58
  20   32 0.51
   5    7 0.71
   1   12 0.27
  19   25 0.47
   2    4 0.69
   6   30 0.07
  21   38 0.58
  16   49 0.44
  32   35 0.73
  23   48 0.76
  30   59 0.88
  20   49 0.89
   0   18 0.21
  25   45 0.28
  18   52 0.21
  12   48 0.41
  16   45 0.14
  36   52 0.54
   4    4 0.35
  12   26 0.70
  13   37 0.94
   1   17 0.33
  30   62 0.47
  10   14 0.63
  23   32 0.90
   5   21 0.26
  14   42 0.02
  22   29 0.72
  35   44 0.92
  16   43 0.61
  25   47 0.62
  32   43 0.32
   1   15 0.63
   7   31 0.44
  21   28 0.63
  32   52 0.54
  14   14 0.01
  17   44 0.76
  27   40 0.82
  31   35 0.93
   7   10 0.36
  10   18 0.01
   1   31 0.71
   3    3 0.13
  25   59 0.37
  29   65 0.72
   4   15 0.51
   3   18 0.12
  19   43 0.25
  19   44 0.27
  14   17 0.38
  24   51 0.75
  36   66 0.21
  33   59 0.88

  22   58 0.13
  10   38 0.09
  33   61 0.32
   2   17 0.90
  24   38 0.67
   0   20 0.77
  28   43 0.90
   0   28 0.02
  10   21 0.44
  11   33 0.82
   6    6 0.56
  28   40 0.52
  31   65 0.54
   5   41 0.24
   2   29 0.61
  15   45 0.68
  20   48 0.92
  19   47 0.37
  25   32 0.55
   3   36 0.22
  28   36 0.16
  20   49 0.93
  28   48 0.63
  15   20 0.40
  28   51 0.88
  23   37 0.26
  16   23 0.77
  21   57 0.48
   0   11 0.47
  17   28 0.20
  19   36 0.32
  17   32 0.38
  26   37 0.81
  23   28 0.44
  14   49 0.85
  33   60 0.20
   5    8 0.05
  12   23 0.54
  17   50 0.06
  17   50 0.19
  22   25 0.81
   4   30 0.24
  14   49 0.13
   7    7 0.83
  15   47 0.60
  28   50 0.73
  14   43 0.97
   7   15 0.74
  31   54 0.51
  21   25 0.22
  17   39 0.45
   5   29 0.81
  17   38 0.45
  24   42 0.99
  24   45 0.55
  22   51 0.96
   5   18 0.96
  10   45 0.41
  11   46 0.31
  14   33 0.48
   7   26 0.87
  36   64 0.99
  31   48 0.31
   4    4 0.90
   2    7 0.58
   4   16 0.73
  27   62 0.29
   3   16 0.78
   7   39 0.19
  14   23 0.01
   8   33 0.96
  22   42 0.44
  12   34 0.63
  14   33 0.49
  25   58 0.08
   0   10 0.46
   2    2 0.40
  11   33 0.12
   4   19 0.34
  22   25 0.58

   4   22 0.40
  27   37 0.37
  19   38 0.82
  34   38 0.70
  18   42 0.78
  33   47 0.93
  19   45 0.09
   5   12 0.73
  11   18 0.24
  19   42 0.51
  29   64 0.73
  26   55 0.47
  19   36 0.85
  17   43 0.73
  35   35 0.95
   2   21 0.29
   3   31 0.97
  25   45 0.40
  34   65 0.33
   6   31 0.54
   9   24 0.82
  11   43 0.80
  31   35 0.96
  19   55 0.46
  10   32 0.59
   5   38 0.94
   6   12 0.72
  34   70 0.04
  15   24 0.51
  18   25 0.15
  29   40 0.34
  26   48 0.85
  14   26 0.54
  11   12 0.86
   2   27 0.34
   6   20 0.99
  15   39 0.36
  18   26 0.35
  11   15 0.61
  27   40 0.74
   2   37 0.00
  11   18 0.33
  34   58 0.44
  10   14 0.82
  28   42 0.62
  23   59 0.62
  23   41 0.06
  24   59 0.34
   9   19 0.37
  12   20 0.05
  12   33 0.59
  14   46 0.51
   0    2 0.29
  17   19 0.49
  29   50 0.11
  34   51 0.64
   5   40 0.24
   0   22 0.75
  15   29 0.93
  30   42 0.05
  35   47 0.48
   2   25 0.48
   1   25 0.03
  27   62 0.22
  18   19 0.06
  29   58 0.49
  30   62 0.20
  29   55 0.02
   0   31 0.03
  17   42 0.47
  13   29 0.23
  22   51 0.07
  24   27 0.67
  21   45 0.75
  34   41 0.81
  30   59 0.12
  31   31 0.42
  25   38 0.45
   1   11 0.58
  33   43 0.61

