5 15 8
12    2  10  16  10   4   2  16  16  20  10   4  20

  30   41 0.02
  28   29 0.38
  32   43 0.19
   8   12 0.04
  21   22 0.57
   4   12 0.20
  24   24 0.57
  21   32 0.30
   8   16 0.21
  26   36 0.24
  24   27 0.26
  21   31 0.27
  35   40 0.57
   8   18 0.70
   6   12 0.88

   8   14 0.73
  22   31 0.05
   0    5 0.24
  27   37 0.79
   1   12 0.32
  31   32 0.28
  10   19 0.41
  15   26 0.26
   4    7 0.77
  28   31 0.24
  18   27 0.36
  29   32 0.54
   5    6 0.38
  19   28 0.10
   2    7 0.11

  27   36 0.99
  15   15 0.08
   4    6 0.29
  27   28 0.35
   3    5 0.74
  34   45 0.37
  10   20 0.34
   1   12 0.61
  13   16 0.72
  14   15 0.07
   0    2 0.05
  13   20 0.14
  15   19 0.84
  34   38 0.73
  11   17 0.93

   4   13 0.46
  21   30 0.27
   9   11 0.23
   2    4 0.32
  12   18 0.30
  19   26 0.93
  30   35 0.32
  29   39 0.54
  17   20 0.72
  28   37 0.45
   9    9 0.40
  21   30 0.56
   1   10 0.75
  32   32 0.45
   8   14 0.62

  35   46 0.60
  11   18 0.20
   4    6 0.16
  31   32 0.92
  31   34 0.99
  31   35 0.97
  33   44 0.25
  32   42 0.65
   0    1 0.28
   5    9 0.56
  19   29 0.09
  10   13 0.87
  17   24 0.67
   3   11 0.48
  16   17 0.70

  17   22 0.01
  22   23 0.46
   1    5 0.82
   4   11 0.41
   2    2 0.79
  35   40 0.47
   9   10 0.19
   2    3 0.18
  31   42 0.79
   8   12 0.23
  28   36 0.96
  19   22 0.50
  13   22 0.14
   7   18 0.77
   6   12 0.83

   1    6 0.06
  12   13 0.52
  10   15 0.50
  14   23 0.40
  35   42 0.05
   4    5 0.73
  13   19 0.28
  35   45 0.50
   7   11 0.34
  10   15 0.25
  18   18 0.09
  29   32 0.48
  29   30 0.79
   1   10 0.26
  10   10 0.02

  10   17 0.11
  27   28 0.38
  22   22 0.19
  28   31 0.23
   7   10 0.53
  20   28 0.87
  20   23 0.03
   7   17 0.41
  34   34 0.15
   1    5 0.01
  32   34 0.31
   5    8 0.90
  18   21 0.02
  20   22 0.08
  12   21 0.20

  33   42 0.80
  18   22 0.95
  24   30 0.51
  35   38 0.53
   9   19 0.57
   2   13 0.76
   6   15 0.62
   1    7 0.63
   5   12 0.53
   3   10 0.82
   5    8 0.66
   4   13 0.98
  22   30 0.48
  28   32 0.97
  29   38 0.44

  34   40 0.40
  11   16 0.98
  20   26 0.54
  27   27 0.03
  24   30 0.48
  16   16 0.01
  30   37 0.56
   8   18 0.28
  19   27 0.57
   9    9 0.90
   7    9 0.37
  27   28 0.20
   5    7 0.86
  18   28 0.75
  24   24 0.89

  32   37 0.69
  10   15 0.33
  11   17 0.43
   0    8 0.11
  19   20 0.93
  35   46 0.19
   2    7 0.23
  15   16 0.11
   9   15 0.22
  28   36 0.98
  26   31 0.92
  27   34 0.13
  26   30 0.45
  34   44 0.03
  35   43 0.54

  22   33 0.16
  11   16 0.38
   7   14 0.97
   4    5 0.59
   1   12 0.25
  25   35 0.08
  28   39 0.42
   8   16 0.91
  31   41 0.30
   5   12 0.42
  23   33 0.19
  16   16 0.95
   5   15 0.05
   5    8 0.77
  25   30 0.18

