5 80 4
3   20  10   2

  30   32 0.89
  23   99 0.89
  19   54 0.79
  27   57 0.75
   8   86 0.46
   8  103 0.53
  14   41 0.74
   4   99 0.42
  12   98 0.67
  31   34 0.67
  23   70 0.66
   3   24 0.53
  19   73 0.98
  26   37 0.93
  18   84 0.20
  10  101 0.10
   8   93 0.51
  21   41 0.27
  10   78 0.72
  30   51 0.76
  15   47 0.83
   4   87 0.83
  24  110 0.63
  17   75 0.35
   5   43 0.14
  15   80 0.51
  23   84 0.17
   0   38 0.51
  24  108 0.52
  14   49 0.76
   7   43 0.68
  13   45 0.97
  11   93 0.96
   5   66 0.06
  31   54 0.08
  29   38 0.02
   2   31 0.22
   1   58 0.48
  25  118 0.05
  20   58 0.06
  20   26 0.32
  19   38 0.74
  24   47 0.99
  15   62 0.26
  16   92 0.31
  12   85 0.93
  28   83 0.77
   3   91 0.83
  16  102 0.87
  27   92 0.02
   8   10 0.92
  22  116 0.71
  29   48 0.51
   3   61 0.13
  18   91 0.72
  27   48 0.25
   2   56 0.54
   1   24 0.91
  13   81 0.20
  17   99 0.03
  21   97 0.63
  29   69 0.82
  19   68 0.98
  30   82 0.05
   2    3 0.79
  15  105 0.73
  22   98 0.46
   8   31 0.53
  26   44 0.65
  20   86 0.00
   8   24 0.52
  21   49 0.26
  28   48 0.45
  17   54 0.53
   9   54 0.26
   4   54 0.79
   1    6 0.76
   7   50 0.63
  16   90 0.15
  11   19 0.53

  13   62 0.26
  24   61 0.50
  29  122 0.45
  18   73 0.25
  21   62 0.62
  25   52 0.87
  30   38 0.86
  17   28 0.18
  11   42 0.31
  25   84 0.94
  31   86 0.34
   6   88 0.53
  17   54 0.39
  18   80 0.10
  23   47 0.90
  26   98 0.51
  28   67 0.17
  13   72 0.24
  15  106 0.24
  20   85 0.26
   8   46 0.85
  27   77 0.27
  21   95 0.78
  30   85 0.42
  28   83 0.15
  16   33 0.51
   2   12 0.68
  23  109 0.50
  30  122 0.05
   3   45 0.87
   8   27 0.59
  25   62 0.88
  26   59 0.45
   5   30 0.35
   0   77 0.78
  13   69 0.69
  14  103 0.62
  31  111 0.62
  18   30 0.59
  11   94 0.59
  25   51 0.00
  15   19 0.85
   5   82 0.06
  23   23 0.27
   5   28 0.39
   3   63 0.61
   9   91 0.76
  24  108 0.63
  18  111 0.81
  23   47 0.22
   3   29 0.39
  27   57 0.11
   3   20 0.68
  12   76 0.55
  24   93 0.64
   8   57 0.70
  14   54 0.06
  10   89 0.68
  28   99 0.73
   3   86 0.44
  31   70 0.65
  24   54 0.22
  28   38 0.80
   6   45 0.42
  14  106 0.10
  26   47 0.10
  10   52 0.04
  29   84 0.58
   2   62 0.05
  11   90 0.97
   8   19 0.63
   2   71 0.72
   4   67 0.03
  27   71 0.39
  24   54 0.53
  27   46 0.39
   9   66 0.99
  10   70 0.74
   3   56 0.35
  17   66 0.44

  26   53 0.01
   5   78 0.40
   8   75 0.18
  18   24 0.29
   5   15 0.68
   1   71 0.76
   7   30 0.05
  10   44 0.06
   8   70 0.11
  22   76 0.24
  14  104 0.24
  30   32 0.25
  28   58 0.50
  31   94 0.55
   3   43 0.99
   9   78 0.37
   0   90 0.46
  15   31 0.78
  17   29 0.35
  26   40 0.75
   7   80 0.86
  22  102 0.53
  24  119 0.51
  14  104 0.88
   4    9 0.75
  21   62 0.88
  15   81 0.26
  10   14 0.03
  20   56 0.63
  30  114 0.57
  29   87 0.96
  29  115 0.80
  12   68 0.96
  15   21 0.12
  24   36 0.90
  20   38 0.95
   4   14 0.87
  17  107 0.88
  28   54 0.14
  29   29 0.89
   3   53 0.72
  12   43 0.92
  16   77 0.02
   0   27 0.52
  13   71 0.19
  14   19 0.47
  21   56 0.20
  27   50 0.83
   9   29 0.34
  29   65 0.64
  16   27 0.78
  29   49 0.65
  23   48 0.08
  24  101 0.61
  24   55 0.95
   6   15 0.57
  17   22 0.08
  21   41 0.48
   3   20 0.70
  30   40 0.89
   0   47 0.79
  22  115 0.55
  13   39 0.70
  19   46 0.29
   2   79 0.10
  14   20 0.53
  11   90 0.82
  23   80 0.51
  25   97 0.96
  20  105 0.57
  14   83 0.18
  24   29 0.05
  23  114 0.63
   5   72 0.67
  27   98 0.22
   2   86 0.47
   9   92 0.44
  30   37 0.28
  10   63 0.26
  19   40 0.94

