4 80 4
3    2  16  10

  92  176 0.29
  75  154 0.76
  51  129 0.79
  93  104 0.70
  98  196 0.68
  85  110 0.77
   5   81 0.02
  23   56 0.00
  17   32 0.53
  58  153 0.10
  20   35 0.83
  97  137 0.76
  45  140 0.67
  58  134 0.03
  84  107 0.17
  31   44 0.51
  96  115 0.53
  53  147 0.15
  14   55 0.20
  99  106 0.25
  34   45 0.32
  95  131 0.21
  84  137 0.96
  56  151 0.50
  56  147 0.56
  18   82 0.17
  67   89 0.40
  12   30 0.73
  72  163 0.39
  82  104 0.07
   5   21 0.46
   4   90 0.12
   2   50 0.77
  71   71 0.93
  78  124 0.59
  66  128 0.60
 103  173 0.22
  74  141 0.01
  49   99 0.85
  73  140 0.59
  11  109 0.97
  95  154 0.74
 103  160 0.31
  31   65 0.95
  41   66 0.75
  41   44 0.42
  84  169 0.68
  78  126 0.05
  42  112 0.76
 101  133 0.72
  15   87 0.39
  20  106 0.30
   0   42 0.41
  99  110 0.37
  67  131 0.23
  21   90 0.09
  49  148 0.58
  23   45 0.76
  62   65 0.67
  10   70 0.74
  91  128 0.64
  25  125 0.59
   9   50 0.95
  34  137 0.85
  29   49 0.74
  99  113 0.32
  76  111 0.40
  83  107 0.87
  16   62 0.47
  80  150 0.04
  91  192 0.89
  33   60 0.80
  99  193 0.80
  21  123 0.34
   5   91 0.95
   5   24 0.52
  42   93 0.92
  80  154 0.55
   2   91 0.30
  84  126 0.76

  30   49 0.80
  34  119 0.94
  14   88 0.13
  90  112 0.68
  65  109 0.85
  38  117 0.89
  23   73 0.99
  13   49 0.31
  80  164 0.19
  29   72 0.58
  47   72 0.06
   1   26 0.37
  44  121 0.23
  29   87 0.35
  96  139 0.16
  54  136 0.32
  49   70 0.99
  75  156 0.71
  43   93 0.84
  73  121 0.53
  23   37 0.93
  38   50 0.43
  34   34 0.70
  79  106 0.61
  75  170 0.01
  47  148 0.80
  13  110 0.67
  84  114 0.84
  38  140 0.27
  80  175 0.62
  32   39 0.64
  45  140 0.48
  99  181 0.61
  66  120 0.92
  34   74 0.00
  98   98 0.46
  26  118 0.37
  52  135 0.37
  86  147 0.95
  97  159 0.57
  78  100 0.06
  20   58 0.39
  23   93 0.33
  44  129 0.51
  78   85 0.28
   6   67 0.46
  73  166 0.64
  61  116 0.92
  31  106 0.65
  84  129 0.87
  69  136 0.57
   8   83 0.00
  73   99 0.21
  75   75 0.50
  71   76 0.45
  39   86 0.85
  33   68 0.29
  51   62 0.01
  75  134 0.79
  89  151 0.26
 101  167 0.00
  57  116 0.63
   1   89 0.52
  49   90 0.54
  35   97 0.14
  67   82 0.08
  90  124 0.10
  17  109 0.72
  89  106 0.84
  18   42 0.21
  83  126 0.05
  75  127 0.45
  73  123 0.20
  70   81 0.50
  72  165 0.36
  43  100 0.03
  74  104 0.42
  57   90 0.79
  30   41 0.51
   6   20 0.30

  13   60 0.51
  84  109 0.48
  89  114 0.69
  72  160 0.40
  80   83 0.46
  46  104 0.05
  57   98 0.84
  35   99 0.57
  18   70 0.95
  83  172 0.41
  99  116 0.35
  34  116 0.50
  57   87 0.81
  94  136 0.01
  59  106 0.35
  62   83 0.81
  13   40 0.67
  87  119 0.04
  72  170 0.17
   5   32 0.58
  97  149 0.68
  21   32 0.93
   7  104 0.80
  66   78 0.46
  64  149 0.60
  18   58 0.21
  42   62 0.39
   0   58 0.85
  25   26 0.78
  30  121 0.01
  37   41 0.13
  61   85 0.56
  10   24 0.02
  15   26 0.54
  23   94 0.67
   0   79 0.83
  42  109 0.29
  30   54 0.31
  17  117 0.52
  62  163 0.99
  76  129 0.63
  78  109 0.12
  78   81 0.83
   1   39 0.36
  34   77 0.93
  22  114 0.33
  99  174 0.14
 104  155 0.38
  99  126 0.49
  40   68 0.13
  37   75 0.75
 102  133 0.53
  87  176 0.02
  92  185 0.80
  33   49 0.28
  30   56 0.21
  15   33 0.23
  82  145 0.74
  76  156 0.42
  98  166 0.26
  78  142 0.63
  85   90 0.89
  23   78 0.10
  18   42 0.72
   9   16 0.61
  94  165 0.29
  85  181 0.74
   3  101 0.47
  35  127 0.49
  53   56 0.62
  70  113 0.70
  62  135 0.54
   4   20 0.67
  30   49 0.49
  91  186 0.75
  57  109 0.29
  28   52 0.02
  94  112 0.23
 103  136 0.07
  84  172 0.51

