5 100 8
3   16  10  16

  26   46 0.39
  34   47 0.36
   1    3 0.10
  71   77 0.75
  66   79 0.28
   7   11 0.05
   9   17 0.22
  24   31 0.23
  72   91 0.16
  58   63 0.93
  47   59 0.50
  58   71 0.82
  56   77 0.48
  30   32 0.72
  29   48 0.84
  60   67 0.43
  59   81 0.94
   1   26 0.47
  69   87 0.33
  48   70 0.47
  76  101 0.82
  76   77 0.89
   5    6 0.17
   6   12 0.96
  51   72 0.20
  76   76 0.77
   0   22 0.16
   0    5 0.80
  23   37 0.32
  26   48 0.74
  24   43 0.11
  57   63 0.80
  37   53 0.50
  33   53 0.27
  70   77 0.72
  45   57 0.64
  36   50 0.35
  31   43 0.83
  37   52 0.51
  16   34 0.29
  13   27 0.04
  25   35 0.92
  26   35 0.49
  46   66 0.89
  50   54 0.70
  37   56 0.43
  48   59 0.34
  64   75 0.73
  35   55 0.50
  76  100 0.76
  75   99 0.93
   2    3 0.29
  22   28 0.90
  35   43 0.46
  63   71 0.35
  23   34 0.72
   9   29 0.87
  61   62 0.69
  16   18 0.37
   0   13 0.07
  63   80 0.85
  18   40 0.34
  24   46 0.09
  15   40 0.92
  27   47 0.97
  57   69 0.36
  46   49 0.76
  58   81 0.14
  76   83 0.46
  63   64 0.93
  64   76 0.88
  61   81 0.02
  54   73 0.74
  25   40 0.47
  57   60 0.85
  66   89 0.42
  74   93 0.81
  32   38 0.51
  22   41 0.06
  67   76 0.41
  41   48 0.66
  62   81 0.90
  18   34 0.52
  66   86 0.00
  47   61 0.37
  35   48 0.43
   7   29 0.78
   1   18 0.08
  46   49 0.14
  76   94 0.60
  46   71 0.53
  15   15 0.93
  55   55 0.48
  36   42 0.29
  70   95 0.02
  16   35 0.81
  17   40 0.33
  67   75 0.05
  61   75 0.79
  30   49 0.40

  71   90 0.04
  20   44 0.78
  28   40 0.19
  33   36 0.74
  76   92 0.82
  19   34 0.28
  58   77 0.29
  26   49 0.38
  76   84 0.66
  20   37 0.57
  52   53 0.66
  57   73 0.14
   9   34 0.79
  73   73 0.29
  68   79 0.72
  50   70 0.07
  15   21 0.60
  57   63 0.63
  10   24 0.10
  21   44 0.12
  33   55 0.83
  21   26 0.70
  45   61 0.94
  77   82 0.84
   9   10 0.45
  19   23 0.37
  67   88 0.51
  25   35 0.40
  60   74 0.37
  42   64 0.03
  61   64 0.47
  55   67 0.22
  27   47 0.34
  27   52 0.96
  31   55 0.78
  75   90 0.30
  20   38 0.82
  56   62 0.00
  68   73 0.96
   4   18 0.36
  58   61 0.24
  28   41 0.97
  26   38 0.72
  58   63 0.09
  42   49 0.53
  18   21 0.60
  36   50 0.23
  20   33 0.35
  75   90 0.39
   5   10 0.99
  66   90 0.11
  47   72 0.10
  68   70 0.14
  17   33 0.10
  69   91 0.91
  64   80 0.63
   0    4 0.15
  77   80 0.19
  61   78 0.74
   7   31 0.44
  43   66 0.26
  37   58 0.66
  55   76 0.22
  19   34 0.48
   0    7 0.43
   1   20 0.77
  28   45 0.63
  25   26 0.74
  30   45 0.23
  43   60 0.91
  16   28 0.40
   6   30 0.04
   8   16 0.36
   7   14 0.87
  70   78 0.70
  50   69 0.97
  23   46 0.15
  35   37 0.16
  34   58 0.79
  40   49 0.38
  34   39 0.05
  35   50 0.59
  53   62 0.25
  16   37 0.84
  21   29 0.60
  59   79 0.89
  74   84 0.20
  44   55 0.11
  60   85 0.83
  15   25 0.46
  60   64 0.48
   8   22 0.94
  32   33 0.11
  31   34 0.54
   0    3 0.46
  20   35 0.39
  27   34 0.52
  14   19 0.34
  70   94 0.61
  31   41 0.60

  54   61 0.92
  62   82 0.57
  46   66 0.56
  52   65 0.43
   9   16 0.34
   8   33 0.87
  65   75 0.67
   0    2 0.02
   6    7 0.66
  39   44 0.89
  54   65 0.94
  40   52 0.38
  62   84 0.75
  72   77 0.59
  60   70 0.49
  54   71 0.01
   5    5 0.37
  58   80 0.44
  70   79 0.28
   1    4 0.50
  37   61 0.20
  30   30 0.00
  57   80 0.73
  29   37 0.72
  15   35 0.73
  41   51 0.22
  72   96 0.45
  34   36 0.22
  21   45 0.69
   5   26 0.91
  45   50 0.16
  21   45 0.02
  33   55 0.03
  18   34 0.81
  26   34 0.44
  20   20 0.60
  55   80 0.65
  77   87 0.01
  25   49 0.91
  12   26 0.36
  38   59 0.65
  29   29 0.63
  53   57 0.90
  26   49 0.98
  76   92 0.08
  63   65 0.95
   1   25 0.73
  64   74 0.14
  13   17 0.60
  33   46 0.04
  35   54 0.05
  77   77 0.35
  72   84 0.15
  29   48 0.75
   2   13 0.74
  52   62 0.84
  11   29 0.56
  63   76 0.88
  43   60 0.46
  39   61 0.90
  32   36 0.13
  71   83 0.79
  21   46 0.60
  23   46 0.27
  22   32 0.72
  10   18 0.08
  39   64 0.48
  28   53 0.95
  42   62 0.22
  36   60 0.12
  12   19 0.62
  32   45 0.96
  38   43 0.41
  30   37 0.54
  50   57 0.01
  18   39 0.15
  17   26 0.85
  20   26 0.39
  44   48 0.43
  26   26 0.29
  77   85 0.10
  67   70 0.64
  74   79 0.46
  42   46 0.62
  26   45 0.04
  69   90 0.45
  45   60 0.97
  12   17 0.54
  13   14 0.71
  42   64 0.62
   5   26 0.16
  16   21 0.09
   5   11 0.52
   3   21 0.80
  67   82 0.53
  55   69 0.88
  30   49 0.48
  53   53 0.10
  59   63 0.84
  45   47 0.60

