4 15 8
12   20  16   4  16  10   4   2  20  16  16  16   2

  13   17 0.93
   2   11 0.94
  15   30 0.00
  24   29 0.93
  20   26 0.78
  27   39 0.10
  31   39 0.56
   5    6 0.00
  26   37 0.50
  29   38 0.88
  42   47 0.22
   9    9 0.61
  18   26 0.73
  30   44 0.95
  31   41 0.94

  22   31 0.49
  14   25 0.21
  23   24 0.60
  35   46 0.78
  21   36 0.34
  32   45 0.04
   7   18 0.69
   8   20 0.48
   5    7 0.52
  19   22 0.47
  16   23 0.13
  31   38 0.54
  35   41 0.93
  19   30 0.40
  38   49 0.29

  12   26 0.72
   4    6 0.52
  47   52 0.92
   1    8 0.18
   6    9 0.98
   1   13 0.06
  23   38 0.44
  34   46 0.06
  40   46 0.15
  30   34 0.73
  39   43 0.82
  48   63 0.01
   5   20 0.21
  48   62 0.19
  30   37 0.90

  26   40 0.53
  42   53 0.99
   1    5 0.70
  12   24 0.14
   1    2 0.20
  41   52 0.36
  39   51 0.08
   0    7 0.50
  20   25 0.53
   8   18 0.52
  32   37 0.81
  10   18 0.36
  30   36 0.48
  12   27 0.40
  13   21 0.91

  27   33 0.32
  27   39 0.02
   4    8 0.53
   1   14 0.05
  46   57 0.02
  27   35 0.13
  37   42 0.90
  14   26 0.75
  41   41 0.29
   9   23 0.40
  46   58 0.19
  46   52 0.81
  48   58 0.78
   0    5 0.66
   6   17 0.09

  23   26 0.27
  43   47 0.08
  37   50 0.95
  25   36 0.71
  28   41 0.88
  25   39 0.63
   1    2 0.79
  25   29 0.08
   2   15 0.78
  30   35 0.27
  41   55 0.66
  47   60 0.90
  15   19 0.81
  27   32 0.15
  30   32 0.16

  37   43 0.99
  47   60 0.55
  15   27 0.45
  47   56 0.71
  20   24 0.99
  30   32 0.83
   8   23 0.24
   8   12 0.10
   0   12 0.01
  42   54 0.00
  13   15 0.59
  20   31 0.07
   1    3 0.13
  48   48 0.52
  40   43 0.08

  32   37 0.91
  17   20 0.10
   7   13 0.09
  34   42 0.78
  12   17 0.96
  41   42 0.15
  31   43 0.24
   9   19 0.43
  39   47 0.68
   9   24 0.68
  47   57 0.00
   0    1 0.17
  10   22 0.45
  40   53 0.63
  12   19 0.73

  48   49 0.06
  38   42 0.41
  30   35 0.87
  16   29 0.76
  12   16 0.98
  32   42 0.35
  40   46 0.84
   4   12 0.86
   3   12 0.08
  45   48 0.37
  28   28 0.15
  29   34 0.89
  11   24 0.00
   3   12 0.16
  14   15 0.21

  22   31 0.34
   2   10 0.24
  11   17 0.53
  13   27 0.47
   7    7 0.61
   8   19 0.84
  43   56 0.17
  25   30 0.44
  38   46 0.88
  41   49 0.83
  11   24 0.16
  24   26 0.46
  19   31 0.35
  41   42 0.34
  29   38 0.06

  21   21 0.44
  24   29 0.71
  34   39 0.95
   4    6 0.82
  16   19 0.24
   7   22 0.88
  39   46 0.79
  29   35 0.47
  41   43 0.25
  30   38 0.34
   6    7 0.97
  41   54 0.59
  47   56 0.80
  10   25 0.91
  14   23 0.55

  14   16 0.58
  22   37 0.75
  43   53 0.71
  10   11 0.32
  36   51 0.28
   8   13 0.33
  14   22 0.50
  28   33 0.19
  31   44 0.02
  20   20 0.11
   7   16 0.14
  18   18 0.65
  29   39 0.50
   6   14 0.03
   1   12 0.81

