4 80 4
3    2   4   4

  23   52 0.91
   1   33 0.11
  19   42 0.40
  23   35 0.92
  24   27 0.23
   7    8 0.81
   1   18 0.28
  21   27 0.05
  36   41 0.26
  17   29 0.53
  34   48 0.57
  29   55 0.74
  24   27 0.67
   0   13 0.26
   7   36 0.66
   0    4 0.69
  18   22 0.60
  28   37 0.52
  12   25 0.19
  19   42 0.96
   1   28 0.12
  20   25 0.80
  23   55 0.19
  30   61 0.33
  11   11 0.86
  10   13 0.39
  28   59 0.12
  18   26 0.61
  34   54 0.19
  22   33 0.96
  31   41 0.66
  15   40 0.99
   5   35 0.54
   2   26 0.57
  30   53 0.75
   8   35 0.90
  14   40 0.74
   9   33 0.63
  29   61 0.02
  28   38 0.69
  25   60 0.92
  17   18 0.20
  35   47 0.78
   9   35 0.02
  20   38 0.35
  26   52 0.69
  12   13 0.44
  27   39 0.02
  35   61 0.64
  26   32 0.40
   4    4 0.88
  33   47 0.14
   7   40 0.38
  30   54 0.84
   5   17 0.08
  21   34 0.57
  16   22 0.81
  35   57 0.11
  25   25 0.37
  22   35 0.01
   8   43 0.77
  34   56 0.84
   3   19 0.19
  29   43 0.15
   8   13 0.49
  28   46 0.53
   7   28 0.15
  14   48 0.91
  23   49 0.97
  14   41 0.86
   2   33 0.71
  29   61 0.76
  15   47 0.46
  32   46 0.63
  29   63 0.61
  10   10 0.24
   2   21 0.04
  17   24 0.39
  36   69 0.32
   5   17 0.31

   3    7 0.85
  15   51 0.82
  18   19 0.81
   2    3 0.28
  27   44 0.08
  10   22 0.09
  28   29 0.92
  28   33 0.00
  27   48 0.91
  17   45 0.31
  26   43 0.61
  31   40 0.75
   7   11 0.28
  14   25 0.30
  26   58 0.28
  23   41 0.23
   6   12 0.54
  24   44 0.83
   6   13 0.23
  14   48 0.16
  16   37 0.00
  33   38 0.90
  26   27 0.48
  18   51 0.85
  10   15 0.22
  19   28 0.46
  27   38 0.47
   0   27 0.96
   3   38 0.32
  35   70 0.24
  26   26 0.78
   2    4 0.96
  13   29 0.95
  15   40 0.94
  30   32 0.58
  31   67 0.10
   1   18 0.37
  28   63 0.70
   3    4 0.59
  35   62 0.22
   0   24 0.31
   0   32 0.52
  20   35 0.43
   3   19 0.10
  12   37 0.22
  24   56 0.88
  15   17 0.99
   5   12 0.80
   1   15 0.67
   2    4 0.35
  25   32 0.59
  21   55 0.93
  30   43 0.02
  25   54 0.68
  26   54 0.64
   3   27 0.89
   2   17 0.85
  18   53 0.06
   5    8 0.79
  32   62 0.89
  26   45 0.53
  23   28 0.05
  10   38 0.12
  11   21 0.71
  36   39 0.25
  34   60 0.72
  30   48 0.19
  29   47 0.15
  10   41 0.19
  22   29 0.41
   0   28 0.18
  29   50 0.14
   7   16 0.79
   1   30 0.92
   2   30 0.11
   2   20 0.55
  25   39 0.81
  17   17 0.65
   2   15 0.59
  34   35 0.38

  25   31 0.53
   6   38 0.69
  36   67 0.28
  27   59 0.01
   9   30 0.69
  21   54 0.70
  16   29 0.71
   5   36 0.47
  29   56 0.59
  20   55 0.17
  19   45 0.74
  20   54 0.91
   9   11 0.48
   3   20 0.84
  13   49 0.24
   2   35 0.89
   3   23 0.73
  24   56 0.81
  22   56 0.01
  17   43 0.48
  29   33 0.20
  29   43 0.53
  32   56 0.96
   0   34 0.00
  33   54 0.41
  12   12 0.52
  11   11 0.66
  34   59 0.73
   7   15 0.74
  13   21 0.61
   1   21 0.21
  34   41 0.16
  10   39 0.40
  34   48 0.25
   0   16 0.97
  13   49 0.04
  36   50 0.75
   2   36 0.09
  32   37 0.74
  16   29 0.48
  18   50 0.00
  34   47 0.33
  21   49 0.10
  32   36 0.75
  10   24 0.41
  33   56 0.58
  27   32 0.49
  10   25 0.89
   2    5 0.93
  15   32 0.59
  11   13 0.07
  35   39 0.64
  17   41 0.25
  23   50 0.26
  34   45 0.77
  29   44 0.38
  36   59 0.86
  26   57 0.69
   4   14 0.39
  28   64 0.41
   4   11 0.48
  12   28 0.32
  20   39 0.16
  34   42 0.35
  31   60 0.12
   1    9 0.12
  10   33 0.06
   7   16 0.79
  25   26 0.41
  12   29 0.18
  18   40 0.64
  33   42 0.84
  24   33 0.20
  28   46 0.44
  26   50 0.46
   9   10 0.25
  10   43 0.67
   1    5 0.44
  14   36 0.16
  24   27 0.37

