3 20 8
12   10   4   2  10  10   4   4  10   2   4  20   4

  48   48 0.26
  51   60 0.86
  42   54 0.57
  35   48 0.53
  11   16 0.14
  17   35 0.95
  43   75 0.75
  20   35 0.10
  42   62 0.07
   7   26 0.15
  12   42 0.18
  12   43 0.47
  27   29 0.79
  28   28 0.31
  27   59 0.36
  10   44 0.23
  44   58 0.43
  46   53 0.86
   8   10 0.33
  26   57 0.46

  18   22 0.08
   5   12 0.14
  18   36 0.17
  46   79 0.31
  24   39 0.04
  37   59 0.58
  33   47 0.60
  23   36 0.85
  51   69 0.44
  31   43 0.14
  23   28 0.35
  26   39 0.36
  34   40 0.92
  28   35 0.96
   0   22 0.80
   4    6 0.48
   0    5 0.47
  41   63 0.93
  20   24 0.09
   7   38 0.25

  47   52 0.22
  30   35 0.95
  47   60 0.57
  26   34 0.67
  32   59 0.27
   8   17 0.72
  11   35 0.31
   7   14 0.56
   5   22 0.48
  49   50 0.51
   4    4 0.43
  43   73 0.20
  14   16 0.28
  32   46 0.54
  16   41 0.35
  14   20 0.01
   3   14 0.80
  29   60 0.44
  29   58 0.90
  36   53 0.32

  25   57 0.98
  19   23 0.53
   4   16 0.98
  40   59 0.27
  48   49 0.96
  35   53 0.63
   3   11 0.15
  11   32 0.20
  48   62 0.97
  22   37 0.97
   6    8 0.94
   3   27 0.92
  27   60 0.84
  34   59 0.50
  37   47 0.40
  44   57 0.52
  22   29 0.22
   1   19 0.30
  34   58 0.56
  47   74 0.52

   6   16 0.17
  19   44 0.85
  13   32 0.82
  18   32 0.29
  25   28 0.13
  29   39 0.02
  19   53 0.89
  40   53 0.53
   9   37 0.14
  30   35 0.21
   0    6 0.14
   5    7 0.28
  20   53 0.91
  29   37 0.17
  35   53 0.87
  20   27 0.26
  50   77 0.78
  32   53 0.90
  16   19 0.51
  28   54 0.74

   7   31 0.99
  44   53 0.30
  12   30 0.11
   0    3 0.33
  29   51 0.77
  37   53 0.35
  11   31 0.01
  22   52 0.72
  32   57 0.67
   0    7 0.86
  35   44 0.59
   2   34 0.03
  31   43 0.16
  42   70 0.04
  32   41 0.70
  11   38 0.15
  11   43 0.34
   7   34 0.01
  15   38 0.99
  18   25 0.85

  13   43 0.32
  43   76 0.09
  19   53 0.82
  30   63 0.99
   5   30 0.78
  44   53 0.59
   5   12 0.74
  31   53 0.47
  40   72 0.96
  36   56 0.78
  22   22 0.40
   2   35 0.58
  50   60 0.98
  12   26 0.58
  15   24 0.20
   5   38 0.95
  16   49 0.38
  30   59 0.39
  29   52 0.01
  48   78 0.41

  24   28 0.66
  39   43 0.32
   7   36 0.63
  51   51 0.89
  36   52 0.96
  28   54 0.59
   0   22 0.54
  37   59 0.27
  28   59 0.68
  19   43 0.11
  27   46 0.97
   5   21 0.91
  26   40 0.78
  24   48 0.31
  17   44 0.68
   3   36 0.43
  34   52 0.47
  21   21 0.50
   9   27 0.70
   5   30 0.04

  50   72 0.96
  10   12 0.94
   2   13 0.62
   3    7 0.29
  11   12 0.36
  33   56 0.69
  23   52 0.93
  47   71 0.46
  50   81 0.50
   2   13 0.81
  38   64 0.64
  26   29 0.09
  37   44 0.28
  41   48 0.43
  17   46 0.05
  15   38 0.14
  32   34 0.30
  25   46 0.35
  49   50 0.11
   2    5 0.94

  47   81 0.62
  19   44 0.78
  24   29 0.94
   0    7 0.49
  42   58 0.82
  34   47 0.40
  15   41 0.78
  23   45 0.67
  45   68 0.27
  42   61 0.71
  12   42 0.36
  50   83 0.27
  48   78 0.09
  26   32 0.39
  36   57 0.57
  21   52 0.81
  16   19 0.63
  40   69 0.60
  35   57 0.09
  39   50 0.79

  46   60 0.57
  51   83 0.18
  34   57 0.09
  35   50 0.06
  15   23 0.96
  51   78 0.48
  22   49 0.70
  51   74 0.06
   6   14 0.41
  39   60 0.79
  33   53 0.82
   0    9 0.46
  34   58 0.32
  49   54 0.55
  46   48 0.12
  37   67 0.33
  40   42 0.30
  24   40 0.23
  36   38 0.10
  20   53 0.50

   8   19 0.77
  10   41 0.89
  45   79 0.76
  45   45 0.42
  34   67 0.20
  29   31 0.77
  31   49 0.24
  13   22 0.16
  15   48 0.95
  23   34 0.51
   8   26 0.33
   7   30 0.44
   4   14 0.20
  16   36 0.65
   3   35 0.82
  24   56 0.63
  26   41 0.18
  23   33 0.50
   2   35 0.12
  36   45 0.85

