5 40 8
6    4  16   4  16   2   2

   7   21 0.12
   6   36 0.14
   9   13 0.10
   4    5 0.37
   9   22 0.67
   7   24 0.20
   8   14 0.23
   1   31 0.94
   2   25 0.07
   7   13 0.54
   3   16 0.65
   3   24 0.52
   2   23 0.09
   4   21 0.76
   2    8 0.11
   8   40 0.21
   4    6 0.32
   7   23 0.96
   6   34 0.81
   9   16 0.07
   6   31 0.72
  10   24 0.04
   0    1 0.33
   4   21 0.80
   7   35 0.30
   8   24 0.90
   7   18 0.79
   9   29 0.47
   9   21 0.82
   4   35 0.30
   3   27 0.61
   2   24 0.77
   5    8 0.84
   2   25 0.28
   1   25 0.12
   2   34 0.88
   5   18 0.00
  10   38 0.84
   1    1 0.85
   5   32 0.31

   0   27 0.08
   2   33 0.70
   8   25 0.80
   0   18 0.63
   7   21 0.92
   6   10 0.70
   8   14 0.41
   2   27 0.04
   6   10 0.25
   8   22 0.51
   5   13 0.24
   4   14 0.79
   6   34 0.89
   5   35 0.49
   5   30 0.51
   9   33 0.46
   9   41 0.78
   8   16 0.37
   0   20 0.70
   1    1 0.21
   5   21 0.16
   3   24 0.37
   7   15 0.79
   5   29 0.28
   7   15 0.76
   6   33 0.94
  10   16 0.42
   0    8 0.65
   6    7 0.43
   4   24 0.61
   7   21 0.62
   1   22 0.72
  10   36 0.22
  10   26 0.91
   0   20 0.28
   2   22 0.45
   7   38 0.43
  10   15 0.31
   8   11 0.93
   8   11 0.41

   5   31 0.25
   6   18 0.00
   9   30 0.27
   9   33 0.48
  10   13 0.00
   5   18 0.25
  10   33 0.45
   8   28 0.65
   2   10 0.79
   3   14 0.34
  10   30 0.03
   2    8 0.11
   6   38 0.53
   2   30 0.31
   2   12 0.38
   3   27 0.50
   6   16 0.34
   8   30 0.50
   5   29 0.84
   9   26 0.49
   9   24 0.39
   4   16 0.16
   1   18 0.30
   7   30 0.03
   2    6 0.77
   7   28 0.60
   9   34 0.19
   3   13 0.00
  10   21 0.54
   0   30 0.80
   3   28 0.37
   7   20 0.62
   3   18 0.43
   0   13 0.69
  10   31 0.62
   6   30 0.80
   5   21 0.20
  10   35 0.10
   8   13 0.85
   5   22 0.14

   7   28 0.73
   1   22 0.50
   3   10 0.53
   4   23 0.21
   2   13 0.47
   7   31 0.05
   6   20 0.54
   2   31 0.80
   4   28 0.07
   1   31 0.97
   8   19 0.30
   9   18 0.19
   2   19 0.49
   3   13 0.21
   6   34 0.21
   0   18 0.60
   2   15 0.28
   1   15 0.83
   3   30 0.32
   3    6 0.63
   4   20 0.36
   4   17 0.46
  10   20 0.67
   9   29 0.47
   5   21 0.28
   4   25 0.68
   3   24 0.73
   4   11 0.06
   5   24 0.53
  10   30 0.69
   1   26 0.01
   8   21 0.24
   9   18 0.35
   9   18 0.92
  10   16 0.38
   0   21 0.87
   2   23 0.63
   7   10 0.28
   3   14 0.67
   6   31 0.73

   6   36 0.38
   5   15 0.98
   7   34 0.76
   4    6 0.59
   1   16 0.16
   0   12 0.60
   2    2 0.63
  10   20 0.33
   9   17 0.35
  10   12 0.58
   5   17 0.19
  10   18 0.07
   4   27 0.81
   1   11 0.34
  10   14 0.33
   9   40 0.59
   2   18 0.23
   4   19 0.10
   2   27 0.13
   1    8 0.30
   5   19 0.48
   1    3 0.41
  10   20 0.12
   3   19 0.43
   3   11 0.74
   0   17 0.55
   5   34 0.17
   6   25 0.18
   7   23 0.20
   4   17 0.77
   4    6 0.05
   9   20 0.74
   3   15 0.39
   9   33 0.47
   3   24 0.94
   8   17 0.26
   5   11 0.29
   9   10 0.92
   9    9 0.05
   7   22 0.32

   5   13 0.87
   5   31 0.78
   7   29 0.76
   7    9 0.43
   9   35 0.62
  10   41 0.99
   7   37 0.81
   7   12 0.18
   7   37 0.73
   1   11 0.99
   8   39 0.36
   7   23 0.25
   7   29 0.37
   3    4 0.44
   0   31 0.97
  10   25 0.44
   7   32 0.61
  10   34 0.94
   3   25 0.18
   5   24 0.25
   1    1 0.48
   5   35 0.47
   2   34 0.92
   7    8 0.41
   9   32 0.88
   8   17 0.58
   3    8 0.96
   5   10 0.74
   5    5 0.96
   2   18 0.95
  10   16 0.49
   2   29 0.21
  10   12 0.08
   1    7 0.31
   5    5 0.71
   1   23 0.47
   2    7 0.71
   2   10 0.04
   6   28 0.42
   9   20 0.64

