5 60 4
3    2   4  10

   9   24 0.76
   3    6 0.79
   9   32 0.91
   0    3 0.68
   6   15 0.70
   4   38 0.47
   4   30 0.75
   0   19 0.10
   0   11 0.14
   6   16 0.23
   0   16 0.40
  10   45 0.58
   8    9 0.85
   5   23 0.17
   1   20 0.01
   0   22 0.91
  11   14 0.69
   6   20 0.30
   4   14 0.40
  10   26 0.10
   2   31 0.70
   5    6 0.96
   9   30 0.72
   5   13 0.80
   7   18 0.34
   0   33 0.19
   6   41 0.93
  10   28 0.41
   8   24 0.28
  10   30 0.03
   5   27 0.06
   9   39 0.99
   1    6 0.06
   3   25 0.61
   2   24 0.96
  11   40 0.52
   7   36 0.36
  10   39 0.92
   4    8 0.96
   9   23 0.96
  10   17 0.40
   9   14 0.02
   5   25 0.71
  10   42 0.15
   7   11 0.87
   1    9 0.75
   7   28 0.19
   3   13 0.30
  11   12 0.86
  10   14 0.41
   8   13 0.46
   1   12 0.92
   3   22 0.45
   7   18 0.65
   0    5 0.18
   0   32 0.87
   9   11 0.98
   5   30 0.09
   9   27 0.96
   2   21 0.86

   9   16 0.17
   1   33 0.57
   0   12 0.89
   2   19 0.58
   4    5 0.31
   4   17 0.82
  11   41 0.88
   5   40 0.80
   9   15 0.37
   3   10 0.26
   7   26 0.26
   0   13 0.54
   9   11 0.75
   3   28 0.77
   3   31 0.23
   0   19 0.82
   5    6 0.58
   9   37 0.38
   9   10 0.02
   3   30 0.34
   6    7 0.09
  10   35 0.90
   0   33 0.18
   5   24 0.89
   1    3 0.86
   1    3 0.70
   1    2 0.70
   6   21 0.13
   6    6 0.27
   9   32 0.83
  10   22 0.95
   0   30 0.54
  10   14 0.79
   1   14 0.82
   8   37 0.40
  11   41 0.89
   4   15 0.19
   2   32 0.18
   4    8 0.11
   3   36 0.81
   0    0 0.37
   4   31 0.53
   9   19 0.62
  11   18 0.34
   4   33 0.88
   7   17 0.73
   8   19 0.03
   8   36 0.11
  11   28 0.80
   4   39 0.92
   0    8 0.00
   8   26 0.47
   6   41 0.16
   6   27 0.53
   7   17 0.82
   4   35 0.14
   7   12 0.42
   2   14 0.90
   5    6 0.48
   7   41 0.73

   4    6 0.86
   8   17 0.42
   4   38 0.99
   4   36 0.31
   2    3 0.33
   3    4 0.54
   0    0 0.84
   2    7 0.85
   7   10 0.95
  11   46 0.76
   4   19 0.01
   9   22 0.85
   1   32 0.35
   8   29 0.95
   1   34 0.44
   4   37 0.50
  11   44 0.35
   2   34 0.37
   9   22 0.20
   2   22 0.59
   3   18 0.11
   7   17 0.41
   3   33 0.46
   6   24 0.77
   5   16 0.75
  11   19 0.04
   2    7 0.20
  11   26 0.24
   3   20 0.95
  11   35 0.87
   7   20 0.48
   6   39 0.09
  10   26 0.22
   8   29 0.58
   3   29 0.43
   9   41 0.46
   5   29 0.71
   2    3 0.06
   9   30 0.90
   1   22 0.95
   7   24 0.30
   1    8 0.60
   4   11 0.22
   3   24 0.38
  10   29 0.67
   3    4 0.21
   3   32 0.27
   8   38 0.36
   1   36 0.58
   2   21 0.26
   1   23 0.74
   2   37 0.88
   6   19 0.75
   8    9 0.70
   3    8 0.84
   0   20 0.84
   9   38 0.00
   4   30 0.12
   8   17 0.45
   2    2 0.45

