5 50 8
6   10  20  16  10  16   2

  14   58 0.78
  20   85 0.35
  43   72 0.84
  37   96 0.32
  10   65 0.38
  15   59 0.02
  43   77 0.36
  20   88 0.55
  34   42 0.37
  10   64 0.79
  35   44 0.54
  45   72 0.45
  20   23 0.62
  27   40 0.98
  40   91 0.32
  17   51 0.01
  30   65 0.72
  13   54 0.49
  17   43 0.72
  20   42 0.75
  28   74 0.63
  26   29 0.67
   5   14 0.97
   4   15 0.10
  33   55 0.15
  33   93 0.97
  43   54 0.14
  35  101 0.11
   2    2 0.46
  29   38 0.27
  27   81 0.33
   5   18 0.23
   6   20 0.82
  18   35 0.26
  31   49 0.53
  34   44 0.00
  28   41 0.10
  17   31 0.13
   2    7 0.51
  25   43 0.59
  10   34 0.86
   4   39 0.24
  26   42 0.70
  20   80 0.20
  27   91 0.64
  44   47 0.45
  25   43 0.42
  44   73 0.19
  20   29 0.61
  12   29 0.22

   2   42 0.23
  30   70 0.57
  13   78 0.43
  37   98 0.66
  41  107 0.13
  42   50 0.87
  14   17 0.72
  33   78 0.84
   8   19 0.14
  45   96 0.47
  43   95 0.51
  12   32 0.01
   0   16 0.55
   8   27 0.83
  25   35 0.62
  17   75 0.88
  20   36 0.24
  26   84 0.35
  19   77 0.45
   3    4 0.43
  30   50 0.27
  13   15 0.97
  40   53 0.21
  24   55 0.51
   7   34 0.93
   4   19 0.44
   8   47 0.19
   5   26 0.84
  24   69 0.58
  34   47 0.64
  45   65 0.86
  32   65 0.91
  42   92 0.55
  15   61 0.35
  39   54 0.26
   2   58 0.89
  26   76 0.58
  22   24 0.57
  40   40 0.75
  36   37 0.13
  32   56 0.74
  28   76 0.93
  20   86 0.53
  15   83 0.15
  29   92 0.71
  15   69 0.88
  32   65 0.78
  40   74 0.98
  43   52 0.71
  13   71 0.74

   3   23 0.30
  30   31 0.80
  31   86 0.14
  45   70 0.22
  31   86 0.77
  33   76 0.84
   5   16 0.20
  36   62 0.25
  45   88 0.62
   8   75 0.37
  19   59 0.52
  40   54 0.10
   4   57 0.34
  10   69 0.04
  45   75 0.24
   5   69 0.57
  29   34 0.35
  24   76 0.02
  42   67 0.02
   9   66 0.90
  11   53 0.71
  43   53 0.32
  23   58 0.85
  11   58 0.79
  18   50 0.04
   6   24 0.59
   6   19 0.61
  43   51 0.42
  14   49 0.41
  13   54 0.12
  37   58 0.63
  37   97 0.76
  24   42 0.57
   5    9 0.39
  38   58 0.06
  23   79 0.53
  43  101 0.07
  43   89 0.59
  12   63 0.65
  40   55 0.87
  27   59 0.30
  15   61 0.54
  24   46 0.41
  14   24 0.97
   7   47 0.42
  29   70 0.89
  22   79 0.42
   0   47 0.89
  21   85 0.91
  39   87 0.66

  37   57 0.55
  21   67 0.89
  10   50 0.52
  35   42 0.64
  24   36 0.59
  10   50 0.28
  35   44 0.19
  14   15 0.11
   7   59 0.09
  30   61 0.87
  22   32 0.12
  26   37 0.58
  42  104 0.89
  31   77 0.17
  38   43 0.79
  31   60 0.30
  22   46 0.33
  34   54 0.78
  42   47 0.82
  15   17 0.91
  44  108 0.42
  18   48 0.11
  17   36 0.55
  31   95 0.84
  26   91 0.43
  17   35 0.04
  12   13 0.93
  13   60 0.82
  41   97 0.45
  24   87 0.21
  43   53 0.49
   0    6 0.73
  25   58 0.40
  25   40 0.63
  10   11 0.95
  16   69 0.83
  41   67 0.36
   1   15 0.41
  32   63 0.51
  26   62 0.49
  35   55 0.72
  18   20 0.05
  11   14 0.66
   3   11 0.84
  14   34 0.32
  26   91 0.97
  37  102 0.52
   1   46 0.23
   7    7 0.69
  21   50 0.26

  25   76 0.83
  42  103 0.06
   5   10 0.81
  40   98 0.28
  40   46 0.04
   4   57 0.30
  44   83 0.55
  28   49 0.11
   5   65 0.88
  29   79 0.66
  40   87 0.93
  10   10 0.60
  24   89 0.30
  29   57 0.74
  34   74 0.12
   3   55 0.55
  14   42 0.60
  11   53 0.67
  44  105 0.08
   8   34 0.80
  34   48 0.47
  25   41 0.79
  35   79 0.16
  31   98 0.11
  27   89 0.96
  32   95 0.41
  12   71 0.95
  30   49 0.33
   7   10 0.27
  34   49 0.51
  13   80 0.93
   0   68 0.24
  15   55 0.77
  23   87 0.06
  38   43 0.08
  26   55 0.23
   0   68 0.73
  19   28 0.98
  40   82 0.82
  37   71 0.02
  15   21 0.11
   2   17 0.70
  14   54 0.02
   4   65 0.99
  35   51 0.54
  15   43 0.51
  38   93 0.41
  38   98 0.49
  37   67 0.86
  40   96 0.09

  44   96 0.32
  31   92 0.88
  29   61 0.56
  44  110 0.66
  15   48 0.83
  27   76 0.58
  22   49 0.09
  12   69 0.98
  14   35 0.76
  20   35 0.61
  29   34 0.25
   9   15 0.42
  21   41 0.60
  17   48 0.72
   7   36 0.13
  21   74 0.39
   7   49 0.34
  38   81 0.99
  13   44 0.63
  24   46 0.50
  38   65 0.30
  18   40 0.98
  24   34 0.25
  31   50 0.99
  45   45 0.48
  10   70 0.21
   0   57 0.68
  21   32 0.42
  37   45 0.02
  13   75 0.25
  33   38 0.30
  40   56 0.49
   0    6 0.78
  12   34 0.30
  10   49 0.58
  38   78 0.69
  31   85 0.83
   8   70 0.01
  11   42 0.26
   0   58 0.99
   6    9 0.26
  10   54 0.39
  10   11 0.93
  32   63 0.15
  45   60 0.32
  19   71 0.07
  36   77 0.55
  13   70 0.35
  14   66 0.67
  36   62 0.16

