5 60 4
3   16  10  10

   0   18 0.09
  25   40 0.34
  23   38 0.40
  16   62 0.68
   6   46 0.13
   8   30 0.10
  18   60 0.13
   1   26 0.63
  21   36 0.12
  18   48 0.97
  25   27 0.56
   4   23 0.68
  17   64 0.97
   5   15 0.00
   9   33 0.87
   4   37 0.74
  25   65 0.15
   6   55 0.25
   4   52 0.93
   6   20 0.09
  14   17 0.06
  20   42 0.46
  22   22 0.70
   7   50 0.88
  14   60 0.36
   2   36 0.76
  12   16 0.42
  24   67 0.18
  23   27 0.28
   9   53 0.54
   5   27 0.35
  12   43 0.24
  19   50 0.19
   5   23 0.72
  12   43 0.32
  23   61 0.03
   8   51 0.27
   4   39 0.60
  18   46 0.43
   6   16 0.67
  22   32 0.33
  25   27 0.42
   5   32 0.38
   2   54 0.13
  25   41 0.59
  21   52 0.70
   8   35 0.16
   6   38 0.34
   2    4 0.74
   0   35 0.55
  19   56 0.18
  20   36 0.73
  21   55 0.88
  10   10 0.02
  25   26 0.04
   9   52 0.89
  13   47 0.56
   1    8 0.49
  15   40 0.76
  22   30 0.06

  12   43 0.93
  24   49 0.20
  25   26 0.12
   0   52 0.28
   8   16 0.73
  19   61 0.20
  25   58 0.59
  18   34 0.01
  21   67 0.07
  13   22 0.31
  20   26 0.92
   2   24 0.65
  17   67 0.15
  21   70 0.48
  11   47 0.70
  26   31 0.86
   3   29 0.88
  10   10 0.12
  20   22 0.70
  24   42 0.29
  22   22 0.19
  19   36 0.03
   0   25 0.70
   1   28 0.55
  12   38 0.15
   2   29 0.63
  22   46 0.86
  21   26 0.20
   5   51 0.81
  13   28 0.70
  14   53 0.45
  11   50 0.02
  14   36 0.41
  15   64 0.35
   1    8 0.49
   9   38 0.56
   0   49 0.97
  10   34 0.11
  12   52 0.22
   0   20 0.73
  14   46 0.92
   9   61 0.28
  15   33 0.41
  17   36 0.19
  21   58 0.29
  14   36 0.14
  10   36 0.12
   5   24 0.20
   2   22 0.42
  15   17 0.53
  26   60 0.52
  16   69 0.36
  12   26 0.75
  19   69 0.15
   6   46 0.38
   3    4 0.83
   8   27 0.68
  16   40 0.54
  18   50 0.91
   3   11 0.09

  25   53 0.67
  20   56 0.04
  16   39 0.75
  20   60 0.39
   9   36 0.89
  26   79 0.93
  23   70 0.67
   1   51 0.28
  21   31 0.15
   7   17 0.69
  24   30 0.02
   0   25 0.31
  18   35 0.03
  20   58 0.95
  13   26 0.92
  12   63 0.51
  11   34 0.12
   0    6 0.70
  13   34 0.64
  24   62 0.50
  17   54 0.22
   7    7 0.62
  10   10 0.96
   4   52 0.46
  16   26 0.34
  24   32 0.97
   0    5 0.23
   0   39 0.57
  15   41 0.10
   4   47 0.11
   6   42 0.51
  15   24 0.34
  13   63 0.97
  18   36 0.43
  19   23 0.39
  22   57 0.20
  26   34 0.65
  23   74 0.71
  10   35 0.07
   5   44 0.46
   2   43 0.52
  23   49 0.82
  15   55 0.13
   3   23 0.60
  17   31 0.43
   9   56 0.24
  17   69 0.06
  22   35 0.32
  25   39 0.99
   6   19 0.70
  15   19 0.30
  24   76 0.48
  26   51 0.51
  24   38 0.87
   0    4 0.89
   4   38 0.43
   4   38 0.19
  25   51 0.18
   5   25 0.91
   5   25 0.10

