4 20 8
12    2   2   2   2  16  10   2  10   4   4  20   2

   3    9 0.56
  14   20 0.51
   1   10 0.21
   6    8 0.96
   1    1 0.49
   6   11 0.61
  19   28 0.80
   7   11 0.57
  21   21 0.21
   4    5 0.50
   5   13 0.47
  10   17 0.09
   7   11 0.98
   1    1 0.84
   7   10 0.54
  20   25 0.06
  13   19 0.31
   4    9 0.02
  19   26 0.28
   1    4 0.74

   1    8 0.49
  16   23 0.82
  13   19 0.93
  21   21 0.03
   0    5 0.66
   2    6 0.21
  10   17 0.12
  21   25 0.11
   6   14 0.73
  13   15 0.56
  16   20 0.49
  20   22 0.14
   9   18 0.71
  22   27 0.17
  21   28 0.50
  10   10 0.37
  16   22 0.33
   4   11 0.46
  12   22 0.91
  19   25 0.45

   2   10 0.83
   8   17 0.32
  19   21 0.94
   1    3 0.05
  21   22 0.48
  10   14 0.26
   4   10 0.40
   0    4 0.35
  19   29 0.29
   2   12 0.63
   6    7 0.10
   5   12 0.00
  15   20 0.02
   4   10 0.70
  12   21 0.15
  18   24 0.21
  12   13 0.14
  22   26 0.57
   3    7 0.59
  16   25 0.93

  11   11 0.71
  13   16 0.92
  16   17 0.32
   2    5 0.33
  19   24 0.11
   6    8 0.83
  17   19 0.43
   1    2 0.00
  20   25 0.81
   3   13 0.37
   2   11 0.77
   1    5 0.68
  19   24 0.71
  21   29 0.31
   3    7 0.79
  22   28 0.31
  13   22 0.27
   8   15 0.93
  14   17 0.27
   0    3 0.14

  17   17 0.36
  16   23 0.67
  14   23 0.92
   3    3 0.02
  10   10 0.98
   7   14 0.91
   7   12 0.48
   3    7 0.87
  12   16 0.49
  11   19 0.26
   9   18 0.24
  15   24 0.06
  19   27 0.14
   4   12 0.20
   3   13 0.76
   5   12 0.46
  20   20 0.19
  22   24 0.24
  18   20 0.52
  15   22 0.28

  22   29 0.12
  18   26 0.47
  14   16 0.42
   5   12 0.19
   0    6 0.90
  17   17 0.80
  12   22 0.17
  13   13 0.65
  17   22 0.39
   1    2 0.20
   0    5 0.06
   2    3 0.43
  17   22 0.63
  13   22 0.83
  14   17 0.33
  15   18 0.01
  15   24 0.98
   4    9 0.56
   9   16 0.43
  12   18 0.14

  18   22 0.62
   3   10 0.04
  15   21 0.82
  15   17 0.90
   6   12 0.66
   5    9 0.29
   4    7 0.69
   2    9 0.89
  20   30 0.75
  20   26 0.64
  17   24 0.08
  13   16 0.84
   1    6 0.99
   5   14 0.84
   1    8 0.86
   6   12 0.98
  21   25 0.83
   5   14 0.58
   9   12 0.37
  19   20 0.74

   9   10 0.73
  15   21 0.80
  10   11 0.30
   4   14 0.26
   7   13 0.90
   8   13 0.55
   5   15 0.71
  16   20 0.77
   3    4 0.17
   3   13 0.06
   7   17 0.81
  10   14 0.20
   5   10 0.77
   1    7 0.80
  20   21 0.50
   0    6 0.78
  20   20 0.76
   8   13 0.74
  11   13 0.94
  10   11 0.38

   7   10 0.59
  22   22 0.41
   0    6 0.53
   0    1 0.94
   0    6 0.00
  11   19 0.23
   8   18 0.68
   1    6 0.78
   9   18 0.94
   5    9 0.98
  17   19 0.83
   8   14 0.50
   1    6 0.41
   1    4 0.13
  13   15 0.15
   7    9 0.75
  14   15 0.02
   2    3 0.82
  13   14 0.84
  17   26 0.99

  17   23 0.91
   3    7 0.84
  12   17 0.38
   6   13 0.66
  15   16 0.62
   0    1 0.26
   7   17 0.92
   9   15 0.20
  10   15 0.79
  11   12 0.08
   5   13 0.97
  15   16 0.10
  12   12 0.92
  19   19 0.76
   8   15 0.41
  13   17 0.05
   3    8 0.93
  10   15 0.04
  12   20 0.82
  10   14 0.05

   5   11 0.08
  16   26 0.11
  16   17 0.39
  17   24 0.08
  17   17 0.01
  15   18 0.86
   7   11 0.69
   8   17 0.46
   5    7 0.18
   7   16 0.40
  10   12 0.01
   3    6 0.57
   9    9 0.77
  10   10 0.96
  13   13 0.50
  16   19 0.53
   1    4 0.14
  14   14 0.29
   3    9 0.16
   1    4 0.62

  21   21 0.99
  13   20 0.18
  17   19 0.16
  14   18 0.59
  15   24 0.29
   2    7 0.40
  11   19 0.69
   7   15 0.21
  11   14 0.78
   7   16 0.37
  17   22 0.74
  17   23 0.37
  22   22 0.40
  16   17 0.58
  15   18 0.01
   0    0 0.90
   6   14 0.39
   2    4 0.67
   7   14 0.28
  13   23 0.31

