5 80 4
3   10   4   2

  33   42 0.42
  47   77 0.77
   5   18 0.61
   6   18 0.39
  35   53 0.17
   1   32 0.79
  33   36 0.35
  21   32 0.25
   6   36 0.86
   9   11 0.51
  36   65 0.29
  37   39 0.43
  17   48 0.43
   7   16 0.35
  32   39 0.02
  31   57 0.05
  39   39 0.63
  44   44 0.99
  21   52 0.68
  24   25 0.75
  46   62 0.83
   7   35 0.80
  14   19 0.33
  34   36 0.43
  12   24 0.61
  14   35 0.82
  27   33 0.51
  37   41 0.42
  19   32 0.45
  32   37 0.35
  32   41 0.93
  47   48 0.55
  47   65 0.94
  25   26 0.05
  29   56 0.22
  41   49 0.07
  30   44 0.34
  23   47 0.18
  31   55 0.99
  27   48 0.14
  47   66 0.76
  29   39 0.07
  40   67 0.01
  34   49 0.21
  47   47 0.49
   5   16 0.08
  43   50 0.20
  16   19 0.57
   0    9 0.50
  10   34 0.90
  43   64 0.19
  21   21 0.55
  11   17 0.25
   5   30 0.25
  21   21 0.00
  43   62 0.32
  39   69 0.06
  24   49 0.67
  43   57 0.14
   7   11 0.87
  42   61 0.55
   9   11 0.29
   2    3 0.44
  14   31 0.01
  17   34 0.38
  17   46 0.25
  30   61 0.68
   5   14 0.60
  27   46 0.58
  21   29 0.92
  29   60 0.38
  14   25 0.16
  26   48 0.25
  35   59 0.93
   2   22 0.42
  31   32 0.66
  13   15 0.93
  16   34 0.17
  19   48 0.91
   3   26 0.74

  40   61 0.09
  17   22 0.29
   6   19 0.17
  22   23 0.55
   5   22 0.82
   8   18 0.41
   7   31 0.09
  29   42 0.89
  16   24 0.65
   1   32 0.47
  29   60 0.27
  20   24 0.46
  13   19 0.46
  29   30 0.76
  30   59 0.37
  43   50 0.68
  29   60 0.10
  14   22 0.69
  32   50 0.73
   2    9 0.66
  18   44 0.66
   3   10 0.00
  18   32 0.51
  20   26 0.46
  46   75 0.64
  37   41 0.64
  10   12 0.97
   1   14 0.46
  19   46 0.02
  18   40 0.95
   1    4 0.63
   0   14 0.14
  39   66 0.76
   9   38 0.35
  28   28 0.83
  37   64 0.21
  38   48 0.38
  39   45 0.32
  45   50 0.36
  46   53 0.53
  45   47 0.22
  33   64 0.52
  26   42 0.54
   3   31 0.85
   5   33 0.07
  35   59 0.91
  44   63 0.14
  30   58 0.86
  13   33 0.15
  40   68 0.48
  10   20 0.30
   8   36 0.82
  27   54 0.89
  25   39 0.11
   7    7 0.27
  38   67 0.27
   4    6 0.26
  26   33 0.29
  10   38 0.54
  35   49 0.22
  25   29 0.88
   2   17 0.06
  29   45 0.48
  31   62 0.07
   5   25 0.92
  11   37 0.53
  40   45 0.45
   8   15 0.56
  37   45 0.69
  27   32 0.29
  31   31 0.23
   7   32 0.02
   8   14 0.30
  33   51 0.62
  25   50 0.71
  29   32 0.91
   8   22 0.77
  19   19 0.87
  19   48 0.88
  47   54 0.53

  39   46 0.92
  23   38 0.31
  21   22 0.03
  31   60 0.58
  46   59 0.75
  16   35 0.93
   3   13 0.54
  28   37 0.61
  18   45 0.82
  10   33 0.07
  39   65 0.44
  28   54 0.76
  39   60 0.56
  41   62 0.45
  46   75 0.49
  40   43 0.23
  42   66 0.32
  14   32 0.35
  32   52 0.07
  40   69 0.88
  26   31 0.68
  11   42 0.01
  20   20 0.01
   0   29 0.87
  24   35 0.08
   8   22 0.43
  35   54 0.01
  42   59 0.44
  15   35 0.21
   6   24 0.07
  28   47 0.59
  37   38 0.11
  21   39 0.53
  19   46 0.93
  40   55 0.72
  46   51 0.63
  19   29 0.96
  47   63 0.77
  31   37 0.12
  29   31 0.19
  33   34 0.04
  30   43 0.39
  28   49 0.45
  35   44 0.17
   6   11 0.25
  30   30 0.40
  44   45 0.04
   2   19 0.09
  30   61 0.73
  42   73 0.84
  13   18 0.53
  13   33 0.32
  29   52 0.82
  47   59 0.12
  36   66 0.65
  32   40 0.00
  20   28 0.84
  47   59 0.36
  16   36 0.09
  18   18 0.12
   2    7 0.49
  35   40 0.64
  14   25 0.59
   9   11 0.43
  14   25 0.42
  37   59 0.99
  28   38 0.60
  14   24 0.98
  18   26 0.09
  14   41 0.28
   3   14 0.77
  19   50 0.45
  25   36 0.72
  29   31 0.77
  46   50 0.79
  17   37 0.10
  44   58 0.04
  25   33 0.52
   0   20 0.39
   6    8 0.48

