3 25 4
12   10   4  10  10   4  10  16   4   2  16  10  16

  26   39 0.97
 139  145 0.91
  98   98 0.81
  17   48 0.42
  15   27 0.87
   7   19 0.90
 100  120 0.44
  70   72 0.04
   8   64 0.57
 156  170 0.80
 100  138 0.88
 148  182 0.17
  93  100 0.72
  46   61 0.87
 140  155 0.42
 161  209 0.45
  29   45 0.40
  75   98 0.16
  25   40 0.26
  78  105 0.09
 171  185 0.57
 133  137 0.48
  40   68 0.04
 161  194 0.99
  99  109 0.50

  86   98 0.69
  36   76 0.98
 124  167 0.14
 102  146 0.56
  89  115 0.38
 104  109 0.43
  38   72 0.13
 126  177 0.97
 158  204 0.17
  32   37 0.00
   6   24 0.62
  49   86 0.25
 144  145 0.24
 137  152 0.37
  75  128 0.42
 166  195 0.35
  72   77 0.31
 171  219 0.30
   9   51 0.70
  79  135 0.36
 111  131 0.08
 166  206 0.55
  45   55 0.36
  78   79 0.19
  46   91 0.95

  83   95 0.26
  77   88 0.71
  53   82 0.17
  57   95 0.35
  11   58 0.55
 135  180 0.35
  78  108 0.07
 133  184 0.25
  45   84 0.93
 137  154 0.24
 104  127 0.12
 134  151 0.47
 142  177 0.66
 136  177 0.45
   3   13 0.38
  59  111 0.08
  98  137 0.71
  63   63 0.45
 123  176 0.51
 100  142 0.91
  49   56 0.85
  84  101 0.89
 121  172 0.89
  76  112 0.53
  65   72 0.96

 139  184 0.32
  97  116 0.62
  93  103 0.23
  90  108 0.10
 113  125 0.83
 106  128 0.84
  65  113 0.83
  30   61 0.06
  46   93 0.19
 168  223 0.00
 115  161 0.74
 111  116 0.31
   1   19 0.32
  44   55 0.44
 120  173 0.75
 132  188 0.14
  95  113 0.71
 124  144 0.87
  61   97 0.22
  32   38 0.87
 135  144 0.72
  62   62 0.12
 114  114 0.84
  69   71 0.59
  56   65 0.17

  71  102 0.66
  86   97 0.37
 110  130 0.86
 105  154 0.66
  65  111 0.71
 140  145 0.70
 131  141 0.40
 116  129 0.77
  21   42 0.98
 129  158 0.20
  88  144 0.19
  75  126 0.56
  84  118 0.54
  82  138 0.16
  18   27 0.64
  71  100 0.21
  18   30 0.44
  62  112 0.05
 166  175 0.98
  78   98 0.54
 139  179 0.20
  67  113 0.12
 122  145 0.67
 173  202 0.17
  36   59 0.11

 102  117 0.23
 161  182 0.38
  31   80 0.30
 132  177 0.68
   7   35 0.64
  68  108 0.56
   3   38 0.15
  46   55 0.05
  42   63 0.22
 155  169 0.82
  22   29 0.47
  32   56 0.51
  53   69 0.72
 132  132 0.50
  19   76 0.91
  56   79 0.61
  79   93 0.34
 123  137 0.06
  39   47 0.17
  53   69 0.33
  31   48 0.30
  76   86 0.54
 158  210 0.17
  11   63 0.20
  77  103 0.48

  23   64 0.41
  55  104 0.25
 163  217 0.19
 165  205 0.91
 122  122 0.86
 117  173 0.36
 145  161 0.90
  39   47 0.29
  72  121 0.35
  54   92 0.39
  59   89 0.01
 158  172 0.68
  37   65 0.49
  66  111 0.19
 132  155 0.76
  37   57 0.28
  99  152 0.94
 130  166 0.34
   0   29 0.91
 164  201 0.82
   0   49 0.08
   8   28 0.32
  38   76 0.70
   0   19 0.86
  67   98 0.75

   8   52 0.84
   3   45 0.14
  11   48 0.59
 115  119 0.93
 103  105 0.56
 132  170 0.36
  63   75 0.69
 130  143 0.20
  25   67 0.89
 162  191 0.74
   3   26 0.69
 120  137 0.68
 103  115 0.38
 159  205 0.59
  80   99 0.00
  84  131 0.01
  89  111 0.47
  36   77 0.31
  46   96 0.46
 141  170 0.20
 147  166 0.77
 151  203 0.56
  40   63 0.12
  57   66 0.53
 149  188 0.81

  20   38 0.98
  61   82 0.90
 129  145 0.24
 163  220 0.98
  70   93 0.49
  73   75 0.11
 161  161 0.05
 156  186 0.67
 165  206 0.43
 159  183 0.38
  97  131 0.29
 149  169 0.56
  51   61 0.05
 172  173 0.91
 151  205 0.70
 141  187 0.14
 132  151 0.40
  32   55 0.33
  41   93 0.69
 109  116 0.77
   2   43 0.27
  38   48 0.13
  14   33 0.42
  78  116 0.94
  97  118 0.30

  15   50 0.15
 137  144 0.11
  67   90 0.50
  90  113 0.55
  99   99 0.85
 168  204 0.05
  27   60 0.06
 145  183 0.05
  75   88 0.13
 145  151 0.04
  11   14 0.63
  64   65 0.91
 154  193 0.58
 154  189 0.90
  77   78 0.32
  83  114 0.51
 144  182 0.33
 148  191 0.33
  39   76 0.82
  62   72 0.06
  52  101 0.44
 122  171 0.09
 152  201 0.28
 130  134 0.57
 168  215 0.36

  35   78 0.72
 144  144 0.44
  38   90 0.73
  94   97 0.60
 113  126 0.36
  81   85 0.72
  54   62 0.91
  93  114 0.58
 122  179 0.27
  23   53 0.36
  81  117 0.28
  41   81 0.68
  13   55 0.36
 125  152 0.11
 153  201 0.63
  52   91 0.06
 142  165 0.10
 102  104 0.73
 146  194 0.91
  52   94 0.63
 157  160 0.00
   8   54 0.69
  67   69 0.23
 138  148 0.41
 109  158 0.43

  19   29 0.35
  25   46 0.91
 122  173 0.45
  34   79 0.31
  40   68 0.15
 116  158 0.54
  23   46 0.97
  74   82 0.27
  15   49 0.74
 151  166 0.41
  40   70 0.80
  75   85 0.12
  46   52 0.69
  75   75 0.25
 134  177 0.21
  77   77 0.36
  69  109 0.41
   9   24 0.88
 116  129 0.08
 123  160 0.48
 165  194 0.62
   7   49 0.08
   7   53 0.22
  29   61 0.38
 138  187 0.83

