5 80 8
3   16   4  16

  44   61 0.43
  32   47 0.91
  44   52 0.77
  18   30 0.51
  16   25 0.33
  17   33 0.04
  31   47 0.33
  21   27 0.56
  38   40 0.32
  29   32 0.85
  40   43 0.67
  22   30 0.35
  50   57 0.29
  40   50 0.36
  30   36 0.02
  38   54 0.88
  16   29 0.59
   9   22 0.00
  26   40 0.90
  14   17 0.95
  18   28 0.45
   5   10 0.59
  44   46 0.00
  10   21 0.75
   2   18 0.46
  11   26 0.67
   0   14 0.97
  40   45 0.97
  19   32 0.14
  40   50 0.85
  25   35 0.78
  24   27 0.69
  21   36 0.94
   2   16 0.66
   4   14 0.74
   6   23 0.01
  19   25 0.71
  36   48 0.67
  38   54 0.96
   8   17 0.02
  47   52 0.33
  52   68 0.99
  33   37 0.47
  53   68 0.60
  11   14 0.90
  24   40 0.06
  33   43 0.55
   7   15 0.94
  52   54 0.00
   4   10 0.28
  23   35 0.63
  45   54 0.18
  21   24 0.15
  32   42 0.51
  34   36 0.00
  14   18 0.40
  22   33 0.73
   6   22 0.78
  22   30 0.59
  40   53 0.37
   5   21 0.35
  41   48 0.95
  26   29 0.74
  41   47 0.22
   2   15 0.45
  53   66 0.26
  47   64 0.67
  22   33 0.27
  46   54 0.19
  38   52 0.74
  46   49 0.18
  41   45 0.69
  32   49 0.48
  50   58 0.00
  41   44 0.04
  25   32 0.94
  15   23 0.60
  17   17 0.86
  17   33 0.80
  12   20 0.72

  19   30 0.90
  42   51 0.98
  19   32 0.38
  32   44 0.91
  13   13 0.72
  38   54 0.79
  50   63 0.10
  44   48 0.08
  23   34 0.98
  13   30 0.04
  39   52 0.02
  51   54 0.62
  51   56 0.52
  39   44 0.31
  25   31 0.86
  27   42 0.63
  42   56 0.83
  26   40 0.64
  40   49 0.19
  26   39 0.19
   8   21 0.74
  20   37 0.93
  52   54 0.06
  42   53 0.94
  38   51 0.78
  19   22 0.00
   9   24 0.39
   4   14 0.72
  16   24 0.38
  30   46 0.00
  52   60 0.78
  19   25 0.45
  14   21 0.83
  40   55 0.81
  50   60 0.61
  37   47 0.71
  41   48 0.24
  39   56 0.00
  15   21 0.94
  31   44 0.88
   9   23 0.41
  34   36 0.53
  33   35 0.22
  34   43 0.60
  10   14 0.98
  12   19 0.21
  41   54 0.83
  17   23 0.75
  43   57 0.73
  41   45 0.98
  42   50 0.82
  44   47 0.01
  35   43 0.96
  31   48 0.37
  14   26 0.08
   5   18 0.69
  48   65 0.01
  34   49 0.04
   6   21 0.71
  41   47 0.99
  50   66 0.54
  47   64 0.16
  35   38 0.16
  28   40 0.50
  18   25 0.53
   1    2 0.77
  24   37 0.91
  16   21 0.50
  38   50 0.10
  41   57 0.44
  32   47 0.85
   5    7 0.79
  20   27 0.74
  36   40 0.24
  34   46 0.32
   3    6 0.82
  43   50 0.97
  33   39 0.37
  47   59 0.36
  30   43 0.18

  42   58 0.24
  48   61 0.05
  22   35 0.97
  27   36 0.30
  24   38 0.05
   8   17 0.88
  53   61 0.77
  16   18 0.93
  28   31 0.09
  27   38 0.06
  40   54 0.72
  19   28 0.78
   3   12 0.30
   2    8 0.07
  50   58 0.66
  41   53 0.74
   5   10 0.46
   8   24 0.70
  27   35 0.76
   2   11 0.51
  36   51 0.99
  51   56 0.49
  23   27 0.49
  17   20 0.91
  42   45 0.09
  10   19 0.75
  45   53 0.95
  19   34 0.48
  42   59 0.68
  19   24 0.87
   7    7 0.17
   2    3 0.05
   4    6 0.21
  36   46 0.54
  23   26 0.19
  34   50 0.97
  15   24 0.80
   3    3 0.40
  17   28 0.96
  30   33 0.23
  51   53 0.40
   0   10 0.24
  14   17 0.67
  32   35 0.10
  11   17 0.51
  43   60 0.87
  44   53 0.36
  35   37 0.54
  16   32 0.22
  14   27 0.76
  27   43 0.53
  28   39 0.63
   7   13 0.19
  35   52 0.93
   3   11 0.61
  11   21 0.84
  23   40 0.70
  14   22 0.85
   2   15 0.99
  11   24 0.44
   2   10 0.97
   2   19 0.92
  22   35 0.02
  11   19 0.96
   4   17 0.67
  13   22 0.31
  23   23 0.28
  29   46 0.23
  39   53 0.99
  27   28 0.55
  13   27 0.90
  24   34 0.90
  47   60 0.41
   3   17 0.68
   4   11 0.02
   9   17 0.95
   1    8 0.29
  51   53 0.77
  36   48 0.39
   2   12 0.74

