4 100 4
3   20  16  20

 142  184 0.76
  76  109 0.82
  11   75 0.53
   4   89 0.37
  41   67 0.98
 120  197 0.97
  84  111 0.25
  87  157 0.13
  68  112 0.17
 158  226 0.85
  35   78 0.84
  91  140 0.39
  65  113 0.18
   8   34 0.13
  44   45 0.14
 129  175 0.64
  92  118 0.50
  98  111 0.70
 174  251 0.12
 161  246 0.77
 166  184 0.19
 127  161 0.24
 158  193 0.01
 110  171 0.33
 116  187 0.15
 149  215 0.82
 128  207 0.73
  26   71 0.23
  60   76 0.89
  10   21 0.55
 105  169 0.75
  63  137 0.92
 156  241 0.84
  92  147 0.83
  43   90 0.83
 120  200 0.92
 124  178 0.48
  89   93 0.38
  34  116 0.18
 161  185 0.34
  96  121 0.09
  17   93 0.16
 128  208 0.45
 144  171 0.98
  74  121 0.03
  20   46 0.21
   0   25 0.95
  27   49 0.01
   6   82 0.96
 160  237 0.61
 173  259 0.46
 160  243 0.60
 123  192 0.38
  22   72 0.47
  35   83 0.16
   3   85 0.13
  37   95 0.21
 168  188 0.62
  90   98 0.99
 162  164 0.17
  18   81 0.13
  87   88 0.21
 125  132 0.86
  25   85 0.83
  90  153 0.51
 126  188 0.75
  14   43 0.53
  43  110 0.32
  34   81 0.93
  19   46 0.09
 114  194 0.26
 163  228 0.84
  32   35 0.28
  97  160 0.52
 153  194 0.01
  60   69 0.20
 154  223 0.62
  50  125 0.70
  80  166 0.13
 119  129 0.49
 161  165 0.47
  21   72 0.41
 157  205 0.49
  59   66 0.16
 109  163 0.47
  23  101 0.41
  43   66 0.63
  42   85 0.58
 120  173 0.58
  94  138 0.04
  73   97 0.74
  39  113 0.62
  15   99 0.32
  55  101 0.59
 124  128 0.89
 118  159 0.37
  32  110 0.75
 114  195 0.44
  74  108 0.62
  11   39 0.33

 120  159 0.57
 172  209 0.15
   3   77 0.81
  50   58 0.38
 170  256 0.69
  47  103 0.01
  70   75 0.50
 120  122 0.53
 132  142 0.38
  68  122 0.91
  12   60 0.89
   9   53 0.54
  83  139 0.34
  35   91 0.51
  61  139 0.23
  44   57 0.68
 120  171 0.84
  54  116 0.73
 160  243 0.24
 164  168 0.31
  32   48 0.41
 101  183 0.23
 106  161 0.55
   4   38 0.97
 119  188 0.79
  90  139 0.85
  16   61 0.38
 169  175 0.40
 173  259 0.92
  80  143 0.51
 117  174 0.87
  29   91 0.63
  26   90 0.52
 136  156 0.56
 155  207 0.14
 137  177 0.80
  75  141 0.96
  38   97 0.21
 155  218 0.01
  75   78 0.97
  96  139 0.59
  64   87 0.49
  29   56 0.36
   9   41 0.42
 147  218 0.62
 117  192 0.50
 135  174 0.53
  78   98 0.30
  63   83 0.36
 151  155 0.80
  85   98 0.76
 105  122 0.03
 113  147 0.86
  12   98 0.52
  95  136 0.38
  39   60 0.88
  43   54 0.08
 131  158 0.12
  51   97 0.11
 106  124 0.18
 108  180 0.36
  97  154 0.14
 135  176 0.84
 100  181 0.47
  92  162 0.43
 133  193 0.35
  42   84 0.51
  57  108 0.33
 162  239 0.77
  26   55 0.85
  30   39 0.42
  13   20 0.13
  39   73 0.05
  54  107 0.39
 132  135 0.69
  56   80 0.07
  88  125 0.34
  56  134 0.08
  20   95 0.99
  66  151 0.37
  57  103 0.76
 154  221 0.29
 163  193 0.90
  91  109 0.52
 110  177 0.10
  92  165 0.71
  41  101 0.67
  35   90 0.90
  62   83 0.62
  93  110 0.88
  69   70 0.85
   1   56 0.37
 106  192 0.17
  17   81 0.29
  33   68 0.21
  37   92 0.99
  44   81 0.45
 101  176 0.85
  44   80 0.42
  19   36 0.31

  35   40 0.81
 101  116 0.48
 115  140 0.04
  17   47 0.51
 172  220 0.45
 162  213 0.26
  89   95 0.59
   9   72 0.91
  54  117 0.58
 163  196 0.49
  67  123 0.01
  80  136 0.16
 173  176 0.63
 147  218 0.85
 150  162 0.68
  56  101 0.97
 137  138 0.04
  78  118 0.11
 123  179 0.97
   0    9 0.47
 101  107 0.33
  50  136 0.24
 114  174 0.96
 112  135 0.75
 106  192 0.47
 174  203 0.11
  79  102 0.42
  38   71 0.24
  38   70 0.95
 136  159 0.05
 130  197 0.03
 161  207 0.77
  98  148 0.83
  46  123 0.48
 135  187 0.33
  23   79 0.16
 133  203 0.34
 102  122 0.70
  89  171 0.05
  43  116 0.69
  35   55 0.82
 141  216 0.42
  61  135 0.11
  97  109 0.85
 129  195 0.13
  59  136 0.15
  53  115 0.04
  31  110 0.98
 104  168 0.24
 106  188 0.49
  49   98 0.62
  23   57 0.95
  78  156 0.38
  94  148 0.97
  40   59 0.08
  55  118 0.79
 107  174 0.00
  76  105 0.85
  18   73 0.03
  31   91 0.87
  97  110 0.16
 136  204 0.59
 166  173 0.76
  61  107 0.87
 164  169 0.28
  40   68 0.05
  42   60 0.83
  94  156 0.77
  33   87 0.44
   1   56 0.98
  47  107 0.36
  86  112 0.92
  85  104 0.87
   0   46 0.07
  17  102 0.88
 168  218 0.19
 165  197 0.22
  64   78 0.16
  36   67 0.23
 151  216 0.19
  76  132 0.98
   5   77 0.48
 103  124 0.04
  50   97 0.62
  41  108 0.76
 172  208 0.19
 169  201 0.80
 111  155 0.37
  82  163 0.66
 148  182 0.99
  86  143 0.39
  64  120 0.06
 149  230 0.52
  65  137 0.13
  49   93 0.00
  11   69 0.45
 151  175 0.58
  44  103 0.20
  11   52 0.87
  63   83 0.20

