4 15 8
12   16   4   4   4   4  10   4  16   4   2  20  10

   0    5 0.50
   4   14 0.16
   7   17 0.41
   6   15 0.12
   7   10 0.98
   8   13 0.55
   8   10 0.79
   3   12 0.77
   3    3 0.05
   8   15 0.81
   1    7 0.38
   3   10 0.34
   4    6 0.23
   5   12 0.03
   3    8 0.85

   8    9 0.24
   7   15 0.81
   1    9 0.06
   0    9 0.04
   3    8 0.11
   2   12 0.04
   4    7 0.41
   3    8 0.46
   3    7 0.99
   3   12 0.36
   9   17 0.78
   9   15 0.83
   5   15 0.02
   7   15 0.11
   2    5 0.69

   7   10 0.06
   7    8 0.41
   6    8 0.84
   8   10 0.81
   8   18 0.22
   6   11 0.15
   8   14 0.24
   2   10 0.71
   4    7 0.35
   1    2 0.37
   8    8 0.52
   4    6 0.52
   8   13 0.31
   4    7 0.83
   3    6 0.71

   6    7 0.47
   5   13 0.54
   0    7 0.61
   1    3 0.37
   5   12 0.50
   9   12 0.24
   4    9 0.54
   0    3 0.80
   3    3 0.99
   9   12 0.10
   9   13 0.98
   4   14 0.23
   7    7 0.43
   5    6 0.95
   4    9 0.66

   4    9 0.17
   7   11 0.67
   8   14 0.66
   0    9 0.41
   1    9 0.96
   1    2 0.63
   7   16 0.87
   6   13 0.20
   6   12 0.53
  10   19 0.90
  10   15 0.10
   0    2 0.73
  10   13 0.45
   7    9 0.53
   0    4 0.92

   3    4 0.76
   1   11 0.65
   2    9 0.52
   1    6 0.89
   1    9 0.58
   4   13 0.47
   0    1 0.15
  10   14 0.81
   0    5 0.99
   4    8 0.29
  10   17 0.22
   1    3 0.14
   8   12 0.46
   2    5 0.17
   8   13 0.15

  10   16 0.61
   6   12 0.02
   4   14 0.14
   4   13 0.25
   7   17 0.61
   3    7 0.52
   7   11 0.61
   9   14 0.53
   9   16 0.97
   9   14 0.19
   7   16 0.63
   8   13 0.21
   7   14 0.56
   2    5 0.95
   0   10 0.38

   9   10 0.29
   4   11 0.59
   7    8 0.73
   7   15 0.10
   5   13 0.83
   9   13 0.09
   8   18 0.26
   9   16 0.13
   3    9 0.08
  10   15 0.98
   6    9 0.78
   0    7 0.94
  10   16 0.08
   6    6 0.17
   5    9 0.63

  10   15 0.51
   0    6 0.37
   7    8 0.35
   6    8 0.59
   2    5 0.92
   0    7 0.22
   9   16 0.29
   8   15 0.82
   5   13 0.75
   8   10 0.71
   5   14 0.76
   1    4 0.84
   6   15 0.33
   4   13 0.88
   5   13 0.07

   3    4 0.02
   7   10 0.03
   2    8 0.56
   9   12 0.64
   7   10 0.74
   0    9 0.17
  10   10 0.23
  10   20 0.44
   1    5 0.33
   9   18 0.61
  10   14 0.66
   9   11 0.64
  10   11 0.95
   4    9 0.87
   4   11 0.69

   2   12 0.57
   2    4 0.30
   6   12 0.36
   0   10 0.86
   3    7 0.95
   1    8 0.55
   3   13 0.46
   2   10 0.44
   1    6 0.55
   9   11 0.28
   7   16 0.55
   1    6 0.43
   9   13 0.71
   2    2 0.55
   0    8 0.44

   2    7 0.26
   5   12 0.69
   9   15 0.50
  10   18 0.98
   8   12 0.09
   4   12 0.69
   5    9 0.20
   2    4 0.30
   9   13 0.69
   0    6 0.68
   5    7 0.02
  10   19 0.98
   5    9 0.60
   7   15 0.91
   9   13 0.62

