5 25 8
12    2  10  16   2  16  16  10  10   2  20  16  16

  28   49 0.37
  29   64 0.36
  49   77 0.24
  11   11 0.44
  30   60 0.10
  17   31 0.55
  46   55 0.84
  36   60 0.46
  40   49 0.21
  17   40 0.81
  60   76 0.64
  43   54 0.04
  14   48 0.10
  32   47 0.94
  21   60 0.00
   6   28 0.08
  29   63 0.10
  13   43 0.65
  33   41 0.85
  21   38 0.92
  62   73 0.25
  27   60 0.44
  13   49 0.81
  54   61 0.66
  30   30 0.80

  17   39 0.94
  59   78 0.73
  24   51 0.77
   7    7 0.06
  18   20 0.68
  60  101 0.61
   6   44 0.91
  62   68 0.32
  34   44 0.33
  58   73 0.29
  51   54 0.56
  25   48 0.06
  30   33 0.75
   0    6 0.86
  36   48 0.19
  11   41 0.61
  55   69 0.45
  52   87 0.31
  46   68 0.39
  45   54 0.94
   0   10 0.75
  14   17 0.93
  25   37 0.24
  20   34 0.21
  43   82 0.35

  45   64 0.83
   5   28 0.78
   4   13 0.14
  42   47 0.66
  11   40 0.22
  48   87 0.97
  10   31 0.15
  31   33 0.34
  32   32 0.69
  11   40 0.41
  54   87 0.94
  33   36 0.73
  50   88 0.85
  56   60 0.68
  59   61 0.84
   8   35 0.74
  14   49 0.27
  57   69 0.47
  57   75 0.03
   0   22 0.71
  55   93 0.73
   7   15 0.45
  39   60 0.60
  58   87 0.08
  62   74 0.97

  44   44 0.54
  45   53 0.09
  51   74 0.78
  19   42 0.12
  47   72 0.67
  26   63 0.09
  54   63 0.26
  60   76 0.51
  56   67 0.54
  13   25 0.24
   2   35 0.58
  52   93 0.36
  33   60 0.29
  33   67 0.05
  16   29 0.45
   5   19 0.31
  35   73 0.18
   3   35 0.37
  40   68 0.96
  19   30 0.61
  42   60 0.24
  56   57 0.74
  45   81 0.80
  33   70 0.10
  22   46 0.51

  48   57 0.36
  60   87 0.39
  10   46 0.83
  26   64 0.01
  46   84 0.59
  13   28 0.89
  24   44 0.14
  52   58 0.34
  17   56 0.01
  11   29 0.70
   0   35 0.81
  28   48 0.98
  35   36 0.14
  49   51 0.41
  30   59 0.43
  26   48 0.28
  14   51 0.62
  15   53 0.11
  10   29 0.05
  55   90 0.81
  35   50 0.98
  21   28 0.18
  14   40 0.28
  14   40 0.46
  53   82 0.34

  26   43 0.12
  58   85 0.04
  62   84 0.15
  48   60 0.33
  25   32 0.03
  51   54 0.97
  51   55 0.81
  20   23 0.45
  30   66 0.90
  59   83 0.73
   7   34 0.53
  25   43 0.13
  60   89 0.48
   3   16 0.62
  16   49 0.69
  24   46 0.60
  43   56 0.72
   5   33 0.03
  53   75 0.35
  32   55 0.61
   3   22 0.17
  18   34 0.44
  48   82 0.48
  32   54 0.00
  14   22 0.91

  27   49 0.89
   5   31 0.03
   7   28 0.63
  35   47 0.74
  33   70 0.20
  57   61 0.03
  32   35 0.25
   9   33 0.49
  30   57 0.73
  51   92 0.89
  42   82 0.45
   4   45 0.94
  21   47 0.38
  42   78 0.53
  51   69 0.07
   7   36 0.85
  30   65 0.74
  59   63 0.59
  40   81 0.34
  46   49 0.38
  40   48 0.52
  11   39 0.93
  38   73 0.42
   6   44 0.87
   8   29 0.92

  28   54 0.20
  38   70 0.97
  23   49 0.17
  56   78 0.34
  10   14 0.35
  40   45 0.19
   9   31 0.82
   6   37 0.58
  37   37 0.95
  35   45 0.55
  46   50 0.68
  14   25 0.99
  39   71 0.75
  31   41 0.18
   9   30 0.84
  54   57 0.03
  18   22 0.50
  57   98 0.51
   5   24 0.70
  41   45 0.75
  58   92 0.60
  54   60 0.00
  43   58 0.99
  35   61 0.64
  62  102 0.65

   6   19 0.87
  59   67 0.47
  15   41 0.21
  36   56 0.77
  39   67 0.06
  42   67 0.64
  31   59 0.74
  61   97 0.87
  23   23 0.18
  48   88 0.10
  57   96 0.85
   4   35 0.51
  11   14 0.66
  12   14 0.21
  44   48 0.63
  55   73 0.83
  25   59 0.14
  13   31 0.53
  15   41 0.49
  46   54 0.56
  52   75 0.58
  16   26 0.09
  37   42 0.43
  61   93 0.26
   6   47 0.41

  10   29 0.46
  40   64 0.81
  34   55 0.00
  29   52 0.43
  16   36 0.89
  48   61 0.97
  21   45 0.13
  20   47 0.91
  36   59 0.94
  29   62 0.69
   0   34 0.68
  28   69 0.48
  27   55 0.02
  37   75 0.18
  42   47 0.26
  32   51 0.44
  31   66 0.96
  26   47 0.68
  11   27 0.98
  26   62 0.57
   6   23 0.56
  26   67 0.31
   1    7 0.52
  30   34 0.00
  38   48 0.81

  24   63 0.17
  45   78 0.45
  27   39 0.24
  14   43 0.31
   1    3 0.85
  32   46 0.37
  11   37 0.61
   4    8 0.03
  24   57 0.88
   2   33 0.47
  47   55 0.53
  50   78 0.98
  29   34 0.06
  50   79 0.62
  19   40 0.46
  60   80 0.64
  37   55 0.24
   5   15 0.88
  18   28 0.00
  12   23 0.18
   5    9 0.08
  53   60 0.52
   4   10 0.80
  54   56 0.34
  36   65 0.44

  25   27 0.54
  20   52 0.81
  52   87 0.50
  14   31 0.99
   5   22 0.42
  52   90 0.62
  45   84 0.71
   9   21 0.44
  33   43 0.50
  46   51 0.69
  26   28 0.39
  60   79 0.69
  58   81 0.60
   9   35 0.75
  49   63 0.21
  11   20 0.56
  60   63 0.47
  61   67 0.20
  12   17 0.47
  48   83 0.03
  51   65 0.00
   7   48 0.12
  20   20 0.08
  51   83 0.74
  58   99 0.64

