3 50 4
6    4  20   4   4  10   2

 135  146 0.51
 135  263 0.75
  40   64 0.47
  83   90 0.37
  79  133 0.33
 120  175 0.75
 116  245 0.42
 102  213 0.06
  66   75 0.52
 123  161 0.89
  63  185 0.80
 101  189 0.62
  34  162 0.72
  61  183 0.09
  95  128 0.53
 123  251 0.29
  60  138 0.44
  48  111 0.64
  81  165 0.87
  20   90 0.24
  75   79 0.79
  95  198 0.09
  15  137 0.82
 104  151 0.61
  96  220 0.75
 102  184 0.95
  74  169 0.91
 101  191 0.59
  63  155 0.34
  67  125 0.95
  27  114 0.72
  13   80 0.32
  78  124 0.69
  66  160 0.10
 117  117 0.24
 125  200 0.36
  48   93 0.78
  53   81 0.09
   8  124 0.06
  20   92 0.42
  95  122 0.50
   2   76 0.24
  84  119 0.59
  63  117 0.37
  39   94 0.11
   0   47 0.68
  80  183 0.27
 111  240 0.27
 132  220 0.10
 126  152 0.01

  58  136 0.20
  80  141 0.97
  80  203 0.59
   5   16 0.43
  51  159 0.50
  49  159 0.16
  93  151 0.00
  22  122 0.67
  36  160 0.38
  25   38 0.71
  94  201 0.24
  95  126 0.00
  52  108 0.74
  29   77 0.29
  45  121 0.89
 127  198 0.95
  43   48 0.07
 132  148 0.60
  59  144 0.44
  45  147 0.04
  88  112 0.88
  76  137 0.19
  71  143 0.76
 132  255 0.47
 135  253 0.83
 100  226 0.44
  92  130 0.05
  31  125 0.18
 123  256 0.46
  49   76 0.01
 117  141 0.74
  81  181 0.11
  80  180 0.88
  73  170 0.92
  49  162 0.53
  24  149 0.33
  42   90 0.16
 119  176 0.80
  13  144 0.53
  74  140 0.07
 109  123 0.97
 126  133 0.26
 125  151 0.00
   0  126 0.25
  66  165 0.27
  75  153 0.77
   5   43 0.47
  68  166 0.13
  99  224 0.42
  64  190 0.90

  18   87 0.67
  67  140 0.40
  38  109 0.77
  94  131 0.79
 100  160 0.13
  99  182 0.29
  49   58 0.88
  97  174 0.02
  50  102 0.41
 136  198 0.83
  39  135 0.93
  24  149 0.88
  83  115 0.11
  46  106 0.00
  41   96 0.95
 113  138 0.79
 113  132 0.42
  47  137 0.57
  74  182 0.73
 132  170 0.32
   2  114 0.41
  97  142 0.58
 119  135 0.18
  41  101 0.21
  89  144 0.15
  19   42 0.40
  19   25 0.73
  13   31 0.38
 113  153 0.57
   8  131 0.90
  70  203 0.27
  52  169 0.57
  32  127 0.10
  39   73 0.25
  51  123 0.67
 125  166 0.40
 100  129 0.30
 106  108 0.88
  58   75 0.66
 136  225 0.87
  81  132 0.04
 121  234 0.15
 113  170 0.63
 113  233 0.34
   0   20 0.78
  62  176 0.46
  79   99 0.69
  74  128 0.20
  38  139 0.45
  80  181 0.85

  71  183 0.87
  71  191 0.20
 125  156 0.89
 133  181 0.77
 136  225 0.72
  11   84 0.43
  74  165 0.88
  38   90 0.46
 136  144 0.91
  48  133 0.06
  28   40 0.22
  95  222 0.60
  35  147 0.52
 124  155 0.14
 133  157 0.05
  29   84 0.26
  80  212 0.95
   8   88 0.50
  89  224 0.43
  37   53 0.82
  40  144 0.01
  95  210 0.59
  34  147 0.81
  15   25 0.57
  95  134 0.22
  72  158 0.22
  64  165 0.82
 100  213 0.10
  61  172 0.30
  38  126 0.58
  30  129 0.07
 118  209 0.82
  91   92 0.95
  21   83 0.96
  31   70 0.72
  45  102 0.97
   6   63 0.22
  38   69 0.92
  27   64 0.72
  69  115 0.35
 113  192 0.01
  35   86 0.49
  33   38 0.88
  61  195 0.08
  48  119 0.32
  55   66 0.64
  96  180 0.86
  93  202 0.09
  14   42 0.70
  12  115 0.31

 112  248 0.15
  55  142 0.84
   0  130 0.70
   1  109 0.31
  65  200 0.57
  23   64 0.54
  68  112 0.45
  21   63 0.01
  47   86 0.48
  24   93 0.96
  58  126 0.87
   9   54 0.57
  46   87 0.43
  80  187 0.11
 128  210 0.82
  70  185 0.85
 135  179 0.11
 112  158 0.28
  69  137 0.22
  58  162 0.60
  64  146 0.50
  48  112 0.31
  33   97 0.30
  60  100 0.33
  27  156 0.20
  78   80 0.25
  46   79 0.39
   3   13 0.31
  53   73 0.78
 101  194 0.96
  39   91 0.11
  19  107 0.73
 128  147 0.63
  94  163 0.46
  87  168 0.67
 136  157 0.07
  52  181 0.16
  61  171 0.74
  26   33 0.48
 120  177 0.57
 110  189 0.47
  17   91 0.19
   7   63 0.06
  87  188 0.02
  32   80 0.31
   8  119 0.26
 123  195 0.99
  97  182 0.78
 103  132 0.46
 107  233 0.58

 130  212 0.47
 128  201 0.60
  73  193 0.07
  59  124 0.49
  76   87 0.16
  84  180 0.32
  70  200 0.65
 114  222 0.53
 131  159 0.32
  61   65 0.95
 132  132 0.48
  46   77 0.76
  39   42 0.41
 129  158 0.71
  10  118 0.46
  93  204 0.96
  77   80 0.85
 107  233 0.01
 115  234 0.05
 109  242 0.49
  98  215 0.51
  71  128 0.17
 126  191 0.68
 129  206 0.09
  89  202 0.80
 108  164 0.64
  46   51 0.51
 119  233 0.13
  43   71 0.73
 108  214 0.36
  39   47 0.96
  84  132 0.25
 112  232 0.33
 115  195 0.51
  72  132 0.22
  88  211 0.34
  45  157 0.34
  46  160 0.21
  25  134 0.83
   5   92 0.70
  11  139 0.69
  54   96 0.85
  43   80 0.85
   7  117 0.29
 111  247 0.94
  56  169 0.54
  69  178 0.45
  33  142 0.73
   3   96 0.69
 103  223 0.91

