5 25 4
12    4  16  16  16  10  16  16  16  16   2  16  10

  12   20 0.30
  22  121 0.73
  26   75 0.91
   9   85 0.70
  23   73 0.62
  45  105 0.09
  15  110 0.56
  28  170 0.84
  44   46 0.23
  16   20 0.72
  24  132 0.79
  10   21 0.26
  22   71 0.85
  22  112 0.52
  43  143 0.89
   9  105 0.16
  30  165 0.53
  41  103 0.25
   1   60 0.52
  37   68 0.14
   5   23 0.62
   5   96 0.14
   2   78 0.09
  38   49 0.89
   0   17 0.16

   4   40 0.36
  14   47 0.61
  32  150 0.24
  20  107 0.71
  41  171 0.29
  15   34 0.60
   0  143 0.53
  19   49 0.45
  27  136 0.84
  14  145 0.05
   5  140 0.96
   6  127 0.26
   3   12 0.68
   4   77 0.11
  28  143 0.84
  28  105 0.67
   9   45 0.06
  19  159 0.35
  32  119 0.99
  17   83 0.33
  11  152 0.87
  35   85 0.19
   1   49 0.11
   2  104 0.08
  14  149 0.94

  33  139 0.31
   3  118 0.39
  33  163 0.08
  26  137 0.18
  37   61 0.23
   9  110 0.34
   4  101 0.79
  32  170 0.58
   4  100 0.57
   3   30 0.55
  20  113 0.92
  14  129 0.77
   6   92 0.31
  38  154 0.85
  34   94 0.34
  38  170 0.64
   8   77 0.03
  26  109 0.57
  28  166 0.31
  27   30 0.46
  37   82 0.05
   9   42 0.88
  34  169 0.51
  13   28 0.51
  17  114 0.29

   5  136 0.49
   2  117 0.80
  39  162 0.08
  22   55 0.47
  26   66 0.57
  11   84 0.21
   6  144 0.19
  19  152 0.67
  22  108 0.57
   0  138 0.43
  27  151 0.49
   2   28 0.97
   6   60 0.45
  42   84 0.74
  20   60 0.44
  25  138 0.56
  18  127 0.74
   4    4 0.99
  39   66 0.86
  19   89 0.57
  26  118 0.31
   2   75 0.32
  32   64 0.25
   0   45 0.02
  34   77 0.79

  18  111 0.69
  44  109 0.32
  11  110 0.08
  27  156 0.30
  22  108 0.38
  23   36 0.23
  26   30 0.71
   3   43 0.51
  32  142 0.02
  34  156 0.79
  44   84 0.20
  47   62 0.06
  15   38 0.19
  40  181 0.65
  14   96 0.40
  39  151 0.34
  41   89 0.65
   2   10 0.20
  15   42 0.38
  35   55 0.00
  42  144 0.71
  24   93 0.75
   5  144 0.49
   4   55 0.45
  13   68 0.20

  27   43 0.60
  15   89 0.76
  21   69 0.08
   9   40 0.99
   0  121 0.42
  13   35 0.15
  19   40 0.68
  30   42 0.07
  47  137 0.94
  45  129 0.30
   9  132 0.05
   0    4 0.45
  12   50 0.33
   8   99 0.35
   0   93 0.89
   3   76 0.77
  21  137 0.43
  44  187 0.35
  23  133 0.02
   7   49 0.54
  12   38 0.55
  43  118 0.25
  47  183 0.09
  22   51 0.40
   6  131 0.58

  36   86 0.96
  25   48 0.37
  29   40 0.01
  37   45 0.34
   1  104 0.58
   3   88 0.36
   7  115 0.84
   2  110 0.52
   2   28 0.37
  31  135 0.21
  32  132 0.76
  31  102 0.60
   8   29 0.48
   6   63 0.31
  25   38 0.77
  11  115 0.51
   4   27 0.97
  45   99 0.25
   8   15 0.06
   6   56 0.97
  16   65 0.22
  38   65 0.51
  19   64 0.87
  23   86 0.93
  15   77 0.64

  25  149 0.13
  44   68 0.62
  27  163 0.82
  34   41 0.28
   3   90 0.62
  46   55 0.71
  32  130 0.08
  26   81 0.69
  16   88 0.82
  25  155 0.41
  34   93 0.62
  21  161 0.29
  37  146 0.59
  43   80 0.58
   5   58 0.62
  19  146 0.36
  16   27 0.01
   0   17 0.62
  19   22 0.86
  40   76 0.69
   3   35 0.84
  44  118 0.19
  24  154 0.04
  23  140 0.75
  29   88 0.98

   6   61 0.79
  44  150 0.92
  45   88 0.95
  11   52 0.06
  23  104 0.15
  32  165 0.73
  44  154 0.59
  46  112 0.63
   4   30 0.36
  28   43 0.06
  26  169 0.15
  30  146 0.45
  41  100 0.99
  23  134 0.26
   9   76 0.30
  47  158 0.21
   7  105 0.57
   7  108 0.42
  24   74 0.07
   3  131 0.66
  31  122 0.10
  11   80 0.73
  10   42 0.80
  32   50 0.31
  15   77 0.05

  38   89 0.61
  22   64 0.08
  33  147 0.87
  29   54 0.74
  31  111 0.36
  31   84 0.13
  18   36 0.21
   2  112 0.08
  38   74 0.98
  21  152 0.44
   7   39 0.20
  25   88 0.50
   9   21 0.06
  12   98 0.79
  14   86 0.00
   9  145 0.83
   7  109 0.82
  27   69 0.11
  39  127 0.22
  31  172 0.99
  19   47 0.87
  40  181 0.30
  16   19 0.97
  31   68 0.00
  29  123 0.16

  35  164 0.64
  36  141 0.49
  29  163 0.49
  44  110 0.86
  16   37 0.19
  38   58 0.93
   7   90 0.78
  32  128 0.56
   9  105 0.23
  26  128 0.68
  22   57 0.85
  23   81 0.80
  35  162 0.34
   4   85 0.48
  37   71 0.52
  45  182 0.90
  16   16 0.23
  36   76 0.10
  17   46 0.83
  25  151 0.32
  38  133 0.66
  33  118 0.32
  33   74 0.67
  36  155 0.30
  46  174 0.40

   5   79 0.25
  24   45 0.83
  13   14 0.16
  32   61 0.71
  25  149 0.41
  26   27 0.78
  26  120 0.60
  29   63 0.32
  18  143 0.73
  43   73 0.14
  33  103 0.80
  29   83 0.15
  27   85 0.18
  47  102 0.68
   8   91 0.80
  26  151 0.00
  36   57 0.03
  45  156 0.68
  24  128 0.84
  44  151 0.76
  11  126 0.56
   5   66 0.27
   8   90 0.45
  23   33 0.77
  25   33 0.60

