4 15 4
12   10   4  16  10  10  10   2   4   4  20  20   4

  46   70 0.42
  39   79 0.66
  76  105 0.52
   7   65 0.92
  32  107 0.30
   2   44 0.72
  48  106 0.54
  53   58 0.74
  13   30 0.77
  42   84 0.64
  58   71 0.08
  10   64 0.04
  54  116 0.53
  39   46 0.61
  55   80 0.39

   8   21 0.15
  14   88 0.29
  33   84 0.79
   2    6 0.60
  15   34 0.10
  62  135 0.98
   3   79 0.69
  63  129 0.30
  33   53 0.59
  73  147 0.98
  11   66 0.42
  78   90 0.85
  45   96 0.57
  39   82 0.47
  39   62 0.00

   9   51 0.09
  29  106 0.36
  32   85 0.58
  46   80 0.05
  75  113 0.29
  13   55 0.44
  66  131 0.00
  38  105 0.72
  44   53 0.77
   5   10 0.15
  40   69 0.64
  29   29 0.85
  38   72 0.32
  46   89 0.52
   8    9 0.69

  68  143 0.88
  68  131 0.07
  43   53 0.49
  20   78 0.69
  20   87 0.60
  66   94 0.54
  26   59 0.11
  38   57 0.94
   6   39 0.62
  29  106 0.52
  50  103 0.78
  51  124 0.36
   4   34 0.83
  38   49 0.14
  44  118 0.02

  57   97 0.32
  25   35 0.90
  41   74 0.87
  61  138 0.00
   2   44 0.43
  13   26 0.89
  60  105 0.46
  44   69 0.17
  31   72 0.27
  70  134 0.76
  11   39 0.35
  63   70 0.90
  11   15 0.10
  39   87 0.44
   1    3 0.00

  50   51 0.01
  32   93 0.91
  39   75 0.49
   5   38 0.48
  47   50 0.75
  25   64 0.01
  22   65 0.37
  52   93 0.49
  65   68 0.51
  10   29 0.97
  60  135 0.86
  15   36 0.46
  15   59 0.38
  69  108 0.85
  36  113 0.26

  50   54 0.21
  47  105 0.64
  49   83 0.58
  14   48 0.26
  39   95 0.90
  60  100 0.82
  38   67 0.18
  46   93 0.54
  55   74 0.97
  46   98 0.24
  11   14 0.05
  12   12 0.07
  18   31 0.94
  48  100 0.61
   7   69 0.63

  62  104 0.45
  49   95 0.62
  59   84 0.70
  57   63 0.92
  60  127 0.10
  58  121 0.03
  56   91 0.07
  58   70 0.76
  75   98 0.27
  27   42 0.01
  52   88 0.44
  23   31 0.05
  32  108 0.58
  61   68 0.75
  11   54 0.83

  36   55 0.33
  71   84 0.76
  69   70 0.08
  21   90 0.53
  62  116 0.87
   4   53 0.48
  73  132 0.51
  77  100 0.63
  10   50 0.90
  77  138 0.63
  22   50 0.36
  69  129 0.14
  28  103 0.01
  60  108 0.42
  58   61 0.88

  72   87 0.18
  50  100 0.24
  68  143 0.93
  69  121 0.03
  26   83 0.22
  53   60 0.55
  16   26 0.22
  26   53 0.28
  22   38 0.87
  52   60 0.91
  55  106 0.78
  60   61 0.29
  25   95 0.08
  72   97 0.54
  70   87 0.78

  69  123 0.20
  20   67 0.45
  16   53 0.61
  59  103 0.37
  56   91 0.69
  14   52 0.87
  72   72 0.50
  55  126 0.15
  75  141 0.46
  41   92 0.79
  10   63 0.87
  24   83 0.81
  28  100 0.80
  14   54 0.73
  54   73 0.84

  35   94 0.04
  20   62 0.03
  35   76 0.07
  23   69 0.49
  78  107 0.88
  19   21 0.99
  25   84 0.31
  70   76 0.92
  31   68 0.83
  36   75 0.87
  26   40 0.78
  19   58 0.72
  13   23 0.37
  23  101 0.14
   0   37 0.69

