4 30 4
6    2  16  10  10  20  16

  60   68 0.93
   1   83 0.49
  36   72 0.94
  29  119 0.49
  22  103 0.57
  52  142 0.34
  39   47 0.63
  49   90 0.95
  54  139 0.30
  49   56 0.30
  10  108 0.76
  35   57 0.09
  65  161 0.79
  35  111 0.48
  51  124 0.50
  45  130 0.33
  38   51 0.50
  44   78 0.71
  54   55 0.95
   6   21 0.34
  42   74 0.48
  65  146 0.20
   3   99 0.63
  29   77 0.55
  27  111 0.63
  45  142 0.44
  51   73 0.08
   3   68 0.87
  42   79 0.23
  36   50 0.40

  20   43 0.90
  22  121 0.87
  47   89 0.28
  60  159 0.35
  14   74 0.45
  68  143 0.39
  18   24 0.35
   6  102 0.67
  13   80 0.51
  24   61 0.02
  35   69 0.99
  11  102 0.50
  33   44 0.47
  47  142 0.81
  38   47 0.79
  68  111 0.82
   8   33 0.63
  42   88 0.83
  67  125 0.49
   8   58 0.04
  31  103 0.17
   8   19 0.30
  51  148 0.53
  35   55 0.45
   9   15 0.93
  14   22 0.12
   7   96 0.35
  51   77 0.47
  45   84 0.53
  39   74 0.47

  54   84 0.09
  12   35 0.02
  53  119 0.85
  52   70 0.66
  58   87 0.49
  14  113 0.49
  60  156 0.15
  60  108 0.78
  22   76 0.78
  20   83 0.95
  18   80 0.66
  18  100 0.52
  40  126 0.45
  22  101 0.49
  18   53 0.95
  63  147 0.32
  44   79 0.49
  46  118 0.06
  64  139 0.01
  61   70 0.33
  55  114 0.11
  15   94 0.33
   8  105 0.03
  45  132 0.06
  33  104 0.55
  40   42 0.82
  21  121 0.94
  17   85 0.60
  52   53 0.87
  15  110 0.08

   6  108 0.27
  59   79 0.29
   7   71 0.42
  10   39 0.06
  65   88 0.92
   4   76 0.50
  29   83 0.68
  51  152 0.03
  58  112 0.46
   8   55 0.76
  29   30 0.45
  29  121 0.47
  43  129 0.19
  56  130 0.40
   8   82 0.74
  47  115 0.71
  19   46 0.85
  47   64 0.68
  67  127 0.15
  63  160 0.96
  45   72 0.72
  14  116 0.68
  34   48 0.14
  50   87 0.43
  16   61 0.16
  42  144 0.45
  12   54 0.23
   8   86 0.67
  61   70 0.73
  12   33 0.75

  20  106 0.12
   2   15 0.60
  25   58 0.66
  53   64 0.61
  65   98 0.43
  34   54 0.87
  23   54 0.32
  26   83 0.50
  25  123 0.34
  10   20 0.54
  38   89 0.23
  49  141 0.19
  53  153 0.82
  26   71 0.34
  67  163 0.83
  59   59 0.56
  21  101 0.68
   3   73 0.66
  29   79 0.29
  14  110 0.06
  20   83 0.92
  22   57 0.14
  30  102 0.75
  23  117 0.60
  38   70 0.11
  18   71 0.53
   7   57 0.32
   2   15 0.72
  62   63 0.47
  29   71 0.18

   4   34 0.71
  25   71 0.61
  56  103 0.44
   4  101 0.33
   4   26 0.60
  13   44 0.87
  62   93 0.22
  26   38 0.01
  63   92 0.56
  44  131 0.07
  35   54 0.69
  58  143 0.53
  44  118 0.53
  51   97 0.37
   3   22 0.96
  56  116 0.52
  46  117 0.97
  23  118 0.50
  17   37 0.13
  27  116 0.84
  55  109 0.54
   0    7 0.45
  34   49 0.88
  57  116 0.74
  13   41 0.14
   2   68 0.80
  20   98 0.30
  16   19 0.87
  62  131 0.16
   4   51 0.91

