5 30 4
6    2   2  10  16  10  10

  40   60 0.18
  25   42 0.94
  46   93 0.18
   9   10 0.49
  36   54 0.22
   5   59 0.95
  16   32 0.87
  16   55 0.64
  42   58 0.14
  17   39 0.73
   3   55 0.95
  10   36 0.84
  36   89 0.16
  43   78 0.74
  42   65 0.65
  10   55 0.01
  18   60 0.63
  15   28 0.28
  28   64 0.11
  10   45 0.37
  14   42 0.46
  13   56 0.90
  40   41 0.93
  38   80 0.84
  22   53 0.34
   6   60 0.30
   8   41 0.54
  54  101 0.58
  50   70 0.28
  21   24 0.60

  44   45 0.02
  45   96 0.69
  54   66 0.38
  43   59 0.85
   0   22 0.97
  11   58 0.16
   9   46 0.09
  43   53 0.49
  16   69 0.71
  10   37 0.00
  54   67 0.31
   0   46 0.90
  50  101 0.45
  32   76 0.01
  10   39 0.10
  21   44 0.98
  28   50 0.35
  16   47 0.71
  54   54 0.42
  52   91 0.35
  22   42 0.18
  46   70 0.51
  23   75 0.35
   8   24 0.10
  10   52 0.44
  19   51 0.04
  44   68 0.57
  15   50 0.89
  26   42 0.90
  14   59 0.50

   6   46 0.43
  18   44 0.56
  27   47 0.90
  43   86 0.66
  46   67 0.81
  23   42 0.58
  48   84 0.42
  41   51 0.98
  51   59 0.18
   2   47 0.27
  25   41 0.60
  39   72 0.75
  26   75 0.19
  48   80 0.97
  13   44 0.42
  23   27 0.12
  35   38 0.34
  36   67 0.40
  28   69 0.52
   6   15 0.41
  41   91 0.13
  54   86 0.31
  26   71 0.03
  26   58 0.21
  33   49 0.39
  48   79 0.97
   8   13 0.21
   5   17 0.64
  21   26 0.59
  43   49 0.47

  53   76 0.19
  26   30 0.52
  10   40 0.88
  26   35 0.90
  12   17 0.26
  30   52 0.68
  25   40 0.38
  45   78 0.83
   6    6 0.73
  33   62 0.17
  10   61 0.56
  34   73 0.97
  19   19 0.26
  29   38 0.53
  31   75 0.17
  15   65 0.80
  36   51 0.44
  30   62 0.02
  39   46 0.83
  19   46 0.96
  28   52 0.19
   4   31 0.25
  49   67 0.80
  53   54 0.52
  16   26 0.63
  21   41 0.71
  20   44 0.19
  45   61 0.56
  27   28 0.06
   6   35 0.39

  35   56 0.44
  43   58 0.71
  14   29 0.47
  27   46 0.68
   5   10 0.99
  45   94 0.18
   8   47 0.08
  21   74 0.52
  29   39 0.55
  29   72 0.97
  50  100 0.90
  52   99 0.01
  47   86 0.05
  42   80 0.99
  29   43 0.97
  30   73 0.55
  52   82 0.98
  29   75 0.49
  15   27 0.09
  47   80 0.95
  23   48 0.33
   8   52 0.42
  27   69 0.39
   1   38 0.94
   0   23 0.08
  34   83 0.29
  23   40 0.28
  39   41 0.26
  24   37 0.19
  38   66 0.70

  19   66 0.41
  29   34 0.25
   5   60 0.19
   6   50 0.19
   0   15 0.24
  33   77 0.38
   8   23 0.60
  42   75 0.67
  15   47 0.98
  48   87 0.76
  52   75 0.52
  46   85 0.60
  43   79 0.98
  19   58 0.40
  25   43 0.01
  18   54 0.21
  25   59 0.93
   1   47 0.84
  42   57 0.65
  35   71 0.12
   5   59 0.43
   1   48 0.45
  26   35 0.77
   3   44 0.29
  32   79 0.61
  55   86 0.37
  53   86 0.01
  29   61 0.24
  41   91 0.43
   7    9 0.48

