4 40 8
6    2  10   4  10  10   2

   4    9 0.30
   8   41 0.49
  11   34 0.41
  15   49 0.68
   8   10 0.29
   5   31 0.57
   5   28 0.14
  11   34 0.52
   4   20 0.94
  14   14 0.17
  15   34 0.14
   3    5 0.46
  12   43 0.10
  20   28 0.31
  11   18 0.88
   6   21 0.11
  14   37 0.11
   5   14 0.97
  22   43 0.10
  11   44 0.90
   2    9 0.72
  20   35 0.59
   3   22 0.84
  12   23 0.93
  20   34 0.52
   2   36 0.44
  16   22 0.56
   1   20 0.35
   6   13 0.12
  18   42 0.34
   3   25 0.55
   6   28 0.87
  20   21 0.65
   3   22 0.06
  15   24 0.67
  15   32 0.70
   2   13 0.77
   4   11 0.63
   6   27 0.18
  17   20 0.25

  14   38 0.65
   8   20 0.26
   4    5 0.50
   3   22 0.00
  18   40 0.59
   9   35 0.02
   4   38 0.82
   1   29 0.15
  21   44 0.78
  18   47 0.83
   7   34 0.32
  11   15 0.62
  20   21 0.27
   6   23 0.85
   3   36 0.83
   9   29 0.33
  11   34 0.53
  16   36 0.30
  21   26 0.96
  12   26 0.73
  10   20 0.16
   5   23 0.80
  20   27 0.47
  16   17 0.21
   0   31 0.97
  12   39 0.88
  13   42 0.36
   7   17 0.58
  17   21 0.45
   7   12 0.14
   3   37 0.07
   2   33 0.94
  14   41 0.79
  21   29 0.43
  18   52 0.80
  19   27 0.70
  10   20 0.40
   0    5 0.84
  11   30 0.27
  17   30 0.33

  18   23 0.94
  17   28 0.60
  21   23 0.70
  18   48 0.15
   2   11 0.35
   8   12 0.07
   9   23 0.49
   8   41 0.90
  18   30 0.18
  11   19 0.48
   7   26 0.45
  21   30 0.07
   5    5 0.54
   3    7 0.24
   7   37 0.64
  17   22 0.97
   6   29 0.39
  14   21 0.29
  20   46 0.16
  21   29 0.43
  22   52 0.46
  17   34 0.06
  15   40 0.67
   7   32 0.72
   5   31 0.65
   7   26 0.24
  17   38 0.66
  22   37 0.74
   0   21 0.50
   1   27 0.52
   5   28 0.05
   1   32 0.73
   9   24 0.43
  17   46 0.14
  15   30 0.54
  18   37 0.21
   7   29 0.55
   7   24 0.90
   2   12 0.97
   7   12 0.75

   9   38 0.35
   9   42 0.57
  22   41 0.47
   0   29 0.69
  22   31 0.91
   5   32 0.23
  15   19 0.73
  16   22 0.12
  18   30 0.86
  11   45 0.39
   1   11 0.35
   5   34 0.93
  18   45 0.55
  21   29 0.67
  13   41 0.17
  20   23 0.74
  17   44 0.34
   0   10 0.04
  16   22 0.30
   3   22 0.26
  14   27 0.20
   5   39 0.44
   0    8 0.04
   0   29 0.84
  12   15 0.30
   9   42 0.82
  20   44 0.10
   3   20 0.77
   6   16 0.79
  15   26 0.22
   1    9 0.55
   3   25 0.40
   0   14 0.03
  17   18 0.35
  10   28 0.98
  19   25 0.10
  21   45 0.59
  22   30 0.97
  12   22 0.15
  12   46 0.29

  15   38 0.15
  15   32 0.39
  13   21 0.09
  13   26 0.28
   4    4 0.49
  15   37 0.48
  10   35 0.89
  21   46 0.56
  19   52 0.79
   4   27 0.64
   1   31 0.14
   3   33 0.22
   8   30 0.79
   6   31 0.58
   5    9 0.14
  13   39 0.81
  16   38 0.71
   8   27 0.72
  15   28 0.12
  10   29 0.26
   2   35 0.01
  18   32 0.55
  13   16 0.22
  19   32 0.41
  20   24 0.75
  11   31 0.64
  22   24 0.90
  21   54 0.02
   7   32 0.49
   8   28 0.90
   8   18 0.68
   4   26 0.84
  17   21 0.17
   5   33 0.64
  10   11 0.14
   4   32 0.57
  13   24 0.36
   4   37 0.34
   7   29 0.19
   7   26 0.06

  21   27 0.08
   0   18 0.60
  14   42 0.56
   5   21 0.09
  21   46 0.58
  15   48 0.55
  14   45 0.72
  20   30 0.16
   0   32 0.01
  22   42 0.76
  14   47 0.34
  17   25 0.04
   2   31 0.42
  22   24 0.36
  17   21 0.40
   4   24 0.03
  11   38 0.82
   0   23 0.08
   0   17 0.35
   8   35 0.41
   0   27 0.94
  13   35 0.09
   7    9 0.89
  22   37 0.45
   9   18 0.01
   9   12 0.28
  19   31 0.82
  14   27 0.39
  11   22 0.87
   8   18 0.01
   8   24 0.51
  12   26 0.49
   8   19 0.80
  13   18 0.28
   0   18 0.78
  15   26 0.91
  21   41 0.47
  12   17 0.55
  16   25 0.54
  21   44 0.14

