4 80 8
3   20   2  10

   6   18 0.56
  15   24 0.90
  12   22 0.04
  13   50 0.69
  34   71 0.40
   7   29 0.71
  17   26 0.43
  30   52 0.68
   8   28 0.21
  12   50 0.00
  34   60 0.97
  14   44 0.65
  17   27 0.20
   1   22 0.97
  36   64 0.14
  11   26 0.60
  34   60 0.92
  23   48 0.48
   2    9 0.43
  31   45 0.30
  38   69 0.66
  15   32 0.30
  16   29 0.12
   0   22 0.98
  23   59 0.80
  30   35 0.76
  17   28 0.12
  16   17 0.03
   8   44 0.56
  17   40 0.93
   5   14 0.15
  39   55 0.30
  13   41 0.22
   9   33 0.34
  14   37 0.38
  31   35 0.35
  30   60 0.81
   9   13 0.92
  29   62 0.57
  25   30 0.67
  25   40 0.31
  22   24 0.69
  23   27 0.97
   7   33 0.05
   7   35 0.41
  23   29 0.50
  21   47 0.80
  18   20 0.78
   2   35 0.33
  22   39 0.67
   4   14 0.42
  21   47 0.54
  12   22 0.29
  21   39 0.12
  25   37 0.22
  10   32 0.48
   3   40 0.75
  20   50 0.99
   9   29 0.37
  12   25 0.16
   3   19 0.62
  18   47 0.51
  31   60 0.56
  20   27 0.06
   3   26 0.24
  19   41 0.87
   6   14 0.80
   0   10 0.50
  28   29 0.44
  18   24 0.14
  25   46 0.50
  17   30 0.71
  23   52 0.63
   7   19 0.81
   0    2 0.37
  28   32 0.28
   6   37 0.97
  26   58 0.62
   6   32 0.15
  20   33 0.38

  28   67 0.14
   8   44 0.44
   0    0 0.50
  14   30 0.94
   8   27 0.86
  14   32 0.43
  39   50 0.64
  13   50 0.50
  16   20 0.96
  29   37 0.86
  33   53 0.64
   7   33 0.39
  18   50 0.27
  13   45 0.82
   4   35 0.88
   8   20 0.76
  32   38 0.09
  13   49 0.82
  12   51 0.99
   6   21 0.22
  20   27 0.81
   1   19 0.24
  39   44 0.98
  37   53 0.70
  17   52 0.07
  13   17 0.57
   6   40 0.55
  28   31 0.70
  12   30 0.26
  10   12 0.67
   6   41 0.73
   8   24 0.48
   9   46 0.45
  23   58 0.98
  14   28 0.87
  15   17 0.24
  26   62 0.93
   2   11 0.10
  11   21 0.41
  32   66 0.04
  37   38 0.50
   7   34 0.01
  34   61 0.71
  18   35 0.57
  29   65 0.08
  25   26 0.76
   5   20 0.69
   2   14 0.04
  20   45 0.85
  39   57 0.98
   9   12 0.63
  33   45 0.22
  30   54 0.89
  24   25 0.10
   6   15 0.98
  14   36 0.37
   0   35 0.48
  34   35 0.72
  32   62 0.23
  16   39 0.31
   2    8 0.66
  16   46 0.36
   5   12 0.19
  38   42 0.96
  34   52 0.96
   2   40 0.74
  15   44 0.35
  19   27 0.10
  26   52 0.82
  26   32 0.38
  12   38 0.06
  36   42 0.18
   4   39 0.29
  12   45 0.94
   3   21 0.27
   5   14 0.14
  20   49 0.02
  14   36 0.52
   1   38 0.11
   3    4 0.66

  30   53 0.48
  32   56 0.39
  28   39 0.07
   3    3 0.84
  17   20 0.34
  22   25 0.00
  30   64 0.94
  11   40 0.52
  20   33 0.27
   4   17 0.86
  30   67 0.14
  31   56 0.02
  23   33 0.35
  10   20 0.06
  11   40 0.44
   0   16 0.09
  20   27 0.57
   1    5 0.67
  26   47 0.49
   0   25 0.48
  31   62 0.90
   4   15 0.21
  26   51 0.94
   1    1 0.48
   3    5 0.21
  11   27 0.39
  29   44 0.71
  31   41 0.18
  31   42 0.76
  28   59 0.35
   8   17 0.40
  11   37 0.49
  15   24 0.86
   2   24 0.25
   5    6 0.32
   1   13 0.30
  39   71 0.57
   3    3 0.91
  32   54 0.77
  21   28 0.10
  37   61 0.75
   5   43 0.48
  17   24 0.00
   2   10 0.04
  13   20 0.56
  33   33 0.23
  33   39 0.78
  35   39 0.32
  34   53 0.82
  28   51 0.89
   8   14 0.07
  14   35 0.64
  10   13 0.31
  18   32 0.25
  37   61 0.22
  30   54 0.57
   3   34 0.02
  11   36 0.91
  30   49 0.05
  16   21 0.05
  21   26 0.05
  34   40 0.20
  18   29 0.97
  33   33 0.82
  23   45 0.11
  12   39 0.33
   5   17 0.69
  30   68 0.17
   6   30 0.75
   7   38 0.82
  27   49 0.56
  11   15 0.48
  18   23 0.11
  36   49 0.25
   8   35 0.48
   0    4 0.21
  26   30 0.56
  30   44 0.98
  14   38 0.37
  26   26 0.85

