3 30 8
6    2  20   2   2   4   2

  28   41 0.15
  29   45 0.27
  26   44 0.15
   7   21 0.86
  19   46 0.87
  26   44 0.40
  22   42 0.82
   2   11 0.81
  12   33 0.65
  28   31 0.45
   7   31 0.17
   8   37 0.82
  17   28 0.64
  18   23 0.03
   0    8 0.08
  22   30 0.98
  10   20 0.94
   5   20 0.76
  16   17 0.24
  26   37 0.40
  12   23 0.72
  24   35 0.09
   6   25 0.03
  29   48 0.33
   3   23 0.64
   5   25 0.02
  29   48 0.89
  22   35 0.73
   1   16 0.40
  14   35 0.39

  24   51 0.37
  19   36 0.35
   2   14 0.22
  29   40 0.30
  10   33 0.76
  29   35 0.43
  24   29 0.81
  11   29 0.62
   0   14 0.55
   9   23 0.69
  20   34 0.99
  16   21 0.50
  25   30 0.51
   3   14 0.77
  27   37 0.03
  21   36 0.61
   2   30 0.85
  28   42 0.86
  10   34 0.46
  18   31 0.76
  11   24 0.44
  11   40 0.15
   9    9 0.60
  11   22 0.29
   1   10 0.10
  13   35 0.81
   3   25 0.53
   9   28 0.71
  17   22 0.65
  17   30 0.01

  11   11 0.81
  29   56 0.14
   0    6 0.07
   4   30 0.29
   3    8 0.39
  14   15 0.81
  18   25 0.59
  26   31 0.26
  15   22 0.86
  16   29 0.09
  19   21 0.35
   9   14 0.35
  21   42 0.00
   4   29 0.45
  11   11 0.78
  19   33 0.81
  29   57 0.00
  12   35 0.23
  18   26 0.37
  18   37 0.85
  28   50 0.94
   8   23 0.24
  29   56 0.58
   1    3 0.93
  17   46 0.69
   1   10 0.58
   7   11 0.92
  11   40 0.95
  24   46 0.08
   4   18 0.69

  27   36 0.86
   6   33 0.71
   3   20 0.56
   3    3 0.09
  20   49 0.28
  19   32 0.91
  16   28 0.37
  20   40 0.76
  19   23 0.38
  23   31 0.20
  26   37 0.23
   2   12 0.35
  24   24 0.48
  17   26 0.75
  27   35 0.76
  18   47 0.13
  22   42 0.02
  20   37 0.29
  21   46 0.52
   9   33 0.13
  21   45 0.89
  17   20 0.68
  21   49 0.55
  27   55 0.27
  15   32 0.06
  13   23 0.06
  25   28 0.73
  19   40 0.67
   4   22 0.78
  15   42 0.63

   3   32 0.67
  21   38 0.37
   0    8 0.34
  12   29 0.13
  15   28 0.97
   5   10 0.49
  15   30 0.21
   7   16 0.97
  23   35 0.44
  11   19 0.33
   4   11 0.14
  12   18 0.05
  23   51 0.89
  11   20 0.27
   8   18 0.38
   8   16 0.01
  17   37 0.55
   7   20 0.54
   9   19 0.54
   0    3 0.87
  28   44 0.89
  25   37 0.23
   5   30 0.21
   4   24 0.83
  17   27 0.38
   9   11 0.45
  15   31 0.93
   6   32 0.45
  28   57 0.90
   1   20 0.29

  14   18 0.59
  13   38 0.80
  19   19 0.20
  12   19 0.38
  27   37 0.64
  21   31 0.91
  16   26 0.41
  29   51 0.60
  27   35 0.53
  18   31 0.35
  14   21 0.48
  10   21 0.58
  20   22 0.62
   4   23 0.53
  24   34 0.51
  21   27 0.42
  15   19 0.99
   2    7 0.28
  18   24 0.25
  15   40 0.24
   0   28 0.71
  22   35 0.49
   4    7 0.88
   2   19 0.18
  23   48 0.56
   8   24 0.57
  16   33 0.06
  28   31 0.63
   8   20 0.59
   1   28 0.67

