5 15 8
12    2  20  10   2  16   2   4   2  10  10  16  16

   0    8 0.14
   6   10 0.56
   6   14 0.03
   7   11 0.31
   8   17 0.93
   1    9 0.88
   2    8 0.17
   8   16 0.37
   7    8 0.21
   8   13 0.70
   3   11 0.76
   9   17 0.73
   9   16 0.81
   7   12 0.63
   5    8 0.82

   3    8 0.09
   3    5 0.50
   1    8 0.33
   4    7 0.18
   6    6 0.11
   0    8 0.94
   8   16 0.22
   2    3 0.60
   3    7 0.41
   3    4 0.90
   1    1 0.07
   9   16 0.16
   0    2 0.95
   5   14 0.55
   8    9 0.14

   8    8 0.42
   6    7 0.89
   2    4 0.70
   5    8 0.82
   1    4 0.45
   8   17 0.40
   6    7 0.26
   6   10 0.13
   4    8 0.04
   9   18 0.11
   2   11 0.46
   7    8 0.59
   2    4 0.69
   2    4 0.85
   9    9 0.62

   2   11 0.70
   4   10 0.52
   1    6 0.86
   8   11 0.49
   7    7 0.13
   7    9 0.82
   0    7 0.54
   4   13 0.01
   1    2 0.61
   2   10 0.75
   7   10 0.41
   8    9 0.62
   3    8 0.32
   0    7 0.37
   8   12 0.60

   2    9 0.44
   0    0 0.36
   5    5 0.38
   4   10 0.91
   7   16 0.19
   3    9 0.08
   6    7 0.80
   0    8 0.44
   1   10 0.00
   7   11 0.66
   3    6 0.31
   7    7 0.71
   2    9 0.46
   7   14 0.94
   3    7 0.72

   8   11 0.90
   8    8 0.25
   7   14 0.09
   1    2 0.52
   3    5 0.83
   9    9 0.86
   3    8 0.92
   1    2 0.06
   0    1 0.27
   7    8 0.95
   5    7 0.14
   7   10 0.45
   8   16 0.62
   2    9 0.61
   6    7 0.04

   6   10 0.28
   3   11 0.09
   7   16 0.32
   3    7 0.48
   7    7 0.16
   5    8 0.24
   7   10 0.22
   8    9 0.04
   8   16 0.52
   8   16 0.25
   2   11 0.02
   3    9 0.95
   5    7 0.90
   3    6 0.71
   9   14 0.42

   2   11 0.84
   9   14 0.21
   8    8 0.86
   0    8 0.39
   0    9 0.06
   3   11 0.54
   3    4 0.42
   6    7 0.16
   0    8 0.93
   5   14 0.64
   0    7 0.23
   5   13 0.67
   3    4 0.88
   1    7 0.67
   9   11 0.12

   9   16 0.19
   4   10 0.62
   1   10 0.42
   8    8 0.95
   1   10 0.70
   6   10 0.77
   0    9 0.04
   1    1 0.60
   5    8 0.29
   8   13 0.35
   9   10 0.29
   3   10 0.48
   1    7 0.88
   0    6 0.91
   2   11 0.85

   0    7 0.32
   3   12 0.41
   0    3 0.00
   7   10 0.50
   8    8 0.83
   2    6 0.39
   6   11 0.93
   6    8 0.77
   9   10 0.69
   2    4 0.16
   9   18 0.98
   9   18 0.90
   3    8 0.72
   7   12 0.38
   7   13 0.33

   1    8 0.21
   4    6 0.51
   5    7 0.89
   1    4 0.11
   9   18 0.91
   9   12 0.13
   2    4 0.82
   5    9 0.67
   8   13 0.45
   5   13 0.63
   9   12 0.11
   5   14 0.07
   0    5 0.42
   9   13 0.13
   5    7 0.51

   6   12 0.67
   3    4 0.32
   0    9 0.27
   0    8 0.71
   9    9 0.16
   4    5 0.17
   4   10 0.63
   8   16 0.33
   8   11 0.58
   3   11 0.55
   9   11 0.18
   9   12 0.81
   4    5 0.59
   0    9 0.81
   5   10 0.11

