4 60 4
3    4   2   2

  14   25 0.87
   1   12 0.28
   5    9 0.55
   9   10 0.62
  14   17 0.66
  14   14 0.70
  14   23 0.33
   7    7 0.91
   3    6 0.14
   6   26 0.88
   8   24 0.25
   0    6 0.27
  12   23 0.38
   9   20 0.00
   8   24 0.37
  14   28 0.62
   1    2 0.42
  11   24 0.88
  14   34 0.01
   7   18 0.22
   5   21 0.74
  12   18 0.29
   6    6 0.48
   5    5 0.37
   2   23 0.26
   8   28 0.45
   8   15 0.42
   5   23 0.22
  11   20 0.51
   4   20 0.11
   6   27 0.03
   8    9 0.11
  14   26 0.41
  12   21 0.02
   3   12 0.41
  12   28 0.43
   7   14 0.93
  11   14 0.25
   0    9 0.89
   1    1 0.80
   0    2 0.01
   9   26 0.78
  12   25 0.48
   2    2 0.88
  12   32 0.38
   9   26 0.37
   9   20 0.40
  14   26 0.64
   7    8 0.62
   8   18 0.14
  11   15 0.25
  14   23 0.84
  10   21 0.59
  12   12 0.17
   0    8 0.45
   9   19 0.40
  12   29 0.02
   4    8 0.86
   0   11 0.26
  12   15 0.79

   3   19 0.84
  14   24 0.56
   2   20 0.10
   1    7 0.59
  13   29 0.41
   5    6 0.02
   2    4 0.79
   5   26 0.04
  11   20 0.42
   7   15 0.09
  13   33 0.85
   0   15 0.37
  10   26 0.17
   1    6 0.11
   1    8 0.26
   4   22 0.03
   5   25 0.42
  12   25 0.36
   3   13 0.17
   8   23 0.31
   6    6 0.01
   6   12 0.26
  13   31 0.20
   9   30 0.79
   3    6 0.13
   1    1 0.70
  10   21 0.98
   5   26 0.52
   9   28 0.96
   9   12 0.21
   2   10 0.99
  12   31 0.18
  14   18 0.37
   7   13 0.51
   5   26 0.91
  12   20 0.00
   0   12 0.36
   5   17 0.20
  11   26 0.79
  11   19 0.26
  11   22 0.16
   8   21 0.20
   3   13 0.93
   6    9 0.73
  10   27 0.54
   8   26 0.04
  10   12 0.06
  14   34 0.45
   7    7 0.34
   5    7 0.41
  14   26 0.11
   2   11 0.24
   1   14 0.03
  13   14 0.07
  11   22 0.49
   7   15 0.18
  11   12 0.42
  10   21 0.55
  10   26 0.70
   0   20 0.91

   1    1 0.10
   0    4 0.12
  13   26 0.80
   3   13 0.61
   0    3 0.14
  13   30 0.93
   8   29 0.65
   5   18 0.19
  13   25 0.99
   3   15 0.30
  10   27 0.50
  13   20 0.81
   4   15 0.93
   4   16 0.60
   1   19 0.28
   9   28 0.13
   2    5 0.60
   9   18 0.27
   5   15 0.36
  10   23 0.50
   5    5 0.38
   7    9 0.01
   2    9 0.19
   2   22 0.15
  10   31 0.00
   0   15 0.61
  12   14 0.70
  12   28 0.06
   3    3 0.93
   2    7 0.40
   3   20 0.34
  11   20 0.54
   1   20 0.74
   5   16 0.71
   7   27 0.11
   4   21 0.90
   1    5 0.59
  10   10 0.49
   8   20 0.64
   5   10 0.44
   9   30 0.93
  11   18 0.98
   3    3 0.66
  14   14 0.73
  14   14 0.88
   4    9 0.33
  12   12 0.27
   1   21 0.25
   1   19 0.75
   0   18 0.02
  12   27 0.93
   6   19 0.78
   7   19 0.50
  10   27 0.67
   7   26 0.80
   8   22 0.56
  12   27 0.84
   8   15 0.13
   2   15 0.07
  13   31 0.40

