4 50 8
6    2  16  10  10   2  10

  38   53 0.55
  26   40 0.22
  20   27 0.39
  24   40 0.95
  29   39 0.36
  35   48 0.71
  33   36 0.40
  12   22 0.85
  19   20 0.67
  17   34 0.70
  26   37 0.28
  17   30 0.11
  33   43 0.75
  10   12 0.56
  13   21 0.85
  20   30 0.34
  16   22 0.93
  33   45 0.84
   1    1 0.83
   0   13 0.10
  26   38 0.52
   3    6 0.73
  32   42 0.24
  22   32 0.63
  30   36 0.38
  10   10 0.88
  22   33 0.60
   7   17 0.39
  27   34 0.20
  25   27 0.18
  26   33 0.30
  34   40 0.57
  37   40 0.36
  25   31 0.21
  28   32 0.83
  38   38 0.51
   8   14 0.27
  18   20 0.42
  32   40 0.23
  21   24 0.57
  10   26 0.83
  30   41 0.05
  24   38 0.75
  13   15 0.34
  29   45 0.29
   6   21 0.77
  24   40 0.02
   5   12 0.11
  34   35 0.97
  24   24 0.14

  31   44 0.23
  24   29 0.01
  15   19 0.01
  26   33 0.85
   3   17 0.42
  37   47 0.95
  22   24 0.76
   1   12 0.82
   0   18 0.77
  29   42 0.92
   5   19 0.08
   4   21 0.75
   8   21 0.50
  30   46 0.94
   9   21 0.50
  18   29 0.40
  16   32 0.98
  16   19 0.79
  15   15 0.73
   4   22 0.09
  16   19 0.87
   8   13 0.07
  36   45 0.64
   6   10 0.23
  33   45 0.17
  13   13 0.95
  23   30 0.41
  22   22 0.79
   7   15 0.90
  37   53 0.57
   3   21 0.26
   4   10 0.56
  27   38 0.81
  21   26 0.32
   3   11 0.37
  37   51 0.73
  13   25 0.10
  33   50 0.18
   2   15 0.12
  21   25 0.18
  20   35 0.99
   9   13 0.95
  22   23 0.93
   7   19 0.05
  10   21 0.56
  18   20 0.52
  18   34 0.97
  38   56 0.55
  17   33 0.38
   3   11 0.24

  27   30 0.26
  29   32 0.75
  25   30 0.68
   4    4 0.93
  33   45 0.65
  11   24 0.12
  11   22 0.76
  38   51 0.71
  13   15 0.86
  26   36 0.00
  11   27 0.53
  13   14 0.81
  15   15 0.64
  11   19 0.88
   9   14 0.18
   5   14 0.84
  25   29 0.38
  38   45 0.12
   7   11 0.42
  14   27 0.64
   6   18 0.30
   0    0 0.69
  38   41 0.64
  31   38 0.77
  29   30 0.28
   0   18 0.34
  24   42 0.82
   7    9 0.95
  20   35 0.76
   3    4 0.12
  32   35 0.00
   4   14 0.01
  33   39 0.19
  29   42 0.26
   3   20 0.26
  36   49 0.86
  35   49 0.72
   8   11 0.24
  14   14 0.11
  11   26 0.05
  18   35 0.24
  35   39 0.18
  35   53 0.88
   8   20 0.05
  11   27 0.58
  16   26 0.16
   4   20 0.96
  23   35 0.72
  24   25 0.94
   6   23 0.28

   1    1 0.44
   9   15 0.86
  24   24 0.20
  18   32 0.67
  10   13 0.90
   5   12 0.33
  25   26 0.77
  10   28 0.64
  31   44 0.50
  21   36 0.43
  38   48 0.87
  17   24 0.42
  35   51 0.53
   7   24 0.26
  10   21 0.04
   2    2 0.52
  23   36 0.78
  36   44 0.51
   1   18 0.05
  25   25 0.38
  35   36 0.53
  13   21 0.45
  27   30 0.29
  34   41 0.62
   8   17 0.45
  25   42 0.76
  29   32 0.25
  35   47 0.37
  20   20 0.25
  23   30 0.81
   1    7 0.45
  14   17 0.83
  14   17 0.79
  11   21 0.52
  35   51 0.31
  29   30 0.40
  26   44 0.60
  27   43 0.27
  30   46 0.23
  28   44 0.12
  25   28 0.78
  11   11 0.33
  35   42 0.59
  23   30 0.76
  13   26 0.07
  37   53 0.56
  23   24 0.76
  15   21 0.62
   1   11 0.98
   5   22 0.31

  28   37 0.13
   2   17 0.31
  24   41 0.80
  18   24 0.75
  33   43 0.54
  31   47 0.36
  24   25 0.33
  11   17 0.23
  25   26 0.09
  24   24 0.46
  15   24 0.15
  10   19 0.34
   1    7 0.48
  25   29 0.90
  19   30 0.98
  35   53 0.52
  27   29 0.82
  13   26 0.44
  36   43 0.38
  35   38 0.96
  18   24 0.30
  24   39 0.37
   4    8 0.69
   6    9 0.24
  11   11 0.24
   6   22 0.07
  36   39 0.12
  24   34 0.78
  31   33 0.84
  36   45 0.04
  29   41 0.19
  20   27 0.94
  38   42 0.16
  22   32 0.72
  38   48 0.07
  10   12 0.84
   1   18 0.10
  20   31 0.55
  13   31 0.88
  29   47 0.00
  27   34 0.25
  15   15 0.01
  14   25 0.56
  22   27 0.23
  23   39 0.74
  17   22 0.72
  19   29 0.47
  33   50 0.32
  25   42 0.55
  24   34 0.94

  25   41 0.24
  12   13 0.79
  22   28 0.12
   8   11 0.13
  13   19 0.51
  38   51 0.93
  33   44 0.41
  20   25 0.19
  22   37 0.27
  13   14 0.88
  29   44 0.23
  31   38 0.42
   1   14 0.62
  24   41 0.61
   4   10 0.29
   2   20 0.90
   6   15 0.54
  31   32 0.59
  25   31 0.47
  33   40 0.13
  11   13 0.35
  36   46 0.42
   4   11 0.49
  12   25 0.16
   3   18 0.75
  37   39 0.76
  23   30 0.44
  31   41 0.63
  20   34 0.61
  17   24 0.19
  30   41 0.66
  28   35 0.35
  37   54 0.62
  11   13 0.84
   8   16 0.94
   4   18 0.86
  28   39 0.12
  31   43 0.70
   0   18 0.39
   4   12 0.64
   7   17 0.83
   1    7 0.83
   5   16 0.06
   0    6 0.79
  35   50 0.73
  28   36 0.38
  36   37 0.65
  10   19 0.80
  25   36 0.17
  36   36 0.29

