3 20 8
12   16  10  16  10   4  10  20   4  16  10  10   4

  26   29 0.22
  10   33 0.29
  26   37 0.72
   8    9 0.52
  13   28 0.05
  25   45 0.32
  17   18 0.47
   3   23 0.14
  15   19 0.89
  23   30 0.07
  16   23 0.12
   0   13 0.03
  14   32 0.72
   6   11 0.55
   1   12 0.84
  22   46 0.19
  20   26 0.72
   5   31 0.34
   7   23 0.85
   0   11 0.88

  19   24 0.78
  23   43 0.23
  12   36 0.01
  12   31 0.67
  12   29 0.54
   7   10 0.33
  16   40 0.95
  12   33 0.60
  22   40 0.27
  16   37 0.09
  15   23 0.88
  16   21 0.26
  11   12 0.20
   6   24 0.65
  10   26 0.14
  15   16 0.75
  18   30 0.83
   7   22 0.34
  21   28 0.71
   2   24 0.84

  21   24 0.20
  15   17 0.44
  18   35 0.48
  20   41 0.96
  25   48 0.22
  10   12 0.77
  22   23 0.58
  21   43 0.02
   9   12 0.59
   3   25 0.76
  24   41 0.93
  25   39 0.78
  21   22 0.02
   0   24 0.39
   2   16 0.96
  22   46 0.51
   9   13 0.61
   8   32 0.96
  25   48 0.25
   2   16 0.31

  20   29 0.66
   5   23 0.55
  22   28 0.65
   3    8 0.59
  13   31 0.25
   8    9 0.31
  26   38 0.10
  16   30 0.71
   0   13 0.38
  13   13 0.18
  12   38 0.36
   0    1 0.64
   5    6 0.25
  16   36 0.70
  10   26 0.61
  12   15 0.31
  17   18 0.24
   1    8 0.06
  25   40 0.92
   5   16 0.90

   5   26 0.76
   0   18 0.09
   7   20 0.64
  11   16 0.12
  18   42 0.96
  16   41 0.05
  21   25 0.69
  25   40 0.26
  25   29 0.69
  12   31 0.51
  21   22 0.95
   0   26 0.47
   9   23 0.81
  24   50 0.25
  22   22 0.70
   9   24 0.61
  19   28 0.85
   3   22 0.40
   2   10 0.78
  17   33 0.82

  19   38 0.72
  21   39 0.16
  23   46 0.71
  12   19 0.20
   0   20 0.99
  14   14 0.24
  20   38 0.87
   8   18 0.24
   4   26 0.19
  20   46 0.11
   3   29 0.54
   3   21 0.23
  13   14 0.18
  22   32 0.12
   4   13 0.94
   9   24 0.86
   0    5 0.12
   1    2 0.29
  24   29 0.40
  12   12 0.48

   6   13 0.35
  17   25 0.22
   6   12 0.38
  18   44 0.30
  15   20 0.44
  14   35 0.43
  15   32 0.47
  18   40 0.15
   3   22 0.65
  19   42 0.71
  22   43 0.92
  21   47 0.93
  22   45 0.57
  14   27 0.79
  15   21 0.15
   1   25 0.02
   8   33 0.58
   3   10 0.83
   6   21 0.85
  16   36 0.67

  15   28 0.77
  25   41 0.75
  25   28 0.56
   2   15 0.65
   0   13 0.58
   0   23 0.29
   0    8 0.74
  24   27 0.72
   9   28 0.70
  21   39 0.70
  22   32 0.68
   3   28 0.01
   6   19 0.70
   3    3 0.66
  26   29 0.14
  22   47 0.71
   9   12 0.32
   5   17 0.84
   7   26 0.80
  19   43 0.31

   0   23 0.52
  20   20 0.01
   9   13 0.25
  18   19 0.64
  21   38 0.27
   3   27 0.40
  23   46 0.54
  20   42 0.24
  21   38 0.07
  24   26 0.50
  21   39 0.85
  18   34 0.56
   9   30 0.12
  10   28 0.31
  14   30 0.58
   5   19 0.68
  14   23 0.58
   1    6 0.06
   4   25 0.58
  11   36 0.51

   4   14 0.63
   5   12 0.00
  13   24 0.63
  20   36 0.90
   5   20 0.02
   1   10 0.07
   2    4 0.47
   8   28 0.74
  14   17 0.56
   8   26 0.04
   6   21 0.65
  12   24 0.08
  24   40 0.50
   9   25 0.06
  18   37 0.08
   8   13 0.27
  20   37 0.28
  17   19 0.78
  17   28 0.14
  26   49 0.53

   3   21 0.01
   6    8 0.34
   7   16 0.69
   4    5 0.31
  19   40 0.04
  10   29 0.59
   3   17 0.28
  11   31 0.80
   5   30 0.01
   7   31 0.81
  15   28 0.56
  13   14 0.73
  23   29 0.82
  25   26 0.44
   7   23 0.07
  19   30 0.45
   0    0 0.16
  18   31 0.64
   1   14 0.85
   9   16 0.48

   4   27 0.01
  14   36 0.77
  10   20 0.13
   7   29 0.01
  21   32 0.52
   2   19 0.61
   0   15 0.39
  26   49 0.23
  10   18 0.72
   9   16 0.58
  23   33 0.72
   5   10 0.13
  13   33 0.16
  16   42 0.03
  18   23 0.86
  14   15 0.04
  15   32 0.35
   3   13 0.54
  15   17 0.81
   7   18 0.02

