5 80 4
3    4  20   4

  32   42 0.47
  83  118 0.51
  32   62 0.16
  67  116 0.52
  16   49 0.72
   9   28 0.15
  51   78 0.16
   1   54 0.89
  32   72 0.79
  68   72 0.12
  69   75 0.54
  55  102 0.77
  64   81 0.11
  26   31 0.38
  27   28 0.41
  72  120 0.15
  16   53 0.69
   7   10 0.80
   5   43 0.44
  74  114 0.22
  25   37 0.34
  30   82 0.73
   4   21 0.97
  56  111 0.57
  50   75 0.49
  82   94 0.28
  65   99 0.39
  70  121 0.36
  72  102 0.61
  67  108 0.28
   4    7 0.79
  38   79 0.43
  22   34 0.90
   5    6 0.98
  49   56 0.74
  61   69 0.80
  25   39 0.10
  40   46 0.86
  66  119 0.08
  45   57 0.08
  36   67 0.07
   8   31 0.99
  61   72 0.20
  16   40 0.06
  44   69 0.82
   3    5 0.89
   7   21 0.03
  61  116 0.57
  34   66 0.34
  78   94 0.42
  42   83 0.07
  10   54 0.87
  12   26 0.17
   0   49 0.93
  39   44 0.41
  51   66 0.14
   4    5 0.86
  73  122 0.17
  56   88 0.25
  33   51 0.37
  31   33 0.12
   6    8 0.66
   0   17 0.52
  21   33 0.18
  58   73 0.30
  33   77 0.15
  15   34 0.34
  53   67 0.15
  83  111 0.56
  20   70 0.08
  48   96 0.70
   0    3 0.57
  50  103 0.98
  37   58 0.43
  52   85 0.75
  55   99 0.37
  80   88 0.47
  43   65 0.80
  41   52 0.93
  51   95 0.62

  81   82 0.23
  22   29 0.30
  67   87 0.91
  78   79 0.30
  82  120 0.16
   8   58 0.71
  38   76 0.55
  36   80 0.25
  57   69 0.38
  65   87 0.63
  64   68 0.35
  77  102 0.42
   8   17 0.37
  25   48 0.92
  41   84 0.37
  20   62 0.20
  54  106 0.71
  71  123 0.96
  69  104 0.77
  74   74 0.84
  48   74 0.11
  76  114 0.00
  13   59 0.78
   1   52 0.88
  63   66 0.80
  57  104 0.69
  53   93 0.07
  15   27 0.00
  23   52 0.26
  10   34 0.16
  24   64 0.03
  82   82 0.39
  48   56 0.90
  72   87 0.78
  40   86 0.11
  21   68 0.64
  12   45 0.15
  12   20 0.79
  76  122 0.86
  71  100 0.97
  53   88 0.24
   0   51 0.18
  19   63 0.10
  35   58 0.17
  46   89 0.60
  66   72 0.47
  80  121 0.85
   4   30 0.66
  55   82 0.14
  75  126 0.81
  23   52 0.79
  42   66 0.49
  64   73 0.09
  18   38 0.15
  74  127 0.23
  33   68 0.96
  59   68 0.65
  30   51 0.52
  52   67 0.43
  28   43 0.56
   4    5 0.15
  28   54 0.08
  24   29 0.04
  49   99 0.39
  49   61 0.10
  52   62 0.37
  14   37 0.73
  12   66 0.61
  61   79 0.06
  14   41 0.22
  33   44 0.35
  29   39 0.48
  79  100 0.58
  72  112 0.51
  77   94 0.57
  18   31 0.84
  31   62 0.13
  23   71 0.10
  40   43 0.29
  72   76 0.11

  49   91 0.09
  74   89 0.65
  10   12 0.19
  13   18 0.24
  57   90 0.31
  14   16 0.44
  78   85 0.77
   7   19 0.87
  14   28 0.61
  58   80 0.56
  37   85 0.67
  43   96 0.61
  26   69 0.82
  77   87 0.68
   6   56 0.57
  21   55 0.96
  38   67 0.14
  27   81 0.47
  55   94 0.89
   6   53 0.85
   3   49 0.22
  80  115 0.43
  54  109 0.49
  74  125 0.40
  52   79 0.07
   4    8 0.85
  41   85 0.49
  63  105 0.29
  61   75 0.68
  46   66 0.25
  25   34 0.81
  61   85 0.61
  68  120 0.69
  38   88 0.64
  77   96 0.70
  20   67 0.94
  74   91 0.65
  62   79 0.15
  37   48 0.65
  28   48 0.47
   0   51 0.33
  59  103 0.29
  81   83 0.73
  76  114 0.98
  34   46 0.35
  53   70 0.76
  20   75 0.97
  21   54 0.48
  16   37 0.28
  43   71 0.01
  26   56 0.00
  28   77 0.32
  60   76 0.69
  68  100 0.18
  18   51 0.93
  21   46 0.14
  40   44 0.94
  11   43 0.96
  75  102 0.53
  65  119 0.34
  33   72 0.37
  37   49 0.13
  27   70 0.72
  39   94 0.62
  79  126 0.30
  29   39 0.46
  12   66 0.75
  79  134 0.31
  34   44 0.36
  27   60 0.24
  27   60 0.91
  28   33 0.05
  48   55 0.31
  60   81 0.08
  71  124 0.10
  18   37 0.45
  28   56 0.90
  60  107 0.53
  32   52 0.81
  54   92 0.85

