5 60 4
3   16  10   2

  56   69 0.54
   7    8 0.59
  62   79 0.58
  43   43 0.76
  44   57 0.73
  11   16 0.17
  50   52 0.69
  43   61 0.38
  17   26 0.30
   8   17 0.58
  14   17 0.57
  54   66 0.98
   9   23 0.81
  12   30 0.94
  32   47 0.99
  50   64 0.72
  25   27 0.94
  52   60 0.13
  16   35 0.50
  17   23 0.20
  34   44 0.37
  44   44 0.96
  51   53 0.39
  48   60 0.95
   7   10 0.59
  59   75 0.16
  12   25 0.07
  36   40 0.06
   9   24 0.24
  47   64 0.31
  45   63 0.83
  29   42 0.83
  38   47 0.66
  53   55 0.91
  56   58 0.24
  10   16 0.37
   6   23 0.77
  13   21 0.80
  48   56 0.65
   2   19 0.79
   0   20 0.75
  24   34 0.96
   5   24 0.85
  34   45 0.57
  58   70 0.10
   6   26 0.65
  10   23 0.64
   3    9 0.83
  53   68 0.56
  35   54 0.62
  15   26 0.04
  52   68 0.40
   3   16 0.03
  28   29 0.74
  37   46 0.31
  24   27 0.65
  59   67 0.09
  43   44 0.86
  20   40 0.51
  51   51 0.78

  53   60 0.86
  10   20 0.12
  33   53 0.99
   7   24 0.18
  10   21 0.11
  25   37 0.68
   2    7 0.21
  19   36 0.71
  33   39 0.18
   4   20 0.58
  28   37 0.51
  52   56 0.20
  47   63 0.96
   1    8 0.56
  45   63 0.38
  32   49 0.97
  42   54 0.94
  41   51 0.06
  37   50 0.32
   3   16 0.87
  22   41 0.56
  45   50 0.16
  56   60 0.94
  34   40 0.01
  18   38 0.85
   2    8 0.43
   1   13 0.10
  36   53 0.22
  47   66 0.43
  51   53 0.58
  20   38 0.45
  57   72 0.88
  53   72 0.38
   0   17 0.18
  28   47 0.99
  25   41 0.29
  61   67 0.43
   0   10 0.69
  42   46 0.66
  15   31 0.40
  30   40 0.04
  36   49 0.51
  11   18 0.60
  52   69 0.51
  30   37 0.29
  18   27 0.35
  53   53 0.46
  48   51 0.99
  45   47 0.61
  54   55 0.84
  24   28 0.18
  57   60 0.75
   7   25 0.81
  35   41 0.26
  59   68 0.99
  22   27 0.37
  37   55 0.73
  29   40 0.47
  11   28 0.71
   8   28 0.37

  41   53 0.49
  50   50 0.81
  29   39 0.24
  47   52 0.36
  50   67 0.06
  47   54 0.46
  22   40 0.44
  43   62 0.73
  44   53 0.21
  62   71 0.82
   2    2 0.94
  15   30 0.86
  40   52 0.35
   0    0 0.80
  24   38 0.56
  55   59 0.89
  55   66 0.46
  35   45 0.96
  10   27 0.83
  55   60 0.51
  35   51 0.95
  54   68 0.51
  14   31 0.28
  15   22 0.37
  14   17 0.65
  38   38 0.44
  42   59 0.80
  52   58 0.93
   9   15 0.09
  55   63 0.82
  51   59 0.47
  56   65 0.08
  23   36 0.87
  10   20 0.70
  19   21 0.41
  30   49 0.66
  14   27 0.32
  27   28 0.39
  45   61 0.93
  14   34 0.70
   6   20 0.77
   5   12 0.59
  10   16 0.26
   9   13 0.59
  11   26 0.67
  52   58 0.48
  34   50 0.66
   4   13 0.13
  25   36 0.95
  39   57 0.07
  49   58 0.41
   8   13 0.21
   7   17 0.04
  10   27 0.84
  14   16 0.70
  38   54 0.19
  13   27 0.11
  48   58 0.94
  22   33 0.09
  47   63 0.29

