5 15 8
12   16   2   4   4  10  16   4  20  10  16   4   4

  15   25 0.29
   4    4 0.37
  15   18 0.59
  12   27 0.70
   9   10 0.65
  17   34 0.96
  22   38 0.87
  23   36 0.55
  26   36 0.52
  13   19 0.87
  24   25 0.44
   5   17 0.97
  14   30 0.30
  21   36 0.11
   4   10 0.11

   1   17 0.57
  12   17 0.26
  13   23 0.66
  25   25 0.64
   4   14 0.09
   4   20 0.76
  19   26 0.58
  11   14 0.13
   7   10 0.03
   6    7 0.72
  15   32 0.03
   5   13 0.57
  29   29 0.90
  11   20 0.73
   2   12 0.14

   5   24 0.77
   5   20 0.81
  10   26 0.08
  14   30 0.10
  27   44 0.72
  11   14 0.26
  14   33 0.90
  23   27 0.73
  26   44 0.66
  29   33 0.77
  20   37 0.12
  27   43 0.71
  14   31 0.39
  26   35 0.37
   3    7 0.10

  15   19 0.60
  12   28 0.32
   7   17 0.49
  12   12 0.93
  10   27 0.00
  21   23 0.75
  29   45 0.59
  12   24 0.30
   3    8 0.23
  13   32 0.34
  16   23 0.70
  19   32 0.30
  22   39 0.84
  24   43 0.84
  17   24 0.47

   8   19 0.62
  21   37 0.07
   2    4 0.32
  26   44 0.22
  19   32 0.20
  17   25 0.04
   3    5 0.86
  26   39 0.68
  12   31 0.54
   2   21 0.33
  11   20 0.36
  19   19 0.27
  23   37 0.08
   2    6 0.93
   1   19 0.73

  23   30 0.64
  17   30 0.28
  11   14 0.03
  15   17 0.87
  29   36 0.77
   5   11 0.44
  25   42 0.63
  10   10 0.30
  24   33 0.07
  28   47 0.47
  16   31 0.68
   0    5 0.03
   0    1 0.46
   5   11 0.52
  10   18 0.78

   2   21 0.87
  25   39 0.23
   5   22 0.12
  29   38 0.25
   8   25 0.17
   2    6 0.82
   3    9 0.77
   5   11 0.70
  16   23 0.61
  29   39 0.32
  29   48 0.31
  17   31 0.08
  24   31 0.06
  27   36 0.82
  13   18 0.42

  20   20 0.46
   6   14 0.65
  26   35 0.63
  14   33 0.01
  24   31 0.79
   4   13 0.68
   1   17 0.99
  15   27 0.22
  16   22 0.27
  25   38 0.18
   9   25 0.30
   1    2 0.33
  19   24 0.80
   9   26 0.36
   9   13 0.19

  18   30 0.54
  18   36 0.75
  20   25 0.64
   1   18 0.60
  22   39 0.93
  20   28 0.45
   2   10 0.76
  17   18 0.21
   8   11 0.12
  20   24 0.60
  12   14 0.81
  28   33 0.31
   8   21 0.93
  23   33 0.07
   4   16 0.64

   5   13 0.75
  12   14 0.08
   3    6 0.50
  25   44 0.33
   5   13 0.95
   6   11 0.48
   8   10 0.41
   5   20 0.43
  22   34 0.37
  17   23 0.16
  10   22 0.90
  21   34 0.24
   3    4 0.06
   9   22 0.96
  28   39 0.96

  22   33 0.25
  18   27 0.01
  12   25 0.02
   4   16 0.63
   5   17 0.12
  27   40 0.00
   6   19 0.76
  29   30 0.63
   4    4 0.68
   0   10 0.83
  25   41 0.77
  12   20 0.28
  18   19 0.97
   8   23 0.79
  29   43 0.82

  11   12 0.58
  16   18 0.74
  14   31 0.28
  22   30 0.18
  14   30 0.60
  16   16 0.83
  20   24 0.23
   4    5 0.93
  27   38 0.88
  23   37 0.27
  12   20 0.97
  19   19 0.40
  18   21 0.55
  13   26 0.25
  12   14 0.56

