5 60 8
3    2   2  10

   4   11 0.31
   1    3 0.27
   1    6 0.79
   3   12 0.11
   0    1 0.36
   2   10 0.52
   4    6 0.05
   2    3 0.21
   4    9 0.67
   3    3 0.45
   0    6 0.89
   1    7 0.30
   3    3 0.16
   3    3 0.31
   1    7 0.69
   1    3 0.64
   0    7 0.40
   3    6 0.91
   0    0 0.23
   1    6 0.91
   2    9 0.22
   2    7 0.87
   1    9 0.52
   2    5 0.90
   1    2 0.86
   2   10 0.48
   2    9 0.76
   0    9 0.08
   2    6 0.01
   1    3 0.56
   4    7 0.90
   4   11 0.20
   0    9 0.62
   2   11 0.14
   1   10 0.17
   4    9 0.31
   0    9 0.57
   2    6 0.55
   1    2 0.24
   1    6 0.32
   0    8 0.98
   2    5 0.16
   1    5 0.43
   2    9 0.85
   4    8 0.41
   3    3 0.26
   1    3 0.70
   2    8 0.17
   2    4 0.56
   4   12 0.58
   0    5 0.90
   4    6 0.49
   2    8 0.49
   2    8 0.45
   0    4 0.01
   1    4 0.71
   1    3 0.65
   4   12 0.97
   2    5 0.85
   4    7 0.24

   4    7 0.96
   2   11 0.29
   4    9 0.04
   4    9 0.49
   3    6 0.73
   4   10 0.46
   4   12 0.91
   2    4 0.33
   0    9 0.17
   4    7 0.43
   0    0 0.29
   2    4 0.05
   3   11 0.55
   0    0 0.06
   4   11 0.70
   2    3 0.49
   3    7 0.59
   2    3 0.92
   3   11 0.03
   3    4 0.41
   3    7 0.76
   4    9 0.33
   2   10 0.92
   1    5 0.46
   2   11 0.11
   3    3 0.48
   4    4 0.60
   1    6 0.38
   2    3 0.86
   1   10 0.58
   4    7 0.24
   3    3 0.65
   1    1 0.19
   2   10 0.49
   3    5 0.55
   2   10 0.03
   1    5 0.56
   0    8 0.79
   0    4 0.64
   1    2 0.22
   1    1 0.39
   1    3 0.71
   3   10 0.88
   3   11 0.84
   4   10 0.26
   1    3 0.75
   3    9 0.86
   3    9 0.17
   1    9 0.46
   2    2 0.87
   0    0 0.73
   3   12 0.77
   3    8 0.60
   4    9 0.86
   2    3 0.70
   3    4 0.81
   3    5 0.79
   3    4 0.07
   2    4 0.49
   1    3 0.39

   2   10 0.60
   4    6 0.54
   0    7 0.32
   0    1 0.43
   4    8 0.79
   1    6 0.14
   2    4 0.18
   1    5 0.75
   1    2 0.75
   2    6 0.97
   4   11 0.52
   0    0 0.62
   4    7 0.44
   4    4 0.39
   1    7 0.38
   0    2 0.21
   2   10 0.75
   3    9 0.40
   1    8 0.92
   0    2 0.54
   3    5 0.09
   0    2 0.21
   4    8 0.87
   1    5 0.80
   3    9 0.16
   1    7 0.44
   0    4 0.50
   0    9 0.55
   0    6 0.23
   2    2 0.74
   3    6 0.25
   3    9 0.69
   4    4 0.09
   1   10 0.97
   0    5 0.73
   0    0 0.69
   1    4 0.76
   4    5 0.66
   2    6 0.69
   0    1 0.16
   1    1 0.10
   0    1 0.73
   0    4 0.60
   0    9 0.84
   2    5 0.80
   1    5 0.83
   0    8 0.86
   3    7 0.87
   1   10 0.45
   1    3 0.75
   3   11 0.43
   3    8 0.88
   4   10 0.82
   3    9 0.69
   4   10 0.94
   0    5 0.20
   1    5 0.60
   2    9 0.91
   4    6 0.47
   4    6 0.68

