4 15 4
12   16  20   2   2  10   4   2  10  16  20  10  16

  41   90 0.70
  20  105 0.09
  32   33 0.39
  31  101 0.75
  49   84 0.22
  24  103 0.93
  54   70 0.90
  17   52 0.33
  27   97 0.10
  27   36 0.34
  23   75 0.32
  20   42 0.90
  44   91 0.36
  12   25 0.91
   1    4 0.78

  22   27 0.75
  23   93 0.12
   6   46 0.16
  48   93 0.56
  27   76 0.64
  28   65 0.14
  55  108 0.96
  54  112 0.42
  15   49 0.82
  54  134 0.78
   7   77 0.65
  13   29 0.32
  29  112 0.38
  41   58 0.94
  31   81 0.42

  27   51 0.13
  24   50 0.86
  33   47 0.91
  13   89 0.65
  57   90 0.66
  32   90 0.85
  37   90 0.44
   6   78 0.71
  57  107 0.07
  19   46 0.12
  36   88 0.70
  29   95 0.45
   5   25 0.47
   1   26 0.47
  24   42 0.23

  10   44 0.85
  48   92 0.11
  49   53 0.25
   4   39 0.96
  15   33 0.73
  47  111 0.79
  13   93 0.03
  43   45 0.24
  10   44 0.21
  27   89 0.45
  16   46 0.54
  42  119 0.08
   4   35 0.83
  30   77 0.18
  18   80 0.07

  19   84 0.57
  44   92 0.03
  58  125 0.43
  40  101 0.27
   7   84 0.44
  51   84 0.72
  17   46 0.19
  49   88 0.07
  54   76 0.48
  11   47 0.38
  38   86 0.70
  56  101 0.94
  52   98 0.64
  50  103 0.21
  29   39 0.34

  43  101 0.74
  22  101 0.18
   1   66 0.90
   6   29 0.64
  36   86 0.47
   2   76 0.44
  33   79 0.64
  15   35 0.49
  59   78 0.82
   8   14 0.41
  40   90 0.09
  42   47 0.74
  43   67 0.41
   1   43 0.99
   3   20 0.18

  27   56 0.13
  49  131 0.30
   1   25 0.43
  31   97 0.87
  38  121 0.97
  29  110 0.65
  27   44 0.73
  38   75 0.42
  49   80 0.24
   6   40 0.14
   0   76 0.86
  48   73 0.51
   2   30 0.43
  56   65 0.96
  25   77 0.35

  53  112 0.49
  55  120 0.90
  40  108 0.99
  28   45 0.30
  49  133 0.16
  41  118 0.57
  57  137 0.55
  54  114 0.07
  22  103 0.02
  53  136 0.74
  29   99 0.25
  33   38 0.39
  25   64 0.89
  40   80 0.48
   2   61 0.22

  25   82 0.56
  32   41 0.09
  39   58 0.40
  17   67 0.39
   9   33 0.98
  43   95 0.91
  19   88 0.34
  11   60 0.88
  14   64 0.37
  48  121 0.82
  17  101 0.99
  22   87 0.16
  11   85 0.51
  32   85 0.86
  20  104 0.65

  11   73 0.88
   9   55 0.47
  27   63 0.54
  18  107 0.35
   2   83 0.90
  26   59 0.38
  15   82 0.84
  49  107 0.21
  18   92 0.12
  49   57 0.57
  16   17 0.63
  35   89 0.18
  26   41 0.33
  48   89 0.92
  30  109 0.80

   9   47 0.96
  59   80 0.31
  17   32 0.34
  32   35 0.97
  32   94 0.88
  19   82 0.38
  49   76 0.70
  24   74 0.98
  48   50 0.92
  53   98 0.41
   6   10 0.88
  12   29 0.69
   0   20 0.57
   7   38 0.02
  39  100 0.70

   3   82 0.62
  49  100 0.89
   5   29 0.67
  38   57 0.48
  35   79 0.55
  11   11 0.52
  31   55 0.91
  10   90 0.59
   1   53 0.68
  25   89 0.66
   4   35 0.42
  21   52 0.55
  10   14 0.86
  17   25 0.08
  20   50 0.76

