3 100 4
3    2  16   4

  30   51 0.84
  18   95 0.06
  78  166 0.43
  34  103 0.95
  73  111 0.49
 125  164 0.10
  27   68 0.28
  93  167 0.80
  92  127 0.59
 132  182 0.09
 124  156 0.49
  18   48 0.87
  99  105 0.64
  83   98 0.53
 109  175 0.05
  85  171 0.94
 100  171 0.30
   9   27 0.02
  62   91 0.14
  82  131 0.93
  48   99 0.52
   8   63 0.99
 114  130 0.86
  87  163 0.38
 123  213 0.95
   6   54 0.50
   5   37 0.55
  44  126 0.37
  52   94 0.45
 123  136 0.09
  82   83 0.91
  57   64 0.24
  37   40 0.02
 107  164 0.91
 121  182 0.27
  45   74 0.24
  23   65 0.77
 107  134 0.20
  49   63 0.10
  57  117 0.55
  61  121 0.06
 113  179 0.00
  49   65 0.28
  49   64 0.11
  54  137 0.42
 124  161 0.33
  18   27 0.32
  24   87 0.55
   7   42 0.07
   8   90 0.31
  27   38 0.86
  65   74 0.92
  88  141 0.05
  81   98 0.20
  86  147 0.61
  11   73 0.64
  84   97 0.64
  35  100 0.01
  95  176 0.84
  77  102 0.71
   5   29 0.27
 135  183 0.40
  56   74 0.58
 134  202 0.50
  16   94 0.28
  96  127 0.82
  63  132 0.48
  39   65 0.19
  88  147 0.61
  23   97 0.99
  16   54 0.55
 100  104 0.64
 126  162 0.11
  41  109 0.24
 113  118 0.98
  42   46 0.16
  86  172 0.10
  99  162 0.64
  58   97 0.92
 132  161 0.16
   8   96 0.81
  84  157 0.98
   7   36 0.18
 125  206 0.35
 118  176 0.42
  88  140 0.46
 105  173 0.50
  83  151 0.16
 133  149 0.84
  52   95 0.75
 125  186 0.04
 121  202 0.70
   4   20 0.03
  60   85 0.37
  28   50 0.46
   2   81 0.44
 132  192 0.99
  52  118 0.03
  89  142 0.61
 112  124 0.87

   1   63 0.33
  40  102 0.82
 124  208 0.63
 124  155 0.17
 111  155 0.28
  15   57 0.67
   7   12 0.42
 117  148 0.99
  11   86 0.32
  78   84 0.86
  19   30 0.34
  47  124 0.45
  55   98 0.91
  59   77 0.64
  97  118 0.66
   3   10 0.13
  92  121 0.99
 113  121 0.62
 133  170 0.95
  51   52 0.34
 128  153 0.22
 131  180 0.18
  45  117 0.50
  37  107 0.71
  87  152 0.60
  19  107 0.37
  30   92 0.32
 113  202 0.91
  37   81 0.88
 101  168 0.19
  14   77 0.91
  97  154 0.78
  81  109 0.01
  15   66 0.03
 134  199 0.18
  74  141 0.83
  41   62 0.67
  20   46 0.27
  82   89 0.16
  38   96 0.04
 126  166 0.47
  70  114 0.95
  87  156 0.62
 122  153 0.80
 136  147 0.35
   5   68 0.95
  43   78 0.90
  76  154 0.07
  88  145 0.92
  36  121 0.06
  38  106 0.59
 120  141 0.23
  99  149 0.36
  31  101 0.76
 122  156 0.30
  12   17 0.25
  13   32 0.64
  49   78 0.33
 103  118 0.11
  64  151 0.74
   7   66 0.84
  59  109 0.00
  64  128 0.32
  81  141 0.60
 107  169 0.89
  21   90 0.78
  99  121 0.25
   4   90 0.69
  66  153 0.00
  39  103 0.38
 132  186 0.45
   3   53 0.22
  73  161 0.13
  76  125 0.79
  46   61 0.26
  21   48 0.82
 116  152 0.07
  88   92 0.68
  68  144 0.87
  26  109 0.72
 134  211 0.80
  14   30 0.44
  21   46 0.55
  55  133 0.55
  40   88 0.48
  10   35 0.07
  53  135 0.53
   7   16 0.01
  53  116 0.21
  66  105 0.08
  48  120 0.63
  46  124 0.78
  68  125 0.50
  97  159 0.59
  47  124 0.82
  88  127 0.18
  90   96 0.28
  75  114 0.17
 131  216 0.76
  22   96 0.77

  73   95 0.33
 102  143 0.10
  91  100 0.87
  14   21 0.29
  84  167 0.92
 128  198 0.18
 100  149 0.40
  88  117 0.54
  57  145 0.60
  14   37 0.00
  24   90 0.89
 132  133 0.53
  83  128 0.69
  58  109 0.99
  83  142 0.18
   0   17 0.29
  55   64 0.39
  71  114 0.06
  95  103 0.98
  13   63 0.78
  66  145 0.88
 130  184 0.33
  86  158 0.92
   9   88 0.15
  70  109 0.69
  26   89 0.17
 135  164 0.09
 104  148 0.84
 104  133 0.96
 135  158 0.21
  80  137 0.45
  61   96 0.75
  60   63 0.60
  77  117 0.94
  45   91 0.77
  96  159 0.51
  99  171 0.93
  87   97 0.12
   1   28 0.95
 115  160 0.26
  35  103 0.78
  84  165 0.77
 102  138 0.98
 127  158 0.73
 125  138 0.09
  48   80 0.14
   7   76 0.00
  45   53 0.18
  75   89 0.89
  19  102 0.45
  51  140 0.13
 120  152 0.25
  24   73 0.93
  15   33 0.10
  48  109 0.51
  83  133 0.68
 125  132 0.20
  40  105 0.96
  40   99 0.83
  45   86 0.73
 122  210 0.47
  76   92 0.14
  51   90 0.98
   9   21 0.00
 101  141 0.07
  41   46 0.14
  58  133 0.80
  55  121 0.26
  15   75 0.04
  55  131 0.89
 108  195 0.07
  86  161 0.26
  24   25 0.05
  24   44 0.33
  60  110 0.88
  45   64 0.69
  47  130 0.29
  68   71 0.95
  84  153 0.78
  52   99 0.85
   5   91 0.01
 129  181 0.67
  34   96 0.87
   7   59 0.22
  19   74 0.84
 125  147 0.58
  36   48 0.15
  20  101 0.82
  47  123 0.80
  20   82 0.02
  37   92 0.46
 113  132 0.82
  21   56 0.50
  63   71 0.44
 109  168 0.86
  34   86 0.84
  81  155 0.24
  19   89 0.33
  47   95 0.02
 132  139 0.42

