4 30 4
6   10   2  10   2   4   4

   6   33 0.57
   8   31 0.44
  11   33 0.11
   9   16 0.00
  14   16 0.20
  23   34 0.68
   4   25 0.74
  28   55 0.07
  12   26 0.28
   4    4 0.32
  25   43 0.57
   5   13 0.12
  12   27 0.93
   0   13 0.02
   6   15 0.27
  12   20 0.95
  26   31 0.93
  29   49 0.03
  25   41 0.23
   1   28 0.68
  18   43 0.44
  18   23 0.70
   0   23 0.37
   9   26 0.81
  25   40 0.05
  19   37 0.22
  17   43 0.93
  27   42 0.49
  23   50 0.23
   3   11 0.34

  15   43 0.96
  28   56 0.08
   9   34 0.63
  28   40 0.94
  14   34 0.22
  20   49 0.48
  25   42 0.72
   4    8 0.68
  20   49 0.75
  21   30 0.49
  15   23 0.39
   7   30 0.01
  21   28 0.61
  14   35 0.60
   4   15 0.41
  12   32 0.33
  20   32 0.57
   0   28 0.41
   1    5 0.73
  14   25 0.52
  11   18 0.64
   9   14 0.86
  20   48 0.18
   6   25 0.98
   6   16 0.97
  19   31 0.74
   0   17 0.85
   8   27 0.44
  15   29 0.60
  14   22 0.67

  26   29 0.04
  14   17 0.76
   2    9 0.33
  16   34 0.00
  27   39 0.35
  22   42 0.04
   1    2 0.89
   6   23 0.50
  21   25 0.38
  21   44 0.46
  27   49 0.16
   4   15 0.00
   4   24 0.26
  17   46 0.06
   1   29 0.36
  17   28 0.85
  10   18 0.64
  26   46 0.64
  16   45 0.81
  15   19 0.85
  15   15 0.47
   6   13 0.12
  29   42 0.50
  13   13 0.43
  15   40 0.42
   7   16 0.83
   5    5 0.91
  27   48 0.01
  28   47 0.46
  28   40 0.43

   9   31 0.53
  17   42 0.77
  25   33 0.75
  22   37 0.34
  21   23 0.42
  18   37 0.07
   0    5 0.57
  21   36 0.08
  28   37 0.28
   3   22 0.27
  24   31 0.21
  21   34 0.49
   6   11 0.95
   9   24 0.77
   8   13 0.66
   1   16 0.37
  14   32 0.33
  15   37 0.10
  18   38 0.66
  23   49 0.19
  11   19 0.06
   1    4 0.73
  28   49 0.68
   0   24 0.34
  29   56 0.20
  12   37 0.78
  17   22 0.95
   6   31 0.35
  15   35 0.17
   3    5 0.70

  21   36 0.83
  12   13 0.07
   6   17 0.59
  20   44 0.39
  28   37 0.03
   0    8 0.00
  24   26 0.80
  24   39 0.82
   0   22 0.11
  12   14 0.39
   1    8 0.27
  19   19 0.70
  17   36 0.42
  27   27 0.07
  13   39 0.37
  29   51 0.51
  20   25 0.39
  27   38 0.76
   6   10 0.47
  18   30 0.63
   1   30 0.68
  15   30 0.29
  25   41 0.00
  12   31 0.68
  19   30 0.16
  26   43 0.96
   6   32 0.46
  23   32 0.67
  14   28 0.42
  27   41 0.64

  12   39 0.94
  24   27 0.12
   1    6 0.25
  15   29 0.16
   8   25 0.48
  10   17 0.50
   7   10 0.61
  15   38 0.81
  23   41 0.60
  26   26 0.31
   9   30 0.78
  17   27 0.88
   4   17 0.50
   9   16 0.40
   1   23 0.73
  28   28 0.90
  12   30 0.91
   4   26 0.46
  18   33 0.20
  20   24 0.36
  15   25 0.84
  12   21 0.45
   0   21 0.74
   1   25 0.44
  27   49 0.23
  26   38 0.19
   9   23 0.38
  29   45 0.04
  24   47 0.80
  26   50 0.55

