3 80 8
3    2   4   2

   2   15 0.53
   2    6 0.99
   0    2 0.85
  10   17 0.97
   5    6 0.44
   3   11 0.50
   8   17 0.41
   5    7 0.51
   4    5 0.09
   7   19 0.92
   5   13 0.19
   4   12 0.64
   1    7 0.83
  12   20 0.03
   9   19 0.70
   3   18 0.13
   0    0 0.45
   6   24 0.36
   4    7 0.01
   1    9 0.02
  10   16 0.54
   0    9 0.37
   7   11 0.87
   9   24 0.68
  12   14 0.85
   6   20 0.26
   0   10 0.21
   9   19 0.30
   7   11 0.27
   3    9 0.81
  10   26 0.10
   4   12 0.73
   6   17 0.03
   2    8 0.28
  10   20 0.46
   5   15 0.08
   9   21 0.82
  10   18 0.03
   4   15 0.48
   5    6 0.35
   8   10 0.71
   5    6 0.74
  12   18 0.62
  12   18 0.62
   4    4 0.17
   9   18 0.12
   0    3 0.17
   7   18 0.93
   7   22 0.19
   0   16 0.60
   1   15 0.61
   3   18 0.73
   4   15 0.36
   5   23 0.59
   1   19 0.04
   6   15 0.58
   4   12 0.63
   9   17 0.30
  10   26 0.62
   8   21 0.52
   1    9 0.80
   8    8 0.74
   2   10 0.49
  10   19 0.26
   5   21 0.91
   0    3 0.74
  12   27 0.03
   4    4 0.54
  11   20 0.45
   7   11 0.43
   7   24 0.69
   3   17 0.29
   3    6 0.58
  12   21 0.30
  12   27 0.78
   5    9 0.78
  11   21 0.38
   4   16 0.18
   8   15 0.55
   8   13 0.42

   3   13 0.55
   3   11 0.72
   5   17 0.20
   6   18 0.45
   3   19 0.78
  11   19 0.44
   6    7 0.32
   5   17 0.67
   8   18 0.33
   4    5 0.41
   3   12 0.72
  11   24 0.52
  11   19 0.20
   7   14 0.92
   3    8 0.74
   3   13 0.61
  12   29 0.94
  12   19 0.91
  12   15 0.19
  12   28 0.08
   8   12 0.74
   2    4 0.19
  10   18 0.89
   9   25 0.78
  12   12 0.09
   2   12 0.45
   5   22 0.88
   9   23 0.16
   4   12 0.23
   4   18 0.53
   9   10 0.35
   5    7 0.23
   3   21 0.02
   4   20 0.29
  12   13 0.03
  12   13 0.28
   0   14 0.38
   5   22 0.48
   4    5 0.54
   7   21 0.15
   5    6 0.90
   1    6 0.61
   7   24 0.48
   5   22 0.89
   9    9 0.87
  12   14 0.95
   0   16 0.10
   4   17 0.68
  11   24 0.95
   6   14 0.69
   8   13 0.43
   2   16 0.90
   6   13 0.31
   1   18 0.95
   3   11 0.24
  10   28 0.18
   6   18 0.72
   3    9 0.69
   1   17 0.31
   0   16 0.59
   7   19 0.02
   3   19 0.34
  11   24 0.35
  12   17 0.58
   1    1 0.79
   2    3 0.90
   8   20 0.82
  12   16 0.10
   8   13 0.91
   6   12 0.16
  11   26 0.87
   1    8 0.17
   6   16 0.36
   3   13 0.96
  10   19 0.37
   0    5 0.01
   1   12 0.08
   1   13 0.27
  11   20 0.56
   9   16 0.32

   6   11 0.85
  10   11 0.35
   2   12 0.70
   1   19 0.24
  11   19 0.09
   1   10 0.93
   0   10 0.57
   1    6 0.45
   5   12 0.35
  12   24 0.65
   8   10 0.28
   7   11 0.33
   4    7 0.36
   8   26 0.64
   8   25 0.31
   5    5 0.29
   9   12 0.81
   4    5 0.84
   7   20 0.76
  11   25 0.97
  12   25 0.37
   8    8 0.43
   4   16 0.46
   5   16 0.22
  11   23 0.14
   6   19 0.21
   1    1 0.99
   8   16 0.70
   2    3 0.73
   9    9 0.53
   2   11 0.37
  11   17 0.37
  12   19 0.98
   2   19 0.86
   2    9 0.13
  12   16 0.53
   8   25 0.53
   6    8 0.51
  10   26 0.69
  11   23 0.19
   5    9 0.30
   0    8 0.54
   2   13 0.82
   7    9 0.12
   2    5 0.38
   8   19 0.36
   6   22 0.69
   6   13 0.17
   9   25 0.78
   3    6 0.41
   7   16 0.89
   3   16 0.95
  11   20 0.36
  11   23 0.14
   3   13 0.12
   8   18 0.02
   4    9 0.08
   5   20 0.81
   0    6 0.48
   9   18 0.93
   4    6 0.21
   0   16 0.88
   2   14 0.48
   2   15 0.58
   8   13 0.05
   5    5 0.57
   3   15 0.99
   0   13 0.27
   3    5 0.33
   3   11 0.64
   0    4 0.75
  12   24 0.60
   2   20 0.25
   5   13 0.02
   7   18 0.78
   3   21 0.77
   2    3 0.14
   1   12 0.92
   1    1 0.90
   4   10 0.94

