4 50 4
6    4   2   4   2  16  10

  10   23 0.95
  23   23 0.63
  15   33 0.69
  27   46 0.55
  22   29 0.63
   7   11 0.20
  13   37 0.94
  15   37 0.80
  12   37 0.76
  17   29 0.08
  20   34 0.44
   3   22 0.54
  11   21 0.31
   4   27 0.33
  10   32 0.23
   9   25 0.53
  28   31 0.26
  10   30 0.96
  20   38 0.85
  13   13 0.84
  18   37 0.94
  27   40 0.87
  26   36 0.24
   5   13 0.39
   0   13 0.36
  18   20 0.57
   1   28 0.15
   5   21 0.03
   5   31 0.84
  26   28 0.33
   4   24 0.99
  18   33 0.01
   0   14 0.95
  25   27 0.98
  18   27 0.47
   2   14 0.03
   6   17 0.88
  17   40 0.50
  16   29 0.83
  11   31 0.88
  23   51 0.86
  11   37 0.20
  18   39 0.60
  27   44 0.95
  23   48 0.76
  25   32 0.43
  20   28 0.04
   2   20 0.62
  19   34 0.04
  17   29 0.48

   1   17 0.00
  22   39 0.75
  15   29 0.88
  12   18 0.07
   4   15 0.93
   6   20 0.39
  21   28 0.10
  14   38 0.29
  22   45 0.71
  27   50 0.78
  24   32 0.86
  23   41 0.41
  10   21 0.03
  17   29 0.82
  25   48 0.50
  28   56 0.33
  28   43 0.69
   5   30 0.63
   1   18 0.29
  19   41 0.02
  23   41 0.10
  15   29 0.95
  11   16 0.91
   2    3 0.67
  26   47 0.98
  19   22 0.30
   7   11 0.20
  10   25 0.54
  28   36 0.17
  26   51 0.68
   8    8 0.36
  25   50 0.72
   3   20 0.62
  19   33 0.90
  24   48 0.75
  17   27 0.38
  25   40 0.24
   3   19 0.38
  18   24 0.85
   7   11 0.28
   6   10 0.69
  19   45 0.78
  17   30 0.51
  24   50 0.18
  22   43 0.84
   0   24 0.92
  17   45 0.70
  24   50 0.72
  28   40 0.46
  14   18 0.55

   7   27 0.20
  26   40 0.70
   6   13 0.31
  22   40 0.16
  21   25 0.85
  28   40 0.68
  12   30 0.78
  23   50 0.26
  15   36 0.16
   6   11 0.91
  19   29 0.67
  17   20 0.24
  24   37 0.38
  17   25 0.44
  14   15 0.76
  26   45 0.89
  18   33 0.99
  28   54 0.85
   1   10 0.06
  16   21 0.64
  22   29 0.03
  24   36 0.25
  16   23 0.69
  10   17 0.33
  17   43 0.95
  19   44 0.16
  13   38 0.25
  20   20 0.78
  22   38 0.40
  19   26 0.28
  17   31 0.39
  22   48 0.43
   2   16 0.51
  26   38 0.30
  15   33 0.35
  11   16 0.93
  18   28 0.66
  19   40 0.11
  16   38 0.00
  21   34 0.69
  25   26 0.38
  13   32 0.32
  14   23 0.85
  23   24 0.07
  19   42 0.31
  11   39 0.09
  12   30 0.89
  18   30 0.76
   8   14 0.96
   8   32 0.99

   2   25 0.94
  25   46 0.41
  12   17 0.54
  14   26 0.29
  10   31 0.14
  27   28 0.09
  22   25 0.86
  15   34 0.07
   5   13 0.11
   7   28 0.50
   4   24 0.53
  19   28 0.12
  13   32 0.55
  27   38 0.39
   0   16 0.36
  21   28 0.48
   4   13 0.10
  23   47 0.32
  23   48 0.40
   4   17 0.25
   6   30 0.46
  19   34 0.81
   3   16 0.88
  10   28 0.12
  28   37 0.40
   3   15 0.92
  27   46 0.77
  10   22 0.14
  22   33 0.38
   5    5 0.34
   3   14 0.94
  22   30 0.88
   3    4 0.73
   7   11 0.89
  27   45 0.29
  27   49 0.83
  24   32 0.28
  25   50 0.23
  10   14 0.88
  23   33 0.16
   0   25 0.89
   0    5 0.14
  17   32 0.07
  17   35 0.40
  17   23 0.55
  13   27 0.30
   6   12 0.81
  16   31 0.06
  24   30 0.07
   2   25 0.30

   0   21 0.54
  18   31 0.05
  25   50 0.87
  16   36 0.67
  17   45 0.89
  17   38 0.44
   1   27 0.28
  23   25 0.82
   3   19 0.14
  24   26 0.43
  28   45 0.39
  11   37 0.57
  15   21 0.41
  22   35 0.81
  22   45 0.99
  22   48 0.51
  16   19 0.27
   2    8 0.03
  24   28 0.21
  17   21 0.99
  12   39 0.21
   8   13 0.22
  26   47 0.76
   5   15 0.35
  28   56 0.08
  11   32 0.32
  20   31 0.78
  20   36 0.17
  10   30 0.16
   2    3 0.43
   3   21 0.79
   2   25 0.83
   6   32 0.96
  22   36 0.83
  19   20 0.01
   8   32 0.75
  13   27 0.52
   0   21 0.38
  12   34 0.80
  26   26 0.72
  16   39 0.48
  13   30 0.85
  26   53 0.55
   1    7 0.51
   0   25 0.81
   2   21 0.25
   7   31 0.19
   4    6 0.72
  23   45 0.58
   1   19 0.37

  19   41 0.46
  11   26 0.77
   7   19 0.25
   1   14 0.90
   3   10 0.15
  25   42 0.40
   3   22 0.70
  12   15 0.77
  28   34 0.81
  24   39 0.44
  23   48 0.92
   3   19 0.16
  27   54 0.41
  18   21 0.79
  11   11 0.94
  12   20 0.28
   5   10 0.20
  16   34 0.33
   0   19 0.87
  24   35 0.49
   2    4 0.93
  12   40 0.55
  19   32 0.33
   6   18 0.63
   2   13 0.35
  24   47 0.65
   4   10 0.79
  21   24 0.52
  11   21 0.85
   1    9 0.21
   1   21 0.69
  14   37 0.42
   9   36 0.10
   7   18 0.05
   4    5 0.69
  15   26 0.03
  17   25 0.23
  23   23 0.19
   6   10 0.15
   8   22 0.34
   7   26 0.68
  26   51 0.35
   3   22 0.89
  26   53 0.68
  24   27 0.14
   5   28 0.01
  15   26 0.47
  20   47 0.79
  18   22 0.58
  20   26 0.76

