5 80 8
3    4  16   2

  16   46 0.42
   0   21 0.26
  12   32 0.26
  19   36 0.20
  20   24 0.46
  12   37 0.52
  18   21 0.02
   5   35 0.69
  14   46 0.01
   3   13 0.71
  20   47 0.71
  16   35 0.39
  11   32 0.60
  14   39 0.46
   6    9 0.37
  18   29 0.79
   6   19 0.38
   4   15 0.80
   1   33 0.31
  10   19 0.58
  20   46 0.65
   0   21 0.62
   7   24 0.26
  16   27 0.19
  20   30 0.92
   3   30 0.15
  18   24 0.38
   5   10 0.92
  21   39 0.93
  14   20 0.40
  14   30 0.60
  14   23 0.60
   2   20 0.49
  16   39 0.17
   2    4 0.32
  17   29 0.71
   9   15 0.62
  21   44 0.90
   5   15 0.68
   0    1 0.49
  15   29 0.65
  16   26 0.71
   1    9 0.88
   2    9 0.08
   0    0 0.89
   6   28 0.63
  13   39 0.84
  11   34 0.62
  18   50 0.59
  20   41 0.58
  18   28 0.24
   1   27 0.34
  16   48 0.18
  12   34 0.12
  17   38 0.11
  17   44 0.30
  13   44 0.57
  20   28 0.16
  19   43 0.46
  11   42 0.20
   0   15 0.94
   2    8 0.93
  16   40 0.46
   2   12 0.20
  17   42 0.42
  21   44 0.92
  10   32 0.95
   1   16 0.46
   0    7 0.14
  11   30 0.18
   0    0 0.71
  12   23 0.92
  11   15 0.29
  16   37 0.80
  19   33 0.47
  19   49 0.42
  18   36 0.60
  18   37 0.09
   9   39 0.67
  10   12 0.60

   0   22 0.68
  14   30 0.07
   8   22 0.08
  16   17 0.85
  15   24 0.71
  10   14 0.13
   4   16 0.66
   7   34 0.86
  20   42 0.12
   2    3 0.30
   7   35 0.16
  20   26 0.30
   4   11 0.09
  18   21 0.10
  20   41 0.88
  18   28 0.55
  21   46 0.75
   5    7 0.10
  17   18 0.94
  13   41 0.63
  20   38 0.83
  20   46 0.25
   6   27 0.19
  14   14 0.68
   6   22 0.67
  13   19 0.62
   6    9 0.69
   4    8 0.97
  19   32 0.09
  12   33 0.31
  21   48 0.10
   2   16 0.07
  17   33 0.35
   7   10 0.03
   4   34 0.95
   0   21 0.11
  11   26 0.24
  16   39 0.72
   9   37 0.70
  12   41 0.53
  21   46 0.27
   9   17 0.82
  10   37 0.86
   3   16 0.72
  11   41 0.74
   6    8 0.03
   3   31 0.65
   7    7 0.39
   4   13 0.61
   1   18 0.87
   4   24 0.34
   2   26 0.35
  11   20 0.87
  21   38 0.38
  11   12 0.69
   5   33 0.31
   4   34 0.72
  14   22 0.34
  20   50 0.76
   3   19 0.21
  21   36 0.76
  16   44 0.41
  12   26 0.52
  10   22 0.77
   8   31 0.15
   9   37 0.35
   8   19 0.24
  18   32 0.39
   2    2 0.50
  20   23 0.37
  21   48 0.56
   3    8 0.01
  17   19 0.61
   3   16 0.48
  12   36 0.92
  13   21 0.63
  17   28 0.05
  14   18 0.93
   8   25 0.42
  17   47 0.14

   9   14 0.36
   6   18 0.91
  16   17 0.94
   4   20 0.06
  15   25 0.19
  20   46 0.90
   7   28 0.93
  21   32 0.43
   2   12 0.36
  16   32 0.31
  16   36 0.56
   3   32 0.93
   3   18 0.13
  17   24 0.28
   8   13 0.14
  19   27 0.56
  18   46 0.88
  20   44 0.50
  12   20 0.71
  14   26 0.27
   7   14 0.63
   3   31 0.88
  12   26 0.35
   3   18 0.83
  16   32 0.30
   3   14 0.22
  19   50 0.39
  19   42 0.43
   2    6 0.18
   0    3 0.31
   9   21 0.31
   9   11 0.09
   0   19 0.57
   8   13 0.47
   9   39 0.12
  13   35 0.12
  21   30 0.16
  16   39 0.12
  15   30 0.42
  13   34 0.44
  19   47 0.00
   7    7 0.77
   7   37 0.61
  15   22 0.54
   1   32 0.76
  15   34 0.79
   7    8 0.67
   2   34 0.42
   4   26 0.26
  12   13 0.12
  17   28 0.42
   4   22 0.57
  10   14 0.17
  10   25 0.46
  16   29 0.36
  13   22 0.98
  13   21 0.06
  13   25 0.22
  13   33 0.27
  15   39 0.15
  16   38 0.78
   5   33 0.73
  15   37 0.91
   6   15 0.96
  11   42 0.42
   5   37 0.26
   9   39 0.60
   6    7 0.85
   1   23 0.16
   5   10 0.08
  14   46 0.53
  13   33 0.56
  15   42 0.34
  12   21 0.45
  11   31 0.73
  10   29 0.36
  20   24 0.30
  10   33 0.19
   2   18 0.28
   6   10 0.80

