4 100 8
3   10   4  16

  18   32 0.20
  15   17 0.69
  22   37 0.84
   1    9 0.93
  17   30 0.68
   0    4 0.17
  16   34 0.05
   1   10 0.95
  17   35 0.19
   2   16 0.78
  16   35 0.12
   6   11 0.36
  15   26 0.75
   0    8 0.43
   7   13 0.09
   8   11 0.14
   9   13 0.11
  19   36 0.28
   6   25 0.39
  18   19 0.72
   1   23 0.99
  19   22 0.33
  19   40 0.67
   0    5 0.21
   7   12 0.72
  16   19 0.50
  15   15 0.36
  14   32 0.73
  17   19 0.41
  10   10 0.94
   5   23 0.78
   4   19 0.68
  21   37 0.33
   0   20 0.31
  19   35 0.93
   3   16 0.50
  10   14 0.38
   6   15 0.41
   2    8 0.04
  14   32 0.60
  16   25 0.22
   5   25 0.93
  19   39 0.05
  21   30 0.29
  20   34 0.28
   0   22 0.61
   5   19 0.03
  14   34 0.07
   5   11 0.78
   8   21 0.09
   8   17 0.05
   2   12 0.51
  18   28 0.49
   6    9 0.00
  16   26 0.29
  18   33 0.18
   4   14 0.16
   1   18 0.63
  11   33 0.38
   8   29 0.51
  11   18 0.33
   0    0 0.26
  20   25 0.26
  16   16 0.13
   2   13 0.64
  11   15 0.73
   8   24 0.87
   8   30 0.09
  11   30 0.90
  14   26 0.37
   9   30 0.07
   3   20 0.00
   3    6 0.86
   8   10 0.95
  14   16 0.78
  21   28 0.53
   6    7 0.02
   0    9 0.48
  12   21 0.52
   6   19 0.51
  13   26 0.80
  11   33 0.82
   8   26 0.22
  17   18 0.76
  12   13 0.29
  16   37 0.58
   4   20 0.69
   5   26 0.72
  21   42 0.61
   4    7 0.43
  12   21 0.84
   6   24 0.52
  16   23 0.57
  12   32 0.30
  14   31 0.58
   5   26 0.37
   1    6 0.47
   4   14 0.87
   0   10 0.84
  17   27 0.54

   5   27 0.36
   3   15 0.83
   1    1 0.64
  21   34 0.09
   1   15 0.62
   4   25 0.51
  16   20 0.19
  18   37 0.29
   2    9 0.15
   2   21 0.60
   2    3 0.60
  20   23 0.09
  10   26 0.64
  15   35 0.27
   7   14 0.93
   2    7 0.71
   1   16 0.71
  19   41 0.15
  21   22 0.57
  13   13 0.59
  14   14 0.56
   1    2 0.57
  17   36 0.99
  22   42 0.16
  14   24 0.73
   4   10 0.76
  11   32 0.56
  16   27 0.68
  20   30 0.40
  10   26 0.42
  20   32 0.04
  20   41 0.16
  22   41 0.00
   0   19 0.49
  21   25 0.75
  18   19 0.79
   3    5 0.00
   9   30 0.33
  21   32 0.53
  18   22 0.88
  17   38 0.63
  12   28 0.77
  21   37 0.87
  20   42 0.09
  16   35 0.04
  17   39 0.01
   5   24 0.55
   5   12 0.78
   6   23 0.86
  15   37 0.03
  11   24 0.91
  14   28 0.82
   3   23 0.43
  19   30 0.17
  21   21 0.73
   5   11 0.72
  16   16 0.81
   0   14 0.55
   5   16 0.22
  19   41 0.33
  17   30 0.32
  20   25 0.80
  22   44 0.33
  15   30 0.80
  18   31 0.81
   6   16 0.30
   5   20 0.90
  22   43 0.98
  17   20 0.70
  19   20 0.89
   9   10 0.07
  22   26 0.47
   5   11 0.24
  20   25 0.03
   7   22 0.14
   2   14 0.77
  11   19 0.34
   0   20 0.98
   3   23 0.83
  18   25 0.88
   6   17 0.67
  16   18 0.47
  11   13 0.15
  18   20 0.82
   3   11 0.62
   9   11 0.07
   8   28 0.05
  19   32 0.56
  20   32 0.28
   7    8 0.50
  22   41 0.48
   2    7 0.24
   1   19 0.06
  13   30 0.18
  17   23 0.65
  13   21 0.77
  14   32 0.92
  14   25 0.09
  12   34 0.19
   6    7 0.21

   0   13 0.46
  19   35 0.43
   7   15 0.45
   2   14 0.70
  21   23 0.81
  10   28 0.67
  17   35 0.04
  19   34 0.38
   4   12 0.87
   3   23 0.55
  14   17 0.85
  12   13 0.39
   1    2 0.15
   0    6 0.89
  14   22 0.27
   9   21 0.98
   8   14 0.47
  17   39 0.55
  11   21 0.56
  18   24 0.59
  14   19 0.08
   6    9 0.35
   2   23 0.72
   8   30 0.34
  15   15 0.08
  12   13 0.44
  16   29 0.32
   9   14 0.20
  14   35 0.25
  21   22 0.64
  22   39 0.86
  12   23 0.68
  19   29 0.54
   1   11 0.23
   8   30 0.68
  18   20 0.36
  19   25 0.65
  21   38 0.87
  10   11 0.77
   9    9 0.19
  16   18 0.87
   0    0 0.49
  18   20 0.77
  20   22 0.20
   2    7 0.08
  14   32 0.02
  12   19 0.49
   1   22 0.31
   3    3 0.92
   7   12 0.26
  17   23 0.32
   8   27 0.18
   5   16 0.23
   3   12 0.41
  10   20 0.92
   8    8 0.55
  10   30 0.76
   8   10 0.59
   3   10 0.60
   2   16 0.05
  12   22 0.16
   3    3 0.58
  22   34 0.37
  19   23 0.28
  20   31 0.54
   8    9 0.33
  20   26 0.79
  16   28 0.41
  10   28 0.21
  17   37 0.72
  13   25 0.38
   2   23 0.42
   6   18 0.54
  12   13 0.98
   8   14 0.08
   2    3 0.34
  16   33 0.38
   0   15 0.47
   7   26 0.52
  14   32 0.52
  19   30 0.19
  16   21 0.26
  21   41 0.36
  18   37 0.20
   6   22 0.22
   0   16 0.88
   3   14 0.56
  19   30 0.42
  13   13 0.44
   0    0 0.29
  18   31 0.55
   1    7 0.43
   9   24 0.77
   7   23 0.15
  16   27 0.38
  12   24 0.17
  10   16 0.36
  14   18 0.18
  14   32 0.18
  22   32 0.30

