4 40 8
6   16   4  10  10   4   4

  19   40 0.27
   1   26 0.25
  34   41 0.13
  25   49 0.37
  41   55 0.77
  20   35 0.28
  22   36 0.59
  39   63 0.51
  38   46 0.64
  36   37 0.56
   7   13 0.04
  40   68 0.01
  22   23 0.99
  34   53 0.57
  13   42 0.56
  20   37 0.29
  18   35 0.04
  14   35 0.09
   7   33 0.73
   2   27 0.65
  30   54 0.35
  33   58 0.79
   1   26 0.80
  16   33 0.37
  40   64 0.82
  30   59 0.39
  28   41 0.15
  27   27 0.90
   2   20 0.70
  31   32 0.34
  24   24 0.40
  12   37 0.99
  27   35 0.12
   3   27 0.30
  42   47 0.14
   1    3 0.80
  18   22 0.58
  11   28 0.12
  35   50 0.18
   2   26 0.92

  39   53 0.82
  31   56 0.84
  40   62 0.00
  26   34 0.59
  21   22 0.39
   8   36 0.77
   1   21 0.87
  25   28 0.20
  14   17 0.24
  10   38 0.39
  38   49 0.61
  32   37 0.72
   4   10 0.46
  21   29 0.29
  43   68 0.14
  16   20 0.96
  24   38 0.26
  12   28 0.47
  13   27 0.82
  35   55 0.80
  43   49 0.35
   6   17 0.83
  18   35 0.10
  42   50 0.68
  35   42 0.56
  21   35 0.26
  31   33 0.20
  38   42 0.49
  17   42 0.57
  42   61 0.63
   4    4 0.90
  12   21 0.24
  29   47 0.34
  16   25 0.86
  19   22 0.00
  17   21 0.79
  40   45 0.16
  35   39 0.66
  25   44 0.80
   4   25 0.84

  36   63 0.55
   2   30 0.12
  22   40 0.46
  10   36 0.14
  40   52 0.32
  30   57 0.58
  11   17 0.33
  33   59 0.62
   9   36 0.80
  14   23 0.13
   0   14 0.41
  25   40 0.27
   7   12 0.21
  31   38 0.54
  38   38 0.29
  29   47 0.72
  33   37 0.16
  18   35 0.31
  36   63 0.47
  44   72 0.90
  36   45 0.46
   9   28 0.68
  40   46 0.21
  41   59 0.29
  14   34 0.68
  13   26 0.82
  22   38 0.19
   0   21 0.23
  43   46 0.65
  27   31 0.00
  16   25 0.87
  14   19 0.08
  14   14 0.09
  27   52 0.21
  31   34 0.89
   2   29 0.12
  36   58 0.68
   2   12 0.66
  16   35 0.03
  18   39 0.33

  37   48 0.63
   2   18 0.45
  29   55 0.70
   7   27 0.87
  35   36 0.15
  30   54 0.81
   3   15 0.54
  15   42 0.02
  22   44 0.27
  30   52 0.11
  19   36 0.31
   6   26 0.03
  27   31 0.35
   5   14 0.44
  28   39 0.65
   5   25 0.57
  13   42 0.75
  24   26 0.68
  17   28 0.29
  38   38 0.73
  42   65 0.22
  23   35 0.47
  16   17 0.36
   6    8 0.80
   0   18 0.48
  42   55 0.38
  38   49 0.04
  27   54 0.41
  31   33 0.58
  28   57 0.21
   1   30 0.02
  41   65 0.47
  43   72 0.80
  20   22 0.94
  13   34 0.03
   0    1 0.01
   9   15 0.66
  30   59 0.37
  41   66 0.17
   0    2 0.47

  10   33 0.42
  37   51 0.74
  43   48 0.36
  44   58 0.70
  14   39 0.93
  36   43 0.39
  38   62 0.52
  16   41 0.99
  12   15 0.35
   0    6 0.87
  20   39 0.30
  36   44 0.32
  33   43 0.21
   9   15 0.06
  13   17 0.96
  15   15 0.29
  38   54 0.13
   3   27 0.43
  32   35 0.01
  12   14 0.29
  40   49 0.75
  37   39 0.14
  14   15 0.08
  41   52 0.12
  42   69 0.46
   3   17 0.26
  41   57 0.98
  37   59 0.99
   4    4 0.93
  19   47 0.14
  17   31 0.23
   2   15 0.69
  22   38 0.96
  20   28 0.10
  27   28 0.14
  22   35 0.97
   5   27 0.59
  32   57 0.25
  21   40 0.16
   5   26 0.44

  25   28 0.73
  37   61 0.25
  21   24 0.74
   6   30 0.21
  44   50 0.95
   6   18 0.39
   5   11 0.73
  21   48 0.82
  16   32 0.35
  22   26 0.99
  22   50 0.42
  31   45 0.57
   9   38 0.23
  36   57 0.66
  37   61 0.47
  13   21 0.34
  32   43 0.30
  19   45 0.83
  18   42 0.41
  39   55 0.96
   1    5 0.13
  44   52 0.72
  28   44 0.82
   8   26 0.35
   9   34 0.74
   9   21 0.17
  30   48 0.73
  33   39 0.07
   1   11 0.71
  26   37 0.38
   1   20 0.68
  44   45 0.87
  32   34 0.65
  37   42 0.12
  42   70 0.73
  19   38 0.83
  16   18 0.11
   9   37 0.32
   2    4 0.84
  30   32 0.39

