4 25 8
12   10  16  10   4  10  20  10  10  10  10   2   4

  66   71 0.78
  32   56 0.59
  64   88 0.33
  17   51 0.45
  45   57 0.11
   2    5 0.40
  14   53 0.08
  30   35 0.36
  36   78 0.67
  31   65 0.75
  37   72 0.21
  53   83 0.27
  30   39 0.67
  18   25 0.98
  49   64 0.10
  26   33 0.32
  25   34 0.76
  10   44 0.94
  59  100 0.13
  65  102 0.52
  47   72 0.39
   0   34 0.20
  54   70 0.07
  24   32 0.53
  19   48 0.65

  62   95 0.61
  46   52 0.86
   4   44 0.91
  51   62 0.06
  60   89 0.97
   3   28 0.71
  27   30 0.65
  53   63 0.26
  20   63 0.07
  17   50 0.03
   6    9 0.68
   7   35 0.66
  48   84 0.24
  63  101 0.73
  55   80 0.83
  53   69 0.15
   1   25 0.85
   4   34 0.31
  10   18 0.83
  16   53 0.16
  62   76 0.13
  12   31 0.49
   8   36 0.01
  58   66 0.02
  51   60 0.94

  66   66 0.22
  35   40 0.31
  54   72 0.97
  47   66 0.38
  55   82 0.73
  64   66 0.24
  48   49 0.89
  56   90 0.06
  47   53 0.23
  24   35 0.07
  36   55 0.61
  51   86 0.42
  14   38 0.50
  63   63 0.89
  62   97 0.91
  58   99 0.21
  51   94 0.70
  62   90 0.76
  43   60 0.21
  49   59 0.31
  63   76 0.49
  19   56 0.59
   8   30 0.10
  37   79 0.42
  11   54 0.33

  56   99 0.24
  12   37 0.68
  63  107 0.45
  54   61 0.57
  59   76 0.34
   1   28 0.77
  13   29 0.98
  66   81 0.36
  16   58 0.67
  22   59 0.76
  11   50 0.80
  61   61 0.90
  41   59 0.99
  48   72 0.77
  17   58 0.77
  63   72 0.23
  23   55 0.02
  24   39 0.51
   0   13 0.45
  13   35 0.50
  31   73 0.67
  41   84 0.26
  14   23 0.26
  31   66 0.01
   2   18 0.06

  12   45 0.60
  24   37 0.13
  25   67 0.66
  65   85 0.48
  53   57 0.81
  38   75 0.62
  35   59 0.69
  23   24 0.13
  15   23 0.02
  15   40 0.04
   5   18 0.27
  37   58 0.85
  39   59 0.45
  46   73 0.87
  42   57 0.51
  44   53 0.02
  17   54 0.94
  61   86 0.18
  52   58 0.95
  35   54 0.44
  52   92 0.32
  13   36 0.91
  16   20 0.14
  25   47 0.34
  66   82 0.08

  11   37 0.21
  30   49 0.56
  29   46 0.49
  56   70 0.33
   4   42 0.24
   3   29 0.29
   9   35 0.71
  60   90 0.04
  14   18 0.36
  26   56 0.26
  21   28 0.26
  16   43 0.75
  12   49 0.64
  16   57 0.85
  48   54 0.93
  41   76 0.03
  22   25 0.43
  32   55 0.31
  21   36 0.95
  44   50 0.70
  44   44 0.09
  28   72 0.63
  62   69 0.14
  57   73 0.09
  47   91 0.74

   6   48 0.96
  19   55 0.10
  61   81 0.79
   2   22 0.31
   6   25 0.84
  27   57 0.98
  19   24 0.98
  27   43 0.98
  27   41 0.59
  39   51 0.70
  14   27 0.39
  18   26 0.11
  40   45 0.79
  54   94 0.86
   5   39 0.44
  24   66 0.09
  12   49 0.81
  65   66 0.90
  25   56 0.24
  29   32 0.96
  59   93 0.79
  59   93 0.78
  11   39 0.26
  61   90 0.37
  39   44 0.84

  27   31 0.00
  33   37 0.73
  21   39 0.07
  11   55 0.59
  58   94 0.93
  40   73 0.12
  62  101 0.55
  32   55 0.53
  32   35 0.09
   7   23 0.93
  41   49 0.50
  17   41 0.84
   5    7 0.26
  37   77 0.63
  13   38 0.94
  56   58 0.33
  47   48 0.62
  19   61 0.53
  24   57 0.46
  49   62 0.69
   9   10 0.42
  29   47 0.72
  23   50 0.67
  62   82 0.61
  34   65 0.30

   6   17 0.16
  26   50 0.11
  55   67 0.20
  13   13 0.59
  41   52 0.91
  18   39 0.72
  64   81 0.80
   7   14 0.57
  62   79 0.89
  40   74 0.61
  25   29 0.61
  64   80 0.65
  27   35 0.63
  14   25 0.47
  48   86 0.29
  61   88 0.41
   6    6 0.38
  66   79 0.27
  22   48 0.60
  43   68 0.30
  18   58 0.11
  37   53 0.34
  15   21 0.92
  49   57 0.77
  23   47 0.41

   0   16 0.94
  50   71 0.79
  10   16 0.05
   6   43 0.21
  64   68 0.51
  57   94 0.05
  60   98 0.23
   2    9 0.92
  64   66 0.21
  40   40 0.63
  55   63 0.64
   8   41 0.62
   0   14 0.84
  19   62 0.57
   1   10 0.12
  47   70 0.75
  49   60 0.80
  64   91 0.75
  30   46 0.68
  27   64 0.31
  43   68 0.55
  29   73 0.74
  41   46 0.30
  23   54 0.98
   0   42 0.79

  10   51 0.50
   7    7 0.26
  20   32 0.84
  44   54 0.97
  13   45 0.65
  51   56 0.23
  34   44 0.18
  41   45 0.79
  25   66 0.23
   8   26 0.14
   7   39 0.22
  45   61 0.24
  17   33 0.28
   6   15 0.78
  35   43 0.43
  65   69 0.73
  34   73 0.98
  32   61 0.29
  20   60 0.00
   4   36 0.26
  11   49 0.00
  52   92 0.07
  13   39 0.09
  32   48 0.76
  28   64 0.78

   7   14 0.77
  65   88 0.47
  48   52 0.94
  40   59 0.42
  35   69 0.60
  11   20 0.42
  27   57 0.18
  24   42 0.23
  64   69 0.70
  49   73 0.68
  21   30 0.08
  28   65 0.24
   6   41 0.04
  35   77 0.24
  34   47 0.91
  54   77 0.67
  22   40 0.81
   9   49 0.11
  66  104 0.96
  29   60 0.31
  28   46 0.18
  50   73 0.50
   4   42 0.48
  18   32 0.39
  46   50 0.66

