3 100 4
3    2   4  16

  60  106 0.76
  75  104 0.04
  77   92 0.40
  47   59 0.29
  27   61 0.31
  69   92 0.54
  71  143 0.11
  40   56 0.57
  57  147 0.45
 110  187 0.43
 106  196 0.92
 129  174 0.41
  30   57 0.69
  36  119 0.48
   1   40 0.14
  87  150 0.90
  21   59 0.32
 121  130 0.73
 125  127 0.12
  88  126 0.89
  31  114 0.01
  53  121 0.88
  92  145 0.92
  98  146 0.10
 113  146 0.74
 131  144 0.68
  27   77 0.44
  21   95 0.86
  12   75 0.09
 126  196 0.55
  64   83 0.16
   3   71 0.51
  24   88 0.38
  74  126 0.20
 108  150 0.25
 122  131 0.86
  30   57 0.29
  70   86 0.16
 136  185 0.41
   8   71 0.79
  33   87 0.43
  49  105 0.75
   5   66 0.79
 122  140 0.67
  62  115 0.60
  52   96 0.29
 116  178 0.05
  94  182 0.15
 101  138 0.24
  30   45 0.92
 102  138 0.35
 101  140 0.59
 136  139 0.23
 130  187 0.28
  45  129 0.25
   2   16 0.22
  30  119 0.17
  10   12 0.70
  42  127 0.24
  25   26 0.57
  28   77 0.51
 122  202 0.90
 134  184 0.62
  39  116 0.85
  27   93 0.78
 130  205 0.60
   0   76 0.52
  31   55 0.00
 119  149 0.21
 127  154 0.00
  18  106 0.68
  52   94 0.31
 118  147 0.57
 108  130 0.21
  55  125 0.15
  76  102 0.25
  69  109 0.99
  17   62 0.83
  13   55 0.07
  76  150 0.55
 130  130 0.43
 127  127 0.87
  54   87 0.00
  79  151 0.24
   0   43 0.23
   4   88 0.91
  56   74 0.36
  68  104 0.75
  73  161 0.97
  20   32 0.86
  49   89 0.69
  65   71 0.55
  72  100 0.41
  76  148 0.66
  10   52 0.42
 118  198 0.77
  64  103 0.93
  59  134 0.96
  72  152 0.05
 132  197 0.73

  63   69 0.63
  81  111 0.80
  57   77 0.24
  51   60 0.34
  49  126 0.69
  78  145 0.89
  57   88 0.22
 104  139 0.78
  36   75 0.82
 114  197 0.90
 122  156 0.48
  38  111 0.70
  86  103 0.96
  65  145 0.46
  50  109 0.80
  56   70 0.22
  24   94 0.80
 116  194 0.42
  21   88 0.16
 105  165 0.40
  40   56 0.90
  29   35 0.24
  29   70 0.06
  26   62 0.41
 105  143 0.82
  57   59 0.38
  10   76 0.94
  16  105 0.20
  56  103 0.35
 136  184 0.00
  81  115 0.09
  13   69 0.50
  74  163 0.90
  63   78 0.47
  87  145 0.98
  43   99 0.79
   9   12 0.85
 119  151 0.27
  85  163 0.66
   0   73 0.11
  15   34 0.17
 107  190 0.90
  38   77 0.05
  18   76 0.55
  58  130 0.21
  30   81 0.65
  50   62 0.13
 133  163 0.09
  42  112 0.52
  77   85 0.03
  90  173 0.13
  55   94 0.26
  64  130 0.36
 117  198 0.72
 103  135 0.95
   6   63 0.19
 108  187 0.56
  47   82 0.60
  76  109 0.06
 131  180 0.42
 100  125 0.88
 135  164 0.25
  40   85 0.23
 136  196 0.98
 107  110 0.79
 123  205 0.21
   5   81 0.93
 120  132 0.20
  58   75 0.42
  40  115 0.23
  70  148 0.75
 117  186 0.88
 125  202 0.23
   1   86 0.75
 112  192 0.45
 122  143 0.67
   9   32 0.12
 134  203 0.13
 116  128 0.45
  11   63 0.94
  92  134 0.73
 100  127 0.55
 127  182 0.28
  76  124 0.68
  43  118 0.35
  88  148 0.54
  83   85 0.04
  18   96 0.12
 116  188 0.85
 135  138 0.71
 106  187 0.85
  93   96 0.34
   1    4 0.63
   5   53 0.89
 135  174 0.07
  28   65 0.31
  10   53 0.59
  90   97 0.09
  75  143 0.69
  99  101 0.45

  42  104 0.04
 136  213 0.73
  79  121 0.83
 126  197 0.88
  81  131 0.34
 104  182 0.66
  91   94 0.52
 103  191 0.33
  52  137 0.30
  10   73 0.68
  15   17 0.56
  54   70 0.97
  32   51 0.56
  90  140 0.02
 114  183 0.44
  52   55 0.71
 134  154 0.14
 102  185 0.39
  58  103 0.34
  49   69 0.57
  47   81 0.75
 102  132 0.67
  36   96 0.94
  77  126 0.53
  68  109 0.02
 113  113 0.61
  98  181 0.30
   3    8 0.45
 112  170 0.59
  34   63 0.77
  23   65 0.75
 114  127 0.07
  95  127 0.95
  14   55 0.13
  11   68 0.92
  20  100 0.07
  78  144 0.56
  30   75 0.37
  96  147 0.99
   9   25 0.74
  89  153 0.26
  89  157 0.48
  74  128 0.29
 127  202 0.21
   1   48 0.93
   8   28 0.05
  67  126 0.69
  18   35 0.70
  10   60 0.63
  33   62 0.29
 133  137 0.24
 102  123 0.09
  72  105 0.08
  57  138 0.36
  31   75 0.16
  88   91 0.54
  69  100 0.67
  42  115 0.10
 109  181 0.23
  53  124 0.49
  61   87 0.98
 129  170 0.16
 131  166 0.06
  55   82 0.26
  63   64 0.71
 125  139 0.56
  39  117 0.45
 122  211 0.90
  17   42 0.10
 109  120 0.89
 116  169 0.77
  80  148 0.82
 120  168 0.18
   2   55 0.75
  78  149 0.16
  85  130 0.87
  43   62 0.87
  55  116 0.14
  14   77 0.60
  46  106 0.02
  64   72 0.00
 116  189 0.09
  64   73 0.15
  17   65 0.69
 121  177 0.41
  25   66 0.26
  20   69 0.16
 106  182 0.62
  10   85 0.59
 132  136 0.14
   3   13 0.26
  69   79 0.07
  48   73 0.99
  54  123 0.06
  95   96 0.50
  85  147 0.85
  40  116 0.11
  74   97 0.84
 128  197 0.83
  90  128 0.97

