4 30 8
6   20  10  20  10  20  20

   2    8 0.73
  14   14 0.15
  20   40 0.68
  18   29 0.44
   2   21 0.46
  12   19 0.65
  15   28 0.88
  19   35 0.59
  17   39 0.15
  20   31 0.17
  19   27 0.94
   3    5 0.50
   1    4 0.45
  22   32 0.67
  22   34 0.65
   9   13 0.23
   6   21 0.32
  19   32 0.25
  16   29 0.43
   3   20 0.56
   7   21 0.76
  15   15 0.19
   1   21 0.52
  19   34 0.06
   7   28 0.97
   2   23 0.83
   7   28 0.16
  22   26 0.89
  16   25 0.66
  17   19 0.89

  22   25 0.84
   3   20 0.99
   9   16 0.08
   6   17 0.30
   1   15 0.15
  12   12 0.41
  13   23 0.12
   8   22 0.79
  16   16 0.95
  15   17 0.42
  10   18 0.93
  18   20 0.61
   6   11 0.58
   9   11 0.17
  12   25 0.35
  18   30 0.35
   1    7 0.24
  13   24 0.38
  15   37 0.57
   3   18 0.66
  19   20 0.34
   9   13 0.16
   2   15 0.04
  17   28 0.64
   1   10 0.12
  17   31 0.78
   7   19 0.13
   3    6 0.27
  16   33 0.83
   5   10 0.95

  11   22 0.80
  14   32 0.55
   3    3 0.97
  19   21 0.46
  18   29 0.45
   5    9 0.19
   4    4 0.37
  14   25 0.46
   1   14 0.72
   2   15 0.04
  15   15 0.74
  12   28 0.29
   7   22 0.76
  17   27 0.51
   3   24 0.94
  17   22 0.19
  19   28 0.63
   0   20 0.57
   0    3 0.75
  13   25 0.22
   1    7 0.48
   0    3 0.79
   1   23 0.53
  16   26 0.92
   2   18 0.69
   7   10 0.75
   7   14 0.91
   1   11 0.61
   0    3 0.48
   9   26 0.89

   7   23 0.07
   1    2 0.82
  14   19 0.53
   8   21 0.26
  15   29 0.19
   4    4 0.82
   9   30 0.21
   3   20 0.03
   6    9 0.43
  18   26 0.06
  12   27 0.64
   4    7 0.68
  15   30 0.27
   3    9 0.14
  15   21 0.46
  17   31 0.63
  21   22 0.21
  12   16 0.55
   8   14 0.59
   9   27 0.23
   6   16 0.98
   0   21 0.71
  22   25 0.42
   1   20 0.57
   8   20 0.68
   9   29 0.76
   0   12 0.95
  13   21 0.26
  18   19 0.93
  12   18 0.27

   3   11 0.72
  19   28 0.25
  13   14 0.86
   5   14 0.07
  18   25 0.05
  18   30 0.91
  17   22 0.14
   2   10 0.98
  13   21 0.42
   4   15 0.80
   3   10 0.60
  21   21 0.51
  10   12 0.22
  17   25 0.52
   3    5 0.59
  14   35 0.19
  22   22 0.25
  15   25 0.38
   3   10 0.73
  16   35 0.32
   5   27 0.69
  22   26 0.52
  19   31 0.78
  13   14 0.09
  19   23 0.17
  22   27 0.99
   5   23 0.62
  19   25 0.31
   9   19 0.54
   2   14 0.40

  15   36 0.88
  20   28 0.12
   3   12 0.96
  21   25 0.32
  14   14 0.89
   6   12 0.99
  22   24 0.16
   9   13 0.57
  18   20 0.81
   8   18 0.51
  15   20 0.26
   8   27 0.17
   2    3 0.97
  11   12 0.83
  17   34 0.32
  15   25 0.23
   0   10 0.73
   1    8 0.90
  13   27 0.44
  22   29 0.23
  12   28 0.66
  14   19 0.39
  10   20 0.03
  13   33 0.77
   9   25 0.31
   7   15 0.87
   0    8 0.95
  17   34 0.37
  12   33 0.35
   8   11 0.02

