5 80 8
3    2   4   4

   3   15 0.30
   1    1 0.34
   1   11 0.55
   3   12 0.63
   1   14 0.99
   3   11 0.85
   1    9 0.34
   0    0 0.13
   1   11 0.35
   2   11 0.50
   0   13 0.89
   1   13 0.83
   1    7 0.17
   3    4 0.46
   4    7 0.83
   2    8 0.69
   4   16 0.21
   0    3 0.22
   2    7 0.13
   1    7 0.47
   1   13 0.85
   3    8 0.92
   1   14 0.50
   4   12 0.99
   1   14 0.40
   4    4 0.89
   3   11 0.83
   4   17 0.43
   4   14 0.76
   4   11 0.68
   0    3 0.94
   3   16 0.39
   4   16 0.16
   0    7 0.74
   4   17 0.12
   1   13 0.82
   1   15 0.54
   1   15 0.79
   2    3 0.81
   4   14 0.53
   1    9 0.78
   0   11 0.92
   1    6 0.79
   4   14 0.72
   4    8 0.36
   2   11 0.86
   3    8 0.94
   0   12 0.08
   0    7 0.08
   3   17 0.41
   3    8 0.35
   1   11 0.65
   1    4 0.07
   1    9 0.69
   4   18 0.38
   1   10 0.45
   0    6 0.55
   3    9 0.66
   1   10 0.81
   0    0 0.81
   4    4 0.24
   3    6 0.86
   4    9 0.86
   1    1 0.15
   3    3 0.45
   2    8 0.67
   2   11 0.53
   2    2 0.88
   2    6 0.45
   2    9 0.53
   1    6 0.30
   4    4 0.75
   3   14 0.19
   4    6 0.69
   3   14 0.51
   0    8 0.85
   3    5 0.31
   2   10 0.59
   2   15 0.21
   1   11 0.79

   0    8 0.38
   1    8 0.50
   0   13 0.12
   3   12 0.73
   4   11 0.32
   1   12 0.50
   3   17 0.85
   1    3 0.05
   3    6 0.80
   4   15 0.25
   0    1 0.73
   1    2 0.24
   2   16 0.04
   4   11 0.61
   2    3 0.14
   3   12 0.67
   0   13 0.63
   2    6 0.49
   3   11 0.88
   0   14 0.80
   4    9 0.71
   0    3 0.22
   4    7 0.45
   2    4 0.34
   4    7 0.02
   1   10 0.85
   0    3 0.64
   1   12 0.19
   1   13 0.23
   0    4 0.91
   3    3 0.69
   2    2 0.37
   2    9 0.97
   4   16 0.60
   0    4 0.68
   0    4 0.40
   0    4 0.36
   2    2 0.06
   1   12 0.75
   4   12 0.74
   2   14 0.47
   3   14 0.00
   1    2 0.09
   3   11 0.87
   3   15 0.65
   3    8 0.55
   0    8 0.87
   4    9 0.42
   2    6 0.24
   1   14 0.45
   3   15 0.47
   3   14 0.95
   1   14 0.87
   4    9 0.48
   4   18 0.26
   3   15 0.07
   1    6 0.79
   0    5 0.64
   4    8 0.67
   3    6 0.38
   3   10 0.87
   0   12 0.76
   0    4 0.40
   0    0 0.91
   0    5 0.43
   3    9 0.75
   0   14 0.76
   0    2 0.33
   0    1 0.58
   0    2 0.15
   2   14 0.90
   2   14 0.00
   4    6 0.32
   0    2 0.78
   3    5 0.68
   3   10 0.83
   0   10 0.47
   2    6 0.66
   3   13 0.76
   1    7 0.36

   0    7 0.96
   3   14 0.33
   0    7 0.81
   1   10 0.65
   1    3 0.14
   1   13 0.94
   2   13 0.46
   4   13 0.45
   3    7 0.49
   2    5 0.91
   2    9 0.95
   4   17 0.37
   4    7 0.97
   0    7 0.56
   2   16 0.13
   3   14 0.29
   4   14 0.84
   3   13 0.54
   0    1 0.94
   2    7 0.85
   1   10 0.00
   4   14 0.96
   3   15 0.88
   2   15 0.17
   2   15 0.90
   1   13 0.71
   0    3 0.07
   4   18 0.23
   1   15 0.22
   4    9 0.72
   1    7 0.25
   3   16 0.31
   3   17 0.57
   2   10 0.22
   0    7 0.95
   3   13 0.89
   2   16 0.00
   3    5 0.32
   3   16 0.76
   4   15 0.21
   0    6 0.58
   2   16 0.40
   4   14 0.32
   3    7 0.76
   2    8 0.51
   2   10 0.06
   4   10 0.97
   4   18 0.86
   4   16 0.70
   0   11 0.15
   1    1 0.05
   1    6 0.96
   2    3 0.88
   1   11 0.41
   1   11 0.92
   3   12 0.98
   4    5 0.87
   4   15 0.15
   3   13 0.44
   1    8 0.84
   0    0 0.54
   0   11 0.52
   0    9 0.47
   0   12 0.21
   4    6 0.66
   0    2 0.41
   0    6 0.43
   4    7 0.32
   3    7 0.52
   3    9 0.74
   1    7 0.28
   0    8 0.55
   3   13 0.60
   1   11 0.09
   3   15 0.90
   3   14 0.52
   4   15 0.46
   1    2 0.77
   2   14 0.10
   3    6 0.50

