4 60 4
3    4   2   2

   1    6 0.02
   7    9 0.19
  14   19 0.31
  13   13 0.15
   2    2 0.00
  11   17 0.13
  12   17 0.50
  10   15 0.36
  13   19 0.27
   6    8 0.58
   8   10 0.15
   0    2 0.27
   4    4 0.03
  14   20 0.77
  11   12 0.95
   8   10 0.21
   4    4 0.51
   8    8 0.02
   9   15 0.13
   4    6 0.74
  13   13 0.42
   6    9 0.50
   2    5 0.95
   2    8 0.25
   7   13 0.67
   7   12 0.04
  10   12 0.77
   0    3 0.74
   0    0 0.99
  14   14 0.72
  11   14 0.84
  12   16 0.37
   4    4 0.57
   6    6 0.94
   3    4 0.26
  13   13 0.01
   6    8 0.79
   5    7 0.22
  13   16 0.97
  10   16 0.89
   3    5 0.56
   6   11 0.62
  11   15 0.17
   4    5 0.10
   8   10 0.30
   1    5 0.60
   5    9 0.30
   6    6 0.66
   9   10 0.96
   3    7 0.37
   9   12 0.67
   8   11 0.76
   0    4 0.26
   3    7 0.01
  12   15 0.60
   8   12 0.39
   9   11 0.41
  11   14 0.67
   6    7 0.09
  13   17 0.39

   3    7 0.98
   8   14 0.75
   9   13 0.72
   2    8 0.06
   5    9 0.83
   3    4 0.87
  10   15 0.36
   1    6 0.12
  11   16 0.55
   2    2 0.32
   1    2 0.27
   4   10 0.07
   0    5 0.28
   8   12 0.62
  14   15 0.25
   0    2 0.80
   4    9 0.82
   6   11 0.22
   5    5 0.89
   8   14 0.57
   1    3 0.67
  10   13 0.42
   3    3 0.32
   9   10 0.90
  14   15 0.92
   5   11 0.56
   3    7 0.84
   1    4 0.26
  12   16 0.78
  11   15 0.26
   7   13 0.75
  10   15 0.88
   5   11 0.03
   5   10 0.86
   8   10 0.12
  11   15 0.30
   2    5 0.49
   2    5 0.86
   3    5 0.89
   5    9 0.97
   2    5 0.59
  11   14 0.23
   7    9 0.02
   4    5 0.29
   9   14 0.84
   1    2 0.54
   5    5 0.74
   9   15 0.10
   4    9 0.30
  13   16 0.66
   4   10 0.84
   1    1 0.79
   8   10 0.76
   7    8 0.24
  10   16 0.59
   4    8 0.26
   8    8 0.81
   7    9 0.88
  10   14 0.01
  11   13 0.93

   9   11 0.06
  13   19 0.81
   1    4 0.53
   8   14 0.36
   5    7 0.14
  11   12 0.55
   1    6 0.72
  12   16 0.80
  14   17 0.14
   3    5 0.91
  13   15 0.69
   7   12 0.22
  13   13 0.52
   9   14 0.30
   8    9 0.60
  14   19 0.31
  13   16 0.12
  13   13 0.42
  10   12 0.92
   6   12 0.27
   1    1 0.04
  11   14 0.94
   1    4 0.67
   9   14 0.55
   2    4 0.54
   6    8 0.41
  14   18 0.98
  12   17 0.44
   5    7 0.76
  12   17 0.69
   9   14 0.53
   8   10 0.48
   0    2 0.75
   9   15 0.80
   4    5 0.52
   0    5 0.56
   1    7 0.64
   1    1 0.31
  10   15 0.24
   2    3 0.28
   5    5 0.48
   6    8 0.09
   8   14 0.49
   2    5 0.10
  10   12 0.98
   8   13 0.91
  14   17 0.47
  12   17 0.25
   6   12 0.83
  14   15 0.78
  14   20 0.95
   4    6 0.11
   8   13 0.36
  12   15 0.00
  10   11 0.30
   1    3 0.09
   4    7 0.78
  14   14 0.91
   3    9 0.84
  10   15 0.59

