5 100 4
3    2  10  16

  75   79 0.36
  29   81 0.22
  53  134 0.55
  67  161 0.04
  64  100 0.45
  54  141 0.14
  86  142 0.62
  94  110 0.53
  16   80 0.69
  97  120 0.14
  44  114 0.36
 100  179 0.73
  89  178 0.95
  79   97 0.91
  33   69 0.81
  24   65 0.51
  80   94 0.03
  76  141 0.86
  37   56 0.20
  85  161 0.28
  90  103 0.55
  36   78 0.00
  71  148 0.78
  73  146 0.82
  82   94 0.46
  20   71 0.42
  56  145 0.03
  26   62 0.98
  25   73 0.55
  45  122 0.08
  58  131 0.87
  35   81 0.27
  45   72 0.64
  26  116 0.15
  22  126 0.44
  96  124 0.45
  83  103 0.74
  75   85 0.89
  75  129 0.62
  31   78 0.54
  41  140 0.24
  50  154 0.09
  89  112 0.75
   7  100 0.98
  53   69 0.83
  42  139 0.19
  85  151 0.28
  10   41 0.37
  11   50 0.69
   9   57 0.46
  40   69 0.05
   3   89 0.53
  74  141 0.17
  29   51 0.15
  26  123 0.69
  21   43 0.53
  22   26 0.78
  99  179 0.63
   3   20 0.36
  16   90 0.42
  50   59 0.34
  49   77 0.20
  39  101 0.25
  86  138 0.57
  97  150 0.70
  50   95 0.92
  99  192 0.30
  68  170 0.16
 100  189 0.79
  87  177 0.03
  68   89 0.03
  75  113 0.72
  52  117 0.55
  97  175 0.74
 104  111 0.58
  11   34 0.03
  16   27 0.08
  73  132 0.04
  98  163 0.16
   0   55 0.26
  70  137 0.25
  24  120 0.36
  99  129 0.84
  72   84 0.85
  78  126 0.35
  19   75 0.28
  43   72 0.38
  93   97 0.94
  87  141 0.70
  24  102 0.29
  94  153 0.11
  55  146 0.59
  16   95 0.20
  90  146 0.35
  94  190 0.39
  41   93 0.35
  82  143 0.93
  38  102 0.23
  16   49 0.16
  72   81 0.23

  26   50 0.08
  31   94 0.38
 101  194 0.01
  40   72 0.17
  77   86 0.49
   9   66 0.48
  43   76 0.30
  95  118 0.97
  41   91 0.04
  47   75 0.53
  13   13 0.70
   0   72 0.83
  28   60 0.85
  55  131 0.39
   4   73 0.25
  57   92 0.81
  50   69 0.77
  27   37 0.40
  96  174 0.04
  79  181 0.05
  18   25 0.36
  98  187 0.73
  23   33 0.22
  97  171 0.89
  43   62 0.51
  36   42 0.32
   9  112 0.52
   5   76 0.33
  13   83 0.25
  34  119 0.38
 103  164 0.36
  69  145 0.65
  40  117 0.45
  37  114 0.20
  78  114 0.85
  13   82 0.44
   3   77 0.54
  68  109 0.91
  54  140 0.02
  11   13 0.84
  90  178 0.14
  35   50 0.06
  67   73 0.73
 100  136 0.23
  64  134 0.90
   6   76 0.92
  15   97 0.61
   8   89 0.18
   4   45 0.79
  75  160 0.94
   6   14 0.08
  54  138 0.29
  50  137 0.17
  56  117 0.50
  65  108 0.65
 103  183 0.31
   5   82 0.73
  52   79 0.20
  39   40 0.34
  38  136 0.34
 101  102 0.49
  20  107 0.16
  44  130 0.86
  19   69 0.05
   7   92 0.14
  96  135 0.04
  65   88 0.35
  68  129 0.52
 102  157 0.70
  18  114 0.52
  42   52 0.87
   2   62 0.28
  74  111 0.49
  79   79 0.48
  40  135 0.86
  38  121 0.00
  90  163 0.69
  82   86 0.85
  57  129 0.24
  78  134 0.39
  35   54 0.89
  37   47 0.66
  19  110 0.34
  91  188 0.55
  87  160 0.14
  46  134 0.01
  83  186 0.34
  90  119 0.14
  88  152 0.69
  60   91 0.49
  27   32 0.70
  98  181 0.36
 101  152 0.43
  85  137 0.90
  13  117 0.99
  27  130 0.32
  51  112 0.51
  79  113 0.55
  31   31 0.10
  32  110 0.86

  93  133 0.25
  79  141 0.30
   1   52 0.60
  87  145 0.20
  94  111 0.03
  99  127 0.58
  16   44 0.20
  58  158 0.84
  30   49 0.08
  22  114 0.93
  43   47 0.10
  51  104 0.83
   8   63 0.27
  85   92 0.01
   2   34 0.85
  88  151 0.51
 102  138 0.13
  74  124 0.52
  82   94 0.54
  52   87 0.62
 103  159 0.35
  66   73 0.70
  80  151 0.98
  93  170 0.45
  67  123 0.38
  70  105 0.46
  63  141 0.03
  87  123 0.98
  73  156 0.28
  30   44 0.36
   7   72 0.55
  21  109 0.02
  10   94 0.03
  33   90 0.82
   3   31 0.98
  41   80 0.18
  33  132 0.03
  85  112 0.92
  36  113 0.01
  78  153 0.20
  64  115 0.21
  84  111 0.80
  57  113 0.13
   9   33 0.81
  76   96 0.53
  31  120 0.50
  40   83 0.77
  70  137 0.93
  49   82 0.96
   0    2 0.85
  87  154 0.84
  82  154 0.59
  71  100 0.35
  37   61 0.03
  79  108 0.66
  14  100 0.46
  22   96 0.91
   4   56 0.58
 101  148 0.29
  62  123 0.83
  55   56 0.93
  89  114 0.15
  89   96 0.62
  32   39 0.00
  42  146 0.80
  64  150 0.10
  73   79 0.41
  22   37 0.00
  34   59 0.53
  93  192 0.38
  31   98 0.05
  60  101 0.00
  46  142 0.06
  77  136 0.63
  50   84 0.32
  17   38 0.26
  49  107 0.03
  11  111 0.34
  62  162 0.47
   1   97 0.05
  49  109 0.97
  13  105 0.32
  52   90 0.13
  10  100 0.20
  86  113 0.45
  43   69 0.41
  90  116 0.09
  52  156 0.03
  70  171 0.48
  97  111 0.18
  27   62 0.69
   3   54 0.58
  61  119 0.70
  31   92 0.97
  58   59 0.38
  28   95 0.91
  47   57 0.20
 104  106 0.44
  30   94 0.28
  77  169 0.47

