3 25 4
12   10  16   2   4  20  10   2   4  10  10  10   4

  45   92 0.05
 121  125 0.19
 121  146 0.70
  26  120 0.45
  36   66 0.77
  81  181 0.79
  99  191 0.52
  53  153 0.91
  57  147 0.25
 104  170 0.50
  38   96 0.90
 111  222 0.54
  30  147 0.57
 111  216 0.69
  36   74 0.30
  57   97 0.87
  51  193 0.00
  32   64 0.44
  63  167 0.97
 108  147 0.44
  64  199 0.77
  60  144 0.72
  56  139 0.48
   0    6 0.61
 118  124 0.84

 142  223 0.90
 122  275 0.24
  20  131 0.60
  72  141 0.65
  87  230 0.43
 117  121 0.89
   2  149 0.78
  57  123 0.36
 151  217 0.08
  40  183 0.88
  43   57 0.90
  91  204 0.13
  46  119 0.88
 119  215 0.50
 125  215 0.26
 152  162 0.50
 130  259 0.18
  93  137 0.71
 107  222 0.83
  12   48 0.30
 141  231 0.23
 139  207 0.79
  28  117 0.82
 148  150 0.73
  72  101 0.32

 127  210 0.31
 141  205 0.61
  92  225 0.44
 105  235 0.08
  68  187 0.11
  73   98 0.03
  82  169 0.90
  12  152 0.17
  96  199 0.75
 129  185 0.64
  70  133 0.51
  51  144 0.60
 136  210 0.39
   5   95 0.64
 153  186 0.05
  98  160 0.70
  97  206 0.07
  47  128 0.89
 119  255 0.77
 132  180 0.80
  94  165 0.59
  40   86 0.58
 122  160 0.15
  95  109 0.18
  64  183 0.79

  80  182 0.61
  60  135 0.48
 150  161 0.91
  97  166 0.79
  83   86 0.36
 153  220 0.15
 124  258 0.77
  10  131 0.97
  50  188 0.61
 129  234 0.50
  12  111 0.23
 130  153 0.82
 108  159 0.67
  84  123 0.68
   5  114 0.79
 119  229 0.05
  45  135 0.89
  80  184 0.88
  50  171 0.46
  76  114 0.94
  84  226 0.28
  34  156 0.95
  54  114 0.20
 121  169 0.83
  34  117 0.23

   4  162 0.65
  73  103 0.36
  94  132 0.81
 141  201 0.31
 104  142 0.43
  24  175 0.84
 121  238 0.49
 144  301 0.63
  43   68 0.05
 139  267 0.81
  30   47 0.92
  52  118 0.62
  38  191 0.67
  79  226 0.10
   4   52 0.84
 127  254 0.54
 144  271 0.62
 141  220 0.62
  53  128 0.96
   1    3 0.72
  33   52 0.81
  94  221 0.47
  35   72 0.30
 157  210 0.62
 149  200 0.23

 121  235 0.17
  24  133 0.43
 114  244 0.80
 115  260 0.39
  24   60 0.74
  95  213 0.35
 128  212 0.06
  36   63 0.13
  85  197 0.92
   5   49 0.90
  45   78 0.77
 112  142 0.79
 130  245 0.84
 129  260 0.79
  19   83 0.73
 101  217 0.68
 114  270 0.48
  88  144 0.31
  45   98 0.94
  25   81 0.56
  24  104 0.96
  71  144 0.76
 142  159 0.34
 121  244 0.13
  87  188 0.45

 142  288 0.38
  70  191 0.97
  77  220 0.85
 133  275 0.22
  16  156 0.26
  11  131 0.54
 122  138 0.36
 134  198 0.06
   6   66 0.50
  95  231 0.15
  94  242 0.59
 152  177 0.82
 126  201 0.09
  49   66 0.04
 108  111 0.25
  54  162 0.95
  44  103 0.11
 140  185 0.88
 106  213 0.18
  69  211 0.23
  62  134 0.91
  20   47 0.14
  70  150 0.02
 139  289 0.69
  91  157 0.16

  79  156 0.93
  67  206 0.99
  44   46 0.98
  28   91 0.17
 111  250 0.63
 129  212 0.45
 111  243 0.46
  38  111 0.68
 122  247 0.80
 106  138 0.21
 133  235 0.71
  54   67 0.33
  66  158 0.11
  55  157 0.48
 148  161 0.61
  97  105 0.59
 103  207 0.88
  19   48 0.30
   0   15 0.17
 155  267 0.47
 123  216 0.79
   0    5 0.10
 142  220 0.74
  99  133 0.76
  98  228 0.80

  66  211 0.80
  87  208 0.65
  74  145 0.74
 113  235 0.88
  43   75 0.45
 139  261 0.96
 121  190 0.78
  16   90 0.75
  21   91 0.95
 133  213 0.45
 102  234 0.10
  34  169 0.79
  28  186 0.65
  19   44 0.88
  18  115 0.94
  57  157 0.80
  88   93 0.47
 155  236 0.95
 106  240 0.18
  86  230 0.16
  64  209 0.46
  96  145 0.09
 139  248 0.25
  49  182 0.13
  60  123 0.13

 138  157 0.98
 133  181 0.54
 154  216 0.77
  77  136 0.76
 128  277 0.76
  15  135 0.65
  62  100 0.58
  94   97 0.66
  49  159 0.09
 156  257 0.40
  47  126 0.30
  24   60 0.04
  68  204 0.00
 157  167 0.95
 105  222 0.49
 154  276 0.32
 120  166 0.33
 109  162 0.24
 128  265 0.93
 144  220 0.85
 124  273 0.73
  15  161 0.00
  28   85 0.49
  54  111 0.14
   0   36 0.58

  22   53 0.74
 108  160 0.97
  14   16 0.90
 116  166 0.31
   5   59 0.14
  81  194 0.25
  75   92 0.22
  18  156 0.30
 148  290 0.57
  35  144 0.77
  72  186 0.69
  64  108 0.98
 131  158 0.33
  78  187 0.84
   7   85 0.66
 135  259 0.56
 105  146 0.33
 134  239 0.56
  74   76 0.88
  47   48 0.69
 111  258 0.89
  91  221 0.45
 157  193 0.18
  51   99 0.21
  94  243 0.56

 133  254 0.56
  16   37 0.54
 147  196 0.22
 138  157 0.13
  34   62 0.95
 112  213 0.83
  82  235 0.59
  51   97 0.93
 114  210 0.54
  14   59 0.09
  47  135 0.54
  20   82 0.36
 154  299 0.84
  56  122 0.56
  72  121 0.28
 125  213 0.86
 106  249 0.03
  28  109 0.07
 138  154 0.47
   5  121 0.50
  13   66 0.48
  43  185 0.59
  87  159 0.33
  29  115 0.56
  36   99 0.18

