5 100 8
3   16   2   4

   0   11 0.12
   4   14 0.77
   7   10 0.22
  20   25 0.11
  17   22 0.87
  14   18 0.70
   7   10 0.06
  25   26 0.64
  22   27 0.80
  14   16 0.48
  18   22 0.58
  11   14 0.70
  21   22 0.59
  13   25 0.51
   6   17 0.36
   4    4 0.89
  22   33 0.28
  21   31 0.53
   7    8 0.71
  12   14 0.34
  22   33 0.20
  23   27 0.33
  21   25 0.01
  23   31 0.70
   8   14 0.02
  18   26 0.91
  25   35 0.90
  25   36 0.06
   0    5 0.16
  18   20 0.88
  13   22 0.76
  19   25 0.33
   7   11 0.53
  11   14 0.77
   4   11 0.36
   3   10 0.44
  16   27 0.20
   4   15 0.47
  10   13 0.19
   8   12 0.26
  11   21 0.52
   8   18 0.74
  25   28 0.72
  24   32 0.98
   4    4 0.74
   8    8 0.58
  17   21 0.26
  22   24 0.17
  24   27 0.17
  21   32 0.02
   5   10 0.38
  11   14 0.43
   8   13 0.17
  24   24 0.72
  13   25 0.47
  12   19 0.50
   7   10 0.10
  25   28 0.88
   1    7 0.12
  10   17 0.41
  15   26 0.69
  11   21 0.32
  26   26 0.97
  15   19 0.58
  17   29 0.20
  10   15 0.71
  14   18 0.05
  10   11 0.26
   1   11 0.38
   6    7 0.90
   1    4 0.00
  15   27 0.45
   5   16 0.66
  15   20 0.76
   7   16 0.53
   7   12 0.30
  26   37 0.84
  24   34 0.09
  19   22 0.93
  19   19 0.00
   4   15 0.92
  14   17 0.77
  13   24 0.64
  17   22 0.94
   9   20 0.50
  26   29 0.40
  12   21 0.24
   4    9 0.22
   4    8 0.67
  19   24 0.57
  22   30 0.45
  15   23 0.80
  19   27 0.26
  21   21 0.28
  16   24 0.52
   4   10 0.38
  18   26 0.05
  14   17 0.41
  22   23 0.23
  25   32 0.11

  18   25 0.94
  15   25 0.98
  22   31 0.67
  21   26 0.49
   8   14 0.20
   5   13 0.07
  23   29 0.79
  25   32 0.11
  19   31 0.26
  26   29 0.64
  22   25 0.49
   7   10 0.71
  23   32 0.74
  15   20 0.07
  21   21 0.63
  12   18 0.27
   0    8 0.18
  20   24 0.99
   2   12 0.48
   6   10 0.09
   9   21 0.24
   8   14 0.16
   9   13 0.35
  26   38 0.36
   3    3 0.79
  15   17 0.08
   1   11 0.99
  18   28 0.85
  11   19 0.61
   0    6 0.61
  26   32 0.20
   3   15 0.91
  17   23 0.23
  19   20 0.57
  22   32 0.30
   4   11 0.83
   0    9 0.82
  23   23 0.11
   1    2 0.07
   3    7 0.83
   5    6 0.16
  13   15 0.27
   1    3 0.30
  15   21 0.85
  12   20 0.50
  16   18 0.52
  22   34 0.85
  10   21 0.14
   8   20 0.95
  24   34 0.51
  16   16 0.55
   1   12 0.12
   8   16 0.98
   0   12 0.39
  11   16 0.79
   3   15 0.52
  17   20 0.71
  20   29 0.16
  15   21 0.20
   5   12 0.32
  20   27 0.44
   0   11 0.73
  14   18 0.38
   2    4 0.88
  14   15 0.10
  25   35 0.53
   3    3 0.87
  23   33 0.10
   3    7 0.85
  14   21 0.28
  11   17 0.98
  13   23 0.28
   0    9 0.89
  20   20 0.81
   1    1 0.64
  11   22 0.82
   6   11 0.41
  10   13 0.27
  10   11 0.24
   9   18 0.36
  26   32 0.38
   1   12 0.09
  22   33 0.41
   9   18 0.25
   3    7 0.04
  14   19 0.99
  24   34 0.74
  26   27 0.12
   4   12 0.27
  15   17 0.39
   7    9 0.17
  11   18 0.94
  25   25 0.05
  10   22 0.07
   5   13 0.56
  18   18 0.68
  19   23 0.18
  22   28 0.95
  23   28 0.96
  15   21 0.51

  22   22 0.61
  12   12 0.61
  19   30 0.86
   3   14 0.98
  25   32 0.93
   3    7 0.88
  11   19 0.99
   6    9 0.23
   6    6 0.67
  22   29 0.82
  26   29 0.15
   2   14 0.72
  25   26 0.90
  14   20 0.69
   0    8 0.58
   9   12 0.59
  22   34 0.23
  20   24 0.28
   8   15 0.58
  22   22 0.68
   5    8 0.86
  15   21 0.78
  12   21 0.56
  14   22 0.75
  12   22 0.97
   7   15 0.24
   5   17 0.61
  24   35 0.63
  22   28 0.00
   8   20 0.63
  24   26 0.72
   1    5 0.09
   4   11 0.41
  18   29 0.07
   8   16 0.53
   4    8 0.79
  17   25 0.61
  18   28 0.86
  26   35 0.43
  11   12 0.22
  16   27 0.43
   0    5 0.55
  14   15 0.98
   7    7 0.07
  14   15 0.40
  19   23 0.99
  12   23 0.51
   0    3 0.79
  12   21 0.34
  19   26 0.54
  24   36 0.81
   8   14 0.77
  15   24 0.05
  20   32 0.77
   2    7 0.56
   4    7 0.00
   6    9 0.35
  25   33 0.11
  13   19 0.15
  22   29 0.07
  11   23 0.84
   0   10 0.49
   4   11 0.18
  22   25 0.76
  17   17 0.54
  13   16 0.58
  18   29 0.77
  14   24 0.61
   9   18 0.73
  10   20 0.24
   0    3 0.65
  11   17 0.82
   2    4 0.21
   7   14 0.51
  16   27 0.21
   6    8 0.28
  25   36 0.91
  19   31 0.83
   4   13 0.50
  21   21 0.67
  17   29 0.86
   2   12 0.32
  11   21 0.30
   3    8 0.30
   0    8 0.56
  19   23 0.60
   8   13 0.93
  12   22 0.11
  18   20 0.72
  24   31 0.54
   9   20 0.85
  25   29 0.74
  12   12 0.49
  14   17 0.60
  24   33 0.32
  21   24 0.28
  24   36 0.95
  25   33 0.66
   2    4 0.88
  26   36 0.08

