3 15 4
12    2   4  10   2  16  16  16   4  20  10  16  10

   2    5 0.79
  93  108 0.32
   3   16 0.22
   3    6 0.28
  34   48 0.36
  30   64 0.43
   2   15 0.65
  55   91 0.67
   2   16 0.81
  99  118 0.33
  98  100 0.64
 108  140 0.12
  50   63 0.69
  98  100 0.55
  20   39 0.65

  24   36 0.32
  65   93 0.41
  86   95 0.29
  35   60 0.85
  24   62 0.96
 112  137 0.86
  38   45 0.38
  98  121 0.22
  11   42 0.40
  19   50 0.81
   5   11 0.45
 105  116 0.72
 100  129 0.96
  56   57 0.20
  95  100 0.90

  21   35 0.99
  85  122 0.98
  99  107 0.79
  57   84 0.17
   7   10 0.37
   6   36 0.78
  25   30 0.06
  30   44 0.62
   5   35 0.65
 102  128 0.14
  14   18 0.21
  92  108 0.01
 111  130 0.51
  92  130 0.97
  85  122 0.90

  70  105 0.75
  90   91 0.66
  32   42 0.43
  80   87 0.86
  28   32 0.53
  39   54 0.94
  36   45 0.57
 109  146 0.35
  99  137 0.91
  32   55 0.86
 113  118 0.58
   5   35 0.56
  90   96 0.59
  52   56 0.89
  57   62 0.96

   9    9 0.94
  77  102 0.47
  78   81 0.11
   8   15 0.27
   0   25 0.66
  67   91 0.77
   2    3 0.67
  92  100 0.77
  21   50 0.39
  44   49 0.87
  60   71 0.15
 112  113 0.45
  61   80 0.98
  97  117 0.18
   6   21 0.00

  30   62 0.61
 104  117 0.55
  68  101 0.19
  36   50 0.11
  29   56 0.63
  32   67 0.26
  72   73 0.87
 112  128 0.51
  54   77 0.35
 111  132 0.98
   5   14 0.69
 105  106 0.36
  95   97 0.75
  45   55 0.01
  72  104 0.18

  11   29 0.71
 115  146 0.57
  19   45 0.81
  39   68 0.08
  90  106 0.55
  87  112 0.81
 105  118 0.89
 109  135 0.40
 113  151 0.09
  66   70 0.59
  54   69 0.23
  87  105 0.85
  79  114 0.07
  80   84 0.31
  93  119 0.48

  97  101 0.76
   4   20 0.90
  23   26 0.79
  41   71 0.25
   0   38 0.50
  93  105 0.00
  53   69 0.72
  16   27 0.22
  64   87 0.91
  82  106 0.63
  23   58 0.80
  91  116 0.80
  13   14 0.81
  36   53 0.83
  41   51 0.91

  26   40 0.43
  19   25 0.61
 114  118 0.94
   3   11 0.57
  62   76 0.72
 104  110 0.96
  83  115 0.31
   4   23 0.19
 104  129 0.51
  22   47 0.33
  86  103 0.80
  82  107 0.33
  14   51 0.44
  38   62 0.72
  38   74 0.72

  83  100 0.31
  47   58 0.24
  45   63 0.63
  31   33 0.96
  32   64 0.63
  31   37 0.59
  70  103 0.53
  73   81 0.40
  11   25 0.74
 103  117 0.52
  85  118 0.95
  71   91 0.29
  56   63 0.93
  86   90 0.88
  68   91 0.50

  80   87 0.53
  23   54 0.94
  40   44 0.26
   9   10 0.61
 106  112 0.98
  28   64 0.80
  93  114 0.63
   0   13 0.52
  46   60 0.87
 109  125 0.91
  87  124 0.72
  95  126 0.16
  99  120 0.99
   9   36 0.15
 109  113 0.64

  76  110 0.14
  22   27 0.60
  63   99 0.31
  41   48 0.65
 101  117 0.66
  12   42 0.87
 105  128 0.37
  83   83 0.21
   7    7 0.23
  38   39 0.17
 107  129 0.97
  94  132 0.82
  41   58 0.88
  82  110 0.50
  21   23 0.06

