3 30 8
6   16  10  10   4  16   2

  16   62 0.00
  13   43 0.79
  10   13 0.33
  13   17 0.29
  13   17 0.38
  11   39 0.86
   6   18 0.32
   2   43 0.30
  13   59 0.63
   7   26 0.94
   5   57 0.94
   3   14 0.71
   8   36 0.38
   2   40 0.31
   9   54 0.20
  14   38 0.16
   0   30 0.29
   5   39 0.73
  11   46 0.20
  16   26 0.48
  17   18 0.78
  14   18 0.92
   4   52 0.09
   3   29 0.55
   0   18 0.27
   1   26 0.96
   9   60 0.38
   2    6 0.77
  13   52 0.57
   4   51 0.61

  12   31 0.70
   3   40 0.68
   4   46 0.05
   4   41 0.55
   1   18 0.92
  17   17 0.60
  11   38 0.29
   7   43 0.94
  12   23 0.80
   1   10 0.53
   3   39 0.09
  17   42 0.13
   8   52 0.86
   6   14 0.68
   1   22 0.02
   9   22 0.40
  10   31 0.77
  17   20 0.02
   5   11 0.38
  14   30 0.86
   0    3 0.31
  16   30 0.90
  13   21 0.06
  14   31 0.99
   9   34 0.35
  17   31 0.98
   9   21 0.84
   2   37 0.07
  12   57 0.16
  14   30 0.65

  17   24 0.48
  17   47 0.48
   9   48 0.05
   9   35 0.50
   1   39 0.45
  11   32 0.25
   5   14 0.84
  16   65 0.31
   5   14 0.43
   0   36 0.94
   4   57 0.71
  14   19 0.11
  14   18 0.31
  12   57 0.90
   0   12 0.24
  15   46 0.49
  14   40 0.22
  10   59 0.55
   9   45 0.68
  17   62 0.10
   5   30 0.59
   4   34 0.53
  14   25 0.70
  17   25 0.01
  13   57 0.96
  10   46 0.70
   3   27 0.85
  11   64 0.33
   2   52 0.18
  10   51 0.37

  11   50 0.60
  13   52 0.83
   1   44 0.79
  17   53 0.77
  11   37 0.73
  15   19 0.38
  14   14 0.64
  13   31 0.95
   3   24 0.17
  17   24 0.91
  11   56 0.15
  11   35 0.75
  10   21 0.17
   1   35 0.61
  11   27 0.31
  13   41 0.43
   2   49 0.36
   1   41 0.04
   1    7 0.66
   5   13 0.96
   6   52 0.24
  10   35 0.96
   5   53 0.63
   5   13 0.06
  16   54 0.62
   8   41 0.28
   0   11 0.52
   0   10 0.98
   6   20 0.22
   6   30 0.56

   6   59 0.45
   1    7 0.78
  10   42 0.63
  10   44 0.05
  11   14 0.02
   4   44 0.16
   9   29 0.19
  10   50 0.11
   9   52 0.90
   5   11 0.59
   9   31 0.30
  16   21 0.52
   0   20 0.25
  10   53 0.96
  17   22 0.07
  10   46 0.07
  14   25 0.68
   0   28 0.07
  15   58 0.83
   7   44 0.58
   2   20 0.42
   6   10 0.52
   7   14 0.62
  13   16 0.27
   1   25 0.09
   9   27 0.99
  14   64 0.62
  12   36 0.13
  16   26 0.58
   8   53 0.74

  13   44 0.99
  11   58 0.43
   3   27 0.69
  10   18 0.43
  14   25 0.84
   1   11 0.33
  14   43 0.49
  16   32 0.10
  16   47 0.63
   5   28 0.27
   6   59 0.83
   6    9 0.97
  11   15 0.63
   2   32 0.18
   0    3 0.89
   5   15 0.17
  16   29 0.17
  16   48 0.28
   9   39 0.57
  10   15 0.70
   4   27 0.93
  14   37 0.90
  11   30 0.35
   1   50 0.50
   6   40 0.45
   4   11 0.17
  17   57 0.83
  16   29 0.38
  15   57 0.27
   2   14 0.90

