4 80 4
3   16  10   4

  29   36 0.34
  22   39 0.20
  61   75 0.00
  25   36 0.60
  59   70 0.64
  18   45 0.15
  59   60 0.15
  38   45 0.76
  51   52 0.85
  48   51 0.96
  54   77 0.67
  46   55 0.89
  21   45 0.08
  40   76 0.27
  58   84 0.29
  28   61 0.53
  50   59 0.71
  39   69 0.13
  58   79 0.78
  40   52 0.71
  22   42 0.54
  20   24 0.56
  22   55 0.84
  46   67 0.71
  56   90 0.41
  51   52 0.08
  65   71 0.05
   2    8 0.09
  43   51 0.18
  58   76 0.80
   1    2 0.63
  32   48 0.72
  19   23 0.64
  73   76 0.89
  67   85 0.16
  74   98 0.89
   4   15 0.61
  72   83 0.86
  34   66 0.21
  57   57 0.81
  51   64 0.06
  36   51 0.94
   9   14 0.27
  54   70 0.75
  52   56 0.38
  26   52 0.94
  62   78 0.26
  27   40 0.33
  44   65 0.09
  36   44 0.98
  18   29 0.12
  35   59 0.71
  25   28 0.49
   6   16 0.98
  30   52 0.63
  14   27 0.30
  50   68 0.68
  42   65 0.32
  38   46 0.75
  17   30 0.78
  51   62 0.19
  60   69 0.09
  39   44 0.88
  67   92 0.65
  41   65 0.99
   9   26 0.80
   7   28 0.15
  10   37 0.73
  10   12 0.51
   0    7 0.30
  72   87 0.98
  46   48 0.28
  14   22 0.42
  55   90 0.23
  29   64 0.74
  34   58 0.63
  38   63 0.13
  59   90 0.48
  59   92 0.41
  11   34 0.66

  52   63 0.51
  53   60 0.98
  14   38 0.43
  68   77 0.90
   1   36 0.95
  27   60 0.70
  46   56 0.76
   5   18 0.07
  71   81 0.26
   7   21 0.93
  66  102 0.04
  22   45 0.04
  67   72 0.91
  65  101 0.46
  39   62 0.50
  28   45 0.11
  67   67 0.27
   4   25 0.74
  69   91 0.67
   0   31 0.61
  61   74 0.96
  15   22 0.23
   1   37 0.70
  38   59 0.58
  33   51 0.92
   9   44 0.97
  13   23 0.03
  28   59 0.29
  10   37 0.98
  12   13 0.65
  69   76 0.81
  18   30 0.20
  31   42 0.18
  26   42 0.95
   1    8 0.70
  16   21 0.37
   3   27 0.66
  43   65 0.26
  53   88 0.25
  36   64 0.04
  39   43 0.99
  21   53 0.22
  43   76 0.71
  27   56 0.71
   6   15 0.16
  31   32 0.61
  12   40 0.82
  66   91 0.26
  14   14 0.35
  40   76 0.53
   2   35 0.36
  21   51 0.21
   1    3 0.42
  39   70 0.02
  54   84 0.49
  57   59 0.71
  34   67 0.22
   5   23 0.63
  45   55 0.10
  20   23 0.28
  16   21 0.37
  53   62 0.17
  12   23 0.42
  70   81 0.21
  53   86 0.26
  70   71 0.47
  18   43 0.30
  22   42 0.35
  47   64 0.08
  67   97 0.12
  55   62 0.65
  50   55 0.54
  31   36 0.99
  56   80 0.55
  46   65 0.24
  62   67 0.44
  63   90 0.63
  44   60 0.20
  50   58 0.07
   8   29 0.21

  68   97 0.69
   3   10 0.15
  25   40 0.92
  61   73 0.32
  19   23 0.11
  44   56 0.89
  15   38 0.00
  33   61 0.34
   4   21 0.22
  29   63 0.13
  54   82 0.63
  12   21 0.69
  67   97 0.50
  46   67 0.29
  20   46 0.72
  19   39 0.04
  51   67 0.87
  37   59 0.48
  50   72 0.26
  72   83 0.57
  32   58 0.18
  71   95 0.67
  13   49 0.37
  37   38 0.28
  39   74 0.62
  52   60 0.03
  51   60 0.84
  42   51 0.39
  74   92 0.39
  46   70 0.78
  38   42 0.33
  33   62 0.13
  37   48 0.71
  18   39 0.22
  60   63 0.45
  61   91 0.59
  17   30 0.04
  46   50 0.65
  51   54 0.38
   8   28 0.47
  15   25 0.13
  43   50 0.78
  72  104 0.67
  34   48 0.39
  64   94 0.69
  21   27 0.51
   8   42 0.72
  17   26 0.63
  30   41 0.04
  68   71 0.04
  63   72 0.70
  48   67 0.91
  40   70 0.36
  69   95 0.15
  15   45 0.32
  42   67 0.55
  52   81 0.23
  47   61 0.52
  18   43 0.05
  36   48 0.51
  59   84 0.34
  74  107 0.47
  18   50 0.52
  11   17 0.77
  36   46 0.78
  60   81 0.20
  42   59 0.39
  51   53 0.49
  23   31 0.64
  32   52 0.70
  58   79 0.00
  42   54 0.11
  43   61 0.75
  32   51 0.32
  44   70 0.61
  66   86 0.43
  71  107 0.05
   0   12 0.56
  64   78 0.29
  18   23 0.58

