5 60 4
3   10  10  20

  55   64 0.82
  31   54 0.13
  47   60 0.29
   5   22 0.74
  34   50 0.43
  16   18 0.53
  20   36 0.88
  32   57 0.24
  59   59 0.34
  18   24 0.90
  34   57 0.12
  30   32 0.42
  50   67 0.95
   1   10 0.09
  28   48 0.46
  48   71 0.96
  42   47 0.50
  44   72 0.52
  34   39 0.42
  55   75 0.66
  39   58 0.54
  26   28 0.86
  11   19 0.38
  19   34 0.94
  51   67 0.03
  53   61 0.74
  22   26 0.19
  55   65 0.14
  34   44 0.98
  59   81 0.68
  12   22 0.34
   4    9 0.22
   3    7 0.73
  34   34 0.91
  26   52 0.86
   2   13 0.31
  27   38 0.96
  59   85 0.10
  39   43 0.95
  53   75 0.20
   4   11 0.58
  42   62 0.42
  36   47 0.13
  44   53 0.36
  43   58 0.20
  19   47 0.57
   5   10 0.49
  31   49 0.81
  39   49 0.33
  36   47 0.09
  24   41 0.11
  15   22 0.08
  14   22 0.62
   3   12 0.50
  25   43 0.53
  15   21 0.93
  24   28 0.10
  46   54 0.79
  33   33 0.51
  59   85 0.37

  49   70 0.33
  26   32 0.10
  12   40 0.93
  20   25 0.21
  58   64 0.61
  19   41 0.23
  35   47 0.05
   2   16 0.00
  23   30 0.41
   4   15 0.00
  15   30 0.60
  41   66 0.24
  35   63 0.02
   2   31 0.43
  58   58 0.10
   0    3 0.18
   2   18 0.55
  41   59 0.27
  55   84 0.56
  38   39 0.48
  19   27 0.09
  52   69 0.31
  44   48 0.75
  19   22 0.03
  56   79 0.30
  49   56 0.75
  17   27 0.54
   1   22 0.57
  46   48 0.53
   0   21 0.52
  20   23 0.41
  38   40 0.51
  44   62 0.34
   9    9 0.55
   8   14 0.59
   9   28 0.82
  40   44 0.83
  10   33 0.05
  20   43 0.07
  47   72 0.19
  41   41 0.99
  54   70 0.34
  49   60 0.67
  57   76 0.25
  35   46 0.86
  47   61 0.11
  37   56 0.85
  19   40 0.95
   4    8 0.73
  55   84 0.44
   0   22 0.48
   7    9 0.46
  10   24 0.22
  13   29 0.71
   6   23 0.82
  30   51 0.48
  33   47 0.63
  33   41 0.69
   7   15 0.30
   7   29 0.04

  58   68 0.44
  26   34 0.22
  13   14 0.11
  46   60 0.81
  48   71 0.10
  39   58 0.39
  28   40 0.37
  51   72 0.10
  38   56 0.94
  12   15 0.77
  47   63 0.37
  56   75 0.08
  14   36 0.89
  50   70 0.85
  36   57 0.72
  35   56 0.74
  29   45 0.82
  56   59 0.79
  48   76 0.45
  39   47 0.35
  19   24 0.81
  16   28 0.93
  49   50 0.11
  49   64 0.26
  16   30 0.69
   6    6 0.60
   8   13 0.07
  54   59 0.90
  43   55 0.29
  39   52 0.67
  31   57 0.71
  48   69 0.61
   3    9 0.78
  13   16 0.22
  42   51 0.47
  29   55 0.33
  52   73 0.33
  56   63 0.93
   0   15 0.00
   7   20 0.72
  23   47 0.95
  17   17 0.59
   9   35 0.29
  25   44 0.77
   1    4 0.96
   3   10 0.22
  54   66 0.40
  28   43 0.31
   0    7 0.04
  10   20 0.23
  29   43 0.82
  10   32 0.55
  46   57 0.84
  36   62 0.16
   2   22 0.75
  56   64 0.44
  18   28 0.94
  33   58 0.08
  13   23 0.12
  18   29 0.33

