3 15 4
12   10   4   2  16   4   2  10  20   4  16   4  10

  30   89 0.02
  61  107 0.23
  32   33 0.56
  22   29 0.89
  22  116 0.85
  24   82 0.14
   1   78 0.40
  47   63 0.61
  51  130 0.88
   7   94 0.84
  33   74 0.29
  46   59 0.22
   1    7 0.39
  33  124 0.93
  31  106 0.90

  15   67 0.81
   8   97 0.12
  56   84 0.27
  51   51 0.09
  37  120 0.08
  33   74 0.66
  18   78 0.86
  16   29 0.43
  39   63 0.43
  25  111 0.47
  23   25 0.84
  62  122 0.84
  52  123 0.98
  57  103 0.47
  35  127 0.50

  17   89 0.60
  18   65 0.70
  43   70 0.26
  21   95 0.24
  39   85 0.06
  37  113 0.10
  42  108 0.36
  50  109 0.97
  19   62 0.07
  16   24 0.57
  23   47 0.57
  18   58 0.81
  55  100 0.97
   2   36 0.82
  56   92 0.83

  55   89 0.67
   4    6 0.96
  13   68 0.02
  13   33 0.44
  58  115 0.85
  18   47 0.29
   5   15 0.40
  18   24 0.00
  25  117 0.99
  59  106 0.06
  23  106 0.30
  59   64 0.04
  17   26 0.35
  21   60 0.54
  51  125 0.56

  25  106 0.99
  27   40 0.01
   1   36 0.21
   5   69 0.81
  18  108 0.01
  60   78 0.63
  59  103 0.78
  17   26 0.56
  11   78 0.21
  22   95 0.50
  61   95 0.76
  52  107 0.96
  57   81 0.92
  52  121 0.64
  27   37 0.86

  24   63 0.51
  33   37 0.71
  56   72 0.09
  12   76 0.78
   5   74 0.89
  18   27 0.87
  33   91 0.19
  60  145 0.64
  16   69 0.65
   7   62 0.95
   9   37 0.61
  49   62 0.27
  24  114 0.31
  16   57 0.90
   4   85 0.87

  60  116 0.60
  58   95 0.51
  45   48 0.20
  14   50 0.48
  21   82 0.50
  20   98 0.49
  30   83 0.43
  46   95 0.72
   9   79 0.25
  28   58 0.94
  39   64 0.13
  32   76 0.60
   0   29 0.10
  40   57 0.94
  59  133 0.27

   7   25 0.59
   6   81 0.99
  54   91 0.99
  24  106 0.43
  16   41 0.10
  34   98 0.12
  59   69 0.37
  51   93 0.70
  16  100 0.95
   7   79 0.49
  39   51 0.98
  33  124 0.09
  53  135 0.69
  60  139 0.93
  27   30 0.60

  34  104 0.70
  48   50 0.47
  39   45 0.71
  45   90 0.29
  46   69 0.53
  18  109 0.35
  62  128 0.23
  56  115 0.47
  53  144 0.24
  61   82 0.52
  55   87 0.95
  29   76 0.60
  39   61 0.51
  56  114 0.00
  48  115 0.55

  17   63 0.28
  58  151 0.16
  47  123 0.62
  26   40 0.06
  25   33 0.73
  16   52 0.79
   4   94 0.39
  46   70 0.46
   8   20 0.30
  18   43 0.36
   6   92 0.45
  13   71 0.46
   6   92 0.99
  40   49 0.98
  26   45 0.35

  45   95 0.38
  39  111 0.20
  54  100 0.54
  41   48 0.96
  25  110 0.87
  53  113 0.01
  31   42 0.11
   4   26 0.92
  58   66 0.32
  22  111 0.01
  20   47 0.33
   9   65 0.03
  16   17 0.96
  52   67 0.02
  20   53 0.12

  30   57 0.21
  49   77 0.65
  15   31 0.92
  45   56 0.03
  40   78 0.67
  28   70 0.01
  34  105 0.88
  39   99 0.28
  28  105 0.16
   6   25 0.11
  56   56 0.76
  50  119 0.22
   9   84 0.66
  36   60 0.09
  60  124 0.00

