4 80 4
3   16   4   4

  21   34 0.71
  18   44 0.65
  11   25 0.02
   0   26 0.36
  10   39 0.15
  27   40 0.12
  10   25 0.15
   5    6 0.80
   7   36 0.04
  12   15 0.49
   5    7 0.17
  27   31 0.35
  14   39 0.49
   6   12 0.64
  18   25 0.22
  23   25 0.84
  17   32 0.29
  28   38 0.24
   7   20 0.81
  27   35 0.47
  25   35 0.20
  27   45 0.37
   4   30 0.51
  14   16 0.45
  17   19 0.70
  29   42 0.52
   5   27 0.76
  26   32 0.31
  17   33 0.68
   6   29 0.90
   4    6 0.65
   7   29 0.30
  14   22 0.94
  20   43 0.13
   5   29 0.88
   3   11 0.05
  19   20 0.89
  12   41 0.64
   9   27 0.34
  11   24 0.56
   2   16 0.39
  10   16 0.46
  14   43 0.96
   6   23 0.44
  17   21 0.43
  13   31 0.41
   6   29 0.54
  27   36 0.00
  20   45 0.57
  22   47 0.63
  29   36 0.68
  20   46 0.70
  18   40 0.78
   9   29 0.24
  19   39 0.35
  25   25 0.53
  21   29 0.44
  19   35 0.14
   8   34 0.67
  28   54 0.10
  22   23 0.38
   0   19 0.18
  16   22 0.77
  23   28 0.92
  18   30 0.25
  11   40 0.05
   6   13 0.67
   4   31 0.45
   0   20 0.38
  11   28 0.38
  15   34 0.57
  10   19 0.30
   7   29 0.86
   6   30 0.36
  22   51 0.30
  16   35 0.19
  28   43 0.34
  25   31 0.10
  15   15 0.92
  15   39 0.71

   6   19 0.85
   2   25 0.61
   7    7 0.81
  21   32 0.57
  28   56 0.23
  24   29 0.39
  15   40 0.79
   5   34 0.23
   2   21 0.04
   6   21 0.42
  18   37 0.29
  10   19 0.62
  23   42 0.68
   2   26 0.40
   5   20 0.94
   8   23 0.15
  17   24 0.84
  16   18 0.00
  18   22 0.47
  23   40 0.21
  18   46 0.93
   9   36 0.59
   6   14 0.52
   5    8 0.31
  18   35 0.08
  18   26 0.32
  27   42 0.43
   7   13 0.95
  19   45 0.65
  27   39 0.29
  23   48 0.59
  29   53 0.15
  13   39 0.25
  18   45 0.20
   0    4 0.02
   3   24 0.51
  17   38 0.50
   7   18 0.85
  18   25 0.39
  13   37 0.68
  24   29 0.53
   4    4 0.68
   1   14 0.55
   9   12 0.48
  26   38 0.50
  28   53 0.78
  21   44 0.42
  23   48 0.50
   8   32 0.06
  10   35 0.07
   2    8 0.28
  22   33 0.88
  25   28 0.82
  15   28 0.11
  22   49 0.91
  20   43 0.90
   1   28 0.78
   9   24 0.90
  14   40 0.55
  17   25 0.24
   9   36 0.45
   0   11 0.52
   3   18 0.85
  14   41 0.51
  26   34 0.32
   1   10 0.54
  16   32 0.13
  12   29 0.81
  27   55 0.24
  18   27 0.93
  19   44 0.75
   5   28 0.39
   6   24 0.75
   4   10 0.72
  15   40 0.19
  21   50 0.79
  10   10 0.78
  25   36 0.48
  16   27 0.20
  26   48 0.50

   7   36 0.76
   0   19 0.78
  21   27 0.66
   0    3 0.82
   8    9 0.70
  12   41 0.06
  24   24 0.22
   6   25 0.07
   8   32 0.59
   7   35 0.78
  18   45 0.06
  26   45 0.47
  17   34 0.50
  15   23 0.96
   9   10 0.41
  10   19 0.36
   2   24 0.18
  13   39 0.52
   6   28 0.81
  29   47 0.61
   2   25 0.72
   8   18 0.92
  14   42 0.55
   3   29 0.20
  27   41 0.72
  16   18 0.10
  10   21 0.63
   0   23 0.23
  12   28 0.41
  22   22 0.32
  12   27 0.04
  19   21 0.73
  10   11 0.25
  11   27 0.77
  13   42 0.41
  15   31 0.31
   1   24 0.17
  21   49 0.19
   0   28 0.33
   9    9 0.23
  11   33 0.57
  28   37 0.71
  23   25 0.29
  20   33 0.91
  11   11 0.51
  22   40 0.37
  26   36 0.03
  23   46 0.29
  17   35 0.08
  17   38 0.17
   8   37 0.29
  12   20 0.97
  20   31 0.55
  19   20 0.02
  21   40 0.87
   9   33 0.68
  23   38 0.25
  23   33 0.81
  27   33 0.10
  26   29 0.01
  29   33 0.30
   8   14 0.04
  20   20 0.74
  12   29 0.49
   7   13 0.70
  17   26 0.12
  16   36 0.25
  14   20 0.48
  11   22 0.82
   0   14 0.88
   5   30 0.88
  19   44 0.08
   6   21 0.28
  20   46 0.63
  25   25 0.46
  17   27 0.00
   6   20 0.21
  12   37 0.47
  17   26 0.91
  19   33 0.58

