4 15 8
12    2  16  16   2  20  10   4   4  20   2   4   2

   0    5 0.69
   8   17 0.99
   9    9 0.42
  10   19 0.02
   6    6 0.39
  10   19 0.05
   7   11 0.31
   3   13 0.07
   8   14 0.72
   0   10 0.28
   5   13 0.57
   0    2 0.52
   5    5 0.11
   4    6 0.25
   4    9 0.50

   4    6 0.19
   3    7 0.28
   5    5 0.48
   8   11 0.64
   2   11 0.83
   2   11 0.99
   7   15 0.99
  10   16 0.41
   7   11 0.95
   4   10 0.70
   6   10 0.76
   9   16 0.09
   1    6 0.01
   5   10 0.81
   3    7 0.92

  10   19 0.64
   3    9 0.40
   4    7 0.57
  10   16 0.03
   4    6 0.22
   2    5 0.85
   0    9 0.27
   4   14 0.70
   0    0 0.04
   3   13 0.07
  10   12 0.07
   5   13 0.83
   4    6 0.84
   0    6 0.62
   7    7 0.77

   9   14 0.54
   6    6 0.16
   5    8 0.22
  10   10 0.23
  10   10 0.76
   0    0 0.63
   8   12 0.39
   8   11 0.27
   0    2 0.28
   3   10 0.60
   2    9 0.23
   6   15 0.10
   8   11 0.34
   2    7 0.11
   2   11 0.11

   8   18 0.42
   6    9 0.52
   4    7 0.42
  10   20 0.59
   6    8 0.96
   9   10 0.33
  10   20 0.16
   1    4 0.05
   8   15 0.54
  10   15 0.36
   2   12 0.35
  10   12 0.38
   2    8 0.79
   0    2 0.21
   8   12 0.31

   9   11 0.18
   7   15 0.07
   1    8 0.35
   9   17 0.89
  10   13 0.98
   6    9 0.65
   1    3 0.38
   2    5 0.14
   2   10 0.32
   0    1 0.54
  10   15 0.86
   1    4 0.33
   9   11 0.03
   2    2 0.80
   2    4 0.20

   7   17 0.14
   4   13 0.55
   1   10 0.15
   1    5 0.31
   7    9 0.12
   1    4 0.78
   9   15 0.59
   2    2 0.82
   2    2 0.44
   3    7 0.76
   8   17 0.02
   2   11 0.73
   3    4 0.52
   2   12 0.97
   5    9 0.60

   2    3 0.49
   0    8 0.19
   2   12 0.28
   8   10 0.73
   3   13 0.56
   6   15 0.18
   4    4 0.67
   1    7 0.70
   8    8 0.60
   5   13 0.15
   7   14 0.96
   5    9 0.79
  10   13 0.54
   5   12 0.08
   5    5 0.58

   2    7 0.11
   0    5 0.87
   4   13 0.74
   3    5 0.81
  10   20 0.40
  10   19 0.75
   4    9 0.30
   5    9 0.99
   8   18 0.05
   7   13 0.38
   9   11 0.24
   4    8 0.92
   6   13 0.25
   8    8 0.66
   8   13 0.23

   0    5 0.98
   5   13 0.11
   4    6 0.33
   2    3 0.68
  10   12 0.05
   4    5 0.83
   3    8 0.83
   4   12 0.63
   9   14 0.09
   2    9 0.75
   3    3 0.27
  10   16 0.63
   6    9 0.45
   3    9 0.06
   9   10 0.56

   2    7 0.76
   9   14 0.00
   0    9 0.55
   1    6 0.18
   5    6 0.38
   2    9 0.38
   8    9 0.62
   5   10 0.41
   3   13 0.60
   7    7 0.44
   0    1 0.78
   6   12 0.88
   3   10 0.62
   6   14 0.51
   7   10 0.15

   0    6 0.86
   4   14 0.27
   0    6 0.55
   7   16 0.75
   0    6 0.05
   5   13 0.22
   5   12 0.03
   1    3 0.50
   2   10 0.39
   4   11 0.96
   2    3 0.28
   9   13 0.31
   4   13 0.30
   1    1 0.82
   7    7 0.98

