5 20 4
12    4   4   2  20   4   4  16  10   2  10  10   2

  14   21 0.91
  18   21 0.44
   2   20 0.50
   5    8 0.83
  33   38 0.62
  13   18 0.24
  23   23 0.07
  39   41 0.93
   0   20 0.00
  26   39 0.72
  11   22 0.43
  37   46 0.93
  12   22 0.01
  19   37 0.62
   1   14 0.19
  13   31 0.52
  32   44 0.32
  29   35 0.99
  18   22 0.15
  20   23 0.14

  32   45 0.60
  32   36 0.61
   5   23 0.76
  11   26 0.72
  27   32 0.64
  16   29 0.17
  18   37 0.86
  18   26 0.82
   3   15 0.15
   0    2 0.07
   7   20 0.73
  23   30 0.44
  18   23 0.63
  35   49 0.73
  32   40 0.37
  26   29 0.73
   7   19 0.58
  40   44 0.06
  16   37 0.96
   2   21 0.54

  34   39 0.21
  19   37 0.36
  23   36 0.36
  26   27 0.69
  43   56 0.98
  13   20 0.88
   9   16 0.02
  33   43 0.71
   8   29 0.01
  11   25 0.33
   7   14 0.61
  36   36 0.34
   2   14 0.19
  26   26 0.75
   1   10 0.10
  39   44 0.26
  28   35 0.21
  13   29 0.45
  32   33 0.28
   9   20 0.42

  22   34 0.01
   4   24 0.40
  37   51 0.99
  23   42 0.07
   5   23 0.30
  36   47 0.06
  26   41 0.09
  34   35 0.13
  19   29 0.01
  19   34 0.98
  20   24 0.69
  12   28 0.88
   1   15 0.17
  30   31 0.46
  13   23 0.42
  22   39 0.63
   3    4 0.71
  37   47 0.63
  23   24 0.22
  12   30 0.47

   8   26 0.09
  30   49 0.54
   8   14 0.48
  24   45 0.03
  29   37 0.69
  32   52 0.23
  24   38 0.55
  42   54 0.61
   3    5 0.16
  21   38 0.22
  36   55 0.60
  12   12 0.09
  41   42 0.52
   6   22 0.62
   5   11 0.22
   6    9 0.43
  27   35 0.06
  11   29 0.82
   9    9 0.05
  12   30 0.81

  40   43 0.24
  11   27 0.89
   4   24 0.96
   7   19 0.29
  18   21 0.79
  13   21 0.84
  37   39 0.86
   5   12 0.41
  23   44 0.55
  39   47 0.86
  39   51 0.23
   8   19 0.41
   6   12 0.06
  38   39 0.31
  38   43 0.90
  37   42 0.46
  23   35 0.50
  43   60 0.26
   7   20 0.94
  22   23 0.36

  27   31 0.26
  41   43 0.72
  31   49 0.99
  29   33 0.11
  12   13 0.61
  19   27 0.57
  38   48 0.46
  18   30 0.53
   4   10 0.74
   7   11 0.62
  40   55 0.48
  35   56 0.51
  28   41 0.10
  31   45 0.98
  23   26 0.10
  33   50 0.27
  35   43 0.71
  23   28 0.53
  13   20 0.72
  18   24 0.93

  11   15 0.99
   4   17 0.53
   0    0 0.68
  30   42 0.26
  12   21 0.08
  36   38 0.80
   5   11 0.49
  11   22 0.81
  31   39 0.91
  10   31 0.03
  41   55 0.45
   9   26 0.19
   4   22 0.98
  31   44 0.37
  17   24 0.35
  25   35 0.00
  15   30 0.39
  38   51 0.03
  33   42 0.71
   4   16 0.78

  20   34 0.55
  36   53 0.85
  20   35 0.39
  34   51 0.18
  22   23 0.31
  31   48 0.78
  34   48 0.71
  11   21 0.69
  30   47 0.25
  24   41 0.67
  15   28 0.16
   7   21 0.69
   0    3 0.09
  11   17 0.98
  30   48 0.26
  42   52 0.08
   0   21 0.69
  43   47 0.32
  40   40 0.31
  14   32 0.81

  41   53 0.71
  25   26 0.03
  11   31 0.46
   8   29 0.49
  14   23 0.17
  25   29 0.71
  21   37 0.72
   7    8 0.52
  19   34 0.51
  19   26 0.51
  18   31 0.57
  27   33 0.97
  43   55 0.67
  23   30 0.08
  29   46 0.54
  14   18 0.34
   2   20 0.76
  36   39 0.44
  13   32 0.02
  29   48 0.83

  41   51 0.77
  17   27 0.23
  23   30 0.10
   6   26 0.72
  32   52 0.08
   8   19 0.14
  26   47 0.86
  11   26 0.41
  16   19 0.47
  15   22 0.68
  28   38 0.17
  42   56 0.14
  25   35 0.90
  29   36 0.46
  28   34 0.34
  35   55 0.44
  38   59 0.02
  27   39 0.82
  20   29 0.96
   1   15 0.36

  38   59 0.79
   2    2 0.43
  28   45 0.59
  37   42 0.97
  17   22 0.73
  23   25 0.03
  38   53 0.17
   7   11 0.10
  32   52 0.56
   8   24 0.81
  19   30 0.53
  31   33 0.69
  14   28 0.32
  41   42 0.00
  10   28 0.25
  40   52 0.98
  32   35 0.08
  32   44 0.32
   0    7 0.02
  31   51 0.48

