3 25 4
12   16  20  10  10  10  10   4  10  16  10   2   2

  31   38 0.77
  44  143 0.54
 124  192 0.56
  83  140 0.62
  38   90 0.92
  52   85 0.19
  28   57 0.43
  95  125 0.29
 100  215 0.98
 116  163 0.60
  56   79 0.57
  40   64 0.00
 112  180 0.24
  76  122 0.06
 105  136 0.44
  29  150 0.70
 101  148 0.82
  37  142 0.27
  51   60 0.80
 104  162 0.57
  16   74 0.07
  11  125 0.51
  86   87 0.36
 113  129 0.91
  62  134 0.86

  38  134 0.73
  52   77 0.39
  94  210 0.06
 120  229 0.13
  35  107 0.55
  61  104 0.99
  68  111 0.78
  92  154 0.41
  39  110 0.88
  99  222 0.01
   2   80 0.59
  42  121 0.03
 100  189 0.54
  17   57 0.98
  78  157 0.37
  98  189 0.02
  57   81 0.51
  21   91 0.90
  64  151 0.39
   4   27 0.57
  33  156 0.15
 114  159 0.84
  33  123 0.87
 121  199 0.58
 121  207 0.86

   7   78 0.22
  96  161 0.25
  68  182 0.51
  58  169 0.46
  21   78 0.14
  26   32 0.85
   9   45 0.44
 102  110 0.13
  48   98 0.80
  97  213 0.46
  86  204 0.86
  52   64 0.25
  21   89 0.45
  76  120 0.99
  15   71 0.15
  89  182 0.23
  14   49 0.95
  20  135 0.59
  78   98 0.18
  66  154 0.48
  46   67 0.18
 103  147 0.66
  98  186 0.04
 124  162 0.25
  98  206 0.86

  38  144 0.94
   5   55 0.40
  55   59 0.70
  59  101 0.70
  19  122 0.23
  29  140 0.63
 109  149 0.74
 100  140 0.38
   7   48 0.22
 112  118 0.47
  39  149 0.09
 120  158 0.84
  45  119 0.87
 116  154 0.82
  75  168 0.43
  79  117 0.84
  25   29 0.02
  81  173 0.77
  95  116 0.63
 107  231 0.84
  93  142 0.84
  58  120 0.78
  84  175 0.82
 105  120 0.58
  20   80 0.29

 123  180 0.58
 106  225 0.54
  23  108 0.17
 115  236 0.08
  58  182 0.79
  79  188 0.77
  72  106 0.29
  37  112 0.81
  21  123 0.41
  67  149 0.67
  18   38 0.02
  41  158 0.55
  61  177 0.06
  70  117 0.67
  63  136 0.74
 108  216 0.22
  73  195 0.52
  44   85 0.48
  12   93 0.70
  99  126 0.03
 100  120 0.14
  51  173 0.95
  67  172 0.48
  12   92 0.06
  41  115 0.38

 103  224 0.39
  73  150 0.10
  18  114 0.67
  84  170 0.62
 113  218 0.90
  16   90 0.01
  71  136 0.09
  89  177 0.13
  83  156 0.03
 119  241 0.96
   8   93 0.75
   7  126 0.16
  82  128 0.68
 107  149 0.91
  37  160 0.20
  33   74 0.32
  94  195 0.08
  82  135 0.60
  41   94 0.45
  97  221 0.78
   6  128 0.36
   8   78 0.75
 106  143 0.68
  97  160 0.57
  34  148 0.18

  88  145 0.08
  26  130 0.55
 123  144 0.42
  77   95 0.30
   6   83 0.21
  19   37 0.34
  47   81 0.26
  47   93 0.69
  58   70 0.54
  20  136 0.10
   4   63 0.56
  38  145 0.70
  59   98 0.02
  39  134 0.15
 123  239 0.81
  56  144 0.12
  49  161 0.94
  85  114 0.39
  61  132 0.65
 101  196 0.25
  27   45 0.39
  76  181 0.08
  64  152 0.54
 124  212 0.56
  29  141 0.99

  70  103 0.18
  28  130 0.27
 103  122 0.21
 122  192 0.13
  59  153 0.44
 122  215 0.58
  90  109 0.96
  49  141 0.77
  24   47 0.61
  91  181 0.90
   5  105 0.72
  69  131 0.26
  19   87 0.39
  65  167 0.00
 108  120 0.48
  16   16 0.95
  67  146 0.32
  66  161 0.99
  44  105 0.11
  25   26 0.59
  80  136 0.99
  97  115 0.21
   4  107 0.44
   5   63 0.65
  94  126 0.28

  80  158 0.21
  53   62 0.73
  17   21 0.06
 110  122 0.47
  20   90 0.50
  30  136 0.45
  96  108 0.88
  55   88 0.54
  86  150 0.18
 119  206 0.28
  17  106 0.87
 118  228 0.11
  92  206 0.87
  21   72 0.01
  94  124 0.39
  18   99 0.60
  71  177 0.32
  85  136 0.48
  58   58 0.70
 114  182 0.39
  63  184 0.20
 121  154 0.93
  92  102 0.26
 112  156 0.73
  36  138 0.83

   2   96 0.33
  12   56 0.05
  58  171 0.61
  64  130 0.38
  64  118 0.80
  10   67 0.07
   0  122 0.27
  49  116 0.04
   2   99 0.71
  84   86 0.84
  52   76 0.46
  24   67 0.01
  93  216 0.00
  12  100 0.75
   8   97 0.58
  50  114 0.70
  89  163 0.58
  44   76 0.27
  71  104 0.99
 119  132 0.81
 111  184 0.74
  53  148 0.28
  42   59 0.84
  20   27 0.30
  54   61 0.46

  79  193 0.92
 114  154 0.00
 109  206 0.87
 113  234 0.00
  62  165 0.15
  88  144 0.00
  49  119 0.21
  89  182 0.55
 121  245 0.00
   5   73 0.02
  30  111 0.67
  79  132 0.16
  79  162 0.29
 120  162 0.46
  40  156 0.19
  89   89 0.76
  75  118 0.93
  90  134 0.94
  83  183 0.58
  15   84 0.24
  51   70 0.84
 123  217 0.20
  55   62 0.91
  10   30 0.50
  36   65 0.55

  70  176 0.17
 104  189 0.11
  52  176 0.98
  90  103 0.93
  24  120 0.21
  51   78 0.00
   7  117 0.28
 114  179 0.29
 104  105 0.28
  77  162 0.68
   0   89 0.44
 111  167 0.74
  16  123 0.35
  42   56 0.44
  37   38 0.30
   7   53 0.95
 122  140 0.32
  10   75 0.80
  34  100 0.63
   7   86 0.51
   6  113 0.51
 102  199 0.57
  10  122 0.76
  73  155 0.12
  99  159 0.77

