3 100 4
3   20  16  10

  58   59 0.38
  71  325 0.37
  36  204 0.58
   9   73 0.59
  35  184 0.29
  83  187 0.18
  53  215 0.19
  63   97 0.63
  54  239 0.22
  87  373 0.22
  35  106 0.65
  10  131 0.39
  31   48 0.06
  38  172 0.80
  60  125 0.53
  30   63 0.43
  83  268 0.46
  63  173 0.65
  67  127 0.78
  16  205 0.39
  54  104 0.65
  70  163 0.55
  82  140 0.26
  80  294 0.85
   2  212 0.55
  29   88 0.76
   9   34 0.89
  91  292 0.76
  27   56 0.98
  64  282 0.63
  90  331 0.86
  41  154 0.36
  30   55 0.72
  12   97 0.87
  72  164 0.46
  14  256 0.88
  29   66 0.46
  85  138 0.96
  62  241 0.31
  61   95 0.47
  35  272 0.31
  14  130 0.23
  75  142 0.00
  39  100 0.70
  33  244 0.32
  67  143 0.38
  18  121 0.22
  12   21 0.77
  31  302 0.99
  63  335 0.96
  30  138 0.54
  51  216 0.85
  72  262 0.62
  30  140 0.80
  12  247 0.84
  24   57 0.29
  15  247 0.33
  24   28 0.36
  76  170 0.12
  31   34 0.20
  46  142 0.79
  43  244 0.24
  61  233 0.16
  60  301 0.42
  68  108 0.61
  66  242 0.84
  21  154 0.53
  17  239 0.53
  47  174 0.64
  50   74 0.91
  72  258 0.09
  28  124 0.82
   9  166 0.01
  19  220 0.45
  35  154 0.65
  31   67 0.72
  75  135 0.46
   1  223 0.60
  20   65 0.54
  83  197 0.69
  74  231 0.95
  34  188 0.97
  54  211 0.18
  12  152 0.95
  12  218 0.56
   3  247 0.55
  34  216 0.52
   2  246 0.57
  38   86 0.89
  65   77 0.45
  25  206 0.80
   5  223 0.86
  29  140 0.36
  14   80 0.16
  50  242 0.09
  63  336 0.77
  14  243 0.26
  18  220 0.56
  56  167 0.95
  34  230 0.30

  19  249 0.13
  80  101 0.80
  46  310 0.41
  72  150 0.52
  53   68 0.52
  70  301 0.31
  70  166 0.82
  74  183 0.08
  18  238 0.00
  73  147 0.01
  69   72 0.26
  93  229 0.61
  46   77 0.62
  12  216 0.01
  51  207 0.32
  71  335 0.97
  25  222 0.33
  58  210 0.96
  87  359 0.38
  35  209 0.11
  89  131 0.02
  42  229 0.98
  60  268 0.13
  34  154 0.74
  11   43 0.25
  21   80 0.24
  11  270 0.82
  54  118 0.33
  39  299 0.06
  47   48 0.98
  11   13 0.20
  92  316 0.31
  37  142 0.28
  11  143 0.22
   5  275 0.27
  61  170 0.65
   0  177 0.25
  71  220 0.53
  71  129 0.32
   4  252 0.14
  75  359 0.19
  57  193 0.73
  43  112 0.98
  28  211 0.23
  69  208 0.17
  54  229 0.03
  21  264 0.57
  21  143 0.27
  51  294 0.45
  55  175 0.38
  87  137 0.34
  34  313 0.65
   5  142 0.72
  59  178 0.16
  19  205 0.23
  54  191 0.24
  17  202 0.03
  15   92 0.15
  37  248 0.35
  18   43 0.54
  60  107 0.93
   7  206 0.71
  82  240 0.68
  47  135 0.80
  91  211 0.82
  29   42 0.58
  10  104 0.46
  20  182 0.21
  90  161 0.79
  59  317 0.88
  93  163 0.59
  55  298 0.02
  72  238 0.61
  77  263 0.33
  54  316 0.06
  42  201 0.78
  14  230 0.63
   2   82 0.28
  75  350 0.49
  66  281 0.25
  20  158 0.14
  49  181 0.30
  68  154 0.39
  57  292 0.10
  24  101 0.20
  83  134 0.90
  19  201 0.17
   2  231 0.20
  40  163 0.97
  36  104 0.70
  63   76 0.39
   3   77 0.12
  88  142 0.68
  65  112 0.70
  92  217 0.74
  45   95 0.06
  34  137 0.46
  37  166 0.12
  84  361 0.56
  51  142 0.09

   5   51 0.62
  12  213 0.72
  31  180 0.35
  74  200 0.24
   4  259 0.89
  78  269 0.89
  85  329 0.62
  70  256 0.77
  77  230 0.88
  75  308 0.04
  42  289 0.92
  24  166 0.44
  21  154 0.66
  85  208 0.03
  23   39 0.35
  46  222 0.65
  55  198 0.85
  18  257 0.77
  81  146 0.64
  48  313 0.14
  63  219 0.39
   2  120 0.53
  10  232 0.84
  11  260 0.36
   5  132 0.94
  61  271 0.52
  47  261 0.35
  74  315 0.11
  92  161 0.00
  31  254 0.55
  19  196 0.91
  20  241 0.07
  38  261 0.39
  42   76 0.12
  51  269 0.60
  36  311 0.72
  21   31 0.00
  70  326 0.60
  60  241 0.25
   4   84 0.26
  90  231 0.69
  87  200 0.22
  26  238 0.94
  34  165 0.02
  31  174 0.97
  83  302 0.70
  16   99 0.76
  83  213 0.72
  12   73 0.27
  91  329 0.60
  49  195 0.96
  57  276 0.38
  44  239 0.62
  34   98 0.79
  19   55 0.64
  18  265 0.76
  75  350 0.92
  53   84 0.76
  71  188 0.11
  28  155 0.72
  83  100 0.88
  78  203 0.76
  31  174 0.64
  45  278 0.20
  34  245 0.29
  18   81 0.77
  34  236 0.61
  27  240 0.78
  76  352 0.32
  79  279 0.19
  59   88 0.32
   2  130 0.24
  88  281 0.65
  62  235 0.06
  53   78 0.30
  40  222 0.00
  87  151 0.37
  81  138 0.94
  41  110 0.35
  38   94 0.30
  40  321 0.91
   5  162 0.97
  62  315 0.05
  28   52 0.60
  19  164 0.69
  36  304 0.08
  92  113 0.92
  66  336 0.09
  33  312 0.96
  46  208 0.67
  86   88 0.54
  13  203 0.74
   8   89 0.63
  53  296 0.46
   0  166 0.99
  39   67 0.77
  45  160 0.72
  40   86 0.02
  75  193 0.63
  38  318 0.18

