5 100 8
3   16  20  16

  28   63 0.10
  29   80 0.35
  24   44 0.65
  25   47 0.91
  17   33 0.31
   2   51 0.74
   2   18 0.08
  29   79 0.86
  18   29 0.36
  19   74 0.96
   1   49 0.27
  24   29 0.03
  30   82 0.76
   9   73 0.02
  21   42 0.28
   6   44 0.63
   9   41 0.20
  22   51 0.92
   6   43 0.24
  14   27 0.47
  22   52 0.89
  25   61 0.25
   2   27 0.81
  16   62 0.99
  24   82 0.52
   5   22 0.80
  27   73 0.51
  13   70 0.67
   6   68 0.03
  13   64 0.73
   0   43 0.94
  23   30 0.97
  29   56 0.78
  20   59 0.28
  27   28 0.44
  26   50 0.01
  27   57 0.53
  20   59 0.61
  11   41 0.08
  10   21 0.69
  25   59 0.80
  13   75 0.28
   3   58 0.82
  14   60 0.36
   8   41 0.53
  15   39 0.14
   3   15 0.65
  12   35 0.66
  16   33 0.41
  11   27 0.00
  21   58 0.73
  22   70 0.76
   5   29 0.66
  22   81 0.22
  12   32 0.53
  21   49 0.29
  11   26 0.07
  30   94 0.98
  24   72 0.44
  21   22 0.91
  13   55 0.09
  18   58 0.62
  13   13 0.86
  17   70 0.26
  24   72 0.49
  12   51 0.80
  21   67 0.90
  31   69 0.44
  29   50 0.90
   2   22 0.38
  19   57 0.42
  30   90 0.20
   7   25 0.13
  12   58 0.25
  26   84 0.83
  30   57 0.64
  26   40 0.58
  24   78 0.30
  13   51 0.66
  15   59 0.26
  13   39 0.73
  12   52 0.34
  25   48 0.54
  14   19 0.38
   9   34 0.73
  26   47 0.28
  16   52 0.27
  14   46 0.74
   3   33 0.16
  10   26 0.45
   7    9 0.86
   3   36 0.56
  23   42 0.12
   4   42 0.71
  19   38 0.58
  19   35 0.64
   5   54 0.40
  28   55 0.19
  31   92 0.96
   0   40 0.86

  17   21 0.94
   3    7 0.40
  17   29 0.66
  16   24 0.10
  22   41 0.35
  11   56 0.11
  31   49 0.09
  31   38 0.62
  10   24 0.52
  25   42 0.85
  12   62 0.59
   7   22 0.27
  24   84 0.13
  17   19 0.22
   8   10 0.38
  14   69 0.51
  26   42 0.83
  30   64 0.84
   7   15 0.82
  17   60 0.02
  22   40 0.38
   0   16 0.92
   0    2 0.53
  14   23 0.12
  28   81 0.35
  27   37 0.91
   9   12 0.14
  23   70 0.34
  29   81 0.18
  29   58 0.04
  17   70 0.47
  21   84 0.36
  13   58 0.51
  15   23 0.79
  30   78 0.15
  26   74 0.62
  28   74 0.99
  31   44 0.78
   9   51 0.99
  11   52 0.10
  18   60 0.94
  12   25 0.60
  24   83 0.51
  12   29 0.37
  10   15 0.35
  19   66 0.26
  26   87 0.28
  14   23 0.48
  16   36 0.35
  25   69 0.13
   8   57 0.76
  22   72 0.01
  30   65 0.85
  25   53 0.80
  26   35 0.17
  16   72 0.07
  20   65 0.74
  15   78 0.95
   8   56 0.66
  19   52 0.22
  22   60 0.07
   6   61 0.63
   2   37 0.98
  21   74 0.78
  11   64 0.23
  31   38 0.57
  18   24 0.03
  18   38 0.66
  19   60 0.44
   2   23 0.77
  17   64 0.26
  24   78 0.64
   8   40 0.80
   8   58 0.54
   8   51 0.00
  22   73 0.84
  25   47 0.41
   9   58 0.03
   8   61 0.21
   5   21 0.97
   3   40 0.41
   3   23 0.57
  12   75 0.43
  23   50 0.84
  18   52 0.58
  12   53 0.44
  14   46 0.78
  31   90 0.35
  23   36 0.97
  25   82 0.38
   7   36 0.73
   0   32 0.99
  10   61 0.16
  15   48 0.53
  11   53 0.24
  26   31 0.01
   1    5 0.06
   9   68 0.52
   4   20 0.84
  17   33 0.61

  18   69 0.30
  11   62 0.64
  15   28 0.18
  31   80 0.88
   6   32 0.79
   6   16 0.12
  20   59 0.32
  28   74 0.89
  31   74 0.15
  11   68 0.12
  10   39 0.77
  13   59 0.75
  12   69 0.13
  21   35 0.33
  10   64 0.96
  10   65 0.21
   9   47 0.76
  17   53 0.25
  19   67 0.31
  20   69 0.93
  29   55 0.37
  16   18 0.25
  31   34 0.72
  22   47 0.65
  15   71 0.72
  16   74 0.34
   4   55 0.96
  26   37 0.03
   9   49 0.62
   8   32 0.92
  13   69 0.63
  15   66 0.47
  16   80 0.70
  18   27 0.92
  26   87 0.35
  24   69 0.83
   3   48 0.26
  29   93 0.66
  21   82 0.92
  24   56 0.94
  18   69 0.63
  18   45 0.43
  23   78 0.16
  28   40 0.00
   1   62 0.36
   5   23 0.15
  27   51 0.27
   9   66 0.41
  29   77 0.11
   0   27 0.54
   2   38 0.97
   7   24 0.57
  30   91 0.33
  13   72 0.43
   7   32 0.79
  13   63 0.40
  31   85 0.91
   2   26 0.93
   3   17 0.51
  14   67 0.22
  26   64 0.29
  17   27 0.26
   4   10 0.51
   3   39 0.12
   7   29 0.63
  16   65 0.81
  10   15 0.29
  27   52 0.27
  22   69 0.29
   5   52 0.23
   3   48 0.00
   0   35 0.65
  12   20 0.75
  21   70 0.84
   8   53 0.17
  11   67 0.30
  27   88 0.97
  14   59 0.87
  23   45 0.03
  10   31 0.97
   5   33 0.56
  18   62 0.04
  18   27 0.65
  15   19 0.75
  19   59 0.93
   7   10 0.29
  24   66 0.54
  28   64 0.68
  16   65 0.06
  28   44 0.55
   3   54 0.17
  14   72 0.36
  12   36 0.10
  30   62 0.78
   2   11 0.10
   7   36 0.40
  14   22 0.61
  27   65 0.14
  24   40 0.51
  31   60 0.37

