3 15 8
12    2   2  20  20  16   4   2  10  10   4   2   4

   1   26 0.10
   5   21 0.75
  12   24 0.77
   9   24 0.00
  10   14 0.71
  11   16 0.55
   0   21 0.66
   0    6 0.08
   4   24 0.03
  10   37 0.11
  14   42 0.16
   2    4 0.34
  13   27 0.01
  13   22 0.41
   5    6 0.68

   0   29 0.12
   5   23 0.63
   5   25 0.51
  12   32 0.43
   2   26 0.07
  11   15 0.77
   2   22 0.74
   7   23 0.45
   9   17 0.22
  10   36 0.26
  14   23 0.70
  10   28 0.81
   2   27 0.63
   2   28 0.47
   5   19 0.56

   5    7 0.37
  10   25 0.96
   0    6 0.45
   9   16 0.16
   8    9 0.05
   0    7 0.92
   5   26 0.29
  13   25 0.88
   0   29 0.39
   2   12 0.68
  11   33 0.06
  14   16 0.05
  13   39 0.98
   8   30 0.87
  14   34 0.50

   1    3 0.13
   8   23 0.95
  13   25 0.61
  11   25 0.05
   7   32 0.60
   8   28 0.67
   9   38 0.68
   5   17 0.03
  13   22 0.43
   9   10 0.51
   3   27 0.47
   5   34 0.87
  12   31 0.03
   0    4 0.29
   3   21 0.20

   9   14 0.88
  14   36 0.82
   4   18 0.13
  14   38 0.16
  14   29 0.39
   8   17 0.44
  10   20 0.67
  12   16 0.17
   5   19 0.90
   9   21 0.55
   9   26 0.17
   8   34 0.23
   0    8 0.99
   4   28 0.35
  10   33 0.24

   6   24 0.46
  10   26 0.40
  10   13 0.84
   9   22 0.50
  10   34 0.63
   1   24 0.34
   9   23 0.24
   5   17 0.14
  10   30 0.57
   6   23 0.92
   4   29 0.42
   0   12 0.84
   1   24 0.59
   3   31 0.42
  11   15 0.92

  10   22 0.03
   4   12 0.19
   3   16 0.37
   8   30 0.60
  12   26 0.45
  11   25 0.05
   8   33 0.25
  10   27 0.02
   2   14 0.52
  14   42 0.85
   3   14 0.41
   3    4 0.63
   9   28 0.42
   2   19 0.81
   9   31 0.78

  12   25 0.25
   9   16 0.82
   6    6 0.11
  14   36 0.50
   3   15 0.78
  11   30 0.32
   6    6 0.81
   2   29 0.86
   6   28 0.19
  13   34 0.80
   2   20 0.43
   0    7 0.19
   2    3 0.22
  13   23 0.38
   0   19 0.93

   5   33 0.14
   1   18 0.78
  10   21 0.57
   7   16 0.00
  13   16 0.10
  13   19 0.69
  11   27 0.68
   3   16 0.75
   3    6 0.50
  11   36 0.67
   5    7 0.73
  13   27 0.85
   4   12 0.46
  13   20 0.70
   7   19 0.32

   8   21 0.38
  12   21 0.25
  14   14 0.29
  12   20 0.90
  12   15 0.90
   8   21 0.97
  12   25 0.01
   1    1 0.83
   9   38 0.77
   9   28 0.90
   8   15 0.20
   3   12 0.29
   1   15 0.96
   1   20 0.64
   8   12 0.12

   1    9 0.86
   8   34 0.75
  13   42 0.11
   8   14 0.28
  13   14 0.36
   9   15 0.08
   3    4 0.92
  10   22 0.06
   2   23 0.31
   8   32 0.31
  14   25 0.14
   9   30 0.78
   7   29 0.04
   5   10 0.78
   2    2 0.33

   2   21 0.77
  12   29 0.84
   8   30 0.15
  11   31 0.10
  14   43 0.68
  11   20 0.58
  12   37 0.35
   6    9 0.31
   9   23 0.38
   8   19 0.21
   2   16 0.62
  12   17 0.53
   6   19 0.00
  10   22 0.16
   2   30 0.65

