5 60 8
3   16   2  20

  27   35 0.49
  21   57 0.68
  27   65 0.10
  18   19 0.71
  11   42 0.14
  18   43 0.60
  22   26 0.82
  11   52 0.38
  25   37 0.07
  13   15 0.99
   3   21 0.76
   6   26 0.69
  16   50 0.16
  10   28 0.98
   5   29 0.70
   2   33 0.65
   8   24 0.95
   5   41 0.16
  11   45 0.39
  17   46 0.58
   2   18 0.39
  13   27 0.26
  16   44 0.49
   9   44 0.80
   3   33 0.89
  15   47 0.52
  20   41 0.75
  11   41 0.77
   0   23 0.08
   7    9 0.72
   8   47 0.05
   4   36 0.19
  20   48 0.88
  27   47 0.76
   9   42 0.29
   9   45 0.44
  18   22 0.66
   4   24 0.22
  19   48 0.27
  21   57 0.27
  17   30 0.18
  10   23 0.82
  16   21 0.05
  12   22 0.01
   5   32 0.64
  20   45 0.64
  18   32 0.32
  14   48 0.84
   5   12 0.72
   0   37 0.32
   1   34 0.61
  13   49 0.63
  10   10 0.16
   2   32 0.26
  11   37 0.24
  16   28 0.27
  21   21 0.16
  15   49 0.98
   5   44 0.33
   1   28 0.28

  24   48 0.45
   8   19 0.79
  15   53 0.08
  24   53 0.59
   9   42 0.17
  25   55 0.41
  21   35 0.75
  12   42 0.46
  24   34 0.58
  27   54 0.53
  10   40 0.78
  22   38 0.69
  18   49 0.28
   0   41 0.41
  10   11 0.83
  20   57 0.20
  14   21 0.00
  18   46 0.82
   8   35 0.90
   8   48 0.97
  12   23 0.59
  17   19 0.29
   2    7 0.98
   5   15 0.40
   8   48 0.42
  10   30 0.67
  16   43 0.32
  10   17 0.77
   0   37 0.11
  24   43 0.11
   2   15 0.45
  17   26 0.01
  16   33 0.21
   5    8 0.48
   5   41 0.71
  26   26 0.64
   9    9 0.04
   5    5 0.01
   4   38 0.29
   7   15 0.33
   0   20 0.03
   4   24 0.02
  16   22 0.71
   2   43 0.95
   5    6 0.09
  18   24 0.55
   4   40 0.70
  18   50 0.78
   4   12 0.02
   3   26 0.22
   5   11 0.92
  15   53 0.17
  27   57 0.99
  21   50 0.36
  14   23 0.26
  18   31 0.39
   8   37 0.73
  14   33 0.88
  23   52 0.51
  11   51 0.68

  12   25 0.66
  22   26 0.12
   0   26 0.49
  19   45 0.58
   5   28 0.83
   9   42 0.01
  23   54 0.34
  16   43 0.32
  20   56 0.68
   3    3 0.06
   6   43 0.61
  19   22 0.86
  26   28 0.41
  11   46 0.38
  27   29 0.81
   2   30 0.73
   1   31 0.47
  13   46 0.81
  12   20 0.46
   2   19 0.76
  26   31 0.19
  20   50 0.89
  19   55 0.98
  15   46 0.55
   9   39 0.53
   4   28 0.93
  12   22 0.45
  22   55 0.32
  15   51 0.68
   5   46 0.63
  16   26 0.24
  26   62 0.99
  22   24 0.92
  12   53 0.30
   3    8 0.39
  23   26 0.11
  22   57 0.12
   0    8 0.52
   2   26 0.05
  15   39 0.94
  23   37 0.45
  12   45 0.17
  19   49 0.05
  18   24 0.64
  23   32 0.47
  27   59 0.32
   3    7 0.94
   4    5 0.07
  14   26 0.07
  20   53 0.56
   4    9 0.19
   1   29 0.05
  24   28 0.94
  12   43 0.42
  20   41 0.04
  16   38 0.31
   2    5 0.28
   9   37 0.16
  25   29 0.15
  19   46 0.73

