3 100 8
3    4  16   2

  44   45 0.23
   9   28 0.43
  42   61 0.03
  35   52 0.46
   3   12 0.09
  36   49 0.88
   3   19 0.90
  28   33 0.95
  62   74 0.14
  36   36 0.86
  67   83 0.50
   8   21 0.45
  10   11 0.04
  19   29 0.87
  10   16 0.06
  56   65 0.02
  26   34 0.15
  58   63 0.64
  54   73 0.39
  30   40 0.07
  29   39 0.33
  64   69 0.68
  34   35 0.08
  59   75 0.96
  61   71 0.98
  17   38 0.57
   4   13 0.39
  32   49 0.34
  49   69 0.12
  13   17 0.08
  55   63 0.86
  31   50 0.31
  49   70 0.12
  50   71 0.68
  12   27 0.97
  39   50 0.02
  36   49 0.22
  22   31 0.99
  58   59 0.29
  33   54 0.68
  67   83 0.57
  56   67 0.08
  52   73 0.14
   9   28 0.23
  52   55 0.19
  28   30 0.60
  58   74 0.73
   4   19 0.73
  21   21 0.17
  46   63 0.87
  18   30 0.24
   3    3 0.75
   6   22 0.30
  16   20 0.94
  37   52 0.09
   9   17 0.62
  32   32 0.53
  43   54 0.23
  65   83 0.09
  41   44 0.62
  42   55 0.74
  12   13 0.43
  22   33 0.58
  39   43 0.50
  28   29 0.32
  58   66 0.39
  24   41 0.91
  60   80 0.00
  48   51 0.93
   2   20 0.77
  46   60 0.32
  42   48 0.30
  45   66 0.50
  62   78 0.53
  52   54 0.08
  25   32 0.59
   7   20 0.98
  27   46 0.76
  25   46 0.05
   6   15 0.42
  11   12 0.05
  21   29 0.96
  45   62 0.65
  42   46 0.60
   1    5 0.93
  55   56 0.68
  25   46 0.71
  12   22 0.09
   3   24 0.89
  48   48 0.05
  15   19 0.38
  14   16 0.93
  12   31 0.04
  48   49 0.13
  43   58 0.64
  46   48 0.71
   3   15 0.19
  18   18 0.60
  31   32 0.46
  14   16 0.10

  16   22 0.33
   6   16 0.97
   0    3 0.42
  48   62 0.43
  60   80 0.19
  10   21 0.66
  25   44 0.13
  64   67 0.39
  65   67 0.54
  66   84 0.02
  28   35 0.02
  55   67 0.01
  63   73 0.77
  33   42 0.54
  18   18 0.04
  46   61 0.94
  54   63 0.74
  38   49 0.30
  66   76 0.59
  35   50 0.71
   8    8 0.78
  54   60 0.22
  25   31 0.05
  42   49 0.55
   9   30 0.02
  21   21 0.02
   5   21 0.79
  51   56 0.10
  20   20 0.97
  27   27 0.17
  36   54 0.86
  66   74 0.66
  27   46 0.00
  65   72 0.60
  55   76 0.51
  15   16 0.48
  44   59 0.18
  61   66 0.46
  10   31 0.09
   3   13 0.37
   3   21 0.69
  22   40 0.38
  58   78 0.49
  39   46 0.57
  31   40 0.19
  44   60 0.45
  33   33 0.47
  36   55 0.08
  44   57 0.97
  51   71 0.21
  61   63 0.92
  39   46 0.29
  57   61 0.52
  26   35 0.51
  20   24 0.87
  30   33 0.40
  10   24 0.72
  31   38 0.96
   5   17 0.96
  43   43 0.62
   8   27 0.14
   7   19 0.56
  31   43 0.66
   8   10 0.26
  44   65 0.85
  35   51 0.12
  11   11 0.36
   6   27 0.96
  36   53 0.22
  41   43 0.45
  20   34 0.03
  66   73 0.26
  56   60 0.36
  32   35 0.61
  67   71 0.10
  29   29 0.64
  17   32 0.77
  52   61 0.06
  22   31 0.34
  43   62 0.60
  57   60 0.26
  28   42 0.52
  64   76 0.32
  55   68 0.74
  22   34 0.99
  64   73 0.86
  14   31 0.95
  14   30 0.31
  26   46 0.59
   2   16 0.21
  37   41 0.55
  25   39 0.69
  51   65 0.43
  56   65 0.09
  25   30 0.42
  67   80 0.14
  66   83 0.24
  16   27 0.32
  44   51 0.17
   6   13 0.21

   6   11 0.94
  51   53 0.03
   6   12 0.07
  12   20 0.38
  30   47 0.87
  47   56 0.10
  20   38 0.68
  46   66 0.48
   3   10 0.50
  19   40 0.92
  54   56 0.38
  24   33 0.36
  23   37 0.01
  47   64 0.03
  26   32 0.95
  12   27 0.44
  37   46 0.95
  57   69 0.45
  25   35 0.70
  29   47 0.77
   3   13 0.17
  42   45 0.36
  45   64 0.43
  50   71 0.81
   0    1 0.14
  37   40 0.54
  16   24 0.04
  39   45 0.12
  10   28 0.93
  60   62 0.01
  63   79 0.01
  14   28 0.61
  28   34 0.96
  56   56 0.45
  12   15 0.30
  62   78 0.68
   7   14 0.31
  14   27 0.97
  43   61 0.52
  29   45 0.50
  51   72 0.98
  11   26 0.79
  32   37 0.94
  31   36 0.49
  63   80 0.66
  66   72 0.91
  32   32 0.78
  66   72 0.85
   1   17 0.77
  59   73 0.96
  57   78 0.55
  11   25 0.86
  19   22 0.71
  67   78 0.05
   7   26 0.32
   5    7 0.95
  29   38 0.48
   1    3 0.97
  63   77 0.37
  46   55 0.66
   4   16 0.09
  12   12 0.69
  11   32 0.09
  19   26 0.74
  55   74 0.71
  26   32 0.82
  30   33 0.44
  55   62 0.06
  48   55 0.46
  15   27 0.39
  15   25 0.42
  19   35 0.58
  42   42 0.68
  23   33 0.32
   4   10 0.07
  23   26 0.43
   9   30 0.09
  36   49 0.71
   4   12 0.93
  20   21 0.90
  29   44 0.71
  28   39 0.93
  44   52 0.23
  45   64 0.30
  55   63 0.26
  65   80 0.97
  45   48 0.44
  23   42 0.19
  32   41 0.90
  10   21 0.25
  23   35 0.28
  13   32 0.82
   8   24 0.94
   6   26 0.62
  57   66 0.44
  40   44 0.54
  18   31 0.27
  19   37 0.14
   9   27 0.24
  12   32 0.02

