3 80 4
3    2   4   2

   9   27 0.06
   3   36 0.35
  12   32 0.57
   5   28 0.95
   3   31 0.54
  12   12 0.11
  12   24 0.96
   8   12 0.69
   9    9 0.82
   3   29 0.90
   1   14 0.72
   5   34 0.22
  11   23 0.39
   6   21 0.47
  11   29 0.60
   3   32 0.19
  10   41 0.86
   8   19 0.84
   5   39 0.26
  12   22 0.18
  12   37 0.98
  10   42 0.04
   5   22 0.62
  10   40 0.35
   4    5 0.88
   7    9 0.46
  10   47 0.23
  12   43 0.20
   0    9 0.59
   3   34 0.11
   8   24 0.11
   1    2 0.87
   1    3 0.61
  12   32 0.39
   5   42 0.11
  10   36 0.07
   4    8 0.64
   6   30 0.58
   8   38 0.18
   7   43 0.23
   3   16 0.84
  11   35 0.12
   5   16 0.11
   0   16 0.22
   2   12 0.52
  11   48 0.82
  12   37 0.32
   6   29 0.79
   8   21 0.68
  10   12 0.06
   1   30 0.33
   4   24 0.57
   0    5 0.38
  12   15 0.82
   7    8 0.45
   6   28 0.82
   9    9 0.76
   4   38 0.16
   9   12 0.99
  11   23 0.88
   8   38 0.78
   8   13 0.61
   4    7 0.24
   1   15 0.75
   3   13 0.15
   0   27 0.36
   4    8 0.51
   6   10 0.52
   2    7 0.05
   5   14 0.93
   6   23 0.73
   7   34 0.61
  10   19 0.12
   6   14 0.38
   5   10 0.66
   6   33 0.51
   1   26 0.26
  11   12 0.33
  12   42 0.24
   8   29 0.81

   8    9 0.89
   5   43 0.42
  11   22 0.27
   3   39 0.10
  12   37 0.82
   6   25 0.34
   5   42 0.57
  11   29 0.09
  10   32 0.46
   1    2 0.28
   7   29 0.55
   0   16 0.79
   6   28 0.61
   9   13 0.51
   8   40 0.47
   2   33 0.61
  12   26 0.85
   1    4 0.20
   1   16 0.72
   2   36 0.11
   9   24 0.60
   5   30 0.58
   7   27 0.48
   0   26 0.85
   4    5 0.86
   0   30 0.64
   2   26 0.69
   9   31 0.60
   9   20 0.54
  10   21 0.63
   8   14 0.25
  10   27 0.54
   8   27 0.86
  12   35 0.04
   7   33 0.46
   9   12 0.14
  11   48 0.76
  11   37 0.90
   6   19 0.33
  12   44 0.18
   6   13 0.22
  12   19 0.43
   2   26 0.46
   3   41 0.87
   0    3 0.86
   9   29 0.91
   2   24 0.73
  11   33 0.59
   8   43 0.27
   4   42 0.87
   0   15 0.91
   7   40 0.76
   2   15 0.07
   8   45 0.45
   2   26 0.99
   2   22 0.61
  12   28 0.70
   8   41 0.59
   9   42 0.31
   9   29 0.80
  12   33 0.22
  10   17 0.60
   3   17 0.62
   5   10 0.58
   5   42 0.72
   9   42 0.72
   8   11 0.11
   5   43 0.47
  11   21 0.57
   6   16 0.40
   7   21 0.10
   4   24 0.71
   0   38 0.05
   7   23 0.99
   4   42 0.09
  12   43 0.78
   6   18 0.80
   8   10 0.43
   4   30 0.26
   4   20 0.39

   5   22 0.74
   5   27 0.99
   6   30 0.68
   5   12 0.47
   3   27 0.45
  12   29 0.32
   7   26 0.43
   6   39 0.77
  12   17 0.00
   5   38 0.58
   6   40 0.48
  10   37 0.88
   0   10 0.71
   8   19 0.61
   5   10 0.25
   2   27 0.13
  11   31 0.61
  11   23 0.63
  11   35 0.25
  12   12 0.33
   8   13 0.54
  10   14 0.87
   2   20 0.59
  11   28 0.90
   8   28 0.33
   2    3 0.67
   8   31 0.99
   2   36 0.05
   3   16 0.67
  11   25 0.23
   4   10 0.93
   2   32 0.03
   3    7 0.28
  11   37 0.62
   0    1 0.82
  10   13 0.40
  10   11 0.62
  10   37 0.85
   1   34 0.36
   8   43 0.91
   6   17 0.21
  10   42 0.69
   4   24 0.33
   8    8 0.04
   3    9 0.70
   5   31 0.57
   4   26 0.02
  10   27 0.99
   1   15 0.47
  12   35 0.96
   1   39 0.09
   4   33 0.10
   7   22 0.85
  10   16 0.60
   3   39 0.13
   9   33 0.93
  12   22 0.23
   6   27 0.87
   3   17 0.17
  10   33 0.24
   6   14 0.23
   4   26 0.61
   4   16 0.67
   2   38 0.45
   2   14 0.35
   4   37 0.79
   2    4 0.25
  10   28 0.11
  10   37 0.74
   8   17 0.91
   5   27 0.25
  12   36 0.18
   4   13 0.83
   6   12 0.69
   0   14 0.46
   0   10 0.60
   1   21 0.41
   2   10 0.60
  11   17 0.50
   6   14 0.27

