4 20 8
12    4  10  16  16   4   4   2   4  10  16   4  16

  10   30 0.94
   2   28 0.48
  11   41 0.84
  28   55 0.52
  43   74 0.97
  33   34 0.69
  42   55 0.64
   9   22 0.05
  32   34 0.52
   2   24 0.73
   3    5 0.40
  31   40 0.85
  14   19 0.45
  29   35 0.99
  48   61 0.83
  21   35 0.34
  16   46 0.40
  19   24 0.68
  27   58 0.95
  16   37 0.43

  27   58 0.37
  11   22 0.14
   1   14 0.19
   9   37 0.96
  25   44 0.51
  39   45 0.80
  35   67 0.91
  23   35 0.57
  48   58 0.75
  28   34 0.09
  22   31 0.48
  26   51 0.54
   0   29 0.56
  17   39 0.49
  34   39 0.33
   5   19 0.02
   2   10 0.58
  27   30 0.04
  23   50 0.37
  28   44 0.31

   1    3 0.13
  32   40 0.86
  29   41 0.18
  18   33 0.89
  12   43 0.12
  33   41 0.68
  32   58 0.78
  26   37 0.13
   3   16 0.17
  17   24 0.49
  16   26 0.24
  20   21 0.41
  32   58 0.99
  47   64 0.79
  45   67 0.78
  12   32 0.41
  25   38 0.33
   1   27 0.47
  38   68 0.85
   8   27 0.72

  40   43 0.05
  46   73 0.46
  30   34 0.52
  14   30 0.99
  13   44 0.42
  41   47 0.15
  17   46 0.33
  42   58 0.14
  18   23 0.06
  21   52 0.21
  11   12 0.60
   0   18 0.69
  40   61 0.91
   5   37 0.33
  32   39 0.14
  41   46 0.33
   2   11 0.83
   9   33 0.80
  12   12 0.02
  32   50 0.79

   9   11 0.74
  24   42 0.29
  33   59 0.74
  38   68 0.76
  24   29 0.16
  42   64 0.95
   0   25 0.40
  38   54 0.10
  22   41 0.02
  28   54 0.60
  26   41 0.41
  37   60 0.10
  17   47 0.45
  37   48 0.72
  30   60 0.89
  22   40 0.07
  42   65 0.40
  31   51 0.04
  41   60 0.01
  20   37 0.98

  25   26 0.06
  25   46 0.49
  24   46 0.03
   2   15 0.47
  22   30 0.40
  10   42 0.66
  48   68 0.36
   3   21 0.91
  36   53 0.08
   5   11 0.61
  42   62 0.38
   2   11 0.31
  16   40 0.99
  38   64 0.93
   6   33 0.63
  47   60 0.68
   4    5 0.92
  33   56 0.25
   1   30 0.16
   1   26 0.19

  33   34 0.57
  29   29 0.11
  44   75 0.59
  15   45 0.47
   6   18 0.69
  38   68 0.63
  22   33 0.44
   4    6 0.85
  29   31 0.39
   9   34 0.92
  16   31 0.25
  43   58 0.24
  28   50 0.04
  39   43 0.20
  21   38 0.88
  30   52 0.66
   1   12 0.76
  47   73 0.84
  48   57 0.76
   4   32 0.05

  16   32 0.87
  20   27 0.03
  38   50 0.68
  30   48 0.09
   7   15 0.85
  43   75 0.08
  47   57 0.87
  22   28 0.65
  32   33 0.87
  47   69 0.29
  42   60 0.16
  20   37 0.57
  34   57 0.71
  46   70 0.06
  27   41 0.50
  29   56 0.83
   7   20 0.03
   4   25 0.58
  15   23 0.91
  22   48 0.09

  19   43 0.97
  44   74 0.68
  32   43 0.09
  47   65 0.83
  22   32 0.06
  35   47 0.89
   3   24 0.40
   4   34 0.68
   7   17 0.57
  30   48 0.04
  15   35 0.33
  38   64 0.66
  31   40 0.70
  41   56 0.94
  37   43 0.98
  33   35 0.97
  45   53 0.23
  21   45 0.55
  18   49 0.24
   4    4 0.71

  37   69 0.82
  23   40 0.69
   9   17 0.38
  15   35 0.50
  20   31 0.15
  38   69 0.72
  28   49 0.07
  36   39 0.39
  27   40 0.95
  19   41 0.98
  34   53 0.02
  23   40 0.63
  16   26 0.13
  35   37 0.08
  33   53 0.32
  31   37 0.58
  42   57 0.00
  12   27 0.52
  12   18 0.74
   3   12 0.02

  23   35 0.41
  35   63 0.89
  24   42 0.20
  38   46 0.25
  13   30 0.99
  37   59 0.21
  39   43 0.66
  39   52 0.47
  26   39 0.45
  19   25 0.66
  14   15 0.57
   2   34 0.83
  36   42 0.40
  48   60 0.02
  13   38 0.51
  23   41 0.71
  28   49 0.69
  11   43 0.79
  16   43 0.31
   0   28 0.61

  43   49 0.75
  24   31 0.18
  44   59 0.47
  36   56 0.07
  32   45 0.16
   1   21 0.67
   6   23 0.56
  35   41 0.91
  22   27 0.92
  38   52 0.02
  21   34 0.68
   1   26 0.92
  11   32 0.24
  23   53 0.20
   7   33 0.97
  27   41 0.60
  38   43 0.34
  46   60 0.08
  37   50 0.66
  43   71 0.91

