5 15 8
12    2  10  10  16  20  16   4  10   2  20  10  10

   7   10 0.15
  12   18 0.06
   2   17 0.20
   9   41 0.58
   6   38 0.43
   3   10 0.01
  28   62 0.03
   5    8 0.52
  27   52 0.45
  22   29 0.95
  28   38 0.83
  11   32 0.47
  25   53 0.31
  27   58 0.04
  22   37 0.42

  14   44 0.90
  23   28 0.81
   4   39 0.19
  34   51 0.02
  24   45 0.26
   7   24 0.66
   0   26 0.12
  21   51 0.25
  33   56 0.62
  25   55 0.28
  33   58 0.79
  19   20 0.53
   0   30 0.63
  23   41 0.26
  29   62 0.87

  13   20 0.63
  10   33 0.58
   4   36 0.85
   1    8 0.21
  11   12 0.57
   1   30 0.80
  22   53 0.13
   8   18 0.83
  21   32 0.37
  32   65 0.51
  23   40 0.38
   7   19 0.67
  14   38 0.68
  32   37 0.06
  24   44 0.03

  20   54 0.89
   5   40 0.56
  27   41 0.74
  13   36 0.30
  29   36 0.96
  24   44 0.65
  10   38 0.74
  24   47 0.97
  34   38 0.59
   2   19 0.65
   9   36 0.54
  33   55 0.83
  14   38 0.95
  24   39 0.54
  30   65 0.28

  33   57 0.74
  22   37 0.84
  30   62 0.19
  22   42 0.90
  13   21 0.83
   3   27 0.74
   3   22 0.36
  35   35 0.53
   1   35 0.67
  26   56 0.05
  34   45 0.78
  21   26 0.98
   5   36 0.42
  25   49 0.98
   3   26 0.57

  24   58 0.42
   7   28 0.05
  32   47 0.47
  34   64 0.48
  22   35 0.56
   7   11 0.28
   3   16 0.02
   3    9 0.64
  30   39 0.36
  15   39 0.76
  18   45 0.98
  30   33 0.66
  16   17 0.03
  14   22 0.25
  23   25 0.11

   0   33 0.99
  23   44 0.69
  20   30 0.68
  31   37 0.90
  30   47 0.25
  15   46 0.82
  14   42 0.56
  32   43 0.79
  28   32 0.54
  11   33 0.83
  23   34 0.58
  17   46 0.74
   4   32 0.27
  22   36 0.91
  29   48 0.93

  23   26 0.08
  28   36 0.07
  20   47 0.38
   4   19 0.69
  27   29 0.63
  18   32 0.34
  32   67 0.82
  26   55 0.48
  28   47 0.00
   0   28 0.33
  24   25 0.93
   2   30 0.24
  31   48 0.28
  15   29 0.66
   5    9 0.49

  14   30 0.71
  28   52 0.41
   4   30 0.26
  12   43 0.25
   0   25 0.60
  19   30 0.30
   8   18 0.53
  28   35 0.76
  24   36 0.33
  23   58 0.84
  14   42 0.42
  25   51 0.84
  32   32 0.08
  14   47 0.15
  19   47 0.64

   8   29 0.81
   6   11 0.48
   2    3 0.13
  13   43 0.09
   8   33 0.58
   6   39 0.32
   2   37 0.33
  29   55 0.73
  10   35 0.59
  20   46 0.45
   0   31 0.86
  14   43 0.94
  32   67 0.92
  28   42 0.63
   9   33 0.94

  33   58 0.50
  31   48 0.25
  20   41 0.21
   2    6 0.06
  27   30 0.72
  33   47 0.14
  29   38 0.03
  27   61 0.39
   4   31 0.18
  32   34 0.73
  33   41 0.68
   5   37 0.34
  26   42 0.55
  32   33 0.43
   4   23 0.76

   0    0 0.95
  14   20 0.09
  27   33 0.12
  26   58 0.85
  33   59 0.95
   1   18 0.45
  24   51 0.70
   0   29 0.33
   0   31 0.04
  26   37 0.71
  25   32 0.15
  14   21 0.32
  25   44 0.58
  17   50 0.68
  21   33 0.24

