5 100 8
3    4  16   2

   3   20 0.16
   2    8 0.53
   5   11 0.56
   4   11 0.15
   1   14 0.75
   2   28 0.44
   3   12 0.27
   2   15 0.71
   6   24 0.95
  11   11 0.85
   6   18 0.91
   5   30 0.33
   1    6 0.39
   9   25 0.55
   3    4 0.83
  10   21 0.58
   5   28 0.05
   2    8 0.50
   3   10 0.25
   4   10 0.94
   4   17 0.71
   5    9 0.69
   3   16 0.77
  12   20 0.72
   9   27 0.68
   1    8 0.64
   9   31 0.90
  10   20 0.60
   4   14 0.52
   4   23 0.23
   7   27 0.37
   9   19 0.19
   1    7 0.42
   0    8 0.87
   1   27 0.52
   8   11 0.36
   1   25 0.52
  11   27 0.98
  12   17 0.57
   4   14 0.59
   6    6 0.89
   1   23 0.77
   7   16 0.87
  11   19 0.59
   1   16 0.62
   7   20 0.29
   4   25 0.17
   1    9 0.45
   7   28 0.06
   1    3 0.35
   2   23 0.73
   0   11 0.34
   4   12 0.87
  11   20 0.99
  12   28 0.30
   2   28 0.24
   7   29 0.48
  11   24 0.75
  11   27 0.25
  10   33 0.12
   6   13 0.61
  12   38 0.12
  12   32 0.17
   2   25 0.38
   6   24 0.12
   4   27 0.69
  12   32 0.42
  10   16 0.26
   0    3 0.42
   2   10 0.11
   3    6 0.76
   2    4 0.37
   7   31 0.25
  10   26 0.05
   7   10 0.04
   1   14 0.56
  11   26 0.19
   1   26 0.44
   1   14 0.18
  10   25 0.21
   3   21 0.79
   2   10 0.21
   5   13 0.03
   1   22 0.54
  12   30 0.23
   4   10 0.70
   9   16 0.57
   7   13 0.35
  12   20 0.86
   3    3 0.93
  10   30 0.77
   6   21 0.42
   7   24 0.35
   4   24 0.51
   7    7 0.45
   5   18 0.66
   2   26 0.67
   7   10 0.61
   2   14 0.26
   9   16 0.19

   2    7 0.14
  11   20 0.89
   4   12 0.84
   5   12 0.71
   5   24 0.28
   3    4 0.39
   2    2 0.68
   0    9 0.22
   5   23 0.69
   7   13 0.37
   8   33 0.49
   4   27 0.34
   9   15 0.13
  11   31 0.64
   7   12 0.83
   8   27 0.95
   7   32 0.11
   9   20 0.56
   4   13 0.64
  12   19 0.78
   6   25 0.07
   2    3 0.34
   1    5 0.96
   6   28 0.35
   1   20 0.12
  11   22 0.32
   2   13 0.11
   3    3 0.43
   6    9 0.06
  10   23 0.85
  11   26 0.44
   4   17 0.89
   0    7 0.59
   3   25 0.46
   0   26 0.33
   4   24 0.09
   8   24 0.53
   1   22 0.80
   8   26 0.21
  12   36 0.27
   2    6 0.25
  11   14 0.19
   5   17 0.04
  10   17 0.81
  12   34 0.24
   6    7 0.19
  10   18 0.25
   1   18 0.61
   8   26 0.26
   6   32 0.46
  10   35 0.89
  12   22 0.07
   5   29 0.99
  10   27 0.82
   6   31 0.40
   5   17 0.42
   2   24 0.77
   8    9 0.54
  12   15 0.04
  11   33 0.29
   7   27 0.34
   1   19 0.58
  12   30 0.13
   1    7 0.76
   1   17 0.75
  12   20 0.75
   7   10 0.03
   5   14 0.17
   7   21 0.89
   2   22 0.92
   2    3 0.37
   2   15 0.74
  12   15 0.15
  11   36 0.84
   0   11 0.94
   5   30 0.82
   4   21 0.99
   2    4 0.36
   3   29 0.46
   4   30 0.94
   0    3 0.28
   8   14 0.03
  10   35 0.86
   2   12 0.05
   1    2 0.17
   3   29 0.12
   5   23 0.75
   3   18 0.87
   9   11 0.33
   2   20 0.35
  12   23 0.65
   1   12 0.69
   4   10 0.82
   8   12 0.60
   9   24 0.83
   6   22 0.91
   8   20 0.14
  12   17 0.79
   9   22 0.30
  11   28 0.49

   7    8 0.91
  10   24 0.31
   6   26 0.74
   0   25 0.72
   7   15 0.46
   4   11 0.02
   3    8 0.91
   6   17 0.07
   2   10 0.19
   8   13 0.57
   0    2 0.04
   2   28 0.76
  10   10 0.63
  12   35 0.41
  12   25 0.05
  10   33 0.65
   0   11 0.82
   4   15 0.29
   1    9 0.75
   7   18 0.63
   7   23 0.62
   1   20 0.33
   2   15 0.29
   1   12 0.26
   0   22 0.51
   2   25 0.99
   1    7 0.52
   6   18 0.50
  10   19 0.13
   2   19 0.44
   0   20 0.06
  12   25 0.48
   6   23 0.80
   5   25 0.49
   1   11 0.54
  12   28 0.32
   1   26 0.79
   4   30 0.86
   8   33 0.24
   2   26 0.18
   4   24 0.67
  12   19 0.19
   2   21 0.33
  11   14 0.22
   7    8 0.84
   4   11 0.78
   9   13 0.16
   7    8 0.41
   5   24 0.45
   0   17 0.65
  10   26 0.19
   1   13 0.33
   5    7 0.64
  10   18 0.17
   2   10 0.83
   8   34 0.89
  12   25 0.73
  12   16 0.74
   2    5 0.90
   1   14 0.69
   6   24 0.84
   4   29 0.28
   5   11 0.83
  10   27 0.75
  12   14 0.39
   0   13 0.25
   8   17 0.79
   2   24 0.34
   1    3 0.53
   7    7 0.64
   6   31 0.43
  12   22 0.22
   9   24 0.92
   5   24 0.90
   1    5 0.71
   0    2 0.85
   3   11 0.70
   0   26 0.83
   5    8 0.17
   2   13 0.68
   7   19 0.95
  12   30 0.48
  10   34 0.27
   2   13 0.29
   0   14 0.56
  10   18 0.03
   6   16 0.77
   0   23 0.93
   9    9 0.43
   7   32 0.18
   9   16 0.39
  11   30 0.37
   4    7 0.94
  10   22 0.04
   6    7 0.01
   3    5 0.09
   5   17 0.21
   1    7 0.69
   7   32 0.24
   4   14 0.30

