4 30 4
6   16  16  10   4  10   4

  42   74 0.35
   1   13 0.02
  75  126 0.59
  81  133 0.05
  32   33 0.11
  22   85 0.65
   5    5 0.46
  65   71 0.04
  73  105 0.19
  27  100 0.96
  45   81 0.71
  46  106 0.13
  79  109 0.20
  52  102 0.20
   8   72 0.51
  74  139 0.50
  17   25 0.53
  71  105 0.07
  83   86 0.07
  11   31 0.49
  32   52 0.78
  26   62 0.98
  55   72 0.94
  76  144 0.70
  80  125 0.88
  62  101 0.83
  53   78 0.40
  36   59 0.67
  33   68 0.68
  66  129 0.84

   5   86 0.22
  81   92 0.57
  31   42 0.38
  69  111 0.33
  67   67 0.09
  44  126 0.92
  74  129 0.08
  71  103 0.94
  60  116 0.77
  63  130 0.12
   2   56 0.00
  61   69 0.61
  29   81 0.16
  47   48 0.56
  78  120 0.83
  15   75 0.85
   6   86 0.42
  24   47 0.59
  56   97 0.50
  38   73 0.39
   5   79 0.34
  37   62 0.95
   5   57 0.17
  71  152 0.64
   6   73 0.25
  69   98 0.71
  18   66 0.22
  27   98 0.01
  66   81 0.33
  23   96 0.92

  47   51 0.07
  68  128 0.98
  13   55 0.05
  21   65 0.65
  41  121 0.60
  59   82 0.41
   9   21 0.43
  79  102 0.09
  41   80 0.91
  22   29 0.09
   0   67 0.07
  33   59 0.98
  35  107 0.33
  16   95 0.05
   1    7 0.43
   2   48 0.61
  44   77 0.60
  66  100 0.71
  58  114 0.38
  79  128 0.49
  29   45 0.30
  41   80 0.72
  25   27 0.37
  52   88 0.27
  24  106 0.98
  78   98 0.07
  13   22 0.50
   1   13 0.42
  64   80 0.72
  77  149 0.72

  26   66 0.47
  40   51 0.54
  67   99 0.41
  78  115 0.38
  76   88 0.72
  82  107 0.79
  82  162 0.40
  24   71 0.01
  20   85 0.17
  31   62 0.99
  29   46 0.19
  79   98 0.36
   7   20 0.34
  34   60 0.96
  52   68 0.34
  27   83 0.15
  12   55 0.11
  24  103 0.15
  37  120 0.33
  18   58 0.74
  37   91 0.82
   8   30 0.92
  55  106 0.00
  35   60 0.50
  73  142 0.95
  19   69 0.24
  75   84 0.91
  27   31 0.96
  79  156 0.34
  77  109 0.64

  22   63 0.10
  44   74 0.74
  38   96 0.55
  73  119 0.31
  58  133 0.11
  48  126 0.23
  48  123 0.87
  20   81 0.97
  32  115 0.85
  16   90 0.89
  64  142 0.98
  68   84 0.09
  26   54 0.76
  38  120 0.90
  68   86 0.57
  78  110 0.00
  48   59 0.95
  20   21 0.83
  18   23 0.68
  69  146 0.84
   9   91 0.05
  37   70 0.75
  34  114 0.55
  58   69 0.16
  28   99 0.07
   7   25 0.19
  47  116 0.69
  43   96 0.45
  48  130 0.61
  10   52 0.21

  35  108 0.77
  57   74 0.12
  71  129 0.52
  13   82 0.15
   9   51 0.09
   7   80 0.09
  21   35 0.47
  19   81 0.62
  15   78 0.75
  64  144 0.48
  64   87 0.17
  19   35 0.90
  10   76 0.75
  61   97 0.02
  31   88 0.38
  35   97 0.04
  80   82 0.42
   3   30 0.67
  45   69 0.52
   2   69 0.37
  48  125 0.76
  40  123 0.46
  24   60 0.68
  76  147 0.73
  49  117 0.64
  42   89 0.17
  54  108 0.77
  39  109 0.29
  47  112 0.38
  24   43 0.21

