5 50 8
6   16  10   4  10  10  10

  39   52 0.00
  17   22 0.72
  23   41 0.17
   5   13 0.39
  55   85 0.91
  13   32 0.47
   8   37 0.74
  39   74 0.79
  29   54 0.85
  13   14 0.03
  40   59 0.94
   5   29 0.94
  39   45 0.95
  52   61 0.25
  39   69 0.15
  52   67 0.78
  38   60 0.62
  10   40 0.14
  32   46 0.53
  33   65 0.23
   6   28 0.38
  43   71 0.90
  28   45 0.81
  44   79 0.72
  20   43 0.31
  16   27 0.25
   9   26 0.75
   6    8 0.71
  14   35 0.09
  13   36 0.87
   5   30 0.95
  37   49 0.16
  15   51 0.03
  19   32 0.04
  45   75 0.82
  53   59 0.82
  41   43 0.39
  38   71 0.50
  42   54 0.52
  10   45 0.30
  31   40 0.51
  25   33 0.66
  53   89 0.68
  44   61 0.68
  27   34 0.59
  41   63 0.59
   9   31 0.90
  50   76 0.92
  52   54 0.38
  33   34 0.05

  42   42 0.61
  34   62 0.78
   4   13 0.27
  52   78 0.62
  44   65 0.77
   8   15 0.44
  48   57 0.61
  16   48 0.27
  30   43 0.35
  29   47 0.52
  16   21 0.33
  17   48 0.86
   8   30 0.59
  11   36 0.61
  10   19 0.11
  11   25 0.57
  49   54 0.37
  38   56 0.10
  17   40 0.19
  53   88 0.58
  14   21 0.48
   5   40 0.78
  43   51 0.60
  34   46 0.13
   7   13 0.27
  49   68 0.70
  34   52 0.14
  42   61 0.01
  51   80 0.61
  53   86 0.07
  18   41 0.96
  49   60 0.95
  55   71 0.87
  40   73 0.58
  12   37 0.44
  55   68 0.87
  18   27 0.27
  39   72 0.97
  18   45 0.27
   8   10 0.85
  43   68 0.59
  39   67 0.92
  43   73 0.56
  29   30 0.52
  47   69 0.91
  17   38 0.81
  48   73 0.72
  10   44 0.37
  13   23 0.80
   7   17 0.44

  39   60 0.55
  41   77 0.74
  19   19 0.46
  14   30 0.18
   0   12 0.97
  16   47 0.51
  22   43 0.43
  44   58 0.10
  14   19 0.19
  31   52 0.53
  37   65 0.56
  21   48 0.33
  39   52 0.59
  37   37 0.38
  55   63 0.56
  41   53 0.79
  22   30 0.62
  51   71 0.37
   5   19 0.83
   1    2 0.94
  48   52 0.33
  49   70 0.15
  10   41 0.29
  42   71 0.15
  38   71 0.06
  16   18 0.36
   9   26 0.40
  33   54 0.99
  18   25 0.20
   8   38 0.18
  39   40 0.26
  23   35 0.22
  36   68 0.36
  35   64 0.39
  18   28 0.66
  55   91 0.78
  14   24 0.94
  42   72 0.02
  34   38 0.08
   6   37 0.90
   6   20 0.67
  15   44 0.44
  38   61 0.12
  50   72 0.81
  51   83 0.33
  43   63 0.71
  41   74 0.12
  23   46 0.37
  11   43 0.84
  17   43 0.11

  30   62 0.74
  38   38 0.00
  36   37 0.02
  26   26 0.08
  17   36 0.52
  31   60 0.30
  41   55 0.06
  19   46 0.48
  47   54 0.96
  33   41 0.11
  54   90 0.65
  20   55 0.61
  24   25 0.19
   0   24 0.07
  39   50 0.49
  27   45 0.13
  19   49 0.72
  47   83 0.27
  13   32 0.94
   0    5 0.60
  50   50 0.11
  53   84 0.62
   2   32 0.50
  18   23 0.02
   0   12 0.39
  21   55 0.64
  47   68 0.39
  27   56 0.06
  23   24 0.96
  17   24 0.89
  18   20 0.83
  16   40 0.07
  13   18 0.62
   7   36 0.50
  45   77 0.39
  52   61 0.01
  49   50 0.92
  47   60 0.64
  28   35 0.49
  13   23 0.62
  18   22 0.88
  35   35 0.50
  23   26 0.39
  55   90 0.34
  16   37 0.22
  17   44 0.08
  24   26 0.47
  32   68 0.24
  30   41 0.01
  21   34 0.68

   6   24 0.93
  12   43 0.38
  31   34 0.58
  19   19 0.60
  27   48 0.23
  10   13 0.11
  17   50 0.55
  52   86 0.64
  26   54 0.15
  54   74 0.67
  55   72 0.66
  47   68 0.39
  20   34 0.58
  41   64 0.79
  50   56 0.88
  26   61 0.48
  11   20 0.95
  22   56 0.74
  41   77 0.37
  40   74 0.33
  48   50 0.22
  39   50 0.12
  24   53 0.89
  46   48 0.83
  10   34 0.87
  16   18 0.49
  46   62 0.61
  42   58 0.27
  16   17 0.50
  42   62 0.92
  51   82 0.95
  43   57 0.41
   8   17 0.72
  11   36 0.88
   2   23 0.19
   7   26 0.46
  32   49 0.42
  28   34 0.55
  50   75 0.50
   8   31 0.71
  52   83 0.13
  28   45 0.58
   2   36 0.75
   0    3 0.45
  32   32 0.14
  35   68 0.44
  13   38 0.68
  24   52 0.38
  47   58 0.43
   9   24 0.23

   3   29 0.99
  28   30 0.38
  12   35 0.50
  24   29 0.92
  49   73 0.78
  42   50 0.82
  25   30 0.01
  32   47 0.33
  20   30 0.15
  18   24 0.47
  30   58 0.73
  50   52 0.32
  42   76 0.39
   8   43 0.22
   4   16 0.23
  16   48 0.10
   0    0 0.48
  48   62 0.32
  49   85 0.96
  11   38 0.09
  50   50 0.26
  42   76 0.05
  13   16 0.68
  12   43 0.26
   0   15 0.32
  38   55 0.53
   6   38 0.50
  47   52 0.50
  37   65 0.91
   2   30 0.29
   8   20 0.31
   5   21 0.52
  53   58 0.14
  18   36 0.66
   1   33 0.52
  18   37 0.58
   7   23 0.38
  31   51 0.55
  35   59 0.92
  55   91 0.56
  24   34 0.56
  27   45 0.41
  34   53 0.69
  32   44 0.85
  10   14 0.94
  20   55 0.92
  16   45 0.89
  32   60 0.80
  20   49 0.95
  48   71 0.44

