5 30 8
6   20  10  10   4   2   2

   3    6 0.10
  19   20 0.85
   0    2 0.10
   6   13 0.04
  19   20 0.82
   1    7 0.71
   8   14 0.40
  13   19 0.51
  10   12 0.90
  24   24 0.83
  15   19 0.35
   2    7 0.15
   9   12 0.42
  21   26 0.09
   0    0 0.13
  23   23 0.08
   4    7 0.29
  22   29 0.23
  15   20 0.94
  14   14 0.88
   0    6 0.01
   9   10 0.35
  22   22 0.33
  20   24 0.24
   1    5 0.44
  18   25 0.84
  24   27 0.56
   2    3 0.57
  26   30 0.61
  12   17 0.88

  18   20 0.22
   7   12 0.57
  18   26 0.32
  16   20 0.31
  26   33 0.85
   5    5 0.79
  24   25 0.10
   0    2 0.27
   2    8 0.55
  21   29 0.84
  18   24 0.29
   9   12 0.87
  23   30 0.48
   2    2 0.91
   0    0 0.83
  15   18 0.17
   0    7 0.88
  16   22 0.46
  15   19 0.29
  19   23 0.99
  18   26 0.17
  18   25 0.11
   9    9 0.82
  23   26 0.97
  12   18 0.41
  15   15 0.14
  20   21 0.76
   6    6 0.40
   1    9 0.33
   3   11 0.79

  21   28 0.59
   6   12 0.62
  15   16 0.69
  14   20 0.11
  14   17 0.08
  24   30 0.38
   8   11 0.95
  11   15 0.98
  21   26 0.95
  16   24 0.86
  23   28 0.77
  15   20 0.44
  23   28 0.00
  24   26 0.30
   0    7 0.83
  18   19 0.61
  25   32 0.79
   5    8 0.26
  14   16 0.20
   3   11 0.53
   2    9 0.11
  21   22 0.15
  19   19 0.16
  24   25 0.37
   8   14 0.41
  19   25 0.11
  13   17 0.67
  10   15 0.98
   5    8 0.40
  25   27 0.35

  16   16 0.56
  10   14 0.43
  20   21 0.19
   0    4 0.65
   2    8 0.00
   5    6 0.97
  11   12 0.70
  25   30 0.26
  26   29 0.25
  21   27 0.13
   5    9 0.93
  24   31 0.56
  11   14 0.37
  18   20 0.47
  18   23 0.55
   0    8 0.47
   6    8 0.67
   7   14 0.57
  19   22 0.70
  17   17 0.77
  25   25 0.81
   8   10 0.46
   6    9 0.79
   3    4 0.28
   5   11 0.67
  10   12 0.95
  22   30 0.12
  17   22 0.24
   7   10 0.07
  12   16 0.69

  11   18 0.05
  13   16 0.57
   6    8 0.60
  20   28 0.05
   1    4 0.47
  21   25 0.61
  15   20 0.40
   0    5 0.29
  19   22 0.94
  26   29 0.85
  16   19 0.74
  11   17 0.52
  13   17 0.84
  20   28 0.93
   7   14 0.96
  23   23 0.32
  23   29 0.47
  11   12 0.43
   1    3 0.09
  13   17 0.90
  23   23 0.56
   9    9 0.97
   1    8 0.78
   8   14 0.67
   7    9 0.09
   5   10 0.97
  11   13 0.93
  14   20 0.17
  11   13 0.89
  13   13 0.72

  16   22 0.22
  19   20 0.51
  23   24 0.77
   1    9 0.92
  13   16 0.26
  23   31 0.32
  19   24 0.69
   2    3 0.39
   2    3 0.44
  10   16 0.13
   8    9 0.60
  16   22 0.77
  20   23 0.59
   6   14 0.59
  16   23 0.73
  20   25 0.14
  14   15 0.45
   4    8 0.37
  14   20 0.70
  21   23 0.56
  10   13 0.97
   1    2 0.54
  20   24 0.25
  20   20 0.98
  12   18 0.51
  13   18 0.20
  16   16 0.89
   8    8 0.50
  26   29 0.35
  19   24 0.18

