4 50 4
6   10  10  16  20  16  10

  10   71 0.12
  45   50 0.87
  28   80 0.35
  46   69 0.10
   9   50 0.65
   9   62 0.03
  60   65 0.96
  50   91 0.21
  62  110 0.83
  40   86 0.30
  34   92 0.94
  49  101 0.87
  18   22 0.79
  35   53 0.16
  32   42 0.31
   9   20 0.88
  29   49 0.54
   4   54 0.86
  50  103 0.99
  63   80 0.34
  42   84 0.03
   3   31 0.68
  40   93 0.52
  26   58 0.34
   9   14 0.98
  62   97 0.79
  22   28 0.83
   1   57 0.38
  26   82 0.72
  56  102 0.12
  58   83 0.95
  17   59 0.50
  23   26 0.36
  20   24 0.33
  45   65 0.21
   2    6 0.48
  35   84 0.85
  18   39 0.68
  13   25 0.93
  59  121 0.20
  18   68 0.45
  10   21 0.57
  41   46 0.43
  51   88 0.48
  56  114 0.36
  38   56 0.15
  46   87 0.20
  10   18 0.67
  53   78 0.74
  37   73 0.46

  17   25 0.71
  39   72 0.84
   0   29 0.73
  13   39 0.00
  62   78 0.94
  19   25 0.22
  51   88 0.43
  49   96 0.59
  63   76 0.85
  22   38 0.98
  23   30 0.14
  36   58 0.09
  47   81 0.41
  17   27 0.97
  49   87 0.89
  60  123 0.65
  33   42 0.93
  28   57 0.39
  12   24 0.03
  11   48 0.45
  12   20 0.26
  33   91 0.68
   7   21 0.90
  27   54 0.68
  58  111 0.84
  57   66 0.61
  34   67 0.86
  40   63 0.94
  49   92 0.09
   6   24 0.13
   5   60 0.62
  34   97 0.97
  32   45 0.84
  17   58 0.88
  17   48 0.54
  36   86 0.17
  13   72 0.61
  37   68 0.51
  42   70 0.41
  46   72 0.87
  61   80 0.79
  44   82 0.42
   4    8 0.45
  42   90 0.51
  37   80 0.90
   8   11 0.11
  45   73 0.86
  30   45 0.40
  17   29 0.91
  53  111 0.69

  27   78 0.84
  45  106 0.20
  18   67 0.40
  29   83 0.56
  55  116 0.04
  19   73 0.87
  44   44 0.53
  60  115 0.14
  41   90 0.04
  32   91 0.27
   0    8 0.12
  54   55 0.09
  37   74 0.86
  53   79 0.42
  54  114 0.51
  54   56 0.13
  53   93 0.41
  62  125 0.32
  47   95 0.48
   9   12 0.09
   8   41 0.86
  47  106 0.59
  41   59 0.92
  58   76 0.30
  59   98 0.58
   2   21 0.23
  51   93 0.57
  47   93 0.92
  38   70 0.47
  48   60 0.13
  19   40 0.34
   4   56 0.28
  42   72 0.56
  46   98 0.96
  54  117 0.15
  39   48 0.70
  56  110 0.85
  42   94 0.42
  23   55 0.37
  52   60 0.10
  37   72 0.60
   6   26 0.13
  51  107 0.77
  18   64 0.68
  44   72 0.90
  21   36 0.57
  43   57 0.68
  14   17 0.81
   4   54 0.56
  20   44 0.39

  59   96 0.52
  54   65 0.44
  35   79 0.41
  43   86 0.71
  26   27 0.05
  57  102 0.01
  18   56 0.95
  36   61 0.99
  49   74 0.91
  61   95 0.96
  51   91 0.04
  43   57 0.13
   1   30 0.90
   2   36 0.58
  15   19 0.64
   7   43 0.29
  16   58 0.26
  54   65 0.84
  36   86 0.32
  24   69 0.34
  20   31 0.72
  24   43 0.95
  45   92 0.45
  18   77 0.33
  34   86 0.21
  17   64 0.30
  52   71 0.90
  58  110 0.87
  24   81 0.10
  16   20 0.82
  21   71 0.74
  30   50 0.24
   9   29 0.96
  37   50 0.64
  20   75 0.14
  26   28 0.24
  40   63 0.10
  32   46 0.77
  34   94 0.30
   8   32 0.38
  56  103 0.71
  44  100 0.46
  43   88 0.93
   7   51 0.67
  51   77 0.16
  38   66 0.05
  35   64 0.82
  49   84 0.32
  56   98 0.50
   3   24 0.07

  17   58 0.89
  22   78 0.30
  58  117 0.80
  33   81 0.23
  27   39 0.07
  61   69 0.25
  38   88 0.56
  44   75 0.95
  19   22 0.10
  28   62 0.79
  20   75 0.74
  52   81 0.57
   2   37 0.63
  21   33 0.59
  49  101 0.41
  13   49 0.72
  51  106 0.48
  52   76 0.53
  44   58 0.50
  40   53 0.16
   3   34 0.53
  38   78 0.52
  31   66 0.78
  49   56 0.24
  39   77 0.90
  61  124 0.75
  63   69 0.76
  41  100 0.34
  61   95 0.72
  34   44 0.00
   7   63 0.94
   5   67 0.74
  23   41 0.40
  26   72 0.66
  33   72 0.90
   6   62 0.99
   5   56 0.54
  61   80 0.44
  22   65 0.61
  26   45 0.27
  34   69 0.14
  50   98 0.85
  55  117 0.68
  52   91 0.22
  33   92 0.47
  47   71 0.30
  12   73 0.11
  39   76 0.69
  24   63 0.01
  49   54 0.31

  61   90 0.17
   9   12 0.63
  12   19 0.54
  55   90 0.10
  62  109 0.55
   6   45 0.72
  63   74 0.83
   3   34 0.41
  63   87 0.89
   3   25 0.16
  55   66 0.21
  20   69 0.17
  20   30 0.35
  52   82 0.15
  16   53 0.41
  30   69 0.19
  34   41 0.57
   0    1 0.35
   4   31 0.51
  11   63 0.66
  10   33 0.13
  20   57 0.50
  57  101 0.06
  54  110 0.93
  26   34 0.47
   5   62 0.40
  11   61 0.11
  38   54 0.83
  50   88 0.61
  43   85 0.15
  27   88 0.32
   9   41 0.01
  51  111 0.20
  58   65 0.02
  23   69 0.72
  49   81 0.95
  46   56 0.15
  35   83 0.63
  11   33 0.29
  19   55 0.70
  11   18 0.52
  43   48 0.37
  39   54 0.04
  61  109 0.88
  55   80 0.08
  10   23 0.52
  18   46 0.92
  24   83 0.00
  20   39 0.75
   7   44 0.22

