5 25 8
12   20   2   4   4  10  10  10  16  16  10  10  10

   5   54 0.21
  11   44 0.91
   6   34 0.88
   9   62 0.50
   1   10 0.81
  13   44 0.02
  10   12 0.92
  18   55 0.30
   2   50 0.51
  11   50 0.07
  17   24 0.13
  10   11 0.48
   2   15 0.28
   4   15 0.01
   5   33 0.14
  16   59 0.11
   0    8 0.01
   6   29 0.39
   2   52 0.64
   6    8 0.33
  15   50 0.08
   7   12 0.48
   4    7 0.51
  16   64 0.19
  14   64 0.21

   7   42 0.50
  14   30 0.30
  14   43 0.25
   2   16 0.65
  12   35 0.75
  16   69 0.61
   0   31 0.28
  17   62 0.42
   7   41 0.01
   7   49 0.41
   6   53 0.93
   7   45 0.27
   7   58 0.99
   9   31 0.46
   4   36 0.02
  14   32 0.29
  18   24 0.92
  16   21 0.72
   5   14 0.10
  11   12 0.18
   5   61 0.74
  16   34 0.31
  18   47 0.98
  13   63 0.62
  13   63 0.62

   1   39 0.19
   0   18 0.50
  16   37 0.20
  18   59 0.50
  11   67 0.72
   8   37 0.45
   6   11 0.78
  11   34 0.27
   0   51 0.29
   1   43 0.88
  11   51 0.15
   6   35 0.81
   9   62 0.32
   0   43 0.36
   9   28 0.04
   1   12 0.39
  12   29 0.94
   1   32 0.10
  13   56 0.37
  12   19 0.68
   6   29 0.84
   7   40 0.99
  11   38 0.02
  17   35 0.11
  16   58 0.45

  14   36 0.28
  15   27 0.02
  14   30 0.38
   6   20 0.65
   4   54 0.80
  16   23 0.19
  14   41 0.65
   7   51 0.70
   5   32 0.13
  17   33 0.87
   1   36 0.32
   2    4 0.53
  13   18 0.03
   1   15 0.93
  16   16 0.90
  12   35 0.31
  14   22 0.35
  18   22 0.87
   8   59 0.48
   1   27 0.37
  13   47 0.87
  18   52 0.59
   1   21 0.46
  11   56 0.13
  13   34 0.57

   7    8 0.52
  11   56 0.28
  16   45 0.18
  17   43 0.53
  15   25 0.47
   6   26 0.77
  10   11 0.58
  15   37 0.07
  10   54 0.69
   6   45 0.15
   0   43 0.82
   7   44 0.41
   3   28 0.86
   3    5 0.73
   7    7 0.78
   7   39 0.50
   1   37 0.51
   5   24 0.01
   2   53 0.46
   3   19 0.39
  12   68 0.89
   1   41 0.16
  16   26 0.08
  17   45 0.54
   2   17 0.86

  15   50 0.77
   6   43 0.23
   0   42 0.24
   8   64 0.08
   4   49 0.94
  12   50 0.88
  10   59 0.66
   7   26 0.83
  18   59 0.44
   8   56 0.08
   0   56 0.52
   5   41 0.58
   8   42 0.97
   4    9 0.97
   1   34 0.25
   2   25 0.42
   7    7 0.13
   0   10 0.20
   0   46 0.86
  11   57 0.91
   9   30 0.42
   2   19 0.63
   2   33 0.29
   0   35 0.91
  12   27 0.14

   5   31 0.14
   0   29 0.84
   6   15 0.67
  17   48 0.49
  15   16 0.60
  16   36 0.82
  15   32 0.87
   2   40 0.83
  12   43 0.24
   5   23 0.49
  13   66 0.10
   1   16 0.54
   2   25 0.36
  17   52 0.41
   9   39 0.10
   2   20 0.96
   2    6 0.89
   9   18 0.72
   4   27 0.85
   7   55 0.84
   7   60 0.75
   4   60 0.35
   2   20 0.81
  12   55 0.89
   3   36 0.64

   9    9 0.45
   9   44 0.48
  16   30 0.59
   0   37 0.76
  11   55 0.94
  14   54 0.23
  14   58 0.10
   0   23 0.35
   4   52 0.61
  15   42 0.57
  15   45 0.96
   3    7 0.15
   1   43 0.21
   1   18 0.70
  11   56 0.95
  14   16 0.10
  14   28 0.53
  14   30 0.05
   6   31 0.30
  17   17 0.73
   1   41 0.30
   8   41 0.50
   2   29 0.15
   7   36 0.10
  14   17 0.50

  17   25 0.96
  18   56 0.09
   9   30 0.00
   6   42 0.98
  17   49 0.18
  11   55 0.47
  17   28 0.46
   6   23 0.71
  14   19 0.95
   4   20 0.45
  16   36 0.63
   3   50 0.93
   0   26 0.00
  10   19 0.78
   2   18 0.59
  15   19 0.52
   3   59 0.02
   1   50 0.34
  16   55 0.60
   8   62 0.88
   1   14 0.84
   9   59 0.92
   4   35 0.02
   2   11 0.20
  13   39 0.58

  13   13 0.27
   1   36 0.43
   5   10 0.85
   3   32 0.58
   5   38 0.45
   0   19 0.96
   5   21 0.44
   8   38 0.45
  18   49 0.81
   0   44 0.44
  14   69 0.48
  11   21 0.86
  12   27 0.74
  13   56 0.38
  16   65 0.77
   8   61 0.87
   0   17 0.51
  11   13 0.62
   7   29 0.50
  11   28 0.41
   5   59 0.53
   2   11 0.55
   6   56 0.60
  17   38 0.66
   4   38 0.66

   7   38 0.16
   0   15 0.04
  13   38 0.80
   3   52 0.71
   1    8 0.63
   4   31 0.22
  13   43 0.83
   1   39 0.13
   7   19 0.46
   1   13 0.66
  17   45 0.22
   3   30 0.83
  12   33 0.85
   3   24 0.72
   4   20 0.10
   3   59 0.40
  18   66 0.71
  14   33 0.27
   0   37 0.88
   0   15 0.39
   1    3 0.60
  13   34 0.97
   2   33 0.69
  13   61 0.30
  14   66 0.42

  15   39 0.29
  14   20 0.75
   1    8 0.88
   0   35 0.63
   5   36 0.49
   5   14 0.33
   2   38 0.65
  10   10 0.59
   1   33 0.63
  15   29 0.46
   6   24 0.08
   0   35 0.03
   6   22 0.23
  10   16 0.83
  12   15 0.55
  17   30 0.81
   6   37 0.10
   5   50 0.03
  16   38 0.05
   3   44 0.57
   2   27 0.40
   1   38 0.83
   0   36 0.21
  17   67 0.72
  18   50 0.49

