5 80 8
3    4  10   2

   7   13 0.41
   4   14 0.07
   1   16 0.95
  11   12 0.57
  11   22 0.26
   1    4 0.01
   3   22 0.72
  14   25 0.78
   8   20 0.14
  12   33 0.30
   0   17 0.34
  13   33 0.11
  13   32 0.86
  10   23 0.38
  13   20 0.87
   5    8 0.96
  13   33 0.27
  15   24 0.65
  15   31 0.35
  15   31 0.31
   5    8 0.12
  15   20 0.50
   5   20 0.09
   0    3 0.58
  13   14 0.41
   5   16 0.19
   2   17 0.07
   5   20 0.10
  12   22 0.35
   2    4 0.28
  15   25 0.55
   0    9 0.69
   1   11 0.67
   7   19 0.52
   1   16 0.14
  14   20 0.93
   0    8 0.56
   5   14 0.88
   7   16 0.19
  10   22 0.10
  10   28 0.75
   4   12 0.63
   7   12 0.43
   6   21 0.85
   1   19 0.42
   2   17 0.62
   9   20 0.49
   8   15 0.70
  10   19 0.80
  14   14 0.62
   4   20 0.39
   3   11 0.75
   3   21 0.35
   4   19 0.54
   9   12 0.27
   7   18 0.41
   8   26 0.40
  11   12 0.74
  13   19 0.99
  11   15 0.94
   1   15 0.06
  14   14 0.29
  11   33 0.30
   9   21 0.09
  15   35 0.98
   7   20 0.13
   9   31 0.09
   9    9 0.11
   7   21 0.61
   1    6 0.93
   9   17 0.45
   2   19 0.70
  13   17 0.75
  15   15 0.42
   4   25 0.54
  14   19 0.34
   5   14 0.78
   8   21 0.74
   3   25 0.79
  13   36 0.13

   6   14 0.06
   5   15 0.94
  14   33 0.47
  12   14 0.76
   0   23 0.08
  14   34 0.98
   8   28 0.32
   6   26 0.00
   1    4 0.22
   1   19 0.70
  10   23 0.34
  11   20 0.10
   2    8 0.74
   4   26 0.82
   0   14 0.06
  15   37 0.31
   8   30 0.09
  12   35 0.54
   2   21 0.80
   6   13 0.57
   8   23 0.25
  14   31 0.48
   4   13 0.02
  14   25 0.22
  10   21 0.16
   5   11 0.86
   0   17 0.67
  13   36 0.74
   1   17 0.32
   4   21 0.71
   2   11 0.15
  11   11 0.63
  10   12 0.12
  14   23 0.17
   4   21 0.99
   2   24 0.25
   3   13 0.61
   4   24 0.80
  11   29 0.91
   5   26 0.19
  15   29 0.74
  14   26 0.05
   2    7 0.67
  14   28 0.33
   8   10 0.99
  13   27 0.69
   7    9 0.51
  12   34 0.10
   3   17 0.76
  15   15 0.18
   3   25 0.07
  11   16 0.72
  11   28 0.52
   3   22 0.87
  14   25 0.70
   5    7 0.38
   7   30 0.08
  15   34 0.68
   2    4 0.57
  10   31 0.14
  13   35 0.23
  15   26 0.13
  14   17 0.91
  12   33 0.99
  12   35 0.43
   1    5 0.68
  15   31 0.79
  13   32 0.44
   4   14 0.73
  14   29 0.64
  10   31 0.34
  11   18 0.58
   9   10 0.56
  11   19 0.88
  13   34 0.61
  12   22 0.35
   9   18 0.30
   0   22 0.96
   7   23 0.97
   6   18 0.28

  10   24 0.48
   7    9 0.02
   5   21 0.77
   2    2 0.53
   8   30 0.31
   8   13 0.07
  15   37 0.25
   1    6 0.66
  13   21 0.59
   4   25 0.08
   3   10 0.81
  14   20 0.16
   2   23 0.91
   0    9 0.27
   0    4 0.36
   6   26 0.05
   5   11 0.82
   4    6 0.35
   6    8 0.14
   4   22 0.72
  12   28 0.45
   4   25 0.83
  12   34 0.83
   2    3 0.85
   9   30 0.60
  14   29 0.82
   2    7 0.29
  12   18 0.76
  14   35 0.66
   5   21 0.43
   9   11 0.04
   6    8 0.76
   4   16 0.40
  12   32 0.50
   0    8 0.28
   1    9 0.18
   7   27 0.05
   6   27 0.39
   0    2 0.70
   8   20 0.58
   4   17 0.16
  12   33 0.41
  10   18 0.39
   1    3 0.06
   6   25 0.65
   0    4 0.74
   0   13 0.74
   2    7 0.40
  13   22 0.13
   1    6 0.85
   2   24 0.13
   1   19 0.09
   1   21 0.27
  15   37 0.01
  10   30 0.23
   0   12 0.72
   6   24 0.87
   1   24 0.96
  10   31 0.27
   8   17 0.72
   0    4 0.95
   4   23 0.51
   4   27 0.91
   4   25 0.82
   9   10 0.04
   7   20 0.21
  11   33 0.70
   0   22 0.13
   0    4 0.39
   4   25 0.12
   9   17 0.39
   3   11 0.42
   5   28 0.63
   0    4 0.83
   0   14 0.75
  11   29 0.58
   3    4 0.24
   6   18 0.77
   5   26 0.21
   8   25 0.06

