3 80 4
3    4   4  16

  12   90 0.69
  69  141 0.57
  26   46 0.14
  37   37 0.66
 107  129 0.40
  22   66 0.49
  99  169 0.90
 106  114 0.39
  92  127 0.45
  35   64 0.33
  42   67 0.87
  58   84 0.90
  15   55 0.45
  95  145 0.12
 112  126 0.21
   5   59 0.64
  71   92 0.83
  53   70 0.99
  54  128 0.09
  80  122 0.23
  20   25 0.93
  45  105 0.44
  88   93 0.15
  11   41 0.17
 101  125 0.20
  78   90 0.47
 110  126 0.39
  60  108 0.63
  13   78 0.41
  77  138 0.63
  61   99 0.10
  53  113 0.04
  68   87 0.69
  94  104 0.13
   2    9 0.94
 116  180 0.68
  81  105 0.62
  80  153 0.33
   8    9 0.20
  83  129 0.36
  62  113 0.78
  62  103 0.69
  43   43 0.53
  88  106 0.26
  12   67 0.07
  99  125 0.82
   6   45 0.67
  85  107 0.99
 112  183 0.84
 101  145 0.00
 106  138 0.49
  42   45 0.31
 117  117 0.48
  86   98 0.29
  55   88 0.44
  57  116 0.53
  59  127 0.21
  96  140 0.18
  46   93 0.36
   3   23 0.80
 103  175 0.95
  47   82 0.70
  47  119 0.43
   2   56 0.86
  92  141 0.04
  75  127 0.35
  80  124 0.68
 111  135 0.83
  50  109 0.30
  86  152 0.14
  63  107 0.27
 109  180 0.33
  30   56 0.68
  35   86 0.65
  66   72 0.95
  21   29 0.38
  58   78 0.94
  73   76 0.07
  68  100 0.36
  36   68 0.97

   5   19 0.29
 119  147 0.87
   1   20 0.66
  75  108 0.68
  13   52 0.37
  88  124 0.56
  44   70 0.42
  37   43 0.90
  10   45 0.27
  56   63 0.09
  80  139 0.13
 102  168 0.01
  54   95 0.85
 119  125 0.08
  22   27 0.74
 114  151 0.46
   4   19 0.80
  14   46 0.64
 118  161 0.15
  28   92 0.49
  70  138 0.42
  41   56 0.68
  89  122 0.74
  41  100 0.19
 107  186 0.05
  44   65 0.13
  21   26 0.76
  44   48 0.21
  64  102 0.31
 105  128 0.71
  97  160 0.75
  99  126 0.54
  45   47 0.10
  17   42 0.48
  52   96 0.81
  10   36 0.64
  99  116 0.49
  65  141 0.60
  72  128 0.85
 111  168 0.43
  12   40 0.68
  39   60 0.48
  44  103 0.57
  70  136 0.90
  58  101 0.17
  77   93 0.41
  41   78 0.55
  22   40 0.62
  92   98 0.36
 102  122 0.72
  52   81 0.96
  19   68 0.48
 117  146 0.49
  87  142 0.60
  37   43 0.54
  54   73 0.41
  63   89 0.56
   0   69 0.14
  14   33 0.41
 115  130 0.17
   7   77 0.28
  35   47 0.51
  40   70 0.33
  25   40 0.61
  18   60 0.87
 108  119 0.11
  58   62 0.30
  88  128 0.89
  64  135 0.01
  42   69 0.34
  34   69 0.16
  22   65 0.93
   7   63 0.79
  29   91 0.32
 104  174 0.72
  10   71 0.26
   3   26 0.46
  81  120 0.53
  57   57 0.99
  53  105 0.08

  27  104 0.24
  75  100 0.05
   9   17 0.90
  46   64 0.09
  95  141 0.63
   1   20 0.73
 115  168 0.62
  69  107 0.09
 112  165 0.24
 111  171 0.31
  21   47 0.17
 114  114 0.08
  47   75 0.91
  95  106 0.70
 102  122 0.89
  15   51 0.76
  82  112 0.64
  80  153 0.41
 115  132 0.64
 100  151 0.60
  20   21 0.31
  28   39 0.52
  83   86 0.12
  98  167 0.12
  20   51 0.00
  99  124 0.64
  14   52 0.76
  67   93 0.02
  40   76 0.88
  44  112 0.81
  52   83 0.86
  48   83 0.17
  74  151 0.69
  12   83 0.45
  77   83 0.22
  90  150 0.72
  83  146 0.48
  48  124 0.11
  84   89 0.55
 117  145 0.93
 111  116 0.59
  48   66 0.68
  72   89 0.81
  98  113 0.59
   0   47 0.46
  21   33 0.77
  29   85 0.24
   5   40 0.77
   6   62 0.53
  30  107 0.69
  64   77 0.20
  95   96 0.73
  15   69 0.69
  61  127 0.80
  57  121 0.48
  53   83 0.36
  91  115 0.51
 119  183 0.49
  85  103 0.70
  56   74 0.86
  42  117 0.51
  12   74 0.80
   4   44 0.95
  46   85 0.52
   9   22 0.65
  43   65 0.75
  72  149 0.35
  41   63 0.85
  82  153 0.32
  18   26 0.99
  63  108 0.25
  47  125 0.94
  19   24 0.80
  37   83 0.65
  33   81 0.25
  11   64 0.42
   2   57 0.79
  22   61 0.35
  53   73 0.49
  18   21 0.77

