5 20 4
12   10   4   4   2  10   4   4   2   4   4   2  16

   4    6 0.01
  31   45 0.27
  23   30 0.16
  20   22 0.63
   2   10 0.67
  25   28 0.34
   7    7 0.01
   0    2 0.98
  31   32 0.04
  15   28 0.94
  14   29 0.42
  15   29 0.90
  27   32 0.71
  15   24 0.56
   2    9 0.10
   0   14 0.69
  12   13 0.28
  15   27 0.58
  26   40 0.29
   7   13 0.97

  12   26 0.80
   8    8 0.35
   2    9 0.88
  12   16 0.03
  21   22 0.49
   0    1 0.64
   2   14 0.81
  21   34 0.19
  30   38 0.17
   0    3 0.24
  13   28 0.72
   8   17 0.06
  28   30 0.79
  28   35 0.78
   1    3 0.25
  22   35 0.03
   2   17 0.99
  21   36 0.57
   0    4 0.83
  25   32 0.62

  23   32 0.63
  21   35 0.82
  31   46 0.04
  20   35 0.98
  30   33 0.07
   5    8 0.29
  22   37 0.38
   2   15 0.74
  27   27 0.65
   2    9 0.14
  16   21 0.26
  14   19 0.74
   7   14 0.81
  22   28 0.78
   3   15 0.96
  19   30 0.87
  25   30 0.29
  20   31 0.18
  29   40 0.10
  18   21 0.03

  22   24 0.52
  30   45 0.52
  32   43 0.08
   0    7 0.34
  16   23 0.32
  26   29 0.88
   4   14 0.88
   0   15 0.39
   8   23 0.99
  10   22 0.34
  10   11 0.06
   4   17 0.45
  21   35 0.86
   6   21 0.29
  16   18 0.19
  21   28 0.49
  27   42 0.32
  25   39 0.54
  29   35 0.70
   0    8 0.79

  17   19 0.61
  32   34 0.95
  27   32 0.42
  18   27 0.95
  23   27 0.72
   1   10 0.38
  30   36 0.73
  27   40 0.67
  11   11 0.74
   3    5 0.22
   9   18 0.84
  12   23 0.22
  16   22 0.72
  27   34 0.19
  19   21 0.53
  24   39 0.99
  11   21 0.09
   6   16 0.04
   3   11 0.82
   4    7 0.87

   0    0 0.44
  10   14 0.08
  27   41 0.31
  22   31 0.55
  22   28 0.27
  27   37 0.30
  11   12 0.94
  26   39 0.18
   9   11 0.77
  14   15 0.59
  16   19 0.89
  11   21 0.89
  19   32 0.76
  30   34 0.88
   2    9 0.60
   7   17 0.32
  22   37 0.82
  29   32 0.04
   5   18 0.72
  18   20 0.81

  13   24 0.61
   2   16 0.49
   9   24 0.11
   2   15 0.83
   6   20 0.08
  15   18 0.79
  12   23 0.93
  13   21 0.17
   9   12 0.81
   3    8 0.06
   9   12 0.71
  32   47 0.71
  26   36 0.84
   8   21 0.72
   4    8 0.66
  25   31 0.28
   1   11 0.90
   0    6 0.43
   2    6 0.71
  22   32 0.49

   5    9 0.78
  18   21 0.87
   1   15 0.24
  21   30 0.97
  19   29 0.22
  12   16 0.35
  23   24 0.01
  20   35 0.93
   4   18 0.10
  31   41 0.76
   5   12 0.53
   6    9 0.59
  21   35 0.85
  24   31 0.09
   1    4 0.59
   0    2 0.70
  15   15 0.01
  23   33 0.61
  11   26 0.65
   3   14 0.92

  21   31 0.68
  12   22 0.39
  12   16 0.55
  28   39 0.55
  31   36 0.34
  32   33 0.70
  14   24 0.59
  27   37 0.20
  25   27 0.61
  24   34 0.92
  17   18 0.44
  13   18 0.30
   6   19 0.43
  17   31 0.94
  31   31 0.51
  15   29 0.22
  21   21 0.00
  13   25 0.48
  18   32 0.06
   7    8 0.67

  30   40 0.28
   5   13 0.69
   3   17 0.55
   1    9 0.51
   8    9 0.98
   1    7 0.78
   2    2 0.56
  30   32 0.07
   7   12 0.89
  21   27 0.20
   8   13 0.49
  21   36 0.24
  14   21 0.14
  14   16 0.83
  11   13 0.21
  16   16 0.11
  31   39 0.51
  16   22 0.57
  29   37 0.73
   2   15 0.15

   6   12 0.22
  24   24 0.02
  29   31 0.10
  13   20 0.21
   6   10 0.81
   0    9 0.25
   9    9 0.54
   2    2 0.71
  17   26 0.61
  24   27 0.72
  24   27 0.45
   0    7 0.08
   2   13 0.73
  18   21 0.84
   0    9 0.32
   9   17 0.39
  28   40 0.69
  13   14 0.92
   5   16 0.61
   0    4 0.94

  10   15 0.86
  14   28 0.18
  19   24 0.37
  30   43 0.66
   2    3 0.48
   9   14 0.13
  13   18 0.23
   2    8 0.52
  10   23 0.58
  27   33 0.09
   8   14 0.50
  20   28 0.86
  10   24 0.65
  11   26 0.29
  18   32 0.57
  17   25 0.26
   3    5 0.71
  26   38 0.68
   1    7 0.32
  23   30 0.46

