4 80 8
3   20  16   2

   8   29 0.21
  44   60 0.55
  23   43 0.97
  23   24 0.96
  20   63 0.62
  24   41 0.67
  16   43 0.85
  30   38 0.53
  41   55 0.41
  37   48 0.32
  35   53 0.77
  43   76 0.09
  25   27 0.67
  33   57 0.25
  29   54 0.72
  38   77 0.27
  33   40 0.24
  44   44 0.47
  15   15 0.53
  34   55 0.70
  11   19 0.76
  37   60 0.33
  42   81 0.88
  11   21 0.70
  26   46 0.46
  42   68 0.67
   2   14 0.42
  29   73 0.66
   8   23 0.87
   8   23 0.97
  10   13 0.79
  45   51 0.02
   9   54 0.31
  19   36 0.61
  45   73 0.81
  23   33 0.91
  23   39 0.12
  34   54 0.59
   4   18 0.78
   9   34 0.92
   3   35 0.08
  25   44 0.44
  38   48 0.48
  38   65 0.77
  30   69 0.12
  29   60 0.04
  41   59 0.01
  19   56 0.98
  20   36 0.81
  23   66 0.87
  22   45 0.49
  34   68 0.93
  38   45 0.34
  26   50 0.72
  23   29 0.03
   5   30 0.48
  28   49 0.79
  45   47 0.29
  28   57 0.29
  20   27 0.00
  31   60 0.77
  41   63 0.54
  29   63 0.01
  15   22 0.11
  14   15 0.77
  42   68 0.66
   6   20 0.84
  35   38 0.75
  20   57 0.74
  19   21 0.34
  15   51 0.57
  26   26 0.00
  37   55 0.81
  22   65 0.61
  46   91 0.33
  23   24 0.91
  34   43 0.92
  39   77 0.08
  17   49 0.19
  16   43 0.08

  37   43 0.38
  13   49 0.92
  27   73 0.89
  25   31 0.69
  34   42 0.05
  36   47 0.80
  19   37 0.33
   5   44 0.91
  32   60 0.06
   3   17 0.52
  46   72 0.81
  18   33 0.08
  38   40 0.56
  19   24 0.51
  11   18 0.48
  21   32 0.35
  21   37 0.28
   7    7 0.19
  40   48 0.31
  17   38 0.41
   5   23 0.11
  32   39 0.59
  26   60 0.47
   0   30 0.04
  31   50 0.93
  26   69 0.56
  17   62 0.88
  42   65 0.80
  46   57 0.52
   4   32 0.32
   7   51 0.37
  17   52 0.19
  38   63 0.00
  43   45 0.00
   3   26 0.65
   2   40 0.34
  13   50 0.62
  15   48 0.96
  13   41 0.86
  36   69 0.10
   8    9 0.16
  13   47 0.48
  30   31 0.76
  43   71 0.80
  30   72 0.64
   4   19 0.68
  25   52 0.96
   3   23 0.77
  44   50 0.59
  43   66 0.84
  44   53 0.86
  45   52 0.03
  17   51 0.75
  20   44 0.02
  44   56 0.00
   3   23 0.00
  43   82 0.46
  42   51 0.84
   8   33 0.77
   1   18 0.60
  28   50 0.30
   4   46 0.41
  26   28 0.29
  29   38 0.73
  15   46 0.42
  11   26 0.31
  30   76 0.85
  25   35 0.15
  13   59 0.31
   1   36 0.82
   2    7 0.25
  28   67 0.57
  16   61 0.64
  35   37 0.15
  15   20 0.01
  16   53 0.27
   7   13 0.97
  28   60 0.83
  25   69 0.13
  38   67 0.40

   2    9 0.14
  40   63 0.40
  39   79 0.97
  42   46 0.66
  39   47 0.66
  38   77 0.29
  46   82 0.32
   3    3 0.60
  33   61 0.82
  35   60 0.50
   3   38 0.43
  21   43 0.40
  36   38 0.45
  31   37 0.63
  29   37 0.93
  17   48 0.77
   3   14 0.77
  27   50 0.58
  34   47 0.65
  25   45 0.66
  26   70 0.59
  11   30 0.70
  33   71 0.16
  17   28 0.24
   3   41 0.06
  19   21 0.98
  31   69 0.55
  37   44 0.85
  31   54 0.36
   5   18 0.74
  32   44 0.31
  22   61 0.78
  42   84 0.38
  26   61 0.16
   4   15 0.19
  41   58 0.95
  16   35 0.45
  35   56 0.69
  44   82 0.51
   2   24 0.32
   1   12 0.45
  41   72 0.74
  11   18 0.43
  22   37 0.82
  22   59 0.37
  26   30 0.57
  41   82 0.94
  38   78 0.19
  30   58 0.20
  35   45 0.33
   9   39 0.68
  18   49 0.26
  16   51 0.47
   2   24 0.61
   6   41 0.45
  24   69 0.11
  21   33 0.06
   3   16 0.60
  45   77 0.83
  20   52 0.82
  46   76 0.12
  16   28 0.17
  17   44 0.10
  44   53 0.78
  16   53 0.50
   7   51 0.56
  45   59 0.54
  34   73 0.08
  14   35 0.19
  44   74 0.57
  26   67 0.60
  27   30 0.68
  30   74 0.14
  38   44 0.23
   6   10 0.77
  27   34 0.44
  20   25 0.35
  42   59 0.84
  34   45 0.20
  40   78 0.90

