4 25 4
12   16  10   4  10  16  16   4   2   2   4  10  20

 120  149 0.45
  62  109 0.49
  96  143 0.02
  25   47 0.28
  22   45 0.63
  59   78 0.40
 122  124 0.10
  88  137 0.30
  58  109 0.28
  45   87 0.84
  25   65 0.84
  47  122 0.48
  44   89 0.37
  60   69 0.03
  40   40 0.33
  80  164 0.00
  87  159 0.38
  85  108 0.25
  74  110 0.69
  95  161 0.72
  54   81 0.31
  28   50 0.85
  28   77 0.19
 111  118 0.70
 115  200 0.78

 112  143 0.32
 114  127 0.87
  87  123 0.17
  44   79 0.14
  32  103 0.63
  71  107 0.97
 119  133 0.07
 120  176 0.38
  10   21 0.39
 107  149 0.65
  23   25 0.87
 126  145 0.01
  80   82 0.33
 108  170 0.90
  41  114 0.26
   2   40 0.00
  94  163 0.44
  49  104 0.43
  44  117 0.72
  99  175 0.53
  88  102 0.42
   0   59 0.89
  43  112 0.17
  81   82 0.95
  21   99 0.57

   8   71 0.97
  95  181 0.33
  61  143 0.86
 126  130 0.03
  61   62 0.05
  98  159 0.99
  73  124 0.33
  75  111 0.55
 106  194 0.54
   0   25 0.90
  22   53 0.57
   5   51 0.07
  78   94 0.39
  41   48 0.36
  74  129 0.21
  45  132 0.90
 112  128 0.69
  50   70 0.04
  74  100 0.43
 115  119 0.65
   1   30 0.81
  91  160 0.18
  49   99 0.52
  57   57 0.98
  97  135 0.05

  57  124 0.17
   6   91 0.78
  74  105 0.88
  73  106 0.79
  90  169 0.00
  87  134 0.13
  24   81 0.34
 122  165 0.67
   9   28 0.28
  65  127 0.93
  99  184 0.40
 119  163 0.59
  68   69 0.41
  43   74 0.32
  15   72 0.06
  46  128 0.32
 100  169 0.63
 102  185 0.79
  15   69 0.52
 107  110 0.55
  28   36 0.72
  26   29 0.09
  30   95 0.70
  67  114 0.85
  66  153 0.40

  79  120 0.45
  22   85 0.33
  79  117 0.56
  70  121 0.23
 119  135 0.27
  15   55 0.86
  17   74 0.02
  56  103 0.57
  94  171 0.51
 116  124 0.74
  39  103 0.55
  81  134 0.19
  33  104 0.37
  85  155 0.06
  12   27 0.77
 119  202 0.53
 117  121 0.13
 104  115 0.81
   5   76 0.57
  47  132 0.60
  87   89 0.61
   0    1 0.22
  58   83 0.33
  38   99 0.65
  77  157 0.67

   1   81 0.74
   4   14 0.89
  73  122 0.79
 121  195 0.06
  66   81 0.46
 118  189 0.43
  42   77 0.97
 112  135 0.35
 125  145 0.13
 100  119 0.31
  29   45 0.50
 113  201 0.17
  41   48 0.81
  60  142 0.25
  38   39 0.42
   1    8 0.09
  62  135 0.87
 109  141 0.48
  42   71 0.00
  32   57 0.26
  85  162 0.60
  56   56 0.55
  36   53 0.17
  92   99 0.04
  16   39 0.61

  67   95 0.87
  11   18 0.08
 116  145 0.90
 108  135 0.78
   5   16 0.65
  59   82 0.63
  32   77 0.46
  35   67 0.67
  60   89 0.92
  91  110 0.77
 109  125 0.64
  47  118 0.87
  30   71 0.05
  47  109 0.16
   5   75 0.42
  67  141 0.64
  71  137 0.97
  89  146 0.62
  87  164 0.39
  34   34 0.19
  52  100 0.63
 131  164 0.95
  59  114 0.62
  43   55 0.93
   5   88 0.67

  25   85 0.93
  66   86 0.96
  64  106 0.42
  91  133 0.95
 100  151 0.94
  12   27 0.32
  75  121 0.65
  34  113 0.80
   9   29 0.61
  26  111 0.10
   6   49 0.40
   6   10 0.96
  86  167 0.68
 111  141 0.75
  89  147 0.04
  14   59 0.97
  17   81 0.46
   5   93 0.28
 125  210 0.88
  78   89 0.24
  25  109 0.14
 132  212 0.33
 120  155 0.27
 127  202 0.27
  41   44 0.14

  79  146 0.92
  15   47 0.03
  89   91 0.32
  72  107 0.79
 128  212 0.57
  38  112 0.40
  17   47 0.00
  82  154 0.36
  85  105 0.83
  17   33 0.37
 127  206 0.80
 130  150 0.06
  71  146 0.33
 106  148 0.25
  67  122 0.50
  26   47 0.55
  50  138 0.66
  38   71 0.44
   4   90 0.89
 123  180 0.30
  23  108 0.54
 102  137 0.43
  69  123 0.80
   5   87 0.54
  60  144 0.57

 109  178 0.50
   5   34 0.84
  18   27 0.45
 112  141 0.09
   9   58 0.26
  87  139 0.06
  31   45 0.20
  30   76 0.64
  14   57 0.02
  42   65 0.44
  62   93 0.64
  75   93 0.10
  94  108 0.97
 112  194 0.11
 102  141 0.63
 107  166 0.40
  84  103 0.56
  79  151 0.57
  40   97 0.79
  28   85 0.41
 131  186 0.88
  73  126 0.51
  51  127 0.47
   4   11 0.21
  55  139 0.59

  96  127 0.01
 118  204 0.40
  96  161 0.83
  44  131 0.60
 127  206 0.61
  47   49 0.62
 108  191 0.68
  99  138 0.36
 114  181 0.29
 128  155 0.75
  23   28 0.09
  54   67 0.00
  82  112 0.60
  92  139 0.15
  32  101 0.63
  52   67 0.15
  36   60 0.35
 130  199 0.97
 113  158 0.06
   5   89 0.76
 123  123 0.44
 113  153 0.61
 102  186 0.10
  28   58 0.79
  33   69 0.35

  72   94 0.15
 130  181 0.66
  56  105 0.19
   8   94 0.16
 126  129 0.83
  39   47 0.59
 113  187 0.53
 118  150 0.52
 131  203 0.30
  40   57 0.99
  35   80 0.07
  53   55 0.40
  22   52 0.52
  21   42 0.27
  20   60 0.07
  94  106 0.30
  56  128 0.06
  19   88 0.09
  63  106 0.05
  73  110 0.61
 125  186 0.27
  29  117 0.14
  26  107 0.11
   1   76 0.40
   1   19 0.94

