5 80 4
3   10   2   2

   3   33 0.86
   2   37 0.13
   8   21 0.97
   8   48 0.60
  12   35 0.92
  10   17 0.78
   5   15 0.35
   7   45 0.63
   1   13 0.82
   5   42 0.64
   8   28 0.01
   8   21 0.61
  12   31 0.31
   5   35 0.58
   5   34 0.01
   8   31 0.82
  13   21 0.67
  13   20 0.15
   2   33 0.23
   6   25 0.46
   1    1 0.22
   0   10 0.16
   8   45 0.05
   5   36 0.75
   6    9 0.37
   8   10 0.27
   0    8 0.08
   9   37 0.09
  11   30 0.25
  13   19 0.67
   2   42 0.60
   4    7 0.04
   6   34 0.49
   2   22 0.93
  12   49 0.93
  13   23 0.09
  10   20 0.37
   9   36 0.42
   2    9 0.63
   6   30 0.15
   8   47 0.49
   5   11 0.94
   4   39 0.99
  10   22 0.23
   3    8 0.84
   6   12 0.01
   5   14 0.42
  13   17 0.86
  13   53 0.42
   4   13 0.16
   9   42 0.34
   1   22 0.27
   3   23 0.84
   8   43 0.43
   2   39 0.36
   4   14 0.29
   3    6 0.30
   0    6 0.36
  10   35 0.45
   6   33 0.19
  12   20 0.24
  12   47 0.35
   0   25 0.31
  12   42 0.65
   9   42 0.16
  10   22 0.56
   4   15 0.10
   4   36 0.12
   1   34 0.51
   2   29 0.25
   3   33 0.98
   1   32 0.13
   4   37 0.69
   2   38 0.21
   8   21 0.20
   4   38 0.26
   6   16 0.15
   3   35 0.24
   2   12 0.94
  11   23 0.67

  11   23 0.43
   5    9 0.73
   7   44 0.27
  11   49 0.35
  12   17 0.73
   7   11 0.40
  13   18 0.42
   4   17 0.34
   5   18 0.72
   0   36 0.28
   9   15 0.12
   7   23 0.77
   5   31 0.99
   5   45 0.60
  13   31 0.45
   4   31 0.03
  11   47 0.90
   2   24 0.60
   4   43 0.00
   4   19 0.75
   1    5 0.41
  12   37 0.67
  12   37 0.46
   1   12 0.82
   5   34 0.67
  10   18 0.35
  13   42 0.52
  12   40 0.27
  13   35 0.53
   6   32 0.21
   1   35 0.95
  12   23 0.52
  13   33 0.65
  13   53 0.45
   6   14 0.64
   2   20 0.83
   0   15 0.61
   6   35 0.64
   3   11 0.81
   2   42 0.96
  11   48 0.68
   7    7 0.77
  11   11 0.59
   0    2 0.70
   5    7 0.99
  10   42 0.30
   4    8 0.80
   2    6 0.17
   9   14 0.52
  13   25 0.35
   4   20 0.39
  11   21 0.89
   7   19 0.41
   5   14 0.68
  12   15 0.82
  10   51 0.49
  13   21 0.19
  12   45 0.98
   9   41 0.71
   6   23 0.33
   1   11 0.01
   6   40 0.10
   4   26 0.98
  10   20 0.09
   6   11 0.49
   6   17 0.06
   8   49 0.35
   5   34 0.38
  13   36 0.15
   4   34 0.31
  10   44 0.47
   2   24 0.65
   6   37 0.30
   0    9 0.04
  12   12 0.92
   3   11 0.27
   6   36 0.40
   2   31 0.32
   9   16 0.21
  10   12 0.39

   7   20 0.70
  11   21 0.59
   3   35 0.27
   8   23 0.63
   9   12 0.87
   7    8 0.91
  10   24 0.21
   0   29 0.78
   1   29 0.48
   6   23 0.55
   4   45 0.49
   0   40 0.72
   1   13 0.52
   2   38 0.76
  11   16 0.92
   3   34 0.38
   6   41 0.86
   1   38 0.38
   2   31 0.86
  10   50 0.20
  10   25 0.36
   2   25 0.17
  11   19 0.14
   6   47 0.21
   9   25 0.25
  12   24 0.09
   7   41 0.77
  10   32 0.74
   8   30 0.01
   8   36 0.79
   4   26 0.97
  12   16 0.10
   1   25 0.59
   9   48 0.54
   2    7 0.56
   9   35 0.96
  13   19 0.16
   9   15 0.97
   6   26 0.57
   1   16 0.37
   2   28 0.27
   1   16 0.58
   2   43 0.79
   4   37 0.92
   3   24 0.41
   7   21 0.62
  10   46 0.40
  11   47 0.48
   2   36 0.82
  12   44 0.70
   1   20 0.55
   9   34 0.05
   6   44 0.27
   8   48 0.94
  12   42 0.25
   9   31 0.82
  12   32 0.01
   6   17 0.68
   3    6 0.01
   2   14 0.18
  13   49 0.95
   9   13 0.79
   7   40 0.07
  10   50 0.01
   3    5 0.48
   6   24 0.21
  13   29 0.43
   4   25 0.04
   2    7 0.60
  12   41 0.02
   8   46 0.53
   3   13 0.31
   3   21 0.79
   9   50 0.74
   3   32 0.75
   8   14 0.30
   3   24 0.26
   0   36 0.10
   5   19 0.45
   8   42 0.46

