4 60 4
3    4  16   4

  38   39 0.40
  30   37 0.34
  32   47 0.53
  51   59 0.13
  58   73 0.21
  15   32 0.68
  54   61 0.13
  28   34 0.30
  61   77 0.47
  24   27 0.59
  40   44 0.42
  25   37 0.59
  52   73 0.05
  13   18 0.37
  33   48 0.10
  59   80 0.55
  18   36 0.83
  40   46 0.28
  26   26 0.87
  41   42 0.70
   4   14 0.37
  58   71 0.78
  49   58 0.24
  24   45 0.18
   3   20 0.22
   5   12 0.21
  52   73 0.48
   6   20 0.65
  52   55 0.19
   1   19 0.23
  29   44 0.52
  14   32 0.25
  20   34 0.56
   9   19 0.36
  45   61 0.26
  31   42 0.41
  48   55 0.12
  12   21 0.81
  38   46 0.94
  33   46 0.35
  32   34 0.17
   9   19 0.64
  46   59 0.36
  65   68 0.49
   8    9 0.94
  45   56 0.54
  38   40 0.66
  30   41 0.08
   4   16 0.83
  33   36 0.68
  49   61 0.36
  21   31 0.02
  36   53 0.13
  29   45 0.30
  19   33 0.98
  12   18 0.00
  32   35 0.67
   4   24 0.19
  57   67 0.49
  33   39 0.64

  50   70 0.40
  49   56 0.01
  60   77 0.36
  22   25 0.03
  16   37 0.42
  30   37 0.96
  21   33 0.24
  65   84 0.53
  52   58 0.11
  54   70 0.49
  45   62 0.99
   5   17 0.88
   1    4 0.54
  18   19 0.82
  21   22 0.45
  61   66 0.30
  18   38 0.05
  64   77 0.47
  17   29 0.73
  53   53 0.16
  65   77 0.45
  13   14 0.59
  34   51 0.22
  14   16 0.84
  48   59 0.73
  45   50 0.75
  52   58 0.28
  36   52 0.97
  64   81 0.55
  18   32 0.55
  11   15 0.53
   8   10 0.81
  10   10 0.51
  46   47 0.51
  38   45 0.71
   3   24 0.98
  30   42 0.66
  47   49 0.36
  29   44 0.08
  48   64 0.78
   5   10 0.11
  24   43 0.95
   9   11 0.48
  10   12 0.92
  55   55 0.68
  26   33 0.45
  26   41 0.22
  32   36 0.30
  13   19 0.23
  10   26 0.24
  11   14 0.62
   9   15 0.53
  13   23 0.57
  29   49 0.49
  10   10 0.97
  20   32 0.90
  26   46 0.07
  14   15 0.79
  17   30 0.34
  49   55 0.02

  28   37 0.63
  28   28 0.39
   9   15 0.20
  26   40 0.77
   6   18 0.86
  55   62 0.33
  39   52 0.04
  24   32 0.31
  17   29 0.72
  19   39 0.02
  49   60 0.25
  64   77 0.07
  12   22 0.96
  59   72 0.87
   3   16 0.29
   9   14 0.32
  10   12 0.41
   8   23 0.09
  24   25 0.74
  49   69 0.44
  34   45 0.27
   2    9 0.01
  16   32 0.01
  14   27 0.11
  57   76 0.87
  12   25 0.14
  54   55 0.70
  24   36 0.60
  47   48 0.61
  14   21 0.09
   3   11 0.36
  25   27 0.91
  44   62 0.83
  25   33 0.09
  28   37 0.67
  21   38 0.47
  31   36 0.71
  54   56 0.15
  39   57 0.23
  29   33 0.33
  51   61 0.84
  34   50 0.64
  46   63 0.75
  63   79 0.29
   6   12 0.13
  66   76 0.33
  59   70 0.67
  63   73 0.39
  33   54 0.74
  38   38 0.54
  35   43 0.58
  58   70 0.01
   5   21 0.27
  61   70 0.99
  44   63 0.94
  64   73 0.67
  22   28 0.78
  30   37 0.54
  15   35 0.00
  61   66 0.71

