5 40 4
6   16   4  16   2  10  20

   4   91 0.91
  53  110 0.42
  54  107 0.72
  10   75 0.44
  59   71 0.13
  59   60 0.82
  39  122 0.23
  19  112 0.08
  67  138 0.36
  67   82 0.81
  59   79 0.93
  63  111 0.25
  20  108 0.41
  41  124 0.43
  59   91 0.44
  13   82 0.93
   9   79 0.16
  23   40 0.79
  64  160 0.16
  17   91 0.78
  33   54 0.87
   5   68 0.25
  52  139 0.02
  34   75 0.66
  67  161 0.01
  46   83 0.17
  21   23 0.72
   6   34 0.03
  35  111 0.48
  22   34 0.85
  43   86 0.59
  57  130 0.76
  26   57 0.21
  21   38 0.37
  59  114 0.10
  11   42 0.32
  61   91 0.19
  32  132 0.25
  55   65 0.95
  53   96 0.11

  29   97 0.26
   3   26 0.51
  66   74 0.80
   5   29 0.58
   1   20 0.45
  59  145 0.18
  58   83 0.64
   0   84 0.91
  41  111 0.89
  61  129 0.58
  17   55 0.14
  60  119 0.01
   6   47 0.88
  27  119 0.57
  17  118 0.69
  58  110 0.82
  19   25 0.57
   6   96 0.49
  16   91 0.37
  26  125 0.26
  14  107 0.13
  52   93 0.72
  63   70 0.06
  65  164 0.74
  54  104 0.40
  15   50 0.17
  25  108 0.06
  54  145 0.33
   0   94 0.40
   9   90 0.72
  35   40 0.00
  65  115 0.61
  63  133 0.26
  26   76 0.11
  10   21 0.15
  60  127 0.34
  61  141 0.90
  67   72 0.46
  64  164 0.75
  35   64 0.10

  11  104 0.95
  65   76 0.13
  11   81 0.54
  33   59 0.05
  37   89 0.28
  46   83 0.44
  43   91 0.82
  36  108 0.32
  50  125 0.88
  26  126 0.16
  55   94 0.79
  30   75 0.88
  25   49 0.00
   0   33 0.28
  50   65 0.87
  13   13 0.69
  60  158 0.83
  22   34 0.21
  22   52 0.89
  57   64 0.26
  24   35 0.09
  67  105 0.70
   0   27 0.30
  46   98 0.30
  58  108 0.89
   5   28 0.15
  41  115 0.57
  56   80 0.95
  33  112 0.00
  42  125 0.44
  41  141 0.73
  14   39 0.75
  52  121 0.81
  14   38 0.49
  47  104 0.05
  62  141 0.73
   1   36 0.96
  21   55 0.76
  57   88 0.47
  28   72 0.34

  54   58 0.45
  13   96 0.82
  13   17 0.45
  28  118 0.52
   7   24 0.77
  20   28 0.22
  35   79 0.28
  25   41 0.13
   5   37 0.14
   0  100 0.55
  32  121 0.29
  38  106 0.63
  38   75 0.10
  34  109 0.48
  34   80 0.69
  58  102 0.47
  37   43 0.02
  39  111 0.42
  17   81 0.08
  45  110 0.92
  31  128 0.53
  16  108 0.36
  53  113 0.42
  65  134 0.65
  63   96 0.96
  61  140 0.34
  25   40 0.01
  38   40 0.58
  50   65 0.67
   5   81 0.19
  29  120 0.94
  33   95 0.59
  66  157 0.16
   4    4 0.11
   7  108 0.22
  22   60 0.82
  57  115 0.91
  22   94 0.70
  11   15 0.76
   1    2 0.11

  44  110 0.99
   6   70 0.45
  15   34 0.36
  67  133 0.65
  57  146 0.06
  49  146 0.47
  57   77 0.25
  32   76 0.59
  65   84 0.50
   9   98 0.67
  48  146 0.43
  67  129 0.06
  58   82 0.34
   0   37 0.62
  32   55 0.27
  16   21 0.77
  12   91 0.88
  38  128 0.60
  49   54 0.28
  18   21 0.15
  25   29 0.30
  22  106 0.82
  57  129 0.42
  53  123 0.64
  35  108 0.83
  55  113 0.23
  17   43 0.72
  38  103 0.83
  25  124 0.06
  18   74 0.00
  55  103 0.02
  13   81 0.54
  41  107 0.31
  26   43 0.84
   9   45 0.93
  34   44 0.55
  17   93 0.78
  29   46 0.80
   0   38 0.99
  36  133 0.66

  16   64 0.81
  18   80 0.91
  59  122 0.74
  38   70 0.59
  63  114 0.50
  23  107 0.02
  26   44 0.58
  19   54 0.94
  35   81 0.00
  47  138 0.82
   3   93 0.37
  60   80 0.68
  57  143 0.24
  67   79 0.25
   2   62 0.35
  19   54 0.92
  36   86 0.64
  45   98 0.33
  15   26 0.30
  18   18 0.26
  33  116 0.36
   1   54 0.47
  40  122 0.36
  21   69 0.86
   5   31 0.41
  48  143 0.92
  17   88 0.91
  25   25 0.61
  35   60 0.89
  41   51 0.46
  41   44 0.09
  18   39 0.20
  48  125 0.46
  11   90 0.14
  61  159 0.25
  14   95 0.42
  44   97 0.23
  24   24 0.51
  10   42 0.96
  31   86 0.56

