3 100 8
3   16  20  10

  38  126 0.90
  30  110 0.13
  44  137 0.27
   2   44 0.26
  12   98 0.78
  30   60 0.73
  41   85 0.01
  21   53 0.71
  44   68 0.38
  20   71 0.94
  14   20 0.12
  13   24 0.83
  25   27 0.22
  13   84 0.59
  34  100 0.86
  23   30 0.22
  45   62 0.82
  31   72 0.07
  36  117 0.09
  13   87 0.58
  33   82 0.88
  12   67 0.78
  41   78 0.31
  44   86 0.73
  45  100 0.16
   1   40 0.41
   5    9 0.96
  15   27 0.41
  46   74 0.73
   1   65 0.78
  12   90 0.71
  37   91 0.02
  41  113 0.26
  29   82 0.03
  42   81 0.27
  36   65 0.03
  18  110 0.14
   4   76 0.34
  28   65 0.62
  39  124 0.90
  18   84 0.84
  42  112 0.73
  32   81 0.82
  41   49 0.42
  28   44 0.46
  24   87 0.95
  36   38 0.22
  46   55 0.79
  23   47 0.18
  15   62 0.67
  16   84 0.76
  27   83 0.66
  28   70 0.66
  42   92 0.56
  11   25 0.61
  42   56 0.27
  10   21 0.77
  25   87 0.21
   1   88 0.56
  29   93 0.53
  17   27 0.10
   1   53 0.54
  17   71 0.70
  22   40 0.41
   7   89 0.89
  10   14 0.43
  34   56 0.42
  20   83 0.36
  18   98 0.43
   8   49 0.40
   1   14 0.17
  34   66 0.53
   1   44 0.78
  33   37 0.85
  10   82 0.81
  46   69 0.19
  34   59 0.62
  39   54 0.30
  43   60 0.31
   5   53 0.29
  46   61 0.58
   5   12 0.22
   7   37 0.80
  17   71 0.50
  30  112 0.46
   4   90 0.32
  39   89 0.40
  37   73 0.52
  12   73 0.35
  21   47 0.22
  26  110 0.56
  11   99 0.36
  18   49 0.79
   3   15 0.62
  39   42 0.62
  12   91 0.21
  39   54 0.92
  19   87 0.46
  21   65 0.83
   5   56 0.37

  26  110 0.99
  46   81 0.27
   5   84 0.98
  31  102 0.86
  38   88 0.18
  43   71 0.37
  18   50 0.41
  43   81 0.29
  14   43 0.42
   8   88 0.65
  20   48 0.79
  35   40 0.80
  21  104 0.21
   8   58 0.83
  43  108 0.20
  41  124 0.11
  32  122 0.12
  45   97 0.49
  37   58 0.52
  13   47 0.04
  36  122 0.11
  38   80 0.36
  22   33 0.97
  43  102 0.45
  42   67 0.21
  28   39 0.26
  41   77 0.85
  33  106 0.57
  15   80 0.34
  16   70 0.91
   7   14 0.31
  41  103 0.22
  14   39 0.86
  32   34 0.12
   4   86 0.41
  19   63 0.11
  39   56 0.56
  13   34 0.06
  27  118 0.25
  31  112 0.66
  32  101 0.95
  17   65 0.15
  13   74 0.14
  45  101 0.28
  29   83 0.20
   1   82 0.63
  45  124 0.51
  20   74 0.51
  26   79 0.84
  18   65 0.32
  20   59 0.63
  12   55 0.35
   6   72 0.16
   6   38 0.50
  36   90 0.71
  29   95 0.40
  25  113 0.43
  26   84 0.21
  17   48 0.27
  28   75 0.95
  45  109 0.35
  43   98 0.55
  30   31 0.90
  12   13 0.51
  23   82 0.42
   1    6 0.59
  22   35 0.33
  18   95 0.71
  21  104 0.26
  24   55 0.95
  12   21 0.59
   8   59 0.25
  45  139 0.96
  32   70 0.49
   5   17 0.94
  32   45 0.93
  13   60 0.81
  25  101 0.37
   5   59 0.60
  20  106 0.51
  14   45 0.23
  27   34 0.21
  41   96 0.75
  12   96 0.81
  37  124 0.14
  25   98 0.89
  10   38 0.02
  28  111 0.89
  43  123 0.25
   2   78 0.35
  15   89 0.86
  46   90 0.98
   5   54 0.99
   6   50 0.82
  11  104 0.60
  32   71 0.25
   5   43 0.09
  13   73 0.51
  31  112 0.36
  38   38 0.01

   7   18 0.86
   4   86 0.45
  28   43 0.29
  43  127 0.15
   4   92 0.61
   2   85 0.79
  39   42 0.90
  21   81 0.55
  19   39 0.86
  12   12 0.82
  34   93 0.60
  12   92 0.63
  24   65 0.20
  22  110 0.71
  21   93 0.41
  38   43 0.74
  33  114 0.86
  28   66 0.40
  44   54 0.38
  41   83 0.68
   3   24 0.15
  12   51 0.10
  28   50 0.68
  44   48 0.25
  35  107 0.87
  25   83 0.11
   3   84 0.00
  43  124 0.14
  28   84 0.67
  11   95 0.17
  28   86 0.56
  37   87 0.27
   0   53 0.44
  45  123 0.92
  30   71 0.48
  36  118 0.78
  35   51 0.39
  27  104 0.68
  41  126 0.13
  30  122 0.83
  23   50 0.07
  34  109 0.37
  29   91 0.95
  43  126 0.16
   0   67 0.40
  24   28 0.54
  27   57 0.93
  36   62 0.03
  16   78 0.35
  32   96 0.24
   4   69 0.90
  45   45 0.94
   8   15 0.34
  45   63 0.31
  36   92 0.63
  27  101 0.90
  17   34 0.42
  19   45 0.19
   0    5 0.68
  21   46 0.36
  24  104 0.30
  12   56 0.05
  28   89 0.14
  11   70 0.32
  44   63 0.30
  12  104 0.39
   5   15 0.60
  30  111 0.35
  10   88 0.85
  40   44 0.28
  35  111 0.92
  25   57 0.35
  43   88 0.94
  10   28 0.79
  13   38 0.65
  14  105 0.08
  17   85 0.49
  35   87 0.92
  38  125 0.71
  43  134 0.74
  36  123 0.85
  23  100 0.24
   9   85 0.99
  26   98 0.89
  11   98 0.69
  40   73 0.37
  32   33 0.01
  39   59 0.64
  34   83 0.96
  38   91 0.77
  10   32 0.14
  35  104 0.41
  33   94 0.84
  19   33 0.74
  28   59 0.05
  32  109 0.88
  28  115 0.94
  22   27 0.54
  19   49 0.32
  41  135 0.82

