3 60 8
3    2  20  10

  14   36 0.69
  19   40 0.80
  19   53 0.96
  45   59 0.89
  18   53 0.38
  11   52 0.12
  41   44 0.99
  16   20 0.85
  14   15 0.08
  43   46 0.71
  30   70 0.37
  11   57 0.09
  24   79 0.23
  39   60 0.84
  53  102 0.89
  44   70 0.09
   2   34 0.23
  49   76 0.58
  31   46 0.84
  59   89 0.73
  23   78 0.36
  59   76 0.75
  45   54 0.50
  33   39 0.48
  24   42 0.38
  35   59 0.22
  12   51 0.54
  39   68 0.87
  59   61 0.12
  28   62 0.03
  37   86 0.73
  23   24 0.30
  45   65 0.02
  31   57 0.17
  39   94 0.58
  32   83 0.42
  39   41 0.99
  22   50 0.86
  56   59 0.61
  40   98 0.85
  10   53 0.55
  36   38 0.58
  50   87 0.64
  15   73 0.58
   5   16 0.34
  30   32 0.93
  58   77 0.77
  14   19 0.08
  15   20 0.06
   4   16 0.73
  42   46 0.66
   2   36 0.97
   4   22 0.66
  27   46 0.75
  21   75 0.41
  42   48 0.46
  53   84 0.30
  37   39 0.25
  55   84 0.36
  55  114 0.57

  53   91 0.17
  50  104 0.65
  57   79 0.01
  58   75 0.23
  13   27 0.17
  23   55 0.24
  17   62 0.58
   9   56 0.19
  15   51 0.70
  32   85 0.10
  34   81 0.91
  54  108 0.07
  25   50 0.06
  30   50 0.03
  10   33 0.99
  33   69 0.64
  24   28 0.20
  41   72 0.21
  28   70 0.60
  36   84 0.08
  48   98 0.03
   2   37 0.93
  24   45 0.37
   4   33 0.08
  42   99 0.20
   9   40 0.68
  14   40 0.22
   6   38 0.66
  49   84 0.79
  57   57 0.52
  55   89 0.94
  24   30 0.49
   8    8 0.22
  28   53 0.89
  37   83 0.04
  33   63 0.99
  15   28 0.30
  21   74 0.32
  29   68 0.83
   2   13 0.22
  52   74 0.87
   4   46 0.05
  24   78 0.71
  26   70 0.91
  32   33 0.54
  54   57 0.41
  47   63 0.70
  39   91 0.07
  58  102 0.09
  40   70 0.96
  41   92 0.45
  46   98 0.63
  59   96 0.86
  56   99 0.91
  13   19 0.75
  49  108 0.74
  43   47 0.92
  17   73 0.29
  48   58 0.67
  44   73 0.16

  48   93 0.40
  42   92 0.26
  59   80 0.96
  41   84 0.58
  33   52 0.30
  43   69 0.68
  33   63 0.38
   4   31 0.03
  29   74 0.34
  16   40 0.26
  44   89 0.71
  29   75 0.13
  48   55 0.32
  38   54 0.98
  25   50 0.39
  19   64 0.53
  17   32 0.58
  50   56 0.86
  53   84 0.20
  34   59 0.23
  37   62 0.46
  48   60 0.09
  17   58 0.38
  32   61 0.34
  59   67 0.64
   9   47 0.27
  41   60 0.70
   5   38 0.51
  45   64 0.62
   0   26 0.63
  12   61 0.48
  35   59 0.84
  46   60 0.77
  45   89 0.55
  36   54 0.90
  43   69 0.95
  57   82 0.93
  10   49 0.62
  32   44 0.51
  18   39 0.83
  49   55 0.52
  21   46 0.01
  22   41 0.32
  39   76 0.43
  57   90 0.15
   3   19 0.39
  31   70 0.01
  14   51 0.13
  22   63 0.50
  13   30 0.70
  55   95 0.35
  37   68 0.09
  15   16 0.62
  48  102 0.21
  41   86 0.97
  33   63 0.93
   5   61 0.12
  25   68 0.04
  51   84 0.59
  28   35 0.51

