3 100 4
3   16  16  20

 162  430 0.62
 141  187 0.92
  82  317 0.46
 273  467 0.86
 107  122 0.50
  66  133 0.98
  38  290 0.25
 300  544 0.87
 229  518 0.05
 165  409 0.59
 112  184 0.65
 234  515 0.53
 152  279 0.21
 322  418 0.23
 195  386 0.28
 178  405 0.83
 285  597 0.90
  37  320 0.09
 104  422 0.26
 241  336 0.43
 314  545 0.96
 195  444 0.23
  52  370 0.68
  57  127 0.04
 220  428 0.95
   7   86 0.12
 245  327 0.65
 279  477 0.93
  73  254 0.81
  29  158 0.88
 206  489 0.26
 155  337 0.62
 191  192 0.27
  30  225 0.41
  48  275 0.07
  13  105 0.05
 256  437 0.31
 311  326 0.56
 146  260 0.24
  57  167 0.30
 322  327 0.56
  86  100 0.54
 263  558 0.30
 306  526 0.18
 108  114 0.47
  98  163 0.57
 305  423 0.44
  36  240 0.93
 306  476 0.33
 165  479 0.19
  88  333 0.40
 201  467 0.23
  42  121 0.53
 272  487 0.33
 226  547 0.85
 204  413 0.04
 152  280 0.19
 126  365 0.06
  10  161 0.85
 174  308 0.11
 108  292 0.74
  57  236 0.45
 226  297 0.83
  46  178 0.19
 262  326 0.62
 190  213 0.25
  17   61 0.64
  29  220 0.12
  93  105 0.41
  35  124 0.44
 171  171 0.26
  96  253 0.21
 323  489 0.20
  53   78 0.30
 223  528 0.60
  59  325 0.14
 312  579 0.05
 155  401 0.43
 264  397 0.91
 142  217 0.36
  25  174 0.91
 132  176 0.43
 164  338 0.49
  30  101 0.14
  43  135 0.12
 301  464 0.76
 318  591 0.97
  67  111 0.59
 240  279 0.29
 108  260 0.30
   4   76 0.18
 235  275 0.70
 166  228 0.27
  50  251 0.58
 139  348 0.87
 218  456 0.62
 295  473 0.69
 275  329 0.79
  61  219 0.63
  56  303 0.06

  24  128 0.30
  70  215 0.45
 320  411 0.81
 135  322 0.31
  36  226 0.65
  79  376 0.99
 314  528 0.06
 274  529 0.23
 106  213 0.59
 218  518 0.81
  80  197 0.14
  25  101 0.44
 114  260 0.40
 161  163 0.17
 291  467 0.16
 294  553 0.02
 261  414 0.73
 292  346 0.42
   4  145 0.77
  39   86 0.06
 297  343 0.20
  23   48 0.45
  16  124 0.12
  78  187 0.28
 287  361 0.08
 261  301 0.86
 300  486 0.23
  90  341 0.66
 269  357 0.67
  12   96 0.72
  29  183 0.84
   7  306 0.57
 135  192 0.46
 168  179 0.24
 238  468 0.58
 276  469 0.91
 297  603 0.12
  59  358 0.08
  69  140 0.50
 139  313 0.43
 228  370 0.18
 138  303 0.50
 132  312 0.01
 293  599 0.78
 317  638 0.13
  45   75 0.42
 250  465 0.98
  58  219 0.10
  44  271 0.36
 108  190 0.36
  25   82 0.16
  39   49 0.35
   1    2 0.41
 154  318 0.18
 257  304 0.78
 127  427 0.79
   3  136 0.26
 184  238 0.02
  97  398 0.19
 267  564 0.03
 210  343 0.33
 134  138 0.71
 193  287 0.97
 146  214 0.44
   8  251 0.39
  62  270 0.97
  52   65 0.96
 248  470 0.91
 278  356 0.36
 246  355 0.06
 142  281 0.98
 165  312 0.36
 169  308 0.52
  71  134 0.15
  69  338 0.20
 205  523 0.48
 202  503 0.25
 158  228 0.54
 200  435 0.83
 226  305 0.02
  89  167 0.06
 322  634 0.49
  21  118 0.77
 150  386 0.31
 241  437 0.90
  74  262 0.75
 200  506 0.90
 289  367 0.65
  63  102 0.88
 269  462 0.94
  87  237 0.79
  93   93 0.32
 245  361 0.90
 152  324 0.09
  84  169 0.05
 205  322 0.51
 158  431 0.67
  23  173 0.23
 300  472 0.89
 167  309 0.42

 272  578 0.66
 274  503 0.36
 313  607 0.55
 202  373 0.80
 164  288 0.08
  22  338 0.23
 191  275 0.83
 295  514 0.63
 177  481 0.13
 299  411 0.16
 254  283 0.51
 154  475 0.86
  82  132 0.22
 256  416 0.83
  91  357 0.71
  19  220 0.35
 153  236 0.57
 173  354 0.44
 256  564 0.14
  30  324 0.29
  57  333 0.39
 207  479 0.65
 314  500 0.55
 272  418 0.39
  90  194 0.54
  66  282 0.86
 262  514 0.67
 135  177 0.38
 224  388 0.21
 259  309 0.51
 142  362 0.31
 185  476 0.48
 201  442 0.80
 313  594 0.43
 137  250 0.16
 168  326 0.90
  91  378 0.31
  18  252 0.35
  64  202 0.78
   9   51 0.88
 238  250 0.00
 256  458 0.61
 167  183 0.78
 197  337 0.74
 264  551 0.60
  33  108 0.58
 120  395 0.88
  23  109 0.13
  82  327 0.50
  74  310 0.23
 143  396 0.11
   4  101 0.54
 234  242 0.93
 319  337 0.67
 281  525 0.42
 160  436 0.99
  21  259 0.89
 320  546 0.97
 137  194 0.08
 242  379 0.37
 136  368 0.30
 267  300 0.40
  40  108 0.03
 297  427 0.01
 182  319 0.81
 238  461 0.02
  51  278 0.11
 204  271 0.22
 289  542 0.03
  23   31 0.94
 279  561 0.08
  84  267 0.05
 293  507 0.30
 305  371 0.52
 296  481 0.68
 284  372 0.86
 103  319 0.69
 141  320 0.11
  40  276 0.94
 146  169 0.19
 238  473 0.96
 229  356 0.65
 322  407 0.73
 248  375 0.70
  10  152 0.36
  80   81 0.06
 189  425 0.50
 148  272 0.76
 227  413 0.84
   7  310 0.06
 230  333 0.44
 252  536 0.24
  49  274 0.57
 126  259 0.35
 323  352 0.93
 109  395 0.85
 244  428 0.54
  46  344 0.58
 223  307 0.26
 242  385 0.04

