4 40 4
6   16   2  10   4  16   2

   8   48 0.11
  19   23 0.04
  29   73 0.92
  10   49 0.07
  17   46 0.41
   3   13 0.90
   6   53 0.93
  15   18 0.55
  13   33 0.80
  11   30 0.03
   8   43 0.93
  24   27 0.81
   6   44 0.31
  26   50 0.40
   6   19 0.34
   8   43 0.65
   8   47 0.19
  21   61 0.32
  30   45 0.36
   7   26 0.52
  20   54 0.52
   3   23 0.33
   8   43 0.13
   4   10 0.26
   5   12 0.12
  21   67 0.22
  23   39 0.83
   5   32 0.18
  15   70 0.71
   3    8 0.54
  12   54 0.07
  25   76 0.05
  11   25 0.91
  11   72 0.76
   1   60 0.66
   2   15 0.66
   9   48 0.29
  19   70 0.45
  14   34 0.08
  26   35 0.00

  30   37 0.52
  11   64 0.38
  22   33 0.23
   8   51 0.69
   9   44 0.68
  30   71 0.55
  11   45 0.13
   1    7 0.26
   8   65 0.62
  26   62 0.47
  21   30 0.02
  25   45 0.79
  18   77 0.26
  23   28 0.29
  25   51 0.01
   4   32 0.04
  21   33 0.78
  17   24 0.39
   1   42 0.44
  26   31 0.52
   4   46 0.62
   5   38 0.85
  28   53 0.37
  15   21 0.70
  25   50 0.67
  26   30 0.57
  17   54 0.86
  21   60 0.01
   2   33 0.00
  25   28 0.29
  29   81 0.21
  26   78 0.81
  12   61 0.90
  29   43 0.44
  10   36 0.34
  12   25 0.75
   4   52 0.83
  16   37 0.20
   9   33 0.76
  15   73 0.96

  14   21 0.46
  14   49 0.75
  18   19 0.50
   4   55 0.77
   4   60 0.44
   8   47 0.82
  14   20 0.85
   1   28 0.69
  27   38 0.10
  17   45 0.15
  10   13 0.34
   1   17 0.28
  19   64 0.82
   2   15 0.90
  10   14 0.46
  30   84 0.80
  16   21 0.12
   0   45 0.10
  17   73 0.21
  22   52 0.45
  17   46 0.27
  14   53 0.76
  12   50 0.27
  23   40 0.61
   5    5 0.87
  18   60 0.60
   6   37 0.20
  11   52 0.00
   7   56 0.39
  18   67 0.03
   2   62 0.86
  10   69 0.87
  21   78 0.58
   2   37 0.40
  12   46 0.21
  25   43 0.84
  17   76 0.66
  23   32 0.34
  14   57 0.42
  26   31 0.90

  17   58 0.01
   8   56 0.70
  29   54 0.35
  13   63 0.31
  18   76 0.00
  24   29 0.61
  25   84 0.27
   7   19 0.07
   6   50 0.25
   4    5 0.24
  18   77 0.09
  23   38 0.05
  16   59 0.29
   2   11 0.35
  15   46 0.50
   3   57 0.20
  13   33 0.66
  28   32 0.87
  24   30 0.22
  14   54 0.42
  12   67 0.81
  29   65 0.52
  22   64 0.99
  21   39 0.64
  13   44 0.14
  19   28 0.30
  13   61 0.21
  12   28 0.71
   4   58 0.71
   2   45 0.38
  26   53 0.05
  29   37 0.94
   7   24 0.39
  16   29 0.51
  16   50 0.73
  24   56 0.80
  27   58 0.04
   0   60 0.34
   6   37 0.66
  22   70 0.11

   2   16 0.11
  22   81 0.83
  17   64 0.31
  10   68 0.22
  28   35 0.75
  27   33 0.66
  22   26 0.66
   6   46 0.27
   3   28 0.16
  28   75 0.89
  30   46 0.85
  25   67 0.76
  12   22 0.37
   7   53 0.58
   4   35 0.31
   9   24 0.47
  23   60 0.68
   7   63 0.92
   6   16 0.03
  15   56 0.51
  15   31 0.20
  28   36 0.94
  19   28 0.32
   7    8 0.57
   1   42 0.79
  12   72 0.36
   7   20 0.46
  25   35 0.64
  13   65 0.94
   7   68 0.88
  12   61 0.73
  10   41 0.37
   4    9 0.02
  18   63 0.67
  22   35 0.44
   3   30 0.38
  28   85 0.84
  29   43 0.72
  19   80 0.47
  22   48 0.37

  17   74 0.24
  26   75 0.22
   3   58 0.28
  23   38 0.07
   9   66 0.14
  24   56 0.91
   4   10 0.18
  12   31 0.06
  13   37 0.01
  13   15 0.72
  24   26 0.92
  23   48 0.67
   7   64 0.20
  24   33 0.45
  23   77 0.05
  10   31 0.12
  25   25 0.42
  11   61 0.95
  15   18 0.28
   9   33 0.77
  10   53 0.88
  23   29 0.85
   5   40 0.78
  20   21 0.84
  27   45 0.97
  26   30 0.48
  26   64 0.42
  25   34 0.71
  23   61 0.21
   5   15 0.39
  16   51 0.85
  29   40 0.22
   1   34 0.11
   8   51 0.38
  26   78 0.42
  18   65 0.81
   8   55 0.73
  25   30 0.33
  13   29 0.88
  23   39 0.35

