5 30 8
6   20  20  20  10  16  16

  29   38 0.30
  36   38 0.57
  24   47 0.03
  19   42 0.65
  20   39 0.95
  14   31 0.55
   7   16 0.94
  40   47 0.28
  53   83 0.24
   1   19 0.12
  24   25 0.38
  36   36 0.22
  16   32 0.99
  39   44 0.29
  15   39 0.81
  21   46 0.91
  53   64 0.66
  39   74 0.02
  34   48 0.05
  48   75 0.65
  48   83 0.58
  17   23 0.84
   1   25 0.66
  29   65 0.10
  25   35 0.14
  33   47 0.47
  22   43 0.55
  43   58 0.02
  37   61 0.32
  55   58 0.23

  52   62 0.02
   0   31 0.02
  53   80 0.07
   6   34 0.64
  34   66 0.77
  34   45 0.37
  20   30 0.46
  48   51 0.24
  13   22 0.35
  28   56 0.52
  10   30 0.40
   8   39 0.28
  23   45 0.35
   9   13 0.35
  51   71 0.54
   0   27 0.46
  36   50 0.88
  53   60 0.23
  10   32 0.81
  34   49 0.13
  52   88 0.04
  55   63 0.78
   1   11 0.19
  45   75 0.30
  39   63 0.13
  37   61 0.94
  52   58 0.32
  49   79 0.42
   0   21 0.72
  49   67 0.08

  46   80 0.83
  45   50 0.32
  27   57 0.72
   7   42 0.75
  48   83 0.99
   3    5 0.12
   4   37 0.36
  44   70 0.45
   5   35 0.95
  51   51 0.53
  10   18 0.81
   8   38 0.69
  55   88 0.26
  17   28 0.79
  38   39 0.55
  40   61 0.92
  32   59 0.04
   2   14 0.92
  25   59 0.79
  34   51 0.36
   9   34 0.84
  55   81 0.01
   1   31 0.04
   1   33 0.36
   7   21 0.50
  44   73 0.04
   4   13 0.67
  22   36 0.25
  38   51 0.55
  48   65 0.16

  21   46 0.60
  35   58 0.25
   9   13 0.55
   5   17 0.43
  46   60 0.64
  33   37 0.23
  49   51 0.18
  31   58 0.46
  55   71 0.47
  28   47 0.14
  29   45 0.27
  48   52 0.06
  12   32 0.42
   6    9 0.13
   1    3 0.69
  19   19 0.66
  48   78 0.69
  43   54 0.07
  17   23 0.47
  11   23 0.81
  19   27 0.41
  46   78 0.19
  24   29 0.45
  50   56 0.35
  28   42 0.21
  22   28 0.26
   7   23 0.36
  14   41 0.42
  18   48 0.28
  19   53 0.45

  18   54 0.83
  44   72 0.45
  23   59 0.23
  51   64 0.80
   6   39 0.27
  16   23 0.52
  15   31 0.01
  29   51 0.88
   7   28 0.36
  10   28 0.25
  15   33 0.39
   6   35 0.60
  19   51 0.28
  12   14 0.19
  35   63 0.38
   0   35 0.38
  48   54 0.12
  11   18 0.44
  44   64 0.09
  13   36 0.57
  19   52 0.86
  31   66 0.61
   9   37 0.04
  16   53 0.36
  24   56 0.30
  25   45 0.69
  14   33 0.02
  21   37 0.94
  15   52 0.35
  22   24 0.81

  27   55 0.77
  25   46 0.12
  26   52 0.08
  34   47 0.62
   9   38 0.92
  16   18 0.67
  11   39 0.27
  22   43 0.95
  31   33 0.56
  52   80 0.58
  48   61 0.10
  11   38 0.98
  41   52 0.44
  36   36 0.59
  54   86 0.00
  49   64 0.33
  19   38 0.46
  52   76 0.02
   6   24 0.61
  28   65 0.86
  41   74 0.81
   6   40 0.81
   3   28 0.01
  24   41 0.82
  56   70 0.81
  40   54 0.98
   1   34 0.62
  52   72 0.45
  31   67 0.27
  53   53 0.82

