5 80 8
3   16   4   2

   4    6 0.03
   9   19 0.14
   2    4 0.29
  29   30 0.26
   2    4 0.72
  30   31 0.28
  30   35 0.05
  18   22 0.47
  32   40 0.48
  29   34 0.60
  22   22 0.83
   2    4 0.39
   6   13 0.22
  20   20 0.09
   3   11 0.62
  25   25 0.28
   5   13 0.47
   4    7 0.14
  12   14 0.36
   6   16 0.90
  22   29 0.79
   1    7 0.53
  21   23 0.13
   1    2 0.10
  18   25 0.64
  13   16 0.26
  14   19 0.16
  24   28 0.77
  23   25 0.10
   8   10 0.84
  26   28 0.65
  22   28 0.35
  21   28 0.74
  16   22 0.68
   7    9 0.80
   5   10 0.63
   0    1 0.75
  31   32 0.57
  31   38 0.77
   1    1 0.57
   7   12 0.38
   6    8 0.87
  26   30 0.77
   8   11 0.62
  16   25 0.53
  31   34 0.63
  25   33 0.04
   1   10 0.04
  14   21 0.54
  28   29 0.15
   7    9 0.52
   8   17 0.54
  31   36 0.37
  28   33 0.35
  15   23 0.53
   8    8 0.44
  27   27 0.92
   3    8 0.47
  11   17 0.01
  18   22 0.15
   0    0 0.86
  30   35 0.34
   4    6 0.74
  16   18 0.22
  21   27 0.71
  25   28 0.39
   7   16 0.02
  28   34 0.97
   4   10 0.85
  29   35 0.94
  17   24 0.19
  11   11 0.11
  30   35 0.78
  29   38 0.81
  14   21 0.23
   5   13 0.53
  19   27 0.77
   4   13 0.24
  13   16 0.22
  31   41 0.37

   3   10 0.18
  27   36 0.53
  18   21 0.82
   7   16 0.34
   3    8 0.54
  28   35 0.45
  21   25 0.78
  24   32 0.35
  22   30 0.11
  15   19 0.23
  23   33 0.78
  26   29 0.15
  24   30 0.52
  10   12 0.91
  28   28 0.54
  18   23 0.51
  23   25 0.71
  18   26 0.58
  14   18 0.10
   7   14 0.42
  29   30 0.63
   8   17 0.58
  26   33 0.93
  18   19 0.27
  22   26 0.05
  13   21 0.86
  12   20 0.69
   7   15 0.85
  16   21 0.14
  20   28 0.78
   2    2 0.78
  18   20 0.35
  22   25 0.98
   7    8 0.93
  13   18 0.45
  12   13 0.15
   7   16 0.51
   0    4 0.14
  28   30 0.64
  11   13 0.80
   1    8 0.16
   3   13 0.46
  19   24 0.79
  10   18 0.74
  30   31 0.03
  22   27 0.65
   1    8 0.33
   5   14 0.57
   1    7 0.85
  24   34 0.87
  20   22 0.60
  17   17 0.84
  32   34 0.52
  13   19 0.23
  30   37 0.21
   7    9 0.20
  27   37 0.78
  16   18 0.37
  28   38 0.35
  24   24 0.40
   9   11 0.69
  15   16 0.58
  25   29 0.30
  14   17 0.27
   3    5 0.87
  16   17 0.20
   7   17 0.03
  31   38 0.44
  18   25 0.31
  30   35 0.15
  23   24 0.75
  14   17 0.33
  17   22 0.71
  30   34 0.32
  13   23 0.80
  32   40 0.86
  22   26 0.48
   0    6 0.45
  18   28 0.59
   6   11 0.92

  20   27 0.55
  10   17 0.76
  28   32 0.47
   0    3 0.38
   8   14 0.81
  11   14 0.63
  32   38 0.45
  15   20 0.15
   9   19 0.30
   4   10 0.67
  16   25 0.81
   3    7 0.01
   4    8 0.26
  17   20 0.12
  13   16 0.88
  25   29 0.24
   6    8 0.12
  10   20 0.57
  29   33 0.87
   6   16 0.46
  16   25 0.43
   5    6 0.00
  23   33 0.35
  28   30 0.65
  13   14 0.73
   1    8 0.61
  32   32 0.61
  25   30 0.22
  10   10 0.46
   3    9 0.66
   9   15 0.40
   1    4 0.65
  28   29 0.21
  22   28 0.10
  25   27 0.45
  31   41 0.65
  20   28 0.26
  30   34 0.39
  27   29 0.67
  31   34 0.98
  20   24 0.20
  21   22 0.37
  12   19 0.76
  27   36 0.20
  16   22 0.16
  20   22 0.59
  24   24 0.58
   5   13 0.26
   9    9 0.62
  23   30 0.15
  20   26 0.73
  16   20 0.75
  21   25 0.54
  30   30 0.65
   8   11 0.24
   0    6 0.36
  18   24 0.82
  31   38 0.41
  18   26 0.11
  19   25 0.19
  11   20 0.38
  18   22 0.06
  32   42 0.44
  20   20 0.35
   4    4 0.24
  16   20 0.33
  10   12 0.61
  24   25 0.88
   8   15 0.74
  28   33 0.87
  14   23 0.14
  30   31 0.68
   3    6 0.09
  22   31 0.00
  28   32 0.94
  11   18 0.86
  30   31 0.56
   3    3 0.37
  18   23 0.67
  28   38 0.22

