3 15 4
12   10  10   4  10  16   2   4  10   4   4   4  10

   2   12 0.51
  18   36 0.72
   6   28 0.91
  14   20 0.57
  20   25 0.26
  20   35 0.60
  18   30 0.72
  21   23 0.66
  24   34 0.18
  25   27 0.22
  21   37 0.12
  21   21 0.66
   6   16 0.59
   0   19 0.42
  17   23 0.95

  15   20 0.00
   0   20 0.84
   8   28 0.53
  26   32 0.57
   5   10 0.05
   2   16 0.71
   0   23 0.31
  25   28 0.47
  14   36 0.93
   7   18 0.78
  11   15 0.37
   6   13 0.31
  24   45 0.78
  11   31 0.79
   0    9 0.29

  16   23 0.52
  24   46 0.55
   2    7 0.16
  23   30 0.51
   5   19 0.88
  14   31 0.16
  18   34 0.94
  25   37 0.26
  10   11 0.64
   2   22 0.49
   6   13 0.07
  24   44 0.74
  21   32 0.86
  20   43 0.63
  20   40 0.70

  23   45 0.16
  25   44 0.57
   4   29 0.22
   0    0 0.30
  20   35 0.91
  24   31 0.85
  11   32 0.51
   1    1 0.14
  18   39 0.08
  22   23 0.12
  13   17 0.28
  12   22 0.68
  17   30 0.72
   7   31 0.08
   5   25 0.26

  10   22 0.59
  11   13 0.93
   7   27 0.25
   3   24 0.63
  23   37 0.94
  14   36 0.38
  23   26 0.58
   8   26 0.33
  11   22 0.74
  15   38 0.16
  16   33 0.92
  10   31 0.09
   3   27 0.44
  24   30 0.33
  16   21 0.67

   7   17 0.72
   9   35 0.79
  22   47 0.07
  25   38 0.76
   9   35 0.94
  17   40 0.62
  14   27 0.09
  14   31 0.46
  13   34 0.12
  20   32 0.62
  12   23 0.04
   9   13 0.44
   2   20 0.64
  16   40 0.93
  11   20 0.25

   9   16 0.23
  15   28 0.34
  19   21 0.79
  16   30 0.09
   8   28 0.65
   7   20 0.94
  22   25 0.50
   8   22 0.30
  25   38 0.13
  20   45 0.76
  15   17 0.95
  21   35 0.76
  15   29 0.63
  19   29 0.59
  23   37 0.35

  14   15 0.15
  10   28 0.15
  18   27 0.89
   3    7 0.82
   0    4 0.19
  22   43 0.58
  21   31 0.02
  20   25 0.72
  23   26 0.52
  23   45 0.21
  16   29 0.19
  16   17 0.45
  10   28 0.92
   4   10 0.25
   3   18 0.93

  10   13 0.05
  21   46 0.45
   1    5 0.49
  14   23 0.18
  21   36 0.80
   1   11 0.60
   4   18 0.30
  16   31 0.60
  17   22 0.35
   4   14 0.18
   4    6 0.28
  14   23 0.80
  23   33 0.24
  25   30 0.01
  23   47 0.31

   5   25 0.69
   9   21 0.74
  15   28 0.99
  22   45 0.85
   5    5 0.18
  13   13 0.08
  25   30 0.69
  23   48 0.17
   3   19 0.48
   1   22 0.66
  16   22 0.64
   8   31 0.12
  22   33 0.15
   4   12 0.33
  14   31 0.87

  24   28 0.09
   6   27 0.63
  18   40 0.73
  20   41 0.44
  17   20 0.90
  13   19 0.02
  10   28 0.44
  16   29 0.35
  26   29 0.97
   2   19 0.93
  19   28 0.53
   4    6 0.95
   5    5 0.77
  25   49 0.63
   2    3 0.29

   0    6 0.33
   8   15 0.90
   7   13 0.33
   9   22 0.41
  24   49 0.98
   7   11 0.59
  15   21 0.71
   4    8 0.24
  11   21 0.61
   7   14 0.49
  20   26 0.98
  19   27 0.10
  18   18 0.52
  14   32 0.55
   9   11 0.86

