3 60 4
3   10  10   2

  33   77 0.41
  79  103 0.00
  64  107 0.06
  45   82 0.53
  31   82 0.28
  66   96 0.45
  23   44 0.07
  61   76 0.22
  61  113 0.19
  11   55 0.03
  45   95 0.31
  69   71 0.97
   4   17 0.62
  74   91 0.08
  55  101 0.23
  36   46 0.57
  10   35 0.45
   8   16 0.19
  11   37 0.32
  14   21 0.37
  79  127 0.84
  46   62 0.76
   7   18 0.66
  31   74 0.77
  30   65 0.07
  65  113 0.22
  11   45 0.75
  11   25 0.44
  55   99 0.27
  54   77 0.06
  31   55 0.72
   1   40 0.07
  46   47 0.87
  45   94 0.46
  37   70 0.06
  68  120 0.12
  22   33 0.71
  12   40 0.94
  21   70 0.73
  16   70 0.25
  15   31 0.68
  59  108 0.10
  10   55 0.42
  13   60 0.39
  44   46 0.60
   8   42 0.01
  32   80 0.46
  70   87 0.59
  61   77 0.82
  76  119 0.49
  51  100 0.26
  15   51 0.26
  40   41 0.09
   3   17 0.03
   8   39 0.68
  44   66 0.15
   5   56 0.06
  17   32 0.08
  52   98 0.71
  36   74 0.09

  73   86 0.38
  45   84 0.39
  37   48 0.99
  39   79 0.35
  13   47 0.73
   8   40 0.30
  35   61 0.47
  78  102 0.96
  26   63 0.35
  54   60 0.96
  69   74 0.15
  37   86 0.75
  53   87 0.23
  55   68 0.05
  15   63 0.08
   2   43 0.47
  21   24 0.50
  59   96 0.32
  41   81 0.94
   0    8 0.30
  65   79 0.06
  62  109 0.20
   3   32 0.81
  18   41 0.71
  33   54 0.56
  30   83 0.69
  53   65 0.03
  78  122 0.64
  69  121 0.27
  60   79 0.61
  36   37 0.09
  80   90 0.34
  17   28 0.29
  40   69 0.71
  61  115 0.07
  55  100 0.32
  63   85 0.33
  12   58 0.94
  68   94 0.69
  56   62 0.45
  37   85 0.98
  65  111 0.50
  65   74 0.52
   7   58 0.97
   1    2 0.31
   1   53 0.59
  15   55 0.77
  59   65 0.58
   8   10 0.56
  49   85 0.18
  55  101 0.60
  50   54 0.43
  55   63 0.85
  69   74 0.00
  20   40 0.56
  40   84 0.46
   0   33 0.37
  52   89 0.13
  54   54 0.81
  28   50 0.57

  54   73 0.96
  10   10 0.61
  63  102 0.02
  65   79 0.33
  21   38 0.08
  43   55 0.65
  45   71 0.32
  50   67 0.63
  58   64 0.69
  71   99 0.04
  69   81 0.83
  70   80 0.27
  29   52 0.75
  76  115 0.96
  23   40 0.17
  59   59 0.59
  21   62 0.33
  55   76 0.28
   1   50 0.60
   5   36 0.31
  23   51 0.11
  54   55 0.11
  20   32 0.55
  66  107 0.82
  32   33 0.11
  25   66 0.82
  77  105 0.07
  64  101 0.49
  79  127 0.08
  53   55 0.04
  63  114 0.26
  49   68 0.98
  77   85 0.35
  52  100 0.73
  50   58 0.93
  78  105 0.19
  69   94 0.27
  51  105 0.58
  53  105 0.92
   8   15 0.31
  49   95 0.95
  63   86 0.08
  56   98 0.94
  68   83 0.38
  56   66 0.26
  37   55 0.75
  73   99 0.93
  45   77 0.41
  26   39 0.91
  21   49 0.20
  50   50 0.70
  41   68 0.60
  80   88 0.85
  58  102 0.29
  65   95 0.36
  19   49 0.42
   4   29 0.32
   0   29 0.41
  70  102 0.27
  22   38 0.73

