4 60 4
3   10   4   4

   6   21 0.61
  46   60 0.41
  40   54 0.74
  13   14 0.58
  47   53 0.38
  11   13 0.83
  24   35 0.37
  23   36 0.43
  42   43 0.01
  22   35 0.49
  44   53 0.63
  45   52 0.97
  37   37 0.33
   7   16 0.05
  14   27 0.14
  42   49 0.81
  29   37 0.64
  13   15 0.70
   9   20 0.11
   4    5 0.26
  31   45 0.48
   9   18 0.07
  18   28 0.14
  41   43 0.13
  44   47 0.62
   2    8 0.50
  20   25 0.95
   0    8 0.84
  20   22 0.80
  49   52 0.13
  48   50 0.66
   3    5 0.61
  36   44 0.87
  28   34 0.32
  35   41 0.00
  34   44 0.13
  15   19 0.83
  24   38 0.88
   5   14 0.66
  47   47 0.53
   3   18 0.86
   7    8 0.48
  24   30 0.98
   6   14 0.99
   2   15 0.99
  30   35 0.45
  14   21 0.44
   9   15 0.32
  37   42 0.69
  29   42 0.62
   5   19 0.27
  28   35 0.25
  15   29 0.67
   2    8 0.16
  33   40 0.45
  12   15 0.00
  22   34 0.04
  12   13 0.11
  14   26 0.87
  30   31 0.77

  47   57 0.86
  13   16 0.22
   2   11 0.57
  44   55 0.65
  27   34 0.91
  26   36 0.21
   7    9 0.52
  49   52 0.82
  22   28 0.81
   1    3 0.93
   0    2 0.85
   5   10 0.55
   9   10 0.11
  17   26 0.62
   4    9 0.86
  22   37 0.41
  30   44 0.88
   5   19 0.72
   7   16 0.30
  49   62 0.62
  17   22 0.54
  19   20 0.55
  13   14 0.46
  47   56 0.34
  12   12 0.10
   5   11 0.23
   4   13 0.70
  35   38 0.68
  38   43 0.34
  38   49 0.92
  23   24 0.29
  41   53 0.30
  34   34 0.99
  25   36 0.21
  20   24 0.12
  21   29 0.87
  16   21 0.41
  47   50 0.36
  26   35 0.60
  29   33 0.92
  33   38 0.07
  13   18 0.98
   1   14 0.42
  23   29 0.21
  32   47 0.76
  37   47 0.92
  20   34 0.99
  34   38 0.78
  10   19 0.43
  47   60 0.13
  10   21 0.40
  36   42 0.18
   3   18 0.62
   9   13 0.33
   2   13 0.28
  31   46 0.39
   7   18 0.01
  47   49 0.58
  15   26 0.73
  18   27 0.23

  23   29 0.12
  33   43 0.33
  16   28 0.03
   7    8 0.09
   7   21 0.66
  32   37 0.59
  22   34 0.83
  36   38 0.31
  12   21 0.20
  47   55 0.17
  39   43 0.43
  28   33 0.27
  36   45 0.34
  31   46 0.69
   8   10 0.97
   5   14 0.92
  32   33 0.64
  19   33 0.54
  43   52 0.37
  40   54 0.87
   0    7 0.13
  47   56 0.62
  33   39 0.43
  14   22 0.57
  43   53 0.19
  48   48 0.26
   0    4 0.21
  26   27 0.86
   4   11 0.29
  20   20 0.50
  21   24 0.18
  40   55 0.43
  47   53 0.09
  16   24 0.86
  43   47 0.55
  31   38 0.69
  43   54 0.96
   9   18 0.04
  40   48 0.94
  43   44 0.02
   9   19 0.29
  31   32 0.47
  42   52 0.80
  30   44 0.24
  37   48 0.02
   4   13 0.28
   4   15 0.14
  25   32 0.11
   4   18 0.08
  45   57 0.04
  49   62 0.84
  29   36 0.62
  31   32 0.37
   2   12 0.69
  30   32 0.85
  19   29 0.02
  45   45 0.29
  13   26 0.40
  31   36 0.66
  18   25 0.71

