4 60 8
3    4  10  20

   0   11 0.78
   1   21 0.13
   7   36 0.23
   6   36 0.20
  11   56 0.55
   6   47 0.15
   3   32 0.77
   3   39 0.90
  13   20 0.26
   2   44 0.19
  14   52 0.32
   0    6 0.03
   4   17 0.79
  14   43 0.16
   7   48 0.99
   4   27 0.68
  13   38 0.18
  12   44 0.40
   3   28 0.92
   5   13 0.96
   7   37 0.56
   0   16 0.39
   1   38 0.78
   5    8 0.01
  13   29 0.56
   5   17 0.47
   2    2 0.61
   7   32 0.92
   4   39 0.21
   1   30 0.83
  11   54 0.55
   2    2 0.24
   8   17 0.30
  11   47 0.83
   2   31 0.49
   5   19 0.83
  13   38 0.22
   2   12 0.29
  14   60 0.79
  14   23 0.06
   0   30 0.74
   7   38 0.66
   2   29 0.97
  14   16 0.70
  12   16 0.80
   7   26 0.34
   5    9 0.15
   7    8 0.83
   6   38 0.09
   6   12 0.32
  13   25 0.30
   2   46 0.00
   5   11 0.82
   3   39 0.36
   3   24 0.04
   7   17 0.12
   9   47 0.19
   1   30 0.35
   9   44 0.00
   4   23 0.72

  14   51 0.76
   3   21 0.64
   1   16 0.90
   1   10 0.04
   6   21 0.23
   6   19 0.12
   9   30 0.02
   8   37 0.59
  12   31 0.54
  11   38 0.71
   5   20 0.83
   6   11 0.33
   4   24 0.49
   7   41 0.44
   9   20 0.34
   2   26 0.08
  14   26 0.71
   3   22 0.80
  10   34 0.35
  12   28 0.27
   9   35 0.23
  12   17 0.42
  11   50 0.08
   4   33 0.86
   0   33 0.21
   2   43 0.94
  12   57 0.32
   9   40 0.43
   8   31 0.61
   6   15 0.70
   7   40 0.70
   5   39 0.06
  11   49 0.09
   5   39 0.04
   0   23 0.25
   9   37 0.99
  13   31 0.34
  11   33 0.54
  13   20 0.66
  10   41 0.04
  10   34 0.62
   3   44 0.30
   8   19 0.17
   6    8 0.94
   9   46 0.12
   9   28 0.98
  13   54 0.89
  12   42 0.13
   3   24 0.17
  10   43 0.16
  10   39 0.19
   4   44 0.22
   9   39 0.77
  14   47 0.82
  11   46 0.40
  11   51 0.33
   5   41 0.96
  14   35 0.96
   4    5 0.61
  14   55 0.78

   9   14 0.35
   5   46 0.05
   8   16 0.60
   9   10 0.68
  11   48 0.82
  12   58 0.15
  14   26 0.40
   7   24 0.44
  13   16 0.23
   3   49 0.45
   5    9 0.81
  11   17 0.59
   5   20 0.18
   2   13 0.19
   9   36 0.17
   2   37 0.42
   3   12 0.71
   7    7 0.52
  10   16 0.65
   3   30 0.02
  14   60 0.14
  11   12 0.35
  10   49 0.35
  13   34 0.84
   2    6 0.05
   6   29 0.07
   7    7 0.96
  12   57 0.41
   2   45 0.00
  12   14 0.56
  13   44 0.33
   1   26 0.78
   4    8 0.40
   5   39 0.04
   7   20 0.83
  14   55 0.18
  13   28 0.56
   7   14 0.04
   0   46 0.24
   3   26 0.44
   1   25 0.61
   9   44 0.95
   6   11 0.16
   2   18 0.83
  10   24 0.63
   2   32 0.84
   9   34 0.63
   0   18 0.39
   2   15 0.49
   9   50 0.78
   1   17 0.85
  13   36 0.78
   6   39 0.21
   3    7 0.61
  14   42 0.92
  13   52 0.35
   0   36 0.91
   1   29 0.87
   3    6 0.03
   7   48 0.31

