3 100 4
3   16   2  20

  27   95 0.39
  62  124 0.79
  73  107 0.88
 154  181 0.92
  48   95 0.78
  10   26 0.90
  32   91 0.07
  53   76 0.88
  13   87 0.31
  95  128 0.71
   0   57 0.72
 123  197 0.33
  31   62 0.54
  58   75 0.57
  93  157 0.84
  62  100 0.04
  14   32 0.98
  52  108 0.73
 100  117 0.62
 126  195 0.17
  80  115 0.70
  58   81 0.61
  69  126 0.21
  41  100 0.05
 133  181 0.45
  47   81 0.07
  70   88 0.67
   5   27 0.51
  54   60 0.02
 122  136 0.29
  71  133 0.13
  45   70 0.46
  68  115 0.11
 112  124 0.30
  71  112 0.25
 141  162 0.01
  14   22 0.46
  51  105 0.54
  69   77 0.61
 152  163 0.28
   0   19 0.93
 150  158 0.49
  36   75 0.29
  56  102 0.59
 147  197 0.19
 119  180 0.46
 144  192 0.99
 142  144 0.57
 107  126 0.95
 125  168 0.77
  30   73 0.93
  68   71 0.24
  40  112 0.85
  21   21 0.57
  17   36 0.31
  77  137 0.94
  12   26 0.86
  80  116 0.41
  97  148 0.02
   5   30 0.50
  23  101 0.04
  12   68 0.85
  65   79 0.56
  32   74 0.66
 107  171 0.99
  28  100 0.69
   0   46 0.33
 137  162 0.67
  16   76 0.58
 151  183 0.48
   4   37 0.70
  71  129 0.56
  52   89 0.13
  62   81 0.13
  89  144 0.04
  80  141 0.84
  62  128 0.21
  83   83 0.59
  40   45 0.04
  84  150 0.92
 117  144 0.16
  64   94 0.65
  30   50 0.16
 123  179 0.63
  20   78 0.48
  38  107 0.52
 135  151 0.53
  31   59 0.27
 125  159 0.47
 155  166 0.77
 131  173 0.59
  76   80 0.47
 123  173 0.60
 139  144 0.17
  50   89 0.12
  59   66 0.01
 141  203 0.43
 142  219 0.60
 110  110 0.13
 127  137 0.27

  70   86 0.01
  51  117 0.53
  12   88 0.30
 126  159 0.04
 123  199 0.11
  71  103 0.70
  40  106 0.77
  82  126 0.01
  64   98 0.17
  74  118 0.20
  76  147 0.97
   9   83 0.29
  64   64 0.66
 111  183 0.29
 118  156 0.71
   4   70 0.24
  16   16 0.90
 127  179 0.26
  68   89 0.61
  33   43 0.56
  19   75 0.93
  21   84 0.62
  93  116 0.45
   4   71 0.32
  72  138 0.54
   0    1 0.02
  27   62 0.41
   9   64 0.06
  29   42 0.16
 120  185 0.55
  55   73 0.45
  90  104 0.79
  57   87 0.20
  17   54 0.13
 130  195 0.96
  41   99 0.13
  17   47 0.39
 138  210 0.13
  98  100 0.79
  34   69 0.88
  67   78 0.82
   9   49 0.86
 124  190 0.07
 136  193 0.64
 112  157 0.20
 123  137 0.76
  92  118 0.10
 147  201 0.46
 115  142 0.31
 137  196 0.22
 119  147 0.64
 129  195 0.41
 107  137 0.34
  96  107 0.96
  95  104 0.46
  12   40 0.79
  66   66 0.20
 119  173 0.11
  89  151 0.34
  62  132 0.45
  13   68 0.61
 108  175 0.84
 130  150 0.21
  30   52 0.44
  13   74 0.41
 140  195 0.03
   5   74 0.90
 150  191 0.57
  60  130 0.90
  59   76 0.50
  90  121 0.84
 122  125 0.86
 133  148 0.12
  43   77 0.13
 141  174 0.22
  92  168 0.65
  21   98 0.58
 119  184 0.31
   9   35 0.64
  28  103 0.28
 147  214 0.43
  55  102 0.48
 133  191 0.57
  54  130 0.83
 120  120 0.08
  39  103 0.61
 126  164 0.56
  63   72 0.58
  72  139 0.16
  95  108 0.17
  26   75 0.80
  22   94 0.58
  71  135 0.94
  93  148 0.30
 121  133 0.44
  38   40 0.66
  40   67 0.82
  23   78 0.00
 128  131 0.90
  36   45 0.25

 146  157 0.91
 145  175 0.00
  75  145 0.42
  24   37 0.59
  40   98 0.92
 125  135 0.88
 104  104 0.57
 116  173 0.08
 107  154 0.96
  22   52 0.97
 122  156 0.75
   4   81 0.64
  36   65 0.19
  15   20 0.49
  43   85 0.06
  94  129 0.84
  23   52 0.98
 141  142 0.55
 121  170 0.84
 145  214 0.28
 119  178 0.86
 105  159 0.24
  32   94 0.23
  24   28 0.57
   0   20 0.64
  32   87 0.55
 143  201 0.96
 104  145 0.82
  72  118 0.11
  76   94 0.79
 155  156 0.73
  52   68 0.46
  59  134 0.71
 133  178 0.04
  18   54 0.50
  38  112 0.28
 133  153 0.57
  35   60 0.32
  12   89 0.26
 108  150 0.41
   0   62 0.19
 136  202 0.31
  85   86 0.29
  79  141 0.65
 142  161 0.70
  71   86 0.97
 148  200 0.97
  35  103 0.61
 142  148 0.17
  64  108 0.54
  49   64 0.14
  80  102 0.05
 137  173 0.24
  95  133 0.67
 100  178 0.07
  16   23 0.63
  85   95 0.26
 101  147 0.71
  59  116 0.35
 116  186 0.50
  13   82 0.14
 156  232 0.13
 143  154 0.75
  82  151 0.50
   3    4 0.65
  49   63 0.81
  21   58 0.16
  80  137 0.35
  85  111 0.95
 105  144 0.64
 104  128 0.99
  70   84 0.57
  38  112 0.14
  73  140 0.36
 128  161 0.59
  57   95 0.35
   5   30 0.60
  12   38 0.67
  11   30 0.15
  84  122 0.35
  24   97 0.51
  36   81 0.23
  73   94 0.10
  32   81 0.93
  87  133 0.80
 152  208 0.15
 150  186 0.36
 150  199 0.34
 120  136 0.68
   9   41 0.08
 149  191 0.98
  19   64 0.87
 141  185 0.69
  44   90 0.42
  45  122 0.27
 118  148 0.15
  38   48 0.09
  14   21 0.00
  55  112 0.59
 150  225 0.85

