4 50 4
6   16  10   2   2   4   4

  42  114 0.35
  22   34 0.60
  39  125 0.22
  32   37 0.97
  54   75 0.90
  44  102 0.85
  48   98 0.01
  12   73 0.35
  50   75 0.86
  35   59 0.42
  52  131 0.96
  29  115 0.57
  56  121 0.65
   6   22 0.82
  53  128 0.84
  57   64 0.22
  40  104 0.75
  12   60 0.24
  52  139 0.97
  39   90 0.35
  11   93 0.63
  14   16 0.92
  32   46 0.27
  50   86 0.92
   2    9 0.41
  40  115 0.30
  39   98 0.20
  51   81 0.75
  28   57 0.87
  25   60 0.11
  22   57 0.01
  26   72 0.38
   7    8 0.21
  53   68 0.75
  58  145 0.02
  56   84 0.02
  28   92 0.02
  32   66 0.78
  36   49 0.14
   2   72 0.92
  49   50 0.84
  22   32 0.74
  12   83 0.08
  39   45 0.23
  30   83 0.32
  37  118 0.36
   1   45 0.24
  44   59 0.06
  49  123 0.46
  40   82 0.35

  36  106 0.60
  17   68 0.20
  22   74 0.05
   2    9 0.50
  26   46 0.06
  28   43 0.42
  45   91 0.28
  11   42 0.24
  57   58 0.89
  51   61 0.80
  32   88 0.15
  38   43 0.94
  29   82 0.62
  53  104 0.86
  48  113 0.95
  34   56 0.15
  40  115 0.58
  35  118 0.49
  30   69 0.88
   9   51 0.55
  53  128 0.81
   5   55 0.97
   4   33 0.06
   8   38 0.77
  36   85 0.26
   3   32 0.09
  13   49 0.63
   0   81 0.54
  45   99 0.36
  42  129 0.69
  23   61 0.83
  37   82 0.27
  35   48 0.47
   3   25 0.39
  25   72 0.23
  38   85 0.33
  18   59 0.35
  22   47 0.52
  50  103 0.11
  33   35 0.95
   2   39 0.48
   5   22 0.40
  35  101 0.06
  14   46 0.71
   3   47 0.12
   0   29 0.61
  57  104 0.72
  16   89 0.10
  48   67 0.21
  28  109 0.57

  34   85 0.50
  33   98 0.37
  54  106 0.06
   2   27 0.30
   3   56 0.00
  47  124 0.25
  18   63 0.28
  48  105 0.30
   4   83 0.63
   2   55 0.82
  49  113 0.40
   5   69 0.74
  12   87 0.73
  52   59 0.18
  47   59 0.16
  13   19 0.38
  55  114 0.70
  48  114 0.24
  31  115 0.90
  14   16 0.34
  13   17 0.29
   6   24 0.85
  40  126 0.84
   2   11 0.80
  46   49 0.35
  38  114 0.08
  47   71 0.25
  14   89 0.43
  39   73 0.50
  46   87 0.02
  35   97 0.51
  38  101 0.38
  30   51 0.92
  28   35 0.04
  44  123 0.70
  18   68 0.08
  41   98 0.29
  19   96 0.28
   5   47 0.83
  19   30 0.22
  31  107 0.43
  10   33 0.29
   5   56 0.97
   1   51 0.50
  28   63 0.89
  35   37 0.70
   4   86 0.24
   4   85 0.55
  45   45 0.66
  40   65 0.01

  13   98 0.55
  27   93 0.77
  32   99 0.71
  52  109 0.48
  24   37 0.13
   0   51 0.43
   5   88 0.74
  15   64 0.23
  45   69 0.83
  50   97 0.10
  36   72 0.05
   0   54 0.08
   9   70 0.96
  15   85 0.20
  24   43 0.87
  53  137 0.00
   2   47 0.23
   7   53 0.17
  26   35 0.05
   0   48 0.47
   0   48 0.84
  40   51 0.06
  23  108 0.09
  35   97 0.99
   4   82 0.73
  24  101 0.63
  11   48 0.82
  11   33 0.59
  11   75 0.16
  32   40 0.13
  41   47 0.99
   0   11 0.38
   4   34 0.19
  36  117 0.68
  17   59 0.04
  49   55 0.82
  29   95 0.71
  13  100 0.97
  15   25 0.33
  31   95 0.37
  45  113 0.04
  35   90 0.52
  19   39 0.70
  54  124 0.91
  56  136 0.32
   4   24 0.52
  18   65 0.67
  31   64 0.93
  32   62 0.62
  49   78 0.84

  44  105 0.57
  39   85 0.86
   5    5 0.13
  57  114 0.89
  40   65 0.33
  46  120 0.23
  19   61 0.46
  43   43 0.51
  21   30 0.25
  37   86 0.71
  53  122 0.58
  28   95 0.53
  10   47 0.84
  55  104 0.68
   1   69 0.80
   3   74 0.63
  52  109 0.49
  48   98 0.95
  17   53 0.22
  18   38 0.91
  27   51 0.14
  29   61 0.26
  17   38 0.86
  51   87 0.52
  48   98 0.84
   3   22 0.29
  21   59 0.87
   8   89 0.38
  27   51 0.35
  23   92 0.82
  12   93 0.19
  56  111 0.66
  50  111 0.61
  46  131 0.61
  53   63 0.80
   0   52 0.67
   7   70 0.88
  55  131 0.95
  50  120 0.94
   1   46 0.86
  17   80 0.01
  57  102 0.36
  15   57 0.12
  17   75 0.70
  53  139 0.41
  15   40 0.55
  38  120 0.43
  40   75 0.95
  45  125 0.41
  47   90 0.77

  43   46 0.18
  58  134 0.64
  44  105 0.57
  22   55 0.66
  37  104 0.63
   8   30 0.39
  11   41 0.45
  12   48 0.72
  43   91 0.49
  43  114 0.64
  13   19 0.24
  21   93 0.60
  47  133 0.39
  20   88 0.25
  23   33 0.76
  35   50 0.31
  42   55 0.47
  58  127 0.89
  55  112 0.10
  19   30 0.01
  38   81 0.43
  27   29 0.78
  32   63 0.11
  33   59 0.32
   3   73 0.92
  20   64 0.80
   6   77 0.83
  54  131 0.86
   8   61 0.21
  41   47 0.23
  33   65 0.29
  14   98 0.27
  17   17 0.67
  12   41 0.72
   6    8 0.31
  49   68 0.25
  30  107 0.13
   5   33 0.72
  13   85 0.90
   6   31 0.21
  30   35 0.98
   0   60 0.72
  16   96 0.65
   8   67 0.84
   9   15 0.68
  36   56 0.96
  55   65 0.11
  35   39 0.02
  55  129 0.04
  47  107 0.85

