3 30 8
6   16   2  10   2  16   2

   9   48 0.98
  10   14 0.57
   3   37 0.25
   3   40 0.49
   4   35 0.48
  12   54 0.18
   8   49 0.11
  14   56 0.23
   5   25 0.00
   2   22 0.33
   1    8 0.92
   1   36 0.89
   7   42 0.86
   5   10 0.24
   3   11 0.88
  12   18 0.50
  12   30 0.17
  13   30 0.08
   9   29 0.02
   7   44 0.39
   6   11 0.25
  14   41 0.86
   2    3 0.98
   6   44 0.39
   1    3 0.16
  10   28 0.44
  11   13 0.94
  13   35 0.50
   8   21 0.39
   8   36 0.20

   9   35 0.46
   6   47 0.65
   7   31 0.39
  14   35 0.23
   3   39 0.70
   6   26 0.81
   8   47 0.09
   1    1 0.78
  10   42 0.06
   3   42 0.59
  12   28 0.84
  13   42 0.36
  10   39 0.59
   9   28 0.64
   2   38 0.94
   3   44 0.29
  12   43 0.31
   4    4 0.21
   2    6 0.16
  13   14 0.89
  14   52 0.60
  12   47 0.49
   7   19 0.08
  10   54 0.60
   6   49 0.13
   7   45 0.66
  12   12 0.65
   8   51 0.21
   0   10 0.70
   5   14 0.33

  14   58 0.25
  12   27 0.77
   4   32 0.56
  14   31 0.93
   2   32 0.34
  13   13 0.33
   4   38 0.19
   6   44 0.23
   8   10 0.72
  10   19 0.91
  14   45 0.55
   1   33 0.91
   9   31 0.22
  10   13 0.29
  12   56 0.86
   9   51 0.93
   7   27 0.54
   6    7 0.88
   3    6 0.04
  13   41 0.29
   9   22 0.83
   4   38 0.75
   8   31 0.90
   1   44 0.08
  11   42 0.89
  11   45 0.66
   5   24 0.24
   1    3 0.93
   3   21 0.84
   1    7 0.93

   3   43 0.73
   8   47 0.67
   3   40 0.82
   8   21 0.00
   4   36 0.01
  10   47 0.99
   5   25 0.21
  10   19 0.13
  13   57 0.09
   9   17 0.25
   2   34 0.73
   8   30 0.41
   1   38 0.09
   4    9 0.86
  11   39 0.92
   4   11 0.98
   9   11 0.15
  14   41 0.21
   5   45 0.23
   4   37 0.93
  10   28 0.94
   9   37 0.91
   5   42 0.16
  11   11 0.15
  11   46 0.14
   0    5 0.64
   8   52 0.12
  11   19 0.85
   6   47 0.34
   5   28 0.27

  11   25 0.96
   4    7 0.49
   1   13 0.78
   4   32 0.16
   2   38 0.15
   4   34 0.01
  10   11 0.11
   0    1 0.23
   8   24 0.55
   0   30 0.71
   8   14 0.79
  11   25 0.36
  12   14 0.60
  10   22 0.74
   4   17 0.94
   1   12 0.30
   5   19 0.63
  12   16 0.11
  13   39 0.54
  13   40 0.92
  11   46 0.91
   5   45 0.08
   0   44 0.74
   8   52 0.39
   9   30 0.36
   8   49 0.80
  12   24 0.85
   0    3 0.96
   7   50 0.26
  10   51 0.36

  13   39 0.64
  11   41 0.57
   5   42 0.81
   8   11 0.04
  14   29 0.26
   2   29 0.67
   9   31 0.41
  10   47 0.97
   8   41 0.98
  13   26 0.53
   7   36 0.52
  14   30 0.37
  14   18 0.30
   9   35 0.64
  14   21 0.53
   0   42 0.12
   6   40 0.26
  13   26 0.45
   7   41 0.28
   9   43 0.54
   7   43 0.76
  14   29 0.10
  12   23 0.27
   7   25 0.02
  11   45 0.31
   1    2 0.13
   8   46 0.20
   5   22 0.90
  12   49 0.58
   1   25 0.09

