4 20 8
12    4  16  20   2  16  16   4  10  20   4  10  10

  39   47 0.01
  60   71 0.84
  17   19 0.68
  51   71 0.45
  59   85 0.62
   6   41 0.48
   4   37 0.03
  20   55 0.00
  31   44 0.66
  59   87 0.00
   1   41 0.85
  16   16 0.83
  35   39 0.30
  20   43 0.35
  19   40 0.00
  27   65 0.19
  21   53 0.59
   0   25 0.99
  30   44 0.40
  11   11 0.28

  28   32 0.72
  22   24 0.62
  26   38 0.88
  55   65 0.55
  49   85 0.49
  18   37 0.70
  41   62 0.99
  45   55 0.53
  53   67 0.88
  27   53 0.09
  28   51 0.47
  39   66 0.55
   8   26 0.24
  43   64 0.19
  57   95 0.67
  33   44 0.19
   6   42 0.76
  15   44 0.46
  15   47 0.71
   5   25 0.46

  17   36 0.33
  59   98 0.99
  58   85 0.65
  36   71 0.42
   5   16 0.39
  48   49 0.60
  55   65 0.35
  49   67 0.29
  52   63 0.60
  53   85 0.18
  15   29 0.24
  23   28 0.03
  37   57 0.74
  10   48 0.49
  23   54 0.42
   2   29 0.30
  47   63 0.70
  19   53 0.56
   2   26 0.83
  46   70 0.68

  60   91 0.85
   1    7 0.21
   6   42 0.50
  33   35 0.05
  41   73 0.34
  35   73 0.68
  22   42 0.45
  20   45 0.32
  14   31 0.52
  25   33 0.79
  30   39 0.82
  59   99 0.58
   4    5 0.66
  24   59 0.23
  50   62 0.35
  16   54 0.54
  37   48 0.32
  47   55 0.09
   5   27 0.05
  29   43 0.73

  43   55 0.77
  11   31 0.40
  31   43 0.11
  10   39 0.66
  11   27 0.70
   8    9 0.21
  34   54 0.62
  14   34 0.15
  57   66 0.32
  26   38 0.07
  37   51 0.44
  41   74 0.96
   6   24 0.05
  54   59 0.96
  29   39 0.85
   5   12 0.92
   3   30 0.67
  47   83 0.48
  36   37 0.98
  47   77 0.38

   7   11 0.86
  15   24 0.93
  11   37 0.85
  48   49 0.50
  21   35 0.04
   2    9 0.03
  24   30 0.25
  43   52 0.33
  33   70 0.34
   7   17 0.81
  27   55 0.47
  23   62 0.57
  31   47 0.20
  15   33 0.48
  60   65 0.08
  39   52 0.61
   0    6 0.08
  17   33 0.67
  51   69 0.52
  20   46 0.55

  25   40 0.00
  56   83 0.02
  43   51 0.10
  52   65 0.19
  23   56 0.74
  43   65 0.91
  16   19 0.64
   9   18 0.71
  12   27 0.80
  37   52 0.10
   5   21 0.14
  44   71 0.64
  50   85 0.15
  33   38 0.21
  60   71 0.07
  54   83 0.61
   9   40 0.03
  27   33 0.00
  11   15 0.28
  57   78 0.93

  12   40 0.32
   4   10 0.57
  23   55 0.81
  25   37 0.14
  33   53 0.28
  14   24 0.59
  32   60 0.52
  13   35 0.68
   2    3 0.45
   8   32 0.58
  41   53 0.95
  38   77 0.50
  59   73 0.56
  10   16 0.22
  60   83 0.36
  14   25 0.87
  58   76 0.15
   2    8 0.78
  39   56 0.75
   8   22 0.84

  27   34 0.83
  60   98 0.71
  22   39 0.08
  40   45 0.14
  42   69 0.46
  60   93 0.06
  14   38 0.19
   9   30 0.87
  32   71 0.43
   2   33 0.77
  35   64 0.64
  28   60 0.60
  30   37 0.54
  33   43 0.32
  28   43 0.35
  38   57 0.32
  39   66 0.50
  54   87 0.56
   0   18 0.07
  26   64 0.10

  53   85 0.68
  45   70 0.83
  18   42 0.53
  41   51 0.25
  57   82 0.42
  29   36 0.79
  45   78 0.39
  40   73 0.34
  45   81 0.24
  12   25 0.44
  44   47 0.86
  36   40 0.34
  58   92 0.75
  45   66 0.47
  43   51 0.62
  30   42 0.96
  53   69 0.51
  13   36 0.44
  24   24 0.04
  45   69 0.12

   6   40 0.53
  27   44 0.95
   2   29 0.45
  36   60 0.33
  11   11 0.65
  50   69 0.87
   4   26 0.80
  11   27 0.92
   1   32 0.28
  45   73 0.19
  37   77 0.32
  58   59 0.17
  40   72 0.74
   9   29 0.13
   9   30 0.96
  26   41 0.26
  52   85 0.14
  36   46 0.80
   0   26 0.00
  20   40 0.91

  28   40 0.34
  50   54 0.57
  50   76 0.44
  60   89 0.77
  38   77 0.69
  48   73 0.85
  27   51 0.46
  36   55 0.94
   6   15 0.79
  39   56 0.17
  11   48 0.23
  28   51 0.48
  17   51 0.52
  38   63 0.13
  30   57 0.82
  19   36 0.84
  18   21 0.64
   8   36 0.13
  46   72 0.69
  35   65 0.96

