5 80 8
3   16  16  10

   6   63 0.80
   3   46 0.81
  26   58 0.18
  20   20 0.60
   3   56 0.45
  26   40 0.84
   4   45 0.35
  12   13 0.83
  34   38 0.43
  31   40 0.62
  30   68 0.14
   0    3 0.14
  12   72 0.72
  34   94 0.92
  17   60 0.68
  21   54 0.64
  19   65 0.46
  33   84 0.61
  36   38 0.72
   2   49 0.45
  23   68 0.87
  18   36 0.54
  40   82 0.58
  25   75 0.20
   5   11 0.35
   2   64 0.00
  40   42 0.84
  36   61 0.17
   1   46 0.59
  40   58 0.65
  35   48 0.30
  21   52 0.46
  10   56 0.44
  18   24 0.63
  13   44 0.64
  35   62 0.58
  32   43 0.92
  12   30 0.38
   4   34 0.17
   1   32 0.63
  21   76 0.47
  31   58 0.21
   6   58 0.82
  19   44 0.77
  11   39 0.64
  32   40 0.27
  32   53 0.00
  35   78 0.95
  32   90 0.09
  38   62 0.86
   4    9 0.03
  40   51 0.26
  14   19 0.93
  32   50 0.31
   0    8 0.40
  20   64 0.23
  15   27 0.57
  14   46 0.27
  27   59 0.76
  25   72 0.40
  38   60 0.82
   1   33 0.11
  37   47 0.65
   1   46 0.10
   2   26 0.89
  27   68 0.27
  18   27 0.65
  33   39 0.66
   7   41 0.19
   2   39 0.84
  28   33 0.01
  37   79 0.23
  19   75 0.70
  24   85 0.83
  31   35 0.36
  30   82 0.55
  27   67 0.16
   1   53 0.68
  22   73 0.88
  14   55 0.76

  36   88 0.70
  37   43 0.84
   7   16 0.68
  36   66 0.47
  24   38 0.60
  33   66 0.65
   2   19 0.60
  26   28 0.78
   4   24 0.20
  25   40 0.75
  22   33 0.09
   8   67 0.95
  36   49 0.84
  22   26 0.94
   7   26 0.52
  30   36 0.09
  39   76 0.60
  15   36 0.61
  29   74 0.73
   2   15 0.36
  36   68 0.71
  28   64 0.76
  40   85 0.87
   6   10 0.51
  13   61 0.05
   7   11 0.93
   7   19 0.86
  23   72 0.44
  31   61 0.21
  23   76 0.80
   1   23 0.28
   7   60 0.23
   8    9 0.81
  39   79 0.68
   7   46 0.85
   3   55 0.22
  10   15 0.47
  34   60 0.08
  38   59 0.18
  18   24 0.73
  26   27 0.69
  38   72 0.94
  27   31 0.75
   1   52 0.53
  15   38 0.24
   4   37 0.65
  37   74 0.75
  30   58 0.75
  39   99 0.48
  39  101 0.65
   8   58 0.28
  38   62 0.74
  20   30 0.55
  13   42 0.96
  18   78 0.11
  19   41 0.35
  23   29 0.60
   8   52 0.11
  32   56 0.02
  25   40 0.93
  11   11 0.10
  39   79 0.92
  10   58 0.52
  18   62 0.56
  19   47 0.73
  16   29 0.25
  19   33 0.53
  31   39 0.87
  22   70 0.11
  23   61 0.39
  14   31 0.57
  26   32 0.69
  30   52 0.75
  23   58 0.17
  25   40 0.86
  16   32 0.07
  27   79 0.98
  29   76 0.95
  23   42 0.87
  15   18 0.46

  11   56 0.62
  28   43 0.51
  41   51 0.30
   1   35 0.42
   9    9 0.44
   9   33 0.89
  40   80 0.17
  31   55 0.36
  28   39 0.26
  28   28 0.05
   3   49 0.07
  14   21 0.37
   8   64 0.09
  25   68 0.22
  28   56 0.05
  29   38 0.32
   3   24 0.63
   3   22 0.93
  29   79 0.99
  40   44 0.92
   2   49 0.07
   6   56 0.68
  35   73 0.23
  32   69 0.89
  26   63 0.52
   0   21 0.15
  24   34 0.47
   2   30 0.03
  12   34 0.68
   5   65 0.19
  19   64 0.82
  23   37 0.96
   8   16 0.26
  41   47 0.10
   8   48 0.67
  11   43 0.52
  11   34 0.78
   3   47 0.59
  29   75 0.89
  31   71 0.49
  13   38 0.43
  31   47 0.55
   8   62 0.53
  33   50 0.32
  34   69 0.10
  40   87 0.22
  17   20 0.69
  34   94 0.42
  16   77 0.82
   8   41 0.50
  21   44 0.45
  27   30 0.11
  19   68 0.60
  39   50 0.61
  30   85 0.08
   6   36 0.33
  33   37 0.96
   4   57 0.46
   2   39 0.52
  25   34 0.07
   8   49 0.56
  37   71 0.70
  34   79 0.33
   8   45 0.04
  12   44 0.43
  35   88 0.43
  29   73 0.88
   2   47 0.02
  28   51 0.60
  15   28 0.05
  18   46 0.55
  38   52 0.07
   9   28 0.01
  18   25 0.20
   7   48 0.79
  19   55 0.55
  22   83 0.06
  13   65 0.02
   1   20 0.65
  21   62 0.14

