3 20 8
12   20   4  16  10   2   4  16  20  20  10  16  16

   2    4 0.79
  20   23 0.97
   4    4 0.62
  24   53 0.87
  14   23 0.01
  13   19 0.15
   3   25 0.70
  31   57 0.29
  18   39 0.55
  16   19 0.72
  11   38 0.16
   8   39 0.98
   3   32 0.27
  29   34 0.23
  24   33 0.09
  12   29 0.75
  12   26 0.47
   7    9 0.30
  21   39 0.68
   4   25 0.32

  14   36 0.71
   1   26 0.21
  21   30 0.75
  18   37 0.23
  23   46 0.45
   2   15 0.29
  20   31 0.99
  17   25 0.29
   6   16 0.92
  26   28 0.03
  15   34 0.28
   0   12 0.34
  30   47 0.84
  25   47 0.38
   2   32 0.27
  12   18 0.23
   9   11 0.47
  29   30 0.22
   2   29 0.33
  30   43 0.86

  16   31 0.01
  28   44 0.75
  26   48 0.93
   4    5 0.46
  24   50 0.57
  18   48 0.33
   9   15 0.79
   3   13 0.87
  31   56 0.12
  12   33 0.30
  28   48 0.42
  29   44 0.83
  23   28 0.46
  21   26 0.30
   8   23 0.52
  31   56 0.22
   3   12 0.14
   1    3 0.85
  11   25 0.12
  13   22 0.76

  16   24 0.57
  23   26 0.54
   4    8 0.37
  17   40 0.24
  22   37 0.22
   4   28 0.02
  16   26 0.72
   1   15 0.96
  15   43 0.05
  29   40 0.55
   8   16 0.50
  16   21 0.74
  23   38 0.10
  19   46 0.03
  23   28 0.92
  23   54 0.77
   5   20 0.95
  30   51 0.24
   0   17 0.11
   4    9 0.05

   9   40 0.26
   2   22 0.09
  15   32 0.52
   3    5 0.11
   7    9 0.16
   6   33 0.81
  31   41 0.83
  12   12 0.26
  19   31 0.21
  23   40 0.15
  13   29 0.35
  12   13 0.09
  14   24 0.71
  23   52 0.62
  27   43 0.10
  24   25 0.41
   0   20 0.69
  11   13 0.26
   7   35 0.21
  14   25 0.18

  22   39 0.05
   5   33 0.03
  13   36 0.54
  13   38 0.07
  31   42 0.53
  14   42 0.84
  27   28 0.72
  24   40 0.71
   2   22 0.96
  23   24 0.15
  20   24 0.19
   7   34 0.81
   2   26 0.31
   2   26 0.96
   8   39 0.30
  14   21 0.41
  21   25 0.25
  12   33 0.95
  17   36 0.46
  16   47 0.65

   0   23 0.22
  28   46 0.22
  17   28 0.47
   6   15 0.06
  24   32 0.47
  17   25 0.63
  11   27 0.28
  12   13 0.71
  21   44 0.36
   8   20 0.93
  31   44 0.78
  13   34 0.57
  24   47 0.05
  13   25 0.53
  10   41 0.01
  15   17 0.36
  31   58 0.03
   4   15 0.27
  30   31 0.39
   1   14 0.68

   7    8 0.61
  24   49 0.55
  30   53 0.13
   3    6 0.40
   2   30 0.09
   3   26 0.34
  29   53 0.20
  22   43 0.88
  24   29 0.73
  29   39 0.60
  23   24 0.11
   5   20 0.13
   3    6 0.46
   9   38 0.23
  16   39 0.10
  19   44 0.65
   6   31 0.48
  30   58 0.52
  12   39 0.30
   6   22 0.79

  14   31 0.35
  19   34 0.72
  15   35 0.26
  20   25 0.09
  12   20 0.12
  14   34 0.58
  23   48 0.74
  12   35 0.20
  17   42 0.39
  14   14 0.24
  23   53 0.03
   8   21 0.28
  12   25 0.84
  22   45 0.59
  21   21 0.99
  17   40 0.80
   1    3 0.75
  29   39 0.80
   6   26 0.41
  18   23 0.87

  10   37 0.77
  19   37 0.59
   8   20 0.79
   1    9 0.49
  18   26 0.88
  21   31 0.49
   1   11 0.90
  10   18 0.12
  16   39 0.95
  20   38 0.97
  23   33 0.54
  30   36 0.34
   1   27 0.86
   3    4 0.11
  16   26 0.94
  28   47 0.22
  10   36 0.87
  31   41 0.06
  11   39 0.23
  30   47 0.61

  12   39 0.09
   3   22 0.50
  30   45 0.93
   6   15 0.04
   9   26 0.44
  11   29 0.08
  18   43 0.74
   9   21 0.75
  23   27 0.82
   8   18 0.41
  28   37 0.62
  28   42 0.72
   2   33 0.41
   5    9 0.81
  29   41 0.74
  29   30 0.28
   7   37 0.12
  25   42 0.85
  29   59 0.71
   5   19 0.26

  14   38 0.23
  13   13 0.95
   4   23 0.62
  12   38 0.78
   8   18 0.10
  16   43 0.41
  25   31 0.87
  29   51 0.04
  10   15 0.09
  24   32 0.12
  31   31 0.86
  27   34 0.34
   9   36 0.29
  27   55 0.26
  12   24 0.13
  18   42 0.38
  22   27 0.70
  14   16 0.18
  12   38 0.33
   3   31 0.71

