4 80 8
3   20   2   2

  28   59 0.81
  28   55 0.19
   5   12 0.54
  17   34 0.60
  27   62 0.17
   9   43 0.72
   8   35 0.91
   1   16 0.26
  29   39 0.87
  17   52 0.97
   5   21 0.49
  14   38 0.44
   5   14 0.68
  23   42 0.23
   0    9 0.31
  26   57 0.64
   6   14 0.23
   8   33 0.08
  24   51 0.14
  19   37 0.50
  10   12 0.48
  25   56 0.41
   9   25 0.98
  27   32 0.61
   6   44 0.58
   1   22 0.09
   0    7 0.00
  12   52 0.63
  15   24 0.32
   5   47 0.34
  25   58 0.42
  11   22 0.48
   5   39 0.70
   4   28 0.32
  10   12 0.32
  19   56 0.05
  21   50 0.76
   3   14 0.04
  15   41 0.01
   3    5 0.18
   1   15 0.54
  25   42 0.18
  26   37 0.06
   0   34 0.78
  25   54 0.93
  22   34 0.57
  14   15 0.16
   0   17 0.53
  23   58 0.17
   1   31 0.95
  21   63 0.52
   1   19 0.78
  11   33 0.11
  28   54 0.28
  17   47 0.10
   2   21 0.70
  27   27 0.81
   1   22 0.71
  23   62 0.23
  26   55 0.35
  11   23 0.72
   8   52 0.71
  29   39 0.25
   8   26 0.10
  13   35 0.06
  10   42 0.75
   4   36 0.88
  22   32 0.27
  14   42 0.89
  16   47 0.76
  24   58 0.86
  10   50 0.02
   3    9 0.06
   7    7 0.66
   4   42 0.05
  21   21 0.90
  24   61 0.90
  28   49 0.22
  20   46 0.03
  12   30 0.89

  24   66 0.05
  23   54 0.47
  29   47 0.39
   0   44 0.12
  21   25 0.12
  29   34 0.83
  10   53 0.62
   9   15 0.70
  21   50 0.49
  21   31 0.48
  10   24 0.33
  29   66 0.86
  28   31 0.32
  23   54 0.10
  21   24 0.82
  11   29 0.25
   6    9 0.41
  25   28 0.75
  20   64 0.47
  10   15 0.06
  23   32 0.51
  12   25 0.21
  15   34 0.27
  19   47 0.86
  28   69 0.24
  29   56 0.18
   3    6 0.58
   9   21 0.78
  11   35 0.55
  18   52 0.10
  15   39 0.96
  29   39 0.74
  19   43 0.05
  20   26 0.88
  19   51 0.18
  23   51 0.94
  26   62 0.19
  29   48 0.39
  21   46 0.22
   4   10 0.39
  26   31 0.50
  19   61 0.60
  19   56 0.09
  29   63 0.21
  24   37 0.60
  28   35 0.28
   1   22 0.20
  25   42 0.90
  29   68 0.87
  19   39 0.84
  12   37 0.72
  21   63 0.18
  24   41 0.36
   4   48 0.01
  21   32 0.83
  16   32 0.53
  10   10 0.78
  15   46 0.29
  11   17 0.83
  15   16 0.25
   1   44 0.92
  22   35 0.52
   4   38 0.78
  26   56 0.93
  15   26 0.19
  25   66 0.31
   9   53 0.65
   2   14 0.01
  15   55 0.75
   2   10 0.63
  11   53 0.41
  16   50 0.35
  29   72 0.36
  19   51 0.40
  11   54 0.99
   5   22 0.05
  29   64 0.80
  20   24 0.40
  13   21 0.36
  20   37 0.77

  22   60 0.76
  10   12 0.38
  17   29 0.53
  11   21 0.34
  15   48 0.91
  18   41 0.59
  23   61 0.31
   4   13 0.00
   5   45 0.30
  23   53 0.16
  14   35 0.90
   5   42 0.46
  27   35 0.77
   9   38 0.12
   7   24 0.17
  19   63 0.74
   8   23 0.45
  17   55 0.03
  10   13 0.26
  14   48 0.33
  12   29 0.98
   9   46 0.59
   8   48 0.88
   6   33 0.91
   7   41 0.47
   9   10 0.79
   7   33 0.49
   0   41 0.05
  14   33 0.92
  21   24 0.30
   1    8 0.37
  25   36 0.02
  21   49 0.00
  28   30 0.30
  19   37 0.14
   3   11 0.87
  24   34 0.36
  15   22 0.28
  20   52 0.63
  17   32 0.35
   7   15 0.63
  15   39 0.41
  19   27 0.91
  10   40 0.86
  21   49 0.30
  20   63 0.94
  10   35 0.66
   0   23 0.56
  25   58 0.69
  12   33 0.88
   5   41 0.02
   2   27 0.53
   2   17 0.11
   0   31 0.04
  29   56 0.46
  22   38 0.23
  14   44 0.43
   8   44 0.53
  24   64 0.68
  12   25 0.44
  17   58 0.65
  29   34 0.55
  23   59 0.48
  15   35 0.60
  29   56 0.75
   9   29 0.67
  23   65 0.48
   9   50 0.69
   3   33 0.99
  19   63 0.22
  16   16 0.86
  24   66 0.42
  17   46 0.52
  28   44 0.26
   5   41 0.31
  15   46 0.17
   5   47 0.75
  23   47 0.39
  22   22 0.89
   0   31 0.25

