3 40 4
6   20   4   4   2  20  16

   7   35 0.68
  54   54 0.39
  51   89 0.91
  22   71 0.32
  32   46 0.62
  44   96 0.24
  48  102 0.91
  44   84 0.42
  29   82 0.67
  32   39 0.39
   0   10 0.36
  31   58 0.51
  32   32 0.05
  10   34 0.56
  27   69 0.38
   5   12 0.40
  54   88 0.97
  45   92 0.55
  44   87 0.05
  45   93 0.54
  33   62 0.87
  37   54 0.98
   4   19 0.11
  32   73 0.71
  22   69 0.72
   8   39 0.54
  19   33 0.71
  44   44 0.90
  31   38 0.55
  10   38 0.84
  30   63 0.89
  45   83 0.82
  32   81 0.76
   2    6 0.65
   2   47 0.51
  53   54 0.26
  37   56 0.30
  27   43 0.52
  20   28 0.96
  43   46 0.78

  31   38 0.20
   3   49 0.80
  40   56 0.87
  35   79 0.52
  54   86 0.22
  43   94 0.93
  45   75 0.45
  22   32 0.67
  46   57 0.49
  12   19 0.23
  42   54 0.32
  17   33 0.44
  30   55 0.72
  21   47 0.29
  20   37 0.55
  44   79 0.28
  46   73 0.04
  14   29 0.63
   2   39 0.77
  27   34 0.54
  24   45 0.03
  34   38 0.23
  49   97 0.45
  18   53 0.06
  48  102 0.51
  26   38 0.65
  30   36 0.35
  14   59 0.60
  20   50 0.57
  18   30 0.40
  31   83 0.17
   2    8 0.73
  10   11 0.53
  30   62 0.51
  11   38 0.65
  25   25 0.59
  10   36 0.63
   0   12 0.25
  37   40 0.69
   5   35 0.56

  21   52 0.45
  18   39 0.97
   2    7 0.03
   5   19 0.34
  52   86 0.38
  21   37 0.49
  14   19 0.03
  42   86 0.80
  50   81 0.89
  18   61 0.36
  10   23 0.53
  13   64 0.68
   5   55 0.79
  36   73 0.13
  46   91 0.31
  51   85 0.87
  41   56 0.01
  51   59 0.54
  28   79 0.71
  26   29 0.48
  44   48 0.14
   8   33 0.57
  12   63 0.18
  36   72 0.45
  32   42 0.40
  25   74 0.15
  39   51 0.49
  30   82 0.30
  24   28 0.68
  10   63 0.83
  12   18 0.95
  42   96 0.55
  18   58 0.55
  20   68 0.84
  21   35 0.98
  20   57 0.33
   9   26 0.63
  40   66 0.93
  19   36 0.38
  42   93 0.85

  24   45 0.07
  27   62 0.75
  37   52 0.79
  15   22 0.37
  37   66 0.71
  27   30 0.37
  29   65 0.39
  18   26 0.34
  47   71 0.94
  38   85 0.36
  53  107 0.16
  20   49 0.24
  32   55 0.49
  34   80 0.03
  16   56 0.38
  54   72 0.24
  25   30 0.71
  53   78 0.17
  27   44 0.20
  44   84 0.43
  10   43 0.46
  48   92 0.67
  16   50 0.59
  14   59 0.60
   5   29 0.45
  31   59 0.48
  19   48 0.91
  35   38 0.09
  45   79 0.94
  38   40 0.33
  23   44 0.97
  45   97 0.45
  35   89 0.30
   9   39 0.38
  19   51 0.37
  32   44 0.20
  53   79 0.11
  12   30 0.11
   5   27 0.45
  37   66 0.62

  45   50 0.22
  26   58 0.68
   9   12 0.29
  24   33 0.21
  19   70 0.82
   1   54 0.52
  16   35 0.37
  25   43 0.83
   4   15 0.36
  10   46 0.91
   0   39 0.89
   7   15 0.43
  52   60 0.15
  22   70 0.77
  12   16 0.76
  25   55 0.43
  48   79 0.98
   9   45 0.41
  47   48 0.87
  44   84 0.57
  19   73 0.91
  20   52 0.42
  37   53 0.95
  31   70 0.73
   4   49 0.59
  40   46 0.33
  14   30 0.00
  41   49 0.11
  22   60 0.71
  39   43 0.23
  49  101 0.72
  45   95 0.01
  21   54 0.34
  17   19 0.61
   6   54 0.36
  19   47 0.99
  41   53 0.73
  47   58 0.14
  43   50 0.56
  52   65 0.41

   3   19 0.05
  28   77 0.20
  50   65 0.33
  11   18 0.34
  38   87 0.68
  43   60 0.22
  12   66 0.47
   9   14 0.55
  54   78 0.25
  35   86 0.63
  23   76 0.97
   8   28 0.71
  47   79 0.18
  14   45 0.31
  15   41 0.97
  39   46 0.60
  44   68 0.44
   1   45 0.55
  25   33 0.83
  49   56 0.60
  47   47 0.32
  45   84 0.66
   0   30 0.60
  38   71 0.25
  24   57 0.68
  45   73 0.43
  22   49 0.54
  11   59 0.82
  29   41 0.26
   5   16 0.32
  25   73 0.19
  45   68 0.64
  54  107 0.48
   5   53 0.44
  46   66 0.28
  32   43 0.84
  14   61 0.37
  44   94 0.09
   3   28 0.83
  34   67 0.26

