3 80 4
3    2  10  20

  14   50 0.94
  50   83 0.23
  72   90 0.34
  79  117 0.48
  35   37 0.45
  64  111 0.82
  92  117 0.49
  73  117 0.82
  62  114 0.83
  80   98 0.57
  87  133 0.21
  34   76 0.10
  37   40 0.47
  22   50 0.01
  94  142 0.15
   0   48 0.61
  53   84 0.28
  69  108 0.57
   9   15 0.09
  45   57 0.66
  72  121 0.28
  68   70 0.93
  73   79 0.94
  34   60 0.88
  47   76 0.58
  96  146 0.70
  25   48 0.13
  11   20 0.22
  56   59 0.25
  26   45 0.54
  78  129 0.16
 101  111 0.22
  12   61 0.34
  25   37 0.74
  98  118 0.29
   9   21 0.50
   4    9 0.65
  59   66 0.15
  95  111 0.65
  99  128 0.60
  38   38 0.03
  63  109 0.73
  40   77 0.56
  48   92 0.44
   9   56 0.15
  13   34 0.61
  95  104 0.36
  51   71 0.12
  46   89 0.67
  14   41 0.31
  74  119 0.89
  99  120 0.99
  99  108 0.32
  55   64 0.68
  76  127 0.33
  17   33 0.81
  86  109 0.69
  42   50 0.52
  48   88 0.60
  90  141 0.50
  72  113 0.12
  73   89 0.07
  13   24 0.46
  30   35 0.34
  11   36 0.14
  28   34 0.72
 100  108 0.80
  34   70 0.45
  58   71 0.32
  97  149 0.10
  80  123 0.80
  79  129 0.39
  87  103 0.82
  58  107 0.99
  53   75 0.52
 104  148 0.77
  80  121 0.52
  81  115 0.98
  51  103 0.54
 100  127 0.28

  63   76 0.46
  30   80 0.60
  42   69 0.01
 103  143 0.82
  35   67 0.84
   8   38 0.37
   7   53 0.86
  42   73 0.63
  22   74 0.66
  17   53 0.76
   6   38 0.36
  57   85 0.30
   2   21 0.93
  27   70 0.97
  47   79 0.94
  44   85 0.48
  44   57 0.74
  78  123 0.54
 105  105 0.83
  49   60 0.77
  13   50 0.79
  41   69 0.24
   2   34 0.22
  19   63 0.29
  37   48 0.27
  89  137 0.59
  83   93 0.35
  22   49 0.53
   7    7 0.42
  96  103 0.63
  87  118 0.80
  16   39 0.62
  74  123 0.74
  61   82 0.05
  36   64 0.77
   8   52 0.05
  54   96 0.96
  95  141 0.57
  47   71 0.63
  74   89 0.64
 103  108 0.41
 102  110 0.74
  26   59 0.23
  57  105 0.36
  22   51 0.10
  17   26 0.55
   9   13 0.33
  85  119 0.21
 105  140 0.95
   1   11 0.03
  95   96 0.74
  32   61 0.50
  17   35 0.61
  60   86 0.76
  59   62 0.15
  42   75 0.84
  26   36 0.11
  11   32 0.32
  34   84 0.07
  58  110 0.12
  38   53 0.93
  25   71 0.05
  67   85 0.60
  36   87 0.71
  74   95 0.30
  28   28 0.41
   9   42 0.93
  84   89 0.82
  76  128 0.98
  61   74 0.12
  41   50 0.34
  23   48 0.26
  40   49 0.19
  33   53 0.32
  65   90 0.47
   9   12 0.02
  14   15 0.66
  54   56 0.82
  38   72 0.10
  47   73 0.47

  49   58 0.56
   1    6 0.88
  55   94 0.68
   1    3 0.56
  55   55 0.18
  81  112 0.55
   8   31 0.11
  96  116 0.63
  35   43 0.13
  45   82 0.06
  33   76 0.81
  35   74 0.82
  99  139 0.30
  13   46 0.07
  74  121 0.32
   7   30 0.53
  79   95 0.30
  58   62 0.61
  31   42 0.04
  58   86 0.19
   6   22 0.08
  30   46 0.57
  80  110 0.32
  83  112 0.96
  85  122 0.95
  77  110 0.17
  54   70 0.45
  77  103 0.19
  26   34 0.42
  12   59 0.10
  44   52 0.24
  73   97 0.96
  91  107 0.73
  61   85 0.57
  90  128 0.95
  43   67 0.79
  81   88 0.47
  18   28 0.45
   8   27 0.57
  53   71 0.65
  27   57 0.13
  95  122 0.27
  64  100 0.53
  95  144 0.47
  20   71 0.28
  90  133 0.82
  81  124 0.93
  89  140 0.18
  27   40 0.94
  29   33 0.36
  27   48 0.11
  85   94 0.46
   8   11 0.29
 103  148 0.77
  11   29 0.17
  75   97 0.58
  76  125 0.37
  96  100 0.75
  16   39 0.65
  77  113 0.34
   2   49 0.44
  59   97 0.02
  60   92 0.38
  77   97 0.10
  11   16 0.71
  10   57 0.09
  39   75 0.25
  75  126 0.95
  86  133 0.91
  75  122 0.97
   2   30 0.26
  76   78 0.68
  15   15 0.27
 101  103 0.12
  47   54 0.59
  78   93 0.51
  65   97 0.56
  43   74 0.45
  26   40 0.06
  12   36 0.76

