5 40 4
6   16  16   2  20  10   4

   6   23 0.26
  22   46 0.43
  63   93 0.12
  16   22 0.12
  17   23 0.21
  31   37 0.84
  19   27 0.33
  63   92 0.79
  14   22 0.52
  22   30 0.35
  34   36 0.25
  44   77 0.96
  36   45 0.06
  13   32 0.17
  55   77 0.09
  52   70 0.88
   6   34 0.54
  33   58 0.78
   0    3 0.31
  26   44 0.76
  30   37 0.65
  57   74 0.09
  50   51 0.00
   7    8 0.56
  37   63 0.23
  65   89 0.29
  65   82 0.98
  34   41 0.65
  36   62 0.25
   4   34 0.05
  53   59 0.66
  55   61 0.35
  47   66 0.31
  12   25 0.28
  13   40 0.12
  52   60 0.86
  20   24 0.77
  15   41 0.04
  60   87 0.50
  65   98 0.06

  47   75 0.18
  44   67 0.35
  41   74 0.43
  65   75 0.97
   7   31 0.75
  67   83 0.98
  36   53 0.57
  52   60 0.01
  15   47 0.34
  40   72 0.27
  30   32 0.57
  66   94 0.83
  38   71 0.20
   1   19 0.86
  36   37 0.14
  64   92 0.34
   1   26 0.43
  59   88 0.52
   7    8 0.08
  46   66 0.35
  20   40 0.43
  49   51 0.82
  46   59 0.70
   1   17 0.53
  14   22 0.87
  35   50 0.90
  41   48 0.69
  62   63 0.28
  16   20 0.00
  18   41 0.03
  41   57 0.55
  31   51 0.66
  27   59 0.50
  12   45 0.66
  32   46 0.55
  65   96 0.98
  21   26 0.65
   6   29 0.38
  47   65 0.35
  10   27 0.75

  15   47 0.48
  12   42 0.00
  42   55 0.48
   0   16 0.79
  37   38 0.80
  21   28 0.50
   7   39 0.67
  57   62 0.01
  13   33 0.28
  66   81 0.82
  13   34 0.68
  13   26 0.00
  35   64 0.26
  44   67 0.13
  38   46 0.39
   5   13 0.13
  13   28 0.66
  14   24 0.33
  59   66 0.99
  50   59 0.51
  15   41 0.80
  60   61 0.95
   0    7 0.87
   2   19 0.02
  33   48 0.26
  37   69 0.61
  28   51 0.50
  61   66 0.37
  40   45 0.46
  31   63 0.96
  18   21 0.25
  22   55 0.71
  58   62 0.98
  12   30 0.68
  32   65 0.03
  20   31 0.04
   9   23 0.78
  39   44 0.87
  51   61 0.24
   3    5 0.07

  34   46 0.39
  12   13 0.59
  32   56 0.99
   8   16 0.11
  15   45 0.33
  20   29 0.75
  66   77 0.65
  52   61 0.28
  58   77 0.96
  33   41 0.18
  12   13 0.18
  55   64 0.91
   7   36 0.18
  53   56 0.95
  16   23 0.39
  65   81 0.01
  52   64 0.88
  53   71 0.35
  56   83 0.79
  36   36 0.47
  58   72 0.00
  28   55 0.32
  16   42 0.62
  46   70 0.25
   3   12 0.38
  60   79 0.80
   5    9 0.18
  21   32 0.57
  23   26 0.15
   9   11 0.13
  13   20 0.37
  62   73 0.82
  12   44 0.90
  32   45 0.80
  27   37 0.20
  62   95 0.82
  26   26 0.64
  21   36 0.83
  32   40 0.90
  38   38 0.24

  34   55 0.65
  32   38 0.88
  47   63 0.04
  10   14 0.16
  29   56 0.87
  41   44 0.24
  37   49 0.50
   9   19 0.96
  35   49 0.63
  43   63 0.28
   8   32 0.95
  11   30 0.20
   4   31 0.82
  55   55 0.14
   1   33 0.60
  60   88 0.53
  16   33 0.18
  33   35 0.06
   4   11 0.63
  55   66 0.39
  31   56 0.65
   5   17 0.14
  28   33 0.69
  33   40 0.60
   3   28 0.58
  50   69 0.56
  54   80 0.16
  56   69 0.19
  61   75 0.26
  27   47 0.54
  14   33 0.68
  34   47 0.05
   0    4 0.13
  44   62 0.76
  12   36 0.76
  51   53 0.18
  56   71 0.66
   4   13 0.68
  32   62 0.45
  54   58 0.35

  31   32 0.71
  31   44 0.61
  37   61 0.81
  50   80 0.79
  54   58 0.52
   6   31 0.10
  22   35 0.84
   0   12 0.83
  51   62 0.09
  17   36 0.73
   5   19 0.95
  23   37 0.75
  60   74 0.50
  33   41 0.48
  40   66 0.01
  37   40 0.94
  59   84 0.07
   6   37 0.55
  58   78 0.03
  25   58 0.27
  12   13 0.01
  23   45 0.43
  48   53 0.71
   1   11 0.89
  66   81 0.77
  67   83 0.96
  35   54 0.08
  53   75 0.20
  34   38 0.10
  54   68 0.22
  12   43 0.96
  67   97 0.70
  44   51 0.55
   1   12 0.13
  13   38 0.54
  48   50 0.42
  44   59 0.78
  31   58 0.93
  10   42 0.13
   3   14 0.50

