5 20 4
12   16  10   4  20   4   2   2  20  10  16  20   2

  56   76 0.52
  39   48 0.99
  41   41 0.96
  54   54 0.48
  48   75 0.44
  20   28 0.28
  54   84 0.65
  14   42 0.69
  53   70 0.71
  21   25 0.71
  10   20 0.73
  27   36 0.30
  33   34 0.29
   6    6 0.85
   8    9 0.95
  27   55 0.72
  41   69 0.16
  34   55 0.18
  44   68 0.82
  20   20 0.60

  38   48 0.61
  57   65 0.48
  57   71 0.65
  50   54 0.91
  55   67 0.71
  55   56 0.01
   8   25 0.46
  11   32 0.28
  19   45 0.22
  26   28 0.46
  53   83 0.25
  31   31 0.91
  11   30 0.02
  14   43 0.13
   3    7 0.29
  38   54 0.70
  19   29 0.06
  55   74 0.25
  23   27 0.61
  50   79 0.52

  52   57 0.03
   2   29 0.56
  16   41 0.41
  33   59 0.84
  51   69 0.16
  33   43 0.20
  57   64 0.67
  11   40 0.59
  35   38 0.04
  51   53 0.55
  31   43 0.98
  36   58 0.82
  20   30 0.90
  27   28 0.72
  50   59 0.38
   7    7 0.42
  15   22 0.00
  23   53 0.65
  56   83 0.48
  33   49 0.61

  61   86 0.95
  46   62 0.59
  56   85 0.53
  43   49 0.53
  40   40 0.53
  15   29 0.43
  62   73 0.54
  57   82 0.82
  14   41 0.73
  26   47 0.70
  59   82 0.82
   8   13 0.01
  18   19 0.10
  36   55 0.44
  55   58 0.51
  57   66 0.38
  41   66 0.97
  60   73 0.65
  36   51 0.56
  34   47 0.90

  53   53 0.69
  57   86 0.52
  62   80 0.51
  53   78 0.82
  34   59 0.48
  57   62 0.72
  53   76 0.43
  52   59 0.78
   5   24 0.48
   3   28 0.99
  60   88 0.89
  12   27 0.90
  44   45 0.46
  33   53 0.33
  21   28 0.35
  55   58 0.06
  38   63 0.46
  25   44 0.61
  25   53 0.20
  26   34 0.20

  34   34 0.99
   5   10 0.39
   3   26 0.18
  35   65 0.82
  30   58 0.77
  19   31 0.30
  18   20 0.64
  47   48 0.56
  57   67 0.92
  50   61 0.87
  38   61 0.88
  57   78 0.31
   0   27 0.11
  14   31 0.66
  55   76 0.56
  10   23 0.00
  55   64 0.21
  22   40 0.47
  41   58 0.08
  24   49 0.44

  12   12 0.39
   1   21 0.68
  58   62 0.44
  20   32 0.07
  24   40 0.11
  12   19 0.13
  37   42 0.83
   0    6 0.82
  58   72 0.08
  18   20 0.76
  62   69 0.71
  43   72 0.96
   2    7 0.42
  43   50 0.55
  54   77 0.05
  22   52 0.21
  27   52 0.71
  33   44 0.43
  10   33 0.68
  41   49 0.50

  47   66 0.22
   8   23 0.35
  27   47 0.98
   8   20 0.12
  57   65 0.19
  32   38 0.56
  23   27 0.87
   2   23 0.52
  32   33 0.07
  54   78 0.46
  29   34 0.77
  12   14 0.10
  24   29 0.22
  25   44 0.95
  17   21 0.83
   0   23 0.04
  18   28 0.35
  15   31 0.18
  17   39 0.52
  31   40 0.37

  35   55 0.51
  59   80 0.60
  53   76 0.47
   0   23 0.94
  62   82 0.01
   3   23 0.27
  29   30 0.57
  20   25 0.69
   2   12 0.80
  17   38 0.75
  58   67 0.47
  24   53 0.69
  26   31 0.14
  11   37 0.08
  54   71 0.61
  60   72 0.84
  51   55 0.64
   7    8 0.07
  46   62 0.78
  60   68 0.26

  60   72 0.02
   8   31 0.00
  31   51 0.33
  18   37 0.05
   5   16 0.60
  29   57 0.09
  58   79 0.00
  37   67 0.22
  43   49 0.25
  37   42 0.26
  12   28 0.47
  56   66 0.51
  46   66 0.44
  31   37 0.16
  48   56 0.11
  24   34 0.74
   5   26 0.73
  18   38 0.74
  18   34 0.32
   5   29 0.66

  47   61 0.49
  31   47 0.49
  60   64 0.76
  11   35 0.67
  37   43 0.96
  20   20 0.51
   1   13 0.38
  54   81 0.55
  54   84 0.38
  19   34 0.43
  32   51 0.30
  56   80 0.86
  50   66 0.40
  49   52 0.90
  19   45 0.77
  26   34 0.81
  25   32 0.06
   2   23 0.33
  59   81 0.24
  62   66 0.67

  30   31 0.98
  20   38 0.86
  45   71 0.80
   5   26 0.61
  59   61 0.02
  40   53 0.49
  10   26 0.61
  20   25 0.68
  52   65 0.92
  55   57 0.69
   9   33 0.36
  10   21 0.39
  58   69 0.37
  32   35 0.26
   9   32 0.97
   8   18 0.45
   2    2 0.01
  28   58 0.95
   2   27 0.97
  11   20 0.57

