5 80 4
3   10  10  16

   7   18 0.89
  23   53 0.29
  25   59 0.06
  28   57 0.44
   6   15 0.87
   3    9 0.21
  13   35 0.53
   2   15 0.87
   1   17 0.42
   2    8 0.11
  18   37 0.22
   7   12 0.19
  24   49 0.95
   8   10 0.96
  28   51 0.92
  34   54 0.74
  22   36 0.10
  27   54 0.83
  33   47 0.43
  14   32 0.91
  34   48 0.81
  22   38 0.80
  35   55 0.34
   1   30 0.37
  35   65 0.05
  15   50 0.48
  25   51 0.38
  22   57 0.70
  31   38 0.70
  22   44 0.79
  20   52 0.81
  32   38 0.62
   2   31 0.25
  27   44 0.87
  30   63 0.84
  17   45 0.88
   9   14 0.67
  15   44 0.11
   8   19 0.77
  25   53 0.56
   0   26 0.92
  10   21 0.31
  14   47 0.48
  28   37 0.02
   7   40 0.80
  24   37 0.22
   7   10 0.09
  25   51 0.19
  33   37 0.72
  26   47 0.24
  33   38 0.70
   0    6 0.65
   8   15 0.01
  30   58 0.42
   9   11 0.61
  13   34 0.03
  17   20 0.65
  22   23 0.19
  30   37 0.08
   3   21 0.22
  16   27 0.18
  25   43 0.53
   4   23 0.23
  20   28 0.18
  27   37 0.88
  23   58 0.35
  35   64 0.86
   6   37 0.73
  20   49 0.53
  10   43 0.27
  30   31 0.20
   1   24 0.85
  15   50 0.91
  17   41 0.43
   6   32 0.19
  10   21 0.64
  16   35 0.01
  32   53 0.73
   3   35 0.46
   8   26 0.56

   2   11 0.62
   1   14 0.85
  29   58 0.92
  29   31 0.99
   7   20 0.91
  10   36 0.82
  33   54 0.69
   4   37 0.01
  32   47 0.70
  15   15 0.47
   9   16 0.10
  13   38 0.96
  12   22 0.87
   5   20 0.02
   1    9 0.73
  29   40 0.51
  30   50 0.58
  11   19 0.37
  16   23 0.70
  18   21 0.58
  13   31 0.37
  32   39 0.17
   3   10 0.48
  21   38 0.09
  34   51 0.52
   2   33 0.24
  21   48 0.67
  18   37 0.52
  29   37 0.35
  34   50 0.06
  15   35 0.22
   9   31 0.50
  33   60 0.03
  28   57 0.27
  32   50 0.84
   7   30 0.73
  24   28 0.91
   5   40 0.84
  16   20 0.16
  23   35 0.29
  18   34 0.92
  10   18 0.23
   1   27 0.41
  33   43 0.43
  23   47 0.24
  23   31 0.46
  14   38 0.58
   7   15 0.01
  27   47 0.03
  31   59 0.26
   8   37 0.29
   6    9 0.75
  23   31 0.16
   2   14 0.72
  18   39 0.70
  16   31 0.20
   2   28 0.42
  21   36 0.17
   9   16 0.84
  12   19 0.90
  25   33 0.69
  13   17 0.68
  19   45 0.75
  22   39 0.22
   6   41 0.39
  32   36 0.85
   7   31 0.20
   4    5 0.07
  17   20 0.86
  15   48 0.19
  25   32 0.68
  28   54 0.09
  24   56 0.28
  15   32 0.07
   3   31 0.89
  35   44 0.25
  34   58 0.81
  29   45 0.54
  20   34 0.87
   5   15 0.68

  19   29 0.76
  20   27 0.98
  24   34 0.79
   7   31 0.64
  18   45 0.85
  27   37 0.05
  28   51 0.78
  13   34 0.70
   1   29 0.81
  35   54 0.31
  10   12 0.57
   4   20 0.05
   0   27 0.19
   6   34 0.85
   8   38 0.83
  23   44 0.46
  13   22 0.30
   4   33 0.84
  14   30 0.62
  21   36 0.29
  11   34 0.55
  13   47 0.03
  33   56 0.38
  27   60 0.87
  15   27 0.89
  15   31 0.61
  22   52 0.74
  31   58 0.09
  27   27 0.78
   2   27 0.78
   6   33 0.12
  20   50 0.08
  24   30 0.48
  17   22 0.48
   4   39 0.68
  27   52 0.42
  30   57 0.48
  23   30 0.40
   8   22 0.04
  21   23 0.67
   9   26 0.78
  27   60 0.42
   5   34 0.03
  10   39 0.71
  14   27 0.09
  20   52 0.97
  30   47 0.39
  10   13 0.60
  22   39 0.29
  12   42 0.55
  32   37 0.71
  30   36 0.40
  35   44 0.18
   6   18 0.37
   8   15 0.13
  18   20 0.01
  17   49 0.75
  33   68 0.02
  27   39 0.08
  21   29 0.67
  20   42 0.76
  23   37 0.18
  21   31 0.29
  16   31 0.01
   3   23 0.80
  19   50 0.37
   2    8 0.67
  15   34 0.95
  23   30 0.41
   7   13 0.52
  11   44 0.28
  24   30 0.43
   4   37 0.92
  17   41 0.21
  26   28 0.66
   2    2 0.31
  23   52 0.00
  35   63 0.98
  32   34 0.42
  14   24 0.23

