5 15 8
12   16   2   2  10  20  10  20  16  10  10  10   4

  16   37 0.16
  12   18 0.26
   6   22 0.41
   5   17 0.78
   9   11 0.89
  19   38 0.90
   9   28 0.66
  11   14 0.70
  17   21 0.86
  10   26 0.04
  16   29 0.57
   3   17 0.13
  12   35 0.83
  11   21 0.27
  20   42 0.69

   8   10 0.15
  10   13 0.91
  23   24 0.37
  11   28 0.12
  12   17 0.33
  19   42 0.95
   7    7 0.54
  15   19 0.74
   2   10 0.42
   3    9 0.32
  11   12 0.85
   6    7 0.60
  16   31 0.71
  23   25 0.12
  18   30 0.42

   3   24 0.77
  12   14 0.66
   8   31 0.78
  11   13 0.55
  11   11 0.73
  21   38 0.83
   8   10 0.87
  11   32 0.64
  18   24 0.40
   4    8 0.11
   3    6 0.15
   7   25 0.77
   7   20 0.34
   4   21 0.62
   0   16 0.47

  19   21 0.58
   6   22 0.53
  15   33 0.23
   8   12 0.10
  19   41 0.12
  13   31 0.31
   3   25 0.49
  15   38 0.68
  10   27 0.09
   1   15 0.72
  12   19 0.81
  17   31 0.05
  16   27 0.59
   2    8 0.70
  11   23 0.10

   7   28 0.09
   8   11 0.73
   4   21 0.68
   6    6 0.32
  18   30 0.83
   2   22 0.11
   0    2 0.72
   9   21 0.28
  15   22 0.48
   6   18 0.50
  11   33 0.61
   5    5 0.91
  21   39 0.46
  10   20 0.62
  21   26 0.99

  23   46 0.45
   3    7 0.36
  21   35 0.03
   4   24 0.97
  11   31 0.36
  21   39 0.08
   4   25 0.91
   2   19 0.16
   1    1 0.54
  16   31 0.67
  12   33 0.54
   6   14 0.37
   1   23 0.07
  12   30 0.39
   8   30 0.13

   7   21 0.77
  11   20 0.47
  10   10 0.76
  20   22 0.24
  14   25 0.54
   1   21 0.19
   7   25 0.35
  18   40 0.70
  20   32 0.70
   0   18 0.77
   8   25 0.79
   5   15 0.31
   9   26 0.23
   4   20 0.77
  14   14 0.01

  20   34 0.32
  16   36 0.06
   3    3 0.70
   4   23 0.66
   0    6 0.77
  15   25 0.36
  12   20 0.66
   7   13 0.37
   1   16 0.80
  11   33 0.48
   0   10 0.66
  14   14 0.16
   5    8 0.76
  12   15 0.87
   0   21 0.84

  11   20 0.83
  17   27 0.05
  14   23 0.61
   1    5 0.26
  16   25 0.62
  13   14 0.34
   8   12 0.81
  13   26 0.14
   5   15 0.63
  10   17 0.39
   0    8 0.62
   4   10 0.07
   1   17 0.28
  15   29 0.69
   6   23 0.67

  10   29 0.63
   0    7 0.23
  12   20 0.22
   0    2 0.01
   9   20 0.49
   5   17 0.19
  21   23 0.10
   7   10 0.19
   9   30 0.82
  16   16 0.65
  18   39 0.55
   0   15 0.03
  14   35 0.46
   1   11 0.15
  13   16 0.80

   6   12 0.19
   3   14 0.65
  13   33 0.72
  22   37 0.52
  14   30 0.33
  13   26 0.31
   9   10 0.85
  11   19 0.92
  19   30 0.99
   2   14 0.03
   6   26 0.10
  19   42 0.63
   3   17 0.70
  19   25 0.28
   4   23 0.76

   4   12 0.76
  10   23 0.45
  15   25 0.64
  18   39 0.41
  10   16 0.05
  14   29 0.60
  17   26 0.66
   5    6 0.49
  11   13 0.14
  19   33 0.70
  19   22 0.74
  22   22 0.45
   8   30 0.25
   0   14 0.17
   4   20 0.95

