3 20 4
12    4  10  10   2  20   4  10   4  10   4  10   2

  32   63 0.04
  17   48 0.82
   3   12 0.88
   9   34 0.96
  34   59 0.28
   1   23 0.69
  36   48 0.94
  33   51 0.69
  14   43 0.50
   7   20 0.39
  28   57 0.53
   7   25 0.51
  33   67 0.22
  13   22 0.96
  16   38 0.85
  30   31 0.22
  34   63 0.12
  35   55 0.20
  30   56 0.01
  24   53 0.62

   5   32 0.05
  22   48 0.49
   5   20 0.12
  31   33 0.79
  27   28 0.10
  18   49 0.66
  17   31 0.81
  26   58 0.23
  34   52 0.45
   2   28 0.40
  15   34 0.56
  34   67 0.22
  13   47 0.01
  26   45 0.62
  24   30 0.59
  29   31 0.74
  24   54 0.55
  21   30 0.99
   6   38 0.96
  36   60 0.08

  34   58 0.08
   5   22 0.10
  12   38 0.00
  19   21 0.86
  23   28 0.30
  15   41 0.03
  28   51 0.44
   3    9 0.58
  10   28 0.37
   9   27 0.57
  22   22 0.78
  19   25 0.49
  19   41 0.31
  15   19 0.80
  29   62 0.14
  29   54 0.76
   7   13 0.96
  21   53 0.64
   4    8 0.14
  25   46 0.59

  34   69 0.11
  11   28 0.62
  33   36 0.51
  24   27 0.99
  34   57 0.97
  17   43 0.33
  20   55 0.77
  36   71 0.26
   6   20 0.62
  21   50 0.52
  10   35 0.21
  23   36 0.04
  13   37 0.45
  15   25 0.54
  20   23 0.53
  32   61 0.53
  25   55 0.35
  16   25 0.03
  34   64 0.00
   9   28 0.84

  13   34 0.56
   3   17 0.69
   4   35 0.31
   3    5 0.70
  19   36 0.41
   2   23 0.41
  29   57 0.88
  11   37 0.16
  19   19 0.01
   2   15 0.76
  11   43 0.00
   2   20 0.74
  18   20 0.57
  30   41 0.68
  13   29 0.55
   9   37 0.93
  35   71 0.35
  20   37 0.04
  35   66 0.95
  10   35 0.82

  20   24 0.72
  15   25 0.15
  18   47 0.17
  31   52 0.47
  23   50 0.44
   7   42 0.28
  33   51 0.79
  22   54 0.66
  27   51 0.61
   9   29 0.94
  17   20 0.37
  13   43 0.48
  14   20 0.70
   4    8 0.29
  18   48 0.88
  35   42 0.00
   4   39 0.01
  23   50 0.85
  33   62 0.64
  17   49 0.45

  14   14 0.65
  29   41 0.26
   6    6 0.69
   2   35 0.80
  27   35 0.74
  33   35 0.12
  18   42 0.83
  12   30 0.89
  19   33 0.88
  22   48 0.03
   5   35 0.81
  14   41 0.68
  19   19 0.29
   8   35 0.78
   2   21 0.59
  34   57 0.39
  30   62 0.61
  25   53 0.63
  20   40 0.28
  18   35 0.39

  21   34 0.57
  16   39 0.15
  16   45 0.67
   5   27 0.39
  15   37 0.29
  32   40 0.85
  34   38 0.84
   3   16 0.43
   9   44 0.69
   1   12 0.36
   5   17 0.30
  33   34 0.81
   4   40 0.26
  25   59 0.25
  18   30 0.19
  34   61 0.49
  32   40 0.63
   7    7 0.39
  19   19 0.48
  31   62 0.12

  28   57 0.70
   9   36 0.05
   3   11 0.42
   5   25 0.98
  19   24 0.65
   1   29 0.26
  22   45 0.52
   6    7 0.51
  20   43 0.25
  31   62 0.80
  19   33 0.58
  29   29 0.02
   8   17 0.86
  18   51 0.28
  29   52 0.98
   8   43 0.51
  33   44 0.12
  27   57 0.72
   5    7 0.73
  23   28 0.60

   1   31 0.85
   6   31 0.44
  22   38 0.40
  13   42 0.86
   4   11 0.98
  12   36 0.97
  21   32 0.35
  17   45 0.77
  13   44 0.50
  29   30 0.68
   2   11 0.18
   1   33 0.28
  31   46 0.32
  28   33 0.03
  13   41 0.35
  32   66 0.78
  10   14 0.97
  34   61 0.81
  11   31 0.96
  27   38 0.62

  29   60 0.31
  36   66 0.43
  17   50 0.06
  24   57 0.13
   7   33 0.33
  30   36 0.66
   4   32 0.65
  24   48 0.54
   0   28 0.71
  22   22 0.38
  18   31 0.45
   6   38 0.33
  12   13 0.07
   2    6 0.64
  24   48 0.72
   2    4 0.59
  23   37 0.92
   1    1 0.52
   2   28 0.09
  31   49 0.48

  14   20 0.14
  13   27 0.13
  18   24 0.29
  16   37 0.11
  12   24 0.91
  20   32 0.36
  26   47 0.61
  32   45 0.35
  10   35 0.97
  35   64 0.27
  10   17 0.19
  22   38 0.94
  25   40 0.44
  16   50 0.67
  22   23 0.88
  18   45 0.87
   4   26 0.37
   1   17 0.60
  11   31 0.66
  36   37 0.58

