4 25 8
12   16  16  10  20  10   4  16  10  16   2   2  10

   5   25 0.67
  34   44 0.88
  34   45 0.97
  37   41 0.82
  21   21 0.60
   7    8 0.23
  35   57 0.90
  18   41 0.34
  27   28 0.57
  43   63 0.61
   8   12 0.67
  41   45 0.61
  43   50 0.64
  46   53 0.56
  21   39 0.90
  46   61 0.23
  40   46 0.95
   1   22 0.69
  38   58 0.79
  12   13 0.17
   0    8 0.16
  22   46 0.50
   5   23 0.74
  24   46 0.50
  46   50 0.16

  42   46 0.04
   9   17 0.38
   8   19 0.83
  34   54 0.61
  40   55 0.93
   1   12 0.92
  41   48 0.09
  24   33 0.69
  30   50 0.72
  42   44 0.50
  39   48 0.76
  16   21 0.76
  48   71 0.27
  37   61 0.44
  39   40 0.82
  36   44 0.70
  40   43 0.27
  39   53 0.47
  12   12 0.48
  27   44 0.01
  38   50 0.80
  38   50 0.73
  21   38 0.65
  41   42 0.16
  10   30 0.87

   2    5 0.77
  21   33 0.85
  15   19 0.49
   1   23 0.67
  32   52 0.92
  41   54 0.60
   5    8 0.27
  47   62 0.17
  48   63 0.46
  29   50 0.55
  28   29 0.67
  14   30 0.28
  40   59 0.01
  23   28 0.18
  50   53 0.16
   7   27 0.05
  47   51 0.75
  30   30 0.56
   4   19 0.33
  16   33 0.12
  31   34 0.87
  50   70 0.27
  16   27 0.22
  17   32 0.74
  25   48 0.94

  17   29 0.92
   8   27 0.46
  33   52 0.69
  24   28 0.54
  31   53 0.09
  45   64 0.11
  31   36 0.81
  11   23 0.59
   1    6 0.83
   8   23 0.42
  10   29 0.36
  47   48 0.81
  23   27 0.35
  47   60 0.98
  26   36 0.85
  11   12 0.10
   8   18 0.64
  38   52 0.83
  17   28 0.17
  45   63 0.80
  31   42 0.87
  41   57 0.68
   3   26 0.43
  21   40 0.37
   6   26 0.18

   5   22 0.29
  12   31 0.56
  49   59 0.81
   4   28 0.21
   0    1 0.65
   9    9 0.61
   2    3 0.32
   8   32 0.71
  43   43 0.08
  49   53 0.79
   6   10 0.81
   4   10 0.92
  30   54 0.31
  40   46 0.56
  28   37 0.55
   0   17 0.75
  13   15 0.64
   4   25 0.29
  44   65 0.46
  46   63 0.75
  40   61 0.88
  44   51 0.36
  39   41 0.68
  37   40 0.40
  45   50 0.78

  14   28 0.23
  45   53 0.33
   0   20 0.15
  47   60 0.06
  36   59 0.37
  20   30 0.28
  16   27 0.66
  45   55 0.34
  26   35 0.23
  43   58 0.03
  49   70 0.09
  18   24 0.72
   8   21 0.10
  39   50 0.49
  34   45 0.34
  14   20 0.41
  25   43 0.16
  37   42 0.10
   9   29 0.43
  45   65 0.84
  46   70 0.15
   2   26 0.19
  16   21 0.38
  44   55 0.86
  13   30 0.30

  38   48 0.03
  46   55 0.99
  43   57 0.81
  17   40 0.21
   4   26 0.53
   0   10 0.89
  35   42 0.51
  16   28 0.91
  38   53 0.04
   6   29 0.58
  36   45 0.29
   2    8 0.07
  36   37 0.68
  33   36 0.44
  49   62 0.23
  49   71 0.91
  41   64 0.41
  39   51 0.21
   9   18 0.66
  11   12 0.45
  12   13 0.93
  21   28 0.42
  35   52 0.96
  43   62 0.61
  38   40 0.45

  29   33 0.12
  25   44 0.95
  40   53 0.91
  19   28 0.04
  21   31 0.50
  43   58 0.85
  33   55 0.09
  42   45 0.44
  26   31 0.21
   8   19 0.77
  27   51 0.33
  18   32 0.29
  40   58 0.53
  22   27 0.42
   2   24 0.81
  47   57 0.20
  15   20 0.96
  42   66 0.53
  37   41 0.70
  48   49 0.72
   3   26 0.37
  23   28 0.05
  33   38 0.85
  17   39 0.59
  45   49 0.51

  10   10 0.27
  23   30 0.87
  40   59 0.39
  50   65 0.94
  21   44 0.97
   6   12 0.21
   4   17 0.65
  34   43 0.77
  26   39 0.74
  44   46 0.52
  48   56 0.54
  16   26 0.00
  29   39 0.67
   3   27 0.53
  16   17 0.73
  50   70 0.76
  28   39 0.33
   3   10 0.91
  22   32 0.20
  46   48 0.22
   2    7 0.92
  24   40 0.36
  41   45 0.83
   1    2 0.01
  13   17 0.86

  26   35 0.78
  40   40 0.17
  31   53 0.67
   4    8 0.59
   7   16 0.84
  19   34 0.68
  26   30 0.45
  21   41 0.84
  33   39 0.56
  43   45 0.92
  20   39 0.25
  46   56 0.37
  35   50 0.42
   6    6 0.32
  32   39 0.36
  43   48 0.24
  38   49 0.65
  44   47 0.77
  26   50 0.85
  29   38 0.86
  12   35 0.92
  46   59 0.73
  45   47 0.25
  35   35 0.21
  14   33 0.16

  46   70 0.42
  33   57 0.87
  47   52 0.44
  23   32 0.81
  37   58 0.75
   6   27 0.69
  42   59 0.53
  43   54 0.10
  37   53 0.75
  38   56 0.04
   6   26 0.01
  42   42 0.41
  16   36 0.90
  29   46 0.09
  33   40 0.56
   8   15 0.39
   5   24 0.84
  12   24 0.21
  31   55 0.79
  48   50 0.92
   8   17 0.80
  21   41 0.47
  11   20 0.58
   9   17 0.94
  46   62 0.08

   1   11 0.39
  20   31 0.90
  41   64 0.11
  36   57 0.05
  27   33 0.18
  31   53 0.67
   6   27 0.60
   5   13 0.10
  46   58 0.47
   7   16 0.14
  40   57 0.55
  25   47 0.89
  34   37 0.16
   9   25 0.97
  38   38 0.83
  46   56 0.78
   2   10 0.50
  22   30 0.51
  27   51 0.35
   1   12 0.23
  38   43 0.38
  31   45 0.79
  26   29 0.21
  24   41 0.11
  31   46 0.65

