4 25 8
12   10  16  16  10   4   4   2  16  20   4  10  10

  12   71 0.90
  43  111 0.72
  31   56 0.09
   3   18 0.34
  42  111 0.93
  63   73 0.71
  26   56 0.47
  52  114 0.20
  29   56 0.35
  15   56 0.38
  32   66 0.26
   6   43 0.66
  13   78 0.46
  17   70 0.71
  63   75 0.80
   5   65 0.62
  64   72 0.01
  31   32 0.15
   5   51 0.68
  45  115 0.11
  28   77 0.78
  24   33 0.43
  10   62 0.06
  23   81 0.94
  62  104 0.32

  23   29 0.93
  28   46 0.97
   2   54 0.25
  24   81 0.92
  61  125 0.16
   1   44 0.52
  53   92 0.88
  33   90 0.01
  46  114 0.21
  51  104 0.94
  12   24 0.34
  11   68 0.61
  18   42 0.96
  58   59 0.94
   7   69 0.57
  10   70 0.39
  56   71 0.10
   0   34 0.13
  45   55 0.65
  38   61 0.74
  66  129 0.60
  44   53 0.29
  51   67 0.83
  25   47 0.36
  53  118 0.77

  55   91 0.70
  50   76 0.97
  29   30 0.27
  54   89 0.72
  47  110 0.60
  38  101 0.96
  46   70 0.98
  53  115 0.73
  36   96 0.61
  57   81 0.57
  16   44 0.04
  10   35 0.57
  64  116 0.59
  70   94 0.01
  59  116 0.05
  52   66 0.10
  40   77 0.36
   2   18 0.88
  50   70 0.90
  33   77 0.20
  23   68 0.80
  69  125 0.47
  33   55 0.22
  58  127 0.25
  59  118 0.79

  66  111 0.37
  24   53 0.09
  12   51 0.43
  69  121 0.44
  43   44 0.14
  18   68 0.52
  45   48 0.24
  69  120 0.74
  25   48 0.17
  38   62 0.25
  21   69 0.61
  36   89 0.45
  43   98 0.00
   8    9 0.72
  49   66 0.36
  35   57 0.07
  10   38 0.62
  45  106 0.47
   1   50 0.19
  12   50 0.60
  25   89 0.45
  24   45 0.15
  39   68 0.28
  69   97 0.95
  23   50 0.32

  45  100 0.83
  17   52 0.35
  20   51 0.14
  47   97 0.35
  34   97 0.89
   9   12 0.73
  59   65 0.44
  51   74 0.64
  65  123 0.33
  60   68 0.19
  32   32 0.49
  14   79 0.48
  36   52 0.53
  51  108 0.23
  42   61 0.66
  39   86 0.43
  14   23 0.79
  14   50 0.29
  36   94 0.74
  54  120 0.61
   1   35 0.70
   7   30 0.41
  27   50 0.68
  21   78 0.42
   3   13 0.56

  51   75 0.47
   7   58 0.35
  66   75 0.08
  51   98 0.29
  42   90 0.59
  48   93 0.90
  18   71 0.42
  58  122 0.80
  61   70 0.22
   1   62 0.52
  15   52 0.19
   6   19 0.31
  25   71 0.45
  11   36 0.23
  20   29 0.72
   2   65 0.69
   1    9 0.45
  45   67 0.80
  49   85 0.74
  15   35 0.67
  64   66 0.79
  52   74 0.67
  50   68 0.92
  49   96 0.93
  25   27 0.81

  40   79 0.75
  31   45 0.55
  20   26 0.58
  60   78 0.41
  32   72 0.40
   1   67 0.43
  68   68 0.71
   7   37 0.69
  40   65 0.07
  38   89 0.38
  27   51 0.02
  14   50 0.22
  17   34 0.39
  69  132 0.39
  69  106 0.90
  19   85 0.41
   1   57 0.58
  70  139 0.57
  54  108 0.28
  35   57 0.95
  16   50 0.26
  22   54 0.27
  58   75 0.70
  57   73 0.20
  12   78 0.52

   0    5 0.98
  40   95 0.71
  69  139 0.91
  29   35 0.53
  54  122 0.14
  12   39 0.84
  52   82 0.01
  46   94 0.51
  56  102 0.22
  36   46 0.26
   7   14 0.59
  58  120 0.47
   1   21 0.52
  53   81 0.64
   6   61 0.92
  66  125 0.81
  50   96 0.71
  28   76 0.35
   8   73 0.98
   3   21 0.48
  46  114 0.77
  57  110 0.60
  34   60 0.99
  12   74 0.07
   0   36 0.31

  15   65 0.40
  68  106 0.44
  58   80 0.23
   1   56 0.03
  29   78 0.98
  33   95 0.29
  52   84 0.22
  58  112 0.54
   2    5 0.64
  42   62 0.92
  60   91 0.67
  41   57 0.42
  24   59 0.95
  65  104 0.20
  54   78 0.20
  52   65 0.18
  70  138 0.13
  64  120 0.48
  61  111 0.41
  69   94 0.28
  52   52 0.48
  53  110 0.76
  48  115 0.74
  16   30 0.71
  38   44 0.90

  29   47 0.70
  52   72 0.90
  29   44 0.25
  65  125 0.74
  12   58 0.57
   4   19 0.25
   2   67 0.11
  20   62 0.56
  30   48 0.43
  32   93 0.47
  10   21 0.11
  22   80 0.16
  61  102 0.72
  35   94 0.30
   2    4 0.33
  46  116 0.99
  19   58 0.46
  44  103 0.11
  39   39 0.77
  17   49 0.46
  44  110 0.90
  66   68 0.08
  67  101 0.96
  45   71 0.48
  14   32 0.27

  19   24 0.01
  43   89 0.05
  10   32 0.70
  51  101 0.95
  56   82 0.40
   9   40 0.22
  14   77 0.78
   3   25 0.87
  19   63 0.65
  28   91 0.56
  22   52 0.48
   3   49 0.54
  53  103 0.42
   7   65 0.28
   0   28 0.11
   5   29 0.45
  34   83 0.26
  59   70 0.38
  69  135 0.20
  33   74 0.96
  21   83 0.56
  18   57 0.82
  52  119 0.11
  62  119 0.52
   4   61 0.47

   2   60 0.29
  24   89 0.90
   9   66 0.08
  54   97 0.88
  56   59 0.30
   6   49 0.10
  17   68 0.14
   3   51 0.68
  42  102 0.90
  44   76 0.15
  20   38 0.38
  20   61 0.87
   9   61 0.00
  34   64 0.28
  21   45 0.29
  27   73 0.33
  49   67 0.49
  32   83 0.75
  36   66 0.79
  24   34 0.03
  68  108 0.33
   5   21 0.62
  56   57 0.33
   2   43 0.15
  54   83 0.82

