3 60 4
3   20  10  16

  11   99 0.29
   8   64 0.61
  46  110 0.82
  43  145 0.27
  46  130 0.99
  44  194 0.57
  19  166 0.57
  30  176 0.30
  12  182 0.09
  21   56 0.21
  25  133 0.45
  31  199 0.87
   0   76 0.41
   9  147 0.60
  27   48 0.41
  24  131 0.92
  37  108 0.80
  27   76 0.04
  34  144 0.26
  11  138 0.67
   6  118 0.30
  42   99 0.62
  21   47 0.59
  11   59 0.03
  55  112 0.76
  23   44 0.52
  36  114 0.01
   1  158 0.95
  32  190 0.75
  11   82 0.79
  46  107 0.34
  41  184 0.47
  56  126 0.02
   6   33 0.65
  25   31 0.09
  29  166 0.36
  17   72 0.17
  44  166 0.03
  28  174 0.34
  12   90 0.03
  38  144 0.31
  54  225 0.74
  26  124 0.67
  21   58 0.21
  23  188 0.23
  43  190 0.27
  18  178 0.91
  46   54 0.70
  13   92 0.59
  11  130 0.77
  34   41 0.94
  20   20 0.71
  24  185 0.69
  13   70 0.71
  34  178 0.53
  29  192 0.48
   5   47 0.56
  54  164 0.06
  43  169 0.14
  15   71 0.55

  26   53 0.30
  32   91 0.72
  32  174 0.59
  13  123 0.85
  11   85 0.82
  52   54 0.52
  43  115 0.52
  16  158 0.42
  20  107 0.51
  51  183 0.65
  33   50 0.18
  56   67 0.15
  16  116 0.29
  22   53 0.58
  20   94 0.78
  12   31 0.45
  28   72 0.65
   8  133 0.32
  18  102 0.73
  24   96 0.65
  55  100 0.68
  14   89 0.34
  16  100 0.06
  52  207 0.75
  54  110 0.57
   8   34 0.43
   0  165 0.69
  40  160 0.57
  45   74 0.07
  10   87 0.10
  50  126 0.29
  48  186 0.96
  48  195 0.67
   9   88 0.30
  10   98 0.85
  17   22 0.95
   7   35 0.27
  12   19 0.49
  20   58 0.02
  54  219 0.78
  10  111 0.83
  37  161 0.49
  15  142 0.17
   9   70 0.29
  48  125 0.80
  14   87 0.76
   9  121 0.47
  45  125 0.47
  13  113 0.37
  11   96 0.49
   9   70 0.72
  46  121 0.14
  12  150 0.08
  42  213 0.31
  16   21 0.80
   0   40 0.55
  44  156 0.58
  39  153 0.95
  18   91 0.48
  21  119 0.76

   4   68 0.59
  28  152 0.52
  17   37 0.54
   7   80 0.96
  22  158 0.52
  13  148 0.21
  30  112 0.43
  54  109 0.43
  35  120 0.42
  36  131 0.77
   9   69 0.40
  27  194 0.63
  22  139 0.87
  23   44 0.18
  28  179 0.34
  37   90 0.43
  18   46 0.99
  29  196 0.36
   1   65 0.57
  10  124 0.22
   9  135 0.65
  18  128 0.08
  25   36 0.72
  49  143 0.74
  17   86 0.81
   6  175 0.97
  18   89 0.19
  41   89 0.99
  36  177 0.56
   3   22 0.98
  25  117 0.93
  39  196 0.09
  12   88 0.46
   1  140 0.88
  41  127 0.48
  50  102 0.73
  49  188 0.41
  25  151 0.33
  19  141 0.70
   8   24 0.55
   9  125 0.00
  43  128 0.70
  26  181 0.57
   6  117 0.56
  18   97 0.97
  31  191 0.17
  35   46 0.05
  20  126 0.39
  33  112 0.73
  31  162 0.79
  28  102 0.77
  41  134 0.48
  25   50 0.63
  32   35 0.92
  36  138 0.88
  28  196 0.40
  45   80 0.33
  19  137 0.31
  39  143 0.05
  23   81 0.06

