4 40 4
6   10  10  10   2  16   4

   3   53 0.62
  62   91 0.04
   5   63 0.45
  42   50 0.40
  21   40 0.43
   9   19 0.25
  92  110 0.54
  89  119 0.00
  85   93 0.70
  56   93 0.15
  48   53 0.16
  47   94 0.87
  95   98 0.49
  28   87 0.55
  94  136 0.75
  45   91 0.69
  49   68 0.95
  83  147 0.77
  57   89 0.91
  90  141 0.49
  63  108 0.99
  40   59 0.98
  84  132 0.02
  55   61 0.41
  90  115 0.97
  92   93 0.08
  51  104 0.33
  31   49 0.43
  80  116 0.13
  13   31 0.13
  38   56 0.72
   7   40 0.75
  51   98 0.25
  32   52 0.45
  35   97 0.44
  90  120 0.37
  14   39 0.23
  61  121 0.32
   6   58 0.29
  62   72 0.05

  37   61 0.42
  69   71 0.14
  54   75 0.25
  60   82 0.44
  38   40 0.95
  63   87 0.37
  20   81 0.40
  60   77 0.89
  11   48 0.88
  73  102 0.83
  88  111 0.41
  30   89 0.80
  14   53 0.65
  46   63 0.86
  60   67 0.96
  36   80 0.98
  38   80 0.30
  38   54 0.24
  16   21 0.08
   8   35 0.13
  37   95 0.32
  84  141 0.43
  19   66 0.23
  76  118 0.42
  21   59 0.14
  43   97 0.11
  49   90 0.79
   1   54 0.52
  38   39 0.36
  38   71 0.62
  81   97 0.12
  14   31 0.59
   5   24 0.38
  87  103 0.57
  60   93 0.96
   9   56 0.49
  36   40 0.37
  60   87 0.80
  45  107 0.86
  46   82 0.68

  16   56 0.67
  37   71 0.32
  76  133 0.59
  74   94 0.49
  23   52 0.47
  37   67 0.23
  94  129 0.17
  73  110 0.11
  12   68 0.60
  78  102 0.53
  43   62 0.40
  16   39 0.84
  84  112 0.11
  78   84 0.56
  84  110 0.26
  87  122 0.35
  92   93 0.78
  15   52 0.33
  42   64 0.82
  11   24 0.78
  88   89 0.82
  51   79 0.85
  92  119 0.49
  24   29 0.86
  57   74 0.39
  45   45 0.89
  59  111 0.65
  84  133 0.67
  74  105 0.75
  62  124 0.27
  13   19 0.37
  82   98 0.23
  43   80 0.81
  75  125 0.97
  88  112 0.29
   1   32 0.37
  37  100 0.96
  42   84 0.02
  12   71 0.77
  52   99 0.02

  80   84 0.47
   4   43 0.06
   9   71 0.03
   6   32 0.23
  85  124 0.77
  24   51 0.74
  71  110 0.51
  57   84 0.48
  41   98 0.28
  54   71 0.62
  17   38 0.89
  68   81 0.77
  24   67 0.18
  68  121 0.86
  86   86 0.46
   4   45 0.63
   6   16 0.17
  39   51 0.86
  27   57 0.39
  59  101 0.33
  96  148 0.28
  49  105 0.69
  69  103 0.41
   8   31 0.88
  60   97 0.46
  96  133 0.43
  34   84 0.07
  17   58 0.54
  41   45 0.65
  23   43 0.63
  20   51 0.76
  77  105 0.39
  23   30 0.50
  57   61 0.53
  29   66 0.76
  81   87 0.98
  85  130 0.75
  39   40 0.23
  82   93 0.60
  48   84 0.61

  25   40 0.13
  65  114 0.81
  68   95 0.44
  34   67 0.83
  74   74 0.08
   8   25 0.61
  80   94 0.01
  77  129 0.89
  28   91 0.83
  85   95 0.48
  23   28 0.72
  56   57 0.83
  62  122 0.65
  83  122 0.07
   6   62 0.06
  29   88 0.21
  82  107 0.69
  26   29 0.69
   8   70 0.57
  52   75 0.23
  18   74 0.69
  11   43 0.58
  25   78 0.06
  88  146 0.12
   2   58 0.61
  11   46 0.92
  27   49 0.47
  89  103 0.49
   2   36 0.61
  58  106 0.12
  84  131 0.03
   9   51 0.73
  53   88 0.76
  14   50 0.35
  85   98 0.31
  95  101 0.00
  73  127 0.03
  72  107 0.14
  68   98 0.32
  52   52 0.44

  54   61 0.42
  26   33 0.71
  31   70 0.19
  75   88 0.62
  52   93 0.01
  66   97 0.57
  15   71 0.28
  15   74 0.30
  35   63 0.99
   6   19 0.98
  83  104 0.19
  66   95 0.61
  10   69 0.30
   9   39 0.15
  66  108 0.47
  27   34 0.99
  66  114 0.69
  66  102 0.52
  68   91 0.44
  47   89 0.21
  50   98 0.78
   6   19 0.93
  12   70 0.58
  93  129 0.68
  63   79 0.30
   3   56 0.92
  76   89 0.11
  10   19 0.98
  91  146 0.04
  82  140 0.64
  36   62 0.18
  63  116 0.33
   4   56 0.70
  74  134 0.46
   0   63 0.80
  35   61 0.77
  61   88 0.69
  62   93 0.42
  49   92 0.64
  65  104 0.77

