4 80 4
3    2  16   2

  12   70 0.93
  11   78 0.54
  20   85 0.71
   3   32 0.85
  11   17 0.92
   9   79 0.56
  23   84 0.79
   5   35 0.51
  10   64 0.78
   4   46 0.25
   2   15 0.36
   8   65 0.09
  24   36 0.36
   4   75 0.84
  10   14 0.03
  15   55 0.93
  10   33 0.31
  17   34 0.27
  14   20 0.08
  11   73 0.29
   4   31 0.46
   9   67 0.35
   2   39 0.44
   3   17 0.27
   4   45 0.71
  11   75 0.59
  18   58 0.59
   2    6 0.17
   9   40 0.75
  19   51 0.33
   0   33 0.09
  17   20 0.59
  12   59 0.54
  14   23 0.90
  21   90 0.93
   9   29 0.00
  17   77 0.87
   1   75 0.47
   9   44 0.66
  14   34 0.67
  21   93 0.96
  23   56 0.92
  10   38 0.54
  21   66 0.54
   9   73 0.65
  12   70 0.64
  16   90 0.04
   5   21 0.14
  12   74 0.20
   4   22 0.66
   4   53 0.41
  11   51 0.81
  15   20 0.96
  22   96 0.59
  17   68 0.25
  23   82 0.33
   6   45 0.00
  13   23 0.00
  10   75 0.71
   4   48 0.02
  24   97 0.66
   6   75 0.21
  11   35 0.99
   7   45 0.46
   1   71 0.32
  18   20 0.18
  15   88 0.23
  11   27 0.19
  16   72 0.87
   4   41 0.14
  13   46 0.44
  18   71 0.13
  14   47 0.43
   7    9 0.69
   3   12 0.66
   9   13 0.36
   4   75 0.05
   2   17 0.95
  13   68 0.73
   5   28 0.17

  13   67 0.42
  20   86 0.33
   8   58 0.46
   4   55 0.16
   8   27 0.52
  16   72 0.38
  19   26 0.29
  20   32 0.65
  16   25 0.66
   5   29 0.95
   4   21 0.49
  18   66 0.16
  20   61 0.85
   4   15 0.75
  24   54 0.65
   7   66 0.30
   7   55 0.84
  18   79 0.83
  11   19 0.12
   5    5 0.13
  18   77 0.92
   4   58 0.76
  23   33 0.36
  22   33 0.45
   4   47 0.01
  21   76 0.65
   7   81 0.79
  22   68 0.29
   2   10 0.92
   9   42 0.46
   4   14 0.59
  16   85 0.08
   8   58 0.54
   1   36 0.73
  12   86 0.66
  10   40 0.12
  15   35 0.28
   2   72 0.69
   2   31 0.44
  16   26 0.60
   0   64 0.40
  23   64 0.73
  19   30 0.75
   1   40 0.20
  16   88 0.63
   0   46 0.94
   2   38 0.08
  19   68 0.86
  16   20 0.39
  11   82 0.00
  21   65 0.93
   0   67 0.64
   9   65 0.30
  13   42 0.09
  17   31 0.27
  21   54 0.85
  14   30 0.00
  23   30 0.55
   8   57 0.86
  23   60 0.79
   2   73 0.55
  22   33 0.11
   4    5 0.13
   1   69 0.28
  14   57 0.57
   0   37 0.70
   9   36 0.94
  16   48 0.23
   2    8 0.30
   3   14 0.35
  12   71 0.89
  22   69 0.86
   9   67 0.69
  24   69 0.61
  10   38 0.20
  16   50 0.19
  15   69 0.55
   7   20 0.31
  23   27 0.92
   3   29 0.16

   4   10 0.31
   1   60 0.53
   7   74 0.50
   7   21 0.66
  13   26 0.18
  14   63 0.42
  17   47 0.37
  14   71 0.44
   7   47 0.39
  13   60 0.55
   2    9 0.94
   8   63 0.11
   6   80 0.80
  17   56 0.33
  22   73 0.16
  19   86 0.41
  20   32 0.89
   1   27 0.74
  19   85 0.01
  11   32 0.82
   9   12 0.53
  10   28 0.08
  15   28 0.49
   6    7 0.03
  24   45 0.75
   7   51 0.91
  12   12 0.62
   3   22 0.26
   7   24 0.79
  17   54 0.21
  12   39 0.80
   0   29 0.50
   1   54 0.06
  20   81 0.63
   9   59 0.46
  24   88 0.60
   7   63 0.62
  24   46 0.17
  18   82 0.17
   4   49 0.97
   4   28 0.26
  22   24 0.81
  24   40 0.60
  18   30 0.97
   1   46 0.76
  17   60 0.45
  18   32 0.79
   5   78 0.75
  19   29 0.32
  19   49 0.43
   8   60 0.12
  21   61 0.69
   0    8 0.16
   8   69 0.45
   1   75 0.75
   1   65 0.99
  17   45 0.85
  10   59 0.68
  10   84 0.34
  22   82 0.68
  13   85 0.38
   9   49 0.24
  14   33 0.37
  22   69 0.13
  20   69 0.78
   3   29 0.21
  16   69 0.62
   1   49 0.26
  20   85 0.63
  19   71 0.73
  10   42 0.16
   8   57 0.81
   1   45 0.41
   5   57 0.22
  21   34 0.55
  17   42 0.52
  20   39 0.11
  10   38 0.97
  22   33 0.83
  23   83 0.53

