3 20 8
12    2   4  16   4  16  16  10   4   2   4  10  10

  14   22 0.93
  20   68 0.75
  16   74 0.14
  29   35 0.01
  39   96 0.06
  23   56 0.12
  35   84 0.10
   9   56 0.58
  19   59 0.45
  13   63 0.48
  34   53 0.65
   2   37 0.54
  13   68 0.00
  39   68 0.71
  12   42 0.56
  21   32 0.14
  14   14 0.53
  19   37 0.98
  12   45 0.06
  32   38 0.49

  22   69 0.87
  16   63 0.24
  35   60 0.70
   3   39 0.95
  35   43 0.95
  33   42 0.65
  22   74 0.35
  12   46 0.85
   0   54 0.57
  14   31 0.35
  36   93 0.89
  39   85 0.86
  16   40 0.25
  31   54 0.65
  27   35 0.90
  36   85 0.52
  19   65 0.23
   9   16 0.53
  12   60 0.26
  34   82 0.48

  16   26 0.65
   5   46 0.61
  20   38 0.23
   5   13 0.34
  20   40 0.97
   7   62 0.04
  28   64 0.17
  35   83 0.53
   2   45 0.67
  36   81 0.38
  12   30 0.97
  36   60 0.94
  36   70 0.05
   7   60 0.82
  35   43 0.75
   2    9 0.67
  33   62 0.56
  20   47 0.70
  27   36 0.45
  22   67 0.62

   0   20 0.56
   5   47 0.57
  35   58 0.46
  29   37 0.74
  20   37 0.55
  28   60 0.88
   5   55 0.55
  34   34 0.26
   0   12 0.62
  18   21 0.26
   2   28 0.20
  13   65 0.88
  37   41 0.57
  16   60 0.29
  34   57 0.98
   4   22 0.68
   2   38 0.57
  11   28 0.52
   8   60 0.96
  32   69 0.28

  28   67 0.35
  20   46 0.03
  30   38 0.98
  35   73 0.46
  30   34 0.35
   7   27 0.00
  29   60 0.34
  23   65 0.97
  18   32 0.09
  28   61 0.04
  32   56 0.22
  33   34 0.29
  17   48 0.03
  36   94 0.69
   2   56 0.77
  23   61 0.47
   9   59 0.79
  21   39 0.57
  21   58 0.34
  16   26 0.31

   5   58 0.47
   1   12 0.87
  37   60 0.18
  26   44 0.74
  25   50 0.86
  11   66 0.33
  36   59 0.84
   1   59 0.06
  37   62 0.64
  19   64 0.06
  32   32 0.86
   6    9 0.52
   2   18 0.38
  35   55 0.82
   2   60 0.89
  20   47 0.42
  19   53 0.99
  11   43 0.83
   0    5 0.09
   2   60 0.53

  39   39 0.55
  17   64 0.00
  22   60 0.35
  37   48 0.13
  37   37 0.29
  20   21 0.28
   0   54 0.88
  14   63 0.99
   6   55 0.30
  33   36 0.35
  36   77 0.31
  27   63 0.99
  25   83 0.56
   6   27 0.57
  22   61 0.80
  17   68 0.74
  19   63 0.91
  32   58 0.69
  36   81 0.26
  26   62 0.57

   7   22 0.59
   8   53 0.91
  35   93 0.07
  11   56 0.07
  37   79 0.59
  26   27 0.10
  17   53 0.26
  16   60 0.76
  37   57 0.68
   8   41 0.66
  21   47 0.22
  35   44 0.76
  22   56 0.01
   3    8 0.49
  20   58 0.68
   2   17 0.38
  26   29 0.46
  19   38 0.25
  14   22 0.45
  32   77 0.04

  37   73 0.07
   9   31 0.67
  25   29 0.58
  38   56 0.85
  38   73 0.23
  34   41 0.52
  37   64 0.96
  18   29 0.68
  21   63 0.44
  22   44 0.12
  31   36 0.12
  16   31 0.90
   6   26 0.65
  33   61 0.95
  34   52 0.06
  16   36 0.87
  13   66 0.18
   8   52 0.08
  27   74 0.13
  15   35 0.02

  27   49 0.35
  32   35 0.18
  35   57 0.91
  26   33 0.76
  24   35 0.19
  19   58 0.85
  35   84 0.45
   7   19 0.48
  18   73 0.91
  11   16 0.81
  28   59 0.13
  13   14 0.04
  13   53 0.50
  12   39 0.13
  13   45 0.06
  39   82 0.08
   3   39 0.99
  20   55 0.91
  33   51 0.45
  29   50 0.05

  22   49 0.54
  13   14 0.58
  16   24 0.38
  27   55 0.59
  20   63 0.26
  22   39 0.73
  20   38 0.29
  36   67 0.55
  19   59 0.03
   6   15 0.11
   7   13 0.97
  33   53 0.26
  37   61 0.79
   2    8 0.38
  19   37 0.29
  38   97 0.78
   6   16 0.90
   0   50 0.60
  11   41 0.38
  22   44 0.79

   3   48 0.51
  28   29 0.51
  25   44 0.80
   7    8 0.89
  14   30 0.68
  10   56 0.16
   7   55 0.13
   8   47 0.01
  24   77 0.25
  20   56 0.91
  26   30 0.70
  17   74 0.11
   6   29 0.36
  14   50 0.85
  12   29 0.84
  11   33 0.82
   0   35 0.75
  16   58 0.46
  18   38 0.78
  17   24 0.50

