3 60 8
3   10  10  16

   7   33 0.62
  46   88 0.40
  48   59 0.45
  66   67 0.38
  36   55 0.35
  38   80 0.88
  53   53 0.47
  24   36 0.24
  19   27 0.74
  36   41 0.58
  31   44 0.36
  64   77 0.30
  54   54 0.28
  66   68 0.17
  54   78 0.32
   4   48 0.27
  24   43 0.98
   2   34 0.24
  54   82 0.69
  17   25 0.06
  42   83 0.71
  43   59 0.57
  12   33 0.24
   5   48 0.63
  16   52 0.43
  39   51 0.68
  14   56 0.60
  42   82 0.24
  47   86 0.38
   8   26 0.19
  48   65 0.96
  61   85 0.39
  35   43 0.28
  11   49 0.23
  33   69 0.44
  44   49 0.75
  16   49 0.72
   8   36 0.12
  34   38 0.26
  32   32 0.53
  11   30 0.27
  38   38 0.41
  34   41 0.37
  24   67 0.54
  29   38 0.74
  57   85 0.38
  16   57 0.73
  19   48 0.62
  30   40 0.23
  44   60 0.26
  53   73 0.48
   1   14 0.88
   9   18 0.52
   4   12 0.91
  16   32 0.34
  17   37 0.99
  22   46 0.02
  52   63 0.80
   0   41 0.65
  19   44 0.59

  26   55 0.72
   9   28 0.34
  61   98 0.55
   4   19 0.40
  21   63 0.98
  53   91 0.38
  28   38 0.26
  62   79 0.26
  20   32 0.60
  54   82 0.82
  22   52 0.56
  56   80 0.83
  15   36 0.22
  63   85 0.61
  23   51 0.99
   8   49 0.13
  66   66 0.14
  37   78 0.56
  41   77 0.75
   3   36 0.63
  37   75 0.57
  58   98 0.67
  51   73 0.08
   7   20 0.46
  42   84 0.33
  23   42 0.48
  40   55 0.74
  33   65 0.03
  62  103 0.15
  30   73 0.14
  20   41 0.07
   2   11 0.36
  43   76 0.52
  23   62 0.61
   5    5 0.42
   7   42 0.43
  65   66 0.89
  50   77 0.88
  53   87 0.65
  44   88 0.82
   1    9 0.92
  59   66 0.07
  13   18 0.32
  42   47 0.84
  19   55 0.67
  51   55 0.83
  43   67 0.27
  49   52 0.31
  49   82 0.24
  30   38 0.39
   6   17 0.19
  33   39 0.47
  22   58 0.50
  10   32 0.12
  50   55 0.63
  34   50 0.49
  12   27 0.50
  57   90 0.67
  38   64 0.89
  35   44 0.36

  37   50 0.46
   8   44 0.74
  55   94 0.51
  59   97 0.12
  17   29 0.13
  49   57 0.89
   5   38 0.07
  29   60 0.32
  34   48 0.20
  58   78 0.62
   8   45 0.15
  57   98 0.55
  35   78 0.11
  44   45 0.63
  34   58 0.43
  29   38 0.37
  36   72 0.15
  33   72 0.18
  18   34 0.09
  48   54 0.24
  59   72 0.98
  53   91 0.90
  18   52 0.10
  19   59 0.96
  66   76 0.88
  30   30 0.05
  40   62 0.38
  21   24 0.26
  60   80 0.53
  51   78 0.57
  50   93 0.83
   2   33 0.32
   3   37 0.28
   7   25 0.15
  37   81 0.69
   6   39 0.32
  47   55 0.11
   3   20 0.37
  24   49 0.84
   7    9 0.64
  12   33 0.79
  17   42 0.95
  57   66 0.41
  39   73 0.85
  41   50 0.49
  14   20 0.53
  13   56 0.74
  52   58 0.99
  25   45 0.81
  63   93 0.63
   5   42 0.09
  62  100 0.99
  18   46 0.86
   2   26 0.45
  29   54 0.55
  59   95 0.39
  60   71 0.62
  12   54 0.41
  27   34 0.73
  40   42 0.23

