3 25 8
12   16  10  10   4   4  16  10   2  10  10   4  10

  16   38 0.05
  21   25 0.37
  11   11 0.44
   9   20 0.29
   1   11 0.11
   8   10 0.36
   7   15 0.81
   4   13 0.63
  19   23 0.37
  25   33 0.19
  10   26 0.82
  16   35 0.30
  24   48 0.04
  17   31 0.24
  16   23 0.93
  26   38 0.32
   4    5 0.26
  26   37 0.89
  19   21 0.99
  11   29 0.20
  18   26 0.14
  14   27 0.38
  24   33 0.60
  24   40 0.57
  25   43 0.11

  22   33 0.56
   6   20 0.93
   5   14 0.59
   2   20 0.20
   5   31 0.52
  26   37 0.63
   0    4 0.35
  26   29 0.70
  15   32 0.95
  15   20 0.27
  11   15 0.50
  16   31 0.32
   3   12 0.12
  14   16 0.77
  16   35 0.83
   7   24 0.77
   3   20 0.19
   0    1 0.87
   4   29 0.33
  18   43 0.80
   5    6 0.43
  13   23 0.34
   4   18 0.09
  25   28 0.60
   4   15 0.07

   5   11 0.45
   0   15 0.93
  22   39 0.91
   9   34 0.68
  11   36 0.04
  13   20 0.05
   7   22 0.79
  19   34 0.55
   8   29 0.87
  22   42 0.46
   2   10 0.94
   7    7 0.09
  22   32 0.81
   0    4 0.63
  20   31 0.47
  11   24 0.70
  23   43 0.96
  16   36 0.34
  13   25 0.93
   8    8 0.82
  20   42 0.49
  19   24 0.16
   2   19 0.97
  15   17 0.82
   6   11 0.34

  25   45 0.05
   7   24 0.94
  14   22 0.40
  11   19 0.34
   3   25 0.02
  25   28 0.95
  22   32 0.25
  18   21 0.65
  25   38 0.36
   9   18 0.35
  15   36 0.86
  26   42 0.97
   8   22 0.57
  23   45 0.00
  21   45 0.72
  13   26 0.45
  26   34 0.01
  17   42 0.10
   5   16 0.07
   0   15 0.72
  19   25 0.15
  25   46 0.34
  21   47 0.46
   4   10 0.44
  17   38 0.51

  13   33 0.91
  20   45 0.17
  15   18 0.17
  10   33 0.46
   4   25 0.68
  14   23 0.11
   8   30 0.31
  20   23 0.12
   3   20 0.02
   4   10 0.06
  26   41 0.43
   1   12 0.31
   9   10 0.51
   0   26 0.76
   7   24 0.13
  20   23 0.22
  22   34 0.08
   8   10 0.83
  20   29 0.98
  21   31 0.15
  19   21 0.51
  23   42 0.11
  11   33 0.21
  15   28 0.79
  22   42 0.77

   3    6 0.83
  16   21 0.82
  17   34 0.37
  24   39 0.10
  25   29 0.38
  22   25 0.30
  19   41 0.15
  18   34 0.89
   9   35 0.67
  16   24 0.48
   5   16 0.17
   4   11 0.82
  13   35 0.43
  21   38 0.12
   8   17 0.00
  22   48 0.69
   8   34 0.17
   8   29 0.62
  21   38 0.06
   2   10 0.05
   3    8 0.27
   6   32 0.82
  13   16 0.65
  14   33 0.45
   6   22 0.00

  20   40 0.78
  12   14 0.97
  25   51 0.02
   0   10 0.10
  20   20 0.64
  14   28 0.10
   0    0 0.06
   6    6 0.84
  10   36 0.93
  20   38 0.71
  13   36 0.80
  26   31 0.94
   3   19 0.41
  17   37 0.44
  19   32 0.55
   0   22 0.97
   5   18 0.87
   5   21 0.29
   5   19 0.47
  15   15 0.14
   1   18 0.75
  15   26 0.84
   4   11 0.22
  10   18 0.31
   8   30 0.31

  17   19 0.64
  25   26 0.84
  24   27 0.43
  17   23 0.52
  25   45 0.59
  15   40 0.15
  19   43 0.60
  22   36 0.54
  16   30 0.85
  20   24 0.72
  14   23 0.66
  24   49 0.18
   7   25 0.33
   0    7 0.81
   9   32 0.43
  12   14 0.74
  21   32 0.16
   8   12 0.62
  10   11 0.32
  13   16 0.88
   0   11 0.32
  21   30 0.26
  23   41 0.22
   3   19 0.22
   0    9 0.75

   6   16 0.64
   5   26 0.23
   2   15 0.78
   7   25 0.88
  23   30 0.98
   5    9 0.53
  19   26 0.06
  13   31 0.97
   8   10 0.37
   8   18 0.51
  16   21 0.67
  21   47 0.30
   7   31 0.21
  17   33 0.72
  18   24 0.22
   7   14 0.14
  11   20 0.70
  21   27 0.86
  15   33 0.54
   5   30 0.92
   9   19 0.55
  22   23 0.08
  24   48 0.32
  22   41 0.23
   8   26 0.98

  13   29 0.93
  11   22 0.80
   3   27 0.45
  14   26 0.77
  18   24 0.38
  17   28 0.21
  22   34 0.33
  16   39 0.80
   5   14 0.06
   1    4 0.07
   4   15 0.12
  10   14 0.64
  22   37 0.06
  23   26 0.87
  21   38 0.57
   3   29 0.62
   1   15 0.16
   9   17 0.34
  23   48 0.20
  17   22 0.75
   1   24 0.88
  13   24 0.86
  19   39 0.12
   8   18 0.55
  13   39 0.32

  20   29 0.42
   3    4 0.71
  12   36 0.15
  12   28 0.06
  13   28 0.25
  17   32 0.10
  18   26 0.52
  13   34 0.92
  11   17 0.53
  11   18 0.93
   0   11 0.84
   7   32 0.95
  22   44 0.28
   1   18 0.80
   1   25 0.68
  13   21 0.28
  23   46 0.75
   3   13 0.60
  21   29 0.64
   0   15 0.28
   4   12 0.81
   4    9 0.17
  18   18 0.18
  19   20 0.34
  19   34 0.87

  13   28 0.03
  25   28 0.53
  14   25 0.47
   7   22 0.98
  20   31 0.63
  14   24 0.39
  13   14 0.36
   5   23 0.08
   6   18 0.98
  16   19 0.53
  25   43 0.86
  13   39 0.51
  13   17 0.08
   7    8 0.67
  15   15 0.06
  17   24 0.07
  23   30 0.91
  23   23 0.60
  17   37 0.19
   2    4 0.66
  24   41 0.09
  11   34 0.15
  13   23 0.89
   9   15 0.25
   8   23 0.12

