5 50 4
6    2   4   4  16  10  10

  15   96 0.02
  16   64 0.10
   9   89 0.33
  19   31 0.85
  22   84 0.81
  18   38 0.99
   2   59 0.29
  27   97 0.76
  16   71 0.38
  14   95 0.59
  13   74 0.35
  12   72 0.99
   1    6 0.46
  11   46 0.10
  24   93 0.14
   0   71 0.35
  13   59 0.17
  25   98 0.60
  24   70 0.63
  10   25 0.77
  10   58 0.40
  10   10 0.22
   6   29 0.13
  24   54 0.29
  13   98 0.61
   2   29 0.30
   3   17 0.12
  17   24 0.95
  21   64 0.16
   1   81 0.26
   5   49 0.56
   0   47 0.89
  26   73 0.26
   7   34 0.01
  19   46 0.21
  15   29 0.49
   7   72 0.94
   6   83 0.14
  23   68 0.77
  15   42 0.88
  23   79 0.68
  14   89 0.93
  14   65 0.85
  27   81 0.36
   5   65 0.66
   1   62 0.24
  12   75 0.93
   8   70 0.22
   9   89 0.95
  13   93 0.62

  13   16 0.31
  21   91 0.56
  13   94 0.06
  11   21 0.33
   8   30 0.48
  26   74 0.57
   0    9 0.55
   9   73 0.25
  10   49 0.92
   1   61 0.53
   3   51 0.41
  27   71 0.87
  13   95 0.76
  11   93 0.95
   1   45 0.52
   9   21 0.76
  25   29 0.46
   5   57 0.44
  27   95 0.04
   0   72 0.83
  23   36 0.77
  20   46 0.30
   8   37 0.26
   3   86 0.64
   9   13 0.37
  14   38 0.53
   2   65 0.37
   4   59 0.98
  26   91 0.40
  17   24 0.01
  26   56 0.56
   0   68 0.66
  10   66 0.18
   0   50 0.88
  12   34 0.11
   2   12 0.62
  12   37 0.75
  12   16 0.94
  18   48 0.71
  18   59 0.97
  15   85 0.58
  25  101 0.79
  17   93 0.38
  13   65 0.36
  14   35 0.57
  17   39 0.32
  21   35 0.70
   3   11 0.69
   7   50 0.42
  24   37 0.37

   7   10 0.88
  26   90 0.54
   6   40 0.84
   9   52 0.01
  16   48 0.65
   1   76 0.56
   6   70 0.35
   8   46 0.22
  16   22 0.41
  12   29 0.20
   4   42 0.89
   1   61 0.95
   7   59 0.92
   6   31 0.86
  11   13 0.50
   0   16 0.31
  14   91 0.72
  15   30 0.45
   7   38 0.80
  18   54 0.33
  22   54 0.75
  20   52 0.62
  21   83 0.59
  23   33 0.49
   5   17 0.41
  24   45 0.69
  15   63 0.43
  17   72 0.33
   5   68 0.01
  25   95 0.09
  17   76 0.23
   0   59 0.00
   6   12 0.42
  18   42 0.50
  15   49 0.46
  22   64 0.85
  22   54 0.68
   5   63 0.20
  12   93 0.00
  25   46 0.20
  11   15 0.99
   4   44 0.54
   7   49 0.62
  11   27 0.48
   0   32 0.22
  21   95 0.32
  16   60 0.57
  13   77 0.73
  12   64 0.92
  16   52 0.29

  25   78 0.73
   0   14 0.53
  12   77 0.03
   0   74 0.00
   2   26 0.81
  24   36 0.08
  10   34 0.05
  24   66 0.22
   9   22 0.06
  10   23 0.53
   6   42 0.00
  26   69 0.20
   3   29 0.08
   9   45 0.73
  24   95 0.73
   8   20 0.09
   0   26 0.67
  11   61 0.54
  14   83 0.52
  23   33 0.98
   9   65 0.86
  21   28 0.25
  24   49 0.57
  25   72 0.43
  26   95 0.77
  14   97 0.93
  13   36 0.34
  19   55 0.10
   1   11 0.81
  20   70 0.04
  13   64 0.89
  14   25 0.39
   2   30 0.53
  26   65 0.86
  12   91 0.20
  18   91 0.51
   0   27 0.21
   1    1 0.39
  12   77 0.28
  16   55 0.10
  17   60 0.70
  18   63 0.00
  10   29 0.21
   2   74 0.85
   4   57 0.88
  23   91 0.69
  21   85 0.06
  13   19 0.13
  15   59 0.75
  20   95 0.69

  21   29 0.00
  22   54 0.96
  15   52 0.94
   8   59 0.24
  10   10 0.39
  27   71 0.45
   7   44 0.68
  12   27 0.13
  23   90 0.50
   4   41 0.50
  17   57 0.01
  27   50 0.58
   1   41 0.59
  12   57 0.47
  25  110 0.75
   8   32 0.48
   3   24 0.26
  21   94 0.50
  12   34 0.16
  20   21 0.90
   0   33 0.95
  20   44 0.62
   9   32 0.19
  16   49 0.34
   7   18 0.48
  27   34 0.54
   5   60 0.33
   6   58 0.35
   6   59 0.84
  21   92 0.19
  17   67 0.23
  17   40 0.05
  22   69 0.25
  11   26 0.11
  19   70 0.33
  22   90 0.98
  25   81 0.53
  24   72 0.22
  24   72 0.01
   4   73 0.80
  14   46 0.83
   9   85 0.80
   9   84 0.04
  12   77 0.31
  12   28 0.55
   0   76 0.69
   0   18 0.57
  18   58 0.80
   4   87 0.16
   5   78 0.63

  18   34 0.72
   3   68 0.50
  13   44 0.01
   6   18 0.50
  13   27 0.29
  12   15 0.36
  25   26 0.66
  10   92 0.33
   3    4 0.82
   2   75 0.56
  26   78 0.28
  27   45 0.66
  21   37 0.53
   2   37 0.95
  17   54 0.10
  22   91 0.06
   0    5 0.45
  19   94 0.05
  10   25 0.22
  19   89 0.23
  19   64 0.95
   2   50 0.14
  16   43 0.56
   1   29 0.90
  21   50 0.52
   2   17 0.25
  19   36 0.73
  18   67 0.29
   9   71 0.34
   8   52 0.05
  23   50 0.87
  19   52 0.44
  18   95 0.11
   1   10 0.42
   3   33 0.62
  15   33 0.58
  15   28 0.33
   6   59 0.05
  22   77 0.27
  18   85 0.59
   7    9 0.19
   7   85 0.83
  17   49 0.77
  20   25 0.72
   1   13 0.66
  11   78 0.90
  26   96 0.64
  26   33 0.03
   0   34 0.88
  23   53 0.04

