3 15 4
12   16   2  10  10  10   2   2  10  10  10  16  10

  17   18 0.24
  24   53 0.38
  36   38 0.61
  29   38 0.80
  64   75 0.41
   9   21 0.35
  30   41 0.21
   4   36 0.88
  30   57 0.72
  65   78 0.22
  10   13 0.05
  46   52 0.87
  64   92 0.35
   7   20 0.14
  15   16 0.65

  44   48 0.18
  52   70 0.13
  13   20 0.14
  32   48 0.91
  54   56 0.60
  66   71 0.41
  29   47 0.54
  28   43 0.17
  21   40 0.55
  14   36 0.99
  35   37 0.90
  52   67 0.15
  23   53 0.20
  19   22 0.52
   6   33 0.06

   1   11 0.18
  38   66 0.76
  55   82 0.86
  24   47 0.70
   1   14 0.68
  10   14 0.53
   2   30 0.61
  42   55 0.90
  37   43 0.09
  22   33 0.74
  40   49 0.12
   2    5 0.33
  29   59 0.38
  63   83 0.31
  39   53 0.70

   9   10 0.50
  29   61 0.96
  43   63 0.11
  13   18 0.43
  17   29 0.15
  54   80 0.11
  50   74 0.75
  28   40 0.94
  15   46 0.02
   3   17 0.72
  54   70 0.10
  29   61 0.58
  25   32 0.77
  54   75 0.44
  65   80 0.30

   6   28 0.96
  47   63 0.57
  57   72 0.18
  61   64 0.70
  37   40 0.06
   7   19 0.34
  44   71 0.92
  27   54 0.28
  50   64 0.73
  22   33 0.53
  24   29 0.73
  31   44 0.09
   6   33 0.87
  65   96 0.74
  58   69 0.89

  31   37 0.83
  61   68 0.21
  62   73 0.67
  43   56 0.97
  11   32 0.15
  19   44 0.39
  19   23 0.17
   6   12 0.25
  50   79 0.12
  14   44 0.16
  28   57 0.14
  24   52 0.31
  66   67 0.39
  63   72 0.67
  59   65 0.31

  60   73 0.32
  41   73 0.23
   4   16 0.99
  65   71 0.78
  49   52 0.17
  53   68 0.70
  26   32 0.68
  36   36 0.03
  10   29 0.92
  28   56 0.25
   7   19 0.86
  32   58 0.39
  53   78 0.29
  51   57 0.57
  49   62 0.42

  34   47 0.90
   5   16 0.88
   2   16 0.47
  35   55 0.41
   4    7 0.90
  38   64 0.63
  46   52 0.46
  29   55 0.40
  32   38 0.79
  42   74 0.59
   2   33 0.35
  18   21 0.78
  35   41 0.97
  44   50 0.78
  16   16 0.84

  39   47 0.80
  37   50 0.27
  53   59 0.51
   5   16 0.92
  45   47 0.31
  17   33 0.37
  20   24 0.02
  18   20 0.54
  20   44 0.74
   8   31 0.52
  32   34 0.62
  65   81 0.12
  22   50 0.75
  62   90 0.81
  42   45 0.64

  62   65 0.39
   2   14 0.03
   2    4 0.24
   8   39 0.17
  16   37 0.04
  29   58 0.20
  30   55 0.27
   2   15 0.04
   3   21 0.09
  61   66 0.46
  63   68 0.22
  17   38 0.01
  62   94 0.44
   7   39 0.96
  37   45 0.07

  20   31 0.76
  20   30 0.11
  55   55 0.69
  58   72 0.09
  60   84 0.33
  46   55 0.37
  22   40 0.70
  12   28 0.13
  25   26 0.00
  49   60 0.25
  48   73 0.14
  29   52 0.18
  24   54 0.20
  29   53 0.61
  61   91 0.56

  39   45 0.27
  58   59 0.52
  41   62 0.33
  34   53 0.56
  62   76 0.21
  37   50 0.58
  28   60 0.04
  58   66 0.53
  30   35 0.33
  53   53 0.02
  10   18 0.66
  46   49 0.38
  42   67 0.01
  25   54 0.69
   6   38 0.15

