4 100 4
3   10  16  10

  34  136 0.29
  48  145 0.45
  49   70 0.19
  17   30 0.07
  41   84 0.10
  22   68 0.41
  32   97 0.24
  32   88 0.71
   5   19 0.88
   8  105 0.97
  27   84 0.64
  12   20 0.42
  10   27 0.62
  52   78 0.39
  50  152 0.37
  36   73 0.35
  53   69 0.78
  17   37 0.96
  39  135 0.11
  34  114 0.27
  36  115 0.60
  43   60 0.13
  26   53 0.69
  39  136 0.52
  23   89 0.75
  32  121 0.12
  27   64 0.79
  52  163 0.40
  21  130 0.05
  12   45 0.42
  40   69 0.31
   4   21 0.75
  17   31 0.12
  36   92 0.16
  47  133 0.44
  41   93 0.86
  39  127 0.39
  34   57 0.55
  29  122 0.39
  44   88 0.65
  32   97 0.57
  28  101 0.92
  30  118 0.39
  33   49 0.26
  29  139 0.05
  27   51 0.00
  16   47 0.28
  19   35 0.95
  34  111 0.10
  16  105 0.09
  51   66 0.47
  20   78 0.06
  10   78 0.45
  25  115 0.38
  10   71 0.00
  24   53 0.83
  44   69 0.32
  54   65 0.88
  48   72 0.92
  50  110 0.18
  19   69 0.03
  37   79 0.97
  36   39 0.88
   7  110 0.94
   3   49 0.70
  37   88 0.28
  54  151 0.25
  35   57 0.18
   2   53 0.69
  33   87 0.61
  14   64 0.31
  24  127 0.98
   5   78 0.48
  34   92 0.39
  42  103 0.76
  30  119 0.73
  44   83 0.08
  19  102 0.83
  32  127 0.97
  48  152 0.52
   7   21 0.80
   0   95 0.19
  44  127 0.95
   3   14 0.49
   9   12 0.68
  31  117 0.99
   4   39 0.54
   5  113 0.34
  54   55 0.17
   2   84 0.87
   9   55 0.63
  52   91 0.40
  41   87 0.93
  27  103 0.30
   7  113 0.11
  45   83 0.40
  24  117 0.55
  49   74 0.14
  48  109 0.91
  14   41 0.47

  35   39 0.66
  50  135 0.24
  37   91 0.45
  53  164 0.08
  26  121 0.07
  10   72 0.09
  55   57 0.92
  11   86 0.42
   6   11 0.03
   4  102 0.84
   4   48 0.48
  36   56 0.48
  42   84 0.06
  39   99 0.51
  52   56 0.00
  49   60 0.65
  43  144 0.28
  27  136 0.29
  38   90 0.00
  24  109 0.48
  52   71 0.24
  44   99 0.26
  38   53 0.73
  49  152 0.44
  46  138 0.59
   6   53 0.53
  50  158 0.75
  53  154 0.71
   8  108 0.11
  17   85 0.57
  12   45 0.02
  43   71 0.84
  34   39 0.33
  23   65 0.10
  10   29 0.08
  35   81 0.81
   8   35 0.40
  45  136 0.30
   3   48 0.98
  15   29 0.55
  28  108 0.94
  39   54 0.64
  36   36 0.64
  14   90 0.65
  20  109 0.90
  47   89 0.11
  51  157 0.70
  19  118 0.98
  30   80 0.71
  46   84 0.95
  18   44 0.57
  22   22 0.18
  16  118 0.68
  12   78 0.40
  32   99 0.02
  26  126 0.67
   3   36 0.25
  38   97 0.47
  52  163 0.41
  47  156 0.28
  42  132 0.06
  22   64 0.93
  35  106 0.49
   9   26 0.35
  23   82 0.86
  23   84 0.90
  35  131 0.98
   9  117 0.46
  31   83 0.37
  25  130 0.14
  40   48 0.75
   2   13 0.26
  22   69 0.57
  10   26 0.90
  30   95 0.81
  15   56 0.64
  45   50 0.66
  14   29 0.01
  16   78 0.48
   3   44 0.80
  50   67 0.12
  17   91 0.69
  16   44 0.26
  34   87 0.12
  16   19 0.22
  42   85 0.17
   6   57 0.29
  22   28 0.36
  24   64 0.56
  27   67 0.96
  37   50 0.52
  13   97 0.95
  23   79 0.96
  46  146 0.47
  28   50 0.56
  17   17 0.62
  10   91 0.45
  18  106 0.01
   2   55 0.39
  32  127 0.11

  14   64 0.20
  15   49 0.62
  13  119 0.34
  13  102 0.32
  12   87 0.44
  54   84 0.99
  20   93 0.49
  15  113 0.52
  12   63 0.16
  54  122 0.69
  35  105 0.07
  25   49 0.75
  49  139 0.43
   2    4 0.60
  38   56 0.22
  34  127 0.10
  45  110 0.84
  46  136 0.69
   1    6 0.31
  30  100 0.77
   5   12 0.54
  53  115 0.22
   6   50 0.65
  28   97 0.31
  55  140 0.33
  19   93 0.94
  15   53 0.48
  43   62 0.62
  51   80 0.02
   0   50 0.21
   6   80 0.72
  39   72 0.96
   7   69 0.96
  47  124 0.57
  27  118 0.88
  16   96 0.45
  38  145 0.15
  44  125 0.29
  22   69 0.33
  45   60 0.47
  27   89 0.54
  21   37 0.17
   4  111 0.87
  13  114 0.06
   9   95 0.60
  27   46 0.43
  30  130 0.46
  38  117 0.36
  23   80 0.39
  33  135 0.57
  31   65 0.51
  42  117 0.08
  42  144 0.68
  12   80 0.15
  14   68 0.88
  31   52 0.14
   2   61 0.53
  27   46 0.98
  13  123 0.81
  30   95 0.55
  41  112 0.29
  33  115 0.61
  40  127 0.21
  38  143 0.29
   0   80 0.64
   2   67 0.39
  33   84 0.77
  50   91 0.97
  12   68 0.35
  35  132 0.90
  50   60 0.48
  25   98 0.11
  16  107 0.47
  53  130 0.71
  52   74 0.91
  45  103 0.62
  52  113 0.03
  18   74 0.34
  31   57 0.77
  23  106 0.93
  37   72 0.99
  49   73 0.64
  26  125 0.34
  41   71 0.78
  46   61 0.50
   8   91 0.02
  53   55 0.76
  28  106 0.26
  40  103 0.89
  32   89 0.08
  37  125 0.74
  26   77 0.56
  13   21 0.98
   5   70 0.38
  23   27 0.57
  15  111 0.21
  50   65 0.50
  46   85 0.01
  47   73 0.44
  28   39 0.83

