4 50 8
6    4  16  20   2   4  10

   8   35 0.86
  19   75 0.92
   4   36 0.13
  30   49 0.76
  41  105 0.24
  16   69 0.00
  19   77 0.79
  15   57 0.62
   2   52 0.62
   4   27 0.65
  39  100 0.98
  34   45 0.33
  20   20 0.88
  13   25 0.39
  22   29 0.60
   3   19 0.17
  18   31 0.79
  30   91 0.43
   3   54 0.51
  15   54 0.27
   6   19 0.35
  13   48 0.44
  15   58 0.98
   0   33 0.18
  36   40 0.30
   1   24 0.60
   5   28 0.82
  28   71 0.21
  16   32 0.35
  10   13 0.36
   0    6 0.97
  40   91 0.25
  35   88 0.82
  28   92 0.87
  35   37 0.65
  25   67 0.84
   1   35 0.51
  40   90 0.47
   6   33 0.71
  11   70 0.17
  19   78 0.29
   7   49 0.05
  19   39 0.63
  33   87 0.04
  15   29 0.82
  27   32 0.59
  32   49 0.22
  33   82 0.93
  29   58 0.16
  21   84 0.99

   2   12 0.59
  11   66 0.97
  18   54 0.94
   5   60 0.09
  17   38 0.29
  24   40 0.73
  26   82 0.08
  20   78 0.88
  11   40 0.50
  35   94 0.06
  18   77 0.80
  26   28 0.61
   3   16 0.33
  22   64 0.43
   7   39 0.50
  25   81 0.17
   7   52 0.08
   4   23 0.93
  23   39 0.57
  33   86 0.24
  20   61 0.32
  27   81 0.60
  33   82 0.90
  14   21 0.70
  26   90 0.47
  21   28 0.80
  38   41 0.48
  37   86 0.94
   0   44 0.27
  39   86 0.83
  38   45 0.29
   5   40 0.28
  20   23 0.29
  40   92 0.88
  26   67 0.05
   4   55 0.96
  19   56 0.65
  11   63 0.03
  36   60 0.09
  17   22 0.72
  15   19 0.17
   5   61 0.02
  32   35 0.82
  23   58 0.41
  40   48 0.87
  39   71 0.00
  38   56 0.82
  39   66 0.61
  25   73 0.96
  36   90 0.12

  24   51 0.46
  40   64 0.35
  31   68 0.53
  37   64 0.61
  39   88 0.57
  13   15 0.63
  17   31 0.27
  26   86 0.55
  35   57 0.84
  41   97 0.24
  32   43 0.49
  31   87 0.37
  18   27 0.95
   5   26 0.64
  13   22 0.61
  23   59 0.60
  38   72 0.98
  33   48 0.68
  39   74 0.49
  25   63 0.47
   5   67 0.12
  24   71 0.16
  39   50 0.48
  38   45 0.82
  14   36 0.77
  18   58 0.68
   5   30 0.04
  19   41 0.92
  18   78 0.42
   1   51 0.71
  24   36 0.73
  27   57 0.88
  21   44 0.06
  11   60 0.34
  13   60 0.58
  28   54 0.86
  14   25 0.18
  37   66 0.25
  36   92 0.94
  41   67 0.06
  24   86 0.04
  35   82 0.82
  26   47 0.71
  33   80 0.97
  23   31 0.32
  36   71 0.43
  32   71 0.06
  30   55 0.23
   2   34 0.95
  12   67 0.73

   3   27 0.90
  19   67 0.00
  34   79 0.45
  20   24 0.29
  25   56 0.94
  26   88 0.58
  37   67 0.97
  20   68 0.50
  12   54 0.64
  35   55 0.42
  29   34 0.34
  12   27 0.67
  33   77 0.32
  27   39 0.55
  13   23 0.89
  18   57 0.03
  25   72 0.40
   0   23 0.28
   4   62 0.01
  19   26 0.31
   0   44 0.26
  39   48 0.85
   3   21 0.86
  41   71 0.19
  16   55 0.35
  37   80 0.00
  36   66 0.65
  21   21 0.71
  34   83 0.29
   6   65 0.60
  17   49 0.39
  36   91 0.84
  20   66 0.91
  42   55 0.85
  29   53 0.36
  25   52 0.86
  42   88 0.88
  10   35 0.53
  23   59 0.30
  30   73 0.84
   8   67 0.74
   3   56 0.72
  42  100 0.07
  30   52 0.10
  37   85 0.12
  17   65 0.83
  30   66 0.99
  40  102 0.34
   5   43 0.19
  11   56 0.43

  34   83 0.74
  11   47 0.25
   7   64 0.08
  40   68 0.55
  33   66 0.29
  38   94 0.75
  31   36 0.17
   8   33 0.81
  27   47 0.94
   0   33 0.90
  30   37 0.77
   0   63 0.66
  32   37 0.29
  11   34 0.88
  26   53 0.25
  32   73 0.23
   6   48 0.25
   0   39 0.03
  36   96 0.09
   0    8 0.73
   5   66 0.20
   0   39 0.17
  24   47 0.11
  20   47 0.60
  23   57 0.43
   5   15 0.23
  23   50 0.03
  28   54 0.26
  33   96 0.33
   3    5 0.77
  18   39 0.50
   3   36 0.14
  25   31 0.81
  18   26 0.59
  24   64 0.14
  40   72 0.26
  30   69 0.89
  34   85 0.75
  21   54 0.26
   9   70 0.34
  28   69 0.60
   5   43 0.80
  32   75 0.83
  33   70 0.82
  26   66 0.27
  12   18 0.61
   2   21 0.32
  20   63 0.62
   4   61 0.24
  33   51 0.65

  40   56 0.22
  18   62 0.96
  41   49 0.36
   0   36 0.17
  12   60 0.50
  28   90 0.15
  33   75 0.71
  10   48 0.07
  27   81 0.06
  20   58 0.78
  10   51 0.45
  41   49 0.70
   3   41 0.54
  15   39 0.87
   8   21 0.02
  35   87 0.50
  19   75 0.68
   4   16 0.16
  23   36 0.81
  36   69 0.30
  22   61 0.70
  31   74 0.49
  14   16 0.41
  23   50 0.87
   9   21 0.91
   8   24 0.28
  37   55 0.80
  16   66 0.36
  20   82 0.11
  13   19 0.42
   2   13 0.21
  27   85 0.23
   3   27 0.71
  13   50 0.51
  39   96 0.36
   4   25 0.09
  11   36 0.32
  26   67 0.41
  40  104 0.60
  28   38 0.24
   0   36 0.47
  16   25 0.47
  18   57 0.80
  20   32 0.68
  32   74 0.82
  18   21 0.00
  40   45 0.29
   9   39 0.53
   8   27 0.70
  37   55 0.58

