5 40 8
6    4   2   2   2  16  10

  12   34 0.66
   4   26 0.81
  12   18 0.25
   6   12 0.87
   4   29 0.46
   8   27 0.44
  11   29 0.30
  17   33 0.02
  12   13 0.17
  10   28 0.33
   2   26 0.00
  15   37 0.54
   0    3 0.13
   4   23 0.34
   0    6 0.81
  16   40 0.54
  17   27 0.95
  13   32 0.05
   0    2 0.78
   9   28 0.66
   5   18 0.73
   1    8 0.96
   5    6 0.41
   3   22 0.61
   4   23 0.05
  11   27 0.09
   0   13 0.15
  13   36 0.77
   7   23 0.00
   3   27 0.82
  13   18 0.91
   7   33 0.74
  16   32 0.22
   2   19 0.15
   2   26 0.47
   9   17 0.62
   8   24 0.95
  14   24 0.23
  15   37 0.12
   6   19 0.88

  15   32 0.25
  16   42 0.04
   2   19 0.52
  14   37 0.59
   0   22 0.89
   0    7 0.33
   2   24 0.20
   4   29 0.24
  15   19 0.20
   2   11 0.22
  10   15 0.66
  13   36 0.39
  11   32 0.72
   9   18 0.66
   6   22 0.77
   2   10 0.66
  16   29 0.09
   1   21 0.00
  13   36 0.43
  15   32 0.98
  13   16 0.64
   7    8 0.03
  12   29 0.54
   6   32 0.07
   0    2 0.81
  10   24 0.31
   8   24 0.67
   0    5 0.34
  12   35 0.73
  11   29 0.74
  17   31 0.31
   2   19 0.77
   4    9 0.48
  15   22 0.09
   2    8 0.91
  13   24 0.50
  12   29 0.43
  11   11 0.67
  11   25 0.46
   5   15 0.12

  13   18 0.45
   2   12 0.71
  12   13 0.52
  12   12 0.24
   8   15 0.86
   1    6 0.80
   9   29 0.62
  11   15 0.38
  15   27 0.68
  15   23 0.54
   4   13 0.99
   5   13 0.10
   4   21 0.14
   4   10 0.19
   9   11 0.05
  14   36 0.68
   2   23 0.70
   9   21 0.03
   5   26 0.97
   9   31 0.30
   6   24 0.90
   9   19 0.68
  16   38 0.91
  13   14 0.46
   8   14 0.41
   1   19 0.54
  14   29 0.14
   1   11 0.36
   3   28 0.35
  13   28 0.90
  17   30 0.15
   5   17 0.98
  12   37 0.43
   2   11 0.56
   7   29 0.20
   0    1 0.53
  13   36 0.87
   8   31 0.86
  15   38 0.43
   3   28 0.01

  10   18 0.10
   6   27 0.87
   2   22 0.31
   9   34 0.36
   9   14 0.45
   6   26 0.08
  13   37 0.95
   3   17 0.67
  17   28 0.43
   5   10 0.69
   0   23 0.93
   6   27 0.14
  15   26 0.46
   7   17 0.63
   5   11 0.53
   5   22 0.62
  12   34 0.01
  13   36 0.01
   5   15 0.25
   3   29 0.92
  15   27 0.00
  13   31 0.07
  10   34 0.75
   3   23 0.48
   2    2 0.17
   8   30 0.79
  14   23 0.98
   9   14 0.22
   3   23 0.01
   5   10 0.07
   6   18 0.30
   6   11 0.64
   9   14 0.58
   1   14 0.10
   4    6 0.64
   6   27 0.40
   8   12 0.06
   6   29 0.95
   3   22 0.32
  16   25 0.96

  10   16 0.52
  14   29 0.55
   9   25 0.51
  10   31 0.19
   8   33 0.22
   5   16 0.53
  16   40 0.03
   6   29 0.09
   8   14 0.83
  11   18 0.43
  11   11 0.01
   5   21 0.99
  16   31 0.63
  13   28 0.30
  11   17 0.63
   6   15 0.80
  10   12 0.08
   9   32 0.34
   9   12 0.18
  10   27 0.68
  10   12 0.93
   5   19 0.16
   2   11 0.18
   8   11 0.54
  13   29 0.37
   7   27 0.97
   1    6 0.92
   7   19 0.19
  12   15 0.60
   1   21 0.16
   6   21 0.16
  10   35 0.33
   1    6 0.86
   7   17 0.57
  12   32 0.07
  10   10 0.48
  15   37 0.46
   9   28 0.15
   7   24 0.82
   6   23 0.60

  17   21 0.12
   6    9 0.32
  10   13 0.24
   0   24 0.40
   1    7 0.59
   4   19 0.83
  11   31 0.05
  14   19 0.01
  15   15 0.47
   4   21 0.11
  14   31 0.21
  13   23 0.30
   2   26 0.22
   1    6 0.93
   5   15 0.63
  15   26 0.87
  16   31 0.70
  15   23 0.82
  17   31 0.57
   6   12 0.76
   6   14 0.84
   0    5 0.83
  15   39 0.70
  17   29 0.76
  15   26 0.97
   2    5 0.61
   1   22 0.73
   6   24 0.09
  15   27 0.61
  14   37 0.69
   3   28 0.27
  13   13 0.06
   8   18 0.44
   3    8 0.83
  11   30 0.56
   8   17 0.03
   7   11 0.41
  10   16 0.70
   8   34 0.55
   8   12 0.04

