3 50 4
6    4   4  10   4  16  10

  25  100 0.55
  89  134 0.30
   1   22 0.30
  57   94 0.66
   2    9 0.63
  42  139 0.74
  41   59 0.95
  85  148 0.75
  54   55 0.64
  29   55 0.88
  87  143 0.56
  52  108 0.31
  31  104 0.32
  25   62 0.88
  43  113 0.33
  12   95 0.09
  96  116 0.27
  63  158 0.79
  67  108 0.74
  86  105 0.31
  95  163 0.27
   3   85 0.19
  33   54 0.51
  38   97 0.51
  50   83 0.40
  28   75 0.90
  47  140 0.41
  63  148 0.17
  76  106 0.38
  48   51 0.03
  72  140 0.30
  88  120 0.69
  46   62 0.82
  84   92 0.49
  62  140 0.42
  64  119 0.23
  66  148 0.79
  40   54 0.29
  10   89 0.51
  72  148 0.68
  58   93 0.99
  50  100 0.34
  64  139 0.25
  82  135 0.67
  60  132 0.01
  19   93 0.26
   4   10 0.91
  96  169 0.96
  12  109 0.36
  70   71 0.31

   1   37 0.92
  22   44 0.16
  35  129 0.16
  32   84 0.27
  88  184 0.78
  25   79 0.49
  96  161 0.75
  45  135 0.68
  63  140 0.51
  41  100 0.75
  64  119 0.83
  41  109 0.70
  11  105 0.45
  48  127 0.32
  19  106 0.35
  49  121 0.27
  95  186 0.36
  99  135 0.81
  51  141 0.48
  63  130 0.32
  94  129 0.46
  37  129 0.61
  11   87 0.21
  24   33 0.09
  26   89 0.19
  86  154 0.46
  77  127 0.16
  73  165 0.43
  98  145 0.61
  62  117 0.41
  56   89 0.91
  56  108 0.00
  46   98 0.49
  79  159 0.09
  17   59 0.98
  32  122 0.83
  41   47 0.07
  19   23 0.68
  31   41 0.66
  58   60 0.65
  52  139 0.90
  77  115 0.45
  49  129 0.63
  10  108 0.28
  21   77 0.72
  61  136 0.93
  39   44 0.50
  41   73 0.34
  62  105 0.30
  63   77 0.64

  35   42 0.13
  48   59 0.92
  27  116 0.83
  25   36 0.19
  14   52 0.66
  54   83 0.55
  41  138 0.62
  92  158 0.20
  46   65 0.94
  42   42 0.43
  47   71 0.27
  17   67 0.88
  99  173 0.35
  44   55 0.15
  45  107 0.53
  43  110 0.32
  69   71 0.96
  49  144 0.65
  81  167 0.10
  59  116 0.38
  47  146 0.37
  55   56 0.67
  14   20 0.31
  35  114 0.54
  33  108 0.25
   2   32 0.28
  36  106 0.47
  80  152 0.13
  94  178 0.14
  87  143 0.55
  20  118 0.62
  66  129 0.17
  98  100 0.50
  19   46 0.85
  90  167 0.38
  40   72 0.09
  54  122 0.56
  13   22 0.34
  36   68 0.70
  33  122 0.90
  36   51 0.15
  63   88 0.62
  25   95 0.77
  57  131 0.54
  72  118 0.65
  59  110 0.80
   8   33 0.08
  79  112 0.21
  60  144 0.39
  79   98 0.75

  45  118 0.34
  47  104 0.98
  25   25 0.67
  89  124 0.36
   5  104 0.64
  83  161 0.47
  54  128 0.14
  13   63 0.88
  62  147 0.47
  79   96 0.59
  89  175 0.59
   8   25 0.50
  92  101 0.94
  62   70 0.35
  55  152 0.01
  11   21 0.79
  39   39 0.59
  47   91 0.71
  67   92 0.20
   0   14 0.12
  69  146 0.15
  15  104 0.79
  86  149 0.90
  91  107 0.96
  78   90 0.11
  38   45 0.55
  26   37 0.20
  24   30 0.47
  33   80 0.70
  28   99 0.30
  89  116 0.83
  35  106 0.15
  12  110 0.65
   6   50 0.53
  96  156 0.12
  80  166 0.49
  13   27 0.43
  66  112 0.59
  83  115 0.42
  56  125 0.82
  20   65 0.90
  59   78 0.99
  15   28 0.70
  96  182 0.26
  24   60 0.12
  37  118 0.70
  62   71 0.08
  77  121 0.01
  45   71 0.06
  92   95 0.78

  82   89 0.13
  20   70 0.02
  22   73 0.61
  51   55 0.64
  37  118 0.64
  27   35 0.01
  99  182 0.01
  72  156 0.77
  90   97 0.93
  96  119 0.43
  81  129 0.55
  64   85 0.05
  60  151 0.51
  77  154 0.43
   9   39 0.66
  48   65 0.13
  12  109 0.81
  43  123 0.53
  53   99 0.43
  34   39 0.06
  65  158 0.20
  55   99 0.51
  77  174 0.69
  45   91 0.42
  48  119 0.79
  38   45 0.69
  26   52 0.62
  29  123 0.91
   7   49 0.07
  52   86 0.13
  22  108 0.43
  89  142 0.09
  41   94 0.97
  72  128 0.63
   7   66 0.96
  97  169 0.39
  67  141 0.80
  91  144 0.64
  59  134 0.92
  27   70 0.14
  90  103 0.92
  26   69 0.78
  12   45 0.36
   9   43 0.42
  18  110 0.31
  80  132 0.47
   3   35 0.05
  13   51 0.57
  45  115 0.98
  31   71 0.18

   3   79 0.63
  80  101 0.28
  79  140 0.24
  21  114 0.27
  43   61 0.48
  16  114 0.95
  21   64 0.01
  87  184 0.05
  72  148 0.79
  40  110 0.53
  51  112 0.07
  21   87 0.97
  28   41 0.42
  36  110 0.76
  79  122 0.88
  21   97 0.65
   2   58 0.64
  50   69 0.54
  90  169 0.15
  14   73 0.98
   8   91 0.02
  31   41 0.25
  98  110 0.36
  71  123 0.34
   9   31 0.75
  22   62 0.55
  69   74 0.81
  36  129 0.13
  11   16 0.90
  61  158 0.34
  56  135 0.02
  91  154 0.50
  65  128 0.61
  37  108 0.50
  73  101 0.63
  79  158 0.69
   4   88 0.04
  79  145 0.02
  84  169 0.01
  30   65 0.11
  24   86 0.19
  20   66 0.00
  89  173 0.75
  16  102 0.70
   0    2 0.15
  23   88 0.64
  45  142 0.15
  35   58 0.54
   6   49 0.02
  44   87 0.77

