5 40 4
6    2   2  16   4  10  20

  11   30 0.75
  25   67 0.65
   1   42 0.37
  25   31 0.49
   6    7 0.34
  22   59 0.49
  18   66 0.31
   3   21 0.97
  19   27 0.12
   8   53 0.11
  17   21 0.69
  11   54 0.45
  22   65 0.50
  13   43 0.18
  18   59 0.73
  24   71 0.70
   6   52 0.65
   3   15 0.79
   1   44 0.08
  16   67 0.64
  21   37 0.79
   3   38 0.19
  12   45 0.79
   3   33 0.25
   0   35 0.26
  25   76 0.55
  25   43 0.63
  23   47 0.69
   1   12 0.43
  15   51 0.76
   2   53 0.74
  11   53 0.56
   0   39 0.61
  23   44 0.08
   6   38 0.74
   8   34 0.28
   5   32 0.55
  24   67 0.15
   7   31 0.29
  16   42 0.92

  21   41 0.62
   6   20 0.06
   9   57 0.00
   6   59 0.72
  18   45 0.94
   7   56 0.54
  23   64 0.44
  21   69 0.30
  19   46 0.91
  24   71 0.67
  15   50 0.18
  10   37 0.24
  25   51 0.59
  23   70 0.31
  12   22 0.83
  18   52 0.96
   9   12 0.27
   3   40 0.37
  20   55 0.68
  26   50 0.13
  26   38 0.62
  17   52 0.22
  22   44 0.82
  15   48 0.75
  14   34 0.61
  10   46 0.43
   2   15 0.77
  25   78 0.65
  12   62 0.08
  13   13 0.51
  26   48 0.00
   2   53 0.33
   4   21 0.08
   6   45 0.14
  12   65 0.93
   8   42 0.08
   0   50 0.89
  14   55 0.14
  19   26 0.27
   1   47 0.34

   3   13 0.58
   4   24 0.62
   2   19 0.40
   3   34 0.48
  18   46 0.79
  26   75 0.05
   5   45 0.24
   2   11 0.89
  12   41 0.79
  21   66 0.73
  13   53 0.05
  13   54 0.78
   3   10 0.87
  13   19 0.63
  15   24 0.58
  15   56 0.98
  20   70 0.26
  23   47 0.00
   6   49 0.90
  15   38 0.05
  16   30 0.45
  23   72 0.25
  20   61 0.29
  24   68 0.59
   5   55 0.68
  20   30 0.51
   0   20 0.85
   2   52 0.80
   0   36 0.58
  19   39 0.71
  15   64 0.69
  13   30 0.30
  26   28 0.30
  15   26 0.76
   9   36 0.79
  10   33 0.95
  25   36 0.12
   0   21 0.30
   0   14 0.91
  21   53 0.99

   9   60 0.98
  22   43 0.38
  25   29 0.63
  10   62 0.56
  13   44 0.46
   1   44 0.77
  21   23 0.41
   4   53 0.45
  17   65 0.31
   9   50 0.01
  12   40 0.58
  16   50 0.52
   4   52 0.90
   5   58 0.78
  20   59 0.16
   5   14 0.88
  13   45 0.88
  23   60 0.90
  25   34 0.87
  24   37 0.49
  20   30 0.65
   6   22 0.36
  18   44 0.39
  24   76 0.42
  10   58 0.59
  24   57 0.70
  21   65 0.17
  13   27 0.48
  18   49 0.36
  12   41 0.60
  10   45 0.92
  18   46 0.68
   5   17 0.24
  16   29 0.96
  19   34 0.30
   3   15 0.35
  18   66 0.75
   4   28 0.11
  24   24 0.55
   4   47 0.79

  19   31 0.10
  16   61 0.82
  10   44 0.25
  22   59 0.38
   3   40 0.12
   7   46 0.85
  17   28 0.09
   2   23 0.82
   5   37 0.35
  24   66 0.86
   3   20 0.33
   6   48 0.68
   5   28 0.82
   0   31 0.89
  16   52 0.49
   6   58 0.73
  18   29 0.58
   9   60 0.59
   5   56 0.62
  18   68 0.88
  23   72 0.04
   9   29 0.93
  15   62 0.14
   6   59 0.46
  10   51 0.22
  13   35 0.95
   5   12 0.29
  19   49 0.67
   4   25 0.82
  16   61 0.46
   5   41 0.74
  26   77 0.10
  21   70 0.86
  25   74 0.69
  20   37 0.98
  11   32 0.26
  24   45 0.49
   4   40 0.90
  21   57 0.70
  18   71 0.82

  25   70 0.01
   8   26 0.79
  14   63 0.63
   3   21 0.47
  12   32 0.90
   8   40 0.83
  14   57 0.62
   8   51 0.04
  17   35 0.29
  14   27 0.79
   9   49 0.54
   8   24 0.59
   5   36 0.77
  20   20 0.57
  17   28 0.65
  11   55 0.30
  26   37 0.42
   3   48 0.72
   9   53 0.81
  18   49 0.63
  17   67 0.83
  20   59 0.32
  21   26 0.84
   2   42 0.56
   4   38 0.07
  16   41 0.76
  10   49 0.17
  12   56 0.38
   4   57 0.14
  10   45 0.10
   2   46 0.14
   1   18 0.40
   0   40 0.01
  10   18 0.02
  10   61 0.46
   0   50 0.99
  17   23 0.07
  25   60 0.69
  25   54 0.58
  18   24 0.96

