4 30 8
6   16   2   4   4  10   2

  22   34 0.01
   1    4 0.91
   2    8 0.75
  17   31 0.78
  12   12 0.61
  13   17 0.51
   0   13 0.29
  16   21 0.68
  19   29 0.79
   9   14 0.43
  14   15 0.36
  12   25 0.54
  23   24 0.94
  14   17 0.03
   2   12 0.92
  19   28 0.58
   6    8 0.09
  18   29 0.63
   6   11 0.53
   3    6 0.28
  18   26 0.93
   1   15 0.90
  13   18 0.01
   9   24 0.57
  18   27 0.57
   1    3 0.73
   7   11 0.78
  22   23 0.99
  20   25 0.58
   0   15 0.54

  15   15 0.40
  21   37 0.86
  20   36 0.65
  23   26 0.73
   6    6 0.74
   3   12 0.86
  12   20 0.89
  15   19 0.87
  11   25 0.27
   7   22 0.81
  25   40 0.18
  17   20 0.93
   4   16 0.48
  20   29 0.50
  13   16 0.42
   8   22 0.56
  11   17 0.67
   0   15 0.50
  11   24 0.86
  18   21 0.96
   1   11 0.98
  22   35 0.94
   6    6 0.13
   9   20 0.45
   9    9 0.04
  14   25 0.90
   1   17 0.83
   0    6 0.57
  12   23 0.67
   2   14 0.49

  14   22 0.46
   1    4 0.10
   6   12 0.75
  25   37 0.21
  19   35 0.60
  24   38 0.58
  19   31 0.59
  13   15 0.57
  19   19 0.44
  14   26 0.41
  15   18 0.46
  13   17 0.40
  20   34 0.62
  14   28 0.62
   8   12 0.03
   3   15 0.11
   5   14 0.35
  24   39 0.50
   7   22 0.56
   6   20 0.47
  14   25 0.74
  12   19 0.92
  13   25 0.04
   6    9 0.84
  14   16 0.44
  11   24 0.48
   0    9 0.51
   4   16 0.50
  17   31 0.11
   9   13 0.39

   6   20 0.99
   2   12 0.72
  16   20 0.46
  12   14 0.99
  14   27 0.20
  20   28 0.49
  13   20 0.19
  18   22 0.28
   0   16 0.96
  20   22 0.23
  19   35 0.33
   4    5 0.22
  22   36 0.80
  20   34 0.10
   8   15 0.83
  15   16 0.12
   6   21 0.22
   6   19 0.42
   3    6 0.25
  20   24 0.28
  21   22 0.75
  13   23 0.68
  18   22 0.30
  17   20 0.40
   8   19 0.19
  21   30 0.73
  21   37 0.26
  10   21 0.89
  17   24 0.55
   0   10 0.51

  18   30 0.89
   9   24 0.07
  17   23 0.22
  21   30 0.65
  20   32 0.63
  12   27 0.33
   2    5 0.27
  11   15 0.89
   3   13 0.54
   6    8 0.09
   3   15 0.78
  10   21 0.41
   0    3 0.33
  18   22 0.33
  12   27 0.98
   9   24 0.89
  10   21 0.70
   1   13 0.20
   4   16 0.15
   9   22 0.99
  25   33 0.00
  16   29 0.31
   3    5 0.48
   5   17 0.33
  20   20 0.21
   4   20 0.04
   2    9 0.47
   3   10 0.61
  25   29 0.66
  13   20 0.85

  12   21 0.70
  10   14 0.47
   6   15 0.76
  23   29 0.57
  25   34 0.44
  15   21 0.43
  23   30 0.65
  19   33 0.79
   5   17 0.57
  16   23 0.65
   4    6 0.56
  17   18 0.06
   4    5 0.58
  13   28 0.86
  16   32 0.80
  12   28 0.40
  22   22 0.73
  10   18 0.47
  19   28 0.91
   2   11 0.69
   8   21 0.20
   0    6 0.88
   4   20 0.43
   2   13 0.27
   0    3 0.08
  13   29 0.34
   3    8 0.36
   6   20 0.92
   5   18 0.52
  20   36 0.01

