3 25 8
12   10  10  10  10  10   4  16   2  10  10   4  10

  48   79 0.90
  41  106 0.04
  13   78 0.96
  12   59 0.64
  41   74 0.33
  25   85 0.94
  14   50 0.60
   2   62 0.74
  23   92 0.67
  45   50 0.76
  16   85 0.35
   6   68 0.87
   8   82 0.26
   0   44 0.97
  18   64 0.12
  15   30 0.39
  26   83 0.38
  45   75 0.54
  17   27 0.47
  19   48 0.12
   6   58 0.56
  37   85 0.87
  16   54 0.98
  14   69 0.03
   9   23 0.76

  41   55 0.90
   9   41 0.93
  50  119 0.81
   3   67 0.24
  34   75 0.31
  27   64 0.41
  35   71 0.44
  51   77 0.75
  15   34 0.80
   1   65 0.87
  13   86 0.23
  26   97 0.43
  35   95 0.42
  41   86 0.10
   1   21 0.98
  17   88 0.19
  29   37 0.96
  48  107 0.08
  34   64 0.66
   8   25 0.92
  48  129 0.34
  35   42 0.61
  40   67 0.08
   9   86 0.25
   9   55 0.82

  52   64 0.53
  48   57 0.91
  27   67 0.93
  45   98 0.62
  25   81 0.09
  42   74 0.03
  44  115 0.76
  47   81 0.73
  18   54 0.32
   9   63 0.11
   2   36 0.49
  29   87 0.62
   9   14 0.59
   4   40 0.39
  40   63 0.82
   2   65 0.25
  32   61 0.54
   6   64 0.67
  19   41 0.85
   3   12 0.18
  40   62 0.88
  10   66 0.40
  18   95 0.42
   0   11 0.19
  21   67 0.08

  15   72 0.77
  38   75 0.41
  19   29 0.26
  10   33 0.53
  29   65 0.27
  29   35 0.30
  31   86 0.50
  39   99 0.84
  10   76 0.55
  50   95 0.02
  36   89 0.52
  45   59 0.60
  26   86 0.16
  19   74 0.76
   7   68 0.54
  14   25 0.99
  20   24 0.49
  44  106 0.92
  25   62 0.59
   9   78 0.55
  26   58 0.77
  20   70 0.91
  12   81 0.66
  12   36 0.50
   5   22 0.22

  24   39 0.51
  44  111 0.17
  39   57 0.25
  11   64 0.22
  49   99 0.25
  17   23 0.60
  54  123 0.35
  43   67 0.43
  37   61 0.96
  42  109 0.27
   1    9 0.14
   3   47 0.53
  44   94 0.88
  51   98 0.34
  43   66 0.55
  17   72 0.66
  50   57 0.15
  35   57 0.46
  38  115 0.51
  51   89 0.10
  14   70 0.07
  13   56 0.49
  45   73 0.04
  21   28 0.07
  20   96 0.29

  45  126 0.86
   4   44 0.80
   0   39 0.10
   1   45 0.29
  51   68 0.96
  48  113 0.22
  16   94 0.87
  40   51 0.42
   7   51 0.88
   7   66 0.27
  51   74 0.57
  51   85 0.39
   5   16 0.36
  48   99 0.45
  41   53 0.94
  45   57 0.50
  22   61 0.37
   2   48 0.18
  14   50 0.03
  41   88 0.91
  45   83 0.15
  54  107 0.47
  34   51 0.91
  32   69 0.97
  39   83 0.80

  51   65 0.25
   2   80 0.77
  51  132 0.18
  48   48 0.39
  39   85 0.56
  27   30 0.01
  53   86 0.73
  51   51 0.18
  10   35 0.95
   9   51 0.50
  42   51 0.48
  43   48 0.11
  10   72 0.16
   3   62 0.66
  26   58 0.21
  49   66 0.54
  35   91 0.12
  19   45 0.50
  17   96 0.12
  46   94 0.58
  22   75 0.93
  22   39 0.34
  46  106 0.33
  42   86 0.45
  23   98 0.11

  12   22 0.47
  20   65 0.84
  31   48 0.01
   4   28 0.32
  24   78 0.42
  54  105 0.15
   6   66 0.05
  37   48 0.75
  46   55 0.33
  28   60 0.11
  36   46 0.04
  41   52 0.19
  27   69 0.87
  21   54 0.03
  20   80 0.84
  51  122 0.40
  49  119 0.29
  25   44 0.52
   0   11 0.02
  37   91 0.66
  42  109 0.06
   9   21 0.60
  28   98 0.28
  11   34 0.09
  44   85 0.28

  11   63 0.56
  45   82 0.07
  49  119 0.29
  13   63 0.73
  48   94 0.79
  19   83 0.19
  10   43 0.58
  11   24 0.83
  49   83 0.62
  39  117 0.99
  43  122 0.46
   9   46 0.67
   9   10 0.74
  11   47 0.90
  17   91 0.69
  30  102 0.50
  21   24 0.45
  26   36 0.87
  18   55 0.93
  42  123 0.97
   6   12 0.71
   2   57 0.92
  52   81 0.31
  17   75 0.07
  44  109 0.98

  47  115 0.57
  47   69 0.73
   3   38 0.61
  47   90 0.63
  37   37 0.34
  45   72 0.26
   7   85 0.74
  16   76 0.36
  15   46 0.26
   0   70 0.27
  51   91 0.96
   6   40 0.56
   2   21 0.06
   4   18 0.30
  53  129 0.29
  43   96 0.09
  22   98 0.18
   0   17 0.84
  27   27 0.58
  23   77 0.80
  45  120 0.82
  47   81 0.87
  28  106 0.60
  39  105 0.93
  21   45 0.36

  23   66 0.33
  40   46 0.03
  45   52 0.65
  17   34 0.33
  35  102 0.95
  34   84 0.64
  15   16 0.29
  30   48 0.37
  33  110 0.97
  33   35 0.94
  25   89 0.07
  41   96 0.79
  35  105 0.83
  40   86 0.98
  33  110 0.07
  14   24 0.96
  54   61 0.28
  16   28 0.95
  27   66 0.38
  27   80 0.75
  14   94 0.13
  23   37 0.31
   4   21 0.62
   7   80 0.29
  32   35 0.72

  29   41 0.47
   5   61 0.79
  47  122 0.50
  36   54 0.89
  12   16 0.47
  33  107 0.85
  22   91 0.93
   8   58 0.93
  27   40 0.86
  32   55 0.10
  14   49 0.79
  52   61 0.10
  39  114 0.09
   3   71 0.41
  16   23 0.30
  32   39 0.94
  17   78 0.37
  27  105 0.71
  11   23 0.19
  28   75 0.44
  22   73 0.35
  46   79 0.05
  12   56 0.57
  15   83 0.63
  49   90 0.02

