4 100 8
3   16  10   2

  34   46 0.88
   1    9 0.95
  16   56 0.80
   2   38 0.98
  32   67 0.86
   3    6 0.15
  10   20 0.55
  40   46 0.73
   8   19 0.59
  19   36 0.54
   5   42 0.06
   7   33 0.43
  32   38 0.19
  35   66 0.58
  34   71 0.38
  30   46 0.80
  14   45 0.86
  35   39 0.91
   8   31 0.45
  40   57 0.42
  31   71 0.13
  28   67 0.89
  19   60 0.05
  32   44 0.55
  14   16 0.16
  16   28 0.76
  39   81 0.57
  30   53 0.73
  16   34 0.09
   8   15 0.21
  37   55 0.91
   4   40 0.20
   9   42 0.48
  37   64 0.35
  11   20 0.95
  39   46 0.65
   6   24 0.91
  26   42 0.42
  25   57 0.90
  41   54 0.09
  33   59 0.88
  19   56 0.43
   4   39 0.61
  37   44 0.43
  38   57 0.88
  13   28 0.60
   0    6 0.15
   6   38 0.98
  23   23 0.35
   0   42 0.22
  24   35 0.89
  13   23 0.89
   0   24 0.86
  23   37 0.65
   3   22 0.37
  15   47 0.61
   1   43 0.05
  17   51 0.59
  13   15 0.21
  27   54 0.13
  39   49 0.78
  30   51 0.91
  33   71 0.36
  31   59 0.87
  13   23 0.68
  22   23 0.55
  26   43 0.49
  40   60 0.62
  20   45 0.71
  24   27 0.36
  42   69 0.31
  40   73 0.99
  24   24 0.95
  34   42 0.09
  19   26 0.54
  31   72 0.29
   8   30 0.64
  39   67 0.24
  40   70 0.97
   5   44 0.88
  10   22 0.29
  35   44 0.96
  15   44 0.35
  28   40 0.75
  39   61 0.48
  12   40 0.75
  16   28 0.02
  22   28 0.61
  13   48 0.81
  24   53 0.26
  26   42 0.04
  20   40 0.42
  22   51 0.05
   6   43 0.93
  17   25 0.64
  38   40 0.74
  22   54 0.65
   9   12 0.94
  23   27 0.45
  14   35 0.55

  19   49 0.68
  10   43 0.00
  13   39 0.14
  24   61 0.26
  19   44 0.86
   4   36 0.29
  35   41 0.03
  16   50 0.31
  19   30 0.41
   5   29 0.39
  37   70 0.66
  19   61 0.90
  13   47 0.28
  37   46 0.98
  30   45 0.24
  17   55 0.12
  38   74 0.26
   1   29 0.75
  27   55 0.12
  30   68 0.30
  10   32 0.08
  38   78 0.52
  27   34 0.76
  40   56 0.91
  40   53 0.58
  38   61 0.24
  30   69 0.56
   2   11 0.29
  35   69 0.12
   7   49 0.48
  42   70 0.25
  29   32 0.02
  14   32 0.64
  31   56 0.38
  26   34 0.91
  37   78 0.24
  33   55 0.51
   2   15 0.30
   3   42 0.56
  26   43 0.82
   6   11 0.60
  13   36 0.99
  20   36 0.58
  11   13 0.27
  41   50 0.20
  31   35 0.99
  28   49 0.91
   9   20 0.08
  42   79 0.87
  36   70 0.21
  23   42 0.60
  26   40 0.90
  25   53 0.38
  18   31 0.54
  10   30 0.05
   8   36 0.53
  11   13 0.78
   8   18 0.79
  35   57 0.35
  42   52 0.80
  38   44 0.08
   7   31 0.66
   2   14 0.22
  36   37 0.61
  40   74 0.17
   0    8 0.31
  36   71 0.92
   9   30 0.67
  23   39 0.08
  40   56 0.60
   3   17 0.98
  32   66 0.69
   9   29 0.66
  28   58 0.03
   9   24 0.90
  42   61 0.97
   1   19 0.81
  30   46 0.55
  12   22 0.41
   7   47 0.63
  36   46 0.77
  27   28 0.10
  25   47 0.54
   9   50 0.03
  25   66 0.19
  35   76 0.10
  10   13 0.54
  18   50 0.52
  14   19 0.79
   5   19 0.90
  31   37 0.10
  33   49 0.62
  32   70 0.40
  42   49 0.47
  41   42 0.74
   2   17 0.10
  31   35 0.22
  35   68 0.22
   8   33 0.40
  12   52 0.76

  12   20 0.95
  40   80 0.87
  32   38 0.77
   8   46 0.14
  10   21 0.09
   1   27 0.19
  30   43 0.62
  15   28 0.46
  42   70 0.11
  37   44 0.79
  37   59 0.77
  25   36 0.40
  28   67 0.79
   0   35 0.37
  17   35 0.17
  36   48 0.14
  40   57 0.19
  32   59 0.47
  29   55 0.56
  20   25 0.68
  19   23 0.87
  22   53 0.25
  25   65 0.72
  35   76 0.96
   8   25 0.22
   4   34 0.11
  36   65 0.49
  33   75 0.61
  24   62 0.82
  32   39 0.59
  34   60 0.61
   2   42 0.15
   4    8 0.46
   2   23 0.68
   3   41 0.40
  37   63 0.27
  11   42 0.87
  10   31 0.84
  29   60 0.89
  17   18 0.27
  34   54 0.35
   9   15 0.34
  23   29 0.32
   7   44 0.32
   3   11 0.16
  20   32 0.39
  30   57 0.90
   9   49 0.75
   7   27 0.99
  23   54 0.13
  23   45 0.07
   8   24 0.81
  19   53 0.64
   3   41 0.93
  30   59 0.26
  36   49 0.74
  16   32 0.89
  39   65 0.66
   3   44 0.82
  35   36 0.20
   2    8 0.11
   6   37 0.31
  36   63 0.71
  34   35 0.96
  25   52 0.80
   0    7 0.10
   4   42 0.00
  39   43 0.53
  41   56 0.30
  37   40 0.05
  35   71 0.00
  23   23 0.76
   2   33 0.35
  19   46 0.04
  32   55 0.74
  36   47 0.23
  23   52 0.22
  10   10 0.51
   9   19 0.60
   6   30 0.53
   8   43 0.73
  19   23 0.77
  38   42 0.02
  42   44 0.26
  34   52 0.16
  11   48 0.01
  11   13 0.96
  38   75 0.04
  12   49 0.37
  25   67 0.73
  40   51 0.06
  15   38 0.22
  11   19 0.60
  10   24 0.57
  29   40 0.36
   4    4 0.06
   1   28 0.45
  18   47 0.74
  40   56 0.68
  30   52 0.60

