3 80 4
3    2  10  16

  23   44 0.33
  33   34 0.75
   0   30 0.03
  25   64 0.45
  34   44 0.94
  14   30 0.14
  29   41 0.06
  24   35 0.61
  16   33 0.98
  28   72 0.80
  15   42 0.52
  30   46 0.77
  16   58 0.81
  33   53 0.46
  19   43 0.59
  12   35 0.59
  20   48 0.26
   7   22 0.27
  39   55 0.01
  36   55 0.97
   5   21 0.98
  26   27 0.18
  20   26 0.01
  22   23 0.89
  11   47 0.96
  31   44 0.81
  12   20 0.21
  26   31 0.39
  25   47 0.41
  31   64 0.33
  35   71 0.61
  36   60 0.22
  45   46 0.93
  14   36 0.67
  13   27 0.44
  24   36 0.06
   0   19 0.29
  33   58 0.50
  10   43 0.09
  33   64 0.58
  39   44 0.98
  22   43 0.07
  23   43 0.03
  39   75 0.41
   2   17 0.51
   4   44 0.70
  18   19 0.84
  29   47 0.18
  35   66 0.43
   2   24 0.14
  27   52 0.43
  23   55 0.13
  27   69 0.90
  33   43 0.19
  44   52 0.13
  14   46 0.91
   9    9 0.52
  39   68 0.78
  45   75 0.78
  30   74 0.45
  25   25 0.22
  26   63 0.20
  20   34 0.91
  33   67 0.44
  36   50 0.24
  42   63 0.83
  33   59 0.94
  29   67 0.91
  19   38 0.07
  44   45 0.82
  39   47 0.88
  31   38 0.62
  22   40 0.33
  20   22 0.64
  16   51 0.06
   6   11 0.58
   9    9 0.41
  11   53 0.87
  44   87 0.68
  31   76 0.54

  18   47 0.63
   2   41 0.37
  37   50 0.78
  42   44 0.36
  38   68 0.36
  45   49 0.02
   1   37 0.73
  29   41 0.11
  27   41 0.42
  25   31 0.16
  12   40 0.09
   0   36 0.16
  12   15 0.72
  22   67 0.04
  34   58 0.39
  37   60 0.10
  12   30 0.31
   1   24 0.75
  44   61 0.05
  38   61 0.47
  34   36 0.28
  11   18 0.36
  19   44 0.39
  30   73 0.64
   7   39 0.80
  40   80 0.14
  32   45 0.96
  14   25 0.41
  36   73 0.28
   9   53 0.60
   1   43 0.26
   3    7 0.77
   0   29 0.83
  32   51 0.19
   3   31 0.39
  25   32 0.55
  20   22 0.69
  10   25 0.81
  35   66 0.29
  37   46 0.25
  20   25 0.86
  34   55 0.20
  20   55 0.11
  36   67 0.92
  21   50 0.14
  32   52 0.82
  29   48 0.24
  32   67 0.37
  35   44 0.98
  12   24 0.38
  10   42 0.17
  41   84 0.07
  34   36 0.87
  17   44 0.37
  40   40 0.94
  21   54 0.93
  18   47 0.02
   2   40 0.70
  43   48 0.33
  41   41 0.57
  15   21 0.55
  19   53 0.19
  21   44 0.77
  21   43 0.41
  13   23 0.47
  18   43 0.30
  40   70 0.76
  17   62 0.81
   5   26 0.84
  45   72 0.91
  28   29 0.33
  23   31 0.82
   6   15 0.19
  42   76 0.90
  29   54 0.77
  29   60 0.02
  16   44 0.76
  20   53 0.40
  29   32 0.08
  15   48 0.08

  30   44 0.96
  20   47 0.13
  42   48 0.30
  30   39 0.22
   5   40 0.48
  11   12 0.37
   8   29 0.93
  42   79 0.80
   3   28 0.40
  29   74 0.88
  14   44 0.01
  43   61 0.94
  21   24 0.99
  42   53 0.14
  25   28 0.23
  32   39 0.97
  40   76 0.14
  33   54 0.48
  42   84 0.35
   4   33 0.43
   5   43 0.46
   6   15 0.31
   3   28 0.13
  41   78 0.65
  16   24 0.25
  32   46 0.70
  43   46 0.81
  41   68 0.57
   0   22 0.84
  43   58 0.66
  34   55 0.22
  22   44 0.12
   9   30 0.74
  40   73 0.52
  17   33 0.00
  18   21 0.32
  12   33 0.40
   2    5 0.80
   2    4 0.52
  30   49 0.93
  16   58 0.21
  27   65 0.68
  16   17 0.08
  22   53 0.25
  43   82 0.32
  23   61 0.30
  15   22 0.31
  42   71 0.70
  16   50 0.92
  35   59 0.98
  20   60 0.51
  39   65 0.23
  20   39 0.82
  40   74 0.26
  18   40 0.37
  23   31 0.90
  33   33 0.06
  28   52 0.84
  12   31 0.97
  34   47 0.25
  10   42 0.59
  22   24 0.06
  32   49 0.74
  13   29 0.71
  44   79 0.31
  19   23 0.19
  21   66 0.39
  21   51 0.97
  35   66 0.91
  17   45 0.73
  42   76 0.91
  15   27 0.37
  45   57 0.19
  30   61 0.21
  35   51 0.55
   4   15 0.09
  15   33 0.29
  42   76 0.43
  38   62 0.13
   7   36 0.83

