5 50 8
6   10  10   2  10  20   2

  29   43 0.61
  14   17 0.06
  21   34 0.73
   0   12 0.71
   4   15 0.42
   2   17 0.36
   5   18 0.31
  20   21 0.08
  15   19 0.79
   1    1 0.66
  13   20 0.76
  15   23 0.34
  12   27 0.92
   5   11 0.20
  17   32 0.37
   9    9 0.83
  31   42 0.78
  12   23 0.43
   2   10 0.32
  30   33 0.29
   5   19 0.99
   5    6 0.18
   5    7 0.18
  23   36 0.38
  26   27 0.48
   7   21 0.31
   5    9 0.33
  19   34 0.75
  31   40 0.61
  21   26 0.57
  31   42 0.11
  27   31 0.40
   0    8 0.13
  11   17 0.57
  31   34 0.67
  22   24 0.63
  28   31 0.45
   4   12 0.82
  21   24 0.86
  27   32 0.80
   7   12 0.42
  12   16 0.70
   7   21 0.25
  12   20 0.93
  32   37 0.19
  28   33 0.42
  32   39 0.05
  18   22 0.45
   9   12 0.60
  26   41 0.86

  30   34 0.07
   7   20 0.11
  10   19 0.92
   6   19 0.09
  14   22 0.05
  27   38 0.41
  20   20 0.49
  32   46 0.62
  32   42 0.22
  26   32 0.06
  16   16 0.57
   3    5 0.95
  18   27 0.42
   1    6 0.48
   4   17 0.47
  13   13 0.05
   6   11 0.41
   5   12 0.80
  31   45 0.83
   6   17 0.97
   5   11 0.04
  32   35 0.72
  23   23 0.18
   1    7 0.70
  13   13 0.00
  22   34 0.30
  21   32 0.10
  16   21 0.31
  19   28 0.50
  10   18 0.30
  15   18 0.01
  25   31 0.86
  22   32 0.43
  27   30 0.42
  24   26 0.76
  15   30 0.81
  17   22 0.05
  30   45 0.87
  15   19 0.38
  31   39 0.24
  17   24 0.13
   8   22 0.67
  23   27 0.61
   4   15 0.16
  10   24 0.99
  22   24 0.70
   7   13 0.89
   9   20 0.43
  16   28 0.88
  31   35 0.78

  27   31 0.79
  18   20 0.96
  27   40 0.90
  22   25 0.91
  18   30 0.39
  13   27 0.49
  21   26 0.29
  11   26 0.30
  26   36 0.42
  29   43 0.86
  18   32 0.81
  20   25 0.91
  15   18 0.85
   3   12 0.63
   9   10 0.15
  24   36 0.09
  20   22 0.14
   9   24 0.53
   9   12 0.12
   5    6 0.57
  15   21 0.61
   8   12 0.78
  25   27 0.03
  32   32 0.24
   4   16 0.38
   6   15 0.03
  13   14 0.34
  21   25 0.18
   6   16 0.81
   0   13 0.18
  19   19 0.67
  23   23 0.41
  11   23 0.33
  15   18 0.36
   6   21 0.92
  15   28 0.90
   6    8 0.29
  11   15 0.47
   4    9 0.78
  16   22 0.72
   9   18 0.61
   0    8 0.75
   7   20 0.25
   7    9 0.63
   5   15 0.52
   7    7 0.58
   9   10 0.95
  12   13 0.61
  14   14 0.10
  30   37 0.14

  21   30 0.66
  12   22 0.07
  15   29 0.52
  16   26 0.74
  11   16 0.88
   7   10 0.35
  27   28 0.86
  21   25 0.09
   8   17 0.46
  18   20 0.15
  26   27 0.97
  11   26 0.30
  27   36 0.67
  14   17 0.84
  26   41 0.21
   7   14 0.39
  23   29 0.46
  19   29 0.65
   2   11 0.01
   9    9 0.24
  27   36 0.36
  17   28 0.98
  11   12 0.88
  24   34 0.67
  31   44 0.55
  22   29 0.25
   8    8 0.70
   2    5 0.98
  27   28 0.60
  12   21 0.78
   7   12 0.08
  24   38 0.91
  26   41 0.61
   6    7 0.41
  12   15 0.37
  29   30 0.83
  12   19 0.27
  20   20 0.25
   6   16 0.14
   0    4 0.88
  12   12 0.16
  32   36 0.63
  26   31 0.28
  12   20 0.32
   8    8 0.11
  14   19 0.81
  25   29 0.23
   8   14 0.35
   4   13 0.30
   0    1 0.91

  17   27 0.25
   4   13 0.25
   9   16 0.02
   9   14 0.10
  20   30 0.87
   4   18 0.04
  15   23 0.63
  13   25 0.00
  12   26 0.60
   3   13 0.95
  27   38 0.14
  20   32 0.28
   8   17 0.92
   4   15 0.44
   0   13 0.66
   2   16 0.39
  31   45 0.31
   6    9 0.58
  27   27 0.80
   0   13 0.73
   5    5 0.06
  24   25 0.34
  17   30 0.11
   3    6 0.72
  26   38 0.93
  31   33 0.31
  17   28 0.56
   9   24 0.34
  13   16 0.27
  30   38 0.20
  10   10 0.11
  21   31 0.22
  23   36 0.30
  15   23 0.49
  23   31 0.97
  22   34 0.05
   3   14 0.27
   6   16 0.65
  17   22 0.88
  15   25 0.57
   5   17 0.68
  10   22 0.82
  27   33 0.28
  10   12 0.46
  12   15 0.90
  14   21 0.41
  24   35 0.07
   5   15 0.24
  27   33 0.42
  19   25 0.09

   9   17 0.40
  18   22 0.61
  28   38 0.19
  14   17 0.42
  17   24 0.76
  30   35 0.03
   9   23 0.02
   7   10 0.51
   1    5 0.22
  26   34 0.40
   4   10 0.65
  19   23 0.60
   9   12 0.03
   2   16 0.88
  24   33 0.68
   7   12 0.48
   1    6 0.16
   2   11 0.43
  10   23 0.18
  30   37 0.27
   1   13 0.82
  27   35 0.76
   2    3 0.99
   5    7 0.46
  30   40 0.39
  31   35 0.94
  24   35 0.66
   4   14 0.83
  18   19 0.88
  17   28 0.69
  20   24 0.34
  30   33 0.31
  31   38 0.63
  22   35 0.91
   2    3 0.83
  19   20 0.77
  12   20 0.74
  10   15 0.88
  23   27 0.86
   0    4 0.41
  26   27 0.28
   2   11 0.91
  27   30 0.37
  24   27 0.61
   6   16 0.66
  20   24 0.98
  22   29 0.84
  32   40 0.27
  26   30 0.81
  31   34 0.08

