5 40 4
6   10  10   4  10  10  10

  66   94 0.87
   0    5 0.26
  40   64 0.35
  74  110 0.12
   8   20 0.93
  54   93 0.87
  23   56 0.76
  74  127 0.60
  73   90 0.29
   4   19 0.35
   3   45 0.30
  70   82 0.62
  57   60 0.12
   7   47 0.97
  27   48 0.05
  29   79 0.02
  33   59 0.22
  36   57 0.78
  13   65 0.33
  56   73 0.65
  26   77 0.38
  76   99 0.84
  41   55 0.31
  34   45 0.67
  39   78 0.61
  70  120 0.59
  59   89 0.02
  67  100 0.49
  29   52 0.09
  35   69 0.03
  66  102 0.85
  41   48 0.81
  18   62 0.15
  67   89 0.75
  51   86 0.23
  12   38 0.89
  11   14 0.51
  25   40 0.61
  56   74 0.07
  10   32 0.08

  18   60 0.67
   7   51 0.33
  23   67 0.58
  56   93 0.67
  43   43 0.21
  73   96 0.58
  21   74 0.86
  27   61 0.11
  37   71 0.55
  17   69 0.31
  36   87 0.97
  34   38 0.96
  79  112 0.73
  57   81 0.35
  76   85 0.81
  38   39 0.14
  46   92 0.28
  12   16 0.12
  36   63 0.65
  40   86 0.03
  60   94 0.49
  56  108 0.01
  13   52 0.12
  68   74 0.96
   6   27 0.78
  13   64 0.58
   8   26 0.93
   1   22 0.11
  51   57 0.45
  57  101 0.59
  54   66 0.19
  48   58 0.09
  30   36 0.31
   7   34 0.00
  56   60 0.18
  55   66 0.11
  65   80 0.95
  40   75 0.43
  64   84 0.06
   9   54 0.91

  20   72 0.63
  15   61 0.14
  30   54 0.54
  33   43 0.45
  57   67 0.19
  41   45 0.59
  26   76 0.20
  24   28 0.59
  65   83 0.16
  54   59 0.54
  65   75 0.76
  49   87 0.28
  46   95 0.39
  61   90 0.51
  21   22 0.26
   4   42 0.63
  12   44 0.42
  70   88 0.31
   2   49 0.12
  29   75 0.60
  17   40 0.85
  63   77 0.31
  60   68 0.80
  41   85 0.39
  51   89 0.41
  30   72 0.14
  49   90 0.29
  22   66 0.68
  28   45 0.02
  18   66 0.71
  26   70 0.52
  75   86 0.02
  66  103 0.00
  46   47 0.32
  75  110 0.81
  74   98 0.15
  77   80 0.16
  30   45 0.93
   2   51 0.32
   1    4 0.76

   0    3 0.86
  28   61 0.28
  53   94 0.78
  57   74 0.02
  21   56 0.93
  72   83 0.83
  43   46 0.15
   6   10 0.52
   1   25 0.81
  46   96 0.87
  17   61 0.33
  32   73 0.94
  59   98 0.37
  31   61 0.40
  40   44 0.21
  25   42 0.41
   2   49 0.62
  46   70 0.57
   5    6 0.60
  65   80 0.53
  51   88 0.70
  30   78 0.18
  30   45 0.77
  19   46 0.92
  54   76 0.93
  24   56 0.32
  13   26 0.02
  19   54 0.87
  59   62 0.60
  34   59 0.64
  20   51 0.00
   2   44 0.70
  80   94 0.71
  25   35 0.50
  60   61 0.96
  33   54 0.11
  62   79 0.85
  68   79 0.15
  76   85 0.30
  79   95 0.28

  79   80 0.41
   0   33 0.89
  15   16 0.88
  80   83 0.50
  79   99 0.24
  60   93 0.39
  70  113 0.42
  63   72 0.17
   1   40 0.60
  33   44 0.81
  22   66 0.91
  52   65 0.93
  22   41 0.16
  40   78 0.77
  16   58 0.69
  65  109 0.44
  12   48 0.74
  33   76 0.26
  45   81 0.92
  59   90 0.21
  16   21 0.67
  42   42 0.48
  51   71 0.37
  30   71 0.41
  24   33 0.09
  26   61 0.77
  73  107 0.37
  76   76 0.56
  59   60 0.10
  51   66 0.18
  62  104 0.24
  57   63 0.55
  70   94 0.09
  40   81 0.69
  51   59 0.92
  43   56 0.12
  32   42 0.61
   0   44 0.30
  56   70 0.72
  37   74 0.97

  21   68 0.81
  11   24 0.04
  20   52 0.53
  23   27 0.61
  34   64 0.14
  59   67 0.95
  22   31 0.43
   9   57 0.63
  66   78 0.50
  10   62 0.98
   5   58 0.08
  22   49 0.89
  11   49 0.49
  44   52 0.09
  28   46 0.59
  45   61 0.17
  65   87 0.82
  27   36 0.59
  13   61 0.90
  31   59 0.49
  65   83 0.19
  22   35 0.17
  71   97 0.80
  72   86 0.85
  51   78 0.81
  50   96 0.96
  39   62 0.09
  66   89 0.04
   0   17 0.86
   8   35 0.08
  36   43 0.43
  46   74 0.38
  32   63 0.40
  26   32 0.84
  52   55 0.63
   3   17 0.73
  16   49 0.61
  74   79 0.40
  24   56 0.83
   2   18 0.89

