5 100 8
3   20   2   2

   6   19 0.33
  10   27 0.44
  28   29 0.54
  29   53 0.04
  20   23 0.03
  21   32 0.87
  16   34 0.41
   7   25 0.43
  11   38 0.98
  14   37 0.72
  18   46 0.31
  25   35 0.92
  28   28 0.69
  17   37 0.73
  14   31 0.28
  12   12 0.85
  18   39 0.10
  17   23 0.34
  18   26 0.06
   5    6 0.59
  16   30 0.05
  14   36 0.85
  25   32 0.23
   1   15 0.65
  19   21 0.30
   7   10 0.05
   6   16 0.02
  23   51 0.33
  18   40 0.27
   8   24 0.81
  22   32 0.88
  27   50 0.30
   3   19 0.95
  16   38 0.82
  22   25 0.10
  16   36 0.80
   3    7 0.16
  28   34 0.10
  14   26 0.04
   3    6 0.17
   4    5 0.68
   3   18 0.69
   9   34 0.76
  13   31 0.19
  15   36 0.94
   4    9 0.31
  16   30 0.27
  27   51 0.14
  13   40 0.98
   5   24 0.28
  13   32 0.36
  19   40 0.07
  11   25 0.23
   2   26 0.46
  11   14 0.47
  16   34 0.01
  14   30 0.00
  19   48 0.53
  22   51 0.32
  29   49 0.71
  18   36 0.13
   7   14 0.96
   2   18 0.77
  15   31 0.47
  25   46 0.75
  10   19 0.77
  20   43 0.64
   7   27 0.94
  24   24 0.37
  29   49 0.29
  29   31 0.92
  16   30 0.76
  25   25 0.09
  12   37 0.70
   0    2 0.98
   7   18 0.65
  13   31 0.75
   0   11 0.53
  26   42 0.55
  23   39 0.12
   8    8 0.60
   1    9 0.44
  10   19 0.13
  17   42 0.96
   2   28 0.74
   4   16 0.27
  23   43 0.70
   6   34 0.85
  12   39 0.09
  24   27 0.37
  24   36 0.72
  23   51 0.60
   1    3 0.90
  19   23 0.42
  22   45 0.34
  18   37 0.54
   4    9 0.76
  19   39 0.79
  14   25 0.17
  24   44 0.61

   7   22 0.47
  11   31 0.66
  23   34 0.95
   0   25 0.75
  21   37 0.25
  27   34 0.67
   5   26 0.41
  23   52 0.75
  26   33 0.26
  17   33 0.22
  24   48 0.79
  21   21 0.57
  24   35 0.71
   6   18 0.54
   6   11 0.65
  15   19 0.74
  16   22 0.17
  26   47 0.49
  16   17 0.15
  12   18 0.45
   2   26 0.19
  21   46 0.53
   6    6 0.08
  17   20 0.21
   9   27 0.41
   5   32 0.83
  21   26 0.51
   8   15 0.43
  21   47 0.87
  16   40 0.82
  18   28 0.62
  10   10 0.21
  13   14 0.22
  12   27 0.39
  20   22 0.72
  11   21 0.10
   4    5 0.37
   9   28 0.59
  22   27 0.73
  11   21 0.12
  19   25 0.95
   6   10 0.13
  27   56 0.43
  27   49 0.53
  19   38 0.63
   7   32 0.41
  14   38 0.11
   0   27 0.70
  26   34 0.81
  20   24 0.92
  13   41 0.13
   8   26 0.46
  27   55 0.08
  14   38 0.41
  28   40 0.89
   3   28 0.93
  16   44 0.47
   4   27 0.43
  22   41 0.56
   5   30 0.06
   1   19 0.43
  10   22 0.92
  29   49 0.45
   9   38 0.30
   5   17 0.05
  11   30 0.93
  10   20 0.59
  28   41 0.14
  15   38 0.49
  23   49 0.60
   7   27 0.17
  25   32 0.25
   4    9 0.31
   5   21 0.03
  17   17 0.63
  10   15 0.14
  24   42 0.46
  10   10 0.66
  22   29 0.97
  24   37 0.35
  24   42 0.93
  24   45 0.31
  20   41 0.06
  21   22 0.19
  25   34 0.04
   3   22 0.84
   0    3 0.52
   9   37 0.04
  10   12 0.23
   4   33 0.77
   4   25 0.85
  20   46 0.40
   5   28 0.65
  24   38 0.23
  25   29 0.40
   8   20 0.33
   2    2 0.41
  28   34 0.68
   9   20 0.99
   7   11 0.22

  23   28 0.12
   4   25 0.60
  14   34 0.60
  23   41 0.17
  18   41 0.82
   4   33 0.92
   0   22 0.95
  26   37 0.86
   0   14 0.14
  26   40 0.01
  18   37 0.55
  15   24 0.06
  17   17 0.10
  19   32 0.39
  13   16 0.05
   9   38 0.68
   7   33 0.16
  29   45 0.79
  16   42 0.55
  11   32 0.30
  15   22 0.82
   9   32 0.34
   6   29 0.18
  27   46 0.12
  21   50 0.53
   3    6 0.40
   0   27 0.73
  10   27 0.93
  28   56 0.69
  14   29 0.00
   3   29 0.10
  25   44 0.70
   2   23 0.27
  15   22 0.92
  21   47 0.71
   8   27 0.44
  22   22 0.23
  27   47 0.76
   1    9 0.71
   1    7 0.56
   1    2 0.07
  21   37 0.98
   3   10 0.11
   3   18 0.73
  12   29 0.92
   3   22 0.49
  20   39 0.30
   0    5 0.65
   8   25 0.36
  14   30 0.34
  26   29 0.20
   1   14 0.08
  22   26 0.99
   7   30 0.90
   6   26 0.71
  29   48 0.58
   7   33 0.90
   5   15 0.46
  20   37 0.02
  29   29 0.26
  23   33 0.98
  24   39 0.48
  18   47 0.47
   5   23 0.67
  22   25 0.77
  17   42 0.40
  20   25 0.47
  26   40 0.82
  17   39 0.35
   7   34 0.78
   4   21 0.64
   7   18 0.45
   0   15 0.86
  13   37 0.84
  11   14 0.78
  22   31 0.46
  27   36 0.94
  26   32 0.51
  23   46 0.45
  12   31 0.87
  26   46 0.39
   9   27 0.69
  16   21 0.54
  16   30 0.53
  18   29 0.55
   3   22 0.17
  18   39 0.04
  11   37 0.83
   6    8 0.09
  15   32 0.63
  18   20 0.02
  25   30 0.69
  15   16 0.35
  13   16 0.42
  22   39 0.78
  21   49 0.24
  16   41 0.95
   9   14 0.92
   1   22 0.44
  14   28 0.60

