5 30 8
6    2   2  16  16   2   4

   1   11 0.98
   4    6 0.10
   0    3 0.82
   5    5 0.89
   3    8 0.61
   1   16 0.48
   2   21 0.90
   0    9 0.02
   1   12 0.77
   4   21 0.33
   0    4 0.15
   4   21 0.94
   2   13 0.06
   5   16 0.06
   1    2 0.82
   2   14 0.15
   3    5 0.50
   1   11 0.78
   0   15 0.79
   0   21 0.62
   5   27 0.06
   3   21 0.98
   6   28 0.48
   6   27 0.33
   1   20 0.87
   3    9 0.05
   4   15 0.40
   3   11 0.09
   6    8 0.63
   0    9 0.61

   5   20 0.20
   0    2 0.12
   6   28 0.68
   2    4 0.47
   1   19 0.37
   5   25 0.55
   4   23 0.60
   0   22 0.11
   5    7 0.53
   6   15 0.26
   1    7 0.99
   2   16 0.63
   3   22 0.03
   2    9 0.67
   1    9 0.17
   6   13 0.56
   0   14 0.41
   4   20 0.28
   1   16 0.32
   0    5 0.42
   2   10 0.65
   0    8 0.60
   0   18 0.24
   6   11 0.62
   1    7 0.53
   4   21 0.08
   5    8 0.04
   0    7 0.85
   2   10 0.63
   5   17 0.30

   4    7 0.97
   6   16 0.47
   0   20 0.12
   3   22 0.46
   1   18 0.12
   1   16 0.36
   3   21 0.00
   0    5 0.75
   3   15 0.37
   1   13 0.73
   2   20 0.15
   0    7 0.33
   0   20 0.80
   4   21 0.47
   1   16 0.30
   3    6 0.29
   2   13 0.08
   3    3 0.08
   2    6 0.40
   1   15 0.41
   2   10 0.63
   1   18 0.38
   6   12 0.54
   0    1 0.97
   6   23 0.56
   2   14 0.97
   0    1 0.61
   2   20 0.73
   2   21 0.32
   2   14 0.31

   2   14 0.07
   0    0 0.52
   4   10 0.09
   5   15 0.90
   2   17 0.08
   1    7 0.61
   5   25 0.05
   5   21 0.17
   1    8 0.82
   2    9 0.00
   0    3 0.94
   5    8 0.07
   3    4 0.43
   1   21 0.03
   4   12 0.94
   4   26 0.25
   6   13 0.62
   1    8 0.94
   1    9 0.85
   2   20 0.13
   1    4 0.75
   3    6 0.88
   2    9 0.89
   1    5 0.83
   2    6 0.83
   6   23 0.95
   3    6 0.53
   3   19 0.83
   2   15 0.72
   0   18 0.90

   3    6 0.65
   2   17 0.35
   2   18 0.89
   6   12 0.45
   4   25 0.73
   5   21 0.39
   4   26 0.21
   1   13 0.53
   6    7 0.65
   1    2 0.75
   4   12 0.44
   3   24 0.17
   4   10 0.97
   6   25 0.68
   4   21 0.34
   6   17 0.12
   4   21 0.20
   0    0 0.09
   4   15 0.87
   2   22 0.80
   0    9 0.13
   3   12 0.11
   5    7 0.07
   6   22 0.63
   1   19 0.61
   6    8 0.19
   0   14 0.72
   2   13 0.12
   0   10 0.55
   4   26 0.52

   0    0 0.49
   0    1 0.49
   6   27 0.70
   2   13 0.58
   4   11 0.00
   5   18 0.83
   4   11 0.80
   3   13 0.61
   0   17 0.26
   5   22 0.49
   2   24 0.79
   0   18 0.20
   5   12 0.98
   2   23 0.93
   1   12 0.64
   4   26 0.32
   0   22 0.51
   5    8 0.63
   5   21 0.11
   3   22 0.44
   3   22 0.42
   6   15 0.56
   0   11 0.17
   6   14 0.99
   1    6 0.28
   6    7 0.91
   4    5 0.38
   1    1 0.05
   3   20 0.20
   3   23 0.58

