4 30 8
6   10   4  10  10   4   4

   2    3 0.11
   3    8 0.79
   6    7 0.67
   5   11 0.05
   4    9 0.10
   1    2 0.68
   1    3 0.86
   6   12 0.20
   5    8 0.53
   1    2 0.89
   8   14 0.59
   0    7 0.83
   0    7 0.41
   4   10 0.56
   7   12 0.08
   0    8 0.01
   6    7 0.38
   8   13 0.39
   3    4 0.38
   0    0 0.34
   2    9 0.65
   4    8 0.40
   3    8 0.24
   3    3 0.20
   5   10 0.36
   6   13 0.19
   0    6 0.66
   0    8 0.12
   0    7 0.69
   7   14 0.46

   5    5 0.40
   2    4 0.55
   1    4 0.64
   3    5 0.85
   0    5 0.79
   0    8 0.81
   8   11 0.21
   6    7 0.66
   2    3 0.11
   0    5 0.60
   6   12 0.26
   0    1 0.24
   3   11 0.75
   1    3 0.49
   2    4 0.69
   1    2 0.60
   1    9 0.21
   1    7 0.94
   3    8 0.53
   3   11 0.40
   7   14 0.89
   1    5 0.56
   4    5 0.18
   4   12 0.10
   7   14 0.88
   0    3 0.24
   6    7 0.74
   1    2 0.47
   0    4 0.00
   2   10 0.95

   8   14 0.93
   8    8 0.60
   2    9 0.38
   0    1 0.03
   1    3 0.48
   8    8 0.19
   3   11 0.95
   0    1 0.27
   8   11 0.46
   4    8 0.63
   5    5 0.40
   8   14 0.14
   1    5 0.63
   4    9 0.27
   5    8 0.76
   6   12 0.91
   4    6 0.33
   1    4 0.03
   0    5 0.95
   5    5 0.63
   0    0 0.19
   2    8 0.24
   7   15 0.80
   4    8 0.76
   2    4 0.88
   8   15 0.75
   2    7 0.38
   8   14 0.13
   7    9 0.88
   1    1 0.08

   4   12 0.03
   8   11 0.98
   5    5 0.22
   7   10 0.59
   3    3 0.50
   6   13 0.10
   7   14 0.94
   6   11 0.58
   3    8 0.23
   4    8 0.19
   5    5 0.88
   7   11 0.01
   8   14 0.79
   2    8 0.33
   5    8 0.56
   8   13 0.99
   2    8 0.76
   3    8 0.21
   2    7 0.72
   7   15 0.03
   1    2 0.50
   7    9 0.87
   5   13 0.67
   6    8 0.54
   7    9 0.71
   1    7 0.22
   6   12 0.20
   3    9 0.97
   4    6 0.80
   4    9 0.04

   5    9 0.91
   2    8 0.97
   3    6 0.93
   3    7 0.66
   2    9 0.81
   1    7 0.66
   6    6 0.06
   7    8 0.65
   4    6 0.67
   4    9 0.49
   5    7 0.75
   5    6 0.65
   8   15 0.31
   5    8 0.02
   8   16 0.93
   2    7 0.93
   0    4 0.02
   2    4 0.36
   1    4 0.26
   7    8 0.88
   5   13 0.38
   6   11 0.54
   4   11 0.94
   3    3 0.99
   7   12 0.62
   0    4 0.19
   5   11 0.94
   6   10 0.55
   6   14 0.41
   2    2 0.89

   7   10 0.05
   7   12 0.96
   2    9 0.58
   0    0 0.44
   2    4 0.57
   3    7 0.18
   1    6 0.85
   6   11 0.80
   7    7 0.27
   2    5 0.11
   0    8 0.98
   8   13 0.59
   8   11 0.03
   0    3 0.82
   1    8 0.80
   3    8 0.64
   8   13 0.07
   3    7 0.55
   0    7 0.25
   8   12 0.94
   2    3 0.18
   2    3 0.43
   6    8 0.32
   1    4 0.34
   7   12 0.59
   4    6 0.18
   1    1 0.68
   3    8 0.71
   8    8 0.57
   8   14 0.05

