4 50 8
6    2   2  10  10  10   2

  13   13 0.90
  24   27 0.00
   3   12 0.79
   1    2 0.40
  38   49 0.83
   4   16 0.95
   7   14 0.46
  36   37 0.12
  20   26 0.58
  20   24 0.15
  10   20 0.36
  15   16 0.49
  27   39 0.61
  13   15 0.72
  17   22 0.15
   3   10 0.61
   7    9 0.95
  28   32 0.71
  15   16 0.56
  14   19 0.39
   2    6 0.38
  32   44 0.73
  18   23 0.40
  21   31 0.71
  22   24 0.42
  17   21 0.99
   4   17 0.64
  37   46 0.78
  33   41 0.01
  18   31 0.52
  31   34 0.83
  36   39 0.85
   9   17 0.31
  32   39 0.52
  22   32 0.12
  22   25 0.93
   4   14 0.88
  11   15 0.52
  24   29 0.99
   0    6 0.98
  17   30 0.08
  30   33 0.79
  25   33 0.54
   9   18 0.60
  32   32 0.75
  28   31 0.40
   5   11 0.11
   5   14 0.22
   8   11 0.53
  16   29 0.15

  25   27 0.41
  16   25 0.62
   8   10 0.56
   2    7 0.16
   9   10 0.32
  36   36 0.52
   3   16 0.96
  38   40 0.54
   7   13 0.10
   0    7 0.02
  18   29 0.27
  13   25 0.17
  32   39 0.62
  23   36 0.51
  20   20 0.88
  29   30 0.55
   5   12 0.74
  41   54 0.96
  24   25 0.89
  35   47 0.04
  16   18 0.00
  40   47 0.44
  37   49 0.16
  30   43 0.83
  22   24 0.45
   9   12 0.35
  19   28 0.26
  12   20 0.63
  26   36 0.03
  17   18 0.29
  36   49 0.32
   8   14 0.06
  23   34 0.75
  38   40 0.34
  37   49 0.33
   9   19 0.89
  19   31 0.17
   1    3 0.57
   2    6 0.20
  18   18 0.49
  11   15 0.35
  25   38 0.98
  14   20 0.13
   3    4 0.05
  39   40 0.36
  18   30 0.13
  35   48 0.22
   0    6 0.64
  15   25 0.18
   6    6 0.84

  31   32 0.36
  29   39 0.08
  25   27 0.54
  33   45 0.03
   8   12 0.98
   8   13 0.72
  19   27 0.11
  34   36 0.98
   7    9 0.94
   9   22 0.10
  39   44 0.44
  21   27 0.11
  19   28 0.10
  24   36 0.80
  40   46 0.86
  40   40 0.81
   8   21 0.17
  14   19 0.44
  15   22 0.78
  11   12 0.72
  32   34 0.30
   9   20 0.29
   9   18 0.67
  26   30 0.30
  41   48 0.85
  26   29 0.64
   4   13 0.92
  28   29 0.77
   5    7 0.64
   3    6 0.36
  11   12 0.79
  23   32 0.39
   9   14 0.39
  11   19 0.78
  29   39 0.93
  11   19 0.55
   2    2 0.43
  29   36 0.52
  24   31 0.68
  34   40 0.57
  17   24 0.47
   5    6 0.68
  15   17 0.93
  24   26 0.92
   3   14 0.05
  13   24 0.11
  20   27 0.16
  16   26 0.73
   4    9 0.44
  39   45 0.51

  41   43 0.68
  23   26 0.03
  20   29 0.87
  21   29 0.73
  21   27 0.48
  29   36 0.74
  39   48 0.57
  10   17 0.23
  24   24 0.50
  38   48 0.85
  26   34 0.17
   5   18 0.61
   6    8 0.06
  31   37 0.87
   4    9 0.97
   9   10 0.77
  14   26 0.84
  18   21 0.39
  19   22 0.09
  24   35 0.09
  41   52 0.85
  30   35 0.23
  40   41 0.45
  11   16 0.13
  14   19 0.32
  28   32 0.55
  20   33 0.12
  25   27 0.77
  21   25 0.90
  25   26 0.91
   2   10 0.78
   2    2 0.36
   7   17 0.98
   0    3 0.55
  34   42 0.21
  12   25 0.61
  33   37 0.03
   8   18 0.53
  23   28 0.35
   2   13 0.65
   0    8 0.32
  23   35 0.99
   2    5 0.99
  23   35 0.37
  34   39 0.35
  39   49 0.97
  21   21 0.33
  39   48 0.58
  23   28 0.23
  33   40 0.25

  19   29 0.70
   3   15 0.59
   8   21 0.78
  33   38 0.61
   2    2 0.41
  25   32 0.69
   9   18 0.81
  37   46 0.50
  28   32 0.62
   8   13 0.61
  30   43 0.82
  13   26 0.95
  19   30 0.36
  33   33 0.78
  34   35 0.53
  19   29 0.96
   6   14 0.74
  32   44 0.49
  17   22 0.39
  20   33 0.32
  15   20 0.46
  10   23 0.30
  12   13 0.19
  22   28 0.47
   8   20 0.29
  11   19 0.64
  17   25 0.13
  30   36 0.85
  11   13 0.97
  11   13 0.92
   0    0 0.11
   2    5 0.43
  13   23 0.32
  22   28 0.88
  31   33 0.78
   8   15 0.44
  33   34 0.05
  33   36 0.53
  16   25 0.93
  10   13 0.83
  13   26 0.33
  36   42 0.12
  12   18 0.16
  31   41 0.89
  12   19 0.96
  40   40 0.41
  16   25 0.13
  13   17 0.86
   0    0 0.92
  21   26 0.58

  23   36 0.46
  40   51 0.59
   9   19 0.45
  38   51 0.06
  38   44 0.66
   5   11 0.87
  30   31 0.67
  11   18 0.08
   8   10 0.36
  41   49 0.79
  27   29 0.92
  31   38 0.03
  41   50 0.08
   6    6 0.50
  18   27 0.49
  24   26 0.22
  26   34 0.66
  20   29 0.17
  20   28 0.06
  30   43 0.32
  20   29 0.84
  40   49 0.23
   4   16 0.04
   5   17 0.16
  14   19 0.64
  27   29 0.89
  14   22 0.23
  18   20 0.42
  13   25 0.21
  27   29 0.80
  28   31 0.29
  19   25 0.47
  25   25 0.28
  35   37 0.54
  14   22 0.42
  34   45 0.06
  17   25 0.87
  11   16 0.02
  12   25 0.48
   2    6 0.43
  12   19 0.85
  26   37 0.14
   5    9 0.14
   8   13 0.35
  15   23 0.45
  36   44 0.66
   8   16 0.12
  26   32 0.20
   3   14 0.37
   2   13 0.47

