5 20 8
12   10  10   4  10  20   4   4  16   4   4   2  16

  19   21 0.74
  36   45 0.62
   6   14 0.51
  14   18 0.92
  25   28 0.98
   2   19 0.88
   4   21 0.10
  36   37 0.94
  17   17 0.69
  28   29 0.94
  23   33 0.39
  14   34 0.42
  22   43 0.99
  38   59 0.75
   5   13 0.89
  22   35 0.40
   9   12 0.74
  38   53 0.07
  24   46 0.84
  24   40 0.69

  36   46 0.44
  34   38 0.03
  31   49 0.41
  20   36 0.85
  31   36 0.02
   0   23 0.86
  28   28 0.86
   1   10 0.14
  31   33 0.70
  31   37 0.13
  19   21 0.35
   4    9 0.32
  26   38 0.49
   4   19 0.10
   8   19 0.84
  23   25 0.41
  20   41 0.40
  29   48 0.12
  18   20 0.76
  25   43 0.99

   8   22 0.13
  15   21 0.14
   6   16 0.38
   9   29 0.88
   8   11 0.32
  24   43 0.34
   4    7 0.02
   5   29 0.34
  21   30 0.23
   0   15 0.35
   5   19 0.10
  35   56 0.91
  18   43 0.86
  20   44 0.67
   1   19 0.62
   6    6 0.35
   8   32 0.31
  25   39 0.57
  27   33 0.89
  26   38 0.32

  14   39 0.14
  22   27 0.54
  33   45 0.17
  36   40 0.29
  16   23 0.27
  18   30 0.16
  22   46 0.13
  10   15 0.06
  10   13 0.41
  21   28 0.78
  21   37 0.05
  31   51 0.83
   3   14 0.45
  36   51 0.07
   9   11 0.90
  15   29 0.80
   4   25 0.74
  27   35 0.43
  28   51 0.99
  23   46 0.68

  37   48 0.52
  26   37 0.82
   8   29 0.19
  19   37 0.73
  12   32 0.35
   5   20 0.96
  25   28 0.32
  28   37 0.99
  19   39 0.74
  29   45 0.46
   9   10 0.28
   1    4 0.75
  13   21 0.87
   5   19 0.59
  37   51 0.78
  20   42 0.63
  19   32 0.73
   6   14 0.09
  13   26 0.92
  31   47 0.23

   8   13 0.63
  35   47 0.45
  33   51 0.39
  11   19 0.74
  37   44 0.67
  14   19 0.80
  33   45 0.54
  34   43 0.37
  10   11 0.40
  38   50 0.17
  20   35 0.15
  34   46 0.32
  22   35 0.68
  25   48 0.11
   9   21 0.46
  14   16 0.67
  34   56 0.69
  22   29 0.59
  23   24 0.84
  10   29 0.03

   1    3 0.21
  18   41 0.46
   6   22 0.64
  10   32 0.37
  31   52 0.08
  16   26 0.31
  31   35 0.60
  13   14 0.66
   1    8 0.06
  25   38 0.21
  37   46 0.06
  18   33 0.32
  37   57 0.36
  10   28 0.90
  22   35 0.35
   3    7 0.56
  32   44 0.67
  34   57 0.10
  33   58 0.19
   5   26 0.61

  13   18 0.18
  30   42 0.14
  36   61 0.31
  20   32 0.68
  12   29 0.68
   2    9 0.19
   3   23 0.57
  32   32 0.01
  19   41 0.38
  38   38 0.08
  10   10 0.30
  17   19 0.21
  22   36 0.22
   2   10 0.47
  17   37 0.44
  25   33 0.21
  23   37 0.97
   1   10 0.87
  37   53 0.81
  23   25 0.26

  36   46 0.66
  16   37 0.47
  20   44 0.34
  13   21 0.13
  35   46 0.63
  11   20 0.41
   1   18 0.61
   7   11 0.37
   5   28 0.83
   4   29 0.05
  10   28 0.02
  27   47 0.19
   3   28 0.97
   0    6 0.10
  10   16 0.71
  25   32 0.46
  17   26 0.34
   6   28 0.02
   4   13 0.46
   9   33 0.76

  14   39 0.30
  29   39 0.10
  38   48 0.26
   5   22 0.95
  28   32 0.09
   2    3 0.09
   9   22 0.86
  16   41 0.63
  12   18 0.11
  28   36 0.26
  32   41 0.37
   8   24 0.91
  38   56 0.13
  20   31 0.47
  11   20 0.54
   7   17 0.91
  16   32 0.81
  11   32 0.36
   1    7 0.92
  14   27 0.49

  38   48 0.09
   8   16 0.72
  18   26 0.77
  19   19 0.91
  26   26 0.35
   7   20 0.62
  38   47 0.71
  12   33 0.57
  30   49 0.36
  16   32 0.83
  32   51 0.34
   5   29 0.34
  18   23 0.99
  30   35 0.46
   6   23 0.07
  20   39 0.16
  38   62 0.68
  21   32 0.88
   6   27 0.60
   3   11 0.15

  31   40 0.13
  16   31 0.65
   0   22 0.38
  23   32 0.33
  31   39 0.92
   1    4 0.83
   0   23 0.96
  12   13 0.24
  17   22 0.65
  13   37 0.02
   4   14 0.89
  33   42 0.49
  28   30 0.93
  38   46 0.48
   0   11 0.16
  11   13 0.93
   6   21 0.31
  30   31 0.10
   8   16 0.42
  11   34 0.84

