4 60 8
3    4   4   2

   9   15 0.33
  10   21 0.74
   5   16 0.80
   4   16 0.50
   6    6 0.12
   7    7 0.61
   4   14 0.35
   7   16 0.74
  11   11 0.48
   9    9 0.44
   1   12 0.24
   0    5 0.05
  12   16 0.25
   1   10 0.04
   6   10 0.12
   2    2 0.52
   4    9 0.27
   7   11 0.10
   9   11 0.94
   4    4 0.27
   5   12 0.37
   2    8 0.06
   5   13 0.11
   7    9 0.85
   5   13 0.19
  12   19 0.63
   6   18 0.13
   9   11 0.79
  11   11 0.63
  10   18 0.26
   4    8 0.45
   8   13 0.26
   6    7 0.21
   5   17 0.34
  10   21 0.47
   0    7 0.73
   5    6 0.87
   8    9 0.70
   6   14 0.66
  12   18 0.02
   6   14 0.27
   3    7 0.70
  10   13 0.87
   7   13 0.43
  12   19 0.52
  11   13 0.14
   2   12 0.26
   1    3 0.12
   2   10 0.70
   0    2 0.89
   8   19 0.15
   3    7 0.52
   1    9 0.73
  11   15 0.65
   6    8 0.14
   7   11 0.42
   7   17 0.23
   4    7 0.75
   5   14 0.50
   7   15 0.29

   8   14 0.77
  10   18 0.81
   5    8 0.10
  12   16 0.82
   9   20 0.68
  11   11 0.87
   9   10 0.04
   7   19 0.93
  12   13 0.17
   4   12 0.22
   2    4 0.38
   6   13 0.05
  10   13 0.90
   5    6 0.18
  10   11 0.51
   9   21 0.84
   5   14 0.94
   7   19 0.93
  10   15 0.24
   6    8 0.71
   6    8 0.68
   5    6 0.65
   5   14 0.10
   1    6 0.86
  10   12 0.03
  11   15 0.95
   7   14 0.66
  11   19 0.71
   3   14 0.28
   9   20 0.09
  10   21 0.39
   2    5 0.39
   2    9 0.79
   9   13 0.18
   0    0 0.90
  11   11 0.49
   3   14 0.98
  11   16 0.07
   8   17 0.72
   5    8 0.26
   3   13 0.01
   3   14 0.76
   0    0 0.04
   2   13 0.74
   1    7 0.11
   7   13 0.00
  11   11 0.79
   2    4 0.45
   9   10 0.57
   5   16 0.14
  12   17 0.49
   1    8 0.24
   3   14 0.56
   8   18 0.00
   6    8 0.56
   1   13 0.49
   8   11 0.50
   1    4 0.52
   6    6 0.47
   2   12 0.09

  11   15 0.38
   9   16 0.17
  12   14 0.44
   8   17 0.49
   3   14 0.16
   4   12 0.84
   2    5 0.42
   8   19 0.83
   8    9 0.91
   9   16 0.11
   8   16 0.78
   2   13 0.38
  11   11 0.50
   3    9 0.86
   9   16 0.71
  11   11 0.63
   5   16 0.92
   5    5 0.72
   9   10 0.99
   7   12 0.58
   2   12 0.96
   3    8 0.03
   2    4 0.01
   7   15 0.28
  12   16 0.63
   7   13 0.95
   4    5 0.60
   2    5 0.18
   5   11 0.15
   5   12 0.49
   9   19 0.22
   2    4 0.27
   6   14 0.20
  10   12 0.59
  10   18 0.61
   2   14 0.14
   1    7 0.46
  10   20 0.54
   9   17 0.72
   6   16 0.11
   0    8 0.27
   7   12 0.91
   1    8 0.50
   4    8 0.07
   3   13 0.25
   4    4 0.27
  10   16 0.99
   2   10 0.60
   9   12 0.30
  11   14 0.98
   3    5 0.80
   1   10 0.34
   0    0 0.74
   6   15 0.45
  11   11 0.32
  11   18 0.43
   0   12 0.17
   2    4 0.31
   4   13 0.07
   0    0 0.45

