3 25 4
12   10   2   4   2  16  10  20  16   4  16   2  10

 150  185 0.47
  48   58 0.38
 131  150 0.21
 133  177 0.82
  51   95 0.26
   9   19 0.55
 153  195 0.38
 165  205 0.81
 140  153 0.83
  75   90 0.77
  27   63 0.62
 168  175 0.02
 126  152 0.31
  56  106 0.84
 115  123 0.60
 151  190 0.65
 160  203 0.52
 126  131 0.81
 127  179 0.96
  34   85 0.27
 108  140 0.90
 150  153 0.11
  37   83 0.85
  28   66 0.09
 152  192 0.45

 167  186 0.25
  51   84 0.04
 157  199 0.90
  61   75 0.68
  35   63 0.66
  11   15 0.75
 170  193 0.02
 114  129 0.37
  53   56 0.30
 108  148 0.01
   8   65 0.01
  68  124 0.08
 126  180 0.55
  84  120 0.31
 160  171 0.26
  53  110 0.33
  51  100 0.22
  41   81 0.35
  10   58 0.87
   9   43 0.80
  31   40 0.80
  15   44 0.51
  82   96 0.96
 137  165 0.39
  59   82 0.75

 155  192 0.84
  97  149 0.30
 167  211 0.24
  88  113 0.06
   7   28 0.11
  44   93 0.82
 145  156 0.35
 170  218 0.53
 100  120 0.08
  16   59 0.78
 139  143 0.91
 117  154 0.44
  86  126 0.90
 101  154 0.08
  44   73 0.59
 111  156 0.69
  48  102 0.15
  94  138 0.21
 160  212 0.51
 113  117 0.75
  37   57 0.96
 143  157 0.64
  27   61 0.13
 123  174 0.42
  78   87 0.63

 172  222 0.27
 141  187 0.47
  52   96 0.22
 115  172 0.91
  63  100 0.02
 122  179 0.40
 133  188 0.95
 157  163 0.16
 155  189 0.98
  24   49 0.01
  20   56 0.37
  21   72 0.41
 169  187 0.67
 129  158 0.85
  51   96 0.03
  53  110 0.46
 117  122 0.14
 117  139 0.28
  92  140 0.59
  98  135 0.30
 165  220 0.20
 110  115 0.95
 129  173 0.62
  84  132 0.08
  53   80 0.67

  56   72 0.65
   6   33 0.67
 136  143 0.73
  40   81 0.31
 111  117 0.45
 163  208 0.93
   3   44 0.02
 172  177 0.40
 148  198 0.09
  50  107 0.21
  65  104 0.18
 154  186 0.19
  31   46 0.25
  46  102 0.90
 119  160 0.70
 144  149 0.60
   8   23 0.03
  52   55 0.11
 162  162 0.50
  65   80 0.78
  45   67 0.89
  85   85 0.63
  64   76 0.88
 106  154 0.33
  19   47 0.40

  45   73 0.28
  25   74 0.20
 130  136 0.72
  92  110 0.08
  62   69 0.39
 173  192 0.55
  35   91 0.68
 164  212 0.64
  93  102 0.62
  13   13 0.77
  57   72 0.19
 138  140 0.68
  84  124 0.58
  84   99 0.03
  13   63 0.53
  52   90 0.41
  32   44 0.33
 172  194 0.46
  11   39 0.43
 136  192 0.20
  62   84 0.79
 138  140 0.84
  84  138 0.81
  81   82 0.45
 126  145 0.21

  67   77 0.28
  31   81 0.54
  16   28 0.37
  63  113 0.86
 168  182 0.68
  64   97 0.53
 145  188 0.86
  21   22 0.51
  96   96 0.32
 115  172 0.54
  64   65 0.19
 144  176 0.65
  32   77 0.59
 169  198 0.58
   0   17 0.68
  32   45 0.44
  69  115 0.01
   9   41 0.80
  64   92 0.79
  23   46 0.25
  60   66 0.48
  31   81 0.65
  79   81 0.59
  77   78 0.68
 130  173 0.36

 161  217 0.94
 145  151 0.36
  35   78 0.40
 133  136 0.23
 148  154 0.99
  67   91 0.80
  32   40 0.75
  37   66 0.73
  24   40 0.90
 120  166 0.28
 171  202 0.24
  97  117 0.78
  44   56 0.93
 131  162 0.02
 135  143 0.43
 104  144 0.14
  72   72 0.16
 170  205 0.31
  13   39 0.03
  73  116 0.47
  87  126 0.15
 106  131 0.95
  31   37 0.47
 154  155 0.85
 167  175 0.87

  80   86 0.89
 102  120 0.79
  70  112 0.11
   0   12 0.86
  93  147 0.79
 165  176 0.47
 120  128 0.55
 145  166 0.80
 116  138 0.05
  30   46 0.53
  78   78 0.82
 130  182 0.64
  62   79 0.62
  92  120 0.59
 164  167 0.98
 173  200 0.08
  92  121 0.55
 120  165 0.29
 107  123 0.08
  18   20 0.81
  63   80 0.57
  57   92 0.68
  99  109 0.26
 121  147 0.93
  41   95 0.00

 165  219 0.17
  61   67 0.48
 149  184 0.89
 132  135 0.71
  72   84 0.80
  82   89 0.13
 113  139 0.06
 106  106 0.66
  80  110 0.36
  15   15 0.61
  82  111 0.63
 168  182 0.90
  64   98 0.77
 110  155 0.25
 151  151 0.70
  60  114 0.44
 160  211 0.99
 169  190 0.51
  29   36 0.26
  86  112 0.85
  16   35 0.48
  45   74 0.59
 148  165 0.83
  24   43 0.61
  12   12 0.15

  39   92 0.09
 102  148 0.16
 122  151 0.86
 113  139 0.72
  34   65 0.40
 159  197 0.49
   9   33 0.06
 158  194 0.37
 105  161 0.78
  56   97 0.06
 115  172 0.56
  41   52 0.78
 155  165 0.13
 125  174 0.26
 120  173 0.30
  58  104 0.11
  84  136 0.62
  63   98 0.52
 122  178 0.15
  21   34 0.44
 160  195 0.01
 125  132 0.86
  55   81 0.24
  66   70 0.22
 135  187 0.12

 108  160 0.19
  22   63 0.45
 158  211 0.28
  47   73 0.23
 141  179 0.83
  78  118 0.42
 112  126 0.65
  19   49 0.24
 151  186 0.80
  59   94 0.01
 123  167 0.84
  59   95 0.03
 135  178 0.36
  13   16 0.14
 116  170 0.89
 132  176 0.21
  53  103 0.29
 128  135 0.12
  76  122 0.14
 118  127 0.25
 135  170 0.28
 114  115 0.22
 172  203 0.21
 167  220 0.42
 100  151 0.49

