5 100 8
3   10  10  10

  46   61 0.83
  27   46 0.75
  37   47 0.03
  50   55 0.24
   2   17 0.78
  25   44 0.23
  38   59 0.67
  53   74 0.03
  19   48 0.27
  24   55 0.24
  43   63 0.66
  33   38 0.48
  39   39 0.86
   7   17 0.65
  54   88 0.31
  16   51 0.33
  19   52 0.08
  53   68 0.73
  14   39 0.53
  51   59 0.43
   4   18 0.46
  23   54 0.94
   9   41 0.91
  22   41 0.53
   2   34 0.55
  43   52 0.02
  30   53 0.22
  36   57 0.64
  46   64 0.90
  53   56 0.99
   3   36 0.90
  35   68 0.27
  46   72 0.93
   9   18 0.42
  15   40 0.65
  42   77 0.49
  23   50 0.72
   9   38 0.78
  16   32 0.52
  25   44 0.38
   3   25 0.93
  41   43 0.18
  32   33 0.12
   9   27 0.47
   2   14 0.70
  33   57 0.41
  43   48 0.92
   5   22 0.09
  22   26 0.72
   2   36 0.89
  29   65 0.56
  48   71 0.02
  42   61 0.83
  51   62 0.51
  19   35 0.53
  32   66 0.65
  43   70 0.06
  54   57 0.13
  47   62 0.22
   3    8 0.56
  10   15 0.57
  22   33 0.52
  23   35 0.80
   1    4 0.52
  48   68 0.85
  51   54 0.14
   0   34 0.49
  41   59 0.81
  52   73 0.03
  24   42 0.67
  31   67 0.98
  39   50 0.78
  10   38 0.75
  11   11 0.40
   1   16 0.45
   5   24 0.42
  28   44 0.90
   7   20 0.89
   5   26 0.92
   1   23 0.65
  29   57 0.18
  38   40 0.84
   7   12 0.32
  48   59 0.25
  12   43 0.10
  50   78 0.65
   6   21 0.41
  48   65 0.84
  38   72 0.74
  29   33 0.03
  47   66 0.95
  19   26 0.85
   0   17 0.04
  47   81 0.79
  27   35 0.48
  34   37 0.93
  35   71 0.39
  23   56 0.33
  16   27 0.79
  39   58 0.05

  17   29 0.51
  13   45 0.36
  36   48 0.41
  15   40 0.33
  48   56 0.29
  47   51 0.62
  15   23 0.66
  31   51 0.63
  36   48 0.49
  33   35 0.90
  50   67 0.95
   5   11 0.56
  10   22 0.10
  33   44 0.04
   2    3 0.66
   2    5 0.91
  34   53 0.33
  19   52 0.99
   2   33 0.85
  14   36 0.84
  21   21 0.09
  10   41 0.02
   1   32 0.15
  44   51 0.59
   0   36 0.46
  24   41 0.33
  47   68 0.03
  31   41 0.58
  40   51 0.75
  47   76 0.53
  30   41 0.95
  36   48 0.63
  30   55 0.12
  32   64 0.65
  55   65 0.41
   1   10 0.81
  21   22 0.76
   3   24 0.39
  34   53 0.19
  29   60 0.65
  18   52 0.72
  23   44 0.67
  26   51 0.52
  49   66 0.12
  19   29 0.85
  28   52 0.81
  49   76 0.81
  39   71 0.40
  44   65 0.10
  15   48 0.50
  48   48 0.10
  34   39 0.19
  14   14 0.05
  13   36 0.23
  26   41 0.99
  21   32 0.78
  50   53 0.83
  18   26 0.66
  34   52 0.49
   0   18 0.27
  21   39 0.14
  51   65 0.14
  50   51 0.44
   7   29 0.56
  19   31 0.39
  26   39 0.67
  39   67 0.85
  44   78 0.80
  33   67 0.75
  49   55 0.11
  17   29 0.96
  48   64 0.55
  54   82 0.02
  10   30 0.97
  30   39 0.85
  37   52 0.00
  10   24 0.82
   6   39 0.29
  42   53 0.19
  47   77 0.31
  50   56 0.85
  28   32 0.45
   0   16 0.68
  35   59 0.44
  27   37 0.21
  52   73 0.65
  29   47 0.06
   8   14 0.31
  38   40 0.35
  12   35 0.57
  21   26 0.50
  28   44 0.24
  35   66 0.43
  34   60 0.69
   6   30 0.88
   9   25 0.09
  40   59 0.35
  41   41 0.54
  28   44 0.58
   2   33 0.21

  28   49 0.55
  25   32 0.31
  37   42 0.61
  40   49 0.03
  48   48 0.35
  17   20 0.67
  38   66 0.00
  25   43 0.28
   6   10 0.73
  32   60 0.41
  37   56 0.94
   2   15 0.54
  13   30 0.57
  36   36 0.81
  25   42 0.75
  27   36 0.58
  35   70 0.86
  33   61 0.37
  32   49 0.14
  11   30 0.96
  52   83 0.43
  14   29 0.23
  16   43 0.66
  13   29 0.45
  10   41 0.90
  20   33 0.89
  24   39 0.65
  35   35 0.68
  54   58 0.24
  48   63 0.01
  39   70 0.41
  33   36 0.07
  22   49 0.46
  25   26 0.03
   5    8 0.61
  52   71 0.68
   0    9 0.87
   5   28 0.55
  49   49 0.42
  36   65 0.48
  47   62 0.75
  32   63 0.64
  19   28 0.67
   7   23 0.84
  11   11 0.06
  30   46 0.81
  28   32 0.06
   8   20 0.35
  46   68 0.35
  11   13 0.70
  51   65 0.69
  39   56 0.79
  12   35 0.66
  49   74 0.43
  10   12 0.80
   9   22 0.26
  50   65 0.20
   1   35 0.27
  24   56 0.92
   3   15 0.74
  19   23 0.83
  36   44 0.52
  48   55 0.04
  18   30 0.84
  40   52 0.51
  51   78 0.78
  50   64 0.21
  22   43 0.30
  14   21 0.31
  45   75 0.10
  32   57 0.75
  31   34 0.16
  29   29 0.30
   8   22 0.23
   4    4 0.78
  40   64 0.21
  53   62 0.72
  35   53 0.74
  25   41 0.67
  43   49 0.86
   4   37 0.04
  51   82 0.70
   7   28 0.72
  12   34 0.38
  38   51 0.49
   4   23 0.98
  11   33 0.46
  41   68 0.79
   4   16 0.64
  42   61 0.83
  39   69 0.97
  17   33 0.56
  41   52 0.43
  31   46 0.49
  22   27 0.83
  21   52 0.31
  16   17 0.75
  22   35 0.57
  27   62 0.41
  12   45 0.97

