3 60 4
3   16   4  10

  54  139 0.26
  41   67 0.64
  37   74 0.59
   3   12 0.88
  29   99 0.43
  45   85 0.27
   9   80 0.36
  42  147 0.03
  48  122 0.17
  47  123 0.60
  18  127 0.06
  21   38 0.68
  14   89 0.53
  27   89 0.20
  26   87 0.33
   9   85 0.24
  11  116 0.71
  24  125 0.80
  43   78 0.63
  22   96 0.42
  69   90 0.92
  33  143 0.80
  19   80 0.24
   5   27 0.16
   0   51 0.91
  12  103 0.79
  58  158 0.14
  57  127 0.57
  57  154 0.64
  20  130 0.51
  55  163 0.30
   8   97 0.92
  56  138 0.09
   3   41 0.47
  26   41 0.57
  23   83 0.76
  32   79 0.12
   2   92 0.29
  41   63 0.42
  52  162 0.12
  40  120 0.10
   2    6 0.18
  68  173 0.97
  60  145 0.41
  15   21 0.72
  63   63 0.06
  46   55 0.16
  57   73 0.50
  18   62 0.75
  73  141 0.64
  59   86 0.76
  30  109 0.24
  59  121 0.68
  51  149 0.26
  47  150 0.19
  11   43 0.38
  46   56 0.75
  27   88 0.33
  34   83 0.27
  57  101 0.74

   9   31 0.00
  14   55 0.28
  29   68 0.73
  44  109 0.13
  50   51 0.08
  15   86 0.38
  53   80 0.27
  60  157 0.41
  50   64 0.29
   9   72 0.53
  50  133 0.04
  16   27 0.73
   7   69 0.09
  51   97 0.13
  27   57 0.42
  44  149 0.69
  54   66 0.55
  57   91 0.80
  44   68 0.37
  71  113 0.97
  61  123 0.83
  54   58 0.32
  52   70 0.74
  64  114 0.14
  47  136 0.95
  23   77 0.94
  12   39 0.64
  32   47 0.35
  39   60 0.75
  53   66 0.84
  28   95 0.26
  51  127 0.35
  28  127 0.85
  22   55 0.10
  56  105 0.81
  15   27 0.57
   7   67 0.92
  63   98 0.60
  61   95 0.54
  63  174 0.94
  22  129 0.81
  63  126 0.04
  45  129 0.31
  42  131 0.53
  50  110 0.98
   6   56 0.46
   1   84 0.73
  63  148 0.83
  68   90 0.92
  58   87 0.92
  70  169 0.74
  18   85 0.59
  38  125 0.32
  33   60 0.31
  54   85 0.75
  49  107 0.05
  30   92 0.38
  14   46 0.17
  58   90 0.88
  54  160 0.01

  51   81 0.56
  21  121 0.73
  40  105 0.31
  70  135 0.30
  14   94 0.31
  38   84 0.60
  48   82 0.30
   5   86 0.18
  48   73 0.31
  65  101 0.18
  24   35 0.28
  69  148 0.41
  35   97 0.41
  16   97 0.81
  11   30 0.62
  70  118 0.34
  55  155 0.62
  61  133 0.61
  52   84 0.66
  69  149 0.37
  10  118 0.90
  34  140 0.19
  14   79 0.68
  40   59 0.02
  36  114 0.29
  26   45 0.94
  56   82 0.48
  49   97 0.45
  45   82 0.44
  22   64 0.31
  18   65 0.75
  32  138 0.99
  32   75 0.24
  39   47 0.87
  46  129 0.42
  55  152 0.12
  39   44 0.43
  58  114 0.75
   3   54 0.27
  52   61 0.02
  11   92 0.03
  46   46 0.36
  22  116 0.25
  25   34 0.41
  49  127 0.36
  64   96 0.85
   5  108 0.31
   2   73 0.67
  64  173 0.24
   6   47 0.57
  55  117 0.77
   2  100 0.46
   2   24 0.77
   1   80 0.76
  52   78 0.23
  13  110 0.68
  55  100 0.18
  67   70 0.32
   4   31 0.04
  55   82 0.07

