5 80 8
3   16   2   2

   0    7 0.25
   2    2 0.14
   3    9 0.91
   1    3 0.19
   6   12 0.20
   3   12 0.86
   8   16 0.83
   0    9 0.91
   7    8 0.40
   2   10 0.60
   8   15 0.69
   0    0 0.65
   3    5 0.53
   4    7 0.87
   9   12 0.27
   0    2 0.21
   5   10 0.63
   3   12 0.25
   3    6 0.44
   0    6 0.27
   6   11 0.76
   7   11 0.40
   2    6 0.79
   9   14 0.19
   6   13 0.35
   6   14 0.27
   5    8 0.53
   2    4 0.89
   1    1 0.37
   7   15 0.05
   4    9 0.69
   6    7 0.70
   6   10 0.70
   2   10 0.97
   4    4 0.96
   8   17 0.34
   7   11 0.77
   3    6 0.99
   5   13 0.84
   3    7 0.59
   0    9 0.88
   1    9 0.54
   4   10 0.04
   0    8 0.11
   8    8 0.26
   0    1 0.99
   0    1 0.89
   2   10 0.54
   2    5 0.76
   5    6 0.77
   6    7 0.00
   4    5 0.67
   1    2 0.50
   4    7 0.18
   0    5 0.80
   2   11 0.23
   6    9 0.41
   6   12 0.69
   5    6 0.50
   6    9 0.78
   4   12 0.21
   5   11 0.25
   5    9 0.90
   0    6 0.37
   0    6 0.35
   5    9 0.25
   7    7 0.12
   7   16 0.72
   3   11 0.38
   1   10 0.80
   4   10 0.63
   9   13 0.14
   5   13 0.30
   6    9 0.51
   1   10 0.25
   4    8 0.14
   9   11 0.57
   0    9 0.25
   2   11 0.63
   4    8 0.87

   5   11 0.91
   5   12 0.91
   8   12 0.07
   4    4 0.90
   1    7 0.24
   3    8 0.64
   8   14 0.95
   9    9 0.62
   0    7 0.61
   6    6 0.03
   6   13 0.00
   4    8 0.52
   9   12 0.71
   4    6 0.83
   1    1 0.12
   0    9 0.21
   7   10 0.84
   0    1 0.46
   3    4 0.99
   3    8 0.25
   0    0 0.78
   1    8 0.17
   3   12 0.60
   2    9 0.98
   3   10 0.09
   1    8 0.83
   3    5 0.91
   8   17 0.45
   4    4 0.51
   1    5 0.09
   1    3 0.06
   4   12 0.07
   6   13 0.47
   5   13 0.58
   3    5 0.01
   0    0 0.87
   7    7 0.20
   6    9 0.90
   4    4 0.49
   7   16 0.85
   7    8 0.30
   2    7 0.88
   4   10 0.24
   0    2 0.98
   7    9 0.61
   0    8 0.27
   1   10 0.66
   5   11 0.36
   0    2 0.25
   8   12 0.28
   4    9 0.70
   2    7 0.20
   8   16 0.64
   5   12 0.74
   4    4 0.48
   7    7 0.99
   1    4 0.51
   0    9 0.07
   0    5 0.82
   7   12 0.76
   0    1 0.51
   5    9 0.35
   3   10 0.49
   6   12 0.22
   4    4 0.91
   7    8 0.29
   2    7 0.38
   9   16 0.18
   2    4 0.86
   4    4 0.77
   2    7 0.65
   5   14 0.91
   9   15 0.94
   6   10 0.07
   3    7 0.97
   7   11 0.73
   9   14 0.92
   9   12 0.81
   0    0 0.12
   3    6 0.14

   6    7 0.09
   8   11 0.04
   5    7 0.24
   8    8 0.18
   2    8 0.29
   0    9 0.20
   1    5 0.06
   8   16 0.58
   3   11 0.90
   9   14 0.33
   4   11 0.98
   7    9 0.49
   5    7 0.56
   2    8 0.31
   2    3 0.57
   2    6 0.90
   0    7 0.14
   8    9 0.42
   0    4 0.27
   3    4 0.44
   5    6 0.68
   1    2 0.15
   1    5 0.07
   2    4 0.57
   9   14 0.43
   5    9 0.06
   0    9 0.75
   8   16 0.65
   8   12 0.64
   0    8 0.41
   9   12 0.55
   8   14 0.36
   3    8 0.69
   1    6 0.88
   5   12 0.77
   1    2 0.43
   4    8 0.29
   4    8 0.65
   3   12 0.47
   5    6 0.31
   3    5 0.39
   2    8 0.34
   2    5 0.24
   5   13 0.29
   7   12 0.25
   1    1 0.61
   6   14 0.64
   7    9 0.12
   8    9 0.53
   6   13 0.64
   3    4 0.95
   4   12 0.21
   7   10 0.72
   1    5 0.01
   8   12 0.40
   6   13 0.50
   8   10 0.46
   7   11 0.48
   7   15 0.06
   5    7 0.93
   9   10 0.01
   7    8 0.75
   2    6 0.93
   3   10 0.30
   6   13 0.13
   6    6 0.57
   4   12 0.70
   3    8 0.50
   1    1 0.52
   9   11 0.59
   2    3 0.54
   4    4 0.85
   0    7 0.90
   7    8 0.39
   6    9 0.00
   8   11 0.23
   0    8 0.16
   8   15 0.33
   1    5 0.45
   9   17 0.11

