3 20 4
12   16  10  16   2  16  10  10  16  16   4   2  10

  10   62 0.23
  35   47 0.67
  23   28 0.05
   6   50 0.45
  16   27 0.98
  43   47 0.11
  47   91 0.53
  15   50 0.88
  41   78 0.88
  40   55 0.89
  32   56 0.43
  37   65 0.40
  45   53 0.07
  40   77 0.92
  37   75 0.26
   2   16 0.09
  40   77 0.27
  51   89 0.43
  33   74 0.41
   6   40 0.60

  41   82 0.25
  30   68 0.62
   5   26 0.83
  26   52 0.43
   5   10 0.11
  26   34 0.20
  26   56 0.72
   9   60 0.27
   2   53 0.97
   5   47 0.21
  33   79 0.86
   0   25 0.52
  40   61 0.12
  24   73 0.49
  42   42 0.85
  29   74 0.92
  39   91 0.83
  18   60 0.64
   8   24 0.51
  13   53 0.27

  22   24 0.64
  19   29 0.88
   3   21 0.65
  23   23 0.47
  36   61 0.77
  49   91 0.84
   4   36 0.10
  43   50 0.56
  10   59 0.47
  36   38 0.14
   6   45 0.09
  34   63 0.69
  16   34 0.49
  41   49 0.77
  25   41 0.58
  11   13 0.32
  46   98 0.80
  22   45 0.07
  15   51 0.40
  41   43 0.55

  52   96 0.97
  12   15 0.09
  38   66 0.10
  16   26 0.96
  50   64 0.68
  39   62 0.00
  45   56 0.42
  31   68 0.86
  39   60 0.73
  31   34 0.78
  23   64 0.10
  32   71 0.56
  24   53 0.80
  18   66 0.50
  33   76 0.97
  17   41 0.34
  22   27 0.94
   0   39 0.67
  45   85 0.69
   5   13 0.26

  26   29 0.85
   0   13 0.11
  39   89 0.83
  23   70 0.06
  40   48 0.30
  42   78 0.03
  48   55 0.06
  16   51 0.75
  26   32 0.57
  45   47 0.10
   6   14 0.32
  30   58 0.08
  40   78 0.37
  37   62 0.04
  10   61 0.49
   7   10 0.79
  22   39 0.46
  43   43 0.64
  32   33 0.54
  48   48 0.27

  21   67 0.40
  13   48 0.52
  37   81 0.93
  40   44 0.11
   7   28 0.65
  14   24 0.83
  40   67 0.58
  15   17 0.75
  12   64 0.54
  15   45 0.80
  16   26 0.62
   6   48 0.05
  15   36 0.81
  31   36 0.22
  12   49 0.26
  43   90 0.29
  17   63 0.61
  38   74 0.91
   0   47 0.55
   0    5 0.08

   1    4 0.71
  19   37 0.29
  16   64 0.99
  14   44 0.42
   1   45 0.20
  29   73 0.41
  21   32 0.43
  36   72 0.07
   8   42 0.03
  19   62 0.34
  20   32 0.39
   0   52 0.35
  25   76 0.05
  27   79 0.55
  41   52 0.30
   3   16 0.65
  29   57 0.14
  52   54 0.49
  34   85 0.07
  15   19 0.68

  39   77 0.06
  29   63 0.91
   9   46 0.78
  52   55 0.48
  46   57 0.12
  31   45 0.09
  37   37 0.84
  35   79 0.56
   6   47 0.25
   5   56 0.23
  28   80 0.65
  38   81 0.44
  31   52 0.53
  21   69 0.83
   9   56 0.11
   4   37 0.65
  19   41 0.70
  44   71 0.93
   7   17 0.92
  30   79 0.86

  49   88 0.34
  32   62 0.18
  25   30 0.62
  34   34 0.23
  37   62 0.74
  17   25 0.18
  44   83 0.07
  51   75 0.68
   6   15 0.59
  43   62 0.53
  27   65 0.47
  17   57 0.35
  52   83 0.48
  17   35 0.06
  42   82 0.33
  44   68 0.50
   0   45 0.89
  34   81 0.27
  35   56 0.75
  33   55 0.94

  51   54 0.23
  37   82 0.16
  34   83 0.19
  40   68 0.01
  31   71 0.35
  16   59 0.68
  30   57 0.42
   2    7 0.77
   2    3 0.00
  13   39 0.28
   3   35 0.27
   2   12 0.70
   6   34 0.03
  36   42 0.07
  52   72 0.67
  34   66 0.25
  14   43 0.46
   3   53 0.74
  12   55 0.73
   8   44 0.78

  28   48 0.04
  31   48 0.22
  31   73 0.63
  22   56 0.23
  51   91 0.03
  44   52 0.58
  45   66 0.03
  30   70 0.85
  36   73 0.96
  15   30 0.38
  11   29 0.95
  37   47 0.38
   8   28 0.10
  42   56 0.81
   8   36 0.98
   6   32 0.09
   4   33 0.58
  10   35 0.01
  31   78 0.81
  49  100 0.39

   2   23 0.37
   2   28 0.13
   8   38 0.41
  41   47 0.14
  33   39 0.11
  42   93 0.74
  36   78 0.74
  45   52 0.34
   1   42 0.98
  31   79 0.50
  24   48 0.39
  35   72 0.89
  32   41 0.86
  26   49 0.26
  19   56 0.51
  35   58 0.00
  35   65 0.76
  29   37 0.50
  10   36 0.28
  45   84 0.28

