3 80 8
3   16  16   4

   7   16 0.20
   6    8 0.04
  16   22 0.83
   3   10 0.67
  27   37 0.81
   1    4 0.06
  16   37 0.18
  24   30 0.03
  11   11 0.78
   6   12 0.05
  25   49 0.23
  16   22 0.66
   1   21 0.32
  11   11 0.51
  23   39 0.01
  27   46 0.40
  22   43 0.29
   3   15 0.32
  14   19 0.45
  11   17 0.89
  22   31 0.31
  12   16 0.26
  19   43 0.94
   3   20 0.17
  16   27 0.65
  24   25 0.24
  10   12 0.64
  22   24 0.47
   2   24 0.07
  14   16 0.84
  17   41 0.84
   3   18 0.48
   2   20 0.18
   7   27 0.01
  25   43 0.63
  19   27 0.46
  10   34 0.86
  23   26 0.55
  29   58 0.77
  23   51 0.48
   5   27 0.51
   0   14 0.09
   3   31 0.52
  13   33 0.96
  10   23 0.47
   0   13 0.04
   5    5 0.30
  18   41 0.11
  18   37 0.86
  14   22 0.41
  17   37 0.71
  10   36 0.03
   6   20 0.05
  19   31 0.17
  21   44 0.07
   8   26 0.08
   6   30 0.12
   4   27 0.38
  13   35 0.67
  11   31 0.31
   8   10 0.70
  28   50 0.18
  16   38 0.25
   0   29 0.19
  11   31 0.11
  21   38 0.39
  14   28 0.81
  14   20 0.13
  14   34 0.76
   2   18 0.14
   5   23 0.42
  18   45 0.34
  28   32 0.21
  17   31 0.08
  26   50 0.98
  19   29 0.89
  27   54 0.40
   1   13 0.72
   4   20 0.34
  28   32 0.00

  29   42 0.20
  28   39 0.67
  18   31 0.80
   1   16 0.27
   9   19 0.85
  28   41 0.53
  29   33 0.94
  14   19 0.82
  21   34 0.18
  28   30 0.57
  29   48 0.46
  13   31 0.23
  20   21 0.43
  12   22 0.10
  26   26 0.79
  27   39 0.72
   5   13 0.61
  10   11 0.27
  28   51 0.67
  16   33 0.83
  16   40 0.54
  18   30 0.61
  11   36 0.61
  13   17 0.75
  23   37 0.82
   9   38 0.83
  29   36 0.30
   8    8 0.81
  10   21 0.19
  26   45 0.95
  22   25 0.38
  13   13 0.71
  25   26 0.04
  14   18 0.43
  17   42 0.61
  23   25 0.64
  24   27 0.52
   8   22 0.77
   1    4 0.07
  21   44 0.61
  27   51 0.36
   5   14 0.35
  18   32 0.83
  16   26 0.34
   7   24 0.03
  21   37 0.54
  27   33 0.24
  22   47 0.60
  12   32 0.80
  18   33 0.49
  11   23 0.68
  18   23 0.49
  26   30 0.57
  22   45 0.04
  15   18 0.54
  27   52 0.61
  11   11 0.82
  27   49 0.94
  27   36 0.38
  28   50 0.25
  18   24 0.25
   0   22 0.77
  20   32 0.79
   1    2 0.25
  13   38 0.57
   4    8 0.09
  12   37 0.56
  28   49 0.02
  18   33 0.65
   4    4 0.98
  13   21 0.34
  26   55 0.32
  12   31 0.05
  16   20 0.37
  26   53 0.17
  10   34 0.28
  18   20 0.21
   4    8 0.64
  24   42 0.18
  14   29 0.30

  22   50 0.65
   8   18 0.69
  12   35 0.56
   2   23 0.93
   3    5 0.21
  24   46 0.49
  14   16 0.82
   1    7 0.48
  18   33 0.15
  20   45 0.45
   7   30 0.76
   9   27 0.32
  12   17 0.97
   0    3 0.49
  10   32 0.63
  17   46 0.65
  24   47 0.48
  27   52 0.16
   0   28 0.03
  27   51 0.18
   7    7 0.70
  11   20 0.48
  20   32 0.08
   5   12 0.55
   5   20 0.10
  12   21 0.39
   2   17 0.08
   5    8 0.26
   1   16 0.70
  13   41 0.21
  13   38 0.19
   7   21 0.06
   6   24 0.92
  15   16 0.62
  27   38 0.31
   0    1 0.50
  18   26 0.13
   7   13 0.95
  14   43 0.43
   3   29 0.94
  16   45 0.90
  21   26 0.52
  16   19 0.82
   0    9 0.94
  22   22 0.72
  15   15 0.73
  24   38 0.40
  21   40 0.32
  29   52 0.64
  16   21 0.98
   3   10 0.24
  22   43 0.70
  22   26 0.87
   4   28 0.91
   2   24 0.99
   7   16 0.23
  17   43 0.18
   5   30 0.28
   8   10 0.76
  16   37 0.63
  16   30 0.21
  15   25 0.97
  19   20 0.33
   1   19 0.45
  23   23 0.20
  15   37 0.82
   6   21 0.45
   8   14 0.45
  17   45 0.98
  15   16 0.65
   9   35 0.14
  26   26 0.97
  28   49 0.34
  13   24 0.07
  21   26 0.54
  26   53 0.59
   4   26 0.22
  14   29 0.67
  27   44 0.33
   8   30 0.32

