5 30 4
6   20  16  16  10   4  10

  15   64 0.94
  55   98 0.45
  28   73 0.28
  33   67 0.97
   0    3 0.30
  30   50 0.97
  18   42 0.88
  39   46 0.09
  53   99 0.64
   1   48 0.63
  19   56 0.64
  54  105 0.13
   5   48 0.05
  16   62 0.06
   9   48 0.19
  23   63 0.90
  34   50 0.06
  30   78 0.20
   1   22 0.14
  40   53 0.46
  15   23 0.32
   6   49 0.10
   6   56 0.26
  56   59 0.63
  37   82 0.32
  40   89 0.27
   8   48 0.34
  51  103 0.15
   4   17 0.72
  40   73 0.77

  43   97 0.55
   5   46 0.62
  40   88 0.18
  39   47 0.85
  54   54 0.29
   8   27 0.76
  40   75 0.59
  51   92 0.25
  45   45 0.42
  51   57 0.29
  39   75 0.15
  56  103 0.99
  28   59 0.72
  36   87 0.03
  40   66 0.24
   3   47 0.44
  17   31 0.52
   9   40 0.75
  51   65 0.96
  15   56 0.46
   9   22 0.45
  12   35 0.59
  30   33 0.83
  29   29 0.42
  53   56 0.34
  21   47 0.47
  53   64 0.84
  30   65 0.57
  20   56 0.12
  26   68 0.97

   3   59 0.60
  12   39 0.26
  40   64 0.10
  29   32 0.82
   8   44 0.60
   5   26 0.71
  19   45 0.89
  44   56 0.62
  18   39 0.27
  26   57 0.32
  51   52 0.19
  20   27 0.06
  15   59 0.51
  16   18 0.72
  52   70 0.43
  43   60 0.81
  22   69 0.86
  50   85 0.38
   7   14 0.07
  22   67 0.72
  29   42 0.53
  42   66 0.11
  35   43 0.81
   4   11 0.59
  23   66 0.04
  36   82 0.85
  35   77 0.26
  54   63 0.80
  56  108 0.61
  31   64 0.92

  50   60 0.80
  11   45 0.28
  31   68 0.83
  13   32 0.10
  45   93 0.14
  45   58 0.49
  18   67 0.77
  54   62 0.21
   2   38 0.02
  14   18 0.98
  40   55 0.23
  39   60 0.32
  48   83 0.47
   3   41 0.97
  53   66 0.83
   6   13 0.90
  20   58 0.07
  32   42 0.27
  51  106 0.48
  31   46 0.75
  38   73 0.55
  14   49 0.64
  40   41 0.64
   7   39 0.79
  19   65 0.69
  10   20 0.09
  13   21 0.27
  13   51 0.73
   1   16 0.61
  21   73 0.46

   4   20 0.95
  40   90 0.99
   6   38 0.75
  53   62 0.60
  28   81 0.25
  53   66 0.91
   4   52 0.51
  36   37 0.91
  32   83 0.84
  19   69 0.13
  20   54 0.67
  24   36 0.00
  32   76 0.57
   2   50 0.86
  25   41 0.46
  45   77 0.81
  23   79 0.96
  21   23 0.17
  48   57 0.06
   1   30 0.30
   4   55 0.85
  25   60 0.56
   7   18 0.23
  21   27 0.23
   1   30 0.46
  44   64 0.14
  42   60 0.28
  55  108 0.73
  45   60 0.67
  40   71 0.91

  16   59 0.50
  10   57 0.86
  24   76 0.81
  28   69 0.76
   5   15 0.71
   8   53 0.79
  22   49 0.19
  33   58 0.07
  40   61 0.30
  22   53 0.53
  35   43 0.34
  23   62 0.25
  52   55 0.60
  43   76 0.16
   8   59 0.17
  11   55 0.30
  56   93 0.24
  28   51 0.23
  49   55 0.69
  22   40 0.49
  12   66 0.86
  17   35 0.44
  20   33 0.86
  48   85 0.25
  41   76 0.01
  39   68 0.37
  52   91 0.50
  13   15 0.68
   1   36 0.56
   9   43 0.88

