5 80 8
3   16  10  10

  16   53 0.76
  18   50 0.76
   9   39 0.45
  23   60 0.77
   7   47 0.99
  40   59 0.71
  21   61 0.29
  53   94 0.91
  18   52 0.98
   1   32 0.05
  13   46 0.75
  37   81 0.56
  41   84 0.51
   0   53 0.99
  47   60 0.35
   2   18 0.30
  48   54 0.31
  12   19 0.69
  36   87 0.63
   2   35 0.74
  28   53 0.55
   1   10 0.10
   4   38 0.59
   1    1 0.09
  40   51 0.17
   8   49 0.75
  49   64 0.00
  45   91 0.69
  46   97 0.21
   1   51 0.74
  20   50 0.10
  12   48 0.44
  30   61 0.85
   9   45 0.72
  32   84 0.51
   2   44 0.65
  25   37 0.11
  35   36 0.99
   9   57 0.70
  40   79 0.57
  24   63 0.33
  47   89 0.51
   5   31 0.36
  47   52 0.28
   5   34 0.95
  11   12 0.75
  14   37 0.29
  13   37 0.85
  43   87 0.59
   7   36 0.04
  45   88 0.70
   2   36 0.78
  52   72 0.00
  50   63 0.04
  23   66 0.62
  49   80 0.59
   7   57 0.17
  13   19 0.75
  13   54 0.18
  32   64 0.92
  40   78 0.52
  34   85 0.18
  26   57 0.78
  31   62 0.13
  30   43 0.79
  43   76 0.52
   6   36 0.61
  32   46 0.50
  33   63 0.30
  19   20 0.70
  16   58 0.98
  15   55 0.88
  44   93 0.34
  23   75 0.74
  26   75 0.84
  21   57 0.32
  10   59 0.23
  24   36 0.95
  52   61 0.39
  23   58 0.21

  33   78 0.81
  27   69 0.43
  48   87 0.57
  53   89 0.06
  42   46 0.12
  30   58 0.69
  29   78 0.21
  15   27 0.49
  20   56 0.88
  43   68 0.64
  16   68 0.25
   6    8 0.38
  34   35 0.84
  30   46 0.32
  30   37 0.34
  25   57 0.56
  43   94 0.50
  19   62 0.11
  27   37 0.06
  18   49 0.57
  19   26 0.08
  49   94 0.31
  35   42 0.45
  14   29 0.71
  12   20 0.25
  39   42 0.59
  11   32 0.09
   5   27 0.22
   5   14 0.74
  48   88 0.71
  45   65 0.83
  22   56 0.68
  21   30 0.22
   2   40 0.41
  13   50 0.60
   3   50 0.32
   6    7 0.55
  40   58 0.52
  31   44 0.10
  15   25 0.87
  40   70 0.06
  49   58 0.70
  40   53 0.03
  23   66 0.59
  38   91 0.82
  26   47 0.73
  21   74 0.26
  52   89 0.72
   0   43 0.60
  50   86 0.62
  17   24 0.92
   1   28 0.96
  11   26 0.86
  23   59 0.31
   5   46 0.35
   2   41 0.02
  49   77 0.34
  13   46 0.77
  19   48 0.53
  30   78 0.83
  52   90 0.37
  52   89 0.49
  32   40 0.75
  42   44 0.93
   5   20 0.16
  35   71 0.66
   8   12 0.90
  20   48 0.43
   2   34 0.13
  13   66 0.02
  42   45 0.70
   6   24 0.93
  31   64 0.77
   9   37 0.71
  46   66 0.46
  46   66 0.67
  29   67 0.61
   4   16 0.04
  12   24 0.32
  39   69 0.99

  25   29 0.11
  34   83 0.32
   5    7 0.37
   7   25 0.73
  47   49 0.23
  44   91 0.49
  35   57 0.55
  18   66 0.85
  13   23 0.22
  13   29 0.49
   3   28 0.30
  38   66 0.20
   8   44 0.90
  15   42 0.70
  47   95 0.52
  21   62 0.07
  48   61 0.98
  35   86 0.71
  26   51 0.04
   7   47 0.23
  14   51 0.23
  27   76 0.99
  25   41 0.37
  19   23 0.87
   4   15 0.55
   7   17 0.60
  44   83 0.95
  36   85 0.62
  11   61 0.93
  27   55 0.15
  11   13 0.54
  24   28 0.52
  45   97 0.06
  21   66 0.30
  39   72 0.70
  34   71 0.14
  53  103 0.00
  53   97 0.66
  29   68 0.23
  30   75 0.64
  31   47 0.24
  21   73 0.07
  50   74 0.37
   7   16 0.27
  27   62 0.64
  33   46 0.08
   3   30 0.50
  11   61 0.92
  19   48 0.04
   0   47 0.92
  46   59 0.06
  27   35 0.12
  23   71 0.72
  51   59 0.54
  31   32 0.39
  14   30 0.37
  49   68 0.55
   3   34 0.80
  16   55 0.34
  24   45 0.68
  32   50 0.35
  36   69 0.30
  37   56 0.25
  53   89 0.83
  16   33 0.50
  42   82 0.16
   2   21 0.67
  12   52 0.05
   9   44 0.47
  14   56 0.93
  34   61 0.81
  34   63 0.24
   9   41 0.76
  33   44 0.34
  24   45 0.77
  29   81 0.26
  27   71 0.07
   2   49 0.39
  27   36 0.32
  30   81 0.07

