5 60 8
3    2   2  20

   2   12 0.01
   7   31 0.68
   3    3 0.98
   0   19 0.34
   4    7 0.50
   7   14 0.46
   0    2 0.15
   7   18 0.29
   2    3 0.74
   2   11 0.81
   8   33 0.01
   0   17 0.94
   8    8 0.37
   5   23 0.69
   6   13 0.67
   5   11 0.64
   8   19 0.83
   2    8 0.00
   6   16 0.07
   3   17 0.47
   1    4 0.50
   7    8 0.69
   6   31 0.57
   0   11 0.53
   0    0 0.45
   4   16 0.21
   6   12 0.38
   0    9 0.02
   4   25 0.41
   8   20 0.84
   7    9 0.59
   6   15 0.80
   0   12 0.97
   1   10 0.33
   7   33 0.63
   4   25 0.59
   6   32 0.37
   2    5 0.44
   7   27 0.94
   1   16 0.04
   8   12 0.91
   1   16 0.78
   5   20 0.79
   1   18 0.99
   2   18 0.61
   5   26 0.90
   6   15 0.13
   2   26 0.22
   7   11 0.17
   3   11 0.84
   1    4 0.96
   6   28 0.64
   1   10 0.86
   4   20 0.59
   1   24 0.80
   8   20 0.22
   0    1 0.15
   6   26 0.40
   5    8 0.19
   3    5 0.08

   7    9 0.82
   6   15 0.60
   6   29 0.11
   2    5 0.07
   1    2 0.26
   2   24 0.29
   8    9 0.47
   3   27 0.62
   3   27 0.92
   8   26 0.48
   8   24 0.87
   1    2 0.97
   2   24 0.63
   0   24 0.25
   8   26 0.89
   1   12 0.18
   6   28 0.75
   5   23 0.20
   1    3 0.74
   3   23 0.23
   0    6 0.52
   8   21 0.18
   2    4 0.80
   6   23 0.47
   4    6 0.02
   6   18 0.28
   5   21 0.05
   3   17 0.49
   5   28 0.95
   6   24 0.40
   3   25 0.24
   3    6 0.78
   2   21 0.32
   7   33 0.92
   0   11 0.55
   6   15 0.21
   7    8 0.73
   6   29 0.40
   6   19 0.78
   8   34 0.68
   4   10 0.92
   1   10 0.02
   7   20 0.82
   0   22 0.88
   6   12 0.58
   5    6 0.05
   5    6 0.36
   0   12 0.77
   5   20 0.43
   1    1 0.61
   4   22 0.55
   8    9 0.36
   1   26 0.52
   3   16 0.64
   4    7 0.51
   4    6 0.38
   8   33 0.63
   2    6 0.06
   6   14 0.60
   0    5 0.02

   0   23 0.19
   7    7 0.34
   3   24 0.10
   0    8 0.72
   8   16 0.28
   2   26 0.17
   7   26 0.19
   3   12 0.35
   4   28 0.80
   0   20 0.39
   0   17 0.43
   4   24 0.65
   3    3 0.87
   3   23 0.27
   6   23 0.82
   7   13 0.37
   2   18 0.73
   5    7 0.26
   4   15 0.87
   4   28 0.02
   3   13 0.41
   7   25 0.51
   1    3 0.43
   7   11 0.77
   2   28 0.73
   6   28 0.38
   2   16 0.96
   6   24 0.67
   0   23 0.39
   2    5 0.63
   5   31 0.92
   1   16 0.61
   1   11 0.10
   3    7 0.52
   4   11 0.93
   1   18 0.44
   6    8 0.46
   7   26 0.75
   7   26 0.14
   1    3 0.33
   7    9 0.80
   2   14 0.85
   0    6 0.98
   6   26 0.32
   2   18 0.03
   4   14 0.74
   8    9 0.40
   8   27 0.44
   7    9 0.58
   3    6 0.44
   2   28 0.47
   4   23 0.07
   5   10 0.82
   3   24 0.34
   4   20 0.07
   7   27 0.06
   8   17 0.59
   5   30 0.38
   3   13 0.08
   3   25 0.99

