5 40 8
6    2  10   4   4   2  10

   6   12 0.36
   1    5 0.58
   2    7 0.15
   7   13 0.98
   2    2 0.35
   3    7 0.23
   7   14 0.55
   4    6 0.16
   2    2 0.59
   7   11 0.75
   3   10 0.29
   1    1 0.84
   7   13 0.71
   4    6 0.40
   4    4 0.61
   2    4 0.91
   5   11 0.73
   4    7 0.84
   0    3 0.06
   3    8 0.91
   3    9 0.47
   4    8 0.83
   6   11 0.74
   4   11 0.17
   1    8 0.64
   5    6 0.51
   0    6 0.56
   7   13 0.93
   6    9 0.72
   0    3 0.70
   1    5 0.06
   1    3 0.50
   2    8 0.03
   5   11 0.85
   3    3 0.62
   6   11 0.68
   7    7 0.56
   5    8 0.54
   3   10 0.84
   0    2 0.43

   7    9 0.97
   2    4 0.27
   1    5 0.69
   1    4 0.97
   2    2 0.65
   4    7 0.97
   2    5 0.57
   6   13 0.11
   6   12 0.98
   5   12 0.18
   7    9 0.84
   7   10 0.75
   3    9 0.77
   7    9 0.91
   3    7 0.46
   5   12 0.64
   6    7 0.72
   4    7 0.36
   0    6 0.94
   4    8 0.47
   6   10 0.98
   7   14 0.26
   2    7 0.40
   1    5 0.97
   5   10 0.60
   1    2 0.34
   0    0 0.58
   6    7 0.77
   0    7 0.46
   7   13 0.12
   7   10 0.36
   4    6 0.43
   2    4 0.44
   3   10 0.99
   0    3 0.14
   0    2 0.66
   5   11 0.54
   0    7 0.57
   4    5 0.63
   1    4 0.31

   2    4 0.70
   2    2 0.06
   7    8 0.99
   0    2 0.54
   3    3 0.17
   5    5 0.28
   2    4 0.44
   2    6 0.20
   6   10 0.72
   5    6 0.14
   5    8 0.73
   3    4 0.29
   3    8 0.56
   6    7 0.41
   4    9 0.51
   4   11 0.87
   1    5 0.44
   5   11 0.07
   0    4 0.46
   7    9 0.52
   5    8 0.46
   7   12 0.91
   1    3 0.55
   0    1 0.93
   4   11 0.63
   1    5 0.12
   1    6 0.14
   5    9 0.91
   2    3 0.79
   0    6 0.30
   4    4 0.29
   2    6 0.17
   3    4 0.24
   2    8 0.01
   6    6 0.78
   7    9 0.39
   2    6 0.83
   5   12 0.83
   5    5 0.74
   3    7 0.86

   7    8 0.76
   7   10 0.72
   0    0 0.47
   6   11 0.71
   6   13 0.78
   5    6 0.97
   7    8 0.76
   1    5 0.65
   5    6 0.58
   0    4 0.66
   4    9 0.41
   1    8 0.57
   5   10 0.83
   5    6 0.36
   2    7 0.77
   4    4 0.20
   4    5 0.55
   5    5 0.82
   4    6 0.91
   3    3 0.08
   1    8 0.64
   5   11 0.62
   0    0 0.05
   1    4 0.92
   0    3 0.97
   6    8 0.47
   5    5 0.60
   2    5 0.46
   0    3 0.06
   0    6 0.88
   2    8 0.35
   0    0 0.17
   3    9 0.69
   2    9 0.56
   1    4 0.74
   3    3 0.46
   6    6 0.43
   6    6 0.12
   3    6 0.69
   0    3 0.61

   1    6 0.03
   3    6 0.73
   4    6 0.69
   4    5 0.60
   0    5 0.94
   3    4 0.67
   1    4 0.94
   0    7 0.05
   2    2 0.83
   6    9 0.21
   1    2 0.43
   7   14 0.90
   0    2 0.15
   6    7 0.82
   2    4 0.26
   6   13 0.61
   2    2 0.20
   6    9 0.15
   4    5 0.23
   3    8 0.28
   6    9 0.66
   5   10 0.51
   2    5 0.46
   2    2 0.53
   2    7 0.95
   0    7 0.40
   0    4 0.24
   4    5 0.93
   3    5 0.84
   6   11 0.87
   7   10 0.47
   1    4 0.26
   6    7 0.79
   5    9 0.42
   0    4 0.29
   0    1 0.66
   6    9 0.34
   6   11 0.83
   0    5 0.59
   4   10 0.83

   6   10 0.40
   5   11 0.00
   0    3 0.72
   2    3 0.44
   1    1 0.55
   5   11 0.30
   7   13 0.52
   1    3 0.54
   0    0 0.30
   1    2 0.39
   3    5 0.54
   1    8 0.39
   3    8 0.28
   5   10 0.63
   5    5 0.21
   7   11 0.90
   2    6 0.65
   6    9 0.29
   4    8 0.35
   0    2 0.56
   6    9 0.80
   0    0 0.01
   5    6 0.14
   4   10 0.29
   3    6 0.85
   7   12 0.58
   0    2 0.25
   5    9 0.14
   0    0 0.76
   1    7 0.30
   5    7 0.78
   0    5 0.06
   1    6 0.58
   2    2 0.21
   0    7 0.92
   4   10 0.51
   4    7 0.54
   7   13 0.57
   2    5 0.35
   2    4 0.14

