5 80 8
3    4  10  16

  16   39 0.56
  25   28 0.19
  30   48 0.68
  32   57 0.90
  40   54 0.77
  25   41 0.05
  20   49 0.29
  27   54 0.23
   9   28 0.05
   4   12 0.82
   4    7 0.53
  26   35 0.02
  19   41 0.16
   9   28 0.94
  41   65 0.45
  11   11 0.84
  30   31 0.10
   6   25 0.36
  12   16 0.20
  31   53 0.45
  38   39 0.98
  36   61 0.99
  41   54 0.28
  23   24 0.85
  16   37 0.39
  38   65 0.64
   6   12 0.85
  43   52 0.64
  10   24 0.66
  17   17 0.11
  35   47 0.26
  39   55 0.16
  36   60 0.43
  31   36 0.43
  38   49 0.92
   4   12 0.46
  36   54 0.28
   3   25 0.96
   6   18 0.71
  41   46 0.22
  40   64 0.96
   4   20 0.52
   0   24 0.94
  25   50 0.99
   4   27 0.26
  16   44 0.00
  23   23 0.45
   8   10 0.79
  17   30 0.50
   2   23 0.52
   8   22 0.65
  34   42 0.45
  11   19 0.79
  28   38 0.40
  16   32 0.17
  15   37 0.56
  13   28 0.05
   3   16 0.33
   3   20 0.59
  22   38 0.56
  44   59 0.79
  14   28 0.32
  21   31 0.57
  17   19 0.87
   5   13 0.25
  38   60 0.85
  36   52 0.13
  22   48 0.37
  25   33 0.61
  23   33 0.39
  22   42 0.29
   1   14 0.35
  39   45 0.35
  28   43 0.94
  25   40 0.67
  37   41 0.60
  27   27 0.54
  21   42 0.61
  30   47 0.45
   1   24 0.78

   5   18 0.92
  16   32 0.18
   9   12 0.00
  22   41 0.65
  29   46 0.77
  17   26 0.71
  44   49 0.95
   4   23 0.25
   1   28 0.67
  36   65 0.62
  13   42 0.65
  17   44 0.89
   6   16 0.12
  15   33 0.31
  11   35 0.75
  30   50 0.85
  29   30 0.85
  12   34 0.52
  13   19 0.83
  16   18 0.23
  14   28 0.35
  25   52 0.22
  16   40 0.40
   1   14 0.86
  41   68 0.31
  44   62 0.03
  25   32 0.80
  39   43 0.71
  13   28 0.02
  40   43 0.85
  21   44 0.51
  13   20 0.65
  29   34 0.40
  41   61 0.49
  43   53 0.29
  33   40 0.27
  28   34 0.76
  33   62 0.29
  42   65 0.25
   6    8 0.80
  43   63 0.02
  28   49 0.34
   3   10 0.79
  44   49 0.27
  34   44 0.77
  37   51 0.21
   3    9 0.35
  32   41 0.83
   7    9 0.12
  29   45 0.69
  14   20 0.32
  29   43 0.52
  44   58 0.25
  10   39 0.06
  16   37 0.60
  15   18 0.35
  42   50 0.23
  35   44 0.53
   5   34 0.85
  19   41 0.39
  29   58 0.21
  44   72 0.14
  15   23 0.04
   6   19 0.01
   3    9 0.99
  32   42 0.77
   5   22 0.71
  36   64 0.73
  31   50 0.13
  37   63 0.57
  35   50 0.65
  12   27 0.53
  44   48 0.21
  14   33 0.14
  40   41 0.97
  17   34 0.90
  39   60 0.01
  44   63 0.77
  15   24 0.95
   1   16 0.61

  23   45 0.61
  26   55 0.44
  32   53 0.98
   6    9 0.65
  19   41 0.62
  42   46 0.11
  32   45 0.81
   4   19 0.82
   3    8 0.59
  32   50 0.65
  28   37 0.45
  22   22 0.32
   5   27 0.83
  19   47 0.63
  35   48 0.36
  23   29 0.16
  30   49 0.44
   1   10 0.52
  40   46 0.56
  37   51 0.06
  42   60 0.43
  19   20 0.25
  21   47 0.69
  31   48 0.84
   1    2 0.68
  44   59 0.49
  15   18 0.50
   5    6 0.90
  26   33 0.32
  24   46 0.76
  27   34 0.97
   9   26 0.72
  36   44 0.28
  29   52 0.32
  13   30 0.66
   9   30 0.88
  16   21 0.27
  13   27 0.24
  14   22 0.19
  28   52 0.39
  25   29 0.55
  36   51 0.13
  28   38 0.70
   3    8 0.05
   2    8 0.81
  16   43 0.38
   3   26 0.74
  41   61 0.51
  10   18 0.55
   9   36 0.36
  28   50 0.90
  42   51 0.50
  18   32 0.42
  12   18 0.37
  12   36 0.82
  39   44 0.17
  19   37 0.64
  15   40 0.72
  30   36 0.23
  32   58 0.64
  14   37 0.38
  10   33 0.25
  29   48 0.18
  24   29 0.42
  26   52 0.77
  30   47 0.38
  19   45 0.68
  22   30 0.78
  31   45 0.58
   3   28 0.34
  44   63 0.17
  39   53 0.86
  11   17 0.28
  20   28 0.85
  42   63 0.46
   6   20 0.40
  13   31 0.26
   0   17 0.12
  12   32 0.43
   4   25 0.55

