5 80 8
3   16  10  20

  40   60 0.96
  32   34 0.68
  43   59 0.48
   6   30 0.62
  27   61 0.57
  42   53 0.39
  39   50 0.60
  65   70 0.29
  38   77 0.83
  45   79 0.51
  19   23 0.44
  36   39 0.13
  65  104 0.04
  39   81 0.02
   0    1 0.14
  36   74 0.20
   2   31 0.96
   3   25 0.35
  64  102 0.60
  27   61 0.55
  54   87 0.54
  21   38 0.51
  56   75 0.32
  41   68 0.56
  65  110 0.59
  32   77 0.33
  52   94 0.40
  66   88 0.73
  41   67 0.16
  35   71 0.30
  12   23 0.09
  20   22 0.71
  10   11 0.34
  65   71 0.51
  34   77 0.87
  66  109 0.64
  65   69 0.46
  47   69 0.70
  64   98 0.23
  47   74 0.62
  45   54 0.83
   4   48 0.74
  56   70 0.20
  42   65 0.32
  26   60 0.23
  16   21 0.46
  49   78 0.63
  65   88 0.69
  47   49 0.44
  48   57 0.24
  47   66 0.61
  50   83 0.38
  31   35 0.19
  49   77 0.46
  30   48 0.05
   4   13 0.51
  35   74 0.90
  23   32 0.36
  60   81 0.26
  30   70 0.53
  48   86 0.92
  53   93 0.16
  24   48 0.46
  17   19 0.26
   5   39 0.69
   2   40 0.19
  37   62 0.04
  37   82 0.30
  65   89 0.10
  12   49 0.25
  20   61 0.04
  15   22 0.01
  66  109 0.13
  60   67 0.44
  49   59 0.69
  17   61 0.22
  17   55 0.85
  56   72 0.35
  13   55 0.62
  28   40 0.75

  50   62 0.04
  68   87 0.61
  40   63 0.48
  15   29 0.33
  11   36 0.05
  35   66 0.84
  13   37 0.11
   2    9 0.85
   2   14 0.85
  54   87 0.95
   0   36 0.63
  30   44 0.35
   2   40 0.69
  48   75 0.19
   6   35 0.42
  62   94 0.82
   9   28 0.01
  26   69 0.76
  14   45 0.59
  30   55 0.84
   8   30 0.78
  17   23 0.40
  20   45 0.49
  24   59 0.24
  22   43 0.45
   4   48 0.24
  68   87 0.65
  11   14 0.18
  13   57 0.87
  27   49 0.87
  45   57 0.84
  46   87 0.10
   5   35 0.97
  27   31 0.83
  41   67 0.85
  16   54 0.00
  39   81 0.98
  49   89 0.10
   8   16 0.46
  24   26 0.43
  58   82 0.13
  54   93 0.20
  12   57 0.13
  61   96 0.11
  57   57 0.59
  62   91 0.17
  45   86 0.61
  29   42 0.71
  14   40 0.65
  15   40 0.85
  57   91 0.53
  52   70 0.87
  43   68 0.94
  65   89 0.31
  57   84 0.68
  55   85 0.91
   1   15 0.20
   9   50 0.44
  47   71 0.26
  64   98 0.60
  19   37 0.20
   0   36 0.32
  54   83 0.86
  53   81 0.07
   7   13 0.07
  54   93 0.18
  32   41 0.45
  57   63 0.00
   7   29 0.66
  51   67 0.11
  67   71 0.94
  13   55 0.27
  41   81 0.49
  21   41 0.19
  26   57 0.47
   0   17 0.37
  47   69 0.55
  68   95 0.28
   3   17 0.23
  44   71 0.18

  34   46 0.62
  23   57 0.76
  60   72 0.28
  38   79 0.66
  41   54 0.49
  45   53 0.57
  12   22 0.55
  17   58 0.48
  17   62 0.74
   6   30 0.54
  52   77 0.06
   2   35 0.93
  30   38 0.14
   1    3 0.16
  43   76 0.19
  51   79 0.45
  10   51 0.13
  64   89 0.57
   0   25 0.70
   3   20 0.64
  56   81 0.58
  56   72 0.89
  54   99 0.35
  67   86 0.64
  68   86 0.27
  46   77 0.94
  39   70 0.04
  41   48 0.10
  36   60 0.33
  60   78 0.18
  40   68 0.08
  33   33 0.29
  16   39 0.55
  11   24 0.67
  31   59 0.34
  64   91 0.21
  33   70 0.52
  59   77 0.60
  19   52 0.04
   8   19 0.97
  64   78 0.74
  53   69 0.07
  16   48 0.03
  51   52 0.28
  19   40 0.53
  42   49 0.89
  65  106 0.22
  35   62 0.61
   7   26 0.99
  67   71 0.86
  13   55 0.50
  60  101 0.60
  32   74 0.42
  27   40 0.18
   8   50 0.33
  46   78 0.63
  12   51 0.83
  58   61 0.07
  47   91 0.38
  23   58 0.25
  16   38 0.48
  20   62 0.97
   0   20 0.52
  11   13 0.35
   4   29 0.45
  57   94 0.75
   7   10 0.25
  36   47 0.56
   2   46 0.26
  67   98 0.86
  34   64 0.58
  44   63 0.93
  47   75 0.93
  21   29 0.11
  63   97 0.20
   1   23 0.13
  22   25 0.02
  13   51 0.84
  36   45 0.93
  68   75 0.74

