4 100 4
3   20   4   2

  40   83 0.38
 108  160 0.81
  45  112 0.56
  76  149 0.70
  88  128 0.77
  62  116 0.13
  91  151 0.96
 115  168 0.56
  11   33 0.90
  44   78 0.30
  66   88 0.98
   8   50 0.74
  31   99 0.47
  83  151 0.24
  74   75 0.22
  72  148 0.96
  36   78 0.10
  81  131 0.08
  86  118 0.87
 112  191 0.66
  75  115 0.96
   1   67 0.92
  19   59 0.59
  49   82 0.10
  25   61 0.02
 101  152 0.00
 104  165 0.21
  80   94 0.23
  94  165 0.20
 103  176 0.34
 106  148 0.49
  79  116 0.03
  21   27 0.45
  92   96 0.75
  39   91 0.71
  87  155 0.79
  12   20 0.95
  25   54 0.38
   4   10 0.27
  51  109 0.65
  44   79 0.92
   3   69 0.89
  10   45 0.76
  26   68 0.75
  75  125 0.64
  85  101 0.90
 103  158 0.78
  47   50 0.35
  27   65 0.19
  41  115 0.19
 102  159 0.88
  48   51 0.75
  95  110 0.09
  12   73 0.77
  94  136 0.74
 100  172 0.54
  87   92 0.25
   1   70 0.63
  79  109 0.40
  75   94 0.30
 102  154 0.04
  63   96 0.78
  17   79 0.55
  89  159 0.27
  58   59 0.27
   9   64 0.57
  90  102 0.12
  84  160 0.92
 106  114 0.42
  39   41 0.25
  73  115 0.23
 106  173 0.06
  87  161 0.49
  62  127 0.69
  93  169 0.45
  76  130 0.38
  20   47 0.67
  48  104 0.43
  77  140 0.16
  53  101 0.67
 112  160 0.59
  51  104 0.82
  94  170 0.43
  76  127 0.71
  98  178 0.84
  88  145 0.17
  84  105 0.65
  23   68 0.93
 102  158 0.00
  75  143 0.02
  91  142 0.81
 108  130 0.39
  98  108 0.62
  26   29 0.83
   9   71 0.48
  25   25 0.69
 104  148 0.94
  76  147 0.41
 105  142 0.58
  75   97 0.26

 109  169 0.74
 113  155 0.19
   2   46 0.47
  62  141 0.94
  63   76 0.31
  23   34 0.46
 118  129 0.97
  29   47 0.00
  25   40 0.30
  96  143 0.29
  48   54 0.65
  72   88 0.05
 120  172 0.56
  98  155 0.39
 109  165 0.63
  86  143 0.21
  97  131 0.75
  75  117 0.26
 114  192 0.96
  80  124 0.36
  86   92 0.30
  66   87 0.07
 103  181 0.46
  81   97 0.20
  14   62 0.75
   3   22 0.44
  39  118 0.07
   5   79 0.13
  58   87 0.31
   1   55 0.69
  28   70 0.46
   6   18 0.65
  44   70 0.74
  19   77 0.38
  16   27 0.35
   5    7 0.29
 103  157 0.12
 105  164 0.88
  17   85 0.76
  59   77 0.97
  77  121 0.80
  48   50 0.31
  55  112 0.88
  70  107 0.68
  46  102 0.23
  75  104 0.27
  57  119 0.72
   8   37 0.23
  29   88 0.31
 108  154 0.62
  22   95 0.71
  35  111 0.06
  73  109 0.32
  61   90 0.56
  15   37 0.54
 102  179 0.38
  62   63 0.23
  49   51 0.65
  55   85 0.16
 116  125 0.22
  57   62 0.06
  52  129 0.72
  99  146 0.63
  29  104 0.52
  76  156 0.27
  89  142 0.12
   6   42 0.56
 109  167 0.61
  72   95 0.81
  92  159 0.51
  92   94 0.47
  13   74 0.96
  87  164 0.40
  55   80 0.04
  95  104 0.86
   6   68 0.33
  45  111 0.47
  18   65 0.38
  97  169 0.54
  75   96 0.73
  22   46 0.63
  82  113 0.19
  67  111 0.63
 106  129 0.12
  70   96 0.02
  27   56 0.87
  25   88 0.14
  51  118 0.32
  90  133 0.41
   5   76 0.89
  81  132 0.60
 115  191 0.12
  86  140 0.94
  64  128 0.37
   9   68 0.17
  96  145 0.04
  52   88 0.05
  23   79 0.71
  67  123 0.85
  75  135 0.83

  46   79 0.42
 110  146 0.88
   1   45 0.25
 120  127 0.97
  30   45 0.99
   8   21 0.50
  25   27 0.62
  21   52 0.87
   9   56 0.94
  65  113 0.24
   9   49 0.10
  27   92 0.00
  76  105 0.77
  38   63 0.39
   8   72 0.79
 109  132 0.06
 102  174 0.44
   4   10 0.59
  24   68 0.85
  14   25 0.32
  13   55 0.99
  76  143 0.38
   1   71 0.26
  66  123 0.12
  34   52 0.17
  63  115 0.78
 110  184 0.36
  97  131 0.96
  76  140 0.12
  81  150 0.25
   6   49 0.98
 100  110 0.46
  49  117 0.03
 113  136 0.33
  37   88 0.15
  83   91 0.02
  76  137 0.69
  17   48 0.72
  29   34 0.24
  76   84 0.35
  35  113 0.74
  15   90 0.26
  42  121 0.27
  75  114 0.68
  66   79 0.07
 116  189 0.97
  20   40 0.00
  20   46 0.59
  95  147 0.78
   8   59 0.24
  78  146 0.47
  67   90 0.70
   7   53 0.91
  59  132 0.03
  52   82 0.42
 118  121 0.02
  71  127 0.41
  57  102 0.62
  11   42 0.33
  82   92 0.41
  13   64 0.12
  66  107 0.57
   7   79 0.76
  60  128 0.75
  75  143 0.55
 110  145 0.83
 114  173 0.40
  10   76 0.04
  21   45 0.93
  47   64 0.18
 100  151 0.80
  47   47 0.29
  78  147 0.77
  58   85 0.74
 109  148 0.45
  57  129 0.00
   7   72 0.82
 120  126 0.12
  22   26 0.05
  96  172 0.23
 112  121 0.31
  37  114 0.58
  70  103 0.00
  10   43 0.11
   2   82 0.06
 112  124 0.84
  63  141 0.01
  21   23 0.41
  72  108 0.43
  78   79 0.85
 107  125 0.11
  16   73 0.82
   8   39 0.33
  24   83 0.87
 111  165 0.70
  62  115 0.17
  90   99 0.68
 105  157 0.95
  32   56 0.08
 120  197 0.06

