5 15 8
12   16   2  10  10   2   4  10  10   4  16  20   4

   8    8 0.32
   5    7 0.07
   0    5 0.31
   5   12 0.88
   2    3 0.22
   3    5 0.32
   9   12 0.83
   5    5 0.42
   2    7 0.23
   9   12 0.10
   9   13 0.74
   7    9 0.24
   9   18 0.10
   9   12 0.36
   2   10 0.74

   3    4 0.17
   2    6 0.50
   0    1 0.78
   8   12 0.52
   6   14 0.00
   5    5 0.76
   6    9 0.44
   3    4 0.07
   3    8 0.95
   3   10 0.50
   8   10 0.35
   1    7 0.48
   9   16 0.69
   2    3 0.15
   5   11 0.82

   8   14 0.00
   9    9 0.86
   2    5 0.93
   2    3 0.84
   7    8 0.22
   4   12 0.28
   6   15 0.34
   8   10 0.12
   6   14 0.42
   3    8 0.96
   7    9 0.91
   3    4 0.78
   9   12 0.29
   4    7 0.62
   9   16 0.71

   4   11 0.77
   7   16 0.46
   5   10 0.02
   6    8 0.74
   3    4 0.84
   9   17 0.04
   5    7 0.41
   2    8 0.79
   6    7 0.80
   7   10 0.81
   2    5 0.78
   8   12 0.23
   6    9 0.46
   6   14 0.06
   1    2 0.88

   7    9 0.39
   0    0 0.70
   6   13 0.77
   6   15 0.26
   6    6 0.82
   5    9 0.44
   8   11 0.28
   8    9 0.76
   3    3 0.59
   7   16 0.67
   1   10 0.23
   5    5 0.74
   9   17 0.44
   3    4 0.42
   3    7 0.64

   3    9 0.11
   2    2 0.56
   6    6 0.73
   4    4 0.25
   1    5 0.53
   6   15 0.17
   7   12 0.08
   3    9 0.46
   3    3 0.22
   3   12 0.37
   6   12 0.66
   5    8 0.60
   6    7 0.89
   5   14 0.38
   5   10 0.94

   5    6 0.01
   6   12 0.76
   8   15 0.15
   6   14 0.93
   7   11 0.37
   1   10 0.49
   0    5 0.34
   3    5 0.35
   7    7 0.17
   7    8 0.52
   7    7 0.47
   3   10 0.23
   3    8 0.98
   9   15 0.08
   2    2 0.87

   0    9 0.63
   2    4 0.84
   4    6 0.82
   4   10 0.65
   0    9 0.37
   2   11 0.72
   7    8 0.60
   4   10 0.95
   8    8 0.99
   0    8 0.27
   5    7 0.91
   2   10 0.17
   6   14 0.34
   4   10 0.41
   1    5 0.90

   3    3 0.94
   9   10 0.50
   9   17 0.69
   2    7 0.51
   2    2 0.83
   7   13 0.84
   4    8 0.13
   0    9 0.88
   5    9 0.69
   7   12 0.68
   2    5 0.17
   2    3 0.88
   6   11 0.49
   6    8 0.56
   0    3 0.83

   6   12 0.88
   6   10 0.42
   3   11 0.65
   6   14 0.22
   5   11 0.31
   5    7 0.74
   5    7 0.25
   3   10 0.95
   1    5 0.13
   8   16 0.73
   7   12 0.00
   4    6 0.91
   9   14 0.96
   0    0 0.19
   8   13 0.35

   8    9 0.95
   5   11 0.35
   8   15 0.07
   6   13 0.59
   1    3 0.05
   3    3 0.04
   4    5 0.16
   5   11 0.94
   6    8 0.21
   5   13 0.44
   9   12 0.99
   4    9 0.88
   0    4 0.19
   1    7 0.93
   2    6 0.86

   5   13 0.23
   8    9 0.09
   2   10 0.31
   7   11 0.19
   4   10 0.03
   3    4 0.04
   6   10 0.18
   3    3 0.24
   5   10 0.12
   2    3 0.82
   1    7 0.19
   1    8 0.70
   9   13 0.88
   0    4 0.10
   1    5 0.97

