4 20 4
12   16   2   4   4  16   2   2  10   4   4   4  16

   8   80 0.41
  20   74 0.46
   5   31 0.26
   4   68 0.83
  17   86 0.37
  23   72 0.56
  21   65 0.54
  18   62 0.63
  22   73 0.27
  11   46 0.67
   8   56 0.31
  17   61 0.37
  16   24 0.63
  12   71 0.14
  23   82 0.91
   8   13 0.66
  13   59 0.54
  10   33 0.37
  10   61 0.95
  10   46 0.79

  25   38 0.82
   1   19 0.06
  23   56 0.67
  19   31 0.03
   4   36 0.57
  15   51 0.60
   8   46 0.52
  12   38 0.72
   6   68 0.51
  11   37 0.17
   6   65 0.40
   5   27 0.35
  18   39 0.59
  16   70 0.35
   2   61 0.51
   6   44 0.40
  19   56 0.20
  22   29 0.63
  22   83 0.07
   0   16 0.39

  14   34 0.21
  11   73 0.63
  16   42 0.01
  19   69 0.84
  20   38 0.92
  16   90 0.72
  11   50 0.02
   7   76 0.76
  24   92 0.70
   4   72 0.35
  15   88 0.87
  23   69 0.04
  17   61 0.19
  17   78 0.99
   4   68 0.41
   4   61 0.50
  16   92 0.12
  13   49 0.94
  21   49 0.44
  24   44 0.34

  17   76 0.67
   8   44 0.54
  12   66 0.79
   4   73 0.07
  24   63 0.22
   8   49 0.90
   1   15 0.92
  19   39 0.91
  14   46 0.55
   1   75 0.45
  21   41 0.73
  24   77 0.51
  11   38 0.02
  12   42 0.85
  18   49 0.38
  18   30 0.99
  20   77 0.80
  18   82 0.08
   3   58 0.67
   3   46 0.92

  23   34 0.02
   8   22 0.16
   4   43 0.68
   0    9 0.67
  13   44 0.58
   3   54 0.96
   4   59 0.20
  19   72 0.98
  12   57 0.14
   3   61 0.83
  18   37 0.11
  15   59 0.68
  11   44 0.33
  18   71 0.36
   8   41 0.76
  21   37 0.66
   9   48 0.98
  17   31 0.97
  18   47 0.86
   2   51 0.16

   6   22 0.10
   6    9 0.79
   5   28 0.46
   8   18 0.93
  11   73 0.50
  23   85 0.14
  10   60 0.57
   6   23 0.58
   5   47 0.58
   4   57 0.54
  10   24 0.14
   2   24 0.80
   9   45 0.84
   5   58 0.55
  16   67 0.74
   3   51 0.16
  11   54 0.64
  21   54 0.97
   6   17 0.06
   8   75 0.87

   4   45 0.15
  23   80 0.02
  12   49 0.17
   2   58 0.07
   4   32 0.65
   3   44 0.39
  24   75 0.15
  10   32 0.68
  19   66 0.12
  19   74 0.84
   4   52 0.34
   8   54 0.03
  25   78 0.94
  19   49 0.93
   2   65 0.03
  14   87 0.51
  11   21 0.98
  22   98 0.94
  23   31 0.03
  14   41 0.81

   2   36 0.98
   4   71 0.93
  24   38 0.50
  19   40 0.91
  10   45 0.64
   4    9 0.93
   0   56 0.33
  25   40 0.11
  23   39 0.83
  15   66 0.22
  14   88 0.12
  11   71 0.13
  18   58 0.95
   1   60 0.00
  22   49 0.86
   1   16 0.53
   4   29 0.20
   0    6 0.88
  23   50 0.91
  18   75 0.30

   6   53 0.07
  25   52 0.40
  17   86 0.26
   7   81 0.44
  25   85 0.14
  15   38 0.58
  21   50 0.27
   2   35 0.99
   5   42 0.65
   7   66 0.68
   0   54 0.80
  25   28 0.60
   1   56 0.05
  20   84 0.26
  18   66 0.25
  20   85 0.68
  20   42 0.12
  10   23 0.05
  11   40 0.04
  18   78 0.48

   5   41 0.90
  11   26 0.97
  16   39 0.61
  14   84 0.32
  25   37 0.15
  14   45 0.84
  23   51 0.69
  19   54 0.19
  23   25 0.20
   8   42 0.22
   6   44 0.46
  17   73 0.90
  20   24 0.79
   6   44 0.89
  16   75 0.86
   7   15 0.43
  22   65 0.50
  13   17 0.31
  11   16 0.52
   2   79 0.72

  20   65 0.56
   5   30 0.12
  14   86 0.88
   3   67 0.60
  14   33 0.54
  22   42 0.00
   0    9 0.69
  11   64 0.49
   0    8 0.18
   1   48 0.93
  14   14 0.40
   0   48 0.67
  23   88 0.65
   4   79 0.09
  17   46 0.59
  17   64 0.21
  25   54 0.22
  11   28 0.31
  16   77 0.47
  22   41 0.93

   1   68 0.28
  25   75 0.99
  23   39 0.62
   2    7 0.45
  23   55 0.77
  10   36 0.50
   5   42 0.32
  21   96 0.08
   6   12 0.18
   2    3 0.19
   5   73 0.16
   0   20 0.58
  24   85 0.29
   9   85 0.03
  24   94 0.54
  10   58 0.87
  18   69 0.57
   2   64 0.12
   4   71 0.23
  25   59 0.25

