5 30 4
6   10  16   4   2  16   2

   8   12 0.72
   2   40 0.37
  23   61 0.01
  46  100 0.60
  23   44 0.49
  53   75 0.27
  11   40 0.05
  52  103 0.36
  40   40 0.03
  33   35 0.54
  30   67 0.71
  33   43 0.93
  27   43 0.07
  52   64 0.14
  31   47 0.35
  26   51 0.19
  49   70 0.36
  30   65 0.26
   0   48 0.07
   1   23 0.62
  18   64 0.03
  11   50 0.75
  20   75 0.34
  54   65 0.87
  11   21 0.55
  29   36 0.67
   6   18 0.01
   8   33 0.25
  45   86 0.14
  34   51 0.55

   4   57 0.06
  51   78 0.17
   4   20 0.80
  49   90 0.54
  29   30 0.43
  20   58 0.07
  53   83 0.95
  43   87 0.75
  24   61 0.93
  20   51 0.46
   3   27 0.15
  24   54 0.17
  38   89 0.02
  34   86 0.74
  34   38 0.07
  32   50 0.00
  42   64 0.24
   4   43 0.99
   4   33 0.64
  12   46 0.51
   0    8 0.22
  39   78 0.01
   4   46 0.56
  35   65 0.25
  18   58 0.38
  21   38 0.66
  41   53 0.42
  41   83 0.01
  34   41 0.60
  23   70 0.30

  12   35 0.81
   6   32 0.58
   4   22 0.90
   3   42 0.70
  44   44 0.22
  12   45 0.61
  19   32 0.73
   0   54 0.91
  49   74 0.38
  11   45 0.68
  15   60 0.68
  16   29 0.97
  32   50 0.64
  16   61 0.52
   4   19 0.82
  38   75 0.64
  30   47 0.31
   4   42 0.06
  30   62 0.21
  32   78 0.50
  16   51 0.46
  33   74 0.51
   2   55 0.16
  14   19 0.81
   9   28 0.76
  10   44 0.21
  32   61 0.97
  28   43 0.47
  44   55 0.06
  51   54 0.23

   0   27 0.68
  45   93 0.51
  20   52 0.91
   7   22 0.53
   1   33 0.11
  25   41 0.90
  41   52 0.15
  50   64 0.08
  25   26 0.95
  17   17 0.54
  53   83 0.28
   6   47 0.80
  49   94 0.25
  16   24 0.98
  48   92 0.77
  34   65 0.80
  31   33 0.73
  20   32 0.22
   8   21 0.06
   0    0 0.56
   2   27 0.47
  30   30 0.28
  20   53 0.36
   6    8 0.22
  33   56 0.15
  38   54 0.61
  50   52 0.81
  15   17 0.58
   4   33 0.40
   3   47 0.65

  14   53 0.91
  43   95 0.83
  31   66 0.87
  34   38 0.85
  21   59 0.66
   5   26 0.75
  43   91 0.37
  21   37 0.09
  18   59 0.43
  28   36 0.73
  30   68 0.85
  30   32 0.03
  17   63 0.22
  12   67 0.25
  54   98 0.86
  12   43 0.79
  34   50 0.83
   5   34 0.80
   9   29 0.38
  54   80 0.45
   7   41 0.45
  29   46 0.93
   7   38 0.51
  46   97 0.38
  16   45 0.43
  10   38 0.24
   4   33 0.14
  48   72 0.30
  38   62 0.75
  27   49 0.73

  39   48 0.77
  19   45 0.12
  38   54 0.08
  24   44 0.59
  32   53 0.88
  46   72 0.94
   0    8 0.07
   7   29 0.38
  50   92 0.92
  39   52 0.07
  48   59 0.49
  49   73 0.97
  12   15 0.59
  25   70 0.83
  36   43 0.35
  36   51 0.64
  53  104 0.26
  13   14 0.26
  38   75 0.09
  18   40 0.98
  48   60 0.48
  43   58 0.32
  51   58 0.75
   2    2 0.35
  21   63 0.35
  40   56 0.07
  45   46 0.50
  22   70 0.76
  18   33 0.17
  26   62 0.22

