3 100 4
3   20  10  20

 131  298 0.53
  98  120 0.00
   1   44 0.97
  21  136 0.48
  65  259 0.31
 135  181 0.48
  29   41 0.18
  51   81 0.59
  77  165 0.95
 113  242 0.65
 135  259 0.73
 103  190 0.84
  91  123 0.10
 172  371 0.64
  69  259 0.41
   0  195 0.91
 131  272 0.93
 185  348 0.62
 159  311 0.27
  37  131 0.40
 175  273 0.50
  83  257 0.34
  61  179 0.60
  32  118 0.16
 151  239 0.84
   4  196 0.31
   0  111 0.90
 205  326 0.03
 188  217 0.71
 168  281 0.04
 131  298 0.12
 114  277 0.64
  67  180 0.66
  31  238 0.49
 179  376 0.94
   1  163 0.46
  52  256 0.08
   9  120 0.30
 139  176 0.85
  93  264 0.73
  67  196 0.21
  62   86 0.09
  68  197 0.67
 154  317 0.12
  62   87 0.34
 108  138 0.11
 189  233 0.37
 201  255 0.86
  23  177 0.68
  21  225 0.91
  38  214 0.90
 114  173 0.43
  83  233 0.77
 153  334 0.79
   3   44 0.52
 194  221 0.05
  84  288 0.78
  32  188 0.96
  62  208 0.85
 119  197 0.55
  19   76 0.27
 170  363 0.57
 141  235 0.88
  26  162 0.85
  81  192 0.56
  58   72 0.01
 118  239 0.24
  29  176 0.12
 160  329 0.26
 192  274 0.08
 207  304 0.93
 101  163 0.79
  45  203 0.10
 135  148 0.96
  10   73 0.13
  10  176 0.10
 160  325 0.56
  95  124 0.24
 143  282 0.08
  61  209 0.23
 182  365 0.91
  12  196 0.58
  75  122 0.91
  57  192 0.38
  77  136 0.91
 159  233 0.57
  74   84 0.82
  46   48 0.74
  81  239 0.55
 179  196 0.43
  65   74 0.72
 170  241 0.85
 182  377 0.12
  91  241 0.32
  14  207 0.24
 185  318 0.83
 182  240 0.98
  26  199 0.95
 114  131 0.41
 111  287 0.18

 173  320 0.82
  67   83 0.19
  95  181 0.46
 164  307 0.32
   3   72 0.09
  67   75 0.21
  79  173 0.11
 191  378 0.62
  25  131 0.15
 108  265 0.87
 164  197 0.78
  54  220 0.92
  38  244 0.18
  20   52 0.93
  38  115 0.18
 132  237 0.66
 100  220 0.84
 189  227 0.41
 169  234 0.64
 156  286 0.54
  70   78 0.26
 150  189 0.49
  78  219 0.04
  47  140 0.29
 204  238 0.43
  34   73 0.36
 157  357 0.39
  25   43 0.74
  41   51 0.33
 120  123 0.26
  33  211 0.32
 129  336 0.73
 196  229 0.95
  91  234 0.72
 132  320 0.76
 176  182 0.09
  61  156 0.26
  59   91 0.42
  91  192 0.97
 193  234 0.57
 146  292 0.40
  44   81 0.95
 100  266 0.32
  42  158 0.71
  18  200 0.42
 165  175 0.89
 111  175 0.31
  58  149 0.66
 128  277 0.97
  29  189 0.18
  10  207 0.12
  69   74 0.97
 203  316 0.00
  17   39 0.86
  64  133 0.39
 156  260 0.60
 189  253 0.52
 200  388 0.23
 100  206 0.44
 160  182 0.63
 147  283 0.00
 203  388 0.17
 154  256 0.97
  57   81 0.20
  59  134 0.63
  96  250 0.62
 182  210 0.03
  66  236 0.36
 148  153 0.43
 167  308 0.09
  56  244 0.51
 104  223 0.49
  17   20 0.35
  22  212 0.22
 183  282 0.04
 147  232 0.24
  31   86 0.19
 137  314 0.70
  45  144 0.98
 164  327 0.86
  41  227 0.54
 180  340 0.19
   3  178 0.21
 111  160 0.43
 153  154 0.57
  27  194 0.54
 174  328 0.74
  75  267 0.21
 146  326 0.86
 197  370 0.19
  25  121 0.41
 200  403 0.05
  90  260 0.04
 188  369 0.89
 148  249 0.08
 177  374 0.07
 125  150 0.66
  25  159 0.24
  44   57 0.07
 131  263 0.63

  31  124 0.97
 206  309 0.39
  76  216 0.94
 188  314 0.37
  65  232 0.23
  51  129 0.86
 165  261 0.95
 199  266 0.97
 119  288 0.00
 165  175 0.51
  25   37 0.95
  40  178 0.74
 168  183 0.94
  29   76 0.19
  77  195 0.83
 116  163 0.85
   7  199 0.36
 189  190 0.12
 175  210 0.85
  50  142 0.56
   2  103 0.10
 128  195 0.65
 181  375 0.21
 120  207 0.76
 200  338 0.17
  35  229 0.22
 184  286 0.78
 111  204 0.50
 159  354 0.69
 158  171 0.73
 192  376 0.21
 169  261 0.94
  86  183 0.67
 152  159 0.72
 161  350 0.84
 197  315 0.82
  23   28 0.08
 155  218 0.84
  37  185 0.57
 176  228 0.28
 129  165 0.74
 180  227 0.78
 123  142 0.06
 191  375 0.51
 132  192 0.70
  13   16 0.71
 112  115 0.45
  58   65 0.66
 206  276 0.78
  30  138 0.86
 108  197 0.53
  43   49 0.50
  21  114 0.36
 146  263 0.81
 128  295 0.00
   8   11 0.05
 133  179 0.06
   7  156 0.92
 126  256 0.93
 205  260 0.70
  59  156 0.52
 153  287 0.34
 120  269 0.39
  14   56 0.15
  18   89 0.23
  46  130 0.12
 205  243 0.23
 171  306 0.50
  61  130 0.80
 165  334 0.24
 192  312 0.03
 101  118 0.40
 166  326 0.28
  11   18 0.57
  91  269 0.20
  65   70 0.68
 198  271 0.53
 159  358 0.39
  36  225 0.13
 155  284 0.18
 149  288 0.90
  87  120 0.90
  29  225 0.64
  77  145 0.17
 179  342 0.59
  82  206 0.31
   2   57 0.18
 207  310 0.75
 135  231 0.76
 176  376 0.03
 125  254 0.78
  50  238 0.91
 152  179 0.06
  79  248 0.79
  77  264 0.11
 152  350 0.68
 138  179 0.73
 184  350 0.91
   9  137 0.53
 135  239 0.80

