3 50 8
6   10   2   2  16  16  16

  39   52 0.42
  43   49 0.05
  85  103 0.99
  10   24 0.00
  59   83 0.35
  19   40 0.87
  45   75 0.64
  87  114 0.08
  40   65 0.61
  94  112 0.48
  44   59 0.73
   5   28 0.02
  12   26 0.69
  18   18 0.59
  32   48 0.34
  43   57 0.62
  87  106 0.19
  21   46 0.93
  56   57 0.44
  38   58 0.44
  58   60 0.30
  76  104 0.02
  20   39 0.18
  90  106 0.11
  54   67 0.19
  24   52 0.77
  46   53 0.13
  43   51 0.36
  67   93 0.05
  14   20 0.71
   8   16 0.73
  87  101 0.61
  63   94 0.14
  55   73 0.19
  88   95 0.24
  87   98 0.62
  57   88 0.59
  40   54 0.83
  17   39 0.75
  22   32 0.90
  62   65 0.94
   2    8 0.01
  51   58 0.92
  81   89 0.17
   3   31 0.08
  13   36 0.40
  53   59 0.47
  80  106 0.09
  51   75 0.80
  48   70 0.76

  17   37 0.88
  36   67 0.83
  26   30 0.47
  21   48 0.97
  80   85 0.39
  65   72 0.92
  18   20 0.64
  27   46 0.31
  86  115 0.29
  30   32 0.84
  14   24 0.96
  92   98 0.10
  16   23 0.87
  11   24 0.89
  69   75 0.98
  64   70 0.13
  29   51 0.60
  83  109 0.59
  33   42 0.43
   1   25 0.31
  26   26 0.16
  51   82 0.55
   7   23 0.89
  34   41 0.58
  82  106 0.27
  26   28 0.79
   8   36 0.76
  10   16 0.10
   5   16 0.63
   1    3 0.17
  73   88 0.50
  37   42 0.41
  55   84 0.21
  76   84 0.98
  79   84 0.00
  93  117 0.48
  28   33 0.30
   2   17 0.96
  47   68 0.16
  53   57 0.64
   2    9 0.77
  74   91 0.05
  20   29 0.08
  71   82 0.99
  95  112 0.63
  40   60 0.99
  82  108 0.55
  31   55 0.29
  91  115 0.42
  22   42 0.70

  74   90 0.07
  87  101 0.71
  32   52 0.14
   6   24 0.64
  61   85 0.79
  21   34 0.17
   1   26 0.30
  87  115 0.43
  21   28 0.06
  34   40 0.59
  72   96 0.26
  54   84 0.14
  50   64 0.40
  76   77 0.89
  36   57 0.85
  88   97 0.69
  50   81 0.32
  95  107 0.03
  17   27 0.61
  21   23 0.27
   4    4 0.74
  31   37 0.56
  42   71 0.96
  71   84 0.42
  46   59 0.82
  41   52 0.13
  76  106 0.78
  68   95 0.10
  60   79 0.81
  12   14 0.33
  12   16 0.13
  24   41 0.36
  76   86 0.22
   2    7 0.19
  59   68 0.85
  39   65 0.96
  55   74 0.96
  19   36 0.76
  55   58 0.24
  66   81 0.01
  66   85 0.42
  77   91 0.17
  54   58 0.08
  72   77 0.49
   5   20 0.63
  29   60 0.87
  14   34 0.95
  31   55 0.09
  26   35 0.08
  49   62 0.50

  40   53 0.97
  18   40 0.42
   9   34 0.71
  81   98 0.83
  69   93 0.32
  78   92 0.00
  19   35 0.01
  58   58 0.41
  48   55 0.65
  56   81 0.98
  93  102 0.35
  30   57 0.86
  70   89 0.63
  50   58 0.75
  31   48 0.09
  57   80 0.38
   3   26 0.73
  78   94 0.20
  14   39 0.35
  54   63 0.53
  14   27 0.48
  50   69 0.13
  69   95 0.79
  66   88 0.97
  38   46 0.01
  13   30 0.53
  90   99 0.63
  14   39 0.26
  46   63 0.38
  25   39 0.65
  63   89 0.03
  11   32 0.24
  87   93 0.59
  50   54 0.84
  87  113 0.34
   2   31 0.48
  44   60 0.41
  53   64 0.65
  27   35 0.70
  82   84 0.19
  67   71 0.74
  93  100 0.88
  45   65 0.77
  77  105 0.80
   2   31 0.83
  58   77 0.70
  92  120 0.67
  21   48 0.69
  79  103 0.42
  83   95 0.19

  56   59 0.28
  52   68 0.37
  92  108 0.03
  63   63 0.80
  24   42 0.58
  89  111 0.55
  82  109 0.89
  94  118 0.14
  42   61 0.11
  90   96 0.61
  92   97 0.80
  61   64 0.93
  90  102 0.78
  70   98 0.06
  87   99 0.21
  75   79 0.50
  37   63 0.96
  10   13 0.85
  24   52 0.13
  21   51 0.48
  31   46 0.41
   8   15 0.55
  29   41 0.91
   9   38 0.63
  35   48 0.33
  51   79 0.67
  56   81 0.05
  42   50 0.09
  27   30 0.17
  45   55 0.97
  24   25 0.48
  79   85 0.01
  47   54 0.04
   5   32 0.39
  90   93 0.74
  33   47 0.34
  51   72 0.74
  12   19 0.59
  16   38 0.80
  52   71 0.41
  75   82 0.19
  87  118 0.73
  48   55 0.92
   5   19 0.81
   2   24 0.09
  26   50 0.52
  63   86 0.89
  22   35 0.86
  75   92 0.16
  66   92 0.52

  30   51 0.85
   7   36 0.05
  22   49 0.77
  52   61 0.09
  86  110 0.15
  54   73 0.19
  55   65 0.25
   5   24 0.23
  31   62 0.05
  56   56 0.85
  18   47 0.90
  90  116 0.83
  54   67 0.39
  56   78 0.58
  11   41 0.91
  66   70 0.01
  64   95 0.13
  16   36 0.81
  76  101 0.00
  48   48 0.85
  25   41 0.74
   5   31 0.57
  88  116 0.24
  29   56 0.74
  65   81 0.82
  40   49 0.90
  15   31 0.19
  62   65 0.98
  73   74 0.86
  43   68 0.30
   2   24 0.91
  66   93 0.06
  25   43 0.65
   1    2 0.57
  24   30 0.63
  47   78 0.12
  37   68 0.73
  26   27 0.81
  33   37 0.77
  62   87 0.59
  17   26 0.31
  62   81 0.57
  27   31 0.03
  20   26 0.06
   1   19 0.19
  39   58 0.03
  35   36 0.48
  66   68 0.89
  69   97 0.52
   4   16 0.27

