4 100 4
3    2  10  16

  56  104 0.98
  45  151 0.21
  10   48 0.57
  28   86 0.41
  35   76 0.39
  77  204 0.33
  69  141 0.39
  53   88 0.94
   2   28 0.90
  51  117 0.33
  85  139 0.91
  70  122 0.58
  20  132 0.57
  29  116 0.30
   0   91 0.96
  51  173 0.19
  84  143 0.61
  25  104 0.79
  60   83 0.38
  75   90 0.16
  22   87 0.98
  49   92 0.90
  70  191 0.31
  29   74 0.86
  83  136 0.60
   7   35 0.91
  69  109 0.06
  77   89 0.17
  10   19 0.95
   8   62 0.46
  74  161 0.88
  50  127 0.08
  63  187 0.31
  33   52 0.65
   5  103 0.60
  81  172 0.63
  85   98 0.49
  54  168 0.99
  46  139 0.98
  18  119 0.23
  36  109 0.13
  37   57 0.59
  81  129 0.38
  58  128 0.58
  18  137 0.25
  60  184 0.32
  77   83 0.86
  53   89 0.96
  75  188 0.01
  23   53 0.96
  40  156 0.22
  48  126 0.24
  78  178 0.11
  34  160 0.86
  19  116 0.03
  54  114 0.11
  23   53 0.73
  34   61 0.21
  50  129 0.11
  49   68 0.34
  56  181 0.13
  50   53 0.30
   3  101 0.71
  59  100 0.08
  26   35 0.13
   9  115 0.37
  38  120 0.80
  33   96 0.79
  25   31 0.67
  13  136 0.52
  36  114 0.34
  12   14 0.30
  27   79 0.55
  74  117 0.19
  48   65 0.90
  11   53 0.63
  58   87 0.59
  74  151 0.63
  81   82 0.32
  63   90 0.12
  22   61 0.02
  52  128 0.33
  58  184 0.57
   7  103 0.95
  30  111 0.01
  79  134 0.13
  75  169 0.78
  81   97 0.58
  56  182 0.66
  29  139 0.48
  10   18 0.28
   0   12 0.45
  47   54 0.65
  72  188 0.82
  73   82 0.13
   8   26 0.27
  35  151 0.00
  15   74 0.85
  30  115 0.75
  19   93 0.23

   6  130 0.98
  63  179 0.94
  84  184 0.56
  73  178 0.59
  62  112 0.08
  61  105 0.76
  84  115 0.31
  14  120 0.24
  72   85 0.39
  61  147 0.62
  53  163 0.45
  23   92 0.88
  77   87 0.01
  34  126 0.13
  59  188 0.67
  33   65 0.09
  44  146 0.90
  51  125 0.54
  56  132 0.37
  69  128 0.99
  36  160 0.21
  75  158 0.97
  70  124 0.94
  42   50 0.00
  45  115 0.00
  28   98 0.79
  15  125 0.51
   0   11 0.25
   9  107 0.04
  61  166 0.07
  71  136 0.69
  83  203 0.57
  61   80 0.52
  60   77 0.32
  18   68 0.28
  82  116 0.69
  20  144 0.84
  51  125 0.50
  51  173 0.44
  61  142 0.91
  48   85 0.82
  79  100 0.06
  21  151 0.86
  83   91 0.23
  41  157 0.84
  45  132 0.16
  10   89 0.39
  51   80 0.41
  20  145 0.80
  84  130 0.70
   3   49 0.19
  31   68 0.45
  50  106 0.84
  80  132 0.47
  60  146 0.41
  78  168 0.80
  29  102 0.04
  79  107 0.63
  11   51 0.05
  16   97 0.08
  73  125 0.93
  28  142 0.61
  30  117 0.14
  65  143 0.69
  49   49 0.51
   9  128 0.03
   5   71 0.89
   6   19 0.66
  22  100 0.55
  77  154 0.14
  82  115 0.14
  79  208 0.74
   9  112 0.46
  22   56 0.74
  32   60 0.98
  24   89 0.63
  73  117 0.01
  57  175 0.70
  62   82 0.25
  38   93 0.64
  13   51 0.41
  59   62 0.83
  32   47 0.06
  57  138 0.57
  15   35 0.85
  54   58 0.62
  43  160 0.36
  66  118 0.56
   6  136 0.42
  84  156 0.16
  26   65 0.38
  33  157 0.91
   4    7 0.63
  63  126 0.86
  26   52 0.97
  28  109 0.49
  69   91 0.86
  44  121 0.89
  77  104 0.00
  65  163 0.28

  12   53 0.49
   7   27 0.58
   9   71 0.56
  26  131 0.10
  37   42 0.96
  59   89 0.82
   0   96 0.38
  15   86 0.26
  62  169 0.91
  78   99 0.96
  37  121 0.14
  32   64 0.42
  44   52 0.55
  71  137 0.91
  39  108 0.98
   4  121 0.39
  50   80 0.82
  15   54 0.94
  83  198 0.11
  13  125 0.34
  43  153 0.47
  83  180 0.58
  13   86 0.34
  77  150 0.33
  77  179 0.94
  63  162 0.11
  16   44 0.02
  59  180 0.07
  12  138 0.25
  18   86 0.69
  83  106 0.00
  40   68 0.48
  25   48 0.50
  65  151 0.29
  30  160 0.19
  78  124 0.99
  69  151 0.41
  14   55 0.50
  32  152 0.81
   6   69 0.81
  84  204 0.49
   9   41 0.30
  34   41 0.90
  52   96 0.71
  23   57 0.77
  79   96 0.94
  58  117 0.76
  10  140 0.07
  44  153 0.90
  76  101 0.16
  20   83 0.95
   8   75 0.40
   8   42 0.65
  63  149 0.39
  59  152 0.26
  26  115 0.43
  42   98 0.98
  21  119 0.15
  10   97 0.50
  67  160 0.85
   9  107 0.07
  56   77 0.60
  34  145 0.46
  50  140 0.65
  38  134 0.39
  55   66 0.56
  40  118 0.83
  38  113 0.37
  17   88 0.91
  68  183 0.67
  49  114 0.16
  58  176 0.72
  66  107 0.29
  21   40 0.94
  55   95 0.05
  37  108 0.39
  38  149 0.99
  51  154 0.26
  45   48 0.40
  66   97 0.85
   7  106 0.80
  42  101 0.51
   2   17 0.20
  55  100 0.35
  31   43 0.78
  24  121 0.53
  34   67 0.94
  12   46 0.69
  31  157 0.04
  56  127 0.66
  59   83 0.57
   9   37 0.53
  73   73 0.50
  83  208 0.16
  71  143 0.77
  13   78 0.29
   1  101 0.78
  41  143 0.25
   5   64 0.91
  40  156 0.43

