3 25 4
12    4  10  20   4  16  10   2   4  20  16   4   4

 101  110 0.29
  71   75 0.45
 106  191 0.02
  53  112 0.02
  65  120 0.67
  99  129 0.47
  25  102 0.51
 106  237 0.98
 113  241 0.66
  84   92 0.78
  13  113 0.96
 107  216 0.08
  41  167 0.67
 106  202 0.68
  46   98 0.32
  98  223 0.70
  97  181 0.51
  52   83 0.47
  49  135 0.54
  88  189 0.05
 115  277 0.32
  57  161 0.83
 102  225 0.05
  55  207 0.36
 106  235 0.62

  26   73 0.07
  67  136 0.57
  52   54 0.73
   0   43 0.93
  87  111 0.49
 110  248 0.35
  20  146 0.19
  65  167 0.77
  70  172 0.47
  73  200 0.53
  28  170 0.54
 111  267 0.20
 109  115 0.80
  90   98 0.84
 108  109 0.35
  53  107 0.67
  28   66 0.67
  18   82 0.54
  51  192 0.55
  81   84 0.00
  47  183 0.03
  87  196 0.88
  83  224 0.02
  92  230 0.66
  19   54 0.78

  82  100 0.82
 109  162 0.59
  92  108 0.65
 108  278 0.02
  13   80 0.41
 102  196 0.06
  18   66 0.88
  52  121 0.04
  43  180 0.59
  35  104 0.25
   5  107 0.38
  48  122 0.43
  13  109 0.61
  97  260 0.44
  69  188 0.29
  13  166 0.10
  34   72 0.13
  87  255 0.19
  47  188 0.08
  29   96 0.78
  72  122 0.60
 117  255 0.73
  86   93 0.98
  11   76 0.55
  97  253 0.58

  66  198 0.46
  90  129 0.38
  71  136 0.47
  47   63 0.45
  21  103 0.52
   9   29 0.54
  80  227 0.18
 104  156 0.60
  74  140 0.30
  67   96 0.08
  31  112 0.52
  32  200 0.09
 108  122 0.81
  99  172 0.23
   7   55 0.80
  37  137 0.07
  87  108 0.77
 112  119 0.97
  61   69 0.83
  33   96 0.80
 107  212 0.27
  17  129 0.59
  90  187 0.29
  74  123 0.02
  79  198 0.82

  65  165 0.34
  82  128 0.79
  82  214 0.53
  26  175 0.99
  27   32 0.61
  72  213 0.09
  64   86 0.57
  73  168 0.44
  77  235 0.31
  32   80 0.52
 117  219 0.60
  83  218 0.94
  24   62 0.15
  86  130 0.83
   8  139 0.39
  33   57 0.71
   8   77 0.90
  62  148 0.33
  18  151 0.20
  37   93 0.93
  54  228 0.08
  37  176 0.03
   4   66 0.99
 114  119 0.80
  60  153 0.34

 114  157 0.24
  90  226 0.69
  38  131 0.41
  85  105 0.30
 110  232 0.05
  46  107 0.72
  63  153 0.32
 116  241 0.31
 102  114 0.75
  53  193 0.77
  71  123 0.27
  62  118 0.75
  79  229 0.66
  16   42 0.27
   7   30 0.23
  46  184 0.27
  66  179 0.47
  38  180 0.29
   2  125 0.59
 103  194 0.38
  94  187 0.52
   6  107 0.66
  96  175 0.43
  51   61 0.84
  34   42 0.26

  68  200 0.95
  95  138 0.35
   5  117 0.09
  42  104 0.08
  67  182 0.57
  78  248 0.92
  50  201 0.81
 102  163 0.43
 107  184 0.84
  38   70 0.42
  65  234 0.23
 109  179 0.02
  50  151 0.31
  46  159 0.32
  79   82 0.73
  52   60 0.71
  75  182 0.29
 100  107 0.60
  85  205 0.81
  37  175 0.25
  63  229 0.76
  50  203 0.58
  13  102 0.76
  48  218 0.16
  62  192 0.96

  61  166 0.66
 111  269 0.98
  37  132 0.38
  49  127 0.82
  43  160 0.13
  16  187 0.31
  73  140 0.95
  65   88 0.38
   2  168 0.21
  54  139 0.41
  67  189 0.95
  51  189 0.02
  39  172 0.12
  16   75 0.79
  68  204 0.92
 111  200 0.56
  86  127 0.50
  11   27 0.04
  77  130 0.47
  43  135 0.86
  81  185 0.53
  64   95 0.35
  93  143 0.90
  31   77 0.13
  32   65 0.90

  16   94 0.06
 104  125 0.55
  92   95 0.35
  56  160 0.69
  25  195 0.36
   5   22 0.54
  34  158 0.48
  17   76 0.65
  90  170 0.88
  73   86 0.88
  56  222 0.23
  11  100 0.20
 107  229 0.43
  24  188 0.87
  48  107 0.25
  27   76 0.56
  11  138 0.77
  94  254 0.98
  21  173 0.14
  27   72 0.44
  47   59 0.31
 106  226 0.09
  39  148 0.63
  88  161 0.38
  39  112 0.95

  62   76 0.68
 113  255 0.71
  45  165 0.41
  74  188 0.61
  79  230 0.69
 108  120 0.80
  16  132 0.68
  27   77 0.30
  61  184 0.51
  73  133 0.33
   3  117 0.16
  91  191 0.98
  57   79 0.05
 102  195 0.87
  75  141 0.23
  65   87 0.90
  64  142 0.11
  84  187 0.57
   0  128 0.82
  32   66 0.30
  68  134 0.31
  42  115 0.11
  47  154 0.37
  20   85 0.04
  25  185 0.78

  16   71 0.68
  93  169 0.68
  39  133 0.49
   9   41 0.17
  60  196 0.59
  14   60 0.04
  10   34 0.72
  19  185 0.26
 115  262 0.48
  21  100 0.15
  63  113 0.36
  75   80 0.60
  95  217 0.60
  82  204 0.72
  34   96 0.85
  39  169 0.14
 115  166 0.94
   7    8 0.63
  31   53 0.23
  89  124 0.99
  19   87 0.23
  68  197 0.00
  50  124 0.70
  61  213 0.50
 112  278 0.39

  30  196 0.54
  48  108 0.10
  23  153 0.03
  65  202 0.01
  52  171 0.18
   5   36 0.66
  16  127 0.70
   7  157 0.38
 102  126 0.72
   5   26 0.46
  33  144 0.14
  99  156 0.45
  43  180 0.38
  34  178 0.93
  50  226 0.81
   7   20 0.06
 115  128 0.99
 112  213 0.75
  98  201 0.66
   3   30 0.27
  63  122 0.65
  97  179 0.92
  28  118 0.72
  95  192 0.70
  47   75 0.86

