5 80 8
3   20  10   4

  16   56 0.00
  12   41 0.87
   4   23 0.31
  14   38 0.44
  15   23 0.27
   1   41 0.96
  13   35 0.64
   4   46 0.14
  16   24 0.75
   2   22 0.30
   6   55 0.84
  11   58 0.29
   7   55 0.80
   1   41 0.66
  12   15 0.60
  13   44 0.51
  11   26 0.08
  13   21 0.06
   7   39 0.64
   7   39 0.76
   2    8 0.74
   1   30 0.72
   3   27 0.32
  15   21 0.07
   4   12 0.91
   2    6 0.46
  12   56 0.38
   7   19 0.17
  14   44 0.22
   6   56 0.47
  13   17 0.45
  10   28 0.28
   7   26 0.00
  16   50 0.05
  16   62 0.24
  14   14 0.18
  15   41 0.58
  13   54 0.84
   6   33 0.42
   7   23 0.11
  12   48 0.30
  15   54 0.13
  10   22 0.28
  13   60 0.49
  14   54 0.99
   4   10 0.23
   3   46 0.76
  13   22 0.43
   7   22 0.20
   2   28 0.18
   4   26 0.09
  16   66 0.20
  15   59 0.99
   4   42 0.77
  10   45 0.23
  16   54 0.33
  14   25 0.22
  15   21 0.87
   0   12 0.05
  15   27 0.12
   7   23 0.25
  14   31 0.21
  15   25 0.36
  16   57 0.11
  12   31 0.82
   7   54 0.38
  14   45 0.50
   3   46 0.77
  12   22 0.82
  15   33 0.29
  14   51 0.83
  14   20 0.55
   2   32 0.33
  11   21 0.10
   7   26 0.64
  12   54 0.55
   1   19 0.41
   6   23 0.99
  15   36 0.29
   9   31 0.80

   8   25 0.01
   4   22 0.14
   5   53 0.27
  15   16 0.01
   5   22 0.48
   6    7 0.17
   9   10 0.62
   5   36 0.18
  11   22 0.56
   7   55 0.25
   8   11 0.27
   2   33 0.59
  16   34 0.27
   2   32 0.26
  15   45 0.34
  13   28 0.68
  16   36 0.41
  15   63 0.94
   1   30 0.26
  11   20 0.89
   3   21 0.39
  14   23 0.60
   1   25 0.82
  16   48 0.75
   2   44 0.56
   1   47 0.35
   0   47 0.35
   1   44 0.51
  10   11 0.69
   4    4 0.72
   6   36 0.57
   8    9 0.67
   9   14 0.05
   6   25 0.60
   2    4 0.95
   0   23 0.34
  12   16 0.58
   9   12 0.86
  13   41 0.73
   7   32 0.15
  13   38 0.69
  16   45 0.88
   5   49 0.25
   7   51 0.64
   4   44 0.72
   7    9 0.24
   0   26 0.26
   0    8 0.10
  12   27 0.87
  15   40 0.69
   7   53 0.24
  15   51 0.21
   2   25 0.24
   3   50 0.09
   3   30 0.96
  15   19 0.15
  14   41 0.15
  11   52 0.98
   5   27 0.65
   6   45 0.78
   0   31 0.13
   5    8 0.20
   6   33 0.00
   4   53 0.19
   9   35 0.30
   8   58 0.18
  11   16 0.40
   5    8 0.71
   9   10 0.25
  11   15 0.57
   6   39 0.53
  11   39 0.59
  10   35 0.19
   3   17 0.28
  15   54 0.34
  10   15 0.63
  10   14 0.00
   5   24 0.85
   1   24 0.69
   0   27 0.31

   0    0 0.74
  15   45 0.19
  11   52 0.94
  15   27 0.74
   9   28 0.66
   2   39 0.53
  10   55 0.87
  10   37 0.66
  15   17 0.69
   3   53 0.93
   0    0 0.39
  12   13 0.72
   0   39 0.91
  15   65 0.01
   8   12 0.00
   1   29 0.73
  13   17 0.18
  13   26 0.02
   7   33 0.78
   7   40 0.61
   5   32 0.04
   5   11 0.43
   7   56 0.97
   7   20 0.99
  14   34 0.69
  10   12 0.25
   0   42 0.78
   6   32 0.93
   9   15 0.47
   8   46 0.51
   3   37 0.26
   9   55 0.36
   0    5 0.31
  16   63 0.88
  16   61 0.14
   4   11 0.79
  10   32 0.86
   0   10 0.74
   6   47 0.90
   8   50 0.69
   3   43 0.92
   2   16 0.46
   7   19 0.55
  15   43 0.36
   7   35 0.20
   1    7 0.14
   5   25 0.35
   1   49 0.76
  11   59 0.87
  16   43 0.54
  16   26 0.09
   3   11 0.88
   3   20 0.49
   6   22 0.62
   1   21 0.41
  11   55 0.03
  11   31 0.98
   4   31 0.75
  15   49 0.70
   5   47 0.89
  12   46 0.08
  14   29 0.41
  12   49 0.93
   4   35 0.52
  15   58 0.70
   2   23 0.12
   9   52 0.11
  13   59 0.01
   7   46 0.65
   3   22 0.62
  14   30 0.74
   3   38 0.84
   1   17 0.30
  16   27 0.00
   4   16 0.36
   5   25 0.07
  11   58 0.76
   7   51 0.59
  15   35 0.25
   3    9 0.61

