4 100 4
3    4   4   2

  24   42 0.47
  30   60 0.27
  32   43 0.94
  31   44 0.31
  41   54 0.11
  20   38 0.69
  44   51 0.24
   2   16 0.87
   6   30 0.47
   9   18 0.57
  22   30 0.93
   1   16 0.12
   8   10 0.42
  16   40 0.88
  18   37 0.25
   9   35 0.96
  21   31 0.90
  35   54 0.56
  39   60 0.96
  28   57 0.52
  45   72 0.44
  19   23 0.66
  15   34 0.04
  35   41 0.30
  15   32 0.26
  17   45 0.55
  39   56 0.72
   5    5 0.44
   7    9 0.82
  30   42 0.48
   1   23 0.47
   2   12 0.49
  23   34 0.66
  19   47 0.29
  45   59 0.68
  16   32 0.19
   1    3 0.47
   4   29 0.43
  41   47 0.05
  11   32 0.97
   7   23 0.75
  28   35 0.88
  16   39 0.49
  10   36 0.54
  22   45 0.42
   7   17 0.95
   1   14 0.15
  32   32 0.54
  16   17 0.23
  27   48 0.08
  29   33 0.72
  26   49 0.68
   5   14 0.58
  21   48 0.26
  42   69 0.96
  18   41 0.84
  43   63 0.66
  15   41 0.71
  32   62 0.72
   4   21 0.22
  17   47 0.13
  35   65 0.91
  15   34 0.38
  45   66 0.51
   0    9 0.35
  45   58 0.24
   1   10 0.10
  38   48 0.78
   2    6 0.18
  12   21 0.94
  36   57 0.21
   1   26 0.86
  37   49 0.61
  29   30 0.15
  45   51 0.43
  32   39 0.54
   6   11 0.48
  17   30 0.57
  40   70 0.17
  23   28 0.29
  24   25 0.65
  33   63 0.41
   2    4 0.91
  30   59 0.80
  43   73 0.25
  13   34 0.58
  41   54 0.51
  34   58 0.29
  23   40 0.68
  10   16 0.07
  39   55 0.74
  24   35 0.65
  30   55 0.53
  16   24 0.74
   3   21 0.51
  26   29 0.33
  26   37 0.80
  11   24 0.98
  37   54 0.01
  36   42 0.92

  25   35 0.22
  40   45 0.62
   1   30 0.04
  26   53 0.17
  30   41 0.62
   7   12 0.38
  41   67 0.04
  18   42 0.07
  34   55 0.37
  32   51 0.98
  40   50 0.01
  36   64 0.32
  18   23 0.75
   2    7 0.77
  15   19 0.39
  24   31 0.95
  39   53 0.47
  18   29 0.52
  10   18 0.41
   9   21 0.60
   8   35 0.38
  26   50 0.15
  10   39 0.23
   2   14 0.10
  36   45 0.67
   9    9 0.51
  10   13 0.76
  33   53 0.55
  35   47 0.26
  21   38 0.78
   9   37 0.60
  41   41 0.99
  33   41 0.97
  30   59 0.15
  22   37 0.07
  21   47 0.86
   7   23 0.30
   9   36 0.29
  38   68 0.27
  21   25 0.22
  45   54 0.63
  19   49 0.70
  43   48 0.19
  24   52 0.36
  18   33 0.74
  23   49 0.47
  34   34 0.35
  20   42 0.10
  20   22 0.69
   6    6 0.82
  30   49 0.98
  45   64 0.74
  40   49 0.70
  39   45 0.24
  34   62 0.02
   2   31 0.41
  34   58 0.03
   0    8 0.68
  20   46 0.95
   7   26 0.11
  41   60 0.56
  13   20 0.96
  18   47 0.39
   3    7 0.80
   9   37 0.96
  44   55 0.73
   3   13 0.37
  38   65 0.58
  13   20 0.09
   5    9 0.37
  37   60 0.16
  33   48 0.58
  21   42 0.26
   1   18 0.13
  41   55 0.45
   6   34 0.53
  41   48 0.79
  37   48 0.55
  32   35 0.36
   2    5 0.33
   6   31 0.51
  21   51 0.54
  13   20 0.71
   5   21 0.66
  36   59 0.29
  44   70 0.68
  26   27 0.99
  20   21 0.57
  32   39 0.80
  35   46 0.27
  27   29 0.08
  31   35 0.54
   7   16 0.52
   5   24 0.60
  23   24 0.99
  43   61 0.06
  38   43 0.15
  28   42 0.84
  39   39 0.18
  27   57 0.93

  24   54 0.74
   1   24 0.84
  38   45 0.07
  45   60 0.56
  28   33 0.76
  26   53 0.95
  24   41 0.73
   8   27 0.86
  31   55 0.00
  31   55 0.77
  13   39 0.01
  11   29 0.87
  22   30 0.25
   6    6 0.23
  18   23 0.63
  18   24 0.97
   8   15 0.99
  25   52 0.56
   4   32 0.35
  11   15 0.43
   1   10 0.04
  12   41 0.26
  23   32 0.01
  27   43 0.43
  10   39 0.20
  14   39 0.18
   8   25 0.31
   1   26 0.55
  44   58 0.97
   1   17 0.20
  42   48 0.31
  21   31 0.82
  36   46 0.95
  33   42 0.31
   2   13 0.41
  14   27 0.08
  16   38 0.31
  14   36 0.36
  38   47 0.15
  17   42 0.76
  25   46 0.73
  40   40 0.33
  37   54 0.58
  26   53 0.44
  43   64 0.75
  10   11 0.72
   0    0 0.94
  19   45 0.27
  27   57 0.00
  41   50 0.04
  30   56 0.69
  14   19 0.26
  25   33 0.17
  40   67 0.12
  40   59 0.80
  16   17 0.32
  14   17 0.98
  33   51 0.58
  33   59 0.35
  26   51 0.59
  20   46 0.60
  24   28 0.42
   8   15 0.07
  43   48 0.54
   0    3 0.34
  32   35 0.50
  30   30 0.97
  20   21 0.85
  20   50 0.96
   3    6 0.84
  22   47 0.69
  39   47 0.26
  13   32 0.68
  11   34 0.47
   8   24 0.39
  40   48 0.30
  36   37 0.24
  13   22 0.43
  23   44 0.09
  28   48 0.79
  28   37 0.07
   5   30 0.69
  25   32 0.97
   9   30 0.23
  29   35 0.44
  26   36 0.97
  35   46 0.73
   9   39 0.09
  33   50 0.48
  40   52 0.12
  15   17 0.44
  31   34 0.99
  28   31 0.70
  45   51 0.68
  11   32 0.98
  31   48 0.32
   4    9 0.84
  28   37 0.50
  14   44 0.20
   3   21 0.08

