5 15 4
12   20  10  20   4  16  10  16   4   2   4   2  10

  12   71 0.79
   7   42 0.74
   1    9 0.43
  18   48 0.69
  19   42 0.24
  18   31 0.30
   6    9 0.80
   1    3 0.23
  11   53 0.63
   1   42 0.87
  15   15 0.68
   3    9 0.03
  10   43 0.56
   7   37 0.55
   1   47 0.16

  17   76 0.26
  18   80 0.66
   6   56 0.20
   2   44 0.62
  13   67 0.77
   1    5 0.48
  19   51 0.51
  10   35 0.16
   1   53 0.28
   8   19 0.89
  11   27 0.89
  13   20 0.67
   6   40 0.16
   6   65 0.03
   0   31 0.34

   2   25 0.84
  15   46 0.10
  20   66 0.73
  16   74 0.06
  16   34 0.07
  13   38 0.16
  14   43 0.35
  13   63 0.56
  14   44 0.27
   8   52 0.44
   1   55 0.53
  19   32 0.31
   3    3 0.49
  11   53 0.43
   5   18 0.75

  21   78 0.79
   0   50 0.49
  18   78 0.32
  19   68 0.59
  15   42 0.92
  10   59 0.50
   3   35 0.14
  17   19 0.63
   2   47 0.05
  14   79 0.40
   8   63 0.70
  15   55 0.65
   9   28 0.92
  13   59 0.35
  16   72 0.08

  19   33 0.49
   0   12 0.32
   0   15 0.98
   2   18 0.52
   3   49 0.11
   5   57 0.88
  10   50 0.05
  12   42 0.52
  11   64 0.12
  14   67 0.79
  10   41 0.67
  16   46 0.49
   9   43 0.41
  17   50 0.87
  15   21 0.79

  20   76 0.86
  12   73 0.17
  14   25 0.02
  20   49 0.94
   6    6 0.43
  11   46 0.23
   3   60 0.54
   9   70 0.85
   9   39 0.66
  14   61 0.57
   2   42 0.08
  14   65 0.18
  16   61 0.35
  17   21 0.47
  18   44 0.32

  18   29 0.60
  13   29 0.39
   4   19 0.39
   8   48 0.35
  11   13 0.59
   9   57 0.30
   1   40 0.59
  15   72 0.41
  18   46 0.11
  18   48 0.52
   6    9 0.48
  21   45 0.16
  17   45 0.93
  17   57 0.04
  13   54 0.26

   9   20 0.20
   7   20 0.98
  12   37 0.58
   7   18 0.96
  15   40 0.89
  10   38 0.34
   0   18 0.88
   1   24 0.98
  10   59 0.91
   5   22 0.50
  18   64 0.63
   2   31 0.41
  20   63 0.53
  21   69 0.35
   6   14 0.51

  13   48 0.22
   0   30 0.24
  16   80 0.47
  21   76 0.03
  17   49 0.53
  10   67 0.00
  19   44 0.25
  16   72 0.50
   3   50 0.99
  17   63 0.16
  17   21 0.23
   3    5 0.27
  15   63 0.06
  11   60 0.34
   8   38 0.77

  10   41 0.67
  19   37 0.93
   0   26 0.30
  18   43 0.09
  16   36 0.33
   8   38 0.32
   4   26 0.24
  21   39 0.30
   2   62 0.81
  15   44 0.45
   7   16 0.58
   6   60 0.95
   9   10 0.04
   7   72 0.95
  14   48 0.47

   1   41 0.13
   7   46 0.70
   4   53 0.38
  11   40 0.49
  12   59 0.61
   7   14 0.78
   9   38 0.11
  14   74 0.02
  21   68 0.94
  17   58 0.75
   3   12 0.70
  15   46 0.02
  10   36 0.33
   7   22 0.99
   4   28 0.18

   5   37 0.82
  14   16 0.99
   4   43 0.85
   5   24 0.12
   5   64 0.80
  20   71 0.74
  10   14 0.49
  15   29 0.43
  11   49 0.38
   8   29 0.22
   0   19 0.31
   6   19 0.11
  10   24 0.04
  13   35 0.26
   8   22 0.97

