4 20 4
12   10  20   4  16  10  10  16   4  10  10  10   2

  29  104 0.28
  68  160 0.50
  11   27 0.20
  47   94 0.35
   6   29 0.29
   9   59 0.41
   2   80 0.58
  60   80 0.42
  63  161 0.29
  27  133 0.79
  67  127 0.16
  31   85 0.06
  39   66 0.34
  10   42 0.78
  43  131 0.81
  66   98 0.98
  16   93 0.22
  56  139 0.98
   7   58 0.59
  10   64 0.34

  48   75 0.76
   8   93 0.21
  67  108 0.54
  38  145 0.66
  58   77 0.12
  53  134 0.13
  28   99 0.19
  57  144 0.39
  21   57 0.40
   7  110 0.87
  52   76 0.37
  47  155 0.24
  61  103 0.12
  26   52 0.81
  27   27 0.31
  17  116 0.16
   8   66 0.94
  23  111 0.59
  68  118 0.58
  73  138 0.78

  46   61 0.25
  39  101 0.93
  70  179 0.83
  58  134 0.59
  24   52 0.62
  18  110 0.45
  21  132 0.96
  23   69 0.18
  62   63 0.19
  12   19 0.35
  72  150 0.26
   9   65 0.92
  35   84 0.53
  58  116 0.61
  61  169 0.75
  36  136 0.12
  58   92 0.33
  19   25 0.96
  42  122 0.52
  51   56 0.22

  58   63 0.51
  73  164 0.50
  29   74 0.41
  65  134 0.54
  74   81 0.93
  15   34 0.34
  26   50 0.64
  27   87 0.15
  50  129 0.72
  63  122 0.29
  16  103 0.51
  12   84 0.83
  64   80 0.60
  33   98 0.27
  38  144 0.49
  13   19 0.22
  75  162 0.50
   1   81 0.54
  59   85 0.99
  44  157 0.55

  28   89 0.43
  48  139 0.06
  72  119 0.07
   3   26 0.10
  11   54 0.07
  54   57 0.32
  64   70 0.37
  41  125 0.23
  73  160 0.18
  71  119 0.27
  29   78 0.41
  42  151 0.02
   1    1 0.77
  24   85 0.20
  69  151 0.92
  11   36 0.00
  12   92 0.77
  55   58 0.28
  32  106 0.19
   0   86 0.17

  24  136 0.32
  10   57 0.12
  13   85 0.40
  12   96 0.59
   6   96 0.12
   4   31 0.37
  58   89 0.86
  21   23 0.22
  36  131 0.89
  49  134 0.06
  16   42 0.56
  37   91 0.60
  16   24 0.13
  75  143 0.06
  10   23 0.54
   8   23 0.63
  14   25 0.66
  65   73 0.17
  37  144 0.44
   4    8 0.41

   2   70 0.11
  39   67 0.81
  12  120 0.29
  49  133 0.56
  38   58 0.55
  39   82 0.28
  49  137 0.70
  21   32 0.02
  55  129 0.71
   3   60 0.68
   4  113 0.39
  67   92 0.63
   3   10 0.93
  31   37 0.72
  55   95 0.95
  18  110 0.52
  46  149 0.25
  64   86 0.26
  42   57 0.80
  37   62 0.75

  19  117 0.59
  53  113 0.00
  64   82 0.65
  62  110 0.93
  49   68 0.89
  21   89 0.15
  18   19 0.34
  32   94 0.55
  49   78 0.79
  54  103 0.89
  39   51 0.60
  52   65 0.81
  35   46 0.61
  13   52 0.23
  44  126 0.42
  13   18 0.42
   5   96 0.76
  42  139 0.07
   5   40 0.19
  14  120 0.72

  56  168 0.51
  34   96 0.10
  43  151 0.13
  37  101 0.15
  49  142 0.63
  50  144 0.68
  47   78 0.10
  39  142 0.16
   5   59 0.46
  38  111 0.47
  68   98 0.93
  35  133 0.57
  40  152 0.28
  17   41 0.33
  17   92 0.12
  26  134 0.86
  31   68 0.00
  71  184 0.27
   1   46 0.92
  50   86 0.14

  25   71 0.45
  57   76 0.95
  59  131 0.44
  22   56 0.30
  39  134 0.15
  72  123 0.96
  24   54 0.46
  54  159 0.18
  23   82 0.80
  66  151 0.84
  56  155 0.74
  52   98 0.30
  37   57 0.30
  24   50 0.53
  60  119 0.41
  54  119 0.99
  55  147 0.03
  63  146 0.25
  65  141 0.42
  41   63 0.42

  55   56 0.95
   5   24 0.35
  73   84 0.99
   6  102 0.68
   7   87 0.49
  18  125 0.37
  20   39 0.82
  14   99 0.47
  57   67 0.09
  56  157 0.20
  31   68 0.16
   8   51 0.24
  56  157 0.84
  31   96 0.41
  56  101 0.50
  42   98 0.54
  22   48 0.61
  69  158 0.61
  21  133 0.22
  60   91 0.26

  62   73 0.99
  14  127 0.92
  38   79 0.37
  53  139 0.36
  23   69 0.59
  42   97 0.82
   8   31 0.03
  14   77 0.25
  30  110 0.92
  51   65 0.02
  52  131 0.75
  32  144 0.62
  13   67 0.92
  61  121 0.43
  64   87 0.48
  73  115 0.96
  33   51 0.93
  39   70 0.71
  68  150 0.90
  22   56 0.56

