5 20 4
12   10  10  10  10   4  10  20  16   4   4  10  10

  18   57 0.72
   1   10 0.25
   7   12 0.36
  12   31 0.68
  10   63 0.15
  10   25 0.17
  23   74 0.00
   4   21 0.43
   3   18 0.40
  19   28 0.42
  23   35 0.36
  15   69 0.82
   6   23 0.60
  28   57 0.31
  12   59 0.05
  26   76 0.50
   7   65 0.07
   5   24 0.97
  25   36 0.95
   8   42 0.95

  21   45 0.91
   1   25 0.66
  27   69 0.73
  13   58 0.64
  18   29 0.44
   1   33 0.23
  25   56 0.14
  25   57 0.31
   8   57 0.31
  25   44 0.48
  21   60 0.92
  22   62 0.24
   4   56 0.26
  27   52 0.17
  15   35 0.31
  26   27 0.16
  16   28 0.43
  24   29 0.26
  28   52 0.56
  23   26 0.17

  23   37 0.75
  11   55 0.27
   8   11 0.67
   0   39 0.48
  10   55 0.16
   5   55 0.18
  10   30 0.54
   4   57 0.38
   5   42 0.48
   2   52 0.93
   2   18 0.23
   8   22 0.36
   5   21 0.25
  18   53 0.31
   7    9 0.04
   1   25 0.26
   4   12 0.19
  10   16 0.62
  28   69 0.98
  10   39 0.53

   8   10 0.12
  21   26 0.26
   5   44 0.43
  13   42 0.55
  23   45 0.38
  26   40 0.24
  13   44 0.35
  26   77 0.07
  10   11 0.68
   4   31 0.61
   2   22 0.13
   0    1 0.01
  12   67 0.54
  23   52 0.79
   3   37 0.98
  14   14 0.52
  26   84 0.39
   8   23 0.48
   8   44 0.78
  11   12 0.74

   7   48 0.61
  25   31 0.03
  12   51 0.10
  24   55 0.75
   1   27 0.68
   2   49 0.01
  26   42 0.41
  10   10 0.89
  13   66 0.05
  24   68 0.73
   7   13 0.89
  21   58 0.44
  22   36 0.24
   7   63 0.98
  16   48 0.73
   4   18 0.58
  28   62 0.68
  16   39 0.23
   9   37 0.18
  27   77 0.76

  12   66 0.71
  14   44 0.95
  18   53 0.67
  10   26 0.06
  20   44 0.26
  14   72 0.27
  15   32 0.88
  22   53 0.88
  20   77 0.54
   6   51 0.53
  15   22 0.53
  13   41 0.74
  18   41 0.55
  13   50 0.47
  15   15 0.78
  11   37 0.14
   9   19 0.28
  16   17 0.03
   6   21 0.42
  13   69 0.75

   0   13 0.56
  13   54 0.08
   9   19 0.85
  22   27 0.12
  20   59 0.00
   3   61 0.33
   2   12 0.74
   2   15 0.65
  17   58 0.45
   8   41 0.09
   1   44 0.86
  13   60 0.53
   1    3 0.51
  18   48 0.43
   4   34 0.45
  11   23 0.26
  12   17 0.06
  22   64 0.15
  19   59 0.70
  17   70 0.10

  18   18 0.36
  13   27 0.97
   4   49 0.82
  25   52 0.22
  22   29 0.44
  12   62 0.92
  28   73 0.92
  12   47 0.71
   9   52 0.98
  16   52 0.30
  13   60 0.00
  14   38 0.43
   3   58 0.19
  20   70 0.70
  15   72 0.56
   3    3 0.89
   3   61 0.27
  16   16 0.23
  19   35 0.30
   9   39 0.84

  19   69 0.31
   0   18 0.91
  17   48 0.64
  28   83 0.86
  19   20 0.28
  27   55 0.11
  17   28 0.01
  27   58 0.56
  25   41 0.82
  10   33 0.02
   7   34 0.93
  17   27 0.96
   3   59 0.14
   0   27 0.06
  28   29 0.98
  12   29 0.46
  15   34 0.11
   0   24 0.90
  28   33 0.32
  12   37 0.96

  20   23 0.25
  11   28 0.05
  22   62 0.31
  24   73 0.57
  24   52 0.18
  16   24 0.08
   7   11 0.91
  18   62 0.99
  17   58 0.09
  12   23 0.67
   1   16 0.85
   7   10 0.96
  19   60 0.97
   0   34 0.96
  20   42 0.20
   3   32 0.17
   4   44 0.11
  12   38 0.39
   2    7 0.17
  19   56 0.32

  15   53 0.74
  15   26 0.96
   0   46 0.79
  21   68 0.48
  19   76 0.06
  10   56 0.79
  23   78 0.93
  26   82 0.83
   0   15 0.40
  25   75 0.43
  18   33 0.22
   5   51 0.55
  11   64 0.09
  18   26 0.21
   2    7 0.82
  18   64 0.61
   8   63 0.10
  19   31 0.89
  15   43 0.18
   6   34 0.54

  26   60 0.74
   1   52 0.89
  27   63 0.83
   2   42 0.23
  14   26 0.12
  13   29 0.98
  24   50 0.97
  13   20 0.79
  14   21 0.59
  18   49 0.04
  13   66 0.70
  14   72 0.98
   6   63 0.79
   6   38 0.90
   9   55 0.96
  25   27 0.56
   9   19 0.79
  25   69 0.42
  28   37 0.91
   4   48 0.71

