3 20 8
12    2   2  10  10   2   2  10   4  10   2  16   2

   8   36 0.70
  12   26 0.80
   0   18 0.00
  20   57 0.54
   8   13 0.25
   4   15 0.94
  24   31 0.33
  20   26 0.94
  14   46 0.01
  16   48 0.40
  23   55 0.01
  27   61 0.27
   5   14 0.95
  20   49 0.00
  17   39 0.63
  20   28 0.87
  28   58 0.82
   5   28 0.96
  13   24 0.81
   0   44 0.01

  20   26 0.79
  14   52 0.46
  14   15 0.92
   6   37 0.87
  19   32 0.86
  11   29 0.28
  25   25 0.73
   6   25 0.63
  26   34 0.71
  27   51 0.02
  27   55 0.35
  15   40 0.17
  14   52 0.25
  20   28 0.98
  18   31 0.33
  20   64 0.11
   2   29 0.78
  28   32 0.77
  11   50 0.67
   1    8 0.40

  28   31 0.63
  27   46 0.49
  27   65 0.17
  26   50 0.17
  28   42 0.18
   6   44 0.71
  15   25 0.20
  21   39 0.25
  20   26 0.77
  18   61 0.66
  24   40 0.85
  25   49 0.67
   5   24 0.05
  22   48 0.43
  21   60 0.45
   2   40 0.13
  25   29 0.52
   5   30 0.39
  28   67 0.29
  28   34 0.80

   1   44 0.70
  19   23 0.63
   6   36 0.06
   9   33 0.42
  21   43 0.38
  17   40 0.14
  13   34 0.89
  27   27 0.15
  21   31 0.32
  24   62 0.76
   4   31 0.98
  11   38 0.40
  19   57 0.70
  23   35 0.49
  29   42 0.57
  25   65 0.71
  14   19 0.20
  29   39 0.36
  17   43 0.64
  17   34 0.03

   0   29 0.83
   9   29 0.90
  25   69 0.86
   6   13 0.95
   1   30 0.97
  13   27 0.34
  27   69 0.04
  29   39 0.89
  11   22 0.90
  16   41 0.18
   6   29 0.94
   9   28 0.06
  13   46 0.77
  22   61 0.54
  22   54 0.25
  13   48 0.15
   3   21 0.50
  12   25 0.52
  24   30 0.54
   7   51 0.54

  21   44 0.35
  23   60 0.96
  16   24 0.66
  10   13 0.78
  27   27 0.17
  23   30 0.81
  28   58 0.32
  20   34 0.07
   9   45 0.21
  19   34 0.23
  24   26 0.11
  14   33 0.69
   6   24 0.59
  22   58 0.99
   0   23 0.97
   6   11 0.71
   8   24 0.94
   3   33 0.73
  21   26 0.71
  17   28 0.67

   7   39 0.60
  14   42 0.64
   8   30 0.51
  21   44 0.01
   8   39 0.23
  22   44 0.00
  10   23 0.86
  14   26 0.05
  14   25 0.04
   5   36 0.83
  10   15 0.66
  10   47 0.09
   7   10 0.88
  23   67 0.08
  24   24 0.70
  29   56 0.78
   6   15 0.37
  23   61 0.00
  15   28 0.36
  23   25 0.64

   3   10 0.98
  15   37 0.89
   1    2 0.72
   4   35 0.16
  24   68 0.69
  19   31 0.74
  26   55 0.10
  27   54 0.70
   1   42 0.88
  28   38 0.48
  11   43 0.43
   4   41 0.80
  27   60 0.67
   5   35 0.22
  20   31 0.67
  25   48 0.86
   2   14 0.60
  27   62 0.24
   0   39 0.82
  29   29 0.22

  23   37 0.49
  28   48 0.63
  15   31 0.03
  29   49 0.82
  15   54 0.73
  21   51 0.49
   9   20 0.40
   6   48 0.08
  20   50 0.97
  24   50 0.11
  15   31 0.71
   5   34 0.74
  28   67 0.78
   8   34 0.94
   6   30 0.89
  26   67 0.06
  26   48 0.42
  17   60 0.42
   9   52 0.93
   9   10 0.92

   1    9 0.91
  20   62 0.12
  26   70 0.12
   1    8 0.62
  12   41 0.46
   8   45 0.24
   2   41 0.83
  24   56 0.99
  23   35 0.93
  29   39 0.19
  11   27 0.33
  14   26 0.83
  22   27 0.68
   9   12 0.98
   0   21 0.57
   9    9 0.70
  14   57 0.01
  10   31 0.22
  26   29 0.62
  29   72 0.08

   1   33 0.69
   9   45 0.01
   1    4 0.54
  23   66 0.57
   0    7 0.77
   2   21 0.57
  20   54 0.60
   6   21 0.77
  15   15 0.49
  17   46 0.84
  29   70 0.26
   6   44 0.57
  24   32 0.36
  29   32 0.85
   4   14 0.66
  15   49 0.58
  20   45 0.37
   0   13 0.77
   1   45 0.19
  24   35 0.78

  29   57 0.81
  10   38 0.40
   4   24 0.54
  29   73 0.81
   2   29 0.45
  21   39 0.69
  21   36 0.98
  18   62 0.58
  12   49 0.93
  10   45 0.96
   8   48 0.57
  20   20 0.26
  22   23 0.61
   2    6 0.07
  10   10 0.77
  17   39 0.93
  11   34 0.96
   0   27 0.71
  25   36 0.82
   4   15 0.07

