5 100 4
3   10   4   2

  26   51 0.10
   4   16 0.63
  16   50 0.45
   1    3 0.61
  10   15 0.80
   4   22 0.92
  16   35 0.99
  38   38 0.21
  32   62 0.78
  10   13 0.91
   0   38 0.24
  10   43 0.55
  13   33 0.60
  26   37 0.31
  33   39 0.80
  19   57 0.33
  10   27 0.48
  11   47 0.59
   5   28 0.40
  20   30 0.74
  25   30 0.02
  36   57 0.86
   1    8 0.67
   9   36 0.28
  11   25 0.78
  37   61 0.47
  37   55 0.85
  28   54 0.27
  33   60 0.75
  17   35 0.36
   2   13 0.64
  33   41 0.95
  23   57 0.49
  17   50 0.94
  19   50 0.84
  31   64 0.38
  31   38 0.30
   3   13 0.52
  39   65 0.64
  32   37 0.16
  34   57 0.94
   5   13 0.96
  38   77 0.62
  25   30 0.19
  28   65 0.83
  12   48 0.21
   3    7 0.94
  36   48 0.97
  25   30 0.02
  17   35 0.42
   2   22 0.34
  37   44 0.57
  19   34 0.36
  13   13 0.53
  10   42 0.81
  20   25 0.26
  14   35 0.33
  27   48 0.04
  12   20 0.06
  10   20 0.09
   5   20 0.62
  22   45 0.32
  13   34 0.46
  23   32 0.57
  38   76 0.12
  37   74 0.32
  16   42 0.08
  10   35 0.78
  20   59 0.75
  11   42 0.73
  32   60 0.00
  17   43 0.58
   4    6 0.73
  27   38 0.66
   5   35 0.99
  35   66 0.37
  34   37 0.72
  12   45 0.06
  13   38 0.94
  28   66 0.99
  37   76 0.45
  16   26 0.59
  30   34 0.62
  32   55 0.92
   9   36 0.35
  10   15 0.18
  33   56 0.42
  19   53 0.10
  28   61 0.50
   8   42 0.81
   0   30 0.49
  23   59 0.73
  27   39 0.96
  31   58 0.36
  36   63 0.94
  31   66 0.35
  14   43 0.53
  14   37 0.91
  33   53 0.85
   3   11 0.46

  25   46 0.93
  20   37 0.91
  35   42 0.20
  11   40 0.83
   5   19 0.46
  13   46 0.16
  29   39 0.34
   1    1 0.28
  31   68 0.03
   3   37 0.18
   7   13 0.75
  34   64 0.65
   7   32 0.25
  25   61 0.67
  17   39 0.21
  29   64 0.70
  20   21 0.77
  13   16 0.60
   5   33 0.02
  14   32 0.49
  38   41 0.73
   5   21 0.82
  34   39 0.98
  28   29 0.18
   4   29 0.70
  10   24 0.47
  23   36 0.26
   9   24 0.78
  32   32 0.50
  28   28 0.37
  20   25 0.85
   9   41 0.57
  24   34 0.74
  30   56 0.62
   8   19 0.87
  38   61 0.58
  22   25 0.02
  27   64 0.70
  22   24 0.00
  26   56 0.69
  10   29 0.64
   0   39 0.53
   1   12 0.18
   6    9 0.95
  30   65 0.90
  12   22 0.96
  27   62 0.53
  10   14 0.96
  11   29 0.27
  12   39 0.46
  32   39 0.70
   6   35 0.42
  27   37 0.76
  18   57 0.18
   1   13 0.38
  16   31 0.24
  24   38 0.31
  16   26 0.17
  30   49 0.52
  13   40 0.66
  35   49 0.12
   9   33 0.33
   3   39 0.82
  36   59 0.75
  22   27 0.51
   1    8 0.03
  39   41 0.85
  24   33 0.84
  14   15 0.97
  13   50 0.59
  16   39 0.67
   7    9 0.47
   4   33 0.87
  29   36 0.28
  36   60 0.58
   0   21 0.50
   3    6 0.07
   0   17 0.84
  36   47 0.33
  33   66 0.58
   0   30 0.89
  16   53 0.38
  17   56 0.04
  17   44 0.90
  37   75 0.90
  39   53 0.11
  12   33 0.24
  19   34 0.89
  14   25 0.34
   9   13 0.93
   9   46 0.00
   4   29 0.10
  23   46 0.43
  20   58 0.54
  21   32 0.88
  37   76 0.14
   6   45 0.67
  20   47 0.84
   8   42 0.51
  35   68 0.60

  22   31 0.43
  11   44 0.57
  20   53 0.09
  30   51 0.99
  28   48 0.83
   8   34 0.81
  22   27 0.47
  25   37 0.26
  22   41 0.82
  23   43 0.42
  36   50 0.73
   2   35 0.95
  32   43 0.14
  33   41 0.55
   0   14 0.87
  34   70 0.24
  17   56 0.10
  12   50 0.16
   5   11 0.48
   5    7 0.90
   6   15 0.10
  21   52 0.13
   8   19 0.49
  29   36 0.23
   6   10 0.07
  28   62 0.18
  25   57 0.81
  11   17 0.36
  14   20 0.16
  16   28 0.02
  27   48 0.39
  31   48 0.82
   5   24 0.84
  36   70 0.43
   8   15 0.70
  33   70 0.13
  19   26 0.73
  10   19 0.45
  32   65 0.61
  16   40 0.82
  14   25 0.41
  31   56 0.90
  11   47 0.54
   3    9 0.91
   5   24 0.00
   6   19 0.05
  38   56 0.84
  30   62 0.41
   1   15 0.93
   0    6 0.69
  35   35 0.38
  31   69 0.58
   1   16 0.72
  27   51 0.68
  20   48 0.67
   0    7 0.45
  30   65 0.63
  10   16 0.44
  25   45 0.11
   6   12 0.49
  30   50 0.96
  21   23 0.46
   0   17 0.63
  34   58 0.84
  36   41 0.56
  18   34 0.37
  37   56 0.97
  24   27 0.24
  24   30 0.93
  11   23 0.77
  35   41 0.61
  30   40 0.78
  12   29 0.73
   1   17 0.51
   2    6 0.95
  14   45 0.52
  31   52 0.85
  33   52 0.52
  25   45 0.81
   7   46 0.41
  29   47 0.59
  28   67 0.43
  14   17 0.27
   8   20 0.98
   7   37 0.40
  29   55 0.10
  11   28 0.74
  21   29 0.19
  31   46 0.33
  30   61 0.32
  28   43 0.65
  39   77 0.14
  39   72 0.88
  19   33 0.59
  23   62 0.83
  14   27 0.28
  27   36 0.90
  27   37 0.68
  28   47 0.38
  17   33 0.48

