3 50 4
6   10  10  20  10   4  10

 154  242 0.64
 160  268 0.46
  70  202 0.85
 149  169 0.08
 190  284 0.66
   5   15 0.53
  43   51 0.89
 118  135 0.74
 194  287 0.44
   3   25 0.70
 148  269 0.40
 105  163 0.98
  78   89 0.09
 163  233 0.88
 134  210 0.24
 115  171 0.84
  42   74 0.77
 114  227 0.92
 108  194 0.26
 115  244 0.83
 151  164 0.19
  96  165 0.29
 119  179 0.51
 107  234 0.78
 197  297 0.76
 145  152 0.63
 182  285 0.76
 148  229 0.06
 149  197 0.43
  30   72 0.69
 139  185 0.65
 108  136 0.52
 138  242 0.54
 166  278 0.05
   7   83 0.54
 178  269 0.47
  63  149 0.84
 172  301 0.95
   3   13 0.82
   4   94 0.24
  52   75 0.43
  83   91 0.29
 162  260 0.87
 107  172 0.04
 105  202 0.61
  57  162 0.30
  16  105 0.70
  69  135 0.14
  38   89 0.30
  42   69 0.69

  24   70 0.16
  81  166 0.46
  57   57 0.72
 130  170 0.91
  55  105 0.29
   3  125 0.14
  69  123 0.41
  77  195 0.19
 193  270 0.52
  54  175 0.15
  68  102 0.12
 194  211 0.85
  96  171 0.43
 157  231 0.51
  26  115 0.67
  76   95 0.66
 191  202 0.51
 198  277 0.04
 171  188 0.21
 172  231 0.91
 196  287 0.87
  69  140 0.15
  26  116 0.37
 137  209 0.88
  57  175 0.98
  37  110 0.58
 180  282 0.69
  42   51 0.55
 180  228 0.78
 114  130 0.27
 155  188 0.30
 160  191 0.04
  64   80 0.99
  88  172 0.07
 105  201 0.27
 165  215 0.86
  57  110 0.36
 152  258 0.79
 172  293 0.25
 105  107 0.96
  31  116 0.68
  28   77 0.17
 148  276 0.70
 198  300 0.53
 148  232 0.79
   7   42 0.60
  66  139 0.21
 155  253 0.93
 132  209 0.34
  38   64 0.23

 158  219 0.49
  50   69 0.04
 128  156 0.37
 142  189 0.63
 192  317 0.80
  68  101 0.16
  41  141 0.61
  71   87 0.45
  59  153 0.15
  85  198 0.47
  52  121 0.85
  49  118 0.31
  67   99 0.83
 178  202 0.45
  43   89 0.40
  25  150 0.62
 194  230 0.82
  60   93 0.35
  38   78 0.83
 149  189 0.20
   8  138 0.86
 180  306 0.64
   9   36 0.03
  41  121 0.66
  66  167 0.10
  23  125 0.04
 191  234 0.78
 150  156 0.40
 153  268 0.07
 157  284 0.86
  13  129 0.43
 119  188 0.24
 178  191 0.25
  10   66 0.15
  47  170 0.59
 185  254 0.80
 140  212 0.06
   7  132 0.52
   3   64 0.83
 181  303 0.55
 138  201 0.34
 118  230 0.82
  67  109 0.90
 132  200 0.98
 157  255 0.32
 103  213 0.81
 182  269 0.87
  47  161 0.23
  69  194 0.24
 169  203 0.13

  53   81 0.18
  52  167 0.10
 120  128 0.26
  14  126 0.33
 188  196 0.22
 131  250 0.63
 143  207 0.78
 146  263 0.54
  66   95 0.04
  77   92 0.43
  29  136 0.89
 137  237 0.50
  98  187 0.34
  61  162 0.07
  97  172 0.67
  23  136 0.90
  81  104 0.50
 152  238 0.69
  39   63 0.17
  47  104 0.04
  44  101 0.84
 135  227 0.64
 130  202 0.18
 101  195 0.21
 141  175 0.26
  83  160 0.95
 188  283 0.97
 167  277 0.30
 124  249 0.35
 103  149 0.10
  51   62 0.33
 144  187 0.49
  35  129 0.55
 113  137 0.89
 166  212 0.52
  16   70 0.79
 178  292 0.72
  64  160 0.19
  80  162 0.47
  77  135 0.07
 162  278 0.24
  74  131 0.49
  10   97 0.07
 176  293 0.24
 133  172 0.42
  11   50 0.47
  93  163 0.16
  20   48 0.19
 174  224 0.06
 128  145 0.00

  35   71 0.27
 111  200 0.84
 145  221 0.05
 162  231 0.22
  57  148 0.86
 156  185 0.43
  68  157 0.61
  21  108 0.20
  36  105 0.02
 101  120 0.55
  51  116 0.65
  73  117 0.90
  43  153 0.45
 196  325 0.54
 134  224 0.68
  49  107 0.53
  52  168 0.79
 156  185 0.12
  65   86 0.82
  67  167 0.92
  90  168 0.50
 152  236 0.20
  15   50 0.35
  88  146 0.02
 128  151 0.05
  53  100 0.53
   7   70 0.55
  45   86 0.33
 192  287 0.37
  30  146 0.74
  12   82 0.86
  60   87 0.67
 188  201 0.19
  20   55 0.41
 166  224 0.62
  89  191 0.91
 124  202 0.48
  35  113 0.81
  56  167 0.22
  56   66 0.59
  87  215 0.15
 198  312 0.13
  89  166 0.36
 165  268 0.40
 191  239 0.20
 102  141 0.64
 110  154 0.69
 104  230 0.93
 124  227 0.65
  36   57 0.54

  14   16 0.27
  31   90 0.16
  34  129 0.69
  71  200 0.68
  34   80 0.68
  64   93 0.05
 196  310 0.39
 176  241 0.15
  89  216 0.42
 104  161 0.33
 198  300 0.52
 174  198 0.50
 160  269 0.83
  25  108 0.27
 137  259 0.53
  19  100 0.94
 179  259 0.26
   3   19 0.13
  45  174 0.35
 117  218 0.54
 189  287 0.73
 165  219 0.65
 176  206 0.08
 180  244 0.06
  50  170 0.25
 182  210 0.16
 159  262 0.42
  67  100 0.31
   1   48 0.99
  54   73 0.67
 113  237 0.37
  15   98 0.20
  69  118 0.36
  41   51 0.04
  82   83 0.18
  29  137 0.16
 114  214 0.20
   8  119 0.56
 136  145 0.69
  47  160 0.60
  92  154 0.55
 122  151 0.59
 161  242 0.07
 141  167 0.27
 198  201 0.56
  94  127 0.32
 166  294 0.29
  53  117 0.95
 134  219 0.46
 121  214 0.38

