4 40 8
6   16  10  10  10  16   2

  58   59 0.97
   2   16 0.66
  52   70 0.53
  31   60 0.34
  14   38 0.29
  23   38 0.88
   1   32 0.89
   0   27 0.71
   5    7 0.75
  30   69 0.99
  43   69 0.78
  44   56 0.14
  13   49 0.91
  40   62 0.93
   7   26 0.60
  11   24 0.98
  18   18 0.82
  36   38 0.03
  29   57 0.42
  57   95 0.36
  20   29 0.26
  16   34 0.97
   5   32 0.85
  55   83 0.73
  19   37 0.62
  57   82 0.37
  42   48 0.20
  57   88 0.77
  32   55 0.08
  29   46 0.49
  41   47 0.19
  45   69 0.63
  58   78 0.12
   5   41 0.99
  23   62 0.20
   7   22 0.69
  38   43 0.32
  31   57 0.57
  29   68 0.71
  51   78 0.83

  11   49 0.25
  10   42 0.40
  40   45 0.06
  29   64 0.72
  44   56 0.90
  12   17 0.60
  13   49 0.73
  51   79 0.41
  48   60 0.94
  44   46 0.25
  25   34 0.82
  25   59 0.50
   3    7 0.99
  28   54 0.85
  44   61 0.08
  20   24 0.37
  26   65 0.85
  40   63 0.10
  28   43 0.71
  15   33 0.80
  54   82 0.15
  44   66 0.65
  29   42 0.47
  59   77 0.89
  59   84 0.92
   7   44 0.56
   7   24 0.63
  56   75 0.20
  35   62 0.21
  49   69 0.64
   6   24 0.36
  57   74 0.89
  16   18 0.15
  31   40 0.31
   8   34 0.43
   8   17 0.36
  42   46 0.52
  56   64 0.84
  44   83 0.82
  57   71 0.01

  19   58 0.97
  10   44 0.55
  55   76 0.05
   1   14 0.68
  20   56 0.17
  10   13 0.03
  16   39 0.33
   5   26 0.96
  49   57 0.91
  37   63 0.53
   4   34 0.40
   5   15 0.14
  50   86 0.86
  43   71 0.27
  38   39 0.60
  34   61 0.08
   7   15 0.99
  20   45 0.97
  24   38 0.33
  18   36 0.87
  33   45 0.63
  57   68 0.44
  47   47 0.32
   3    6 0.39
  10   49 0.53
  29   56 0.48
  55   89 0.17
  21   53 0.89
  27   38 0.65
  17   39 0.62
  54   88 0.48
  16   36 0.58
   0    9 0.22
  36   60 0.90
  58   76 0.56
  14   19 0.61
  37   55 0.61
  58   73 0.61
  45   56 0.08
   1   40 0.09

  59   73 0.46
  14   47 0.95
  48   52 0.62
  32   62 0.17
  17   49 0.67
  35   53 0.91
  43   69 0.69
  31   66 0.69
  24   50 0.00
  29   45 0.55
   2   10 0.02
  56   75 0.17
  31   68 0.82
  19   43 0.10
   0   25 0.06
  44   47 0.35
  15   19 0.91
   3   10 0.36
  18   37 0.06
  13   28 0.92
  47   81 0.73
  37   46 0.77
   3   18 0.66
  53   65 0.87
  35   60 0.09
  29   50 0.61
  38   53 0.62
   3    7 0.14
  19   32 0.65
  20   24 0.50
  37   68 0.15
  29   31 0.62
  13   38 0.86
  12   34 0.98
  48   87 0.90
  55   61 0.38
  15   15 0.32
  58   73 0.99
  13   37 0.83
  18   53 0.74

  23   29 0.39
  44   61 0.65
  38   52 0.55
  15   29 0.00
   3   20 0.94
  44   71 0.32
   6   27 0.38
  13   37 0.14
  57   67 0.17
  19   21 0.09
  44   67 0.04
  36   59 0.53
  37   62 0.08
   5   20 0.01
  17   38 0.93
  40   65 0.26
  32   56 0.69
  13   30 0.40
  35   71 0.68
  10   44 0.92
  46   60 0.27
  52   71 0.50
  30   56 0.32
  17   48 0.05
   4   12 0.89
   0    7 0.28
  58   83 0.24
  24   27 0.41
  16   19 0.75
   2   38 0.18
  14   25 0.77
  50   84 0.27
  20   25 0.00
   6   28 0.63
  40   55 0.60
   2   13 0.38
  59   88 0.39
  42   70 0.01
  56   92 0.41
   9   35 0.03

  30   31 0.63
  32   71 0.54
   1   21 0.19
  45   52 0.88
  14   29 0.62
  22   39 0.91
  30   65 0.21
  44   68 0.41
  27   32 0.92
  40   75 0.99
  50   74 0.66
  44   73 0.33
  57   78 0.62
  35   70 0.62
  23   34 0.71
   4   25 0.47
  22   25 0.04
  16   37 0.21
   0    8 0.83
  27   47 0.29
  55   73 0.18
  17   26 0.61
   5   17 0.92
  48   72 0.58
  46   77 0.39
  56   85 0.58
  30   51 0.33
  54   81 0.43
  44   80 0.81
   2   37 0.57
  39   78 0.59
  49   67 0.64
  46   70 0.69
  38   67 0.88
  26   62 0.44
  29   44 0.92
  34   46 0.51
  58   97 0.54
  29   40 0.05
  17   36 0.25

