4 25 4
12    2   2   2  10  10   4  10   4  10   2   2  20

  40   81 0.01
   0   10 0.59
  82   97 0.89
  87  117 0.17
  42   55 0.49
  25   81 0.15
   7   55 0.19
  29   31 0.88
  21   62 0.02
  74  109 0.44
  83   85 0.04
  66   88 0.74
  45   68 0.73
  36   79 0.99
  47   69 0.22
  56   80 0.95
  59  112 0.33
  67   91 0.96
  23   64 0.75
  58   93 0.28
  52   92 0.39
  52  102 0.67
  65   94 0.88
  59   70 0.64
  84  128 0.30

  16   56 0.81
  23   56 0.12
  35   63 0.07
  49   57 0.70
  80   99 0.28
  79   86 0.11
  23   27 0.83
  21   39 0.41
  61  101 0.05
  85  134 0.94
  23   37 0.66
  23   28 0.57
   0    6 0.57
   8   27 0.79
  18   19 0.42
  29   78 0.48
  39   48 0.18
  49   76 0.79
  39   51 0.86
  57   83 0.37
  18   54 0.47
  69   84 0.22
  65   73 0.93
  87  112 0.22
  24   52 0.73

  45   78 0.23
  62   65 0.81
  11   44 0.73
  23   45 0.44
  34   51 0.41
  47   65 0.54
  27   33 0.77
  29   51 0.22
  82  121 0.54
  45   47 0.07
  39   49 0.65
  71   71 0.66
  64   71 0.46
  63  121 0.88
  17   60 0.42
  65  121 0.23
   1   19 0.75
  13   53 0.09
  39   94 0.40
  72  109 0.87
  82   96 0.71
  56   78 0.42
  75   93 0.14
  51   52 0.43
  20   52 0.57

  48   91 0.47
  58   92 0.36
  26   77 0.16
  51   55 0.75
  69   84 0.10
  38   59 0.85
  40   57 0.79
  61  118 0.80
  71  121 0.08
  83  139 0.77
  41   90 0.80
  79  114 0.54
  62   73 0.01
  89  146 0.22
  36   91 0.56
  56   90 0.82
  15   15 0.83
  35   57 0.46
  53  101 0.53
  49   69 0.24
  70  122 0.56
  45   73 0.49
  44   88 0.43
  38   60 0.17
  34   87 0.33

  79   92 0.61
  58   61 0.32
  75   77 0.26
  40   40 0.42
  83  141 0.18
  67  100 0.66
  27   42 0.34
  20   27 0.12
  72  119 0.25
  10   15 0.27
  83  109 0.11
  53   70 0.39
  71  100 0.25
   2   13 0.26
  34   58 0.61
  45  100 0.04
  70  115 0.44
  28   77 0.28
  79   87 0.27
  70  127 0.73
  62   65 0.27
  25   32 0.02
  80  118 0.06
  45   88 0.43
  35   73 0.57

  30   75 0.54
  36   41 0.91
  15   32 0.71
  61   97 0.92
  86  144 0.91
   8   18 0.03
  42   63 0.76
  79  136 0.45
   1    3 0.73
  52   93 0.50
  21   73 0.91
  73  132 0.70
  31   90 0.36
  77  112 0.37
  57  108 0.45
  67   92 0.33
   4   28 0.52
   4   16 0.00
  66  113 0.26
  30   42 0.66
  46   64 0.89
  40   70 0.79
  46   85 0.07
  55   69 0.72
  77  134 0.92

   9   28 0.71
  49   54 0.30
  36   50 0.12
  84  134 0.06
  85  133 0.68
  46   56 0.03
  76   87 0.75
  55   80 0.12
  76   98 0.44
  49   79 0.12
  60   85 0.89
  33   41 0.27
   1    9 0.11
  13   56 0.73
  14   18 0.98
  49   66 0.37
   5   27 0.61
  69   75 0.58
  21   75 0.61
  62  111 0.32
  77   94 0.88
  69   80 0.14
  54   65 0.22
  38   72 0.06
  51   73 0.59

  78  115 0.45
  44   56 0.85
  48   71 0.44
  30   58 0.06
   9   30 0.92
  78   79 0.96
   7   55 0.23
  74   90 0.11
  38   68 0.88
  52   59 0.44
  84  136 0.80
   0   19 0.33
  21   59 0.23
  34   67 0.83
  29   35 0.20
  63   98 0.23
  33   92 0.14
  56   65 0.44
  47   87 0.12
  71  122 0.07
  50   90 0.72
  66   76 0.19
  47   78 0.33
  81  138 0.88
  38   71 0.37

  32   55 0.03
  75   93 0.03
  17   17 0.65
  35   83 0.31
  59  114 0.58
  24   57 0.25
  46   67 0.84
  47   61 0.90
  39   74 0.13
  27   59 0.69
  62  102 0.78
  56   82 0.43
  20   76 0.88
  78  102 0.22
  59  106 0.83
  82   83 0.83
   0   18 0.79
  84   97 0.38
  82  106 0.32
  22   40 0.31
  15   47 0.97
  74  120 0.53
  12   21 0.76
   6   16 0.66
  23   28 0.79

  18   23 0.33
  15   47 0.61
   0   31 0.61
   9   11 0.49
  24   46 0.21
  74  129 0.39
  56   97 0.14
  58   92 0.97
  70   71 0.24
  46   46 0.49
  23   25 0.81
  64  119 0.45
  48   87 0.95
  25   81 0.47
  74  125 0.51
  25   39 0.98
   2   24 0.01
  40   85 0.58
  22   40 0.48
  66   79 0.89
  83  103 0.40
  61  118 0.99
  26   71 0.83
  78  120 0.93
  24   30 0.57

  78   84 0.23
  27   74 0.35
  53   68 0.37
  57   76 0.72
  62   69 0.67
  84  138 0.17
  51   64 0.72
   7   46 0.84
  49   74 0.30
  57   74 0.32
   3    5 0.63
  82   87 0.08
  79  125 0.66
  42   77 0.64
  76  118 0.62
  34   74 0.40
  39   68 0.76
  85  129 0.22
  81  117 0.53
  20   70 0.45
  65   68 0.31
  13   72 0.35
  78   94 0.13
  85  118 0.15
  26   78 0.72

  15   31 0.75
   6   31 0.42
  64  108 0.74
   3   16 0.19
  67   86 0.72
  57   98 0.15
  35   56 0.48
  31   48 0.92
  80  137 0.11
  44   60 0.32
   5   20 0.81
  38   64 0.35
  85  118 0.75
  84   92 0.87
  63   97 0.18
  40   57 0.05
  43   81 0.89
  62   70 0.41
  51   59 0.83
  77   82 0.69
  20   51 0.87
  35   75 0.03
  36   70 0.63
  53   69 0.46
  77   96 0.87

