5 25 4
12    4  10   4  16  10  16  10  20   4   4  10   4

  99  140 0.41
  58   80 0.44
  64  112 0.04
  57   58 0.79
  14   24 0.68
  75  121 0.20
  18   80 0.74
  11   17 0.67
  43   94 0.41
  12   67 0.11
  11   26 0.46
  29   94 0.31
  45  103 0.41
  55   86 0.97
  20   53 0.08
  91  126 0.47
  73  135 0.06
  24   28 0.33
  41   75 0.97
  24   66 0.01
  76   95 0.71
  54   60 0.69
  13   60 0.48
  18   82 0.34
  77   85 0.94

  32   80 0.45
  34   43 0.50
  13   23 0.59
  95  155 0.72
  82  102 0.71
  92  108 0.52
  25   58 0.30
  26   52 0.36
  40   48 0.63
  46  114 0.59
  66  132 0.81
  26   39 0.79
   8   46 0.12
  94  141 0.34
  99  109 0.19
  78  130 0.95
  90  116 0.67
  43   79 0.24
   5   64 0.81
  91  160 0.41
  52   58 0.34
  54   83 0.15
  81   92 0.91
  35   64 0.15
 100  157 0.76

  10   22 0.73
  22   60 0.83
  23   44 0.93
  70  125 0.12
   9   72 0.44
  59   91 0.17
   6   71 0.80
  32   82 0.31
  46   74 0.63
  87  120 0.04
 101  139 0.38
  97  164 0.02
  53  113 0.79
  81  114 0.24
  79  145 0.21
   9   36 0.83
  80  136 0.60
  77   79 0.89
  97  118 0.02
  81   85 0.99
  29   66 0.97
  96  139 0.67
  11   74 0.31
  95  117 0.77
  20   58 0.26

  34   44 0.87
  14   46 0.15
  45   63 0.45
   9   45 0.64
  98  160 0.34
  80  118 0.61
  43   55 0.32
  78  113 0.29
  19   59 0.07
   7   42 0.92
  63  117 0.10
  59   60 0.40
  61  111 0.29
  28   72 0.98
  94  142 0.03
  79  130 0.87
  24   45 0.18
  27   54 0.02
  22   42 0.91
  22   52 0.40
 100  102 0.46
   3   27 0.83
  92   95 0.76
  31   61 0.33
  29   68 0.35

  97  161 0.42
  94  142 0.54
  13   70 0.00
  71   85 0.77
  65   79 0.47
   0   41 0.34
  97  103 0.90
  25   70 0.78
  46   52 0.95
  82   91 0.94
  61   81 0.59
  74  120 0.39
  56   72 0.61
  55   62 0.84
  80   87 0.57
  91  150 0.41
  65  119 0.39
 103  160 0.91
  38   99 0.45
  18   52 0.47
  32   45 0.54
   3   63 0.22
  89  140 0.74
  93  150 0.51
  77  120 0.81

  45   73 0.73
  68   76 0.27
  32   59 0.90
  67  106 0.26
  98  118 0.42
  33   48 0.36
  55   91 0.60
  69  125 0.02
  58   93 0.97
 102  163 0.60
  58   90 0.68
  25   66 0.91
  45   92 0.93
   3   37 0.17
  77  109 0.24
  54   66 0.18
  73  109 0.56
  65  102 0.12
   2   51 0.32
   0   38 0.78
  84  118 0.52
  36  105 0.11
   0    7 0.66
  25   63 0.38
   2   28 0.01

  86  107 0.12
   4   73 0.05
   2   54 0.06
  46   58 0.08
  76  142 0.72
  18   60 0.29
  10   34 0.62
   7   58 0.37
  37   58 0.76
  28   33 0.41
  75  123 0.43
  14   42 0.15
   0   47 0.19
  54   74 0.10
  25   75 0.58
  37   52 0.94
   8   33 0.66
  55   84 0.20
  46   66 0.61
  17   73 0.43
  56   61 0.03
  55  123 0.07
   3   71 0.20
  17   58 0.59
  44  111 0.14

  77   94 0.92
  16   57 0.96
  47   86 0.22
  54   66 0.73
  90  129 0.96
   1   58 0.02
 104  129 0.65
  22   62 0.08
  65   73 0.25
  90  116 0.66
  54   56 0.16
  46   67 0.92
   7   56 0.50
  97  106 0.02
  47  101 0.14
  29   43 0.66
   9   46 0.76
  11   17 0.13
  20   72 0.98
  11   36 0.27
   2    6 0.74
  64  111 0.55
  91  102 0.00
  70  118 0.93
  52  115 0.69

  72  112 0.15
  19   70 0.71
  16   85 0.72
   2    5 0.41
  39   39 0.75
  80  118 0.80
 104  143 0.38
  35   66 0.91
  89  153 0.55
  43   67 0.07
  99  158 0.53
  55   66 0.24
  66  107 0.74
  67  110 0.93
  43   98 0.76
  18   54 0.89
  11   60 0.64
  56   93 0.35
  65  124 0.03
  54   71 0.88
  30   53 0.91
  70  130 0.25
  37   62 0.58
  54   96 0.94
  71   79 0.00

  47   97 0.89
  34   46 0.35
  42   95 0.49
  38   78 0.72
  30   61 0.81
  51  106 0.55
  16   37 0.07
  17   81 0.92
  92  148 0.98
  48   54 0.76
  46   86 0.24
  57  113 0.97
  98  101 0.11
   2   16 0.97
   8   29 0.58
  61  117 0.48
  69   93 0.26
  29   65 0.89
 103  143 0.83
  65  133 0.06
  55   67 0.77
  25   43 0.03
  64   84 0.03
  73   74 0.18
  34   71 0.48

  72  110 0.73
  94  136 0.22
  20   64 0.95
  43  110 0.01
  32   61 0.88
  40  105 0.18
  82  103 0.24
 101  120 0.53
 103  169 0.13
   6   44 0.01
  99  142 0.30
  60   90 0.86
  16   57 0.14
  68   97 0.19
  67  133 0.21
  79   89 0.75
  84  141 0.26
  70  130 0.87
  39  107 0.97
  89   96 0.59
  23   41 0.17
   3   72 0.75
  83  141 0.86
  54  111 0.25
  68   91 0.46

  83   87 0.79
  35   40 0.50
  14   32 0.25
   4   39 0.90
  81  101 0.30
  44   47 0.31
  71   91 0.76
  88  133 0.62
  58  125 0.71
  46   96 0.78
  23   61 0.92
  56   61 0.72
  96  144 0.30
  59   69 0.22
  71  133 0.21
  25   63 0.55
  98  144 0.76
  58   60 0.47
  53   93 0.46
  98  165 0.40
  18   20 0.79
  76   92 0.81
  77  113 0.55
  23   91 0.32
  42   88 0.06

