3 30 4
6    4   4  10   2  10   4

  16   16 0.78
  20   45 0.07
   2    3 0.25
  11   24 0.76
  15   36 0.87
   3   14 0.58
   4    6 0.59
  15   55 0.53
   3   24 0.09
  19   48 0.73
  18   44 0.56
  10   48 0.43
  15   47 0.67
  12   42 0.70
   6   39 0.82
   7   10 0.29
  15   46 0.74
  13   27 0.22
  16   39 0.39
  20   48 0.37
   4   22 0.85
  11   33 0.61
  11   34 0.93
  19   26 0.31
   2   23 0.32
  17   39 0.93
  13   39 0.57
   2   23 0.39
  18   21 0.52
   4    7 0.42

   4   34 0.35
   0   11 0.37
   5    8 0.30
  15   15 0.65
  11   52 0.42
  19   29 0.98
  11   43 0.91
   8   46 0.50
   6   24 0.65
  15   55 0.24
   9   40 0.54
   5    5 0.71
  12   31 0.26
  10   22 0.98
   6   16 0.40
  13   40 0.86
   4   30 0.74
   4   35 0.14
   3    7 0.56
  19   52 0.74
   7   10 0.25
  15   34 0.96
   0   19 0.59
   6    8 0.37
   3   27 0.70
   1   29 0.80
   6   26 0.01
  11   47 0.73
   9   24 0.15
  16   39 0.78

   4   25 0.85
  15   16 0.53
   8   24 0.18
   5   38 0.75
   4   40 0.82
  12   23 0.98
   1   21 0.11
   9   15 0.91
   9   25 0.44
  13   39 0.53
  16   52 0.76
  14   25 0.41
  15   28 0.94
  12   46 0.47
  15   27 0.61
   2   23 0.23
   1    3 0.47
   0   41 0.58
   7   26 0.02
  17   35 0.23
  17   48 0.70
   9   37 0.74
  11   22 0.58
   6    9 0.57
  12   25 0.73
   6   40 0.01
  13   13 0.13
  16   30 0.71
  13   16 0.50
  15   36 0.14

  19   54 0.21
  10   13 0.81
   7   42 0.21
  13   24 0.37
   6   21 0.85
   2   42 0.09
  13   22 0.12
  12   12 0.94
  17   38 0.97
  14   42 0.99
  15   55 0.81
  14   55 0.83
  11   36 0.25
   8   20 0.68
   7   18 0.24
   1   11 0.87
  13   18 0.76
  12   24 0.96
   6   11 0.17
  20   26 0.27
   9   38 0.13
   2   11 0.12
  20   21 0.73
   2   39 0.17
  19   26 0.73
   9   29 0.78
  17   24 0.19
  18   26 0.50
   2   42 0.62
  14   26 0.92

  19   58 0.41
  15   39 0.97
  11   31 0.71
  17   52 0.58
  19   36 0.23
   0   40 0.96
  18   57 0.39
  18   37 0.67
   6   15 0.23
  18   27 0.94
   7   43 0.71
   5   18 0.61
   0   21 0.50
   6   14 0.58
   3   34 0.60
   5   24 0.49
  13   15 0.02
  11   33 0.01
   4    6 0.84
   7   17 0.94
   9   12 0.49
  12   19 0.96
   6   14 0.72
  20   54 0.81
  11   44 0.13
  16   28 0.87
   7   10 0.02
  20   60 0.45
  13   14 0.29
   5   32 0.22

   0    0 0.05
   3   13 0.42
   9   50 0.23
  12   33 0.89
  15   29 0.62
  17   20 0.84
   0   22 0.26
   4   16 0.76
   6   30 0.36
  16   24 0.21
   4    4 0.11
   8   17 0.24
   2   30 0.99
  17   38 0.11
  20   40 0.66
  14   55 0.68
  18   23 0.08
  11   12 0.03
  17   34 0.71
  17   29 0.17
  18   45 0.96
   8   37 0.53
  11   30 0.50
   2   20 0.45
  15   29 0.58
  14   53 0.74
   5   33 0.99
  18   22 0.21
  20   53 0.15
  13   17 0.07

