3 20 4
12    2   2  16  10  10   2   2  10   4  10   4  10

  28  128 0.90
  14   18 0.34
   7   42 0.76
  13   54 0.70
  22   70 0.28
  18   20 0.61
  27   28 0.57
  27   81 0.14
  11   45 0.37
  25   98 0.25
  22   54 0.75
   8   93 0.00
  30  110 0.26
  29   59 0.68
  13   89 0.18
  26   60 0.56
  21   84 0.93
  28   28 0.28
   6   12 0.45
  18   93 0.09

  26  113 0.80
  26  119 0.92
  21   35 0.10
  15   81 0.89
  10   40 0.77
  15  109 0.47
  19   89 0.11
   8   53 0.37
   3   28 0.28
  30  116 0.99
  26   95 0.40
   2   94 0.05
  30  105 0.90
  28   42 0.86
  27  108 0.17
  11  108 0.26
   5  102 0.52
   4    6 0.54
  12   65 0.94
  30  131 0.45

  27  118 0.44
  15   68 0.98
   2   73 0.22
   9   46 0.12
  10  111 0.76
  15   61 0.93
   8   39 0.33
   1   27 0.18
  33   40 0.19
  18   25 0.10
  20   49 0.02
  13   59 0.24
   3   78 0.64
  11   91 0.63
  24   49 0.44
  24  119 0.34
   0   62 0.20
  24   33 0.73
  31   90 0.04
  18  114 0.95

  33  119 0.08
  27   77 0.48
  16   64 0.23
   0   21 0.76
  33   77 0.80
   6   93 0.16
   6   44 0.08
  12   78 0.54
  15   25 0.58
   7   52 0.73
  30  125 0.88
  27   51 0.30
  13   22 0.22
  23   66 0.75
  18   81 0.76
  18   45 0.33
   8   25 0.61
  29   98 0.52
  24   55 0.19
  16   88 0.17

  10   22 0.47
   5   88 0.13
  30   71 0.01
   8   44 0.50
  25   30 0.86
  29   86 0.46
  14   60 0.96
  18   90 0.05
   5   16 0.24
   5   71 0.79
  18   83 0.45
   6  101 0.33
  11   17 0.56
   4   40 0.16
   7   47 0.33
  26   63 0.75
   0   92 0.32
  26   91 0.39
  18   22 0.20
  29  110 0.05

  22   41 0.30
  28   71 0.91
  10   96 0.03
  33  108 0.61
   9   85 0.77
  31   36 0.08
  10   32 0.50
   3   71 0.91
  22   80 0.57
   3   68 0.86
  10   85 0.68
  23   56 0.23
  18   45 0.30
   4  104 0.62
  31   74 0.69
  24   53 0.68
   2   97 0.21
  15   28 0.98
   5   38 0.28
  15   61 0.66

   1   19 0.64
  21   90 0.36
  33  102 0.53
   2   71 0.97
  11   52 0.55
  15   90 0.78
  30  108 0.74
  27   38 0.98
  13   74 0.83
  16   48 0.56
  16   30 0.71
  14   67 0.22
   0  100 0.34
  18  109 0.15
  33  110 0.30
  32  106 0.66
  29   87 0.20
  21   40 0.59
   2   53 0.67
   6   82 0.74

  17  111 0.25
   6   37 0.42
  25  101 0.99
  31  130 0.17
  33  127 0.58
  14   66 0.64
  20  116 0.84
  19  115 0.52
   2   30 0.01
  26   44 0.43
   4   65 0.60
  21   57 0.17
   2   63 0.20
  19   37 0.01
  29  114 0.62
  10   41 0.50
  32  119 0.46
  31   82 0.10
   4   12 0.46
  21   65 0.42

  18  105 0.44
  30   72 0.46
  28   79 0.91
  23   56 0.43
  30   82 0.64
  25   28 0.83
  14   80 0.54
  22  110 0.21
  11  102 0.99
  26  107 0.79
  25   74 0.33
  33  114 0.27
  31   56 0.16
   9   50 0.93
  22   43 0.25
   4   77 0.51
   1   62 0.62
   5   29 0.41
   5   15 0.60
  30   93 0.63

  19   21 0.07
  20   64 0.00
   3   26 0.78
  29   90 0.02
  18   96 0.08
  16   73 0.81
  29  113 0.78
  18   72 0.84
  28   71 0.51
   9   89 0.21
  24   82 0.08
  30   58 0.13
  22   61 0.59
  20  106 0.74
  30   65 0.21
   1    5 0.91
  13   72 0.96
  15   26 0.31
   5   99 0.23
  22   30 0.70

  11   29 0.98
  31  106 0.30
  23  105 0.94
  17  117 0.52
   4    7 0.30
   0  101 0.82
   5   97 0.54
  12   25 0.54
   8   55 0.67
  10   26 0.30
  10  101 0.30
  27  124 0.57
  18   75 0.10
   2   69 0.90
  27   60 0.24
  23  108 0.01
  29   77 0.13
   0   92 0.97
   6   98 0.23
  31   76 0.46

  15   54 0.52
   2    4 0.87
  13   27 0.54
  32   88 0.61
  26   31 0.45
  23   93 0.20
  33   76 0.13
  24   37 0.50
  25   98 0.56
  10  101 0.32
   7   78 0.13
   0    0 0.33
   9   90 0.70
  32   37 0.92
  11   76 0.43
  31   62 0.74
   0   57 0.56
  10   23 0.82
  31   42 0.58
  18   19 0.56

