4 60 8
3   16  10  10

   3   24 0.55
  46   71 0.61
   1   14 0.23
   4   15 0.48
  40   45 0.65
   5   29 0.19
  22   46 0.17
  23   24 0.38
   1   10 0.03
  26   55 0.64
  13   29 0.24
  17   38 0.92
  28   48 0.11
  11   18 0.62
  19   23 0.20
   8   16 0.35
  45   55 0.02
  36   59 0.60
  49   58 0.63
  36   66 0.92
  37   41 0.06
  31   54 0.31
  11   39 0.10
  17   42 0.60
  41   44 0.41
  20   28 0.48
  30   32 0.25
   3   23 0.97
  30   36 0.41
  14   20 0.64
   3   27 0.41
  42   56 0.92
  35   42 0.34
  17   38 0.55
  19   28 0.00
  38   56 0.01
  36   48 0.75
   9   28 0.93
  27   48 0.17
  10   27 0.02
  22   46 0.89
  10   16 0.88
  43   63 0.61
  36   44 0.80
  21   25 0.52
  39   70 0.46
  23   49 0.49
  19   37 0.16
  36   60 0.61
   2   20 0.71
   7   30 0.67
  47   49 0.17
  43   55 0.52
  15   32 0.62
   6   37 0.66
  34   39 0.80
  23   49 0.13
  30   55 0.37
  39   56 0.43
  12   33 0.44

  30   50 0.02
  12   20 0.72
  31   58 0.34
   0   32 0.47
  47   72 0.69
  14   43 0.34
  30   39 0.42
  20   36 0.85
  38   56 0.16
  15   42 0.06
  48   68 0.83
  31   57 0.80
  20   37 0.89
  44   53 0.76
  33   39 0.74
   3   20 0.20
  25   52 0.03
  37   64 0.45
  43   70 0.58
  28   51 0.84
  35   37 0.15
   4   16 0.71
  13   30 0.39
  14   45 0.61
  37   57 0.65
  24   49 0.05
  16   44 0.41
  46   63 0.38
  33   45 0.79
   3   13 0.97
  10   27 0.06
  23   25 0.00
  47   63 0.55
   0   13 0.55
  26   27 0.46
  16   23 0.54
  29   55 0.04
   1   30 0.85
  40   40 0.02
  11   26 0.16
  11   36 0.76
  33   46 0.56
  33   53 0.83
   4   18 0.36
  23   28 0.31
  39   55 0.31
  19   28 0.89
  38   67 0.77
  28   32 0.90
  32   47 0.73
  35   36 0.04
  17   28 0.88
  17   38 0.17
  42   51 0.24
  43   75 0.46
  30   58 0.40
  32   44 0.81
  23   43 0.76
   7    7 0.18
  27   37 0.41

  17   41 0.55
  14   25 0.92
  45   56 0.99
   4   31 0.12
  19   33 0.94
   8   16 0.00
   2    7 0.40
  20   23 0.85
  22   37 0.27
  37   46 0.86
  24   37 0.26
  15   39 0.76
  23   26 0.38
  13   40 0.42
  12   29 0.58
  14   36 0.81
  26   58 0.18
  15   26 0.81
  27   36 0.18
  16   43 0.10
   7   27 0.98
  40   53 0.56
   7    9 0.15
   4   25 0.23
   5   21 0.26
   4   19 0.55
  27   49 0.77
  22   28 0.01
  13   25 0.32
  19   21 0.63
  34   54 0.89
  44   60 0.42
   1   16 0.00
  33   53 0.15
  27   46 0.93
  32   60 0.56
  20   51 0.65
  41   44 0.02
  15   43 0.73
  24   26 0.59
  16   40 0.73
  15   47 0.04
  20   47 0.77
  49   74 0.16
  19   47 0.47
  21   41 0.76
  32   33 0.48
  49   55 0.44
   3   29 0.04
  24   50 0.78
  38   41 0.24
  10   36 0.16
  15   45 0.75
  39   66 0.93
  13   32 0.85
  13   24 0.34
  20   31 0.52
  27   44 0.74
  21   46 0.35
  36   45 0.29

