3 20 8
12   10  10  10  10  16   4   4   4  20   2   2  10

   4   15 0.34
  40   41 0.14
  61   89 0.75
  62   64 0.65
  28   64 0.87
   8   32 0.78
  30   44 0.29
  12   34 0.69
  54   92 0.65
  20   37 0.63
   8   21 0.02
  32   52 0.68
  62   83 0.68
   1    6 0.31
  43   70 0.18
  39   62 0.50
   7   44 0.45
  29   48 0.59
  40   51 0.15
  26   40 0.59

   8   19 0.61
   5   27 0.70
  35   53 0.18
   3   39 0.66
  29   63 0.14
  18   54 0.93
  14   49 0.26
  40   79 0.51
  17   53 0.60
  56   69 0.87
  44   65 0.59
  55   86 0.21
  29   57 0.33
  50   91 0.19
  57   73 0.87
   2   42 0.89
  52   69 0.31
   6   17 0.36
  48   65 0.79
  22   44 0.37

  59   85 0.30
  18   40 0.51
  61   83 0.93
  17   23 0.28
  35   54 0.98
  25   41 0.36
  21   28 0.43
  39   54 0.34
  61   66 0.41
  59   61 0.26
  18   42 0.07
  36   58 0.27
  22   25 0.80
  48   73 0.87
   0   19 0.01
  52   63 0.49
  37   51 0.75
  58   91 0.36
  37   47 0.88
  49   66 0.11

  60   80 0.76
  59   65 0.37
   2    8 0.57
  12   50 0.11
  39   64 0.05
   6   24 0.96
  13   31 0.76
  17   18 0.19
   2   28 0.88
  53   80 0.22
  41   47 0.61
  53   74 0.70
  10   23 0.38
  39   65 0.50
  10   41 0.43
  22   48 0.09
  11   19 0.33
   6   12 0.21
  50   57 0.35
  43   51 0.40

   5   23 0.27
  24   54 0.95
  34   41 0.67
  22   51 0.81
  31   71 0.56
  18   54 0.60
  28   66 0.83
   8   24 0.93
  33   42 0.24
  44   46 0.05
  28   66 0.52
  49   83 0.14
  26   64 0.02
  24   31 0.88
  55   62 0.16
  15   43 0.12
  49   83 0.34
  22   50 0.86
  53   94 0.14
  43   67 0.11

  15   54 0.21
  13   44 0.44
  24   37 0.55
  59   89 0.19
  42   49 0.77
  15   15 0.20
  35   57 0.99
  40   66 0.93
  17   52 0.99
  19   60 0.53
   0   36 0.36
  56   89 0.54
  40   80 0.38
  45   69 0.88
  42   60 0.32
  42   73 0.14
  55   93 0.85
  30   67 0.84
  13   45 0.50
  62   68 0.23

  17   56 0.28
  14   47 0.29
  35   36 0.79
   7   30 0.65
   3   43 0.14
  48   63 0.45
   2   13 0.05
  34   75 0.73
  62   86 0.17
  10   35 0.24
  37   41 0.69
  29   51 0.53
   5    8 0.62
  16   19 0.57
  40   43 0.84
  11   11 0.58
  42   54 0.24
   6   32 0.52
   6   26 0.43
   7    9 0.69

  22   33 0.92
  34   38 0.45
  52   85 0.39
  14   18 0.51
   5   28 0.38
  32   34 0.89
  12   52 0.98
   7   28 0.84
  16   30 0.69
  52   58 0.76
  53   66 0.00
   9   24 0.93
  21   31 0.39
  60   88 0.31
  15   27 0.29
  22   46 0.73
  32   65 0.60
  23   49 0.96
  55   92 0.04
  57   66 0.28

  49   73 0.09
  22   25 0.51
  49   80 0.68
  13   16 0.49
  15   49 0.12
  33   44 0.66
  53   60 0.21
   4   32 0.50
  56   87 0.38
  40   71 0.71
  61  101 0.45
   8   13 0.70
  19   28 0.10
  19   44 0.28
  41   47 0.12
  25   53 0.95
  55   83 0.04
  24   26 0.55
   5    9 0.57
   1   33 0.28

  30   71 0.10
  28   53 0.96
  25   58 0.10
   8   24 0.44
  22   34 0.26
  48   57 0.04
  46   82 0.90
  35   52 0.56
  60   85 0.57
  27   30 0.44
  41   81 0.69
  28   67 0.06
  53   79 0.46
  21   61 0.66
  37   63 0.00
  36   42 0.35
  48   64 0.10
  22   48 0.90
   0   41 0.14
  29   64 0.51

   4   36 0.03
  14   42 0.00
  52   58 0.07
  16   33 0.98
   4   26 0.55
  48   68 0.12
   3    8 0.35
  54   67 0.78
   4   25 0.35
  55   72 0.02
  28   38 0.65
  38   48 0.26
  40   74 0.15
  38   66 0.23
  39   79 0.32
  20   49 0.45
  21   22 0.84
   3   13 0.68
  42   51 0.74
  56   81 0.40

  19   36 0.24
  26   66 0.42
   1   23 0.72
  27   61 0.28
  12   24 0.57
  31   59 0.06
  12   35 0.49
  40   66 0.96
  52   62 0.33
  50   78 0.98
  31   50 0.23
  32   52 0.05
   3   25 0.20
  44   69 0.60
   8   19 0.23
  21   44 0.35
  10   30 0.98
  52   77 0.57
  45   68 0.67
  49   53 0.12

