3 60 8
3    2   2   2

   4    6 0.47
   1    2 0.43
   4    5 0.50
   3    5 0.58
   0    0 0.12
   1    3 0.72
   5    6 0.39
   5    5 0.18
   3    5 0.17
   4    6 0.49
   6    6 0.03
   2    3 0.88
   2    3 0.35
   5    6 0.61
   3    4 0.72
   1    1 0.15
   2    2 0.06
   1    3 0.74
   4    6 0.38
   3    5 0.90
   5    5 0.03
   3    4 0.14
   2    3 0.03
   1    1 0.95
   6    7 0.48
   1    3 0.33
   6    6 0.50
   1    2 0.33
   6    7 0.98
   5    5 0.78
   2    4 0.46
   4    5 0.99
   5    5 0.31
   3    5 0.69
   4    4 0.29
   3    4 0.12
   2    3 0.42
   5    7 0.08
   0    0 0.97
   1    3 0.16
   5    5 0.26
   4    4 0.25
   4    4 0.83
   1    3 0.76
   2    2 0.57
   2    3 0.09
   1    3 0.42
   1    2 0.70
   0    2 0.93
   5    7 0.50
   3    3 0.86
   1    1 0.18
   1    3 0.63
   2    2 0.18
   4    4 0.20
   4    6 0.60
   5    7 0.97
   2    2 0.38
   4    4 0.93
   3    3 0.54

   0    0 0.42
   0    1 0.44
   2    2 0.56
   3    4 0.08
   1    2 0.39
   1    2 0.21
   0    0 0.79
   0    1 0.71
   6    6 0.40
   4    5 0.42
   1    3 0.65
   3    5 0.86
   4    5 0.39
   1    1 0.61
   0    1 0.16
   3    4 0.44
   6    6 0.37
   2    4 0.03
   1    3 0.33
   5    7 0.91
   2    2 0.09
   5    5 0.16
   6    7 0.97
   3    5 0.27
   5    6 0.41
   5    6 0.99
   6    7 0.04
   3    3 0.58
   6    8 0.40
   0    2 0.11
   6    7 0.73
   3    5 0.62
   6    8 0.12
   5    5 0.21
   3    5 0.49
   1    1 0.68
   5    7 0.98
   6    7 0.31
   1    3 0.08
   0    2 0.44
   0    1 0.14
   6    8 0.20
   6    7 0.47
   3    5 0.21
   3    3 0.96
   3    5 0.85
   1    3 0.69
   6    7 0.75
   0    0 0.67
   5    6 0.04
   1    3 0.43
   3    3 0.62
   2    2 0.92
   3    4 0.96
   1    1 0.74
   1    1 0.17
   0    1 0.23
   1    3 0.00
   3    4 0.94
   6    6 0.75

   6    8 0.80
   6    7 0.84
   3    4 0.70
   1    2 0.53
   6    7 0.69
   5    5 0.16
   4    6 0.50
   5    7 0.13
   1    3 0.14
   1    1 0.10
   5    7 0.81
   1    1 0.90
   4    5 0.73
   2    4 0.87
   4    6 0.55
   3    3 0.12
   6    8 0.88
   0    2 0.97
   2    2 0.68
   4    6 0.37
   4    4 0.12
   3    3 0.00
   5    7 0.81
   5    5 0.40
   5    5 0.87
   4    6 0.21
   6    8 0.11
   0    0 0.77
   1    2 0.65
   3    4 0.99
   6    8 0.38
   3    5 0.77
   2    4 0.99
   3    3 0.28
   3    3 0.57
   2    2 0.40
   5    7 0.72
   3    4 0.98
   4    6 0.87
   5    7 0.53
   5    5 0.11
   4    5 0.84
   3    4 0.52
   5    6 0.21
   6    6 0.21
   4    6 0.83
   2    3 0.05
   0    0 0.55
   6    7 0.55
   1    1 0.45
   0    2 0.96
   3    4 0.18
   4    5 0.64
   5    6 0.75
   4    6 0.99
   5    6 0.84
   3    4 0.29
   3    4 0.41
   1    2 0.27
   0    1 0.78

