4 40 8
6    4  10  10  16   2  16

   1   46 0.41
   8   30 0.66
  12   33 0.36
   0   28 0.62
   5   27 0.97
  12   47 0.45
   8   24 0.26
   3   16 0.64
  16   67 0.54
   5   15 0.81
  15   45 0.05
  17   63 0.09
   1   37 0.72
   0   12 0.62
   7    9 0.01
  14   33 0.17
   9   42 0.72
  15   43 0.59
   3   38 0.70
   5   30 0.16
  12   46 0.74
   3   46 0.82
  13   31 0.92
  12   37 0.10
  12   39 0.18
   0   11 0.55
  16   47 0.10
  14   17 0.83
   4   53 0.57
   4   22 0.49
  10   55 0.30
  11   21 0.45
  15   42 0.55
   5   26 0.89
   0   16 0.98
   8   19 0.61
   6   30 0.51
  15   54 0.43
   6   55 0.14
   4   55 0.02

  14   36 0.53
  15   65 0.71
   9   14 0.65
   2   25 0.40
  17   22 0.48
   7    8 0.45
   1    1 0.34
   5   23 0.29
  11   36 0.12
   7   34 0.11
   5   18 0.72
  11   60 0.62
   7   23 0.90
  16   27 0.95
   5   41 0.80
  16   26 0.21
   3   27 0.82
   0   42 0.52
  13   18 0.10
  12   61 0.52
  14   41 0.56
   9   43 0.13
   4   15 0.30
   6   50 0.69
   3   48 0.71
   2   19 0.25
   6   59 0.87
   3   55 0.60
   2   17 0.74
   4   21 0.85
   1   49 0.09
  13   18 0.32
  12   58 0.64
  14   58 0.78
   1   27 0.23
   8   50 0.86
  12   48 0.26
  13   21 0.37
   1   32 0.79
  10   23 0.46

   9   17 0.58
   6    8 0.28
   7   30 0.58
   3   15 0.48
   0   49 0.18
  10   52 0.51
   4   32 0.19
  14   20 0.83
   6   33 0.30
   4   26 0.72
   5   27 0.47
  11   37 0.96
   6   18 0.59
   6   15 0.67
   4   29 0.02
   2    2 0.85
   4   45 0.73
   1    9 0.37
  13   47 0.88
   9   20 0.66
   9   61 0.70
   3   17 0.49
   3   47 0.70
  16   25 0.20
   2    7 0.83
   0   20 0.48
   4   40 0.02
   6   56 0.69
  16   42 0.95
   6   55 0.18
  17   60 0.41
  14   63 0.04
  12   20 0.26
  14   25 0.05
  15   24 0.36
  16   56 0.54
   3   25 0.44
  17   29 0.06
   1   38 0.01
  13   49 0.11

   6   47 0.79
  12   19 0.74
   1   26 0.19
  15   19 0.25
  14   35 0.81
   0   41 0.49
  17   26 0.35
  16   26 0.66
  15   55 0.13
   8   16 0.85
   5   18 0.29
   3   33 0.69
   5   36 0.67
  15   42 0.37
   9   31 0.58
   6   39 0.99
  15   59 0.15
  15   23 0.88
  14   25 0.44
   0   48 0.58
  16   24 0.71
  10   15 0.88
  14   60 0.91
   0   47 0.70
  11   45 0.45
   1   14 0.07
   9   22 0.93
  11   40 0.07
   4   48 0.07
  14   31 0.69
   4   35 0.49
   4   21 0.87
  10   49 0.83
   0   49 0.54
   9   37 0.08
   7   52 0.32
   1   29 0.34
  11   13 0.54
   4   45 0.84
   8   15 0.40

  16   29 0.23
  16   42 0.06
   0   50 0.93
   1    5 0.63
  17   52 0.50
   6   23 0.65
  17   43 0.65
   5   50 0.61
  15   59 0.66
  12   15 0.47
   0   18 0.34
  12   18 0.65
   8   37 0.55
   0   47 0.68
   7   25 0.66
   9   30 0.74
   2   34 0.45
  10   36 0.37
   2   21 0.34
  15   48 0.44
  16   28 0.03
   6   48 0.03
   5   11 0.56
  12   27 0.13
   7    7 0.07
   2   55 0.77
  12   47 0.74
   2   30 0.53
  11   53 0.13
   4   25 0.91
  13   52 0.34
   3   40 0.35
  15   18 0.72
  14   59 0.35
  17   60 0.72
   7   51 0.93
  16   68 0.61
  10   43 0.71
   4   22 0.10
  17   68 0.58

   6   32 0.22
   9   47 0.07
   1   28 0.10
  15   29 0.50
   8   16 0.77
   4   29 0.30
   7   36 0.37
  14   50 0.70
   7   38 0.67
  15   45 0.99
  16   47 0.78
   1   28 0.45
  12   51 0.20
   7   51 0.20
  17   61 0.45
   2   39 0.91
   3    7 0.92
   9   49 0.78
   7   32 0.30
   1   49 0.00
  17   18 0.12
   1    9 0.62
   7   40 0.73
   9   34 0.03
  12   21 0.02
   2   16 0.80
   1   39 0.47
  10   44 0.11
   7   31 0.02
  16   22 0.81
  11   49 0.53
   9   54 0.06
   7   14 0.09
   7   10 0.22
   9   47 0.92
   3   26 0.13
  15   25 0.54
   3    6 0.96
   7   36 0.69
   2   42 0.11

