5 20 4
12   10   4  10  16  10   4  10   2  10   4  16  10

  73  111 0.32
  54   71 0.28
  34   86 0.28
  43   74 0.03
   5   76 0.72
  12   43 0.81
  56   71 0.37
  25   51 0.88
  59   83 0.03
  49  111 0.48
  48   89 0.94
  62  105 0.16
  22   99 0.95
  46  122 0.98
  62   65 0.01
  29   74 0.52
   7   58 0.84
   7   75 0.75
  59   62 0.46
  15   36 0.84

  23   59 0.02
  75  128 0.90
  26   78 0.98
  58   96 0.55
  53   58 0.19
   8   11 0.84
  46   50 0.19
  57   98 0.34
  33   73 0.58
  19   20 0.99
  32   70 0.99
  54   81 0.26
   5   46 0.84
  55   87 0.32
  77  122 0.77
  61  123 0.84
  38  101 0.38
  29   80 0.78
  46   60 0.60
  59  120 0.63

  57  135 0.80
   2   38 0.86
  36   82 0.02
  59  131 0.65
  34  101 0.41
  69  134 0.22
  30   78 0.41
  62  126 0.55
   1   22 0.36
  37   84 0.19
  18   84 0.48
  60  121 0.00
  34   86 0.13
  62   71 0.57
  35   66 0.36
  60  112 0.57
  49   69 0.14
  28   49 0.60
  45   46 0.43
  21   40 0.09

   5   75 0.24
  55   59 0.64
  44   69 0.93
  44  119 0.28
  43   47 0.21
  32   71 0.21
   7   14 0.89
  31   54 0.81
  61   85 0.08
  43   95 0.57
  30   97 0.63
  71  120 0.03
  39   40 0.68
  50   75 0.66
   3   23 0.08
  30   40 0.45
  37   90 0.40
  26   84 0.31
  14   64 0.46
  26  101 0.24

  17   24 0.27
  25   92 0.98
  63   98 0.97
  65  141 0.58
  40   82 0.35
  47   60 0.98
  32   99 0.33
  10   77 0.96
  31   71 0.68
  59   74 0.54
  21   59 0.49
  72  122 0.71
   1   75 0.38
   8   86 0.34
  58   99 0.35
  18   18 0.83
  72  148 0.30
  55   57 0.48
  31   79 0.49
  61   87 0.12

  22   99 0.61
  30   95 0.95
  70   96 0.68
  25   50 0.90
  49   88 0.77
  58  104 0.67
  75  106 0.96
  14   63 0.40
  26   42 0.25
   4   16 0.96
  24   64 0.60
  61  122 0.11
  72  117 0.79
   9   85 0.24
  40   85 0.90
  29   44 0.52
  40  110 0.57
  62  122 0.90
  23   49 0.57
  61   83 0.74

  28  106 0.79
  64  127 0.85
  21   86 0.09
  26   65 0.97
  44   94 0.27
  35   93 0.60
  31   35 0.02
  74   96 0.48
  33  104 0.63
  32  104 0.20
   1   55 0.89
  71  116 0.12
  76  128 0.93
  75   86 0.63
  28   56 0.61
  48  103 0.10
  29   84 0.97
  52   65 0.18
  55  124 0.30
   3   12 0.22

  53   74 0.75
  28   30 0.86
  42   60 0.18
  30  100 0.44
  70   81 0.83
  10   57 0.26
  71  141 0.95
  52  104 0.64
  59  107 0.86
  28   88 0.68
  74  150 0.07
  48  115 0.01
  73  112 0.86
  69  100 0.22
  54  103 0.42
  44  109 0.57
  30   99 0.28
  45   86 0.27
  49  122 0.58
  16   49 0.55

  59   93 0.48
   2   32 0.87
  73   98 0.53
  31   76 0.45
  59  131 0.57
  64   75 0.02
  70   77 0.84
  70   92 0.93
  15   93 0.47
  74  137 0.63
  13   27 0.85
  27   53 0.55
  29   61 0.26
  13   34 0.00
  39   68 0.54
  48   94 0.24
  20   71 0.96
  36   82 0.80
  47   83 0.96
  26   62 0.36

  71  145 0.18
  28  106 0.05
  13   40 0.45
  13   53 0.55
  29   86 0.26
  66  117 0.52
  24   29 0.14
  75  116 0.09
  10   14 0.75
  68   82 0.19
  15   71 0.35
  41   85 0.41
   9   22 0.46
   3   24 0.17
  28   82 0.61
  50   91 0.95
  38  104 0.24
  68  127 0.47
  55  107 0.45
  16   51 0.41

  68  135 0.20
   8   51 0.93
  17   79 0.83
  16   58 0.27
  34  104 0.02
  15   32 0.39
   6   65 0.26
  74  136 0.25
  41   51 0.17
  77  153 0.13
  68  115 0.84
  70  143 0.66
  36   54 0.66
  14   63 0.41
  55   71 0.21
  47   83 0.30
  47  121 0.77
  70  105 0.08
  44  105 0.99
  25   68 0.35

  13   21 0.79
   0   40 0.19
  75   96 0.89
   4   24 0.52
  69   91 0.20
  76  107 0.95
   0   48 0.80
  56   97 0.74
  49   65 0.18
  21   72 0.03
  34  103 0.14
   8   72 0.97
  15   22 0.43
  43   44 0.17
  21   40 0.18
  46  123 0.50
  18   55 0.76
   0   73 0.34
  18   19 0.23
  48  120 0.97

