3 30 4
6    2   4  10  10  20   4

  61   62 0.42
   1    2 0.65
  77   89 0.68
  70  100 0.37
  74  101 0.33
  76   92 0.08
   5   16 0.40
  15   19 0.09
  70   92 0.38
  80   92 0.08
  50   64 0.90
  16   38 0.20
  89   90 0.88
  40   56 0.63
  22   42 0.42
  67   73 0.88
  38   66 0.69
  78  103 0.16
  66   77 0.22
  34   55 0.69
  57   64 0.34
  35   43 0.82
  33   39 0.02
  58   87 0.28
   6   12 0.00
  50   54 0.31
  52   60 0.03
  27   43 0.67
  35   39 0.73
  13   36 0.26

  19   42 0.00
  13   40 0.08
  90   98 0.98
  21   38 0.86
  27   35 0.11
  86  112 0.80
   7    9 0.74
  44   57 0.01
  70   94 0.76
  75   83 0.41
  16   21 0.64
  47   77 0.47
  70   90 0.87
  79   93 0.32
  59   89 0.88
  25   55 0.71
  90  100 0.26
  16   34 0.91
   5   24 0.84
  52   58 0.23
  52   75 0.67
  32   44 0.10
  89  119 0.81
   4   20 0.15
  45   60 0.04
  11   39 0.15
  70   78 0.59
  37   48 0.32
  87  103 0.37
   4   25 0.48

  15   29 0.98
  43   66 0.57
  33   57 0.31
   8    9 0.41
  70   80 0.09
  29   38 0.42
  27   57 0.86
  58   76 0.02
  18   22 0.73
   1   10 0.87
  49   64 0.54
  10   10 0.78
  61   67 0.62
  27   36 0.92
  63   77 0.49
  65   80 0.32
  53   65 0.76
  55   57 0.46
  69   83 0.20
  72   84 0.37
  60   67 0.53
  88  117 0.21
  52   72 0.61
  27   45 0.46
  92  103 0.73
  51   52 0.09
   0   20 0.88
  71  101 0.76
  55   76 0.99
  53   77 0.85

  31   40 0.54
  84  109 0.30
  47   66 0.46
  73   94 0.59
  22   30 0.62
  40   53 0.81
  87  106 0.95
  84  100 0.12
  15   43 0.60
  87  114 0.82
  26   50 0.05
   7    7 0.59
  56   69 0.63
  76   85 0.96
  55   65 0.81
  85   87 0.08
  87   92 0.86
  59   74 0.40
   8   37 0.92
  67   81 0.25
  11   29 0.55
  37   62 0.98
  83   88 0.25
  26   52 0.38
  12   41 0.59
  18   33 0.09
  17   43 0.63
  17   47 0.16
  72   93 0.04
  36   43 0.49

  82   96 0.15
  57   62 0.88
  23   41 0.60
  70   87 0.35
  58   79 0.83
  51   81 0.73
  56   67 0.02
  25   49 0.41
  30   49 0.07
   2   23 0.05
   9   18 0.43
  31   44 0.41
  14   20 0.91
  55   60 0.57
  13   33 0.11
  21   29 0.95
  50   51 0.00
  43   46 0.26
  87  113 0.08
  22   50 0.13
  21   50 0.90
  85  101 0.16
  61   80 0.82
  36   44 0.62
   4   29 0.19
  60   60 0.97
  80   86 0.21
  91   96 0.65
  68   83 0.79
  46   52 0.30

  59   85 0.91
   4    8 0.61
  43   61 0.72
  76   90 0.31
   0   10 0.77
  49   60 0.21
  10   13 0.86
  16   43 0.47
  12   31 0.83
  53   64 0.88
  60   79 0.93
  43   56 0.57
  68   69 0.82
  57   83 0.61
   3   10 0.70
  37   67 0.60
  27   48 0.66
  11   30 0.60
  92  121 0.00
  74   89 0.65
  84   90 0.05
   9   14 0.74
  41   44 0.13
   5   14 0.11
  17   36 0.79
  28   48 0.10
  25   45 0.84
  22   38 0.48
  40   64 0.15
  29   51 0.88

