5 15 8
12    2   4  16   2   2  16   2   2  16  10  10  10

   6    9 0.13
   4   17 0.91
   4   13 0.11
   4   15 0.46
   0    5 0.50
   4   11 0.83
   1    7 0.05
   5   10 0.50
   3   17 0.66
   1    5 0.65
   2    3 0.88
   1   13 0.77
   0    2 0.15
   5    8 0.87
   6   21 0.79

   2   10 0.78
   7   18 0.76
   3    5 0.90
   3   16 0.63
   2    5 0.85
   6   18 0.50
   3    5 0.39
   7   18 0.08
   0   10 0.50
   7   17 0.37
   6   17 0.41
   2   15 0.01
   6   12 0.10
   7    7 0.81
   4   18 0.45

   0    2 0.75
   6   18 0.74
   5   15 0.35
   3   15 0.02
   3    9 0.40
   6   15 0.95
   0    4 0.71
   2   11 0.14
   0    0 0.45
   1    3 0.05
   5   17 0.24
   5   17 0.25
   1    8 0.80
   7    9 0.07
   7    9 0.50

   3   10 0.97
   4    8 0.62
   6   16 0.29
   7   19 0.42
   6    9 0.10
   2    2 0.09
   2    8 0.67
   6   20 0.59
   2   17 0.23
   3   12 0.50
   3   11 0.94
   1   12 0.89
   1   17 0.25
   7   14 0.42
   5    5 0.97

   5    9 0.44
   6   12 0.26
   0    8 0.25
   5   18 0.50
   4   16 0.30
   0   12 0.53
   7    7 0.82
   2    8 0.05
   7   15 0.55
   0   11 0.77
   5    8 0.84
   1   15 0.37
   5   10 0.92
   6   16 0.95
   4   17 0.44

   5    7 0.60
   2    6 0.94
   0    6 0.32
   4   15 0.88
   6   21 0.52
   3    6 0.01
   3    3 0.43
   2    4 0.40
   0   16 0.68
   2   18 0.81
   7   19 0.23
   6   22 0.40
   6   14 0.63
   5   10 0.68
   5    8 0.07

   5   17 0.38
   0   13 0.00
   5   20 0.21
   3   19 0.66
   7   10 0.84
   3   19 0.34
   3   19 0.47
   3   10 0.89
   1    2 0.24
   7   16 0.34
   5   12 0.60
   0   12 0.43
   6   10 0.46
   6   22 0.89
   3    9 0.84

   2    6 0.92
   2    3 0.94
   2   13 0.74
   3   11 0.89
   4    7 0.37
   7   10 0.28
   7   22 0.10
   4    8 0.34
   3   18 0.16
   4    5 0.12
   3   13 0.78
   1    2 0.76
   0   13 0.66
   3   14 0.74
   3   18 0.82

   3    5 0.95
   1    3 0.05
   2   15 0.85
   7   21 0.75
   5    8 0.68
   4   18 0.83
   4   20 0.82
   7   16 0.84
   3   14 0.25
   5    7 0.90
   1    5 0.51
   7   10 0.08
   3    7 0.18
   1    1 0.65
   4   19 0.33

   0   11 0.31
   7    7 0.63
   4   17 0.32
   3    3 0.76
   0    2 0.24
   1    6 0.43
   7   14 0.08
   5   17 0.65
   4    5 0.87
   0    0 0.36
   5    8 0.26
   7   21 0.37
   4    6 0.99
   2   14 0.74
   7   16 0.01

   0   16 0.23
   0    4 0.93
   3   11 0.76
   5    8 0.96
   6   18 0.10
   1    3 0.50
   6   16 0.77
   0   16 0.49
   0   15 0.21
   2    2 0.13
   2   18 0.20
   5   21 0.63
   6   17 0.08
   0    0 0.65
   7   18 0.56

   4    8 0.15
   6   13 0.55
   6   18 0.54
   1    4 0.10
   1   17 0.62
   1    6 0.64
   5   17 0.58
   4   18 0.98
   2   15 0.88
   5   14 0.60
   4   17 0.95
   0   14 0.91
   1    4 0.64
   4   17 0.26
   4    8 0.66

