3 30 8
6   10  20  20   4   2   2

  23   23 0.15
   9   15 0.34
  12   15 0.92
  11   15 0.60
  28   35 0.94
  25   34 0.17
  31   35 0.88
  10   25 0.76
  25   26 0.98
   6    8 0.41
  13   17 0.99
  19   34 0.60
  11   20 0.04
  23   27 0.80
  30   37 0.47
   6   18 0.57
  21   27 0.94
   8    9 0.92
  19   31 0.53
   7   15 0.82
  23   33 0.89
   6   17 0.67
   2    2 0.57
   4    5 0.05
   2   15 0.75
  26   41 0.70
  12   23 0.04
  21   21 0.49
  30   47 0.98
  20   26 0.08

  12   19 0.57
  17   28 0.75
  18   29 0.72
  14   18 0.62
  33   50 0.60
  17   23 0.34
  27   27 0.13
   4   13 0.57
  18   31 0.63
  35   48 0.12
  12   24 0.58
   9   24 0.27
   8   22 0.66
  34   34 0.82
  24   37 0.44
  33   41 0.94
  11   20 0.76
  19   28 0.28
   8   23 0.13
   1   10 0.78
   1    4 0.15
  34   49 0.61
  27   41 0.05
  24   27 0.90
   4    5 0.25
   1    2 0.44
  32   42 0.87
   4    4 0.65
  11   17 0.44
  35   39 0.79

  11   23 0.97
   9   20 0.53
  20   20 0.28
  14   19 0.27
  31   48 0.70
  32   45 0.83
  15   23 0.01
  19   33 0.29
   2   12 0.92
  35   35 0.84
   1   12 0.27
   6   19 0.96
  18   18 0.05
   3   13 0.28
  10   12 0.09
  34   36 0.23
  27   31 0.21
  10   24 0.66
  12   21 0.41
  20   27 0.08
   5   13 0.52
  14   25 0.48
  25   33 0.11
  27   28 0.73
  24   34 0.60
   3   14 0.24
  35   45 0.59
  32   47 0.66
  29   46 0.99
  17   21 0.90

  31   40 0.72
  35   47 0.44
  11   13 0.19
  16   32 0.47
  19   20 0.49
  30   31 0.89
  34   34 0.01
  15   19 0.89
  23   24 0.81
   7   16 0.60
   3    6 0.62
  31   38 0.44
  34   36 0.48
  12   17 0.10
  17   28 0.35
   1    3 0.28
  28   33 0.00
  22   35 0.14
  22   28 0.44
  34   51 0.16
  15   23 0.93
  30   36 0.85
   9   22 0.88
  30   44 0.24
  23   24 0.04
  12   22 0.69
  23   24 0.15
  22   37 0.50
  23   25 0.69
  17   28 0.00

  23   34 0.69
   9   13 0.14
   6   10 0.80
  35   39 0.27
  31   48 0.41
  14   26 0.02
  33   42 0.66
  10   14 0.72
   4   16 0.24
  33   45 0.96
   5   22 0.63
   2   14 0.84
  18   26 0.44
   7   10 0.83
  31   36 0.14
  27   42 0.65
  28   28 0.75
  14   26 0.39
  26   27 0.91
  32   41 0.91
  17   24 0.41
  32   42 0.80
  10   23 0.41
  31   42 0.32
   3   20 0.61
   7   24 0.88
  11   19 0.32
  28   44 0.74
  23   40 0.14
  33   35 0.92

  12   27 0.25
   4   17 0.60
   9   20 0.93
  25   38 0.30
  29   39 0.72
   1   18 0.80
  22   28 0.69
  35   51 0.08
  33   48 0.81
  27   32 0.44
   0    6 0.96
  27   36 0.83
  32   44 0.87
  13   21 0.23
  21   26 0.37
  28   36 0.02
  29   36 0.05
  12   29 0.82
  23   30 0.22
  35   36 0.69
  16   27 0.66
  27   28 0.58
   6   18 0.18
   5   18 0.70
  35   52 0.47
  33   33 0.76
  35   51 0.78
  33   40 0.49
   4    5 0.06
  23   25 0.79

