5 100 8
3   10  10   2

   3   19 0.13
  17   23 0.66
  23   44 0.86
  26   26 0.63
   3   19 0.63
  10   12 0.44
   2   17 0.38
   6   15 0.15
  22   30 0.00
  18   29 0.47
  13   21 0.32
   4   39 0.52
   3   16 0.73
  19   39 0.71
  20   58 0.43
  12   52 0.78
  19   56 0.41
  15   21 0.46
   9   48 0.41
   3   30 0.43
  21   49 0.90
   9   37 0.23
  20   59 0.34
  25   41 0.37
   5   35 0.45
  25   30 0.62
  13   35 0.48
  12   46 0.35
   1   28 0.28
  10   39 0.18
  13   41 0.13
   9   31 0.29
  25   45 0.90
  19   26 0.99
  15   23 0.24
  15   49 0.48
  25   31 0.70
   9   31 0.69
  15   44 0.35
   4   36 0.04
  24   54 0.83
  14   42 0.29
  24   32 0.13
  14   27 0.86
   3    9 0.88
   3   19 0.76
  13   24 0.60
  26   65 0.24
  17   20 0.39
  24   36 0.17
   1   23 0.49
   5   26 0.67
   1   39 0.47
  23   47 0.86
  26   39 0.68
  20   25 0.57
   3   42 0.63
   2   16 0.01
  11   18 0.54
  19   47 0.76
   9   32 0.44
  25   39 0.35
  21   42 0.68
  24   55 0.62
   2   21 0.90
   1   21 0.18
  17   32 0.37
   9    9 0.85
   2   20 0.35
  13   52 0.08
   3   29 0.07
  12   43 0.00
  18   22 0.27
   6   39 0.40
  15   32 0.94
  13   26 0.71
  23   56 0.67
   3   17 0.32
  23   51 0.29
  16   47 0.60
  25   55 0.16
   8   35 0.86
  26   51 0.65
  11   27 0.55
   7   12 0.35
  15   26 0.67
  14   38 0.19
  16   24 0.24
  25   49 0.03
   9   25 0.25
  25   60 0.12
  10   26 0.79
  17   35 0.61
  23   37 0.20
  21   54 0.52
  10   16 0.71
   6   41 0.54
   9   40 0.40
  22   56 0.52
  20   52 0.02

   1   37 0.86
  25   52 0.97
   8   25 0.24
  14   46 0.20
  10   39 0.57
  13   28 0.23
  20   42 0.88
  19   59 0.42
   9   46 0.11
  25   47 0.75
   7   17 0.29
  25   45 0.77
   0   31 0.56
  25   37 0.02
  19   35 0.59
  22   55 0.91
   6   42 0.96
  18   22 0.09
   2   17 0.80
  14   14 0.78
  21   50 0.48
   5   36 0.25
  11   15 0.00
   7   19 0.83
   2   37 0.78
  20   47 0.32
  22   38 0.15
   3   37 0.98
  14   21 0.09
   7   29 0.76
  14   48 0.91
  23   35 0.03
  15   43 0.20
   5   13 0.23
  17   48 0.71
  26   27 0.66
  22   29 0.15
   1   22 0.87
  15   36 0.35
  20   20 0.75
  14   41 0.51
   1   26 0.59
  16   49 0.85
   0    8 0.91
  18   27 0.60
   1   15 0.45
  24   38 0.00
  22   33 0.00
   6   46 0.48
   6   29 0.41
  14   47 0.27
  17   46 0.23
  25   33 0.34
   2    4 0.62
  16   20 0.88
  22   22 0.70
   9   40 0.99
   0   22 0.16
   1   35 0.54
  18   19 0.65
  13   37 0.68
   0   15 0.75
  15   27 0.00
   4   40 0.32
   9   13 0.68
  19   47 0.87
  19   57 0.44
  16   33 0.04
  16   26 0.99
  22   37 0.75
   1   33 0.71
  21   31 0.86
   5   23 0.60
  19   48 0.81
  15   55 0.65
  14   54 0.74
  23   62 0.19
   2   10 0.26
  18   28 0.51
   1   27 0.44
  19   57 0.42
  10   36 0.70
   5   25 0.40
   2   12 0.15
   0   31 0.86
   5   31 0.92
   4   11 0.41
   2   29 0.27
  13   46 0.28
   5   39 0.64
  22   44 0.09
  12   52 0.94
  11   14 0.62
  16   18 0.80
  15   23 0.56
  13   42 0.41
   7   44 0.34
   6   22 0.04
  23   41 0.47
   1   30 0.53

  11   38 0.61
  16   50 0.92
   6   34 0.55
  10   50 0.67
   5   38 0.44
   7   45 0.60
  22   46 0.49
  10   19 0.90
   6   37 0.10
  10   31 0.89
  19   33 0.38
   8   48 0.64
  12   24 0.31
  14   18 0.89
   6   41 0.51
   5   42 0.38
  11   13 0.79
  12   50 0.06
  14   23 0.87
  23   33 0.46
   1   34 0.78
   0   13 0.15
   7   31 0.68
  11   33 0.59
  19   25 0.43
  12   47 0.04
  11   37 0.99
  13   42 0.55
   5   38 0.91
   4   20 0.06
  14   37 0.31
  10   26 0.56
   2   25 0.67
  17   46 0.13
   6   30 0.49
  16   25 0.82
  14   33 0.17
  16   41 0.61
  20   51 0.29
   8   14 0.28
  24   34 0.91
  21   41 0.80
   8   37 0.43
  15   27 0.36
  18   40 0.06
  20   25 0.38
   5   16 0.99
  21   39 0.97
  18   42 0.45
  16   35 0.24
   2    8 0.14
  16   41 0.31
  24   28 0.24
  16   26 0.26
  12   26 0.27
  23   32 0.94
   4   11 0.19
  25   45 0.87
   4   43 0.61
  12   28 0.40
  23   31 0.14
   5   11 0.79
   2    6 0.93
  24   47 0.83
   1   18 0.43
   6   10 0.43
  11   33 0.03
   1   34 0.71
  14   52 0.91
   7   40 0.99
  18   22 0.40
   0   30 0.30
  20   35 0.48
  17   21 0.73
  18   50 0.83
  21   37 0.49
   2   10 0.95
   2   17 0.04
  13   20 0.01
   0   11 0.54
  18   23 0.65
   9   32 0.04
  16   31 0.06
  24   62 0.90
  20   54 0.19
   8   22 0.04
  24   43 0.93
  21   40 0.22
  20   22 0.47
   0   26 0.72
  26   57 0.70
  18   19 0.69
  19   26 0.83
   8   25 0.81
  12   24 0.41
   2   14 0.25
  13   42 0.65
   4   26 0.17
  22   28 0.66
   5   16 0.78

