3 40 4
6    2   2  10  16  10  16

   5  114 0.80
   1   73 0.00
  21   42 0.70
  37   52 0.68
  14  152 0.48
  45   96 0.87
  26   43 0.81
  12  114 0.57
   8   84 0.95
   0   27 0.31
  44  124 0.56
  38  118 0.19
  39   49 0.57
   7   85 0.48
  10   40 0.12
  37   67 0.38
  41  124 0.83
   7   59 0.85
  16   27 0.04
  20   92 0.30
   1   59 0.70
   7   20 0.45
  31  142 0.22
  17   85 0.69
   8   80 0.50
  39   43 0.47
  26  111 0.94
   3   85 0.79
  11   79 0.51
   2  113 0.94
  30   45 0.55
  22   24 0.77
   6   97 0.18
   5  140 0.11
   3   24 0.04
   9   62 0.68
   3   24 0.76
  11   69 0.69
  45  131 0.84
  22   36 0.84

   9   46 0.03
  16  126 0.74
   8   51 0.09
  20   48 0.49
   3  135 0.68
  35   86 0.18
  42   63 0.46
  36   76 0.65
  25   90 0.74
  30   58 0.13
   1   58 0.23
  33   34 0.59
  14   45 0.01
  12   82 0.37
  24  115 0.46
  15   29 0.42
   5   51 0.18
  41   91 0.34
  16   52 0.95
  38   95 0.72
  11   37 0.45
  33   89 0.97
  15  113 0.84
  30  139 0.89
  10   50 0.63
  17  105 0.78
  21  110 0.69
  21   58 0.79
  11   90 0.05
  44  121 0.48
  17   89 0.42
   3  104 0.93
   1  127 0.33
   6  134 0.58
  40  150 0.44
   7  125 0.80
   1   61 0.24
  36   40 0.84
   6   97 0.84
  33  131 0.84

  35  132 0.59
  41  155 0.60
  11   61 0.18
  25  158 0.50
  11   58 0.74
   7   35 0.82
   8   67 0.92
   2  137 0.16
   3   22 0.30
  41  166 0.73
  41   46 0.46
  19   78 0.10
  28   65 0.27
  34  107 0.07
   7   45 0.22
   4   60 0.96
  13   97 0.30
   9   85 0.43
  16  145 0.75
  19  122 0.41
  42   58 0.96
   0  100 0.09
   2   95 0.43
  29   70 0.46
  39   93 0.10
   9   64 0.62
  33  127 0.92
  39  103 0.38
  26   78 0.31
  10   42 0.50
  15   40 0.03
  27  128 0.65
  31   36 0.19
  26   84 0.86
  44   76 0.53
  36  146 0.31
  17   88 0.93
  13   98 0.21
  36  172 0.06
  11   83 0.51

  13  122 0.64
  10   15 0.77
  42  173 0.50
  45  134 0.56
  41  122 0.33
  29  124 0.38
   8  102 0.65
   2  107 0.15
  45   66 0.68
  10  125 0.15
  40   79 0.05
  16   42 0.64
   7   96 0.28
  34  149 0.81
  25   58 0.95
  27   59 0.29
  15  119 0.65
  38   94 0.64
   6   78 0.27
  27  112 0.93
  40  130 0.53
   2   14 0.67
   7  145 0.44
  41   61 0.71
  24  103 0.69
   0   40 0.10
  34  134 0.64
  43   55 0.31
  26  158 0.09
  29   47 0.38
  44   47 0.62
  17  148 0.24
   8   10 0.93
  44  108 0.18
   9   65 0.17
  12   41 0.78
   9  117 0.46
  45  165 0.48
  29  110 0.25
   8   13 0.48

  19  100 0.57
  39   98 0.94
  37  159 0.16
  40   59 0.98
  29   58 0.26
   4   42 0.66
   2   60 0.34
  36   37 0.46
  12  137 0.88
  26  156 0.02
  27   39 0.96
   5  113 0.48
  34  123 0.99
  28  123 0.00
  38  129 0.97
  23   94 0.79
  15   51 0.54
  11   87 0.50
  30  168 0.63
  30   77 0.85
   1   48 0.23
  32   85 0.61
  42   82 0.22
  28  165 0.30
  10   29 0.28
  41  178 0.00
  40   41 0.30
  29  122 0.80
   0   62 0.03
  15   86 0.70
   1   65 0.42
  28  159 0.53
  41  170 0.40
  36   88 0.44
   2   81 0.38
  23   26 0.26
   0   57 0.33
  22   40 0.16
  37  106 0.84
   4   88 0.20

  27   41 0.35
  32   80 0.73
  42   53 0.83
   2   48 0.08
  13  110 0.60
  23   34 0.89
  34  111 0.52
  19  148 0.23
  12   75 0.54
  33   54 0.48
  18  137 0.34
  45   69 0.25
  39  131 0.86
  22   45 0.62
   6   48 0.72
  28   81 0.21
   7   58 0.42
   2   35 0.50
  23   96 0.81
  44   75 0.39
  19   48 0.19
  45   48 0.20
  18  135 0.48
  41   68 0.06
  37  115 0.30
  33   42 0.88
  39   61 0.12
   1  127 0.05
  27  106 0.74
   5  104 0.29
   3   78 0.61
  41  117 0.26
  16   86 0.31
  22  134 0.73
  30  149 0.52
  28   67 0.48
  11   68 0.46
   6   45 0.54
  10   95 0.80
   2  105 0.54

