4 20 8
12   20   4  16   2   4  10  16  10  16  16  16   2

  58   72 0.10
  54   62 0.77
  23   28 0.38
  14   17 0.56
  48   57 0.74
  16   26 0.60
  29   36 0.97
  42   51 0.43
  42   58 0.23
   6   10 0.25
  50   66 0.27
  56   57 0.72
  56   66 0.28
  51   55 0.27
  43   51 0.02
  32   32 0.71
  22   37 0.78
  23   29 0.46
  54   59 0.19
  57   71 0.49

  54   72 0.65
  31   38 0.01
  31   44 0.76
  22   26 0.74
  55   71 0.07
  12   21 0.22
  56   72 0.74
   6   12 0.35
  51   70 0.17
  35   42 0.88
  30   42 0.65
  24   32 0.47
  14   16 0.39
  55   55 0.80
  23   34 0.31
  28   29 0.85
  19   25 0.40
   0   13 0.12
  30   45 0.86
  53   65 0.02

  12   20 0.90
  21   35 0.16
  50   50 0.32
   2    9 0.76
  17   33 0.07
  10   23 0.90
   6    8 0.29
   4   16 0.53
  42   56 0.85
  40   49 0.22
  53   59 0.72
  40   58 0.25
   0   19 0.78
  21   38 0.30
  14   16 0.62
  60   69 0.51
   1    8 0.88
  56   70 0.62
  57   60 0.34
  14   19 0.09

   0   17 0.15
   4   14 0.99
  58   60 0.32
  31   48 0.23
   1   20 0.98
   7   16 0.96
  16   21 0.73
  21   31 0.16
  36   38 0.15
  20   32 0.21
  16   32 0.95
  57   74 0.32
  39   51 0.18
   3    7 0.15
  45   56 0.42
  34   52 0.29
  22   38 0.86
  10   14 0.32
   5    7 0.66
  10   15 0.79

  47   57 0.38
  19   22 0.20
  14   33 0.58
  55   62 0.23
  40   57 0.29
  59   63 0.00
  55   58 0.52
  21   33 0.18
  23   36 0.92
  41   52 0.46
  59   63 0.98
  58   68 0.52
   0    9 0.84
   5   13 0.04
  18   27 0.89
  22   29 0.14
  10   22 0.36
  55   68 0.37
  10   13 0.53
  18   37 0.99

  14   32 0.96
   4    9 0.22
  52   55 0.32
  11   20 0.51
   2    8 0.94
  53   59 0.66
  44   44 0.15
  11   17 0.88
  51   65 0.83
  30   41 0.60
  51   66 0.85
   1   11 0.82
  43   58 0.38
  19   38 0.59
  16   28 0.85
  49   55 0.24
  26   40 0.73
  28   32 0.30
  19   26 0.19
  13   23 0.68

  23   37 0.77
   4   16 0.10
  41   60 0.62
  24   29 0.04
  23   42 0.20
  50   59 0.13
  50   64 0.53
   8   14 0.78
  31   41 0.36
  46   53 0.32
  52   65 0.66
   0    8 0.41
   3    9 0.30
  13   27 0.51
  35   49 0.35
  60   67 0.52
  22   33 0.42
  32   48 0.64
  41   41 0.88
  53   54 0.35

  42   56 0.76
   2   10 0.46
  33   42 0.20
  16   28 0.68
  55   72 0.52
  20   33 0.44
  36   46 0.43
  48   66 0.29
  13   28 0.87
   5   23 0.73
   7   21 0.63
  30   33 0.95
  15   24 0.67
  48   58 0.41
  44   53 0.38
  19   24 0.57
  60   62 0.08
  37   50 0.27
  18   34 0.36
  35   48 0.73

   7   12 0.22
  35   46 0.25
  38   54 0.22
  47   63 0.38
  14   28 0.53
  16   21 0.10
  49   53 0.03
  44   44 0.71
  16   23 0.55
  31   34 0.18
  42   47 0.44
  21   21 0.48
  21   36 0.93
  38   43 0.63
  36   37 0.93
  25   39 0.23
  41   48 0.89
  50   67 0.90
   0   12 0.58
  26   38 0.96

  19   26 0.98
  14   22 0.44
  38   55 0.16
  55   73 0.72
   8   16 0.57
  57   72 0.39
  18   34 0.46
  20   30 0.67
  24   24 0.87
  20   36 0.53
  36   43 0.78
  29   41 0.73
  26   27 0.51
  43   52 0.07
  37   44 0.39
  47   54 0.78
   1   19 0.53
  15   28 0.64
  52   53 0.27
  11   27 0.49

  29   35 0.96
  16   25 0.87
   2   11 0.09
  54   72 0.21
  23   41 0.12
  19   32 0.15
   7   13 0.62
  36   53 0.34
  59   77 0.55
  42   57 0.66
  25   43 0.76
  16   35 0.11
  24   28 0.22
  23   26 0.28
  18   25 0.66
  20   28 0.12
  15   24 0.79
  27   35 0.89
  55   58 0.17
   0   17 0.74

  14   29 0.13
  43   45 0.61
  28   36 0.83
  44   57 0.16
  16   34 0.50
  56   57 0.54
  53   64 0.51
  49   63 0.73
  10   23 0.07
  34   40 0.80
  16   26 0.64
   3    5 0.36
   0   16 0.29
   8   23 0.48
  38   57 0.89
  54   54 0.12
  24   32 0.71
   1    1 0.37
  39   55 0.41
  32   49 0.64

