4 80 4
3   10  10  10

  51   63 0.11
  94  155 0.74
   6   41 0.43
   8  110 0.20
  99  140 0.54
  42   73 0.57
  41  135 0.25
  63   85 0.00
  11   52 0.89
  39   67 0.76
  29  114 0.62
   8   48 0.96
  73  151 0.52
 106  171 0.23
  30   40 0.60
  29   85 0.84
  34  140 0.29
   1   74 0.17
  96  137 0.48
  80  147 0.35
  14   22 0.33
 107  206 0.86
   4   42 0.57
  83  103 0.32
  98  186 0.46
  72  170 0.26
  76   84 0.93
  53  112 0.00
 108  184 0.44
  98  137 0.90
 107  112 0.59
   0   31 0.46
  36  132 0.44
  12   54 0.19
  16  111 0.87
  80  135 0.86
  34  112 0.56
   9  120 0.45
  52   83 0.91
  38  105 0.99
  10   12 0.61
  32  103 0.43
  19   84 0.36
  93   93 0.23
  96  106 0.46
  30  129 0.80
 104  151 0.24
 108  152 0.66
  40   41 0.59
  59   76 0.16
  44   93 0.15
  92  131 0.14
  44   73 0.88
  64   65 0.76
  64  149 0.24
  27   87 0.28
  84  156 0.85
 104  143 0.06
  41  148 0.98
  82  192 0.31
  50   77 0.02
 103  173 0.40
  60  112 0.03
  19  121 0.71
  44   77 0.99
 104  163 0.83
  59  166 0.08
  55   99 0.85
 109  183 0.04
  59   83 0.99
  95  194 0.89
  38   90 0.74
  30   59 0.22
  93  192 0.66
  22   88 0.74
   7   67 0.05
  34   53 0.35
  25  136 0.34
  79  172 0.46
  58   93 0.01

   0   49 0.78
  79  135 0.02
  36  122 0.04
  99  207 0.03
 100  170 0.49
  19  120 0.24
  55   74 0.96
  73  157 0.55
   8   77 0.81
  57  162 0.26
  65   81 0.03
  31   31 0.77
  30   34 0.28
  47   58 0.15
  23   78 0.61
  98  141 0.86
  82  152 0.01
  43   83 0.73
  46   92 0.34
  68  114 0.05
  95  196 0.92
 102  171 0.16
  65  114 0.55
  88  105 0.36
  79  130 0.02
  72  145 0.66
   0   33 0.60
  46   48 0.34
  39   89 0.79
  36  110 0.27
 107  135 0.39
  64  148 0.10
  50   51 0.67
  71  175 0.12
   0   46 0.34
  76  182 0.71
  77  151 0.10
  44  147 0.66
  50   74 0.71
  84  104 0.50
 100  157 0.36
  19   52 0.88
  26   89 0.35
  53   62 0.26
  59   90 0.60
   3   63 0.13
  19   59 0.66
  69  155 0.54
 111  166 0.15
  61  133 0.23
  64  129 0.10
  95  165 0.29
  14   21 0.80
  83  127 0.66
  65   83 0.58
  34   36 0.81
  36   79 0.42
  87  120 0.52
   7   29 0.64
 104  164 0.01
  72  134 0.98
 103  197 0.12
  36  136 0.53
  20   27 0.64
   7   17 0.18
  89   95 0.08
  55   89 0.45
  48   89 0.89
  16  113 0.29
  35   35 0.74
  55  147 0.59
  85  105 0.64
  32   43 0.99
 110  181 0.11
 110  174 0.42
  11   76 0.37
  31  129 0.00
  75  108 0.72
   7  116 0.53
  98  129 0.88

  90  182 0.92
  54   73 0.24
  59  167 0.67
   1   92 0.46
  83  108 0.22
 105  126 0.58
 105  152 0.38
 111  159 0.22
  22   51 0.98
   3    5 0.22
  85  125 0.48
  15   63 0.26
 109  188 0.72
  74  173 0.46
   3   48 0.11
  65   85 0.16
  39   89 0.66
 110  187 0.39
  51   61 0.94
  38   55 0.23
 100  183 0.88
  80  152 0.96
  63  149 0.32
  83  127 0.70
  37   41 0.62
  49   67 0.07
  99  125 0.61
 105  121 0.31
  82   89 0.42
  31  130 0.70
  13   44 0.58
   3   97 0.80
  28   42 0.55
 109  127 0.56
  38   93 0.93
  33   53 0.39
  53  103 0.33
  82  123 0.12
  80  190 0.05
  36   85 0.87
  44   78 0.02
  20  105 0.02
  96  193 0.20
  58  130 0.66
 109  155 0.44
   5   86 0.28
  46   92 0.66
  76  143 0.33
  57   92 0.25
  46  145 0.86
  91  185 0.95
   6   65 0.09
  82   91 0.00
  74  112 0.53
   2    2 0.37
  70  123 0.84
  11   54 0.65
   6   64 0.80
  99  154 0.43
  71  182 0.63
  45  131 0.78
  39   49 0.93
  92  178 0.25
  63  106 0.41
 109  161 0.07
  43  120 0.55
 105  130 0.24
  23  114 0.57
  92  167 0.88
  84  131 0.53
  30  133 0.05
  43   57 0.15
  63   64 0.29
  66   99 0.38
  66   73 0.78
   2   77 0.09
   1   67 0.87
  96  175 0.97
  14   46 0.12
 111  171 0.00

