5 30 8
6   10  10  10   4  10  16

  16   28 0.49
  14   35 0.54
  19   45 0.21
  11   27 0.47
  13   39 0.88
   1   21 0.99
  13   13 0.15
   2   14 0.58
   5   28 0.89
  16   26 0.03
  10   39 0.64
   7   21 0.44
  14   21 0.06
  17   34 0.78
   0    1 0.99
   2   10 0.99
   9   36 0.75
  10   31 0.07
  18   33 0.22
  10   35 0.51
   0    6 0.52
  14   17 0.54
   5   36 0.65
  12   35 0.99
  11   23 0.90
  11   41 0.96
  17   32 0.52
  11   27 0.61
  12   32 0.72
  13   15 0.99

   1   31 0.12
  18   42 0.25
   0   30 0.80
  16   21 0.75
  19   49 0.11
   5   24 0.14
   7   10 0.57
  11   32 0.76
   3   33 0.49
  13   14 0.63
   1   18 0.34
   7   38 0.05
  11   37 0.14
   5   22 0.43
  11   14 0.99
   0   16 0.40
  20   33 0.03
  20   42 0.79
  19   36 0.15
  19   30 0.16
   7   15 0.89
  12   39 0.20
  18   50 0.02
  19   23 0.76
  20   49 0.08
   5   35 0.61
  15   18 0.52
  13   43 0.76
   4   25 0.22
   3   23 0.86

  20   48 0.61
  19   31 0.85
   5   30 0.59
   2   11 0.65
  18   36 0.43
  20   23 0.60
   7   12 0.13
   4   10 0.59
   6   26 0.77
  21   41 0.20
   3   10 0.48
  21   29 0.91
   1    7 0.70
   9   19 0.17
   4    8 0.40
  10   18 0.63
   7    9 0.18
  11   33 0.32
  20   33 0.08
  14   40 0.16
  17   42 0.14
  18   36 0.60
  14   42 0.69
  17   30 0.16
  13   19 0.50
  18   34 0.56
   1   17 0.80
  19   34 0.29
   7   18 0.15
  11   40 0.90

  13   13 0.56
   7   29 0.91
  17   37 0.43
  18   20 0.88
   7    8 0.44
  15   42 0.53
   7   24 0.33
  17   26 0.13
  10   41 0.76
   1   16 0.92
  14   14 0.20
  21   28 0.62
   3   17 0.54
  13   45 0.77
  20   26 0.94
  10   17 0.58
   6   14 0.72
  13   17 0.77
  12   43 0.77
   5   11 0.52
   6   17 0.47
  19   34 0.34
   5   36 0.61
  20   49 0.15
  15   25 0.90
   2   10 0.92
   6   22 0.69
   7   21 0.07
  14   34 0.71
  12   34 0.91

  17   29 0.23
   0   30 0.13
   2    6 0.85
  13   25 0.11
   6   10 0.17
   5   15 0.39
   2   32 0.04
   1    3 0.82
   1   18 0.26
  20   24 0.50
  16   17 0.41
  11   35 0.41
  20   51 0.57
  20   33 0.96
  11   34 0.49
  19   20 0.94
   9   25 0.97
   1    6 0.26
  17   46 0.08
  12   13 0.16
   5   23 0.64
   6   17 0.64
   7   15 0.25
  14   23 0.95
  14   19 0.56
   9   26 0.71
  12   14 0.72
  16   30 0.82
   0   18 0.62
  21   33 0.01

  15   45 0.55
   1   27 0.72
  10   41 0.33
  13   41 0.67
  15   41 0.30
  17   45 0.35
   3   30 0.84
   8   23 0.99
  11   23 0.09
   5   26 0.46
   5   35 0.16
   4   26 0.30
  13   26 0.07
  14   41 0.20
  13   17 0.57
   5    7 0.40
  10   14 0.88
  20   25 0.52
   5   29 0.09
   1    8 0.63
   3   35 0.94
  13   21 0.92
  16   40 0.92
  20   36 0.58
  12   44 0.52
   9   37 0.98
   1   33 0.82
   4   19 0.59
  18   42 0.91
   9   27 0.81

