4 30 4
6   10   4  20   4   4  10

  68   98 0.78
  71  116 0.34
   6   33 0.28
  71   84 0.07
   0    6 0.96
  29   31 0.39
  18   50 0.99
  53   62 0.14
  27   34 0.79
  61   65 0.19
  10   33 0.73
  44   65 0.30
  32   55 0.25
  58   98 0.20
  60   97 0.79
  18   64 0.11
  20   67 0.48
  31   48 0.72
  30   54 0.77
  18   27 0.17
   8   34 0.52
  62  103 0.13
  64   70 0.16
  32   50 0.97
   1   15 0.89
  18   20 0.60
  36   72 0.58
  37   63 0.22
   6   16 0.99
   9   38 0.55

  12   22 0.84
  56   87 0.20
   0    2 0.93
  12   24 0.22
   5   43 0.40
  45   58 0.12
  56   63 0.03
   1   38 0.84
  66  112 0.96
  43   47 0.16
  13   23 0.80
  44   51 0.49
  11   21 0.10
  65   92 0.37
  28   63 0.01
  66   84 0.91
  47   48 0.88
  41   63 0.34
  29   58 0.56
  70   71 0.90
  30   49 0.34
  16   51 0.11
  11   47 0.03
  32   42 0.97
   4   11 0.37
  44   70 0.71
  11   29 0.01
  50   59 0.15
   2   41 0.99
   7   45 0.98

   7   30 0.05
  61  101 0.93
  55   64 0.41
  68   82 0.50
  44   52 0.38
  28   63 0.16
  70   85 0.32
   8   32 0.54
  67  108 0.88
  15   26 0.49
  32   34 0.47
  35   82 0.23
  28   57 0.10
  36   77 0.03
  45   71 0.24
  31   34 0.15
  41   71 0.87
  17   21 0.38
  38   39 0.66
  16   50 0.36
  33   74 0.21
  29   34 0.22
  22   64 0.41
  14   35 0.87
  11   55 0.82
  15   26 0.74
  10   54 0.33
  71  101 0.89
   6   24 0.89
  55   97 0.42

  37   56 0.16
   0   31 0.89
  37   68 0.62
   5   30 0.97
  40   49 0.29
  13   26 0.62
  63   86 0.49
  55   98 0.36
  58   91 0.38
  39   62 0.46
  23   27 0.69
  55   68 0.67
  60   64 0.16
  54   87 0.59
   1   10 0.51
  20   36 0.89
  15   47 0.43
  24   45 0.17
  38   70 0.88
  23   47 0.71
   1   31 0.75
  57   68 0.41
  57   68 0.87
  18   40 0.44
  61   97 0.33
  51   74 0.80
  26   67 0.58
  44   47 0.07
  25   36 0.34
  41   61 0.48

  18   25 0.65
  40   86 0.24
  29   46 0.83
  23   38 0.23
  47   56 0.41
  64  102 0.93
  66   99 0.34
  59   97 0.60
  18   27 0.78
  52   79 0.45
  49   83 0.84
  10   27 0.78
  46   63 0.62
  16   49 0.70
  45   59 0.08
  69   86 0.86
  27   31 0.39
  12   34 0.31
   3   39 0.87
  67   75 0.78
  36   53 0.43
  61   67 0.98
  15   15 0.53
  59   68 0.35
  52   63 0.83
   5   32 0.75
  34   43 0.95
  17   34 0.47
  39   74 0.63
  31   73 0.58

  67  111 0.85
  33   37 0.74
  40   79 0.84
  30   42 0.55
  34   74 0.62
   3   15 0.48
  46   61 0.78
  23   64 0.67
  68  110 0.43
  71  102 0.57
   4   42 0.23
  36   63 0.52
  66  108 0.20
  57   89 0.37
   8   30 0.84
  10   11 0.14
  36   74 0.69
   6   46 0.34
  59   82 0.91
  13   47 0.24
  39   84 0.32
  71  108 0.90
   9   51 0.89
   3   23 0.21
  26   56 0.06
  30   33 0.84
  51   68 0.49
  31   44 0.12
  54   89 0.72
   7   49 0.95

