5 25 4
12   20   4   2  10   4   2   4  16   2   4  16  20

  19   35 0.12
  27   43 0.67
  22   30 0.88
   2   16 0.36
  26   48 0.78
   5   35 0.10
  12   34 0.49
  10   26 0.17
   6   21 0.17
  19   25 0.67
   7   18 0.68
  12   13 0.20
   2   10 0.91
  11   19 0.40
   0   18 0.00
  15   44 0.59
   8   14 0.99
   6    8 0.24
  15   30 0.72
  28   49 0.80
  23   46 0.39
   2   18 0.32
  11   23 0.05
  14   28 0.45
  22   51 0.38

   8   14 0.68
   7   11 0.99
  25   51 0.85
   8   32 0.70
  26   37 0.46
   9   26 0.92
  24   45 0.47
  16   35 0.55
   0   24 0.25
  13   32 0.38
  26   28 0.05
   8   25 0.39
  20   38 0.56
  27   28 0.84
  14   21 0.11
  28   52 0.06
  12   17 0.64
   4   24 0.60
  14   21 0.96
  12   41 0.28
   8   10 0.78
   3   20 0.66
  10   41 0.64
   3   20 0.75
  28   54 0.64

  17   39 0.35
  22   26 0.99
  17   30 0.06
  31   58 0.27
   9   17 0.35
  22   49 0.89
  16   41 0.10
  20   31 0.13
  30   58 0.64
   8   33 0.15
  22   24 0.95
  24   27 0.88
  27   32 0.68
  18   46 0.85
  22   51 0.05
  12   26 0.40
  26   55 0.01
  12   22 0.00
  28   50 0.37
   5    7 0.69
   6   28 0.64
  16   24 0.70
   9   39 0.46
  18   48 0.99
  21   22 0.15

   0   30 0.96
  12   31 0.44
  12   18 0.25
   0    0 0.30
  25   35 0.36
   1   18 0.68
   4   31 0.27
   5   14 0.48
  22   24 0.48
  15   39 0.20
   9   39 0.76
   0   27 0.57
   7   21 0.70
  29   60 0.89
  24   31 0.29
   6   12 0.51
  19   24 0.92
  21   47 0.14
   9   10 0.28
   2   23 0.94
  10   17 0.02
  28   35 0.19
  23   31 0.15
  20   50 0.85
  16   43 0.41

  16   46 0.23
  15   21 0.29
   6   19 0.11
   6   17 0.23
   3   29 0.94
  27   38 0.45
  17   29 0.05
  27   56 0.21
  24   26 0.38
  16   28 0.02
  16   39 0.00
  18   37 0.56
  28   56 0.66
  23   52 0.36
   3   34 0.45
  20   26 0.51
   7   26 0.07
  24   41 0.54
   8   37 0.03
  25   55 0.28
  19   26 0.39
  13   31 0.55
  21   45 0.82
  18   39 0.74
  28   50 0.80

   5   34 0.25
  25   50 0.02
  26   40 0.37
  26   35 0.83
  23   23 0.50
  19   34 0.62
  30   46 0.89
  27   29 0.89
  10   32 0.33
  19   49 0.30
   9   16 0.84
   4    7 0.89
   1    4 0.42
  17   30 0.93
  20   49 0.13
   9   10 0.78
  11   22 0.45
  11   26 0.96
  14   35 0.90
  11   22 0.78
  11   35 0.41
   3   20 0.31
   8   16 0.72
  18   39 0.23
   5   18 0.11

  24   28 0.49
   3    7 0.59
  12   21 0.77
  10   14 0.64
   3   15 0.99
  29   31 0.19
   5   20 0.81
   5   20 0.91
  22   32 0.00
  25   33 0.57
   7   34 0.32
   6   19 0.82
  16   23 0.63
  13   44 0.42
  21   45 0.60
  14   25 0.57
   4    6 0.04
  17   38 0.95
   3   22 0.95
  27   56 0.61
  12   38 0.05
   6   27 0.86
  23   33 0.40
  22   51 0.06
   8   39 0.13

   5   11 0.64
   6   27 0.98
  26   31 0.90
  28   49 0.02
   9   11 0.52
   9   30 0.62
   7   15 0.47
   8   18 0.15
  31   55 0.47
  31   59 0.10
   8   29 0.59
   9   35 0.10
  11   15 0.65
   7   36 0.71
   0   15 0.51
  17   48 0.39
  30   43 0.47
  29   50 0.87
  27   34 0.11
   3   33 0.14
  23   23 0.45
  21   45 0.66
  20   47 0.92
  18   34 0.27
  22   34 0.18

  23   23 0.24
   2   21 0.06
  27   40 0.31
   8   38 0.31
  27   46 0.33
   8   34 0.83
   0   31 0.96
  14   44 0.60
   5   25 0.45
  28   54 0.36
   6   11 0.46
  16   26 0.65
   2   14 0.58
  23   50 0.47
  17   23 0.68
   3   20 0.36
   3   28 0.94
  29   59 0.45
  31   55 0.85
  22   40 0.54
  26   49 0.16
  15   36 0.81
   3   20 0.52
   2   25 0.52
  19   33 0.55

  15   20 0.68
   3   16 0.37
  18   30 0.15
  21   49 0.74
  19   50 0.47
  21   21 0.69
  16   21 0.79
  26   29 0.45
  13   41 0.46
  21   51 0.84
  17   33 0.43
  11   32 0.36
  25   49 0.95
  10   18 0.65
   3   25 0.56
   0   30 0.16
   8   24 0.27
  26   51 0.82
  21   45 0.01
  23   41 0.43
  11   42 0.79
  11   27 0.85
   8   16 0.26
  18   42 0.06
   3   24 0.90

  28   28 0.18
  20   25 0.72
  22   45 0.79
   9   34 0.72
   4   27 0.15
  29   56 0.08
   2   33 0.00
  25   26 0.50
   9   20 0.81
  23   50 0.70
  13   39 0.85
   3   19 0.13
   4   14 0.16
  22   45 0.20
   3   23 0.46
  20   36 0.85
  19   22 0.76
  26   28 0.28
   1    9 0.97
   1   17 0.72
  31   48 0.84
  26   32 0.11
  15   27 0.69
  22   22 0.74
  16   23 0.91

  16   21 0.50
  30   61 0.55
  29   39 0.54
  13   14 0.91
   5   25 0.09
   3   20 0.76
  18   37 0.61
  25   34 0.03
  30   50 0.42
  19   38 0.93
   6   25 0.97
  11   20 0.16
   7   27 0.75
   0    0 0.02
  17   35 0.57
  13   29 0.89
  29   33 0.80
  19   30 0.05
  29   33 0.63
  23   30 0.25
   1   28 0.47
  10   21 0.65
  16   23 0.55
  13   35 0.46
  27   39 0.29

