3 20 8
12   10   2  10  10  20  16  16  10   4   4  16  20

   7    8 0.87
  21   76 0.80
   7   54 0.14
  19   65 0.60
  13   18 0.51
  26   51 0.77
  23   75 0.74
  16   34 0.44
  26   63 0.12
   5   59 0.82
   6   14 0.68
  25   51 0.17
   0   51 0.68
  11   58 0.53
  21   46 0.24
  26   54 0.82
  12   45 0.89
  19   25 0.03
  19   63 0.76
  19   53 0.23

  27   43 0.73
   8   21 0.49
  26   58 0.79
   5   28 0.12
   3   12 0.85
  25   46 0.94
  10   54 0.63
  13   38 0.91
  11   55 0.56
  15   58 0.19
  23   43 0.63
   9   16 0.51
  15   69 0.38
   9   63 0.28
  11   13 0.00
   6   33 0.37
  22   56 0.13
   8   55 0.61
   0   14 0.34
  16   33 0.68

  13   65 0.22
  11   15 0.79
  14   61 0.98
   4   14 0.88
  19   48 0.87
  13   43 0.24
  20   53 0.97
  15   53 0.10
  18   45 0.12
  15   18 0.16
   7   25 0.92
  20   60 0.22
  17   38 0.40
  12   16 0.43
  23   27 0.50
   1   15 0.21
  14   26 0.10
   9   23 0.87
  25   32 0.93
  13   29 0.02

   6    9 0.44
  22   41 0.98
  21   32 0.50
  12   54 0.96
  11   29 0.66
  27   45 0.92
   9   52 0.71
  14   26 0.81
  10   35 0.50
   0   16 0.17
  25   36 0.22
   1   13 0.89
  14   31 0.96
   8    8 0.90
   5   13 0.14
  27   82 0.14
  16   44 0.09
  23   48 0.89
  25   46 0.88
  27   68 0.90

   7    8 0.60
   1   41 0.10
  16   63 0.24
  23   55 0.68
  22   45 0.23
   9   51 0.15
   7   47 0.21
  21   34 0.32
  15   30 0.06
  22   26 0.75
  15   61 0.55
  21   35 0.22
   7   39 0.93
  17   60 0.95
   0   48 0.46
  11   42 0.20
   3   37 0.72
  15   52 0.33
   4    7 0.62
  13   50 0.62

   6   29 0.04
  17   39 0.32
   0   37 0.78
  27   53 0.30
  21   58 0.29
  26   35 0.84
  24   72 0.54
   1   26 0.49
   5   39 0.21
   8   14 0.75
  13   21 0.48
  10   57 0.01
   8   21 0.94
   6   44 0.96
  23   70 0.41
  19   61 0.36
  25   58 0.66
  15   30 0.48
   1   15 0.72
   7   47 0.83

  10   20 0.42
  23   58 0.89
   9   33 0.58
  16   41 0.86
  24   52 0.13
  23   50 0.80
  11   44 0.61
   4    4 0.00
  16   17 0.11
  26   34 0.47
  12   57 0.10
  25   68 0.26
  12   20 0.55
  15   33 0.12
  26   68 0.53
   2   38 0.13
  26   77 0.65
   8   45 0.57
   7   17 0.08
  20   62 0.20

  24   72 0.83
   0   42 0.31
   8   13 0.47
  20   53 0.79
   1   35 0.96
  13   18 0.83
  11   36 0.42
   2   39 0.73
  24   38 0.18
  19   70 0.67
  15   27 0.26
  25   31 0.40
   7   37 0.77
   8   54 0.94
   6   18 0.17
  12   62 0.42
  18   55 0.80
   4   13 0.76
  23   25 0.85
   0    6 0.98

  12   35 0.24
  11   37 0.25
  10   27 0.12
  24   61 0.92
  13   43 0.50
  11   45 0.74
  13   15 0.09
  14   14 0.45
   5   16 0.72
  14   57 0.08
  21   38 0.01
  14   19 0.91
   4   24 0.55
  24   68 0.80
   5   51 0.27
  16   40 0.84
  15   20 0.32
   6   49 0.83
   1   41 0.53
  14   61 0.37

   6   51 0.58
  21   41 0.19
  21   24 0.17
  12   42 0.53
  26   40 0.19
  14   27 0.21
  27   36 0.99
   3    6 0.78
  25   28 0.41
  20   41 0.49
  11   62 0.83
   7   46 0.72
   4   14 0.37
  27   73 0.64
  14   27 0.85
   8   47 0.52
  17   54 0.41
   8   17 0.20
   1   13 0.52
   6   20 0.58

  22   53 0.71
   9   60 0.33
   3   22 0.85
  25   32 0.70
  25   27 0.70
  19   33 0.03
   0   37 0.77
   8   48 0.68
  16   45 0.90
   9   45 0.71
  16   51 0.28
   0   25 0.91
  11   64 0.10
  27   31 0.30
  20   32 0.91
  16   46 0.68
   3   22 0.64
  20   62 0.99
  16   38 0.03
  18   50 0.86

   2    9 0.76
  20   57 0.84
   1   39 0.67
  13   36 0.32
  25   45 0.64
  25   63 0.51
   7   54 0.20
  17   35 0.06
  13   48 0.48
  26   62 0.70
  26   60 0.35
  19   27 0.40
   9   36 0.65
  24   28 0.61
   4   10 0.40
  11   43 0.38
  15   37 0.95
  25   55 0.23
   7   50 0.33
  26   29 0.71

