4 40 8
6    2   2  10  20   2  16

   9   47 0.28
   0   35 0.21
   8   36 0.07
   1   24 0.42
   7   41 0.73
   1   10 0.97
   2    2 0.66
  12   45 0.66
   5   28 0.44
   3   49 0.29
   5   39 0.22
   7   30 0.03
   9   16 0.27
  14   41 0.94
  14   49 0.32
   7   44 0.74
   8   28 0.30
  13   56 0.04
  11   25 0.68
  13   53 0.44
   1    1 0.12
  12   39 0.37
   2   37 0.64
   1   15 0.87
  11   18 0.50
   5   37 0.36
  12   44 0.28
  11   21 0.14
   0   10 0.98
   7   31 0.07
   7   24 0.95
   2    8 0.58
   9   39 0.75
   9   30 0.09
  12   22 0.73
   9   38 0.64
  10   15 0.78
  14   36 0.16
  13   47 0.59
   7   32 0.04

   0   43 0.03
   9   17 0.45
   2    4 0.40
   5   47 0.33
  10   46 0.84
   3   32 0.59
   5   36 0.74
  14   37 0.30
   5   41 0.09
  11   38 0.65
  12   49 0.09
   2   11 0.12
  12   26 0.29
  14   54 0.19
   7   28 0.70
  12   33 0.06
  15   17 0.12
   7   26 0.28
  10   26 0.03
   6   31 0.58
   2   35 0.18
   9   30 0.30
  12   48 0.37
   9   52 0.17
   9   12 0.91
  11   20 0.49
   0   39 0.54
   9   23 0.21
   1   13 0.11
   4   13 0.21
   3    5 0.05
   0    5 0.56
   2   44 0.36
   7   18 0.54
   6    6 0.35
  10   22 0.76
   4   23 0.27
   0   43 0.01
  14   53 0.87
   1   21 0.09

  14   27 0.96
  15   56 0.01
  10   48 0.40
  11   26 0.75
   6   51 0.97
   5   27 0.50
   3    3 0.90
   1   45 0.38
   5   41 0.20
  14   24 0.61
  10   35 0.23
   2   38 0.82
  10   33 0.63
  14   23 0.76
  14   45 0.39
   7   28 0.15
   2   16 0.56
  15   22 0.52
  12   23 0.94
   8   55 0.00
   5   21 0.89
  10   18 0.29
  12   20 0.16
   0   45 0.42
   3   16 0.61
   5   18 0.20
   9   27 0.74
  12   49 0.72
   0   13 0.44
  12   55 0.39
   0   35 0.51
  10   45 0.40
  13   52 0.88
   2   15 0.69
  11   22 0.70
  15   49 0.73
   8   12 0.86
  10   22 0.68
  15   29 0.07
   9   36 0.23

   6   44 0.19
   1   30 0.55
   5    8 0.07
   8   10 0.92
   0   35 0.58
  15   27 0.67
   5   47 0.36
   7   22 0.85
  11   34 0.09
  14   37 0.50
   9   39 0.96
  15   41 0.86
  12   21 0.62
  10   55 0.54
   0   12 0.89
  14   23 0.90
  11   39 0.17
  10   33 0.60
   1   35 0.30
   4   50 0.92
   5   46 0.63
  15   21 0.29
   3   30 0.28
  14   26 0.91
   8   35 0.34
  11   42 0.76
   9   19 0.71
   7   33 0.34
  10   22 0.02
   3   39 0.40
   3   41 0.62
  12   39 0.51
  10   41 0.78
   8   28 0.55
   1    7 0.40
  15   59 0.54
  11   41 0.31
   2   39 0.63
  10   55 0.17
  15   61 0.71

  14   35 0.80
  15   31 0.28
  14   38 0.01
   6   12 0.59
  14   60 0.64
  11   57 0.23
   8   14 0.68
   3    5 0.43
   1   31 0.32
   0   33 0.41
   8   31 0.34
   9   55 0.70
  13   29 0.17
   0   20 0.00
  15   23 0.59
   8   48 0.14
   8    9 0.40
   1   39 0.82
  11   40 0.46
  10   41 0.85
   4   33 0.95
   9   29 0.74
   5   21 0.02
   1    4 0.17
   9   33 0.55
  11   34 0.88
   9   19 0.06
   0   40 0.32
   5   36 0.91
   0   46 0.23
   4   21 0.13
   7   35 0.92
   1   33 0.53
   9   21 0.57
   4   21 0.12
   4   47 0.59
   5   44 0.94
   5    8 0.57
  11   41 0.44
   6   37 0.54

  14   26 0.98
  14   32 0.52
   5   45 0.54
   3   32 0.28
  14   56 0.48
   9   38 0.47
  13   29 0.06
  13   27 0.01
   5    5 0.72
  14   42 0.03
  10   21 0.68
   1   43 0.47
  13   43 0.19
   5   11 0.79
  15   19 0.96
   1   12 0.64
  11   19 0.00
   2   15 0.02
   2   10 0.88
   2    2 0.84
   4   19 0.80
   2   31 0.11
  12   56 0.77
   9   25 0.50
  13   14 0.38
   6   23 0.61
   1    2 0.34
   1   18 0.54
   7   21 0.95
   0   22 0.18
   2   14 0.25
   0   41 0.56
  10   39 0.24
  12   16 0.36
   1   32 0.56
  12   32 0.59
   1   47 0.06
   1   25 0.34
   4   48 0.77
   8   14 0.23

