3 20 4
12   16   2   2  10  10  16  10   4  10  16  10   2

  62   96 0.63
  62   87 0.21
 109  156 0.12
  98  121 0.42
  75   81 0.76
   6   21 0.53
  77   86 0.65
  61  107 0.49
  37  113 0.92
  44   78 0.29
 116  139 0.14
  18   18 0.19
 106  120 0.82
  81  106 0.14
 132  153 0.35
  55  114 0.48
 121  178 0.80
  46  113 0.22
  17   99 0.29
  66   96 0.93

  69   84 0.55
  55  112 0.31
  11   91 0.74
  89  120 0.49
  94  101 0.11
 122  161 0.49
 115  191 0.39
  14   54 0.57
 123  145 0.90
  15   65 0.36
 118  152 0.48
  75  117 0.76
 110  119 0.38
   7   52 0.46
 124  135 0.45
  96  158 0.62
 131  134 0.89
  24  100 0.13
  93  102 0.35
  38   54 0.90

  33   38 0.00
  83  146 0.52
  81   90 0.53
  78  159 0.07
  55  128 0.35
   5   11 0.79
  16   99 0.68
  60  130 0.57
  88  105 0.70
  48  118 0.40
  88  154 0.67
  35   75 0.35
 119  132 0.52
  47   60 0.36
   1   29 0.19
 117  163 0.87
  19   43 0.30
   2   69 0.17
  20   51 0.03
  81  101 0.05

  75  104 0.87
 105  184 0.53
  23  100 0.99
  99  149 0.69
  45   95 0.38
  84   95 0.55
 112  186 0.95
  99  164 0.56
  21   69 0.85
  74   86 0.05
  44  126 0.29
  18   72 0.32
  53  123 0.36
 123  201 0.79
  91  128 0.83
  35   70 0.38
  27   61 0.65
 118  165 0.54
  50  117 0.03
  28  115 0.40

  65  123 0.06
  41   47 0.51
  36   58 0.35
  92  110 0.64
   3    7 0.22
 120  195 0.37
  82   91 0.49
  15   17 0.07
 120  169 0.72
 114  166 0.96
 105  162 0.93
   7   34 0.29
  18   32 0.21
  14   45 0.08
  28  108 0.80
 102  140 0.21
  47   55 0.07
  44  113 0.02
 126  196 0.58
  35   81 0.28

  39  112 0.02
  93  136 0.25
 112  114 0.60
 106  160 0.84
 106  195 0.02
  24   35 0.64
  68   76 0.56
  86  175 0.98
  98  183 0.94
  98   98 0.74
  10   39 0.32
  70   76 0.22
  87  115 0.60
 133  148 0.26
  63  152 0.19
 107  174 0.54
  13   96 0.36
 107  174 0.85
  93   97 0.42
  75  140 0.96

  24   84 0.85
  47  131 0.41
  89  108 0.42
  79  106 0.02
  73  140 0.30
   2   88 0.80
 115  178 0.71
 129  209 0.88
  31   40 0.82
 117  185 0.68
  21   41 0.17
  10   31 0.55
  31   98 0.47
  80  134 0.16
  62   63 0.46
   1   12 0.44
 116  167 0.60
  88   92 0.63
  70   81 0.19
 104  150 0.09

  80  124 0.73
  19   20 0.60
  87  123 0.54
  19   40 0.60
 111  182 0.90
 104  105 0.98
 106  175 0.72
 130  189 0.54
  79  137 0.03
   4   35 0.49
  31   37 0.90
  41  111 0.66
 104  154 0.38
  44  127 0.41
  35   75 0.46
 101  142 0.66
  86   93 0.49
  30  113 0.61
 120  153 0.96
  76   99 0.86

   6    7 0.78
  73  136 0.43
  18   49 0.22
  93  156 0.55
  10   32 0.29
 124  181 0.39
  90   91 0.51
 109  149 0.06
  78  100 0.54
  93  151 0.33
  30   53 0.86
 118  159 0.05
 131  212 0.58
  80  132 0.79
  66  107 0.55
  14   88 0.24
  23   30 0.10
  41  108 0.35
 109  192 0.06
  96  157 0.16

 109  124 0.01
  28   76 0.80
  77  150 0.03
 132  206 0.53
  72  153 0.18
  80  107 0.51
   6   36 0.97
 117  143 0.43
  29  103 0.55
  33  121 0.28
   0   71 0.58
  53   75 0.83
 106  172 0.36
  50   98 0.07
  21  101 0.51
  87  167 0.53
  17   33 0.95
  68   80 0.37
  31   51 0.21
 120  156 0.48

  14   70 0.46
  16   20 0.62
 115  126 0.23
  66   97 0.92
  62  149 0.10
   5   18 0.16
 113  179 0.89
  29   87 0.52
  10   47 0.83
  11   30 0.36
  17   85 0.28
  85  103 0.73
  19   26 0.44
 118  148 0.47
  69   69 0.60
  62  128 0.17
  89  112 0.33
  11   13 0.24
  76   96 0.11
  60  111 0.92

  76  145 0.59
  49   59 0.41
   5   79 0.06
  58  128 0.43
  91  143 0.79
   3   51 0.75
  16   81 0.73
 113  148 0.82
  86   87 0.93
  80   80 0.67
  16   76 0.10
   3    9 0.44
 112  134 0.22
  19   31 0.65
  23   44 0.99
  44   64 0.84
  20   34 0.24
 107  135 0.71
  11   73 0.97
  24   27 0.31

