5 50 8
6   10   2  10  16   4  10

  23   59 0.18
  11   45 0.94
  28   63 0.15
  28   45 0.54
  19   62 0.73
  22   43 0.71
  24   66 0.73
  30   46 0.34
  28   53 0.22
   7   27 0.48
  23   53 0.14
   0   23 0.55
  28   40 0.97
   4   35 0.14
  13   45 0.18
  23   32 0.89
  31   70 0.64
   9   48 0.56
  14   38 0.79
   1   10 0.72
  25   32 0.33
  30   43 0.54
  21   40 0.78
   4   30 0.38
  24   63 0.13
  26   73 0.81
  18   50 0.63
   6   12 0.99
  11   34 0.94
  29   29 0.66
  25   31 0.37
  12   24 0.28
  18   58 0.51
   8   31 0.56
   8   48 0.01
  23   70 0.81
   7   51 0.96
   0   10 0.88
  24   52 0.50
  28   40 0.91
  13   41 0.24
   3   30 0.79
   7   31 0.50
   4   47 0.81
  23   32 0.38
  10   45 0.95
   4   34 0.83
   4   13 0.21
  27   34 0.24
   0   46 0.23

  27   69 0.00
  29   34 0.94
  24   63 0.51
   1   23 0.13
   3   45 0.85
  23   64 0.63
   5   42 0.94
  23   58 0.92
   6   35 0.40
  25   35 0.47
  28   62 0.61
  18   37 0.81
  17   32 0.90
  13   32 0.51
   6   24 0.04
   7   29 0.52
  28   64 0.02
  18   32 0.72
   7   48 0.36
  11   39 0.51
  27   63 0.53
   2   38 0.18
  12   14 0.05
  15   17 0.52
   5   12 0.70
   5   27 0.92
  20   52 0.06
  30   40 0.93
   3    4 0.62
  21   65 0.57
  29   54 0.13
  21   31 0.68
  29   76 0.55
  21   67 0.54
  15   47 0.02
   2   42 0.31
   1   19 0.45
  12   12 0.30
  13   31 0.77
   1    4 0.92
  21   49 0.02
   7   41 0.79
  27   62 0.35
  19   55 0.52
  30   71 0.03
  13   37 0.50
  10   52 0.90
   0   38 0.69
  17   17 0.18
   4   43 0.77

  11   54 0.24
  15   35 0.01
  25   35 0.69
   5   37 0.46
  19   39 0.50
   3   20 0.34
   9   28 0.39
  28   45 0.59
  11   37 0.67
  25   37 0.79
   4   35 0.82
   4   13 0.05
  26   63 0.23
   0   21 0.85
  11   58 0.45
   0   12 0.22
  22   31 0.01
  24   50 0.62
   6   26 0.23
  28   36 0.62
   8   31 0.08
  14   53 0.09
  21   40 0.24
   5   11 0.64
  31   66 0.86
  23   68 0.55
  25   67 0.19
   7   10 0.72
  24   64 0.17
  11   12 0.72
  30   32 0.48
   6    6 0.77
  11   52 0.64
   4   27 0.09
  11   50 0.35
   0    9 0.21
  24   33 0.65
  23   55 0.45
  12   16 0.17
   1   20 0.20
  19   49 0.03
  19   36 0.34
  31   49 0.09
   6   15 0.80
  13   31 0.74
  25   62 0.21
  29   47 0.70
  23   46 0.56
   5   48 0.76
  27   65 0.65

  11   20 0.31
  31   39 0.24
  14   25 0.22
  23   46 0.24
   0   44 0.87
  14   42 0.02
   1   27 0.00
  21   57 0.71
  25   37 0.35
  17   62 0.07
   6    8 0.82
   0   45 0.55
  27   63 0.89
  16   52 0.15
  30   58 0.72
   2    2 0.88
   8   41 0.06
   8   30 0.29
  20   46 0.15
   4   10 0.61
   5    7 0.63
  11   31 0.65
   5   42 0.65
   4   37 0.05
  10   43 0.32
  21   24 0.80
  13   21 0.37
  24   59 0.09
  11   11 0.25
  17   57 0.81
  19   32 0.27
   2   36 0.01
   6   29 0.64
  12   52 0.61
  23   30 0.79
  21   47 0.04
  14   27 0.31
  23   53 0.84
  25   72 0.64
   7    9 0.82
  22   60 0.62
   3   32 0.89
  13   16 0.03
  23   58 0.25
   1   30 0.04
  25   65 0.29
  30   58 0.32
   2    8 0.12
   8   26 0.52
  24   71 0.39

  31   78 0.57
   0   13 0.75
  13   18 0.06
  18   47 0.87
  25   32 0.13
   5   24 0.12
  31   34 0.18
   9   56 0.11
  17   18 0.51
  21   60 0.67
  14   15 0.06
   7   29 0.81
  25   33 0.26
   7   46 0.68
  17   57 0.31
  27   27 0.63
  26   60 0.31
  30   39 0.69
  21   53 0.67
  27   30 0.99
  31   42 0.42
   4   35 0.11
   9    9 0.93
  22   33 0.63
   5    6 0.26
   8   19 0.46
   7   11 0.26
  25   63 0.17
   1    1 0.72
  26   58 0.03
   4    4 0.86
   6   19 0.63
  17   48 0.69
   5   48 0.34
  26   31 0.01
  16   53 0.37
   7   18 0.78
  12   44 0.07
  21   39 0.52
  26   47 0.26
  19   21 0.65
   8   49 0.37
  29   42 0.47
  16   42 0.36
  15   50 0.57
   1   45 0.69
   4   22 0.92
   6   15 0.94
  16   53 0.86
  11   23 0.60

  15   43 0.35
  16   20 0.28
  11   16 0.38
   4   39 0.11
   9   43 0.36
   2    2 0.89
   5   41 0.86
  12   25 0.35
   5   40 0.47
   9   14 0.72
   0   33 0.28
   3   26 0.13
  19   40 0.46
  10   17 0.88
   2   37 0.21
   9   34 0.70
   7   50 0.09
  26   30 0.29
   7   16 0.70
  19   36 0.83
   5   26 0.33
  30   44 0.53
   9   47 0.64
   9   10 0.43
  17   46 0.37
   5   32 0.53
  13   36 0.73
   8   51 0.73
  21   52 0.86
   2   44 0.04
  17   25 0.41
  21   64 0.04
  19   28 0.76
  14   38 0.49
  21   59 0.28
  31   36 0.76
  14   33 0.82
  30   65 0.35
   7   29 0.06
  25   25 0.59
  19   36 0.62
   1   46 0.50
  19   57 0.09
  22   57 0.28
  13   36 0.12
  29   66 0.52
   9   43 0.08
   6   20 0.72
   9   54 0.49
  11   13 0.69

