5 30 8
6    4  10  10  16  16   2

   1   24 0.39
   9   13 0.21
  13   44 0.07
   2   21 0.61
  18   41 0.70
   4   24 0.71
   9   37 0.15
  14   17 0.99
  20   20 0.48
   9   34 0.88
  14   21 0.05
   0   11 0.55
  13   40 0.28
   4    5 0.57
  14   32 0.78
  16   23 0.04
   8   33 0.34
  18   26 0.92
  17   26 0.21
  17   31 0.75
  16   25 0.05
   5    7 0.71
  19   32 0.26
   0   29 0.67
   6   27 0.08
   5   14 0.33
   2   21 0.57
  19   25 0.96
   1    3 0.39
  16   25 0.01

   0   28 0.00
   3   27 0.37
   7   15 0.99
   8   17 0.61
   3   25 0.77
  13   28 0.78
   9   24 0.35
  10   38 0.07
  13   33 0.39
   1   32 0.14
   9   20 0.57
   1   10 0.25
  14   24 0.11
   3   32 0.58
  19   44 0.65
   3   26 0.10
  14   26 0.66
  11   25 0.39
   9   36 0.35
   5   33 0.15
  14   21 0.98
  15   34 0.24
   8   24 0.08
  13   20 0.48
  12   12 0.85
  17   37 0.15
   9   33 0.77
  20   31 0.49
  19   30 0.64
  17   28 0.97

   6   13 0.48
   1   15 0.59
   6   21 0.53
  16   36 0.84
  20   28 0.00
  14   33 0.02
  15   40 0.50
  15   34 0.93
  17   37 0.05
  15   19 0.55
  11   42 0.46
  19   25 0.81
  17   36 0.93
  14   17 0.50
  12   34 0.05
  18   30 0.68
   1   19 0.23
   3   21 0.71
   8   30 0.54
  17   38 0.28
   6   12 0.39
  15   16 0.93
  18   31 0.53
  15   27 0.39
   3    4 0.55
  18   41 0.94
  13   14 0.02
   4    5 0.47
   0   18 0.35
   0    4 0.56

   3   13 0.05
   8   35 0.13
  13   16 0.83
   0    5 0.72
  15   30 0.34
   7   36 0.57
   5   18 0.95
   4   29 0.70
  10   10 0.15
  19   42 0.45
  10   40 0.28
   5    8 0.32
   7   27 0.63
   6   22 0.29
   4   18 0.45
   0    0 0.31
   5   10 0.25
   5   23 0.49
   9   39 0.53
  20   31 0.82
   1   10 0.50
   0   22 0.47
  10   29 0.07
  13   26 0.76
  19   37 0.04
   1   17 0.15
   7   25 0.43
  11   22 0.21
  20   28 0.08
  15   44 0.32

   2   31 0.55
   1   11 0.96
  17   23 0.58
  12   24 0.85
  19   32 0.93
   8   13 0.32
  16   35 0.71
  14   24 0.80
   0   16 0.55
  15   34 0.71
  14   16 0.54
  10   28 0.22
   3    8 0.11
  16   33 0.51
   7   19 0.57
   5   25 0.20
   8   30 0.49
  18   41 0.47
   4   16 0.94
  20   25 0.49
   6   28 0.69
  19   44 0.84
  11   39 0.70
  14   21 0.41
   9   36 0.54
   5   32 0.89
   5   20 0.30
   8   33 0.36
  18   47 0.63
  19   45 0.72

  14   28 0.77
   0    0 0.65
   2   18 0.68
  11   34 0.51
   8   31 0.61
  11   34 0.04
   4   35 0.25
   8   15 0.58
  13   32 0.36
  10   31 0.54
   5   15 0.65
   0   25 0.22
   2   25 0.40
   8   38 0.37
  18   19 0.30
  12   19 0.18
   2   32 0.42
   8   20 0.61
  17   19 0.88
   1    1 0.23
   4    9 0.28
  13   43 0.73
   5   21 0.84
  11   31 0.13
  19   27 0.38
  11   11 0.56
  12   32 0.69
   0    0 0.08
   6   33 0.31
   2   31 0.42

