3 25 8
12   10  16   2  16   2  10  20  20  16  16   4  10

   9   42 0.28
  69   90 0.08
  19   30 0.38
  60   60 0.91
  42  114 0.39
  13   21 0.31
  38   98 0.93
  67   71 0.15
  37   53 0.87
  12   78 0.70
  22   91 0.05
  15   36 0.27
  42   52 0.84
  38   97 0.14
  19   44 0.22
  29   37 0.70
  40   40 0.66
  46  110 0.47
  34   37 0.78
  19   63 0.60
   8   63 0.93
  34   77 0.56
  55   57 0.83
  44   46 0.26
  56  101 0.99

  25   48 0.43
  41   59 0.37
  18   27 0.15
  58   90 0.67
  29   61 0.44
  72   87 0.22
  33   85 0.81
   8   35 0.42
  13   41 0.80
  20   75 0.39
   6   54 0.97
  67   68 0.67
  11   42 0.20
   8   74 0.68
  17   25 0.60
  48   59 0.43
  57  120 0.64
  45  100 0.89
  68  115 0.18
  72   98 0.53
  51   62 0.41
  49   60 0.22
  72   91 0.31
  45   91 0.75
  25   87 0.93

  46   83 0.48
  28   51 0.20
  20   63 0.26
  29   41 0.94
   7   62 0.25
  46   82 0.40
  51  120 0.22
  67  128 0.48
  11   82 0.66
  60   97 0.96
  51   52 0.17
  32   37 0.11
  72  114 0.43
  11   40 0.43
  37   37 0.37
  50   98 0.33
  70  129 0.44
  26   48 0.33
  46   70 0.28
  62  119 0.76
   4   69 0.54
  31   31 0.01
  33   59 0.59
  20   47 0.19
  26   87 0.88

  23   40 0.26
  61  133 0.74
  18   46 0.06
  48  105 0.59
   9   27 0.80
  40   95 0.61
  67  101 0.79
  56  115 0.34
  62   85 0.86
  24   48 0.79
  40   88 0.71
  40  102 0.94
  49  100 0.54
  50   87 0.25
   2   59 0.56
  43   57 0.66
  68  131 0.72
  18   85 0.26
  27   77 0.36
  40   96 0.06
  32   59 0.16
  33   38 0.41
  37   61 0.18
  22   56 0.50
  58   82 0.59

  65  105 0.56
  31   50 0.48
   0   72 0.48
  59   61 0.27
  65  114 0.87
  62   89 0.26
   9   64 0.94
  71   78 0.93
   3   23 0.24
  16   64 0.97
   7   13 0.14
   8   66 0.83
  20   55 0.77
  57   74 0.10
  21   77 0.66
  19   42 0.23
   0   53 0.89
   0   14 0.92
  58  108 0.32
  13   79 0.34
  47   87 0.67
  72   92 0.91
  49   99 0.40
  67   86 0.08
  35   65 0.20

  48  114 0.83
   3   21 0.15
  57   96 0.32
  22   43 0.66
  35   49 0.25
  59  116 0.85
   5   70 0.79
  44  101 0.89
  22   86 0.96
  55  121 0.95
  23   85 0.47
  27   65 0.29
  49   61 0.43
  37   39 0.27
  29   60 0.73
  22   34 0.21
  39  109 0.17
  69  123 0.79
   6   41 0.05
  50   84 0.27
  68  127 0.85
  47   60 0.30
   6   59 0.37
  30   52 0.27
  26   70 0.76

  41   70 0.49
  63  128 0.99
  47   78 0.64
  39   91 0.08
  67   68 0.57
  65   97 0.09
  16   43 0.73
  51  122 0.63
  36   85 0.18
  67  106 0.79
  18   77 0.45
  63  111 0.03
  34   49 0.32
  68  130 0.06
  70  141 0.98
  56   67 0.67
  51   71 0.13
   6   23 0.91
  69  109 0.79
  24   79 0.90
  45   80 0.66
  13   68 0.20
  53  111 0.52
  10   64 0.87
  34   36 0.89

  12   49 0.63
   4   32 0.37
  15   70 0.77
   8   71 0.47
  46  110 0.77
  53  101 0.02
  64  133 0.28
  64  136 0.05
  58   91 0.61
  57   72 0.17
  27   47 0.32
  72   79 0.13
  22   35 0.85
  26   81 0.20
  25   66 0.68
   1    4 0.71
  40   94 0.73
  35   47 0.29
  58   88 0.70
  18   40 0.77
  66  122 0.54
  52   77 0.96
  29   88 0.18
   4   15 0.34
  57   82 0.21

  14   72 0.81
  18   82 0.92
  39   48 0.93
  28   75 0.36
  12   70 0.73
  26   93 0.06
  70  135 0.26
  23   90 0.67
  15   81 0.53
  54  103 0.82
  38   41 0.29
  32   97 0.63
   7   35 0.88
  31   31 0.63
  70  123 0.42
  61   68 0.24
  69  141 0.81
  47   59 0.14
  49   58 0.32
  60  104 0.90
  65   96 0.70
  12   81 0.11
   1   21 0.45
  54   94 0.18
  45   92 0.91

  70   85 0.78
  29   78 0.94
  41   68 0.84
  44   92 0.26
   8   56 0.28
  49   74 0.04
  27   59 0.47
   8   70 0.65
  23   36 0.01
  72  144 0.06
  40   67 0.59
  57   57 0.45
  49   58 0.59
  41  104 0.48
  28   88 0.83
  32   61 0.06
  65   85 0.35
  44   47 0.47
  40   75 0.60
  27   84 0.39
  57   64 0.18
  53  111 0.07
  58   75 0.48
  37   67 0.64
  71  116 0.43

   9   14 0.98
  47   55 0.51
  72   74 0.34
  29   84 0.16
  69  116 0.89
  10   52 0.74
  55   80 0.22
  43   91 0.74
  46   65 0.56
  27   68 0.29
   3   56 0.72
  47   83 0.54
  35   68 0.09
  35   66 0.11
  40   73 0.17
   7   43 0.36
  58   92 0.42
  43  107 0.71
  29   40 0.95
  49   73 0.14
   5   28 0.92
  13   50 0.34
  47   62 0.49
   4   20 0.00
   7   14 0.07

  17   55 0.34
  67   80 0.35
  60  121 0.73
  56   72 0.59
   1   56 0.50
  21   86 0.59
   1   12 0.71
  71   99 0.90
  37   78 0.00
  43   55 0.60
   9   48 0.54
  15   39 0.27
  67  137 0.29
  33   61 0.66
  67   98 0.07
  68   83 0.27
  47   97 0.59
  61   89 0.55
   7   73 0.35
  72  100 0.50
  56   61 0.08
  24   28 0.72
   8   73 0.50
  59  119 0.93
  57   77 0.23

