3 30 8
6    4   4  10   4  16   2

   4    4 0.42
  10   24 0.12
  22   35 0.84
  18   36 0.08
   6   13 0.06
  11   35 0.86
  19   39 0.36
   6    7 0.56
   7   20 0.01
  13   21 0.61
  21   29 0.35
  22   43 0.40
  13   15 0.37
  17   41 0.82
   7   19 0.35
   7   23 0.74
  22   39 0.06
   7   29 0.74
  22   44 0.11
  14   34 0.82
  14   19 0.20
   6    7 0.98
  19   30 0.46
   4   25 0.51
   2    7 0.55
  11   22 0.85
   4   14 0.50
   9   11 0.98
  20   42 0.83
   7   14 0.49

   0    7 0.15
   5   22 0.51
   5    5 0.45
   5   23 0.45
  18   29 0.48
  23   23 0.15
  24   27 0.36
   9   33 0.22
   1   13 0.68
  19   41 0.17
  15   30 0.51
   5   19 0.64
   9   29 0.29
  14   20 0.92
  22   36 0.58
  17   28 0.98
  18   29 0.22
   8   28 0.65
   5   24 0.80
  22   43 0.53
  24   41 0.58
  22   42 0.89
  12   14 0.36
  24   27 0.29
  10   15 0.92
  15   15 0.65
  11   19 0.32
  20   43 0.25
   4   26 0.92
   7   27 0.53

   4   20 0.02
   2   14 0.13
  16   30 0.18
   0   21 0.70
   8   11 0.75
  24   25 0.64
   2   20 0.70
  13   30 0.12
  18   22 0.33
  10   31 0.95
   0   15 0.33
  12   14 0.79
  22   24 0.11
  17   39 0.15
  22   25 0.78
  15   23 0.56
  12   21 0.17
  16   24 0.82
  12   24 0.11
   8   32 0.58
  12   34 0.69
   8    8 0.78
   4   19 0.93
  10   31 0.58
  19   21 0.40
  18   33 0.22
   5   29 0.30
   5   15 0.68
  11   32 0.22
  22   23 0.89

   0   21 0.18
  10   26 0.40
  23   23 0.78
  22   42 0.75
  14   31 0.48
  16   16 0.72
   3    5 0.46
  20   36 0.41
   3   15 0.78
  14   25 0.26
   8   13 0.77
   5   22 0.25
   6   24 0.50
  15   28 0.89
  16   25 0.02
   6   28 0.26
   2   15 0.75
  18   29 0.31
  20   29 0.68
  24   32 0.10
   8   16 0.91
   4   12 0.31
   5   10 0.75
   5   15 0.73
  16   20 0.55
  20   21 0.00
  19   36 0.74
   3   20 0.88
  18   20 0.28
   4   27 0.04

  20   25 0.82
   5   25 0.22
  18   42 0.12
  14   23 0.62
   7    7 0.83
  10   29 0.57
   6   26 0.24
  22   40 0.81
  24   34 0.76
  16   31 0.85
  14   25 0.79
  22   44 0.27
  20   39 0.08
  22   22 0.17
  10   17 0.03
   5   25 0.93
   3   22 0.46
   7   10 0.74
  16   35 0.63
  18   40 0.95
   9   20 0.29
  13   22 0.80
  16   32 0.50
   0   13 0.86
   0   14 0.69
  10   29 0.99
  17   23 0.58
  24   25 0.45
  15   35 0.40
  23   38 0.59

  18   37 0.87
   7   25 0.81
  20   39 0.41
  20   38 0.39
   9   31 0.41
   3   18 0.37
  10   22 0.73
   3   23 0.66
   2    7 0.67
  24   40 0.49
  16   37 0.27
   6   24 0.38
   4   13 0.66
  11   31 0.29
   4   14 0.86
   0   23 0.61
  16   17 0.74
   2    4 0.93
  14   17 0.77
   5   16 0.78
   6   22 0.67
   1    4 0.34
   9   25 0.70
  13   37 0.42
   8   20 0.71
  15   19 0.92
   6   20 0.30
  16   31 0.83
   7    9 0.70
   3   13 0.59

