4 25 8
12   16  10  10   2  16  20   4   4  16  16   2   2

  35   36 0.94
  42   92 0.69
  22   33 0.79
   9   75 0.37
  13   66 0.98
  45   65 0.81
  32   71 0.82
  36   65 0.26
  20   53 0.47
  23   38 0.37
  38   80 0.45
  35   83 0.18
  16   23 0.72
   7   35 0.37
   5   59 0.49
  36   61 0.00
   8   68 0.01
  44   51 0.61
  44   78 0.45
   6   47 0.55
  16   55 0.22
  42   99 0.74
  29   96 0.35
  10   54 0.90
  26   58 0.73

  41   55 0.53
  33   92 0.73
  18   39 0.05
  27   31 0.07
  39   78 0.42
  16   38 0.36
  12   43 0.92
   4   22 0.91
   2   37 0.64
  22   53 0.53
  28   86 0.30
  11   20 0.05
  15   52 0.19
   0   18 0.55
  33   60 0.67
   9   39 0.72
   5   32 0.22
  19   75 0.52
  15   37 0.93
   0   17 0.66
  24   26 0.18
  38   90 0.24
  41   79 0.83
  40   85 0.63
  37   70 0.55

  12   64 0.23
  23   65 0.96
   5   20 0.21
  19   67 0.06
  25   30 0.25
  28   39 0.99
   4   63 0.06
  36   80 0.56
  21   42 0.51
  31   76 0.07
   4   14 0.19
   3   51 0.01
   9   72 0.35
  26   33 0.34
  22   74 0.96
  17   61 0.23
  38  100 0.16
  30   38 0.81
  40   80 0.05
  21   70 0.08
  12   19 0.72
  17   37 0.14
  39   98 0.87
   1   48 0.25
  38   97 0.39

  39   61 0.44
   8   16 0.02
  34   72 0.85
  25   32 0.33
  17   83 0.94
  43   71 0.30
  14   22 0.66
  22   48 0.25
  27   69 0.11
   6   45 0.63
  29   88 0.71
   2   31 0.95
  35   83 0.34
  34   63 0.07
  40   87 0.01
  39   63 0.43
   0   32 0.30
  36  104 0.69
  41  105 0.66
  13   46 0.48
  38   74 0.39
  31   36 0.91
  13   47 0.35
  36   69 0.28
  29   84 0.50

  20   85 0.72
  22   71 0.93
  12   24 0.17
   1   68 0.06
  23   59 0.78
   6   58 0.23
   7   30 0.08
  37   57 0.63
  38   46 0.21
  25   63 0.38
  22   74 0.59
   9   53 0.44
   5   48 0.07
  11   21 0.33
  31   91 0.08
  16   20 0.32
  13   78 0.58
  29   91 0.31
  31   36 0.04
  27   83 0.13
   7   41 0.02
  35  100 0.02
  29   86 0.71
  44   79 0.52
  17   61 0.14

  45  103 0.09
  18   26 0.50
  20   22 0.15
  33   76 0.36
  28   86 0.56
  43   52 0.77
  35   48 0.73
  33   71 0.21
   3   46 0.62
   9   32 0.89
  26   73 0.42
   0   33 0.49
  44   66 0.60
  19   83 0.27
  30   42 0.83
  20   28 0.30
  17   76 0.24
  26   58 0.31
  26   36 0.01
  41   83 0.81
  27   64 0.61
  14   66 0.25
  18   75 0.31
   0   51 0.54
   4   46 0.66

  20   76 0.90
  42   77 0.85
  15   42 0.45
  20   29 0.33
  24   58 0.13
  29   83 0.94
  38   85 0.81
  25   64 0.85
  34   41 0.26
   6   47 0.91
  40  104 0.13
  34   92 0.73
  27   36 0.47
   3   33 0.58
   7   35 0.33
  42   44 0.54
  12   25 0.98
   4   32 0.80
  12   39 0.27
  32   88 0.43
   3   47 0.58
  45  100 0.78
  36   78 0.09
  13   57 0.40
   3   44 0.57

  28   75 0.56
  38  103 0.28
  33   99 0.22
  39   41 0.90
   4   44 0.88
  31   50 0.01
   1    5 0.09
  40   44 0.31
  17   71 0.50
   6   41 0.68
  17   40 0.02
  44   77 0.78
   3   16 0.85
   1   12 0.67
  19   42 0.66
  38   47 0.72
  32   69 0.53
   3   28 0.28
  36   92 0.75
  18   27 0.81
  43  108 0.21
  18   65 0.94
   0   48 0.90
   1    9 0.94
   9   52 0.35

  31   45 0.56
   5   37 0.81
   8   47 0.55
  35   44 0.93
  11   29 0.06
  29   62 0.66
  31   46 0.89
  13   13 0.59
  44   49 0.12
  40   45 0.83
  19   69 0.44
  24   47 0.55
  27   33 0.21
  17   73 0.04
  16   16 0.88
  28   75 0.01
  20   20 0.25
  25   28 0.82
   2   69 0.01
   3   46 0.55
  37   92 0.71
   5   71 0.74
  28   67 0.96
  44  111 0.14
  16   38 0.00

  33   82 0.45
  13   54 0.20
   7   14 0.54
  19   42 0.59
  28   82 0.41
  44  107 0.78
  19   50 0.43
  15   47 0.68
   0   25 0.45
   9   18 0.71
  42   59 0.53
   3   34 0.74
  15   39 0.61
  27   40 0.91
  21   58 0.85
   2   17 0.82
  16   46 0.49
  22   39 0.90
  22   22 0.93
  29   31 0.01
  18   68 0.46
   4   37 0.65
  17   38 0.88
  43   59 0.26
  31   40 0.80

  10   43 0.52
  23   53 0.82
  42   69 0.97
  20   46 0.42
  41   85 0.18
  38   90 0.75
  40   55 0.74
  41   72 0.04
  13   61 0.64
  39   69 0.53
   0   34 0.52
  14   65 0.92
   2   41 0.58
  37   78 0.00
  36   43 0.47
  33   67 0.76
  42   44 0.50
   8   37 0.17
   7   70 0.33
   3   24 0.05
  42   48 0.39
  39   60 0.62
  28   84 0.06
  15   28 0.19
  12   20 0.30

  37   85 0.36
  15   72 0.38
   0    3 0.80
   8    8 0.78
  31   34 0.85
  31   61 0.67
  31   63 0.33
  11   68 0.85
  27   80 0.80
  33   82 0.17
  23   36 0.57
  30   51 0.33
   9   11 0.62
  41   69 0.77
  42   93 0.68
  32   61 0.45
  26   68 0.59
  14   18 0.02
  30   72 0.11
  21   47 0.89
  17   46 0.26
  31   84 0.98
  16   62 0.77
  34  101 0.68
   1   68 0.20

