3 80 4
3    2   4  16

  71  106 0.55
   1   10 0.73
  39   66 0.08
  10   34 0.83
  69   97 0.88
  10   36 0.23
  60   68 0.51
  52   58 0.51
  14   22 0.12
  61   90 0.94
   0   12 0.27
   8   14 0.41
  28   57 0.03
  34   58 0.88
   5   26 0.50
  28   44 0.45
  27   51 0.66
  56   81 0.73
  61   88 0.34
  68   86 0.94
  47   81 0.87
  17   38 0.36
  62   79 0.59
  24   32 0.43
  60   82 0.20
   6   26 0.00
  29   47 0.72
  26   37 0.51
  66  100 0.19
  28   41 0.19
  22   51 0.59
  24   51 0.17
  51   65 0.90
  16   28 0.55
  18   33 0.35
  52   77 0.75
   5   12 0.12
  35   40 0.27
  62   65 0.24
  18   43 0.63
   3   14 0.24
  66  101 0.85
  70   97 0.31
  12   43 0.99
  57   73 0.97
  53   82 0.98
  70   76 0.16
  60   85 0.94
  41   67 0.94
  19   19 0.69
  47   61 0.06
  24   29 0.59
  52   57 0.43
  72   78 0.27
  38   56 0.38
  24   47 0.06
  51   67 0.04
  20   53 0.63
  24   51 0.93
  54   63 0.52
  57   92 0.33
  51   78 0.14
  42   65 0.58
  42   72 0.23
  37   52 0.74
  65   66 0.14
  54   88 0.96
  54   74 0.43
  19   34 0.51
  51   85 0.20
  45   70 0.74
  15   33 0.27
  72   77 0.15
  70   80 0.29
  64   91 0.63
  28   57 0.43
   7   13 0.73
   4   10 0.41
  32   54 0.01
  64   65 0.88

  16   22 0.59
  19   29 0.89
  70   88 0.33
  72   78 0.72
  18   30 0.47
   8   17 0.27
  50   63 0.42
  26   58 0.25
  19   48 0.35
  28   36 0.04
  25   33 0.66
  55   59 0.64
  51   58 0.12
  69   87 0.15
  46   50 0.43
  49   82 0.59
  23   43 0.50
  70   96 0.18
  52   87 0.74
   6    8 0.59
  50   73 0.74
   9   22 0.68
  14   42 0.73
  15   40 0.98
   8   10 0.96
  53   75 0.25
  18   50 0.20
   1   36 0.57
  65   86 0.06
  60   68 0.33
  44   78 0.33
  12   45 0.52
  59   94 0.21
  71  103 0.66
  57   83 0.34
   6   37 0.06
  28   51 0.23
  62   73 0.10
  17   35 0.18
   1   28 0.67
  60   93 0.56
  47   51 0.68
  67   80 0.07
  59   88 0.91
  15   35 0.05
  41   50 0.30
  22   35 0.72
   2    2 0.09
  43   73 0.59
   1   19 0.30
  52   58 0.95
  46   77 0.96
  27   50 0.96
  40   71 0.87
  31   39 0.53
  58   83 0.89
  33   64 0.44
  26   54 0.64
  23   52 0.08
  33   64 0.93
   8   19 0.89
   1   23 0.40
  42   76 0.24
  69   94 0.61
   6   11 0.67
  70   74 0.60
   5   37 0.05
   5   36 0.72
  17   19 0.14
  64   94 0.28
   6   38 0.80
  24   59 0.84
   3   26 0.48
  67   88 0.91
  67   79 0.08
   3    4 0.35
  28   60 0.44
  11   23 0.10
  65   90 0.52
  42   45 0.75

  64   82 0.04
  17   31 0.76
  46   75 0.22
  28   39 0.65
  57   76 0.50
   4    7 0.35
  24   54 0.02
  38   46 0.90
  47   73 0.70
  11   42 0.29
  52   54 0.04
   0   19 0.80
  44   75 0.62
  46   55 0.32
  20   21 0.50
  56   76 0.79
  65   69 0.54
  68   77 0.59
  41   53 0.14
  40   53 0.14
  32   61 0.08
  14   15 0.79
  71   79 0.59
  70  104 0.48
   9   38 0.51
  25   53 0.09
  52   83 0.70
  58   77 0.42
  15   45 0.44
  65   69 0.85
  59   60 0.86
  58   67 0.47
  69  103 0.26
  23   55 0.74
  54   59 0.96
  13   19 0.82
  17   44 0.52
   2   16 0.47
  43   44 0.96
  20   36 0.87
  45   77 0.83
  58   90 0.37
  19   23 0.64
  54   54 0.41
  52   68 0.80
  12   47 0.62
  29   29 0.71
  51   67 0.55
  10   10 0.69
  21   49 0.15
  58   85 0.69
  57   63 0.48
  28   28 0.79
   6   27 0.37
  49   66 0.10
  20   22 0.52
  26   52 0.08
  64   96 0.81
  53   55 0.99
  46   60 0.56
   1   11 0.70
  67   78 0.93
  40   40 0.32
  28   59 0.01
  26   53 0.97
  51   70 0.37
  30   59 0.27
   6    9 0.28
  33   52 0.61
  67   89 0.38
  49   51 0.40
  36   62 0.16
  28   54 0.58
  15   28 0.28
  28   47 0.13
  29   47 0.09
  47   75 0.79
  14   21 0.26
  71  101 0.44
  53   60 0.92

