3 50 8
6   16  20  20   4   4   2

  22   32 0.29
   3   90 0.49
  72  159 0.89
  77  150 0.32
  82   88 0.27
  88  181 0.87
  35   97 0.88
 100  178 0.82
  81  159 0.71
  73  165 0.24
   6   93 0.38
  32   63 0.20
  31   55 0.40
  88   90 0.66
  94   95 0.64
   2   14 0.92
  13   49 0.15
  98  191 0.46
  96  160 0.19
  74  167 0.38
  26   74 0.71
  15  115 0.56
  40   58 0.90
  81  146 0.72
   6   73 0.63
  46  111 0.99
  19   19 0.27
  15   44 0.48
  13   77 0.99
  60   74 0.12
  90  121 0.64
  55   99 0.29
  55   63 0.95
  64  103 0.03
   7   18 0.57
   0    9 0.47
  50  107 0.42
  24   48 0.20
  71  121 0.53
   7  101 0.78
  99  178 0.82
  69  140 0.79
  66   78 0.67
  15   53 0.08
  59  105 0.84
  68  100 0.95
  68  107 0.50
  44   75 0.14
  78  116 0.50
  82  127 0.75

  28   57 0.43
  46  100 0.49
  88  161 0.52
  82   87 0.17
  67  106 0.74
  95  119 0.54
  73  138 0.91
  76  127 0.47
  51  116 0.58
  54   88 0.19
  50   88 0.03
  34   58 0.60
  78  170 0.33
  66  117 0.35
  15   40 0.46
  20  117 0.89
  88  104 0.76
  69   91 0.65
  40  125 0.38
  83  130 0.11
  15  106 0.43
  69  137 0.52
  88  120 0.80
   2   84 0.67
  64   67 0.16
  42  128 0.81
  24   77 0.34
  67  105 0.92
  47  132 0.12
   2    5 0.40
  31   48 0.83
  31   53 0.35
  17   52 0.26
  69  119 0.91
  19   41 0.84
  83  102 0.73
  57  147 0.55
  88  163 0.74
  88   88 0.05
  41  130 0.41
  45  113 0.07
 100  120 0.32
  40   95 0.93
  34   85 0.20
  75   94 0.38
  56  144 0.14
   8   52 0.23
  25   69 0.54
   4   91 0.69
  16   30 0.57

  76  138 0.09
  33   67 0.01
  48   58 0.46
  41  136 0.27
   0   44 0.21
 100  150 0.32
  38  129 0.58
  30   39 0.75
  76   77 0.42
  35   45 0.21
  51  125 0.90
  27   62 0.49
  75  151 0.97
   8   21 0.51
  60   62 0.28
  87  107 0.48
  34  118 0.16
  16  104 0.15
  39   69 0.31
  92  129 0.43
  63  152 0.91
  86  103 0.84
  32   73 0.92
  38  138 0.89
  27   72 0.57
 100  164 0.24
  85  109 0.11
   8  105 0.85
 101  184 0.16
  98  195 0.62
  12   16 0.33
  94  103 0.20
   3   12 0.24
  54   56 0.01
  68  100 0.71
  29   82 0.04
  83  115 0.86
  69  126 0.75
   9   65 0.32
  34   51 0.57
  57  130 0.00
  28   54 0.46
  43   82 0.75
  88   92 0.03
  68  164 0.31
  42   48 0.29
  87   97 0.72
   0   73 0.96
  42  104 0.40
  13   28 0.07

  34   53 0.16
  34   54 0.54
  72  120 0.92
  40   68 0.72
  47  120 0.69
  17  114 0.19
  34   96 0.23
  50   75 0.05
   4   85 0.31
  82   83 0.11
  98  139 0.46
  72  164 0.65
  44  111 0.56
  31   83 0.46
  52   99 0.64
 100  131 0.60
  18   63 0.38
  61  140 0.63
  10   83 0.77
  43   72 0.83
  80  172 0.07
  69   80 0.57
  92  185 0.40
  82  135 0.72
  30  103 0.36
   0   30 0.36
  36  110 0.51
  47  138 0.99
  60  149 0.19
   0   59 0.10
   6   95 0.53
  81  137 0.82
  32   84 0.38
  95  184 0.75
  52  114 0.04
  59  150 0.82
  56  111 0.23
  97  185 0.50
  85   89 0.63
  35  117 0.66
  81  159 0.94
  54   89 0.37
  67   75 0.58
  75  118 0.04
  67  157 0.28
   0   78 0.87
  45  136 0.07
  27  114 0.56
  89  141 0.82
  62  151 0.96

  82   83 0.23
  43   66 0.92
  56  145 0.18
  32   68 0.97
  77   87 0.38
   5   73 0.02
  67  154 0.60
  58  116 0.97
  17   56 0.76
  61  115 0.77
  76  147 0.56
  62   89 0.55
  68  109 0.25
  25   66 0.39
  19   84 0.42
  18  105 0.86
  28  125 0.19
  32  128 0.12
  10   92 0.42
  11   74 0.01
  50  126 0.53
  31   49 0.15
  97  196 0.45
  51   60 0.47
  67  152 0.82
  75  117 0.34
  78  101 0.08
   5  100 0.58
  86   88 0.83
   2   50 0.48
  85  184 0.60
  30   88 0.39
  26   96 0.09
   5   76 0.98
  80   99 0.70
  60  142 0.94
  35  113 0.07
  46   87 0.44
  72  131 0.84
  73   90 0.14
  63  147 0.86
   7   96 0.93
  34   54 0.40
  91  161 0.95
  90  159 0.02
  67   88 0.18
  52  114 0.24
  82  175 0.78
  92   96 0.85
  69  106 0.85

  92  193 0.41
  19   31 0.54
  80  124 0.46
  45   56 0.61
   9  102 0.44
  50   96 0.77
  42   92 0.44
  81  135 0.67
  83  104 0.82
  85  139 0.37
  75   96 0.22
  41   74 0.89
  34   80 0.03
  62  129 0.71
  65  147 0.77
  87   88 0.10
  98  185 0.26
  46   78 0.28
  44  130 0.01
  45   97 0.11
  89  148 0.92
  81  101 0.22
   9   92 0.17
   4   37 0.73
  21   27 0.90
  32  130 0.86
  10   29 0.71
  72  106 0.59
  78  167 0.23
  50   91 0.88
  92  117 0.70
  68  103 0.02
  36  102 0.37
  57  100 0.51
 101  181 0.64
  63  162 0.83
  21  119 0.34
  70  167 0.34
  52  101 0.90
  42  138 0.67
  69  134 0.71
  11   89 0.26
  65   70 0.98
  63  138 0.41
  35  110 0.96
 101  181 0.53
   6    9 0.61
  79  179 0.95
  90  157 0.55
  71  114 0.38

