3 100 4
3   10  10  20

  24   35 0.76
  24   28 0.07
 120  283 0.46
 115  172 0.68
 158  297 0.85
  61  109 0.71
 145  342 0.96
   3  244 0.64
 147  158 0.60
 102  121 0.80
 153  162 0.22
  68  183 0.66
  12   90 0.18
  50  130 0.61
  48  203 0.44
  16  106 0.61
   8  115 0.69
  92  287 0.69
  83   92 0.31
  18  217 0.25
  82  179 0.12
  69  284 0.77
 142  286 0.82
 149  334 0.43
 158  163 0.54
 129  284 0.30
 129  250 0.96
 144  356 0.83
  75  199 0.92
  53  148 0.46
  66  120 0.03
  26  143 0.23
 135  256 0.04
 130  377 0.39
  14  226 0.76
  68  176 0.39
 155  330 0.63
 101  114 0.28
 132  185 0.90
  40  206 0.63
 118  271 0.88
  46  214 0.43
 135  358 0.76
   2  215 0.96
  14   56 0.01
  20  190 0.70
 145  247 0.47
 110  217 0.60
  22  184 0.17
  41  139 0.19
 117  159 0.32
  62  275 0.15
  79  154 0.95
  56   96 0.53
  36  279 0.30
   2   31 0.67
  75  197 0.54
  73  213 0.57
  40  279 0.44
  19   19 0.11
  10  252 0.30
  68  161 0.98
 100  187 0.28
 106  115 0.69
  39  116 0.54
 128  361 0.73
  80  302 0.50
 154  284 0.98
  93  282 0.87
  87  320 0.32
 130  349 0.51
 160  271 0.69
  47   60 0.01
 159  278 0.89
 131  275 0.29
  43  196 0.89
  36  204 0.19
  69  273 0.25
 105  126 0.80
  38  221 0.16
  46  288 0.44
 150  224 0.94
 139  315 0.86
 138  180 0.87
  13   46 0.75
  24  222 0.81
  87  135 0.71
  68  100 0.50
  63  163 0.55
 105  213 0.56
  82  184 0.86
 107  353 0.78
 156  388 0.00
  93  277 0.59
  65  189 0.63
  57  248 0.22
 133  185 0.28
   8  224 0.44
  56  264 0.70
  41  137 0.55

  31  166 0.54
 129  276 0.01
 110  211 0.16
 154  232 0.00
  32  199 0.63
  41  244 0.26
 156  211 0.32
  51  131 0.29
   5  206 0.66
  38  125 0.39
  16  136 0.67
  39  220 0.46
  55  156 0.10
  65  179 0.19
 116  209 0.76
 139  220 0.11
  91  315 0.18
  83  169 0.09
  73  170 0.94
 144  285 0.14
  13  255 0.28
  60   88 0.78
  80  188 0.11
 112  332 0.16
  45   81 0.13
 114  244 0.27
 135  200 0.76
 132  255 0.16
   3  227 0.49
  70  139 0.01
 103  217 0.97
 148  270 0.77
  57  275 0.30
  71  125 0.51
  22   52 0.33
  17  225 0.46
 122  364 0.54
 131  204 0.83
 113  232 0.05
 140  274 0.95
 148  180 0.09
 163  346 0.91
   7  145 0.47
  53   55 0.42
  73  262 0.03
 142  362 0.73
 103  201 0.15
  78  243 0.52
  19  128 0.62
 105  115 0.26
 146  357 0.42
  90  286 0.61
  33  237 0.71
  54  286 0.27
  84  217 0.03
 123  154 0.53
  99  300 0.27
  83  189 0.66
  28  262 0.46
 126  177 0.04
  77  203 0.64
 160  288 0.83
  72   81 0.65
  17   82 0.27
  61   61 0.61
  13  233 0.36
 153  265 0.65
  44  281 0.84
 148  270 0.82
  83  177 0.02
  30  205 0.01
   7  250 0.97
  59  170 0.56
  76  156 0.66
  47  289 0.13
 123  363 0.08
   6  224 0.31
  17  231 0.21
  46  222 0.51
 154  275 0.05
  35  231 0.89
  90  137 0.18
 133  224 0.37
 138  312 0.32
 143  236 0.35
 144  315 0.60
   1   34 0.46
  16  141 0.77
 145  220 0.33
  43  246 0.78
  33  122 0.05
   1   15 0.41
   4  144 0.79
   4  250 0.14
   5   47 0.70
  71  291 0.30
 129  319 0.29
  21  103 0.82
   1  238 0.61
 104  142 0.94

  92  233 0.16
  61  208 0.90
  60  254 0.68
   5  233 0.37
 128  266 0.86
  33  107 0.83
  81  206 0.01
  97  176 0.59
   7  203 0.63
 102  283 0.77
  49  140 0.95
 154  271 0.28
 108  160 0.85
  67  254 0.11
  99  209 0.15
 125  219 0.87
 116  136 0.32
   2   10 0.19
  93  132 0.54
  84  130 0.71
 141  352 0.35
  33   62 0.37
 147  308 0.66
  20  211 0.69
 112  316 0.21
   2  195 0.38
 101  293 0.39
  91  267 0.06
 148  356 0.60
  86  320 0.13
  35   55 0.84
 100  273 0.40
  14  201 0.74
 107  238 0.96
  78  249 0.21
 104  152 0.11
  13   30 0.25
  55  186 0.34
  91  150 0.66
  93  336 0.57
  82  269 0.53
  23   45 0.83
 141  225 0.27
 150  309 0.35
  76  267 0.48
  24  162 0.69
  84  256 0.33
 155  320 0.57
 137  237 0.61
 140  164 0.71
  19  231 0.46
 109  279 0.48
  42  208 0.41
  55  210 0.51
  43  107 0.25
  19   72 0.02
 147  355 0.46
   2  154 0.20
  83   98 0.01
  42  203 0.71
  38  158 0.85
 161  206 0.27
  98  101 0.79
  39  189 0.61
  60  260 0.37
  43  101 0.94
 118  251 0.77
  30   33 0.49
   1  156 0.68
 156  187 0.43
   5  250 0.76
  63  161 0.72
 115  174 0.19
 115  269 0.27
   7  131 0.56
 101  148 0.39
  39  176 0.45
  12  232 0.55
 103  265 0.59
  37  226 0.24
  78  230 0.16
  54  167 0.29
  86  229 0.68
  95  117 0.49
  72  219 0.35
   4   26 0.30
 163  297 0.25
  37  195 0.69
 103  150 0.94
 129  251 0.43
 165  256 0.48
  43   86 0.64
  81  329 0.11
 130  220 0.58
 142  300 0.05
  31  194 0.43
  56  233 0.78
  67   74 0.11
  71  102 0.83
 160  244 0.02

