5 100 8
3   10  16  10

  52  100 0.79
   2   68 0.35
  54   75 0.07
  53  119 0.06
  45   72 0.47
  34   57 0.29
  28   84 0.10
  50   62 0.40
  16   56 0.91
   8    8 0.86
  65  125 0.57
   6   11 0.54
  17   41 0.21
  41   67 0.14
  30   39 0.39
  10   63 0.77
  28   35 0.02
  56   61 0.54
  18   49 0.22
  20   51 0.17
  23   53 0.50
  41   96 0.54
  36   73 0.02
  46   72 0.34
  58  121 0.48
  13   67 0.45
  64  113 0.65
   7   34 0.00
  25   50 0.25
  51   75 0.52
  40   54 0.16
  18   57 0.12
  47   75 0.91
  41   80 0.82
  46   63 0.64
  13   38 0.57
  36   62 0.04
  22   38 0.42
  49  106 0.03
  21   24 0.82
  48   60 0.67
  60   78 0.33
  50   74 0.84
  45   84 0.81
  22   34 0.58
  28   92 0.34
  43   81 0.44
   4   25 0.75
  33   51 0.45
   1   62 0.80
  13   47 0.58
  47   64 0.21
  27   51 0.23
  11   53 0.76
  20   60 0.78
  46   54 0.15
   6   46 0.95
  31   75 0.35
  41   70 0.90
  29   38 0.63
  57   97 0.69
  47  108 0.52
  60  118 0.13
  45   80 0.57
  40   58 0.24
   1   56 0.97
  30   85 0.97
  51   92 0.12
  44  102 0.06
  47   73 0.78
  41   74 0.50
  21   33 0.23
  42   80 0.95
  65  126 0.95
  63   89 0.88
  14   76 0.17
  12   40 0.19
  41   55 0.52
  41   69 0.85
  17   20 0.99
  32   59 0.71
  38   96 0.42
  62   73 0.46
  29   64 0.61
  49   59 0.97
  19   49 0.40
  34   99 0.96
  10   56 0.19
  37   69 0.26
  45   97 0.34
  45   97 0.32
  20   44 0.99
  36   59 0.87
  53  105 0.57
   5   13 0.96
  46   68 0.89
  11   20 0.24
  38   92 0.24
  11   67 0.49
  14   45 0.47

  22   82 0.94
  65  109 0.74
  31   97 0.85
  24   51 0.11
   4   45 0.11
  46   73 0.11
  27   68 0.42
  59  107 0.76
  44   53 0.78
  39   87 0.55
   3   35 0.26
  44   98 0.47
  17   34 0.23
  53  105 0.53
  37   75 0.25
  45   75 0.20
  40  102 0.20
  16   42 0.29
  30   32 0.20
   9   73 0.73
  62  126 0.69
  58  107 0.37
  26   31 0.68
  43   78 0.42
  56   62 0.17
  48   85 0.16
  11   35 0.75
   5   43 0.75
  46   92 0.38
  44   98 0.44
  16   81 0.49
  20   49 0.53
  58   71 0.62
  12   44 0.52
  49  104 0.05
  45  101 0.54
  40   56 0.95
  45   85 0.94
  16   48 0.65
  51   64 0.12
  48   55 0.00
  30   81 0.84
  27   92 0.60
  44   52 0.16
  34   73 0.52
  13   39 0.59
  50   94 0.48
  44  105 0.64
  38   93 0.36
   3   15 0.40
  44   72 0.15
   4   16 0.02
  44   75 0.24
  20   45 0.33
  50  106 0.61
  47  112 0.02
  24   63 0.18
  11   22 0.28
  13   51 0.26
   2   25 0.06
  10   68 0.22
   0   29 0.39
  26   54 0.08
  58  117 0.99
  62  115 0.31
  15   74 0.59
  46  105 0.41
   1   61 0.55
  29   51 0.03
   0   17 0.54
  63   72 0.26
   4   52 0.90
  45   68 0.74
  21   32 0.65
   4   36 0.79
  19   59 0.62
  40   58 0.52
  59  117 0.15
  28   48 0.82
  45  101 0.63
  13   74 0.77
  27   41 0.95
  18   27 0.13
  60   73 0.58
  63   95 0.63
  42   84 0.60
  55  120 0.52
  36   98 0.68
  61   86 0.74
  27   45 0.46
  65  127 0.26
  24   37 0.69
   8   35 0.71
  52   66 0.64
  53   79 0.19
  35   54 0.98
   5   37 0.46
  58  107 0.52
  40   47 0.54
  38   83 0.48

  37   95 0.27
  61   98 0.09
  26   62 0.45
  59   90 0.58
  56  103 0.79
  51   82 0.12
  30   78 0.42
  10   42 0.69
  28   38 0.58
  55   86 0.38
   4   69 0.79
   4    6 0.06
   9   43 0.99
  58  103 0.97
  38   60 0.73
  17   24 0.84
  25   57 0.70
  45   98 0.81
  23   51 0.68
  33   77 0.07
  26   45 0.61
  36   59 0.44
  16   63 0.14
  22   79 0.81
  65   79 0.91
  11   74 0.40
  12   70 0.26
  19   77 0.40
  11   37 0.10
  25   44 0.85
  42  108 0.07
  15   44 0.59
  36  102 0.35
  51   92 0.47
   1   33 0.85
  32   73 0.04
  45   61 0.18
  32   90 0.25
  44  101 0.74
  13   38 0.53
  42   51 0.10
  37   64 0.22
  29   94 0.05
  14   32 0.53
  32   85 0.14
  57   70 0.74
  35   76 0.92
  10   35 0.58
  33   96 0.97
  42  105 0.69
  17   71 0.18
  44   48 0.65
  59  123 0.76
  42   64 0.16
  49   95 0.00
  47   89 0.18
  44   53 0.25
  52   89 0.61
  29   64 0.16
  60  107 0.93
  21   46 0.10
   9   56 0.25
  45   52 0.62
  23   84 0.77
  39   74 0.03
  34   89 0.86
  33   65 0.31
   7   18 0.95
  62  113 0.21
  36   48 0.90
  63   67 0.94
  10   18 0.17
  32   41 0.88
  61   84 0.94
  54   86 0.10
  28   35 0.48
  16   24 0.62
  29   41 0.39
  16   58 0.61
  12   22 0.46
  22   52 0.08
  65  104 0.31
  12   45 0.58
  22   37 0.32
  41   62 0.09
   8    8 0.10
   6   65 0.53
  64   79 0.52
  51   61 0.25
  39   53 0.22
   7   59 0.65
  22   88 0.07
  39   84 0.68
   5   45 0.60
  50   78 0.75
  45   61 0.50
  42   91 0.48
   5   51 0.88
   2   53 0.46
   3    4 0.12

