3 20 8
12   10   2   4  16  10  16   4   2  10   4  16  16

   6   40 0.68
  11   47 0.71
   1   39 0.89
  13   50 0.06
   7   50 0.20
  11   25 0.58
  19   43 0.82
   1   44 0.00
   5   23 0.92
   8   47 0.76
   2   22 0.78
  11   41 0.36
  16   24 0.90
  19   46 0.35
   2    5 0.99
   8   19 0.57
   7   34 0.82
  12   39 0.97
  17   19 0.02
  11   26 0.30

  14   53 0.58
  13   14 0.89
  11   35 0.20
  11   28 0.65
   4   17 0.01
   8   20 0.86
   2   34 0.53
   5   39 0.28
  18   57 0.30
  16   29 0.77
  19   23 0.18
  20   42 0.40
  13   31 0.34
   7   15 0.97
  16   43 0.88
  13   17 0.12
   2    8 0.36
  20   48 0.70
   2   16 0.39
  17   35 0.65

   0   28 0.60
   9   41 0.66
  18   61 0.45
  13   30 0.58
  21   21 0.35
  17   23 0.41
  10   48 0.16
  10   48 0.02
   7   47 0.98
   2   34 0.95
   1    2 0.81
   0    7 0.15
  20   31 0.10
  16   32 0.96
   3    7 0.31
   6   44 0.06
  11   13 0.94
  15   43 0.18
   2   27 0.90
  12   18 0.89

  14   19 0.81
  21   43 0.97
  19   26 0.80
  17   48 0.04
  14   20 0.98
  13   48 0.39
  20   33 0.33
   8   13 0.07
  11   51 0.37
   9   44 0.78
   9   10 0.37
  10   12 0.59
  19   52 0.80
   5   40 0.39
   7    8 0.70
   7    7 0.92
  15   59 0.78
  11   22 0.88
  17   46 0.43
   9   30 0.74

   3   46 0.95
  16   39 0.93
  19   58 0.33
   1   40 0.59
  21   30 0.61
   9   19 0.46
  12   33 0.85
  17   54 0.24
   3    8 0.86
  10   20 0.37
   4   30 0.33
  13   55 0.42
  16   35 0.70
   0   28 0.98
   0   12 0.82
   6   11 0.07
   3   32 0.46
  15   26 0.46
  14   15 0.34
  12   49 0.53

  16   21 0.29
  11   42 0.61
  14   42 0.30
  18   50 0.06
  12   32 0.47
   6   25 0.94
  12   23 0.14
   1   39 0.98
   6   38 0.52
   2    6 0.85
  20   40 0.00
   4   34 0.69
  21   51 0.54
  16   23 0.87
  12   41 0.34
   8   31 0.88
  11   38 0.17
  12   13 0.44
   1   39 0.47
  20   64 0.54

  12   17 0.54
  14   45 0.10
  11   30 0.56
  10   44 0.30
  13   25 0.18
  12   32 0.60
   2    5 0.39
  20   58 0.05
  16   28 0.88
   1   13 0.66
  17   54 0.00
  11   20 0.17
   1   35 0.50
   0    1 0.51
  12   36 0.51
   1   10 0.91
  13   20 0.77
   0    5 0.68
  16   16 0.29
   5   42 0.71

  14   56 0.59
  13   17 0.51
   2    6 0.19
   5   48 0.04
  18   18 0.10
   4   30 0.06
   3   10 0.55
   6   26 0.12
   6   44 0.89
  19   38 0.46
   6   12 0.21
   0    5 0.90
   7   12 0.88
   3   29 0.06
  15   23 0.90
  11   14 0.07
  10   30 0.12
  15   43 0.81
   2   21 0.38
   1   23 0.41

  19   26 0.52
  14   15 0.74
  17   48 0.35
  14   47 0.74
   3   42 0.48
  21   30 0.30
  10   43 0.47
  12   39 0.48
   4    4 0.43
   9   38 0.24
   6   35 0.95
   1   28 0.21
   8   49 0.09
   0   31 0.27
   4   26 0.43
  18   32 0.17
   0   13 0.83
  17   30 0.46
   8   48 0.34
   7   38 0.38

   2   13 0.53
   6   19 0.55
   4   41 0.58
   5   17 0.83
  20   23 0.71
  12   37 0.20
  13   53 0.30
   2   43 0.64
  13   52 0.44
   3   41 0.38
   4   45 0.42
   7   33 0.53
   4   17 0.85
   5   37 0.83
   8   40 0.35
   8   45 0.06
  19   49 0.97
  13   31 0.56
   0    8 0.08
  16   39 0.10

   1   31 0.31
   9   47 0.94
  17   22 0.56
  14   56 0.59
   6   42 0.46
   7   25 0.97
   3   41 0.29
  12   36 0.41
   2   45 0.13
  12   16 0.66
  10   37 0.29
   9   40 0.54
   7    8 0.58
  17   35 0.91
  19   22 0.56
   2   25 0.09
  14   52 0.00
   2   33 0.85
  15   41 0.01
   6   14 0.69

   7   34 0.42
  21   31 0.26
   5   31 0.32
   7   13 0.36
   6   18 0.19
   4   42 0.69
   6   16 0.95
   8   20 0.68
  13   21 0.19
  20   45 0.09
   2   37 0.00
  17   26 0.30
  10   52 0.87
  20   30 0.44
  20   52 0.48
  10   43 0.05
  13   30 0.13
  16   53 0.96
   4   15 0.09
  19   28 0.33

