3 15 4
12   16   2   4   4   4   2   4  10   4  16   2  10

  16   36 0.74
  11   58 0.03
   4    4 0.66
   8   11 0.24
   0   43 0.32
  21   40 0.53
  13   54 0.85
   3   27 0.35
  12   59 0.62
  15   41 0.39
  11   53 0.57
  18   38 0.73
  12   45 0.76
   7   45 0.70
   8   21 0.66

  20   50 0.44
  11   43 0.61
   7   32 0.98
   9   49 0.50
  10   29 0.42
   5   52 0.43
   0   34 0.16
   8   41 0.42
   3   37 0.94
   1   40 0.64
   5   28 0.68
  18   22 0.98
  19   43 0.95
   8    8 0.24
  21   57 0.68

   9   17 0.84
   6   18 0.58
   6   18 0.34
   2    6 0.09
   2   31 0.23
   8   38 0.01
   1    5 0.22
  18   64 0.13
  17   59 0.76
   0   28 0.35
   1   22 0.72
   3    5 0.53
  20   26 0.77
  14   20 0.22
   7   20 0.70

  19   38 0.00
   6   10 0.40
  10   13 0.37
  17   19 0.34
   8   47 0.91
  13   17 0.47
  14   49 0.87
  12   16 0.79
  13   59 0.10
  22   29 0.90
  14   20 0.30
  19   55 0.82
   5   37 0.48
   0    2 0.28
   6   51 0.39

   0   36 0.09
  12   54 0.11
  23   29 0.02
  20   20 0.13
   9   24 0.26
  19   29 0.47
  18   64 0.37
  23   55 0.12
   5   32 0.63
  12   53 0.32
   6   32 0.75
   7   37 0.17
   7   53 0.13
   6   47 0.81
  21   48 0.32

  14   26 0.64
  18   32 0.07
   3   50 0.22
  10   42 0.53
  22   57 0.13
  14   43 0.13
  15   50 0.36
  22   69 0.16
  21   58 0.70
   3   39 0.04
   3   25 0.52
   9   16 0.38
  22   58 0.31
  11   25 0.36
   2    5 0.86

   1   22 0.62
   1    3 0.23
  21   29 0.64
  10   36 0.24
   7   27 0.47
  20   63 0.31
   8   15 0.53
  15   24 0.74
  19   29 0.64
  11   27 0.25
  20   61 0.06
   3   15 0.71
  12   44 0.14
  22   28 0.48
  15   47 0.58

  18   56 0.03
   5   23 0.85
   1   48 0.29
  23   67 0.94
  21   38 0.87
   5   28 0.99
   9   16 0.40
   4   28 0.21
  13   48 0.06
  13   47 0.42
  21   38 0.63
  16   55 0.66
  18   52 0.54
  16   25 0.57
  10   45 0.77

  18   49 0.41
  19   61 0.59
  22   27 0.42
  19   51 0.36
   7   12 0.17
  15   42 0.30
  18   61 0.37
  16   54 0.13
   2   28 0.92
  12   21 0.45
   5   15 0.51
   5   12 0.48
   6   28 0.64
   8   55 0.01
  10   47 0.00

  14   41 0.16
  10   46 0.97
  22   57 0.60
   5    7 0.66
   1   23 0.58
   4   34 0.11
   3   36 0.24
  14   17 0.87
   3   25 0.09
  18   28 0.66
   1   18 0.05
  10   14 0.09
   7    8 0.78
   5    9 0.47
  18   28 0.47

  11   49 0.97
  12   25 0.69
  14   27 0.33
   0   11 0.74
   7   34 0.45
  13   60 0.36
  22   25 0.00
  20   27 0.33
   7   25 0.33
  23   63 0.41
   9   43 0.49
   5   39 0.13
  18   38 0.12
   5   50 0.34
  11   21 0.55

  18   44 0.75
   9   41 0.86
  15   21 0.68
  14   32 0.44
   3   10 0.60
   4   39 0.65
  20   46 0.68
   3   49 0.07
  12   50 0.48
   5   16 0.01
   4   29 0.06
  23   35 0.13
   3   38 0.36
   4   50 0.89
  19   30 0.03

