4 80 8
3    2   4   4

   6   21 0.51
   2   14 0.19
  17   24 0.28
   7   15 0.31
   8   25 0.92
   9   16 0.30
   4   13 0.93
   0   10 0.70
   4   20 0.67
  15   22 0.84
   7   18 0.05
   5   12 0.41
   9   10 0.55
  11   23 0.52
   2    6 0.00
   1   11 0.72
   9   21 0.70
   4    9 0.13
   3   15 0.42
  17   28 0.73
  14   27 0.48
  14   18 0.86
   9    9 0.94
  16   32 0.05
  14   31 0.27
   2   10 0.49
  16   31 0.54
   4    9 0.33
   5   14 0.26
  10   19 0.51
   0    3 0.11
  17   32 0.26
  13   16 0.86
  16   17 0.54
   8   10 0.62
   7    9 0.55
   9   26 0.05
   7   22 0.41
   1    3 0.28
  12   18 0.18
   4   18 0.70
   1    3 0.51
  13   23 0.11
   6   20 0.56
   5   13 0.76
   6   11 0.79
   8   12 0.93
   8   18 0.13
   5    5 0.98
   6    8 0.44
  15   32 0.89
   4    8 0.04
   4   10 0.79
   1    2 0.21
   6   20 0.47
   7    7 0.79
  10   15 0.94
  11   13 0.51
  17   32 0.43
  14   15 0.85
   5    7 0.04
   7   22 0.00
  16   25 0.14
  15   18 0.40
   3   13 0.02
   3   18 0.14
   1    2 0.52
  15   21 0.14
   3   10 0.96
  11   23 0.57
  13   20 0.09
  12   23 0.91
   3   12 0.15
  16   33 0.02
  16   25 0.94
   6   11 0.48
  15   25 0.14
   9   14 0.81
   3   13 0.95
   4   13 0.70

   6   13 0.63
   4   12 0.96
   8   20 0.59
   5   16 0.56
  12   21 0.85
  14   27 0.56
   9   22 0.06
   4    6 0.66
   3   11 0.87
   4    8 0.95
   0    3 0.98
  16   19 0.31
  17   20 0.68
  16   30 0.00
   6   16 0.32
  11   21 0.21
   3    7 0.53
   5   17 0.91
   2    2 0.93
   6   12 0.43
  13   25 0.59
   5   22 0.37
   2    7 0.41
  11   12 0.26
  12   13 0.89
  11   14 0.27
   2    6 0.70
   6   22 0.48
  14   15 0.13
   8   20 0.20
   5   12 0.13
  16   21 0.14
  14   24 0.91
   1   17 0.40
   5   13 0.25
   4    8 0.00
   4    4 0.73
  11   15 0.03
   6   15 0.92
   0    5 0.78
   6   12 0.50
   6   21 0.71
   3    4 0.94
  10   27 0.48
   8   21 0.60
  11   25 0.85
   1    8 0.75
   9   17 0.66
   6   23 0.08
   9   18 0.66
   3    9 0.05
   0   14 0.74
  10   15 0.80
   1    4 0.45
  16   20 0.59
  12   17 0.14
  11   11 0.26
   8   23 0.47
  12   29 0.40
  13   13 0.17
  17   18 0.44
   5    5 0.34
   4    7 0.23
   5    7 0.01
  14   31 0.90
   3    3 0.70
   8   25 0.13
   8   18 0.34
  15   15 0.45
  12   25 0.46
  15   26 0.24
   5   12 0.49
  12   15 0.34
   9   21 0.58
  11   28 0.91
  17   22 0.15
   2    8 0.81
   9   11 0.97
  12   12 0.50
   1    4 0.86

   3   12 0.10
   9   20 0.45
  14   15 0.89
   7   11 0.40
   5    6 0.72
   3   10 0.53
  12   26 0.03
  13   22 0.24
  16   27 0.00
   5   19 0.67
  12   16 0.91
   0    5 0.83
  12   15 0.76
   5   10 0.70
   1    5 0.33
   5    8 0.36
   0    4 0.10
  16   23 0.37
  11   28 0.06
  16   30 0.22
   4   16 0.91
  15   30 0.45
  12   29 0.30
  11   16 0.52
  17   32 0.76
  11   17 0.92
   2    7 0.70
   8   13 0.77
   5    8 0.62
  13   27 0.51
   7   24 0.74
   7   22 0.46
  13   20 0.85
   3   11 0.58
   5   16 0.35
  11   15 0.41
   1    7 0.78
  16   26 0.73
   6   23 0.17
   0    0 0.12
   5   13 0.69
   9   26 0.53
   3    3 0.64
  17   23 0.41
   2    9 0.06
   9   19 0.11
  14   26 0.96
  15   22 0.71
  14   20 0.13
   6   10 0.49
   4   19 0.33
  17   17 0.65
  16   25 0.72
  15   30 0.32
   4   21 0.71
  11   17 0.54
  14   23 0.52
   6   18 0.01
   9   19 0.66
   3   12 0.77
   3    5 0.65
  17   20 0.35
   9   24 0.62
   3   16 0.22
  13   18 0.67
  12   24 0.91
   2   15 0.90
  16   24 0.72
   0   17 0.36
   4   20 0.61
   5    5 0.14
  17   19 0.09
  10   13 0.31
  14   28 0.27
   7   22 0.85
   8   11 0.16
  12   23 0.20
  15   20 0.51
   2   18 0.95
  10   16 0.41

