3 20 4
12   16   4   4  16  16  10   2   4   4   2  10  20

  46  111 0.33
  71  202 0.93
  36   63 0.31
  87  213 0.05
  18   66 0.13
  29  133 0.94
  44  119 0.68
  32   94 0.76
   8   18 0.29
  55   89 0.13
  87  125 0.69
  75  124 0.87
  57   81 0.58
  33  158 0.54
  26  137 0.34
  22  131 0.00
  81  134 0.59
  75  205 0.82
  66  192 0.23
  79  122 0.00

  65  126 0.68
   4  107 0.86
  27   89 0.62
  83  185 0.21
  17  137 0.58
  81  168 0.73
  32  104 0.04
  53  152 0.52
  17   44 0.16
  62   80 0.53
  63  130 0.00
   2   70 0.49
  29   48 0.48
  66  102 0.79
   0   49 0.79
  64   84 0.65
  47  148 0.89
  41  109 0.96
  11  141 0.23
  69  171 0.59

  30   86 0.80
   0   82 0.59
  87  190 0.49
  59  178 0.55
   3  104 0.92
  16  133 0.21
  18   73 0.33
   9   94 0.07
  17   72 0.67
  87  106 0.39
  82  152 0.57
  50  140 0.39
  30   41 0.02
  51   86 0.26
  56  121 0.29
  33   74 0.03
  36   65 0.49
   2   89 0.87
  86  197 0.25
  36   81 0.50

  42  130 0.51
  82  214 0.81
  63  133 0.90
  24   99 0.77
  14  144 0.79
  40  162 0.80
  17   79 0.22
  18   91 0.65
   2   48 0.11
  30  133 0.79
  10   26 0.11
  79  208 0.26
  43  155 0.56
  23   30 0.93
  17   44 0.58
  15   99 0.37
  33  158 0.07
  83  167 0.43
  46   79 0.05
  41   53 0.27

  62  138 0.31
  10   74 0.62
  88  103 0.74
  74  188 0.26
  68  167 0.15
  36   80 0.67
  81  166 0.69
   5   94 0.08
  83  129 0.57
  75  164 0.03
  60  189 0.00
   6   58 0.22
  86  156 0.79
  25   74 0.12
  51   92 0.44
  87  209 0.95
  63  184 0.69
  15   70 0.23
  30   88 0.32
  27   30 0.89

  75   80 0.28
  22   87 0.12
   1    8 0.65
  20   26 0.31
  79  149 0.18
  78  129 0.40
  89  178 0.84
  77  192 0.60
  85  170 0.50
  36  119 0.90
  29  134 0.92
  55  125 0.92
  81  170 0.01
   3  126 0.48
  48   72 0.90
  69  160 0.69
  67  194 0.38
   7  131 0.86
  17  145 0.07
  31   50 0.56

  23   43 0.38
  27  100 0.27
  86   91 0.47
   4   34 0.28
  56  152 0.51
  34   82 0.75
  64  151 0.75
  49  162 0.77
  14   53 0.47
  11  128 0.73
  83  144 0.40
  82  184 0.33
  21  120 0.23
  18   63 0.79
  83  132 0.33
  18  103 0.88
  64  105 0.77
   8   78 0.59
   2   18 0.79
  85  193 0.58

  53  156 0.45
  48  172 0.75
  30   50 0.11
  10   58 0.90
  34  108 0.87
  24  117 0.92
  12   90 0.53
  89  206 0.80
  31   59 0.39
  24  147 0.06
  47   51 0.75
  77   80 0.19
  76  166 0.33
  11   75 0.35
  61  187 0.83
  53  174 0.76
   2   90 0.24
  20   76 0.41
   6  128 0.05
  25   38 0.93

  79  122 0.95
  23  153 0.58
  83  141 0.39
  67   93 0.65
  13  123 0.12
  23  117 0.79
  17  142 0.71
  15   82 0.31
  16   74 0.01
  16  147 0.07
  33   75 0.91
  67  138 0.70
  41   43 0.17
  88  103 0.37
  41   91 0.26
  16   19 0.69
  49  154 0.13
  25  150 0.22
  14   38 0.02
  26   57 0.15

   6   44 0.22
  37   95 0.72
  60   65 0.20
  60   78 0.65
  78  113 0.65
   3    7 0.68
  17   74 0.52
  65  103 0.06
  79  144 0.57
  15  109 0.40
  58  118 0.38
  47  154 0.02
  75  188 0.83
  34  102 0.05
  65   79 0.53
  38  153 0.62
  51  103 0.56
  17   97 0.97
  48   73 0.10
  30   65 0.90

  85  210 0.11
  30   32 0.07
  43  151 0.91
  10   44 0.80
  85  189 0.57
  39  173 0.53
  14   75 0.13
   7   33 0.01
  73  205 0.26
  27   71 0.32
  89  144 0.06
  12   14 0.39
  64  121 0.96
  64  195 0.72
  41  135 0.63
  88  105 0.82
  48  108 0.18
  48  159 0.98
   7  134 0.58
  54  148 0.74

  43   57 0.78
   9   23 0.73
   9   73 0.88
  33   97 0.51
  18  120 0.99
  35  144 0.06
   8  102 0.30
  26  147 0.02
  17   24 0.10
  77  191 0.28
  26  107 0.31
  72   78 0.16
  21   54 0.46
  31  114 0.80
  13  135 0.84
  10   63 0.76
  79  205 0.65
  13   55 0.58
   8   78 0.23
  77  191 0.79

