4 25 4
12    4  10  16  10   2  10  10  10   2   2  10   2

  68   89 0.63
  84  101 0.93
  20   53 0.84
  72  102 0.95
  96  110 0.22
  27   35 0.28
  16   46 0.88
  65   77 0.80
  85  104 0.56
  87  120 0.19
  11   24 0.16
  42   52 0.58
  64   78 0.89
  79  110 0.33
  66   83 0.54
  91   95 0.88
  33   33 0.92
  62   62 0.67
  79  102 0.36
  66   89 0.61
  43   46 0.48
   6   30 0.26
  31   34 0.82
  21   51 0.11
  35   53 0.78

  51   74 0.46
  93  120 0.63
  58   77 0.83
  39   55 0.71
 101  131 0.53
  65   71 0.08
  73   80 0.80
  27   44 0.68
  85   88 0.32
  71  104 0.10
  51   81 0.94
  12   40 0.76
  11   26 0.99
   1   31 0.59
  34   58 0.98
  31   55 0.85
  47   47 0.35
  66   86 0.26
  44   68 0.52
  97  100 0.33
  60   67 0.00
  42   56 0.71
  15   16 0.68
  18   37 0.42
  77  107 0.29

   4   31 0.81
  55   70 0.36
  52   77 0.53
  74  102 0.76
  43   48 0.74
  83  105 0.60
  85   85 0.63
  92  120 0.05
  93  101 0.00
  19   34 0.07
  90  103 0.86
  21   29 0.49
  29   58 0.13
  45   72 0.66
  68   81 0.26
  89   97 0.58
  50   78 0.76
  27   50 0.35
  33   39 0.66
  41   63 0.38
  73   88 0.13
  13   21 0.21
   3   35 0.37
  52   68 0.78
   8   23 0.32

  31   42 0.77
  50   69 0.64
  19   36 0.56
  77   79 0.65
  64   92 0.91
  84   86 0.42
  15   33 0.15
  75   92 0.79
  87   99 0.61
  91   96 0.30
  55   57 0.69
  94  108 0.81
  95  120 0.79
   4   12 0.52
  43   44 0.97
  72   77 0.13
   9   34 0.00
  26   54 0.03
  99  119 0.55
  38   61 0.39
   3   36 0.04
  38   54 0.50
  51   73 0.61
  51   76 0.00
  61   87 0.63

 101  108 0.08
  16   45 0.16
  59   62 0.60
  27   46 0.73
  16   18 0.37
  97  107 0.87
  32   59 0.61
   5   30 0.74
  40   73 0.30
  14   25 0.34
  34   49 0.45
  20   24 0.80
  74  102 0.99
  51   59 0.61
  19   22 0.10
  19   32 0.16
  42   53 0.64
  62   80 0.02
   0    6 0.52
  77   81 0.66
  18   20 0.49
  54   74 0.65
  78   92 0.44
  17   31 0.20
  69   89 0.19

   9   40 0.07
   6   36 0.51
  15   48 0.80
  33   44 0.79
  11   14 0.25
  99  105 0.24
  87   90 0.24
  34   61 0.87
  32   50 0.90
  68   76 0.18
  88  104 0.01
 100  130 0.32
  77  106 0.38
  88  101 0.00
  66   81 0.24
  86  117 0.09
   0   15 0.13
  30   62 0.63
  35   42 0.53
  77   79 0.10
  37   65 0.72
  61   74 0.86
  15   40 0.21
  68   85 0.42
  99  101 0.55

   6   25 0.47
  85  112 0.50
  91   91 0.72
   2    3 0.15
  67   78 0.61
   5   24 0.36
  12   39 0.32
  33   50 0.92
  98  128 0.57
  13   14 0.07
  10   34 0.33
  41   58 0.06
  55   85 0.90
  89  117 0.11
  63   69 0.90
  29   42 0.59
  51   56 0.88
  43   67 0.43
 101  133 0.18
  28   52 0.37
  85   92 0.02
  63   76 0.13
  60   87 0.23
  24   34 0.54
  76  100 0.51

  47   54 0.49
  99  121 0.58
  64   74 0.16
  53   79 0.07
   8   24 0.36
  82   96 0.52
  66   84 0.87
  77   88 0.34
  12   31 0.80
  50   80 0.99
  50   64 0.19
  28   28 0.66
  39   64 0.89
  33   47 0.48
  38   67 0.15
  96  111 0.40
  15   29 0.86
  71  102 0.56
  44   66 0.18
  42   73 0.64
   2   18 0.20
  12   29 0.46
  68   98 0.12
  61   64 0.46
  60   90 0.94

   6   17 0.48
  39   45 0.21
  45   68 0.47
  24   32 0.07
  67   75 0.91
  54   86 0.69
  55   82 0.80
  81  110 0.64
  33   43 0.11
  47   72 0.92
   8    8 0.72
  12   33 0.98
   2   16 0.54
  33   41 0.43
  46   68 0.97
  44   71 0.30
  18   19 0.90
  12   37 0.50
  42   51 0.49
  57   62 0.62
  85   92 0.39
  91  122 0.91
  60   93 0.70
  30   47 0.75
  80   98 0.09

   3   35 0.48
  69   85 0.43
  18   46 0.24
  44   48 0.77
  50   76 0.17
  70   79 0.43
  89  111 0.74
 100  123 0.92
  30   35 0.65
   1   27 0.39
   2   30 0.36
  61   77 0.06
  25   46 0.81
  77  105 0.08
   1    6 0.22
  95  118 0.58
  14   16 0.69
  55   60 0.42
  63   83 0.45
   5   14 0.13
  39   66 0.82
   0   10 0.64
 101  123 0.66
  61   66 0.91
  93  104 0.12

  16   32 0.32
 100  124 0.42
  25   31 0.16
  72   87 0.57
  71   79 0.17
  79   85 0.60
  45   50 0.07
  65   79 0.78
   0   26 0.50
  97  130 0.33
  96  127 0.53
 101  132 0.57
  23   52 0.17
  69   74 0.60
  75   95 0.09
  82   87 0.35
  21   48 0.82
  53   81 0.82
   2   24 0.27
  72   89 0.35
  43   67 0.29
  63   75 0.99
   9   12 0.05
  50   55 0.46
 101  115 0.05

  22   50 0.95
  15   36 0.28
  66   99 0.45
  98  129 0.70
  64   85 0.75
  56   66 0.72
  18   30 0.40
  77   83 0.65
   8   25 0.95
  17   37 0.55
  14   19 0.61
  84   98 0.38
  20   42 0.80
  42   63 0.19
  48   62 0.57
  66   71 0.71
  50   62 0.69
   4    5 0.06
  88   98 0.96
  41   74 0.42
   4   35 0.18
  20   37 0.40
  26   37 0.35
   4   33 0.03
   1   34 0.92

