5 25 8
12    2   4   4   4   4  10  16  10   4   4  10   2

   6   27 0.27
   9   11 0.50
   3   21 0.66
   5   24 0.13
   6   21 0.96
   9   39 0.14
   4   30 0.08
   1   12 0.88
   6    9 0.13
   5   15 0.63
   6   23 0.98
   0   30 0.88
   2    6 0.44
   9   27 0.83
   8   36 0.66
   3   20 0.62
   2   17 0.70
  10   36 0.33
   8   32 0.65
  10   22 0.70
   1   22 0.51
  10   35 0.19
   5    7 0.05
   3   10 0.66
   0    2 0.68

   1   22 0.24
   2   15 0.75
   5    8 0.82
   8   38 0.54
   5   12 0.32
   8   11 0.93
   5    5 0.15
   5   15 0.56
   7   21 0.73
  10   13 0.75
   9   12 0.71
   8   10 0.20
   5   17 0.24
   6   14 0.32
  10   32 0.72
   3   12 0.55
   1    1 0.19
   1   11 0.20
   2   19 0.01
  10   38 0.59
   9   29 0.97
  10   10 0.44
   6   16 0.83
   1   12 0.45
   7   32 0.39

   1   15 0.70
   4   34 0.20
   1   29 0.34
   1   26 0.36
   9   19 0.53
   1    4 0.41
  10   12 0.14
   2   16 0.31
  10   32 0.07
   3   11 0.90
   4   26 0.99
   0    4 0.07
  10   32 0.42
   9   30 0.71
   8   33 0.43
   8   32 0.72
   1    8 0.69
   4    8 0.44
   3   24 0.08
   6   17 0.33
   4   33 0.48
   5    6 0.60
   7    9 0.71
   5    9 0.67
   2    9 0.49

   1   27 0.30
   2   33 0.76
  10   41 0.19
   8   31 0.83
   5   32 0.36
   4   32 0.49
   5   24 0.93
   8    9 0.55
   0    0 0.69
   4   26 0.74
   3   31 0.80
  10   43 0.94
   7   26 0.45
   2   11 0.91
   6   16 0.05
   4   33 0.11
   9   25 0.62
  10   14 0.82
  10   14 0.60
   6    8 0.30
   6   31 0.30
   2    4 0.51
   2   10 0.40
   6   39 0.95
   5   33 0.27

   6    6 0.89
   2   11 0.54
   8   31 0.63
  10   28 0.33
   5   10 0.35
  10   20 0.52
   5   16 0.08
   6    6 0.71
   6   37 0.19
   7   28 0.88
   9   18 0.56
   0    5 0.67
   6   38 0.38
   5   23 0.04
   6   23 0.65
   5   33 0.20
   0   29 0.33
   2   26 0.23
   0   29 0.71
   4   37 0.70
   8   12 0.47
   7   30 0.61
   9   21 0.89
  10   18 0.46
   4    9 0.83

   3   10 0.70
   8   20 0.83
   4   17 0.68
   5    7 0.64
   3   13 0.05
   4    4 0.99
  10   38 0.27
   9   22 0.62
   9   35 0.15
   3   31 0.63
   4   16 0.96
   9   23 0.06
  10   42 0.57
   0   21 0.87
   9   14 0.60
   9   42 0.21
   7   31 0.86
   1    1 0.16
   7   37 0.18
  10   23 0.57
   2   13 0.84
   5   20 0.76
   7   13 0.81
   3   15 0.17
   1    9 0.51

   5   16 0.07
   7   23 0.32
   2    3 0.19
   8   11 0.79
   4   28 0.78
   2   28 0.34
   9   26 0.83
   5   12 0.30
   1   20 0.42
   4   14 0.85
   8   40 0.86
   2   24 0.58
   3   29 0.47
   8   31 0.58
   3    8 0.63
   6   25 0.23
   6   34 0.10
   4   27 0.07
   9   28 0.33
   6   31 0.23
   1   21 0.00
   2   12 0.77
   4   27 0.13
   0   10 0.50
   5   33 0.52

   6   17 0.15
   5   21 0.37
   3   17 0.72
   2   34 0.52
   6   35 0.67
   7   24 0.62
   6   34 0.61
   5    7 0.39
   3    6 0.03
   8   14 0.62
   0   14 0.72
   1    7 0.73
   6   24 0.91
   8   26 0.34
  10   40 0.16
   5   16 0.22
   7   37 0.73
   4   24 0.74
   0   11 0.23
   8   19 0.40
   0   20 0.07
   4   31 0.01
   7   37 0.38
   8   37 0.45
   3   36 0.20

   8    8 0.10
   3   27 0.01
   3   23 0.56
   3   29 0.38
   3   10 0.99
   7   10 0.95
   8   25 0.75
   5   17 0.80
   6   39 0.26
   4   28 0.77
   0    0 0.60
   5   24 0.40
   7   23 0.74
   0   28 0.40
   1   29 0.79
   2   29 0.15
   0    1 0.52
   9   16 0.84
   8   32 0.32
   3   26 0.19
   3   20 0.22
   2   30 0.51
   1   24 0.89
   1    6 0.16
   0   24 0.39

  10   37 0.57
   4   34 0.74
   1    1 0.34
   7    8 0.14
   1   10 0.69
   2   25 0.20
  10   32 0.42
   8   33 0.27
   2   15 0.65
   9   12 0.95
   9   19 0.03
   3   35 0.52
   6   29 0.54
   8   23 0.67
   3   15 0.24
   6   14 0.29
   0    7 0.39
   6   29 0.22
   9   30 0.63
   6   35 0.67
   8   38 0.18
   0   18 0.86
   7   24 0.20
   5   32 0.54
   5   31 0.26

   1   10 0.41
   7   26 0.67
   0   13 0.05
  10   10 0.43
   5   18 0.13
   1   17 0.50
   3   11 0.41
   1    5 0.84
   3   15 0.01
   8   33 0.75
   8   29 0.21
   2   34 0.72
   8   39 0.66
   5   12 0.41
   4   29 0.56
   7   34 0.91
   8   22 0.17
   1   28 0.37
   6   35 0.79
   3   14 0.74
   8   14 0.26
   0   28 0.46
   9   11 0.01
   0    2 0.93
   9   31 0.24

   6   10 0.72
   3   11 0.21
   1   21 0.11
   2    4 0.98
  10   21 0.98
   2   19 0.79
   0   30 0.71
   6   21 0.13
   7   20 0.87
   5    6 0.10
   9   32 0.81
   6   30 0.48
  10   17 0.07
   8   13 0.32
   4   20 0.91
   7   37 0.73
   5    7 0.06
   2   12 0.31
   9   22 0.50
   6   22 0.93
   1   24 0.04
   0    9 0.19
   7   19 0.57
   0    4 0.82
   1   13 0.14

