5 25 4
12    4   2  10   4  10   2   2   2  10   4  20  16

  10   67 0.62
  20   78 0.53
  16   74 0.52
   1   67 0.01
  12   24 0.82
   5    7 0.68
  14   14 0.49
  12   26 0.13
   3   68 0.89
  10   42 0.67
   0   49 0.31
   0   25 0.72
   9   46 0.42
  19   37 0.63
   8   12 0.56
  25   95 0.77
  19   22 0.22
   1    5 0.29
   9   66 0.33
   0   14 0.63
  10   53 0.10
   7   26 0.53
  25   93 0.40
  11   71 0.81
  19   84 0.05

   0   65 0.87
   5   17 0.87
  13   39 0.11
   8   33 0.26
   6   42 0.26
   0   36 0.18
  20   31 0.85
   0   49 0.27
   6   74 0.37
  18   43 0.51
  10   83 0.90
   1   16 0.07
   9   46 0.52
  19   48 0.68
   4   35 0.56
   7   83 0.00
  18   36 0.15
   0    3 0.57
  24   33 0.65
   0   48 0.28
   1   28 0.73
  22   32 0.31
  25   85 0.52
   8   70 0.93
  14   46 0.37

  20   34 0.68
   5   54 0.99
   1   35 0.34
   7   54 0.04
  16   93 0.48
  12   50 0.04
   5   47 0.65
  10   53 0.42
   2   25 0.68
  16   86 0.39
   4    7 0.50
   6   52 0.82
  12   54 0.97
  20   59 0.91
   9   30 0.66
  23   23 0.26
   9   84 0.51
  13   50 0.53
   3   68 0.40
   1   41 0.52
  23   31 0.39
  10   24 0.39
  23   96 0.62
  19   38 0.78
  21   66 0.06

  12   75 0.94
  11   42 0.84
   5   24 0.49
  23   76 0.56
   6   67 0.65
  12   13 0.53
  20   78 0.37
   2   53 0.24
   3   57 0.06
   7   28 0.34
  18   25 0.75
  25   42 0.24
  11   51 0.95
   0   49 0.92
  10   10 0.23
  17   89 0.12
   1   51 0.79
  13   91 0.04
  15   32 0.31
  11   59 0.70
  19   94 0.59
  23   36 0.01
  22   59 0.80
  25   34 0.53
   2   35 0.42

  12   53 0.21
   2   37 0.28
  10   52 0.70
  16   83 0.84
  13   44 0.40
  16   74 0.67
   3   76 0.22
  10   74 0.11
   7   50 0.14
   3    3 0.42
  13   57 0.06
  12   29 0.74
  15   35 0.54
  21   61 0.06
   0   79 0.00
   6   27 0.75
   3   13 0.15
  22   57 0.13
  17   56 0.80
   6   83 0.19
   2   32 0.98
   7   47 0.07
  13   50 0.06
  20   91 0.36
   9   42 0.77

   2   57 0.98
  15   45 0.32
   3   82 0.74
  12   45 0.42
   3   62 0.86
  20   94 0.15
   7   58 0.53
  18   35 0.95
  14   28 0.19
  25   83 0.81
  24   29 0.66
   6   14 0.21
  16   49 0.95
  13   92 0.09
   4   59 0.40
   7   67 0.91
  20   32 0.49
  25   80 0.31
   4    6 0.54
  19   50 0.65
  13   32 0.47
   7   82 0.86
   6   77 0.34
  15   25 0.24
   0   11 0.19

   3   26 0.76
   7   66 0.96
   0   56 0.44
  23   67 0.37
  12   53 0.07
  10   71 0.20
  18   56 0.24
   0   70 0.22
   6   34 0.25
  22   64 0.08
  24   81 0.85
   0   10 0.36
   5   27 0.93
  19   38 0.54
  19   82 0.05
  13   30 0.49
  25   89 0.67
  12   25 0.48
   0   26 0.41
  10   73 0.38
   0    6 0.99
  23   32 0.50
   4   78 0.90
  21   99 0.53
  15   62 0.93

  19   57 0.04
  13   22 0.09
   0    4 0.33
  24   38 0.00
   7   43 0.59
   5   65 0.05
   7   62 0.40
  17   90 0.79
   8   66 0.38
  23   79 0.45
   2   52 0.90
   5   62 0.60
  15   26 0.52
  18   37 0.41
  25   49 0.61
  25   28 0.99
  12   16 0.89
  23   83 0.80
   0   25 0.84
  20   73 0.05
  17   91 0.53
  15   27 0.36
   6   42 0.92
  17   70 0.74
  18   84 0.56

  19   65 0.97
  18   62 0.35
  21   27 0.56
   3   68 0.43
  17   93 0.55
   3   80 0.51
   8   35 0.01
  19   40 0.54
  24   36 0.62
  10   59 0.35
   9   41 0.91
  19   70 0.27
  12   54 0.11
  20   67 0.73
   6   28 0.06
   2   53 0.14
  25   95 0.37
  16   36 0.73
   2   49 0.39
   7   17 0.93
  21   70 0.24
  22   90 0.84
  18   76 0.19
   4   11 0.42
  10   61 0.29

  16   34 0.15
   2   50 0.93
   3   35 0.34
  24   56 0.02
  24   71 0.33
  18   82 0.84
  19   32 0.37
  11   39 0.96
  11   43 0.63
  23   62 0.99
  24   29 0.36
  10   38 0.71
  22   57 0.87
  10   13 0.07
   6   46 0.83
  12   74 0.21
  19   39 0.59
  19   92 0.35
  11   24 0.92
   7   65 0.61
  22   49 0.30
  10   63 0.81
  14   76 0.82
   4   14 0.41
   9   81 0.27

   8   58 0.48
   5    6 0.09
  25   48 0.06
   1    3 0.13
   0   57 0.57
  14   22 0.73
   1   55 0.23
  23   68 0.84
   8   86 0.99
  15   43 0.54
  14   81 0.98
  20   62 0.11
  10   67 0.98
  20   41 0.63
   4   80 0.38
  21   56 0.93
  20   54 0.81
  23   52 0.50
  14   46 0.53
   3   58 0.92
   1   33 0.07
  12   19 0.99
  16   56 0.32
  21   57 0.34
  20   54 0.68

  20   78 0.47
  24   93 0.11
  19   70 0.06
   5   35 0.76
   5   23 0.27
  22   34 0.00
   9   81 0.91
  24   82 0.21
  25   66 0.42
   1   64 0.26
   1   27 0.84
  11   68 0.68
   4   38 0.88
  17   78 0.03
   4   20 0.09
  10   66 0.89
   4   42 0.43
  16   28 0.09
  20   97 0.76
  22   46 0.92
   7   10 0.62
   8   45 0.08
  16   62 0.66
   4   66 0.46
  20   70 0.80

