4 100 4
3   16   2  16

 122  173 0.50
 144  174 0.81
 124  133 0.61
  46  141 0.22
   7  150 0.91
  39  136 0.02
 123  150 0.31
  38   64 0.77
  68  210 0.46
  70   71 0.43
 140  286 0.94
  57   77 0.93
  53  182 0.34
   5   92 0.92
  99  237 0.48
   3   66 0.94
  80   94 0.17
  79  227 0.48
 148  244 0.09
  99  219 0.55
 141  223 0.61
 144  203 0.82
  48   90 0.15
 134  170 0.89
  92  189 0.29
  24   66 0.48
  11  168 0.31
 107  191 0.45
  31  189 0.12
 129  203 0.74
 142  180 0.51
 149  180 0.42
 122  160 0.06
  99  217 0.01
  93  187 0.45
  12   82 0.94
 127  127 0.62
  24   53 0.57
  92  131 0.68
  25  151 0.69
  75  156 0.88
 120  191 0.36
  75  119 0.40
 148  272 0.35
 128  178 0.05
 135  212 0.09
  32   62 0.75
  22  113 0.40
  93  158 0.92
 125  125 0.44
 154  270 0.33
  15  139 0.54
  26   95 0.91
 121  132 0.02
  32   82 0.03
  20  153 0.26
  95  197 0.77
 132  151 0.08
  24   46 0.68
  94  169 0.53
  11  113 0.01
 145  298 0.95
 106  188 0.69
  16   44 0.24
  35  193 0.23
  55  178 0.87
 149  227 0.67
  44  139 0.34
  84  146 0.81
 138  202 0.68
  67  154 0.58
 105  174 0.85
  59  203 0.13
  78  187 0.65
  64  194 0.54
 109  168 0.52
  95  180 0.10
  22   70 0.04
  58   83 0.73
  68   98 0.64
  90  187 0.88
  77  127 0.37
 140  251 0.03
  33  159 0.85
 133  182 0.16
  13  124 0.46
  64  135 0.89
  37  179 0.47
  54  185 0.08
  65  205 0.70
  63   67 0.42
  20   67 0.44
   8   67 0.79
  45  146 0.06
  39  136 0.85
  14  167 0.15
  61  149 0.00
 156  279 0.89
 150  219 0.67
 158  214 0.14

 117  240 0.99
   6   20 0.15
  50  197 0.20
  49   93 0.73
  98  165 0.12
  12  115 0.64
  27   44 0.09
  97  189 0.47
  25  164 0.24
   6   59 0.56
 138  267 0.34
  90  241 0.01
  36  178 0.21
 104  142 0.78
  87  197 0.95
  22   51 0.88
 109  209 0.17
  24  105 0.02
  12   86 0.39
  74  131 0.06
 149  283 0.45
   8   84 0.52
  33   49 0.11
  61   68 0.41
  60   84 0.35
  45   81 0.78
 151  243 0.17
  43   83 0.08
  66  161 0.06
  91  119 0.96
  26   72 0.62
  79  184 0.42
  49  104 0.53
  37   37 0.26
 148  290 0.36
 151  188 0.31
  16   33 0.06
  86  232 0.62
  11  166 0.84
  20  130 0.56
 153  160 0.43
  80  234 0.23
  50  192 0.38
  85  172 0.67
  84   93 0.42
  36   94 0.85
  34   48 0.94
 111  173 0.07
  82  127 0.86
 129  271 0.34
  38  193 0.11
  52   66 0.86
 155  286 0.41
  15  112 0.28
  97  146 0.09
  17   83 0.64
 148  217 0.68
  91  231 0.57
  95  125 0.75
  27  101 0.14
 154  162 0.76
   5  104 0.20
 129  223 0.70
   5   33 0.63
  23  145 0.95
 149  177 0.73
  85  104 0.42
 118  252 0.85
 154  181 0.50
  50  138 0.15
  22   22 0.94
 135  284 0.24
 136  188 0.44
  98  205 0.43
 146  190 0.89
  88   95 0.03
  63  117 0.68
  31  120 0.32
  20  165 0.26
   5   75 0.23
  82  156 0.98
   2   83 0.54
  94  164 0.19
 156  207 0.80
  25   81 0.20
 100  168 0.04
  87  239 0.39
  20  176 0.74
  85  124 0.31
  86  174 0.01
 123  162 0.57
   6  124 0.65
 109  184 0.43
  38   57 0.33
 127  131 0.88
 117  164 0.92
  70  219 0.92
 101  227 0.35
 158  182 0.28
  97  158 0.06

  70  156 0.65
  42  172 0.10
 150  288 0.69
  27  178 0.58
 114  178 0.83
  27   80 0.29
 101  227 0.15
 119  210 0.31
  30   86 0.14
  38  164 0.60
  12   42 0.88
 130  135 0.51
 127  147 0.14
 126  151 0.81
  53  129 0.37
 118  148 0.74
  18   87 0.65
 118  164 0.10
  63  221 0.48
   7  136 0.34
  18  164 0.55
  92  219 0.83
 117  187 0.90
  70  181 0.81
  59  153 0.39
 152  265 0.38
 152  161 0.53
 104  108 0.13
  67  133 0.25
  90  148 0.10
  32   96 0.47
 108  229 0.23
 140  206 0.35
  78  220 0.25
 123  278 0.76
 119  171 0.74
 112  153 0.35
  24  169 0.41
 150  175 0.36
  48  137 0.66
  65  113 0.29
  44   71 0.65
  88  241 0.89
 145  219 0.76
 137  189 0.38
 147  289 0.84
  96  172 0.92
 104  191 0.39
 153  236 0.29
  58  137 0.42
  58  120 0.26
 106  196 0.76
  11   55 0.89
   1   12 0.83
  56  151 0.17
  55   55 0.31
  24  145 0.59
  12  111 0.32
  76  110 0.08
 128  149 0.79
 122  144 0.93
  22   85 0.00
  60  113 0.07
 104  200 0.83
 145  196 0.11
  22  109 0.70
 104  239 0.54
 109  118 0.24
  43  130 0.57
  34  102 0.51
  40  178 0.28
 137  203 0.37
 115  207 0.60
 145  157 0.43
 129  158 0.40
 153  296 0.21
  51  181 0.61
  31  163 0.39
  23  137 0.04
 157  298 0.00
 158  239 0.95
  78  220 0.22
  46   64 0.32
  76  225 0.37
 101  198 0.65
   9   32 0.29
  65  102 0.80
  44  128 0.42
  51  171 0.00
  15   64 0.39
  72  210 0.68
   4  158 0.49
  30  118 0.76
  96  209 0.58
  94  126 0.04
  73  101 0.18
  47  128 0.46
 139  210 0.46
  52  182 0.53
  84  112 0.93

