3 100 4
3    2  20   2

  38  102 0.57
  74  179 0.99
  94  228 0.42
  72  175 0.79
  89  179 0.21
  88  124 0.35
  66  208 0.53
  57   60 0.64
   1  103 0.03
  40  109 0.14
  61  163 0.94
   8   85 0.45
   8  113 0.05
  98  161 0.48
  36  167 0.16
  57  194 0.23
  61   78 0.54
  50  135 0.39
  19  136 0.54
  56  140 0.26
   3  149 0.18
   3   97 0.05
  86  136 0.03
  86  228 0.11
  99  244 0.88
  27  168 0.11
  33   60 0.81
  62  163 0.22
  33  119 0.00
  96  193 0.56
  71  186 0.76
   3  112 0.03
  89   95 0.17
  87  129 0.39
  59  124 0.61
  58   89 0.11
   8  131 0.34
  12   94 0.56
  23  150 0.67
  13   37 0.35
  79   95 0.47
  62  179 0.68
  22  120 0.29
  71  115 0.78
  44  168 0.71
  15   71 0.40
  28   51 0.68
  18  133 0.53
  63  129 0.08
  57  140 0.83
  59  134 0.98
   4  128 0.24
  92  133 0.99
  10  107 0.47
  65   82 0.40
  58   70 0.25
  14  143 0.56
  10   18 0.69
  60  153 0.68
  95  142 0.74
  18  143 0.28
  24  121 0.86
  81   81 0.15
  63  122 0.75
  58   69 0.10
  71  132 0.05
  68  153 0.13
  93  109 0.39
  84  181 0.20
  41  162 0.28
  58  118 0.41
  78   85 0.17
  63  163 0.06
  48  122 0.51
  81  202 0.83
  79   92 0.62
  92  203 0.55
   7  142 0.15
   5   46 0.71
  47  182 0.25
  95  176 0.87
  79  179 0.30
  43  133 0.16
  25   66 0.68
  18   32 0.00
  55  192 0.18
  87  191 0.65
  91  149 0.90
  75   96 0.57
  74   99 0.75
   0   24 0.31
  44  164 0.96
  91  220 0.59
  43  152 0.09
  11  141 0.44
  86  191 0.68
  95  154 0.25
  13   90 0.07
  57  202 0.66
  43  104 0.79

  74  220 0.62
  28   44 0.37
   9   93 0.75
  97  126 0.42
  62  179 0.90
  39  136 0.32
  82   98 0.32
  99  153 0.64
  39  156 0.23
  99  164 0.59
  51  180 0.20
  15   94 0.30
  69  182 0.68
  84  143 0.16
  95  148 0.67
   1   64 0.56
  10   34 0.70
  46  102 0.12
  88  173 0.83
  58  167 0.62
   4  126 0.69
  58  160 0.75
  71  160 0.89
  77  129 0.93
  59   70 0.01
  82  215 0.96
  55  152 0.11
  52  117 0.83
  78  184 0.26
  63   95 0.72
  70  173 0.77
   7   79 0.44
  10  121 0.77
   1  122 0.45
  38  156 0.74
  97  105 0.27
  19  118 0.21
  70  191 0.33
  41   52 0.41
   3  150 0.53
  17   81 0.97
  59   62 0.63
  70  197 0.84
  78  202 0.41
  34   67 0.39
  36  133 0.65
  48  124 0.36
  83  161 0.52
  76  181 0.20
  67  176 0.55
  24   50 0.97
  45   98 0.82
  61  110 0.25
  59  176 0.72
  56  123 0.51
  34  101 0.64
  50  119 0.94
  81  121 0.23
  31   51 0.37
  94  146 0.68
  83   92 0.57
  63  188 0.92
  59  138 0.17
  53  122 0.50
  75   90 0.37
  32   92 0.82
  99  179 0.45
  98  150 0.68
  71  139 0.00
  39  106 0.03
  49   86 0.25
   0   92 0.97
  44  156 0.66
  35  168 0.59
  62  114 0.98
  44   74 0.45
  98  234 0.99
  91  156 0.30
   4  141 0.53
  60  144 0.17
  39  147 0.24
  78  131 0.21
  11   17 0.51
  66  102 0.69
   3   77 0.61
  73  106 0.58
  19   89 0.08
  60  137 0.10
  69  177 0.05
  28   59 0.10
  81  180 0.41
  31  147 0.50
  23  100 0.05
  18  148 0.42
  16   89 0.83
  22   78 0.40
   2  122 0.14
  72  176 0.26
  71  129 0.32
   1   42 0.44

  29  127 0.70
  68   70 0.83
   5   35 0.57
  65  114 0.59
  86   92 0.74
  83  102 0.83
  11   63 0.38
  42   46 0.15
  40  168 0.26
  36  119 0.49
  76  198 0.77
  86   99 0.15
  39  159 0.80
  86  211 0.21
  89  106 0.21
  80  138 0.64
  50  137 0.96
  88  112 0.53
  92  206 0.76
  66  170 0.95
  76  173 0.96
  19  156 0.49
  40  116 0.83
  35  149 0.77
  42  181 0.71
  28  118 0.60
  74  135 0.22
  21  104 0.91
  38  161 0.72
  50  141 0.92
  53   97 0.48
  97  182 0.84
  63   92 0.25
  11   72 0.67
  14   76 0.92
  46  180 0.72
  55  150 0.01
  74  122 0.51
  97  178 0.12
  23  148 0.71
   1   46 0.74
  16  148 0.56
  52  134 0.77
  60   89 0.37
   1   32 0.17
  44  190 0.38
  54  196 0.92
  40   89 0.51
  25  126 0.92
  51  166 0.97
  87  103 0.19
   1   77 0.50
  74  186 0.89
  29   38 0.40
  27   33 0.24
  31   78 0.75
  79  158 0.00
  20   68 0.41
  39   87 0.66
  98  186 0.15
  16  123 0.03
  11  133 0.68
  71  107 0.76
  94  107 0.00
  41  168 0.63
  82  157 0.77
  21  109 0.06
  28   33 0.99
  84  180 0.46
  90  156 0.15
  89  231 0.01
  19   46 0.80
  57   60 0.44
  75  171 0.37
  25   86 0.51
  75   87 0.43
  61   99 0.27
  48   98 0.02
  95  190 0.47
  81  189 0.65
  49   94 0.23
  12   93 0.90
  85  103 0.58
  15  128 0.71
  84  166 0.69
  11   39 0.23
  28   49 0.30
  66   69 0.22
  42  123 0.46
  52  177 0.01
  93  178 0.03
  34   35 0.50
  79   91 0.94
   0   18 0.17
   8  135 0.36
  56  182 0.83
  36  174 0.97
  21  100 0.23
  14   38 0.95
  62  171 0.37

