5 80 8
3    2  10   4

  21   23 0.41
   5   10 0.00
   4   10 0.66
  19   19 0.99
  10   16 0.17
   7    8 0.42
   6   13 0.08
  15   18 0.11
  18   23 0.78
  20   22 0.34
  17   22 0.97
  20   27 0.96
  10   15 0.97
   5   10 0.90
  21   24 0.60
  19   23 0.14
  17   17 0.24
  11   14 0.00
   7    8 0.89
  10   13 0.57
   1    8 0.07
  15   20 0.18
  22   22 0.62
  13   18 0.18
  15   22 0.19
   2    4 0.24
   0    6 0.43
   6   11 0.62
  18   20 0.26
   0    1 0.83
   5    8 0.02
   0    4 0.38
   9    9 0.60
   1    4 0.79
  12   17 0.71
   8   12 0.38
   9   15 0.53
  18   21 0.50
  21   21 0.51
  23   30 0.53
  21   21 0.98
   8    8 0.80
  16   18 0.84
  19   19 0.20
  14   16 0.93
  14   16 0.03
  20   25 0.56
   5    7 0.97
  22   27 0.56
   9   13 0.93
  19   24 0.86
  16   17 0.02
   0    7 0.98
   1    2 0.02
   4    8 0.46
  23   29 0.10
   2    5 0.72
  10   12 0.26
  16   19 0.35
  23   30 0.23
  22   24 0.40
  19   26 0.87
  10   14 0.22
  14   20 0.25
  21   22 0.47
  14   19 0.27
   1    6 0.93
  19   20 0.15
  21   26 0.44
   9   16 0.21
  16   23 0.57
   8   11 0.35
   5    8 0.94
  19   19 0.69
   1    7 0.64
  12   13 0.71
   7   11 0.83
   2    2 0.96
  13   16 0.70
  21   28 0.46

   6    6 0.52
   4    9 0.01
  15   15 0.90
  14   18 0.92
   8    9 0.71
   3    7 0.33
  18   20 0.56
  12   16 0.97
   6    9 0.79
  14   14 0.98
  16   21 0.69
  23   27 0.11
   9   12 0.56
  13   16 0.71
  13   17 0.55
   6   10 0.38
   7   11 0.22
   5    8 0.06
  11   11 0.42
   3    3 0.96
   8    9 0.58
  12   19 0.62
   7    9 0.66
   0    7 0.86
   2    9 0.91
  22   24 0.02
  12   15 0.38
   9   10 0.73
   4    5 0.70
  16   23 0.22
  15   18 0.12
  19   22 0.77
   1    3 0.33
  12   18 0.77
  12   12 0.23
  21   26 0.10
  11   16 0.72
   6   12 0.19
  23   25 0.14
   6   12 0.25
   2    3 0.57
  13   17 0.56
  13   16 0.33
   6   11 0.10
  21   24 0.00
  14   17 0.08
   5    8 0.41
  16   20 0.33
  17   20 0.02
   4    9 0.28
   9   14 0.79
  15   16 0.10
  16   19 0.52
  20   21 0.82
   9   12 0.50
  16   21 0.04
   5    9 0.59
  16   22 0.69
  10   11 0.46
  16   17 0.35
   5    7 0.74
   9   16 0.00
   3   10 0.24
   7   12 0.14
  23   25 0.18
  17   24 0.92
  17   17 0.15
  20   23 0.62
  15   18 0.32
   1    8 0.63
   4    6 0.70
  19   23 0.84
   8   11 0.88
  16   22 0.91
  10   16 0.55
  19   21 0.92
   1    4 0.22
   4    5 0.98
  18   20 0.52
  12   18 0.03

  18   22 0.47
  13   16 0.55
  12   16 0.08
  16   19 0.38
  23   25 0.33
  16   23 0.85
  15   17 0.72
  16   19 0.99
  12   13 0.01
  17   20 0.06
  19   25 0.08
  18   18 0.91
  10   17 0.71
  11   11 0.83
  17   24 0.40
   1    7 0.90
   1    3 0.67
  20   20 0.31
  15   20 0.75
  21   28 0.07
   6    9 0.04
  12   19 0.74
   9   13 0.05
  19   26 0.00
   7    9 0.99
  14   20 0.15
  21   26 0.11
   8   10 0.53
  13   15 0.93
   1    5 0.08
  13   13 0.51
   9   12 0.82
   2    2 0.15
   0    5 0.64
  19   25 0.13
  14   21 0.54
   4    4 0.61
   8    8 0.10
   8   13 0.26
  16   17 0.85
   0    7 0.89
  17   20 0.64
   6   10 0.19
  23   30 0.71
   2    2 0.26
  17   19 0.87
  15   17 0.53
  16   21 0.39
   5    5 0.41
   4    5 0.97
   6    7 0.26
   6    7 0.01
  15   19 0.91
  23   30 0.55
   5    5 0.91
   0    7 0.43
  23   28 0.75
  15   19 0.21
   6    6 0.20
  19   25 0.17
  17   19 0.34
  12   15 0.39
  14   20 0.99
  16   18 0.11
   9   15 0.68
   4    8 0.14
  15   17 0.17
   9   13 0.24
   6    9 0.85
   5    8 0.61
  13   19 0.66
  23   23 0.20
  10   17 0.68
   9   15 0.44
  20   23 0.56
  15   20 0.54
  15   19 0.18
   8   14 0.27
  16   16 0.90
  13   16 0.42

