5 60 4
3    2  20  10

  16   53 0.72
   5    7 0.56
  22   46 0.80
   0   28 0.19
   0   10 0.53
   4   14 0.13
  16   23 0.90
  15   40 0.91
  19   29 0.23
  16   31 0.62
   6   11 0.93
  18   28 0.52
  19   36 0.84
   5   29 0.39
  11   40 0.66
  18   53 0.12
  20   61 0.94
   9   40 0.49
   9   24 0.01
   1   22 0.51
  18   25 0.84
  13   51 0.21
   0   12 0.26
  23   64 0.27
  12   51 0.89
  19   60 0.64
  17   48 0.17
   5   50 0.95
   8   12 0.28
   8   13 0.78
  10   24 0.77
  21   40 0.18
  17   27 0.37
  20   45 0.45
  11   29 0.53
   9   32 0.43
  13   45 0.79
   0   27 0.29
   9   29 0.64
  12   12 0.12
  11   11 0.91
   7   52 0.80
  19   60 0.38
   7   34 0.17
  13   54 0.93
  17   35 0.78
   3   18 0.62
  21   40 0.47
  17   24 0.40
  12   23 0.14
  23   47 0.65
  17   38 0.60
  14   48 0.51
  20   58 0.46
   8   14 0.39
  14   16 0.95
  20   25 0.65
  12   52 0.98
   1    9 0.01
  15   53 0.92

  12   12 0.56
  22   63 0.78
   3    8 0.83
   0   24 0.26
   9   25 0.38
  16   32 0.96
  23   30 0.24
  21   55 0.85
   6   35 0.29
  23   55 0.29
  13   22 0.22
  19   54 0.31
   9   45 0.09
  17   36 0.59
  13   17 0.58
  12   29 0.77
   7   14 0.50
   6   44 0.69
  19   58 0.00
  23   59 0.56
  10   12 0.26
  23   43 0.09
  16   54 0.75
  15   32 0.76
   8   55 0.28
  18   56 0.92
  14   35 0.65
   3   39 0.37
   5   50 0.51
  21   47 0.83
   2    7 0.12
  22   22 0.29
  20   65 0.97
   1    4 0.82
   0   46 0.68
  23   34 0.22
   8   38 0.99
   1   34 0.82
  19   48 0.68
  12   33 0.57
   1   42 0.65
  19   36 0.39
   4   36 0.38
   3   27 0.54
  20   51 0.21
  14   54 0.90
  20   52 0.46
  18   56 0.00
  11   45 0.81
  13   24 0.11
  20   67 0.09
   9   56 0.60
   7   40 0.61
   4   38 0.91
   4   39 0.15
  20   21 0.98
  10   51 0.77
   1   47 0.44
  10   44 0.59
  13   49 0.91

   1   25 0.59
  20   27 0.81
  21   67 0.35
  17   22 0.50
   8   28 0.20
  18   60 0.00
  10   44 0.23
  10   13 0.04
   8   36 0.17
  23   41 0.74
  22   52 0.41
  22   30 0.46
  22   51 0.44
  11   17 0.74
   4   36 0.81
  14   56 0.89
  22   46 0.79
  22   25 0.69
  17   37 0.42
  17   34 0.36
  15   33 0.69
   7   33 0.97
   5   35 0.81
  18   60 0.10
  23   68 0.59
   1   30 0.19
  12   50 0.80
   0   29 0.05
   2   23 0.49
  15   36 0.77
   5   24 0.78
  21   49 0.31
  14   60 0.13
  19   42 0.23
   1   44 0.98
   1   14 0.38
   2   46 0.55
  10   49 0.34
   0   10 0.41
  16   40 0.05
   7   10 0.26
  10   54 0.84
   0   33 0.84
  10   46 0.57
  15   48 0.14
  22   44 0.99
   7   24 0.93
   1   31 0.02
   5   13 0.43
  17   62 0.28
   2   26 0.33
  16   43 0.07
  20   21 0.85
   2   29 0.97
   6   18 0.75
  11   27 0.16
  20   34 0.45
   0   12 0.53
  15   53 0.87
  18   48 0.54

