3 20 4
12   16   4  16  16   4   2   4  20   2   4   2   4

  63   88 0.72
  53   70 0.74
  36   69 0.60
   8   26 0.53
  65   92 0.12
  52   74 0.94
   5   21 0.30
  46   82 0.67
   9   39 0.66
  21   52 0.66
   1    6 0.25
  10   36 0.01
   4    9 0.28
   1   35 0.17
   0   28 0.80
  73   88 0.77
  74   80 0.55
  15   16 0.96
  49   63 0.70
  43   68 0.33

  49   56 0.15
  65   77 0.38
  45   49 0.27
  20   46 0.77
  28   43 0.78
  22   46 0.99
  62  100 0.18
  71  107 0.06
  17   53 0.46
  49   51 0.66
  77  104 0.34
  38   51 0.88
  35   49 0.06
  11   44 0.24
  19   57 0.51
  35   55 0.35
  40   54 0.37
  77  102 0.81
  60   84 0.98
  56   69 0.49

  26   48 0.42
   1   36 0.30
  24   55 0.04
  35   48 0.67
  24   57 0.46
  73   93 0.02
  77   83 0.54
  45   83 0.31
  59   83 0.71
  55   55 0.65
  43   66 0.76
  24   25 0.65
  51   84 0.07
  74   88 0.97
   6   32 0.84
   6   15 0.66
  42   52 0.20
  40   60 0.32
  61   81 0.81
  77  111 0.37

  11   11 0.51
   0   24 0.51
   3   20 0.45
  67   81 0.91
  52   66 0.34
  37   73 0.57
  51   70 0.07
  25   45 0.36
  61   77 0.63
  24   47 0.19
   1   15 0.67
  62   67 0.46
  18   45 0.95
  24   30 0.37
  76  112 0.63
   6   23 0.30
  28   48 0.31
  39   59 0.90
  50   84 0.43
  37   64 0.61

  30   44 0.81
   4   29 0.79
  73  102 0.72
  55   63 0.21
  54   62 0.65
  17   20 0.34
  56   90 0.86
  28   43 0.20
  60   94 0.21
  57   73 0.00
  42   58 0.31
  72   75 0.01
  37   57 0.63
  29   33 0.27
  73   86 0.06
   0   12 0.09
  18   50 0.77
  71  100 0.59
  23   49 0.64
   1    7 0.68

  29   48 0.23
  61   71 0.91
  42   54 0.97
  29   46 0.69
   5   24 0.47
  41   49 0.44
  73   84 0.14
  76   99 0.10
   8   26 0.76
  12   28 0.64
  63   74 0.34
  45   54 0.95
   3   34 0.57
  41   70 0.03
  15   18 0.18
  76   91 0.04
   6   24 0.80
  34   49 0.42
  26   61 0.58
  69   72 0.57

  28   32 0.39
  25   50 0.20
  12   33 0.21
  52   82 0.62
  47   50 0.14
  69  101 0.46
  50   62 0.22
  19   50 0.92
  74  102 0.86
  63  101 0.70
  46   53 0.40
   5   40 0.32
  12   42 0.67
  66   95 0.43
  34   67 0.11
  55   88 0.73
  41   79 0.61
  67   73 0.55
  16   26 0.81
  39   54 0.82

  48   80 0.88
   0   23 0.77
  29   45 0.13
   7   12 0.37
   8   35 0.68
  73   87 0.80
   4   22 0.53
  40   65 0.10
  12   34 0.28
   0   37 0.20
   8   33 0.50
  19   37 0.68
  15   51 0.34
  71  109 0.51
  63   85 0.10
   6   11 0.13
  23   55 0.24
  35   52 0.87
  77   90 0.89
  14   29 0.59

  48   66 0.85
  49   63 0.11
  35   38 0.61
   7   17 0.50
  71   93 0.34
  66   66 0.83
  51   58 0.27
  60   72 0.88
  19   27 0.26
  50   64 0.25
  17   25 0.96
  65   79 0.84
  12   18 0.31
  62   97 0.40
  55   71 0.22
  15   15 0.27
  20   22 0.26
  67   78 0.42
  18   53 0.27
  63   69 0.91

  34   71 0.42
   6   30 0.25
  19   54 0.46
  58   70 0.84
  46   79 0.36
   4    6 0.42
  59   73 0.76
  35   41 0.28
  31   65 0.02
  53   53 0.35
  43   77 0.99
   4   16 0.42
  31   58 0.34
  65   92 0.85
  39   69 0.33
   4    8 0.03
  70   81 0.13
  70  103 0.25
  48   72 0.87
  74  106 0.49

  19   20 0.12
  21   31 0.90
  18   53 0.70
  44   61 0.39
  12   37 0.21
  55   72 0.38
  70   95 0.70
  32   49 0.17
  63   77 0.73
  29   52 0.99
  58   66 0.66
  20   37 0.59
  41   44 0.37
  26   64 0.20
  66  101 0.56
   7   32 0.47
  11   14 0.11
  50   73 0.84
  41   70 0.65
  61   84 0.49

  49   80 0.39
  46   70 0.33
  29   32 0.07
  70  100 0.77
  45   55 0.30
  31   32 0.45
  75   85 0.06
  48   71 0.00
  12   49 0.50
  25   62 0.10
  45   52 0.68
  27   49 0.63
  32   55 0.18
  51   76 0.35
  66   83 0.64
  77  100 0.95
   2   39 0.63
  67   81 0.83
  41   67 0.57
   5   32 0.31

