3 80 4
3   10   4  20

   8   50 0.12
  13   34 0.81
  32   37 0.78
  51   93 0.15
  53   95 0.99
   0   39 0.22
  50   53 0.50
   7   37 0.11
   0   44 0.57
  44   48 0.02
  32   60 0.28
  38   48 0.28
  51   66 0.14
  52   96 0.76
  37   86 0.52
  24   27 0.11
   9   52 0.77
  16   70 0.25
  44   84 0.00
   0    4 0.97
  34   46 0.59
  49   87 0.95
  36   77 0.91
  51   97 0.35
  25   55 0.64
  31   33 0.79
  31   52 0.56
  15   63 0.89
  13   38 0.36
  14   66 0.60
   0    3 0.33
   5    7 0.16
  46   93 0.45
   4   54 0.90
  37   40 0.75
  32   48 0.78
  34   47 0.99
  54   73 0.07
  43   90 0.45
  38   50 0.26
  24   71 0.88
  36   80 0.91
  33   55 0.64
  14   42 0.40
  27   50 0.41
  42   61 0.74
  22   25 0.70
  11   25 0.19
  19   41 0.98
  17   51 0.42
  30   76 0.22
  32   48 0.92
  32   60 0.10
  54   62 0.74
   3   53 0.23
  13   40 0.00
  23   45 0.45
  17   21 0.11
  24   47 0.07
  34   52 0.09
  17   39 0.78
  49   92 0.94
   3   12 0.51
  50   57 0.33
  42   49 0.59
  38   57 0.45
   2   35 0.00
  49   72 0.96
  38   79 0.24
  23   47 0.57
   6   16 0.68
  33   55 0.27
  42   76 0.43
  37   75 0.76
   0   31 0.53
  26   71 0.93
   9   47 0.57
  32   48 0.91
  40   59 0.30
  48   98 0.73

  13   22 0.97
  10   42 0.18
   4   14 0.84
  42   42 0.33
  33   35 0.87
  17   23 0.39
   0   30 0.63
   0    0 0.26
  28   63 0.52
  48   93 0.00
  11   16 0.17
  52   91 0.16
  15   53 0.48
  48   60 0.24
  26   75 0.70
  13   31 0.20
  49   83 0.57
   3   45 0.20
  47   63 0.97
  16   70 0.19
  42   65 0.90
  50   79 0.18
  36   41 0.70
   8   36 0.85
  23   69 0.39
  17   53 0.34
  20   59 0.97
  48  100 0.90
  29   43 0.91
   7   18 0.60
  11   36 0.78
   7   16 0.92
  24   42 0.06
  42   96 0.06
   6   24 0.18
  12   33 0.93
  45   99 0.13
   3   36 0.58
  21   35 0.29
  34   39 0.14
  22   59 0.79
  37   51 0.18
  47   67 0.20
  13   20 0.89
  30   41 0.65
  44   75 0.26
   6    9 0.14
  22   33 0.75
   5   45 0.37
  36   82 0.14
  44   75 0.18
  20   59 0.05
  29   84 0.58
  32   51 0.45
  53  101 0.99
  51   57 0.64
  37   41 0.19
  21   51 0.01
  31   52 0.03
  18   21 0.11
  45   74 0.58
  15   27 0.28
   6   51 0.19
   8   41 0.09
  11   22 0.62
   2   48 0.19
  28   58 0.64
  39   86 0.43
  37   70 0.25
  11   50 0.06
   0   10 0.94
  12   62 0.19
  55   67 0.86
  48   78 0.32
  30   61 0.30
   5   55 0.69
  38   49 0.03
  29   34 0.47
  55   85 0.66
   5   30 0.09

  29   62 0.31
   9   41 0.22
  25   63 0.23
  52   68 0.77
  23   25 0.08
   1   50 0.01
   1   11 0.23
  43   47 0.77
  46   65 0.60
  20   22 0.09
  23   32 0.54
  55   87 0.69
  11   16 0.51
  39   75 0.17
   2    7 0.86
  19   55 0.50
  54   80 0.93
  49  104 0.00
   5   28 0.34
  19   64 0.59
  16   65 0.43
  34   36 0.72
  50   91 0.23
  54   68 0.14
  46   78 0.71
  24   37 0.03
  38   82 0.66
  21   37 0.06
   0    8 0.11
  10   15 0.53
  20   30 0.72
  42   47 0.23
  50   79 0.72
  17   32 0.33
  45   76 0.44
  34   36 0.00
  41   87 0.67
  44   83 0.67
  15   35 0.70
  38   59 0.91
   9   11 0.73
  11   13 0.81
  13   58 0.04
  15   67 0.47
  47   92 0.81
  31   65 0.29
  55   99 0.29
  24   40 0.90
  10   19 0.99
  16   42 0.88
  19   48 0.48
  17   66 0.58
  46   78 0.70
   7   33 0.92
  11   30 0.06
  17   60 0.25
  51   60 0.55
  13   49 0.23
  32   35 0.88
   3    3 0.19
  51   52 0.59
  20   43 0.14
  39   80 0.63
  37   92 0.03
  50   63 0.88
  53   96 0.67
  25   49 0.57
  29   82 0.01
   2   31 0.80
  18   23 0.99
  41   79 0.56
  14   64 0.95
  39   66 0.35
  29   58 0.43
   1   55 0.52
  41   80 0.97
  47   91 0.42
  40   46 0.77
  45   85 0.62
   7   61 0.25

