4 50 4
6   16   2  10   4  10   4

  10   42 0.15
   8   18 0.37
  13   41 0.42
  23   25 0.65
  20   31 0.07
  27   37 0.68
  14   67 0.26
  29   99 0.79
   6   22 0.69
   5   72 0.19
  29   51 0.29
  20   47 0.04
  11   61 0.10
   8   14 0.14
  10   67 0.63
   2   69 0.65
  10   15 0.04
  13   74 0.44
  32   39 0.59
  22   64 0.57
   7   66 0.89
  30   87 0.84
  13   77 0.14
   2   18 0.87
   9   53 0.00
  24   73 0.20
  27   87 0.03
   2   64 0.57
   5   70 0.92
  28   65 0.65
  15   21 0.35
   8   25 0.52
  21   91 0.30
   1   56 0.70
  33   70 0.06
  15   22 0.97
  11   51 0.92
  15   23 0.10
  10   45 0.73
  12   30 0.87
  17   83 0.08
  32  100 0.17
  28   30 0.77
  10   17 0.03
  13   68 0.70
   2   24 0.50
  23   86 0.77
  26   72 0.29
  11   29 0.50
  27   93 0.31

   4   60 0.76
  33   59 0.88
  26   93 0.43
  29   53 0.04
   2   39 0.90
  32   44 0.72
  30   45 0.92
  32   57 0.85
  25   47 0.87
  24   80 0.46
  22   54 0.40
   6   48 0.82
  16   23 0.16
   9   18 0.75
  13   47 0.40
  19   54 0.37
  27   76 0.69
  24   78 0.29
   7   48 0.22
  14   60 0.91
   9   78 0.75
  14   77 0.15
   7   62 0.11
  14   55 0.85
  13   72 0.55
   2   22 0.40
   0   58 0.49
  12   70 0.20
  11   11 0.55
  31   65 0.78
  21   34 0.41
  31   66 0.26
  17   19 0.92
  15   45 0.31
   5   32 0.27
  24   52 0.80
   4   14 0.32
  16   25 0.32
  24   85 0.52
   3   29 0.70
  12   52 0.33
  34   51 0.84
  34   47 0.99
  20   40 0.81
  14   25 0.09
  30   98 0.20
  15   18 0.56
  28   47 0.47
   5   40 0.68
  29   46 0.77

  25   88 0.49
  13   49 0.91
  18   56 0.95
  15   55 0.57
   7   55 0.38
  12   56 0.51
  31   84 0.39
  19   24 0.10
  23   73 0.19
   8   20 0.38
  32   43 0.42
  31   42 0.07
  30   87 0.59
  24   34 0.10
  31   54 0.68
  31   96 0.05
   9   57 0.71
  29   32 0.35
  22   26 0.05
  22   45 0.42
  19   21 0.60
  30   56 0.48
  27   37 0.29
   3    9 0.96
   7   15 0.34
  28   75 0.34
  27   62 0.07
  18   70 0.81
   9   39 0.30
   1   27 0.82
  20   73 0.23
   7   51 0.36
  15   19 0.81
  16   42 0.42
  28   96 0.34
  23   29 0.02
  12   63 0.89
  16   54 0.44
  27   91 0.92
  30   99 0.94
   4   11 0.72
  11   40 0.39
  30   52 0.81
   3   65 0.78
   7   46 0.59
  22   76 0.66
  25   79 0.83
  18   47 0.84
  17   43 0.97
  25   38 0.45

  15   18 0.72
  31   40 0.08
  24   78 0.04
   2   52 0.01
   4   27 0.74
   1   71 0.46
  19   24 0.99
  33   84 0.36
   3   21 0.70
   3   71 0.15
  10   31 0.85
  33   51 0.61
  12   78 0.69
   6   70 0.15
   1   28 0.50
  18   18 0.33
  30   64 0.20
   5   31 0.70
  33   97 0.04
  28   67 0.58
   5   17 0.91
  26   86 0.80
   1   69 0.60
  28   67 0.76
   7   30 0.81
  34   71 0.77
  29   64 0.37
  26   94 0.46
   7   20 0.30
  16   72 0.42
   7   49 0.47
  28   49 0.06
  21   73 0.98
   4   74 0.28
  12   24 0.76
  30   66 0.44
   4    5 0.20
  21   56 0.82
  32   40 0.08
  28   29 0.99
  22   26 0.89
  32   57 0.73
  31   66 0.27
  10   21 0.04
  29   42 0.91
  25   89 0.66
   2   72 0.12
  33   37 0.67
  28   43 0.48
  34   63 0.05

   2   64 0.99
  31   76 0.32
   7   44 0.28
  23   54 0.68
   4    6 0.23
   9   16 0.23
  30   30 0.82
  13   54 0.54
   2   10 0.65
  19   21 0.06
   4   10 0.49
   4   23 0.40
  15   79 0.23
  29   86 0.03
  10   61 0.74
  17   85 0.95
  29   53 0.12
   8   46 0.97
  34   56 0.36
  24   61 0.92
  19   68 0.31
  18   20 0.91
  19   46 0.89
  17   32 0.69
  13   72 0.59
  21   22 0.04
  33   93 0.20
   2   21 0.17
   6   61 0.15
  33   83 0.73
   0   12 0.79
  32   56 0.82
  18   36 0.26
   1   70 0.35
   8   54 0.42
  27   51 0.37
  10   36 0.61
   7   44 0.39
  26   29 0.59
  22   31 0.19
  26   32 0.87
  18   57 0.75
  16   23 0.67
   9   11 0.46
   2   43 0.52
  17   27 0.35
  34   34 0.65
  23   75 0.97
   9   43 0.89
   0   29 0.17

   7   39 0.70
   7   31 0.75
   0   33 0.30
  22   74 0.32
  14   60 0.26
  19   44 0.09
  27   38 0.97
  21   57 0.20
  29   94 0.41
  21   63 0.12
   0   34 0.95
  31   43 0.93
   2   27 0.08
  32   58 0.03
   8   63 0.18
   2   38 0.41
  18   82 0.25
  33  101 0.13
  24   82 0.62
   7   30 0.36
  30   72 0.48
  24   85 0.08
  32   67 0.87
   6   64 0.12
  12   18 0.89
  31   65 0.07
   3   57 0.13
  10   23 0.58
  12   49 0.95
  18   58 0.18
  14   34 0.85
  32   59 0.27
  29   93 0.85
   8   13 0.81
  16   48 0.20
  28   69 0.27
  34   50 0.19
  26   49 0.99
   8   75 0.97
  13   16 0.84
  17   55 0.49
  24   42 0.02
  27   70 0.49
  34   36 0.29
  16   63 0.60
  29   89 0.66
  11   25 0.09
  16   44 0.61
  12   33 0.82
  26   70 0.94

