5 25 4
12   20   4   2  16  10   2  16  16   2   2   4  10

  28   69 0.88
  43  108 0.20
  33   43 0.97
  54  136 0.32
  25   85 0.05
  41  132 0.82
  47   69 0.03
  51   64 0.73
  32   58 0.16
  50   77 0.96
  42  119 0.48
  28   46 0.22
  43   63 0.79
  11   61 0.02
  30   43 0.08
  36   96 0.31
  27   90 0.55
  41  137 0.47
  55  141 0.11
  18   74 0.11
  25  108 0.69
  46  142 0.41
   3   40 0.83
  23   53 0.89
  57   80 0.76

  10   74 0.01
  42   92 0.65
  58  103 0.25
  50  113 0.91
  32   51 0.83
   5    6 0.36
  20   93 0.73
  40  110 0.33
  22   37 0.18
  43  104 0.75
  43   62 0.39
  52   65 0.79
  10   87 0.13
  29   71 0.97
  14   74 0.78
  36  109 0.09
  18   76 0.92
   5   83 0.79
  44  124 0.23
   1   19 0.79
   9   45 0.32
  47   76 0.12
   0   41 0.99
  45   86 0.18
   2   98 0.13

  23   99 0.00
  18   84 0.98
   3   67 0.22
  52   78 0.99
  21  117 0.46
  26   72 0.67
  60  102 0.42
  43   64 0.24
  45   46 0.91
  49  134 0.37
  46   88 0.66
  25   71 0.68
  28  114 0.16
  38  132 0.32
   6   98 0.60
  57  148 0.40
  47   65 0.94
  33  101 0.48
  62   98 0.61
   1   49 0.92
  21   67 0.20
  48  114 0.21
  63   74 0.73
  32   86 0.67
  43   86 0.56

  31  107 0.65
  61   69 0.90
  62  147 0.17
  12  103 0.55
  42   63 0.94
  23   70 0.26
  25   81 0.71
   4   17 0.10
  15   53 0.27
  52   55 0.19
  50   55 0.13
   8   79 0.02
  11   53 0.13
  36  118 0.59
  42   69 0.00
  30   63 0.43
  30  102 0.57
  22   53 0.31
  59   65 0.90
  10   58 0.79
  21   27 0.57
  28   79 0.51
  24   73 0.75
  60  121 0.05
  39  133 0.31

  53   72 0.67
   9   49 0.54
  43   60 0.78
  35   39 0.25
  11   99 0.33
   0   31 0.28
   6   31 0.09
  38   97 0.86
  58  117 0.24
  58   79 0.51
  47   49 0.43
  15   74 0.04
   9   41 0.23
  21   72 0.61
  16  104 0.89
  12   57 0.11
  58   66 0.45
  43   52 0.78
  49  112 0.65
  15   55 0.60
   4   52 0.63
  35   52 0.40
  46  127 0.98
   7   29 0.14
  56   57 0.51

  45  115 0.54
   4   59 0.87
  36   77 0.37
  55   80 0.76
  33   41 0.43
  24   47 0.86
  33   85 0.08
  28   88 0.50
  44  110 0.56
  34   61 0.93
   1   45 0.06
  23   98 0.68
  28  123 0.51
  61  135 0.56
  23   71 0.68
  28   91 0.27
  58  137 0.14
  47   48 0.29
  64  123 0.81
  59  151 0.05
  62  154 0.52
  58   62 0.13
  44  101 0.68
  16  104 0.86
  25  120 0.06

  64   96 0.60
  13   16 0.05
  40   40 0.43
   0   38 0.14
  46   66 0.92
  33   53 0.06
  61   95 0.24
   6   98 0.47
  20   51 0.48
  52   98 0.85
  25   28 0.58
  61   69 0.64
  56  115 0.43
  63  105 0.36
  34  129 0.29
  46  122 0.33
  35   89 0.27
  45   49 0.00
  31  123 0.42
  53  132 0.78
  22   48 0.86
  11   48 0.97
  23   78 0.21
  52   85 0.35
  33   37 0.76

  57   61 0.97
  51   96 0.21
   7   97 0.12
  37   63 0.18
   9   44 0.27
  24   34 0.01
   9   29 0.94
  38   77 0.59
   7   61 0.94
  58   61 0.06
  48  103 0.98
  44   76 0.56
   9   75 0.79
  10   34 0.56
  28  122 0.38
  11   30 0.48
  39  100 0.67
  51   83 0.74
  59  123 0.21
  62  137 0.09
   0    0 0.09
  44   75 0.32
  18   94 0.06
  30   60 0.24
  28  100 0.35

  16  103 0.08
  22  104 0.43
  37  101 0.07
  55   68 0.71
   9   96 0.57
  20  111 0.57
   2   54 0.94
  55   65 0.84
  23   73 0.07
  27   95 0.76
  55   81 0.35
  48  112 0.56
  43  101 0.47
  25   53 0.18
  50   66 0.10
  13   56 0.05
  45  128 0.80
  61  130 0.61
  30   79 0.20
  26   79 0.43
  54   58 0.19
  38  120 0.46
  16   16 0.85
  63   95 0.77
  30  115 0.83

  30   82 0.66
  58  126 0.16
  55  102 0.00
   8   69 0.52
   1   82 0.42
  25  109 0.74
  32   64 0.99
   8   60 0.01
  35   98 0.86
   4  100 0.63
   0    8 0.56
  63   93 0.96
  30   87 0.74
  62   64 0.01
  16   79 0.26
  58  112 0.49
  15   40 0.45
  55   69 0.25
  21   67 0.96
  10   73 0.22
   8   47 0.69
   0   63 0.40
  63   77 0.64
  14   14 0.14
  49   65 0.75

  39  134 0.66
  31   32 0.92
   4   75 0.55
  10   20 0.04
  16   90 0.37
   1   38 0.29
  53  131 0.01
  17   92 0.80
  52   70 0.51
  64  124 0.90
  52  137 0.88
  11   48 0.26
  31   60 0.76
   0   15 0.68
  14   73 0.81
  60  114 0.44
  27  115 0.54
  18   27 0.98
  52   68 0.65
  39   92 0.59
  50  113 0.30
  31  118 0.39
  40   99 0.25
  57   70 0.82
  33   67 0.77

  29   99 0.29
  57  121 0.57
  63  139 0.24
  61   72 0.87
   8   58 0.65
  32   35 0.06
   1    6 0.75
  41   57 0.47
   1   36 0.53
  34   39 0.78
  46   56 0.95
  41   41 0.86
  17   23 0.33
  59   72 0.64
  57   95 0.47
  40   98 0.36
  24   35 0.29
  22   31 0.72
  55   59 0.22
  35   83 0.05
  50   69 0.74
  38  122 0.57
  44   49 0.52
   2    6 0.43
  52  121 0.12

