5 100 8
3   10  10  10

  10   13 0.46
   1   12 0.25
   6   21 0.83
  17   20 0.35
   6   15 0.00
   5   13 0.29
   9   25 0.61
  16   27 0.04
  17   23 0.50
   3   16 0.94
   5   16 0.00
   8   23 0.16
  10   26 0.81
   6    9 0.45
  10   24 0.60
   5   17 0.34
   4    4 0.77
   6   19 0.30
   8   21 0.70
  16   26 0.42
   0    5 0.95
   9   24 0.33
  17   32 0.55
  17   29 0.83
   1   16 0.43
  11   16 0.01
  11   19 0.34
  10   15 0.14
   7   11 0.22
   2    8 0.57
  16   26 0.90
  10   21 0.55
  13   27 0.56
  15   30 0.15
   9   26 0.74
  12   15 0.84
   6    9 0.12
   8   17 0.46
  12   16 0.74
   5   12 0.29
   4    9 0.72
   7   22 0.43
  15   15 0.46
   6   12 0.47
  10   15 0.91
  15   31 0.39
   9   13 0.04
  16   23 0.08
   4    6 0.25
  11   21 0.47
   4    6 0.53
  10   25 0.42
   2   10 0.18
   2   14 0.83
   0    1 0.28
   6   20 0.18
  14   14 0.70
   7   11 0.79
  16   27 0.63
  14   18 0.90
  15   26 0.15
   0   14 0.44
  16   23 0.83
   2   16 0.91
   7   22 0.43
  15   25 0.95
   2   17 0.99
   4   11 0.65
   9   15 0.20
   6   17 0.52
   1    7 0.15
   2    7 0.08
  17   17 0.94
   7   20 0.28
   4   15 0.97
  12   16 0.23
   3    9 0.09
  17   29 0.75
  12   19 0.15
   2   19 0.86
  14   27 0.74
  15   23 0.21
   7   19 0.10
   2   18 0.85
   2    2 0.98
  14   20 0.26
   3   11 0.95
  11   14 0.10
  10   16 0.21
   6    9 0.41
   5   14 0.33
   3   10 0.40
  13   23 0.35
  13   16 0.57
  14   18 0.82
  15   28 0.70
   9   11 0.73
   1    7 0.65
  15   19 0.22
  15   25 0.76

  13   30 0.55
   1    9 0.86
  13   18 0.20
  13   27 0.93
  17   18 0.56
   3   19 0.13
  11   19 0.51
   4   16 0.48
   3    8 0.22
  11   24 0.98
   0   11 0.52
   3   19 0.36
  15   25 0.11
  10   21 0.96
   2    2 0.25
  13   23 0.99
   3    3 0.96
  17   33 0.86
   7   16 0.86
   8   14 0.81
   5    7 0.68
  13   28 0.11
   1   17 0.50
   4    8 0.79
  10   18 0.83
  12   26 0.08
   9    9 0.64
  17   33 0.13
  17   25 0.86
   5   14 0.08
   4   13 0.82
   0    7 0.03
   2   12 0.30
  12   23 0.93
  13   26 0.87
  15   25 0.72
  17   29 0.99
   7   23 0.50
  15   29 0.24
   9   16 0.86
   3   11 0.74
   0    2 0.20
   6   15 0.45
  15   32 0.94
   3   11 0.21
  11   16 0.97
   4    6 0.57
   5   12 0.64
   3    9 0.51
   8   24 0.54
  14   14 0.98
   9   13 0.58
   7   13 0.56
   3    7 0.96
   2   12 0.66
  11   19 0.18
  14   15 0.78
  10   19 0.42
   8   12 0.01
   6   17 0.12
   1   16 0.16
  11   16 0.25
   0   12 0.97
  13   16 0.89
  12   23 0.86
   7   23 0.08
   2    6 0.38
   2    4 0.45
   7   19 0.66
  13   21 0.69
  10   20 0.74
   1    2 0.26
  13   25 0.26
  12   25 0.16
   1    5 0.08
   2    8 0.41
  10   20 0.30
  15   24 0.63
   0   12 0.84
  12   28 0.20
  10   13 0.27
   0   13 0.19
   9   25 0.51
   9   26 0.09
  12   18 0.96
  15   30 0.85
   0    3 0.47
   0    4 0.91
   4   21 0.57
   6   13 0.35
  10   12 0.25
  10   24 0.99
  15   26 0.41
   9   16 0.27
   5    7 0.29
   2    3 0.69
  17   32 0.76
   7   19 0.40
  11   18 0.94
   0    3 0.16

   7   15 0.05
  16   24 0.53
   3   10 0.36
  15   19 0.10
   6   14 0.29
   7   24 0.31
  12   19 0.22
   1   17 0.95
  10   27 0.65
  16   29 0.83
   3    6 0.88
   8    9 0.63
   3    8 0.41
   0   11 0.00
   4    8 0.28
   5   19 0.11
  12   25 0.37
   4   10 0.85
  16   19 0.67
  10   17 0.53
   5   22 0.46
  10   12 0.62
   4   14 0.32
   1    2 0.83
  11   21 0.09
  17   20 0.15
   4   16 0.19
  12   28 0.37
  13   20 0.80
   5    9 0.25
   6    9 0.35
   2    6 0.33
  12   28 0.33
   3   17 0.32
   6    7 0.93
  13   20 0.07
  12   29 0.15
   5   16 0.05
   3   19 0.99
  11   26 0.50
  14   23 0.91
  13   17 0.97
  13   23 0.66
  10   27 0.14
   0    4 0.28
   0    4 0.86
   8   24 0.75
  15   22 0.46
   9   22 0.29
  16   25 0.17
   9   15 0.48
  15   23 0.84
  15   22 0.91
  11   21 0.31
   9   25 0.77
   0    3 0.74
   2   11 0.30
   8   21 0.33
  10   12 0.19
  15   24 0.40
  15   27 0.88
   1   11 0.98
   6   15 0.37
  12   24 0.80
  17   29 0.37
   6    9 0.82
  10   14 0.02
  15   15 0.14
   1   11 0.41
  12   17 0.77
  15   22 0.39
   9   17 0.40
   0    6 0.38
   3   17 0.24
   3   14 0.94
  15   26 0.51
   4   13 0.12
   4   14 0.28
   8   25 0.30
   9   14 0.03
  11   27 0.31
   5   20 0.84
  11   12 0.52
   1    7 0.24
   4   15 0.24
  15   24 0.48
  12   24 0.09
   1    7 0.30
  13   22 0.94
   7    9 0.76
   0   15 0.93
   5    7 0.18
   5   22 0.22
   6   10 0.63
   5    8 0.36
   8   14 0.53
   8   23 0.73
   2   17 0.69
   9   19 0.35
  10   10 0.09

