4 40 8
6    4   2  10  10   4   4

   3    8 0.28
   0    6 0.46
   8   11 0.42
   0    2 0.41
   4    7 0.58
   6   12 0.35
   6    8 0.24
   9   13 0.23
   1    9 0.37
   0    9 0.17
   9   11 0.61
   3    3 0.86
   5    9 0.60
   7   13 0.78
   3   11 0.51
   2   10 0.12
   6    9 0.76
   2    2 0.38
   9   14 0.77
   8   15 0.21
   5    7 0.77
   0    9 0.57
   9   17 0.74
   7   16 0.43
   7    7 0.76
   9   10 0.19
   2   10 0.17
   4   13 0.88
   8   16 0.66
   1    1 0.57
   9   18 0.29
   6   14 0.65
   7   12 0.55
   7   15 0.09
   8   13 0.32
   4    6 0.18
   9   15 0.97
   2    3 0.26
   6    6 0.03
   6    9 0.23

   3   10 0.86
   6   15 0.90
   5   14 0.16
   5   14 0.29
   1    7 0.67
   4   12 0.49
   9   15 0.22
   4    5 0.40
   0    1 0.95
   9   18 0.95
   5    5 0.88
   5   11 0.76
   6   10 0.84
   6    9 0.35
   1   10 0.69
   0    6 0.01
   9   11 0.17
   8    8 0.97
   1    1 0.76
   6    6 0.01
   6   13 0.67
   9   16 0.85
   6    6 0.56
   2    8 0.91
   9   17 0.88
   3    9 0.54
   2    2 0.53
   7    7 0.17
   5   10 0.89
   2   10 0.98
   1    8 0.00
   4    8 0.90
   0    4 0.31
   0    3 0.27
   5    6 0.48
   9   18 0.16
   0    9 0.05
   9   13 0.38
   7   11 0.61
   4   11 0.51

   1    3 0.32
   6   13 0.01
   5    7 0.70
   9   12 0.73
   3   12 0.15
   1    5 0.62
   4   11 0.34
   5   11 0.80
   5    5 0.53
   1    7 0.46
   3    7 0.47
   5    7 0.44
   1    7 0.24
   3    6 0.81
   0    5 0.14
   1    9 0.44
   1    9 0.99
   0    0 0.88
   6    9 0.45
   5    5 0.66
   8   10 0.58
   3    3 0.07
   5   11 0.51
   3    7 0.07
   9   16 0.60
   7   16 0.55
   4    5 0.92
   0    1 0.51
   8   15 0.14
   9   10 0.09
   8   15 0.69
   2   11 0.52
   1    5 0.02
   8   14 0.89
   4    4 0.27
   5    6 0.67
   9   13 0.07
   2   11 0.91
   0    6 0.45
   8   14 0.60

   4    8 0.64
   2    9 0.04
   6    7 0.43
   5   14 0.31
   0    9 0.11
   6   11 0.59
   1    8 0.60
   4   13 0.19
   1    9 0.43
   2   11 0.28
   4    8 0.37
   4   13 0.15
   2    8 0.55
   7    9 0.05
   7    8 0.32
   1    2 0.19
   4   10 0.44
   4   13 0.20
   4   12 0.38
   4    4 0.25
   8   17 0.69
   3   10 0.92
   9   11 0.16
   8   16 0.23
   7    9 0.02
   9   17 0.63
   6   14 0.14
   0    0 0.70
   7   14 0.64
   7   10 0.32
   2    9 0.14
   9    9 0.91
   9   11 0.83
   8   10 0.85
   7   13 0.32
   6    9 0.34
   7    7 0.68
   0    5 0.92
   3    9 0.87
   3    6 0.13

   7   13 0.92
   6   12 0.06
   2   10 0.15
   1    7 0.34
   6   15 0.37
   4    7 0.99
   5   10 0.91
   4   11 0.80
   6    7 0.40
   9   13 0.72
   9   16 0.33
   5   12 0.50
   3    7 0.79
   4    8 0.09
   5    7 0.19
   9   12 0.44
   1    3 0.80
   9    9 0.43
   7   14 0.17
   4   12 0.74
   2    2 0.57
   3    4 0.30
   0    9 0.25
   5   13 0.27
   3    7 0.22
   2    9 0.82
   0    3 0.07
   8   11 0.71
   1    4 0.04
   6    6 0.19
   9   12 0.61
   9   15 0.93
   7   10 0.68
   2   11 0.94
   2    6 0.92
   6    9 0.10
   3    8 0.55
   7   10 0.66
   7   12 0.52
   3    5 0.45

   2    2 0.51
   0    1 0.12
   5   14 0.49
   1   10 0.58
   8   13 0.15
   7    8 0.77
   6    7 0.31
   5   14 0.04
   7   15 0.27
   3   12 0.93
   7    8 0.75
   6    6 0.32
   6    9 0.19
   4    4 0.88
   2    8 0.43
   5    6 0.91
   8   16 0.40
   8    8 0.99
   9   10 0.18
   9   17 0.52
   5    7 0.90
   2    4 0.38
   5    8 0.92
   2    8 0.27
   2   11 0.04
   7   16 0.48
   8   15 0.69
   2    8 0.56
   3    8 0.94
   3    7 0.38
   7    8 0.79
   8   12 0.38
   2    3 0.94
   2    7 0.16
   9   12 0.14
   2    3 0.33
   3    8 0.18
   4   13 0.76
   6    8 0.83
   1    5 0.23

