2 10 3
4    10   2  10  16

  39   42 0.79
   3   14 0.49
   3    7 0.43
  23   36 0.55
  30   32 0.10
   3    4 0.88
   8   18 0.26
  15   26 0.73
  46   52 0.74
  16   20 0.88

   3   13 0.81
  37   49 0.37
  19   21 0.92
  14   29 0.59
  47   62 0.04
  37   45 0.43
  15   18 0.45
  40   43 0.78
  22   33 0.84
  47   56 0.17

  16   20 0.32
  12   18 0.08
  14   19 0.85
  18   26 0.84
  24   28 0.33
  33   48 0.38
  36   50 0.02
  15   23 0.87
  44   44 0.96
  32   46 0.97

  20   21 0.25
  20   27 0.85
  35   50 0.16
  39   48 0.06
  44   55 0.49
  45   59 0.74
  42   45 0.28
   1    5 0.42
   1   12 0.36
  28   42 0.16