2 10 3
4     2  20  10  20

  36   47 0.39
  18   49 0.04
  17   21 0.96
  18   30 0.41
  17   52 0.81
  18   41 0.26
  22   47 0.72
  27   79 0.80
   2   12 0.02
  41   85 0.01

  41   84 0.44
   2   23 1.00
   8   39 0.16
  27   43 0.13
  25   73 0.05
  19   82 0.36
   0    1 0.24
  28   65 0.44
  19   78 0.38
  24   50 0.44

  42   60 0.11
  12   63 0.57
  41   51 1.00
   0   41 0.24
  25   55 0.78
  30   34 0.20
  25   76 0.05
  40   58 0.41
   9   22 0.90
   1   23 0.50

  39   89 0.03
  26   66 0.93
   6   47 0.97
   8   50 0.50
  35   87 0.82
  31   46 0.01
  37   57 0.57
  36   39 0.70
  17   69 0.06
  38   65 0.57