2 20 3
2    10  16

  18   20 0.51
  18   37 0.09
   5   42 0.31
  15   22 0.74
   4   42 0.57
  16   39 0.53
  13   37 0.48
   1   27 0.74
  15   20 0.48
   9    9 0.85
   3   10 0.54
  19   44 0.30
  10   19 0.39
  19   38 0.76
   2   14 0.58
   9   49 0.58
  15   29 0.34
  13   52 0.77
   5   38 0.68
  18   57 0.10

  14   42 0.68
   6   29 0.64
   4    4 0.28
  11   43 0.64
  21   46 0.12
  10   53 0.77
  16   32 0.46
   3   31 0.81
   1   23 0.59
  16   39 0.11
   0    8 0.28
   2   13 0.92
  13   24 0.65
  14   34 0.73
  21   21 0.60
  17   32 0.83
   4    8 0.93
  12   26 0.38
  10   42 0.70
   0   37 0.36