2 10 4
4    16  10  16   4

  32   38 0.58
  35   53 0.83
  41   58 0.84
  37   67 0.15
  13   39 0.40
  39   77 0.33
   2   28 0.09
   9   34 0.30
  34   58 0.50
  42   50 0.81

  12   15 0.23
  34   61 0.89
  10   30 0.02
  17   37 0.26
  40   45 0.66
  27   31 0.93
  12   24 0.08
  34   34 0.12
  18   39 0.68
  43   72 0.80

  18   52 0.88
  43   59 0.02
  34   73 0.93
  24   24 0.12
  39   64 0.88
   5   18 0.72
  23   59 0.06
  14   44 0.31
  39   69 0.20
  43   84 0.60

  23   55 0.00
  14   27 0.50
  25   47 0.17
  18   19 0.16
  38   55 0.24
   3   37 0.55
  13   32 0.68
  31   32 0.71
  23   65 0.44
   8   32 0.59