3 10 3
4     2   4   4  16

   7   14 0.95
  13   19 0.79
  13   19 0.71
  11   14 0.60
   0    2 0.06
   4    8 0.67
   7   11 0.08
   0    0 0.13
   3    3 0.08
   6   11 0.24

  11   15 0.15
   8   10 0.14
   1    2 0.41
   3    8 0.28
   2    8 0.06
   2    8 0.54
  11   15 0.50
  14   14 0.85
  13   19 0.21
   6    9 0.14

  14   15 0.76
   8   15 0.69
   9   14 0.69
   4    4 0.10
  11   12 0.23
  10   15 0.51
   5    5 0.66
   3    9 0.43
   5   11 0.72
   8   15 0.46

  11   13 0.10
   1    5 0.23
   8   11 0.96
   7    9 0.69
   2    4 0.11
   5    8 0.66
   0    1 0.54
   0    3 0.95
   3    3 0.22
   6    8 0.85