3 20 3
2    16  16

  15   29 0.27
   9   41 0.52
   9   62 0.93
  10   39 0.03
  17   18 0.17
   9   60 0.71
  17   47 0.30
   9   54 0.96
   6   37 0.84
  17   45 1.00
   2   53 0.24
   6   21 0.29
  14   32 0.76
  10   26 0.47
  11   60 0.92
   6   58 0.85
   7   27 0.28
   4   41 0.17
   9   16 0.66
  14   46 0.04

   8   28 0.74
  17   34 0.34
  15   21 0.39
  10   44 0.83
  13   59 0.35
   4   29 0.52
  10   35 0.27
   7   50 0.06
  14   55 0.79
   0   45 0.95
   3    6 0.25
   4   39 0.73
   9   30 0.92
   0   32 0.49
  16   16 0.29
  13   45 0.93
  16   21 0.42
   0   18 0.06
   7   23 0.34
   9   40 0.91