3 20 3
2     2   2

   4   10 0.55
   3    3 0.44
   4   10 0.15
   2    7 0.16
   2    7 0.18
   1    3 0.23
   0    0 0.55
   3    8 0.39
   3    3 0.33
   3    8 0.35
   3    9 0.61
   3    8 0.97
   1    1 0.50
   2    7 0.57
   3    4 0.50
   4    5 0.10
   3    7 0.43
   4    6 0.82
   3    8 0.83
   0    1 0.76

   2    7 0.03
   3    9 0.25
   4    7 0.11
   0    3 0.19
   3    9 0.97
   2    8 0.14
   1    5 0.63
   3    9 0.13
   0    6 0.55
   2    7 0.13
   1    2 0.58
   2    7 0.81
   1    4 0.09
   2    5 0.87
   2    7 0.18
   0    1 0.39
   4    6 0.52
   1    4 0.81
   0    1 0.72
   1    6 0.87