3 20 3
2    10  20

  26   29 0.87
  45   47 0.35
  50   65 0.58
  31   46 0.14
   9   10 0.40
   4   15 0.90
  22   37 0.09
  26   36 0.76
  45   55 0.18
  12   27 0.19
   4   14 0.50
   7    7 0.36
  34   35 0.19
  42   58 0.54
   4   14 0.29
   2   17 0.61
  19   26 0.80
  37   40 0.19
  48   60 0.35
  32   33 0.46

  11   20 0.79
  16   29 0.61
  14   23 0.09
  15   28 0.01
   8   14 0.51
  22   35 0.37
  40   55 0.98
  17   30 0.49
  24   33 0.58
  49   56 0.74
  42   46 0.51
  33   48 0.87
  49   55 0.93
   9    9 0.52
  28   42 0.99
   2    6 0.39
   7   20 0.81
  32   39 0.97
  23   24 0.66
  23   32 0.20