2 10 4
4     4   2  16  20

  10   20 0.36
  12   28 0.05
  25   44 0.12
  20   43 0.73
   0   16 0.59
  26   26 0.32
   6   25 0.08
  17   30 0.36
  16   39 0.89
   8   16 0.02

  23   47 0.97
   9   12 0.08
   5   22 0.38
  17   41 0.10
  21   46 0.44
   5   30 0.01
  24   29 0.63
   1    5 0.97
  24   36 0.17
  20   28 0.03

  17   28 0.78
  14   35 0.64
   8   28 0.23
   2    2 0.53
  20   42 0.85
  12   28 0.73
  10   24 0.59
  14   18 0.31
   1   10 0.79
  13   25 0.46

  14   28 0.22
   3   12 0.53
  21   35 0.33
   0   15 0.23
  26   31 0.50
   0   26 0.97
  16   29 0.59
   2   12 0.08
  16   39 0.78
   5   18 0.17