3 20 4
2    10  10

   4   27 0.32
   0    8 0.47
   9   25 0.11
  17   17 0.73
  19   35 0.28
  21   33 0.92
   4    4 0.47
  13   21 0.87
   9   16 0.26
  24   32 0.12
  15   26 0.82
  12   17 0.09
  21   40 0.12
  13   16 0.04
  19   20 0.11
  14   38 0.02
   4   26 0.93
  10   24 0.73
  23   35 0.27
   0    1 0.42

   5   15 0.78
  14   23 0.61
   6   20 0.65
  20   44 0.55
  15   29 0.84
  24   45 0.23
  21   25 0.48
  11   29 0.90
   7   19 0.72
  13   21 0.65
  22   41 0.39
   8   33 0.35
   7    8 0.69
  11   14 0.23
  18   42 0.64
  25   46 0.66
   9   29 0.80
   6    6 0.24
  10   32 0.08
  13   30 0.81