3 10 4
4    16   2  10  10

   4    6 0.69
   0    6 0.22
   1   12 0.20
   6   24 0.99
   6   23 0.93
   5   10 0.70
   7   19 0.87
   6   29 0.85
   4   22 0.84
   2   24 0.51

   5   19 0.22
   5   26 0.67
   5    8 0.40
   2    4 0.65
   4   26 0.96
   5   14 0.69
   7   25 0.30
   0    6 0.72
   1   18 0.26
   2   10 0.53

   0    1 0.06
   7   30 0.72
   5    6 0.52
   7    7 0.26
   0   18 0.91
   6   19 0.15
   6   13 0.34
   7   27 0.84
   3    3 0.54
   1   23 0.79

   6   11 0.56
   1    2 0.66
   6   10 0.91
   0   23 0.21
   0   20 0.71
   2   25 0.52
   0   11 0.83
   1    3 0.24
   5   10 0.51
   4   12 0.60