2 10 3
4    10   4  10  10

  12   24 0.20
   3   14 0.44
   2    5 0.70
   9   16 0.17
   5   17 0.17
   8   17 0.14
   4    5 0.27
   2    8 0.10
  13   17 0.59
  14   17 0.40

   3   15 0.24
   5   16 0.75
   7   20 0.02
   1    2 0.01
  13   26 0.98
   5    5 0.87
   9   14 0.56
  14   23 0.46
   4    7 0.34
   1    8 0.41

   9   17 0.73
  13   17 0.53
   1    7 0.98
   0    8 0.10
   3    7 0.72
   7   13 0.58
   4    9 1.00
  13   22 0.56
   4    6 0.87
   4   17 0.23

   4   16 0.95
  12   18 0.75
  14   20 0.36
   8    9 0.99
   0    0 0.51
   1   14 0.30
   6   16 0.08
   9   11 0.96
  11   15 0.47
   4    5 0.41