2 20 4
2    10  16

  16   60 0.16
   9   24 0.98
  27   37 0.81
   1   26 0.66
  26   69 0.85
  22   43 0.52
  10   14 0.24
  15   60 0.01
  14   37 0.61
  14   47 0.66
   0   10 0.28
  26   66 0.50
  24   52 0.59
  17   61 0.13
  32   44 0.22
  26   29 0.33
  25   73 0.27
  20   21 0.01
   3   13 0.74
   6    7 0.17

  25   35 0.04
  32   32 0.61
  30   69 0.60
  10   45 0.12
   9   21 0.41
  19   43 0.90
   6   11 0.13
   7   13 0.13
  12   51 0.31
  14   25 0.10
  14   46 0.92
  24   29 0.45
  29   41 0.22
   7   20 0.31
   0   31 0.95
  29   54 0.16
  22   44 0.49
  19   36 0.55
   6   50 0.98
  23   24 0.59